0.04,1547802908,0.00,51.50981501,7.46739659,147.89,11.63,0.00,95.61,1,-85.00,-7.00,12.00,9.00,50.00,9.00,26379013,199
1.04,1547802909,11.68,51.50980465,7.46758877,148.08,13.07,1.44,96.08,1,-78.00,-5.00,23.00,12.00,58.00,9.00,26379013,199
2.04,1547802910,24.77,51.50979666,7.46776970,148.00,13.17,0.10,96.15,1,-78.00,-5.00,23.00,12.00,58.00,9.00,26379013,199
3.04,1547802911,37.94,51.50978906,7.46795458,147.74,13.14,-0.03,95.06,1,-89.00,-6.00,12.00,6.00,47.00,9.00,26379013,199
4.04,1547802912,51.08,51.50978472,7.46814949,147.79,12.56,-0.59,92.67,1,-89.00,-6.00,12.00,6.00,47.00,9.00,26379013,199
5.04,1547802913,63.64,51.50978503,7.46835408,147.99,12.80,0.24,90.52,1,-92.00,-7.00,11.00,7.00,43.00,9.00,26379013,199
6.04,1547802914,76.43,51.50979486,7.46853176,147.97,13.26,0.46,88.59,1,-92.00,-7.00,11.00,7.00,43.00,9.00,26379013,199
7.04,1547802915,89.68,51.50983374,7.46870287,147.92,13.64,0.39,72.27,1,-91.00,-7.00,9.00,7.00,46.00,9.00,26379013,199
8.04,1547802916,103.33,51.50987547,7.46890061,147.85,14.42,0.78,71.24,1,-91.00,-7.00,9.00,7.00,46.00,9.00,26379013,199
9.04,1547802917,117.75,51.50994029,7.46907196,147.56,14.93,0.51,58.45,1,-94.00,-7.00,7.00,5.00,41.00,9.00,26379013,199
10.05,1547802918,132.71,51.51001356,7.46925955,147.15,14.94,0.00,58.01,1,-94.00,-7.00,7.00,5.00,41.00,9.00,26379013,199
11.05,1547802919,147.67,51.51008559,7.46943930,146.78,14.77,-0.17,57.57,1,-97.00,-8.00,7.00,4.00,39.00,9.00,26379013,199
12.05,1547802920,162.44,51.51015338,7.46961616,146.34,14.56,-0.21,57.92,1,-97.00,-8.00,7.00,4.00,39.00,9.00,26379013,199
13.05,1547802921,177.04,51.51022181,7.46979499,145.75,14.55,-0.00,57.53,1,-96.00,-10.00,3.00,6.00,43.00,4.00,27256324,374
14.04,1547802922,191.49,51.51029127,7.46996835,145.08,14.57,0.01,57.02,1,-96.00,-10.00,3.00,6.00,43.00,4.00,27256324,374
15.04,1547802923,206.07,51.51036396,7.47014663,144.47,14.28,-0.28,57.73,1,-96.00,-10.00,3.00,6.00,43.00,4.00,27256324,374
16.05,1547802924,220.38,51.51043243,7.47030661,144.16,13.93,-0.35,56.89,1,-89.00,-6.00,5.00,6.00,47.00,5.00,27256325,372
17.05,1547802925,234.31,51.51051167,7.47047167,144.06,12.95,-0.99,54.80,1,-89.00,-6.00,5.00,6.00,47.00,5.00,27256325,372
18.04,1547802926,247.23,51.51058782,7.47061046,144.10,11.24,-1.71,52.35,1,-89.00,-6.00,20.00,15.00,47.00,5.00,27256325,372
19.04,1547802927,258.47,51.51066030,7.47073419,144.03,9.81,-1.42,50.06,1,-89.00,-6.00,20.00,15.00,47.00,5.00,27256325,372
20.04,1547802928,268.28,51.51072323,7.47082695,143.95,8.63,-1.18,47.49,1,-91.00,-6.00,17.00,10.00,45.00,5.00,27256325,372
21.04,1547802929,276.88,51.51077697,7.47089541,144.03,7.28,-1.36,44.89,1,-91.00,-6.00,17.00,10.00,45.00,5.00,27256325,372
22.04,1547802930,284.17,51.51082231,7.47094972,144.25,6.01,-1.26,43.08,1,-90.00,-6.00,20.00,12.00,46.00,5.00,27256325,372
23.04,1547802931,290.17,51.51086393,7.47099888,144.24,4.06,-1.96,41.23,1,-90.00,-6.00,20.00,12.00,46.00,5.00,27256325,372
24.04,1547802932,294.24,51.51087683,7.47101202,144.20,1.52,-2.53,43.66,1,-89.00,-6.00,17.00,13.00,47.00,5.00,27256325,372
25.04,1547802933,295.76,51.51089225,7.47102036,144.15,0.59,-0.92,43.66,1,-89.00,-6.00,17.00,13.00,47.00,5.00,27256325,372
26.04,1547802934,296.35,51.51089225,7.47102036,144.14,0.00,-0.59,43.66,1,-90.00,-6.00,18.00,12.00,46.00,5.00,27256325,372
27.04,1547802935,296.35,51.51089225,7.47102036,144.13,0.00,0.00,43.66,1,-90.00,-6.00,18.00,12.00,46.00,5.00,27256325,372
28.04,1547802936,296.35,51.51089225,7.47102036,144.12,0.00,0.00,43.66,1,-90.00,-6.00,24.00,12.00,47.00,5.00,27256325,372
29.04,1547802937,296.35,51.51089225,7.47102036,144.11,0.00,0.00,43.66,1,-90.00,-6.00,24.00,12.00,47.00,5.00,27256325,372
30.04,1547802938,296.35,51.51089225,7.47102036,144.11,0.00,0.00,43.66,1,-90.00,-6.00,24.00,13.00,47.00,5.00,27256325,372
31.05,1547802939,296.35,51.51089225,7.47102036,144.11,0.00,0.00,43.66,1,-90.00,-6.00,24.00,13.00,47.00,5.00,27256325,372
32.04,1547802940,296.35,51.51089225,7.47102036,144.11,0.00,0.00,43.66,1,-91.00,-8.00,22.00,11.00,48.00,5.00,27256325,372
33.04,1547802941,296.35,51.51089225,7.47102036,144.10,0.00,0.00,43.66,1,-91.00,-8.00,22.00,11.00,48.00,5.00,27256325,372
34.05,1547802942,296.35,51.51089225,7.47102036,144.11,0.00,0.00,43.66,1,-90.00,-7.00,21.00,12.00,47.00,5.00,27256325,372
35.05,1547802943,296.35,51.51089225,7.47102036,144.11,0.00,0.00,43.66,1,-90.00,-7.00,21.00,12.00,47.00,5.00,27256325,372
36.04,1547802944,296.35,51.51089225,7.47102036,144.11,0.00,0.00,43.66,1,-90.00,-7.00,21.00,12.00,47.00,5.00,27256325,372
37.04,1547802945,296.35,51.51089225,7.47102036,144.16,0.00,0.00,43.66,1,-90.00,-6.00,24.00,13.00,47.00,5.00,27256325,372
38.04,1547802946,296.35,51.51089225,7.47102036,144.21,0.00,0.00,37.90,1,-90.00,-6.00,24.00,13.00,47.00,5.00,27256325,372
39.04,1547802947,296.35,51.51089225,7.47102036,144.31,0.00,0.00,38.23,1,-86.00,-6.00,33.00,13.00,50.00,5.00,27256325,372
40.04,1547802948,296.35,51.51096998,7.47107870,145.12,4.99,0.00,37.36,1,-86.00,-6.00,33.00,13.00,50.00,5.00,27256325,372
41.05,1547802949,301.35,51.51100267,7.47111622,145.49,5.51,0.52,38.23,1,-88.00,-6.00,14.00,13.00,48.00,5.00,27256325,372
42.04,1547802950,306.83,51.51104210,7.47116187,145.59,5.58,0.07,38.27,1,-88.00,-6.00,14.00,13.00,48.00,5.00,27256325,372
43.04,1547802951,312.41,51.51107864,7.47120181,145.77,4.82,-0.76,38.95,1,-89.00,-6.00,20.00,12.00,48.00,5.00,27256325,372
44.04,1547802952,317.24,51.51111597,7.47123910,145.80,3.88,-0.94,37.87,1,-89.00,-6.00,20.00,12.00,48.00,5.00,27256325,372
45.04,1547802953,321.11,51.51114202,7.47126849,145.81,1.46,-2.43,39.35,1,-88.00,-6.00,21.00,11.00,48.00,5.00,27256325,372
46.04,1547802954,322.58,51.51114494,7.47127601,145.76,1.33,-0.13,39.35,1,-88.00,-6.00,21.00,11.00,48.00,5.00,27256325,372
47.05,1547802955,323.91,51.51116520,7.47130293,145.68,2.59,1.25,38.61,1,-85.00,-5.00,24.00,13.00,51.00,5.00,27256325,372
48.04,1547802956,326.50,51.51118921,7.47133881,144.75,6.15,3.56,39.66,1,-85.00,-5.00,24.00,13.00,51.00,5.00,27256325,372
49.04,1547802957,332.64,51.51125043,7.47141781,144.05,8.51,2.37,39.77,1,-86.00,-6.00,23.00,11.00,49.00,5.00,27256325,372
50.04,1547802958,341.15,51.51130763,7.47149486,143.46,9.89,1.37,40.02,1,-86.00,-6.00,23.00,11.00,49.00,5.00,27256325,372
51.04,1547802959,351.02,51.51138001,7.47159276,142.83,10.70,0.82,40.06,1,-87.00,-6.00,26.00,15.00,49.00,5.00,27256325,372
52.04,1547802960,361.75,51.51145103,7.47169217,142.21,11.37,0.67,39.58,1,-87.00,-6.00,26.00,15.00,49.00,5.00,27256325,372
53.04,1547802961,373.09,51.51152484,7.47179605,141.58,11.32,-0.05,39.17,1,-87.00,-6.00,25.00,15.00,49.00,5.00,27256325,372
54.05,1547802962,384.45,51.51160194,7.47190141,141.05,11.19,-0.14,39.02,1,-87.00,-6.00,25.00,15.00,49.00,5.00,27256325,372
55.05,1547802963,395.72,51.51167631,7.47200424,140.58,10.27,-0.91,39.13,1,-88.00,-6.00,10.00,9.00,48.00,5.00,27256325,372
56.04,1547802964,405.90,51.51174777,7.47209965,140.16,9.64,-0.63,39.82,1,-88.00,-6.00,10.00,9.00,48.00,5.00,27256325,372
57.04,1547802965,415.55,51.51181198,7.47218404,139.80,8.99,-0.65,39.53,1,-88.00,-6.00,10.00,9.00,48.00,5.00,27256325,372
58.04,1547802966,424.53,51.51188490,7.47227647,139.73,9.32,0.33,39.88,1,-86.00,-6.00,17.00,15.00,49.00,5.00,27256325,372
59.04,1547802967,433.86,51.51195311,7.47236463,139.65,10.61,1.29,39.48,1,-86.00,-6.00,17.00,15.00,49.00,5.00,27256325,372
60.04,1547802968,444.47,51.51203116,7.47246186,139.81,10.53,-0.08,38.59,1,-86.00,-6.00,22.00,15.00,51.00,5.00,27256325,372
61.05,1547802969,455.03,51.51210377,7.47254788,139.73,10.29,-0.24,36.63,1,-86.00,-6.00,22.00,15.00,51.00,5.00,27256325,372
62.04,1547802970,465.27,51.51219568,7.47263890,139.88,10.74,0.46,33.21,1,-81.00,-6.00,19.00,15.00,53.00,5.00,27256325,372
63.04,1547802971,476.00,51.51228752,7.47269000,139.83,10.80,0.06,19.68,1,-81.00,-6.00,19.00,15.00,53.00,5.00,27256325,372
64.04,1547802972,486.81,51.51237467,7.47274063,139.14,11.03,0.23,17.99,1,-86.00,-8.00,23.00,15.00,52.00,5.00,27256325,372
65.05,1547802973,497.89,51.51246523,7.47277853,138.74,12.35,1.32,14.53,1,-86.00,-8.00,23.00,15.00,52.00,5.00,27256325,372
66.05,1547802974,510.23,51.51256227,7.47280052,138.66,11.12,-1.23,11.04,1,-90.00,-6.00,13.00,10.00,46.00,5.00,27256325,372
67.04,1547802975,521.34,51.51266668,7.47281621,138.33,11.55,0.42,8.39,1,-90.00,-6.00,13.00,10.00,46.00,5.00,27256325,372
68.04,1547802976,532.89,51.51277457,7.47283409,138.07,11.80,0.25,6.84,1,-89.00,-6.00,28.00,10.00,45.00,5.00,27256325,372
69.04,1547802977,544.69,51.51288032,7.47284542,137.97,12.03,0.23,5.60,1,-89.00,-6.00,28.00,10.00,45.00,5.00,27256325,372
70.05,1547802978,556.73,51.51299188,7.47285473,137.94,11.85,-0.19,5.24,1,-92.00,-6.00,11.00,10.00,44.00,5.00,27256325,372
71.05,1547802979,568.59,51.51310222,7.47286029,137.77,11.87,0.02,4.40,1,-92.00,-6.00,11.00,10.00,44.00,5.00,27256325,372
72.05,1547802980,580.45,51.51320500,7.47286264,137.58,11.82,-0.05,4.51,1,-93.00,-8.00,2.00,6.00,45.00,5.00,27256325,372
73.04,1547802981,592.24,51.51331518,7.47286427,137.13,11.55,-0.28,3.57,1,-93.00,-8.00,2.00,6.00,45.00,5.00,27256325,372
74.05,1547802982,603.83,51.51341660,7.47286716,136.64,11.54,-0.00,2.72,1,-94.00,-7.00,5.00,6.00,44.00,10.00,29398276,358
75.05,1547802983,615.37,51.51350781,7.47287209,136.40,10.85,-0.70,3.15,1,-94.00,-7.00,5.00,6.00,44.00,10.00,29398276,358
76.05,1547802984,626.28,51.51359426,7.47287838,136.22,9.94,-0.90,3.52,1,-83.00,-6.00,12.00,6.00,50.00,7.00,27299331,324
77.04,1547802985,636.13,51.51368019,7.47287825,136.06,8.85,-1.10,3.70,1,-83.00,-6.00,12.00,6.00,50.00,7.00,27299331,324
78.04,1547802986,644.99,51.51375294,7.47288158,135.92,7.74,-1.11,3.31,1,-83.00,-6.00,12.00,6.00,50.00,7.00,27299331,324
79.04,1547802987,652.71,51.51381919,7.47288237,135.66,6.43,-1.31,2.15,1,-90.00,-6.00,7.00,6.00,46.00,9.00,29398276,358
80.04,1547802988,659.15,51.51386379,7.47288544,135.42,4.55,-1.88,3.27,1,-90.00,-6.00,7.00,6.00,46.00,9.00,29398276,358
81.04,1547802989,663.70,51.51389615,7.47288896,135.41,3.18,-1.38,4.01,1,-89.00,-6.00,18.00,15.00,48.00,9.00,29398276,358
82.05,1547802990,666.89,51.51392045,7.47288910,135.43,2.51,-0.66,3.33,1,-89.00,-6.00,18.00,15.00,48.00,9.00,29398276,358
83.04,1547802991,669.39,51.51395874,7.47288568,135.46,1.26,-1.26,3.52,1,-91.00,-7.00,22.00,15.00,46.00,9.00,29398276,358
84.05,1547802992,670.65,51.51395874,7.47288568,135.46,0.00,-1.25,3.52,1,-91.00,-7.00,22.00,15.00,46.00,9.00,29398276,358
85.04,1547802993,670.65,51.51395874,7.47288568,135.46,0.00,0.00,3.52,1,-89.00,-5.00,21.00,15.00,48.00,9.00,29398276,358
86.04,1547802994,670.65,51.51395874,7.47288568,135.47,0.00,0.00,3.52,1,-89.00,-5.00,21.00,15.00,48.00,9.00,29398276,358
87.04,1547802995,670.65,51.51395874,7.47288568,135.47,0.00,0.00,3.52,1,-89.00,-6.00,22.00,15.00,48.00,9.00,29398276,358
88.04,1547802996,670.65,51.51395874,7.47288568,135.48,0.00,0.00,3.52,1,-89.00,-6.00,22.00,15.00,48.00,9.00,29398276,358
89.04,1547802997,670.65,51.51395874,7.47288568,135.49,0.00,0.00,3.52,1,-89.00,-6.00,19.00,15.00,49.00,9.00,29398276,358
90.04,1547802998,670.65,51.51395874,7.47288568,135.49,0.00,0.00,3.52,1,-89.00,-6.00,19.00,15.00,49.00,9.00,29398276,358
91.04,1547802999,670.65,51.51395874,7.47288568,135.49,0.00,0.00,3.52,1,-89.00,-6.00,22.00,15.00,48.00,9.00,29398276,358
92.05,1547803000,670.65,51.51395874,7.47288568,135.49,0.00,0.00,3.52,1,-89.00,-6.00,22.00,15.00,48.00,9.00,29398276,358
93.05,1547803001,670.65,51.51395874,7.47288568,135.48,0.00,0.00,3.52,1,-90.00,-7.00,22.00,13.00,49.00,9.00,29398276,358
94.05,1547803002,670.65,51.51395874,7.47288568,135.47,0.00,0.00,3.52,1,-90.00,-7.00,22.00,13.00,49.00,9.00,29398276,358
95.04,1547803003,670.65,51.51395874,7.47288568,135.46,0.00,0.00,3.52,1,-90.00,-6.00,30.00,10.00,47.00,9.00,29398276,358
96.04,1547803004,670.65,51.51395874,7.47288568,135.45,0.00,0.00,3.52,1,-90.00,-6.00,30.00,10.00,47.00,9.00,29398276,358
97.05,1547803005,670.65,51.51395874,7.47288568,135.45,0.00,0.00,3.52,1,-89.00,-6.00,22.00,14.00,48.00,9.00,29398276,358
98.04,1547803006,670.65,51.51395874,7.47288568,135.45,0.00,0.00,3.52,1,-89.00,-6.00,22.00,14.00,48.00,9.00,29398276,358
99.04,1547803007,670.65,51.51395874,7.47288568,135.45,0.00,0.00,3.52,1,-89.00,-6.00,22.00,14.00,48.00,9.00,29398276,358
100.04,1547803008,670.65,51.51395874,7.47288568,135.44,0.00,0.00,3.52,1,-89.00,-7.00,22.00,15.00,49.00,9.00,29398276,358
101.04,1547803009,670.65,51.51395874,7.47288568,135.44,0.00,0.00,3.52,1,-89.00,-7.00,22.00,15.00,49.00,9.00,29398276,358
102.05,1547803010,670.65,51.51395874,7.47288568,135.43,0.00,0.00,3.52,1,-90.00,-7.00,25.00,14.00,48.00,9.00,29398276,358
103.05,1547803011,670.65,51.51395874,7.47288568,135.41,0.00,0.00,3.52,1,-90.00,-7.00,25.00,14.00,48.00,9.00,29398276,358
104.04,1547803012,670.65,51.51395874,7.47288568,135.40,0.00,0.00,3.52,1,-90.00,-8.00,19.00,15.00,48.00,9.00,29398276,358
105.04,1547803013,670.65,51.51395874,7.47288568,135.38,0.00,0.00,3.52,1,-90.00,-8.00,19.00,15.00,48.00,9.00,29398276,358
106.04,1547803014,670.65,51.51395874,7.47288568,135.36,0.00,0.00,3.52,1,-90.00,-6.00,25.00,13.00,46.00,9.00,29398276,358
107.04,1547803015,670.65,51.51395874,7.47288568,135.34,0.00,0.00,3.52,1,-90.00,-6.00,25.00,13.00,46.00,9.00,29398276,358
108.04,1547803016,670.65,51.51395874,7.47288568,135.20,0.00,0.00,3.52,1,-90.00,-6.00,21.00,11.00,46.00,9.00,29398276,358
109.04,1547803017,670.65,51.51395874,7.47288568,135.08,0.00,0.00,3.52,1,-90.00,-6.00,21.00,11.00,46.00,9.00,29398276,358
110.04,1547803018,670.65,51.51395874,7.47288568,135.08,0.00,0.00,3.52,1,-88.00,-6.00,35.00,12.00,47.00,9.00,29398276,358
111.04,1547803019,670.65,51.51395874,7.47288568,135.12,0.00,0.00,4.82,1,-88.00,-6.00,35.00,12.00,47.00,9.00,29398276,358
112.04,1547803020,670.65,51.51401977,7.47288885,135.60,0.00,0.00,4.35,1,-92.00,-7.00,21.00,13.00,46.00,9.00,29398276,358
113.04,1547803021,670.65,51.51405821,7.47288897,136.12,4.41,0.00,3.30,1,-92.00,-7.00,21.00,13.00,46.00,9.00,29398276,358
114.05,1547803022,675.07,51.51410653,7.47289031,136.81,4.59,0.18,2.77,1,-92.00,-7.00,20.00,8.00,46.00,9.00,29398276,358
115.05,1547803023,679.66,51.51417131,7.47289036,137.62,6.58,1.99,2.24,1,-92.00,-7.00,20.00,8.00,46.00,9.00,29398276,358
116.04,1547803024,686.22,51.51424376,7.47289276,138.17,8.92,2.34,2.29,1,-89.00,-6.00,21.00,11.00,46.00,9.00,29398276,358
117.04,1547803025,695.13,51.51434130,7.47289736,138.75,10.83,1.91,2.84,1,-89.00,-6.00,21.00,11.00,46.00,9.00,29398276,358
118.05,1547803026,706.07,51.51443555,7.47290582,138.81,10.86,0.03,3.67,1,-90.00,-6.00,12.00,10.00,46.00,9.00,29398276,358
119.04,1547803027,716.82,51.51452585,7.47291627,138.44,10.32,-0.55,4.11,1,-90.00,-6.00,12.00,10.00,46.00,9.00,29398276,358
120.04,1547803028,727.14,51.51460585,7.47292925,137.95,8.73,-1.58,5.13,1,-90.00,-6.00,12.00,10.00,46.00,9.00,29398276,358
121.04,1547803029,735.88,51.51467996,7.47293690,137.35,7.39,-1.34,5.18,1,-90.00,-6.00,22.00,10.00,47.00,9.00,29398276,358
122.04,1547803030,743.26,51.51474305,7.47294117,136.75,6.43,-0.96,4.39,1,-90.00,-6.00,22.00,10.00,47.00,9.00,29398276,358
123.05,1547803031,749.71,51.51478915,7.47294447,136.69,4.17,-2.26,4.25,1,-89.00,-6.00,22.00,15.00,48.00,9.00,29398276,358
124.04,1547803032,753.87,51.51482510,7.47294533,136.67,2.06,-2.11,3.48,1,-89.00,-6.00,22.00,15.00,48.00,9.00,29398276,358
125.04,1547803033,755.93,51.51482510,7.47294533,136.66,0.00,-2.06,3.48,1,-91.00,-7.00,20.00,12.00,48.00,9.00,29398276,358
126.04,1547803034,755.93,51.51482510,7.47294533,136.67,0.00,0.00,3.48,1,-91.00,-7.00,20.00,12.00,48.00,9.00,29398276,358
127.04,1547803035,755.93,51.51482510,7.47294533,136.67,0.00,0.00,3.48,1,-94.00,-7.00,16.00,11.00,42.00,9.00,29398276,358
128.04,1547803036,755.93,51.51482510,7.47294533,136.68,0.00,0.00,3.48,1,-94.00,-7.00,16.00,11.00,42.00,9.00,29398276,358
129.04,1547803037,755.93,51.51482510,7.47294533,136.69,0.00,0.00,3.48,1,-93.00,-7.00,30.00,11.00,44.00,9.00,29398276,358
130.04,1547803038,755.93,51.51482510,7.47294533,136.76,0.00,0.00,3.48,1,-93.00,-7.00,30.00,11.00,44.00,9.00,29398276,358
131.04,1547803039,755.93,51.51482510,7.47294533,136.79,0.00,0.00,3.48,1,-92.00,-6.00,25.00,11.00,45.00,9.00,29398276,358
132.04,1547803040,755.93,51.51489747,7.47295716,137.00,0.00,0.00,5.11,1,-92.00,-6.00,25.00,11.00,45.00,9.00,29398276,358
133.05,1547803041,755.93,51.51497069,7.47296393,137.09,0.00,0.00,4.38,1,-93.00,-7.00,17.00,11.00,45.00,9.00,29398276,358
134.05,1547803042,755.93,51.51505370,7.47296884,136.85,9.72,0.00,3.20,1,-93.00,-7.00,17.00,11.00,45.00,9.00,29398276,358
135.04,1547803043,765.63,51.51514296,7.47297057,136.27,10.52,0.80,1.67,1,-94.00,-6.00,30.00,15.00,43.00,9.00,29398276,358
136.04,1547803044,776.15,51.51524360,7.47296716,135.81,11.20,0.69,359.62,1,-94.00,-6.00,30.00,15.00,43.00,9.00,29398276,358
137.04,1547803045,787.35,51.51534086,7.47295834,135.41,11.77,0.56,357.05,1,-93.00,-7.00,13.00,12.00,44.00,9.00,29398276,358
138.04,1547803046,799.12,51.51544256,7.47293728,135.26,12.95,1.19,353.56,1,-93.00,-7.00,13.00,12.00,44.00,9.00,29398276,358
139.04,1547803047,812.07,51.51554483,7.47290558,135.25,12.89,-0.06,350.18,1,-91.00,-6.00,14.00,15.00,45.00,9.00,29398276,358
140.04,1547803048,824.97,51.51565239,7.47285626,135.66,12.66,-0.23,346.34,1,-91.00,-6.00,14.00,15.00,45.00,9.00,29398276,358
141.06,1547803049,837.82,51.51575474,7.47279867,136.35,13.54,0.87,343.10,1,-89.00,-6.00,19.00,12.00,47.00,9.00,29398276,358
142.05,1547803050,851.17,51.51587497,7.47271382,135.97,14.00,0.47,340.94,1,-89.00,-6.00,19.00,12.00,47.00,9.00,29398276,358
143.04,1547803051,865.15,51.51598272,7.47259736,135.37,13.69,-0.32,328.16,1,-89.00,-6.00,19.00,12.00,47.00,9.00,29398276,358
144.04,1547803052,878.82,51.51609569,7.47246313,134.38,14.03,0.34,325.79,1,-94.00,-8.00,16.00,15.00,44.00,9.00,29398276,358
145.05,1547803053,892.89,51.51619551,7.47232368,133.78,13.86,-0.17,322.06,1,-94.00,-8.00,16.00,15.00,44.00,9.00,29398276,358
146.05,1547803054,906.75,51.51629457,7.47217288,133.55,13.96,0.10,318.29,1,-96.00,-8.00,9.00,15.00,42.00,9.00,29398276,358
147.05,1547803055,920.71,51.51637119,7.47200319,133.10,14.04,0.08,305.54,1,-96.00,-8.00,9.00,15.00,42.00,9.00,29398276,358
148.05,1547803056,934.75,51.51644952,7.47182495,132.47,13.67,-0.37,303.17,1,-94.00,-6.00,13.00,15.00,43.00,9.00,29398276,358
149.05,1547803057,948.42,51.51651482,7.47164057,132.15,14.43,0.76,300.60,1,-94.00,-6.00,13.00,15.00,43.00,9.00,29398276,358
150.04,1547803058,962.83,51.51656835,7.47145253,131.93,14.97,0.54,298.29,1,-94.00,-7.00,9.00,15.00,42.00,9.00,29398276,358
151.04,1547803059,977.80,51.51661966,7.47126105,131.69,14.67,-0.30,296.73,1,-94.00,-7.00,9.00,15.00,42.00,9.00,29398276,358
152.04,1547803060,992.46,51.51667070,7.47106394,131.38,14.43,-0.24,295.94,1,-92.00,-6.00,13.00,10.00,44.00,9.00,29398276,358
153.04,1547803061,1006.86,51.51671851,7.47086925,131.12,14.49,0.06,294.98,1,-92.00,-6.00,13.00,10.00,44.00,9.00,29398276,358
154.04,1547803062,1021.38,51.51676588,7.47067719,130.81,14.07,-0.43,295.28,1,-93.00,-8.00,12.00,7.00,45.00,9.00,29398276,358
155.04,1547803063,1035.45,51.51681410,7.47048557,130.63,13.76,-0.31,295.38,1,-93.00,-8.00,12.00,7.00,45.00,9.00,29398276,358
156.04,1547803064,1049.22,51.51686133,7.47029777,130.53,13.98,0.21,294.81,1,-86.00,-6.00,23.00,12.00,50.00,9.00,29398276,358
157.04,1547803065,1063.20,51.51690723,7.47010492,130.44,14.42,0.45,293.59,1,-86.00,-6.00,23.00,12.00,50.00,9.00,29398276,358
158.05,1547803066,1077.64,51.51694894,7.46992068,130.51,13.89,-0.53,292.17,1,-92.00,-7.00,9.00,15.00,44.00,9.00,29398276,358
159.05,1547803067,1091.53,51.51699333,7.46972959,130.29,13.62,-0.27,290.97,1,-92.00,-7.00,9.00,15.00,44.00,9.00,29398276,358
160.04,1547803068,1105.14,51.51703465,7.46954508,129.88,13.94,0.32,290.01,1,-91.00,-6.00,22.00,11.00,46.00,9.00,29398276,358
161.04,1547803069,1119.03,51.51707406,7.46936694,129.27,13.64,-0.30,289.32,1,-91.00,-6.00,22.00,11.00,46.00,9.00,29398276,358
162.05,1547803070,1132.77,51.51711319,7.46919088,128.54,13.45,-0.18,288.80,1,-95.00,-7.00,16.00,15.00,42.00,9.00,29398276,358
163.04,1547803071,1146.14,51.51715070,7.46901543,127.81,12.94,-0.51,289.32,1,-95.00,-7.00,16.00,15.00,42.00,9.00,29398276,358
164.04,1547803072,1159.06,51.51718544,7.46884958,127.24,11.63,-1.31,289.67,1,-95.00,-7.00,16.00,15.00,42.00,9.00,29398276,358
165.04,1547803073,1170.73,51.51721942,7.46869108,126.84,11.70,0.06,290.13,1,-94.00,-7.00,15.00,9.00,43.00,9.00,29398276,358
166.05,1547803074,1182.44,51.51725811,7.46852879,126.39,12.41,0.71,290.79,1,-94.00,-7.00,15.00,9.00,43.00,9.00,29398276,358
167.05,1547803075,1194.85,51.51729535,7.46836794,126.34,12.43,0.02,291.61,1,-94.00,-7.00,10.00,15.00,41.00,9.00,29398276,358
168.04,1547803076,1207.27,51.51733877,7.46820110,126.47,11.65,-0.79,293.52,1,-94.00,-7.00,10.00,15.00,41.00,9.00,29398276,358
169.05,1547803077,1218.93,51.51738248,7.46803578,126.95,11.39,-0.26,294.84,1,-93.00,-6.00,11.00,15.00,42.00,9.00,29398276,358
170.04,1547803078,1230.31,51.51742720,7.46787197,127.54,11.93,0.54,295.56,1,-93.00,-6.00,11.00,15.00,42.00,9.00,29398276,358
171.05,1547803079,1242.26,51.51747575,7.46770054,128.38,12.19,0.26,296.28,1,-94.00,-6.00,23.00,15.00,43.00,9.00,29398276,358
172.05,1547803080,1254.46,51.51752384,7.46753931,129.27,12.15,-0.03,296.66,1,-94.00,-6.00,23.00,15.00,43.00,9.00,29398276,358
173.04,1547803081,1266.54,51.51757536,7.46737850,130.30,12.37,0.22,297.01,1,-93.00,-7.00,13.00,10.00,45.00,9.00,29398276,358
174.04,1547803082,1278.94,51.51762461,7.46721713,131.09,12.60,0.22,296.05,1,-93.00,-7.00,13.00,10.00,45.00,9.00,29398276,358
175.04,1547803083,1291.53,51.51766727,7.46705466,131.93,12.13,-0.47,294.49,1,-92.00,-9.00,12.00,15.00,47.00,9.00,29398276,358
176.04,1547803084,1303.68,51.51770629,7.46689764,132.66,11.89,-0.24,292.86,1,-92.00,-9.00,12.00,15.00,47.00,9.00,29398276,358
177.04,1547803085,1315.57,51.51774644,7.46673128,132.99,12.06,0.17,291.43,1,-96.00,-7.00,4.00,12.00,41.00,9.00,29398276,358
178.04,1547803086,1327.63,51.51778200,7.46656289,133.21,12.52,0.46,289.61,1,-96.00,-7.00,4.00,12.00,41.00,9.00,29398276,358
179.05,1547803087,1340.17,51.51781473,7.46639594,133.13,12.34,-0.18,287.97,1,-97.00,-8.00,5.00,6.00,41.00,9.00,29398276,358
180.05,1547803088,1352.52,51.51784244,7.46623597,132.98,11.40,-0.93,285.70,1,-97.00,-8.00,5.00,6.00,41.00,9.00,29398276,358
181.04,1547803089,1363.88,51.51786384,7.46607584,132.70,10.66,-0.74,283.83,1,-90.00,-6.00,2.00,6.00,45.00,11.00,26376708,470
182.04,1547803090,1374.54,51.51788020,7.46592286,132.46,10.26,-0.40,282.14,1,-90.00,-6.00,2.00,6.00,45.00,11.00,26376708,470
183.05,1547803091,1384.88,51.51789093,7.46577811,132.60,10.72,0.45,280.06,1,-93.00,-9.00,5.00,6.00,44.00,11.00,26376708,470
184.04,1547803092,1395.53,51.51789959,7.46561748,132.85,11.34,0.63,277.58,1,-93.00,-9.00,5.00,6.00,44.00,11.00,26376708,470
185.05,1547803093,1406.89,51.51790530,7.46544378,132.96,12.04,0.70,275.36,1,-93.00,-9.00,5.00,6.00,44.00,11.00,26376708,470
186.04,1547803094,1418.91,51.51790658,7.46526713,133.11,12.53,0.49,273.61,1,-93.00,-10.00,4.00,7.00,45.00,11.00,26376708,470
187.05,1547803095,1431.47,51.51790348,7.46507223,133.04,12.75,0.22,271.39,1,-93.00,-10.00,4.00,7.00,45.00,11.00,26376708,470
188.05,1547803096,1444.23,51.51789577,7.46489517,133.00,12.37,-0.38,269.40,1,-94.00,-9.00,5.00,6.00,44.00,11.00,26376708,470
189.04,1547803097,1456.53,51.51788438,7.46471384,132.94,12.32,-0.05,267.20,1,-94.00,-9.00,5.00,6.00,44.00,11.00,26376708,470
190.05,1547803098,1468.91,51.51786879,7.46452596,132.79,12.07,-0.24,265.15,1,-97.00,-12.00,4.00,6.00,43.00,11.00,26376708,470
191.05,1547803099,1481.02,51.51784788,7.46435785,133.04,10.77,-1.30,262.19,1,-97.00,-12.00,4.00,6.00,43.00,11.00,26376708,470
192.05,1547803100,1491.75,51.51782692,7.46418511,132.92,11.25,0.48,260.86,1,-86.00,-6.00,0.00,6.00,52.00,13.00,26796291,24
193.04,1547803101,1502.96,51.51780513,7.46402854,132.17,11.71,0.46,257.37,1,-86.00,-6.00,0.00,6.00,52.00,13.00,26796291,24
194.04,1547803102,1514.67,51.51777548,7.46386123,131.75,11.63,-0.09,254.83,1,-87.00,-8.00,6.00,15.00,54.00,13.00,26796291,24
195.04,1547803103,1526.32,51.51774308,7.46369044,131.43,11.63,-0.00,253.26,1,-87.00,-8.00,6.00,15.00,54.00,13.00,26796291,24
196.04,1547803104,1537.95,51.51771031,7.46354557,130.92,11.40,-0.23,251.52,1,-92.00,-11.00,5.00,7.00,47.00,13.00,26796291,24
197.05,1547803105,1549.37,51.51767969,7.46339097,130.24,11.19,-0.21,250.70,1,-92.00,-11.00,5.00,7.00,47.00,13.00,26796291,24
198.05,1547803106,1560.56,51.51764203,7.46325553,129.61,10.58,-0.61,247.70,1,-91.00,-9.00,-4.00,6.00,45.00,13.00,26796291,24
199.04,1547803107,1571.12,51.51760133,7.46309434,129.34,10.99,0.41,248.76,1,-91.00,-9.00,-4.00,6.00,45.00,13.00,26796291,24
200.05,1547803108,1582.12,51.51756515,7.46294528,128.99,11.10,0.11,249.43,1,-89.00,-8.00,2.00,6.00,48.00,13.00,26796291,24
201.04,1547803109,1593.18,51.51753005,7.46279282,128.76,11.22,0.12,248.60,1,-89.00,-8.00,2.00,6.00,48.00,13.00,26796291,24
202.05,1547803110,1604.45,51.51748504,7.46266477,128.70,11.57,0.35,247.57,1,-90.00,-9.00,4.00,10.00,50.00,13.00,26796291,24
203.05,1547803111,1616.01,51.51744366,7.46250041,128.74,10.96,-0.60,248.80,1,-90.00,-9.00,4.00,10.00,50.00,13.00,26796291,24
204.05,1547803112,1626.99,51.51740087,7.46232080,128.72,11.37,0.40,249.63,1,-86.00,-8.00,3.00,6.00,54.00,7.00,26378754,443
205.04,1547803113,1638.29,51.51736201,7.46213966,129.04,11.41,0.04,249.27,1,-86.00,-8.00,3.00,6.00,54.00,7.00,26378754,443
206.04,1547803114,1649.73,51.51732905,7.46198731,129.16,11.06,-0.35,250.07,1,-86.00,-8.00,3.00,6.00,54.00,7.00,26378754,443
207.04,1547803115,1660.79,51.51729452,7.46183288,129.24,11.41,0.35,250.77,1,-86.00,-6.00,9.00,12.00,52.00,7.00,26378754,443
208.04,1547803116,1672.20,51.51726072,7.46168373,129.16,11.38,-0.02,250.95,1,-86.00,-6.00,9.00,12.00,52.00,7.00,26378754,443
209.04,1547803117,1683.58,51.51722825,7.46153356,129.05,10.75,-0.63,251.98,1,-87.00,-7.00,18.00,11.00,51.00,7.00,26378754,443
210.04,1547803118,1694.33,51.51719448,7.46137370,129.04,11.12,0.36,252.91,1,-87.00,-7.00,18.00,11.00,51.00,7.00,26378754,443
211.05,1547803119,1705.46,51.51715843,7.46123736,129.24,11.08,-0.03,252.44,1,-87.00,-7.00,10.00,11.00,50.00,7.00,26378754,443
212.04,1547803120,1716.53,51.51712498,7.46109637,129.28,10.92,-0.16,252.11,1,-87.00,-7.00,10.00,11.00,50.00,7.00,26378754,443
213.04,1547803121,1727.44,51.51709210,7.46095201,129.21,10.52,-0.40,251.72,1,-82.00,-6.00,23.00,12.00,55.00,7.00,26378754,443
214.04,1547803122,1737.96,51.51706299,7.46081480,128.86,10.24,-0.28,251.65,1,-82.00,-6.00,23.00,12.00,55.00,7.00,26378754,443
215.05,1547803123,1748.22,51.51703476,7.46067447,128.85,9.65,-0.59,252.47,1,-81.00,-5.00,19.00,12.00,55.00,7.00,26378754,443
216.05,1547803124,1757.87,51.51701056,7.46055266,128.76,8.62,-1.03,251.73,1,-81.00,-5.00,19.00,12.00,55.00,7.00,26378754,443
217.04,1547803125,1766.47,51.51698504,7.46044488,128.69,8.29,-0.33,252.68,1,-84.00,-7.00,13.00,10.00,54.00,7.00,26378754,443
218.05,1547803126,1774.77,51.51696014,7.46033437,128.66,8.22,-0.06,252.18,1,-84.00,-7.00,13.00,10.00,54.00,7.00,26378754,443
219.04,1547803127,1782.99,51.51693466,7.46022444,128.88,8.10,-0.13,251.81,1,-82.00,-7.00,13.00,15.00,55.00,7.00,26378754,443
220.04,1547803128,1791.08,51.51690910,7.46011674,128.74,8.23,0.14,252.55,1,-82.00,-7.00,13.00,15.00,55.00,7.00,26378754,443
221.04,1547803129,1799.31,51.51688882,7.46000365,128.18,8.27,0.03,253.63,1,-74.00,-6.00,21.00,15.00,63.00,7.00,26378754,443
222.04,1547803130,1807.57,51.51686880,7.45989537,128.02,8.05,-0.22,254.16,1,-74.00,-6.00,21.00,15.00,63.00,7.00,26378754,443
223.04,1547803131,1815.60,51.51685005,7.45978890,127.89,7.78,-0.27,254.92,1,-80.00,-8.00,22.00,15.00,59.00,7.00,26378754,443
224.04,1547803132,1823.39,51.51683146,7.45968001,127.84,7.95,0.17,255.41,1,-80.00,-8.00,22.00,15.00,59.00,7.00,26378754,443
225.05,1547803133,1831.41,51.51681310,7.45956149,127.73,8.44,0.49,256.03,1,-82.00,-8.00,22.00,15.00,57.00,7.00,26378754,443
226.04,1547803134,1839.80,51.51679336,7.45943821,128.08,8.44,-0.00,256.91,1,-82.00,-8.00,22.00,15.00,57.00,7.00,26378754,443
227.04,1547803135,1848.24,51.51677396,7.45930608,128.49,8.85,0.41,256.14,1,-82.00,-8.00,22.00,15.00,57.00,7.00,26378754,443
228.04,1547803136,1857.09,51.51675525,7.45918416,129.16,7.56,-1.29,255.30,1,-83.00,-6.00,17.00,9.00,54.00,7.00,26378754,443
229.04,1547803137,1864.64,51.51674176,7.45908715,129.91,6.74,-0.82,256.21,1,-83.00,-6.00,17.00,9.00,54.00,7.00,26378754,443
230.04,1547803138,1871.35,51.51672658,7.45898217,130.86,7.13,0.39,257.08,1,-85.00,-7.00,21.00,13.00,53.00,7.00,26378754,443
231.05,1547803139,1878.56,51.51671374,7.45886703,131.56,7.54,0.40,257.57,1,-85.00,-7.00,21.00,13.00,53.00,7.00,26378754,443
232.05,1547803140,1886.05,51.51670141,7.45875390,132.06,7.82,0.28,258.02,1,-84.00,-8.00,17.00,8.00,54.00,7.00,26378754,443
233.04,1547803141,1893.83,51.51668806,7.45864068,132.99,7.98,0.16,257.18,1,-84.00,-8.00,17.00,8.00,54.00,7.00,26378754,443
234.04,1547803142,1901.82,51.51667167,7.45853097,134.41,7.84,-0.14,258.28,1,-84.00,-7.00,16.00,11.00,53.00,7.00,26378754,443
235.04,1547803143,1909.66,51.51665388,7.45840026,135.34,8.16,0.31,257.12,1,-84.00,-7.00,16.00,11.00,53.00,7.00,26378754,443
236.04,1547803144,1917.84,51.51663662,7.45828477,136.63,7.44,-0.71,256.93,1,-89.00,-7.00,9.00,12.00,48.00,7.00,26378754,443
237.04,1547803145,1925.28,51.51662775,7.45819880,136.57,6.90,-0.54,256.59,1,-89.00,-7.00,9.00,12.00,48.00,7.00,26378754,443
238.04,1547803146,1932.18,51.51661405,7.45809932,136.42,6.58,-0.32,256.84,1,-90.00,-9.00,13.00,9.00,49.00,7.00,26378754,443
239.05,1547803147,1938.77,51.51660186,7.45799970,136.25,5.91,-0.66,257.44,1,-90.00,-9.00,13.00,9.00,49.00,7.00,26378754,443
240.05,1547803148,1944.68,51.51659005,7.45791744,136.31,5.49,-0.42,258.33,1,-88.00,-7.00,13.00,9.00,50.00,7.00,26378754,443
241.04,1547803149,1950.16,51.51657858,7.45783253,136.55,5.20,-0.29,257.24,1,-88.00,-7.00,13.00,9.00,50.00,7.00,26378754,443
242.04,1547803150,1955.35,51.51656449,7.45775292,136.64,3.90,-1.31,256.28,1,-83.00,-6.00,10.00,6.00,52.00,10.00,27029251,331
243.04,1547803151,1959.23,51.51656123,7.45772080,136.71,3.60,-0.30,254.88,1,-83.00,-6.00,10.00,6.00,52.00,10.00,27029251,331
244.04,1547803152,1962.84,51.51655096,7.45765945,136.72,3.61,0.01,255.30,1,-86.00,-9.00,13.00,12.00,53.00,10.00,27029251,331
245.04,1547803153,1966.44,51.51654759,7.45760915,136.71,2.98,-0.63,254.00,1,-86.00,-9.00,13.00,12.00,53.00,10.00,27029251,331
246.05,1547803154,1969.44,51.51654436,7.45759683,136.68,2.16,-0.81,254.43,1,-87.00,-7.00,9.00,7.00,50.00,10.00,27029251,331
247.05,1547803155,1971.60,51.51654436,7.45759683,136.68,0.00,-2.16,254.43,1,-87.00,-7.00,9.00,7.00,50.00,10.00,27029251,331
248.05,1547803156,1971.60,51.51654436,7.45759683,136.68,0.00,0.00,254.43,1,-85.00,-8.00,16.00,7.00,52.00,10.00,27029251,331
249.05,1547803157,1971.60,51.51654436,7.45759683,136.68,0.00,0.00,254.43,1,-85.00,-8.00,16.00,7.00,52.00,10.00,27029251,331
250.05,1547803158,1971.60,51.51654436,7.45759683,136.68,0.00,0.00,254.43,1,-85.00,-8.00,16.00,7.00,52.00,10.00,27029251,331
251.05,1547803159,1971.60,51.51654436,7.45759683,136.69,0.00,0.00,254.43,1,-85.00,-7.00,8.00,8.00,52.00,10.00,27029251,331
252.04,1547803160,1971.60,51.51654436,7.45759683,136.70,0.00,0.00,254.43,1,-85.00,-7.00,8.00,8.00,52.00,10.00,27029251,331
253.05,1547803161,1971.60,51.51654436,7.45759683,136.71,0.00,0.00,254.43,1,-86.00,-7.00,21.00,7.00,51.00,10.00,27029251,331
254.05,1547803162,1971.60,51.51654436,7.45759683,136.72,0.00,0.00,254.43,1,-86.00,-7.00,21.00,7.00,51.00,10.00,27029251,331
255.05,1547803163,1971.60,51.51654436,7.45759683,136.74,0.00,0.00,254.43,1,-87.00,-7.00,19.00,8.00,51.00,10.00,27029251,331
256.05,1547803164,1971.60,51.51654436,7.45759683,136.92,0.00,0.00,249.40,1,-87.00,-7.00,19.00,8.00,51.00,10.00,27029251,331
257.05,1547803165,1971.60,51.51652126,7.45746955,137.10,0.00,0.00,251.66,1,-85.00,-6.00,13.00,8.00,49.00,10.00,27029251,331
258.05,1547803166,1971.60,51.51651574,7.45742150,137.26,3.98,0.00,252.33,1,-85.00,-6.00,13.00,8.00,49.00,10.00,27029251,331
259.05,1547803167,1975.58,51.51650558,7.45735857,139.13,4.38,0.39,253.53,1,-87.00,-7.00,5.00,7.00,51.00,10.00,27029251,331
260.05,1547803168,1979.96,51.51649606,7.45728606,140.62,5.88,1.50,253.17,1,-87.00,-7.00,5.00,7.00,51.00,10.00,27029251,331
261.05,1547803169,1985.83,51.51647713,7.45717331,142.06,6.94,1.06,252.92,1,-88.00,-6.00,16.00,9.00,48.00,10.00,27029251,331
262.04,1547803170,1992.75,51.51646042,7.45707604,143.26,8.02,1.09,252.48,1,-88.00,-6.00,16.00,9.00,48.00,10.00,27029251,331
263.04,1547803171,2000.78,51.51644470,7.45697996,143.56,7.72,-0.30,251.92,1,-87.00,-8.00,12.00,9.00,50.00,10.00,27029251,331
264.04,1547803172,2008.50,51.51642540,7.45688121,143.49,8.15,0.43,251.27,1,-87.00,-8.00,12.00,9.00,50.00,10.00,27029251,331
265.04,1547803173,2016.64,51.51640346,7.45677109,143.40,8.99,0.84,250.28,1,-86.00,-7.00,6.00,7.00,50.00,10.00,27029251,331
266.05,1547803174,2025.66,51.51637906,7.45668439,142.04,9.56,0.57,248.95,1,-86.00,-7.00,6.00,7.00,50.00,10.00,27029251,331
267.04,1547803175,2035.21,51.51634379,7.45654985,140.88,9.33,-0.23,246.50,1,-82.00,-6.00,7.00,5.00,51.00,10.00,27029251,331
268.04,1547803176,2044.54,51.51630576,7.45642425,139.77,9.49,0.16,243.96,1,-82.00,-6.00,7.00,5.00,51.00,10.00,27029251,331
269.05,1547803177,2054.12,51.51626589,7.45630652,138.80,9.11,-0.38,241.50,1,-89.00,-7.00,5.00,6.00,47.00,10.00,27029251,331
270.05,1547803178,2063.16,51.51623083,7.45620551,138.33,9.16,0.05,239.40,1,-89.00,-7.00,5.00,6.00,47.00,10.00,27029251,331
271.05,1547803179,2072.31,51.51619236,7.45608432,138.10,10.12,0.97,238.64,1,-89.00,-7.00,5.00,6.00,47.00,10.00,27029251,331
272.05,1547803180,2082.49,51.51613536,7.45592567,137.89,10.90,0.77,237.11,1,-86.00,-6.00,4.00,6.00,50.00,4.00,26378754,443
273.05,1547803181,2093.38,51.51608077,7.45578426,137.78,10.87,-0.03,233.82,1,-86.00,-6.00,4.00,6.00,50.00,4.00,26378754,443
274.04,1547803182,2104.19,51.51602157,7.45565045,137.35,10.98,0.12,231.96,1,-89.00,-9.00,7.00,6.00,51.00,4.00,26378754,443
275.04,1547803183,2115.15,51.51595622,7.45551216,136.80,11.15,0.17,230.45,1,-89.00,-9.00,7.00,6.00,51.00,4.00,26378754,443
276.05,1547803184,2126.35,51.51588927,7.45537019,136.36,11.09,-0.06,229.51,1,-83.00,-10.00,8.00,7.00,57.00,4.00,26378754,443
277.05,1547803185,2137.44,51.51579445,7.45527263,136.11,11.73,0.64,211.89,1,-83.00,-10.00,8.00,7.00,57.00,4.00,26378754,443
278.04,1547803186,2149.16,51.51570129,7.45519005,135.77,12.34,0.61,209.68,1,-87.00,-9.00,4.00,7.00,53.00,4.00,26378754,443
279.04,1547803187,2161.50,51.51560202,7.45511805,135.69,11.53,-0.81,206.00,1,-87.00,-9.00,4.00,7.00,53.00,4.00,26378754,443
280.05,1547803188,2173.05,51.51549232,7.45505372,135.79,12.26,0.72,202.08,1,-85.00,-7.00,3.00,6.00,52.00,2.00,26796291,24
281.04,1547803189,2185.23,51.51538697,7.45501183,136.33,12.44,0.19,198.23,1,-85.00,-7.00,3.00,6.00,52.00,2.00,26796291,24
282.04,1547803190,2197.70,51.51528079,7.45503618,136.81,12.04,-0.41,176.87,1,-81.00,-8.00,12.00,9.00,58.00,2.00,26796291,24
283.04,1547803191,2209.76,51.51516727,7.45506136,137.10,12.59,0.55,176.08,1,-81.00,-8.00,12.00,9.00,58.00,2.00,26796291,24
284.04,1547803192,2222.36,51.51504869,7.45509166,137.41,12.75,0.16,175.46,1,-76.00,-6.00,11.00,10.00,63.00,2.00,26796291,24
285.04,1547803193,2235.11,51.51492851,7.45511658,137.56,13.61,0.86,175.86,1,-76.00,-6.00,11.00,10.00,63.00,2.00,26796291,24
286.04,1547803194,2248.71,51.51479430,7.45514332,137.72,13.07,-0.54,175.51,1,-76.00,-6.00,15.00,10.00,59.00,2.00,26796291,24
287.04,1547803195,2261.77,51.51467261,7.45516920,137.93,12.81,-0.26,174.64,1,-76.00,-6.00,15.00,10.00,59.00,2.00,26796291,24
288.04,1547803196,2274.59,51.51454751,7.45519663,138.11,14.43,1.62,173.51,1,-75.00,-6.00,13.00,10.00,60.00,2.00,26796291,24
289.04,1547803197,2289.02,51.51441529,7.45523441,138.12,13.62,-0.81,173.02,1,-75.00,-6.00,13.00,10.00,60.00,2.00,26796291,24
290.05,1547803198,2302.75,51.51431272,7.45527142,138.47,10.07,-3.53,171.38,1,-73.00,-8.00,22.00,8.00,63.00,2.00,26796291,24
291.04,1547803199,2312.74,51.51426028,7.45528254,138.58,4.53,-5.58,173.06,1,-73.00,-8.00,22.00,8.00,63.00,2.00,26796291,24
292.04,1547803200,2317.28,51.51421655,7.45529412,138.52,4.18,-0.35,172.30,1,-73.00,-8.00,22.00,8.00,63.00,2.00,26796291,24
293.04,1547803201,2321.46,51.51418289,7.45530463,138.51,2.77,-1.41,171.66,1,-73.00,-7.00,13.00,11.00,63.00,2.00,26796291,24
294.04,1547803202,2324.23,51.51417864,7.45531018,138.56,0.63,-2.15,171.66,1,-73.00,-7.00,13.00,11.00,63.00,2.00,26796291,24
295.05,1547803203,2324.86,51.51417864,7.45531018,138.57,0.00,-0.62,171.66,1,-69.00,-7.00,12.00,11.00,63.00,2.00,26796291,24
296.05,1547803204,2324.86,51.51417864,7.45531018,138.58,0.00,0.00,171.66,1,-69.00,-7.00,12.00,11.00,63.00,2.00,26796291,24
297.05,1547803205,2324.86,51.51417864,7.45531018,138.59,0.00,0.00,171.66,1,-70.00,-7.00,18.00,10.00,63.00,2.00,26796291,24
298.05,1547803206,2324.86,51.51417864,7.45531018,138.60,0.00,0.00,171.66,1,-70.00,-7.00,18.00,10.00,63.00,2.00,26796291,24
299.05,1547803207,2324.86,51.51417864,7.45531018,138.60,0.00,0.00,171.66,1,-70.00,-7.00,10.00,10.00,63.00,2.00,26796291,24
300.05,1547803208,2324.86,51.51417864,7.45531018,138.61,0.00,0.00,171.66,1,-70.00,-7.00,10.00,10.00,63.00,2.00,26796291,24
301.04,1547803209,2324.86,51.51417864,7.45531018,138.62,0.00,0.00,171.66,1,-70.00,-7.00,10.00,11.00,63.00,2.00,26796291,24
302.04,1547803210,2324.86,51.51417864,7.45531018,138.63,0.00,0.00,171.66,1,-70.00,-7.00,10.00,11.00,63.00,2.00,26796291,24
303.04,1547803211,2324.86,51.51417864,7.45531018,138.64,0.00,0.00,171.66,1,-70.00,-7.00,13.00,9.00,63.00,2.00,26796291,24
304.05,1547803212,2324.86,51.51417864,7.45531018,138.65,0.00,0.00,171.66,1,-70.00,-7.00,13.00,9.00,63.00,2.00,26796291,24
305.04,1547803213,2324.86,51.51417864,7.45531018,138.66,0.00,0.00,171.66,1,-70.00,-7.00,10.00,9.00,63.00,2.00,26796291,24
306.04,1547803214,2324.86,51.51417864,7.45531018,138.68,0.00,0.00,171.66,1,-70.00,-7.00,10.00,9.00,63.00,2.00,26796291,24
307.04,1547803215,2324.86,51.51417864,7.45531018,138.69,0.00,0.00,171.66,1,-70.00,-7.00,10.00,9.00,63.00,2.00,26796291,24
308.05,1547803216,2324.86,51.51417864,7.45531018,138.71,0.00,0.00,171.66,1,-70.00,-7.00,10.00,9.00,63.00,2.00,26796291,24
309.05,1547803217,2324.86,51.51417864,7.45531018,138.73,0.00,0.00,171.66,1,-70.00,-7.00,10.00,8.00,63.00,2.00,26796291,24
310.04,1547803218,2324.86,51.51417864,7.45531018,138.75,0.00,0.00,171.66,1,-70.00,-7.00,10.00,8.00,63.00,2.00,26796291,24
311.06,1547803219,2324.86,51.51417864,7.45531018,138.77,0.00,0.00,171.66,1,-70.00,-7.00,11.00,7.00,63.00,2.00,26796291,24
312.04,1547803220,2324.86,51.51417864,7.45531018,138.80,0.00,0.00,171.66,1,-70.00,-7.00,11.00,7.00,63.00,2.00,26796291,24
313.04,1547803221,2324.86,51.51417864,7.45531018,138.83,0.00,0.00,171.66,1,-70.00,-7.00,11.00,7.00,63.00,2.00,26796291,24
314.05,1547803222,2324.86,51.51417864,7.45531018,138.86,0.00,0.00,171.66,1,-71.00,-7.00,11.00,8.00,63.00,2.00,26796291,24
315.05,1547803223,2324.86,51.51417864,7.45531018,138.90,0.00,0.00,171.66,1,-71.00,-7.00,11.00,8.00,63.00,2.00,26796291,24
316.05,1547803224,2324.86,51.51417864,7.45531018,138.93,0.00,0.00,171.66,1,-70.00,-7.00,14.00,10.00,63.00,2.00,26796291,24
317.04,1547803225,2324.86,51.51417864,7.45531018,138.97,0.00,0.00,171.66,1,-70.00,-7.00,14.00,10.00,63.00,2.00,26796291,24
318.04,1547803226,2324.86,51.51417864,7.45531018,139.00,0.00,0.00,171.66,1,-70.00,-6.00,17.00,9.00,63.00,2.00,26796291,24
319.04,1547803227,2324.86,51.51417864,7.45531018,139.04,0.00,0.00,171.66,1,-70.00,-6.00,17.00,9.00,63.00,2.00,26796291,24
320.05,1547803228,2324.86,51.51417864,7.45531018,139.07,0.00,0.00,171.66,1,-70.00,-7.00,16.00,10.00,63.00,2.00,26796291,24
321.04,1547803229,2324.86,51.51417864,7.45531018,139.10,0.00,0.00,171.66,1,-70.00,-7.00,16.00,10.00,63.00,2.00,26796291,24
322.04,1547803230,2324.86,51.51417864,7.45531018,139.14,0.00,0.00,171.66,1,-70.00,-7.00,13.00,10.00,63.00,2.00,26796291,24
323.04,1547803231,2324.86,51.51417864,7.45531018,139.17,0.00,0.00,171.66,1,-70.00,-7.00,13.00,10.00,63.00,2.00,26796291,24
324.04,1547803232,2324.86,51.51417864,7.45531018,139.21,0.00,0.00,171.66,1,-70.00,-7.00,13.00,9.00,63.00,2.00,26796291,24
325.05,1547803233,2324.86,51.51417864,7.45531018,139.25,0.00,0.00,171.66,1,-70.00,-7.00,13.00,9.00,63.00,2.00,26796291,24
326.04,1547803234,2324.86,51.51417864,7.45531018,139.29,0.00,0.00,171.66,1,-71.00,-8.00,15.00,7.00,63.00,2.00,26796291,24
327.04,1547803235,2324.86,51.51417864,7.45531018,139.33,0.00,0.00,171.66,1,-71.00,-8.00,15.00,7.00,63.00,2.00,26796291,24
328.04,1547803236,2324.86,51.51417864,7.45531018,139.37,0.00,0.00,171.66,1,-70.00,-7.00,16.00,8.00,63.00,2.00,26796291,24
329.04,1547803237,2324.86,51.51417864,7.45531018,139.41,0.00,0.00,171.66,1,-70.00,-7.00,16.00,8.00,63.00,2.00,26796291,24
330.04,1547803238,2324.86,51.51417864,7.45531018,139.45,0.00,0.00,171.66,1,-70.00,-7.00,12.00,8.00,63.00,2.00,26796291,24
331.05,1547803239,2324.86,51.51417864,7.45531018,139.49,0.00,0.00,171.66,1,-70.00,-7.00,12.00,8.00,63.00,2.00,26796291,24
332.05,1547803240,2324.86,51.51417864,7.45531018,139.52,0.00,0.00,171.66,1,-70.00,-7.00,13.00,8.00,63.00,2.00,26796291,24
333.04,1547803241,2324.86,51.51417864,7.45531018,139.56,0.00,0.00,171.66,1,-70.00,-7.00,13.00,8.00,63.00,2.00,26796291,24
334.05,1547803242,2324.86,51.51417864,7.45531018,139.60,0.00,0.00,171.66,1,-70.00,-7.00,13.00,8.00,63.00,2.00,26796291,24
335.04,1547803243,2324.86,51.51417864,7.45531018,139.64,0.00,0.00,171.66,1,-71.00,-7.00,22.00,8.00,63.00,2.00,26796291,24
336.04,1547803244,2324.86,51.51417864,7.45531018,139.67,0.00,0.00,171.66,1,-71.00,-7.00,22.00,8.00,63.00,2.00,26796291,24
337.04,1547803245,2324.86,51.51417864,7.45531018,139.71,0.00,0.00,171.66,1,-70.00,-7.00,10.00,8.00,63.00,2.00,26796291,24
338.04,1547803246,2324.86,51.51417864,7.45531018,139.74,0.00,0.00,171.66,1,-70.00,-7.00,10.00,8.00,63.00,2.00,26796291,24
339.04,1547803247,2324.86,51.51417864,7.45531018,139.77,0.00,0.00,171.66,1,-71.00,-7.00,9.00,11.00,63.00,2.00,26796291,24
340.04,1547803248,2324.86,51.51417864,7.45531018,139.81,0.00,0.00,171.66,1,-71.00,-7.00,9.00,11.00,63.00,2.00,26796291,24
341.05,1547803249,2324.86,51.51417864,7.45531018,139.84,0.00,0.00,171.66,1,-70.00,-7.00,14.00,9.00,63.00,2.00,26796291,24
342.04,1547803250,2324.86,51.51417864,7.45531018,139.87,0.00,0.00,171.66,1,-70.00,-7.00,14.00,9.00,63.00,2.00,26796291,24
343.04,1547803251,2324.86,51.51417864,7.45531018,139.91,0.00,0.00,171.66,1,-70.00,-8.00,11.00,7.00,63.00,2.00,26796291,24
344.04,1547803252,2324.86,51.51417864,7.45531018,139.94,0.00,0.00,171.66,1,-70.00,-8.00,11.00,7.00,63.00,2.00,26796291,24
345.04,1547803253,2324.86,51.51417864,7.45531018,139.97,0.00,0.00,171.66,1,-70.00,-7.00,10.00,7.00,63.00,2.00,26796291,24
346.04,1547803254,2324.86,51.51417864,7.45531018,140.00,0.00,0.00,171.66,1,-70.00,-7.00,10.00,7.00,63.00,2.00,26796291,24
347.04,1547803255,2324.86,51.51417864,7.45531018,140.02,0.00,0.00,171.66,1,-70.00,-7.00,10.00,7.00,63.00,2.00,26796291,24
348.04,1547803256,2324.86,51.51417864,7.45531018,140.05,0.00,0.00,171.66,1,-70.00,-7.00,10.00,7.00,63.00,2.00,26796291,24
349.04,1547803257,2324.86,51.51417864,7.45531018,140.07,0.00,0.00,171.66,1,-70.00,-7.00,15.00,7.00,63.00,2.00,26796291,24
350.04,1547803258,2324.86,51.51417864,7.45531018,140.09,0.00,0.00,171.66,1,-70.00,-7.00,15.00,7.00,63.00,2.00,26796291,24
351.05,1547803259,2324.86,51.51417864,7.45531018,140.10,0.00,0.00,171.66,1,-70.00,-7.00,16.00,6.00,63.00,2.00,26796291,24
352.04,1547803260,2324.86,51.51417864,7.45531018,140.11,0.00,0.00,171.66,1,-70.00,-7.00,16.00,6.00,63.00,2.00,26796291,24
353.05,1547803261,2324.86,51.51417864,7.45531018,140.11,0.00,0.00,171.66,1,-70.00,-6.00,16.00,8.00,63.00,2.00,26796291,24
354.04,1547803262,2324.86,51.51417864,7.45531018,140.14,0.00,0.00,171.66,1,-70.00,-6.00,16.00,8.00,63.00,2.00,26796291,24
355.04,1547803263,2324.86,51.51417864,7.45531018,140.14,0.00,0.00,171.66,1,-70.00,-6.00,16.00,8.00,63.00,2.00,26796291,24
356.04,1547803264,2324.86,51.51417864,7.45531018,140.10,0.00,0.00,186.16,1,-70.00,-7.00,11.00,7.00,63.00,2.00,26796291,24
357.04,1547803265,2324.86,51.51406659,7.45531044,139.95,0.00,0.00,172.31,1,-70.00,-7.00,11.00,7.00,63.00,2.00,26796291,24
358.04,1547803266,2324.86,51.51397632,7.45533832,141.03,10.75,0.00,171.14,1,-74.00,-6.00,10.00,9.00,63.00,2.00,26796291,24
359.04,1547803267,2335.62,51.51387454,7.45537743,143.11,11.27,0.52,169.59,1,-74.00,-6.00,10.00,9.00,63.00,2.00,26796291,24
360.04,1547803268,2346.87,51.51376021,7.45542648,144.45,12.13,0.86,167.76,1,-78.00,-6.00,8.00,6.00,57.00,1.00,26796290,25
361.04,1547803269,2358.96,51.51363645,7.45547376,145.42,13.11,0.99,165.27,1,-78.00,-6.00,8.00,6.00,57.00,1.00,26796290,25
362.05,1547803270,2372.15,51.51351204,7.45553942,146.42,13.75,0.64,161.90,1,-87.00,-10.00,6.00,7.00,53.00,1.00,26796290,25
363.05,1547803271,2385.89,51.51339433,7.45561624,147.41,13.22,-0.54,159.12,1,-87.00,-10.00,6.00,7.00,53.00,1.00,26796290,25
364.05,1547803272,2399.12,51.51328923,7.45570647,148.29,12.14,-1.07,157.12,1,-80.00,-7.00,7.00,7.00,58.00,1.00,26796290,25
365.05,1547803273,2411.26,51.51322028,7.45579951,149.54,9.41,-2.73,141.69,1,-80.00,-7.00,7.00,7.00,58.00,1.00,26796290,25
366.05,1547803274,2420.68,51.51316876,7.45591873,150.11,8.95,-0.46,127.76,1,-85.00,-8.00,4.00,9.00,49.00,7.00,26796291,24
367.05,1547803275,2429.62,51.51311119,7.45603646,150.46,9.59,0.64,128.37,1,-85.00,-8.00,4.00,9.00,49.00,7.00,26796291,24
368.04,1547803276,2439.20,51.51304573,7.45617883,150.21,11.56,1.97,129.58,1,-83.00,-6.00,1.00,6.00,54.00,1.00,26378755,441
369.04,1547803277,2450.76,51.51297781,7.45630736,149.72,11.05,-0.50,131.40,1,-83.00,-6.00,1.00,6.00,54.00,1.00,26378755,441
370.04,1547803278,2461.81,51.51289140,7.45646385,149.58,14.03,2.98,130.16,1,-88.00,-7.00,10.00,10.00,50.00,1.00,26378755,441
371.04,1547803279,2475.84,51.51281431,7.45661368,149.08,12.91,-1.12,129.69,1,-88.00,-7.00,10.00,10.00,50.00,1.00,26378755,441
372.04,1547803280,2488.75,51.51274025,7.45676607,148.54,13.12,0.21,129.06,1,-79.00,-6.00,10.00,7.00,62.00,1.00,26378755,441
373.04,1547803281,2501.87,51.51267264,7.45690354,147.96,12.07,-1.05,128.59,1,-79.00,-6.00,10.00,7.00,62.00,1.00,26378755,441
374.05,1547803282,2514.04,51.51260946,7.45703767,147.31,11.69,-0.38,127.97,1,-90.00,-7.00,10.00,11.00,47.00,1.00,26378755,441
375.04,1547803283,2525.64,51.51254753,7.45716680,146.98,11.21,-0.49,127.64,1,-90.00,-7.00,10.00,11.00,47.00,1.00,26378755,441
376.04,1547803284,2536.84,51.51248741,7.45728899,146.77,10.53,-0.68,127.80,1,-90.00,-7.00,10.00,11.00,47.00,1.00,26378755,441
377.04,1547803285,2547.37,51.51243091,7.45740897,146.85,10.24,-0.29,126.86,1,-89.00,-7.00,10.00,11.00,49.00,1.00,26378755,441
378.05,1547803286,2557.62,51.51237544,7.45752038,147.28,9.70,-0.54,126.17,1,-89.00,-7.00,10.00,11.00,49.00,1.00,26378755,441
379.04,1547803287,2567.30,51.51232708,7.45762832,148.02,8.96,-0.74,125.73,1,-90.00,-7.00,26.00,11.00,47.00,1.00,26378755,441
380.04,1547803288,2576.27,51.51227750,7.45774558,148.50,9.59,0.62,125.14,1,-90.00,-7.00,26.00,11.00,47.00,1.00,26378755,441
381.05,1547803289,2585.88,51.51223279,7.45786505,148.58,9.26,-0.33,124.27,1,-88.00,-6.00,11.00,12.00,49.00,1.00,26378755,441
382.04,1547803290,2595.09,51.51219176,7.45797327,148.26,8.03,-1.24,124.11,1,-88.00,-6.00,11.00,12.00,49.00,1.00,26378755,441
383.04,1547803291,2603.15,51.51215931,7.45805906,147.57,6.46,-1.57,124.04,1,-89.00,-7.00,10.00,9.00,49.00,1.00,26378755,441
384.04,1547803292,2609.60,51.51211041,7.45819277,146.98,6.46,0.00,124.56,1,-89.00,-7.00,10.00,9.00,49.00,1.00,26378755,441
385.05,1547803293,2616.07,51.51206125,7.45831401,146.14,8.10,1.64,131.89,1,-91.00,-7.00,12.00,9.00,45.00,1.00,26378755,441
386.05,1547803294,2624.17,51.51202206,7.45842197,145.38,8.10,0.00,128.34,1,-91.00,-7.00,12.00,9.00,45.00,1.00,26378755,441
387.05,1547803295,2632.27,51.51195599,7.45854785,144.67,12.11,4.01,128.71,1,-92.00,-7.00,13.00,9.00,45.00,1.00,26378755,441
388.05,1547803296,2644.38,51.51188751,7.45868553,143.94,12.74,0.63,128.16,1,-92.00,-7.00,13.00,9.00,45.00,1.00,26378755,441
389.04,1547803297,2657.09,51.51181966,7.45883078,143.51,12.51,-0.23,129.14,1,-91.00,-7.00,11.00,8.00,46.00,1.00,26378755,441
390.04,1547803298,2669.60,51.51174576,7.45897174,143.45,12.90,0.39,128.91,1,-91.00,-7.00,11.00,8.00,46.00,1.00,26378755,441
391.04,1547803299,2682.46,51.51167053,7.45910470,144.19,13.00,0.10,128.65,1,-90.00,-7.00,11.00,8.00,48.00,1.00,26378755,441
392.04,1547803300,2695.47,51.51159406,7.45924585,145.28,13.27,0.27,129.36,1,-90.00,-7.00,11.00,8.00,48.00,1.00,26378755,441
393.04,1547803301,2708.75,51.51151600,7.45940672,146.44,13.95,0.68,128.82,1,-86.00,-7.00,12.00,8.00,52.00,1.00,26378755,441
394.04,1547803302,2722.68,51.51143424,7.45957314,147.45,14.30,0.36,128.23,1,-86.00,-7.00,12.00,8.00,52.00,1.00,26378755,441
395.05,1547803303,2737.11,51.51135263,7.45974411,148.47,14.14,-0.16,127.30,1,-90.00,-10.00,13.00,8.00,50.00,1.00,26378755,441
396.04,1547803304,2751.17,51.51127318,7.45991500,149.21,14.11,-0.03,126.74,1,-90.00,-10.00,13.00,8.00,50.00,1.00,26378755,441
397.04,1547803305,2765.27,51.51119234,7.46008378,150.13,14.37,0.27,127.52,1,-90.00,-10.00,13.00,8.00,50.00,1.00,26378755,441
398.04,1547803306,2779.66,51.51111416,7.46023829,151.00,14.44,0.07,127.91,1,-91.00,-7.00,12.00,10.00,47.00,1.00,26378755,441
399.04,1547803307,2794.10,51.51103291,7.46039917,151.23,13.98,-0.46,128.60,1,-91.00,-7.00,12.00,10.00,47.00,1.00,26378755,441
400.04,1547803308,2808.08,51.51096288,7.46053841,152.38,12.00,-1.98,130.80,1,-89.00,-7.00,10.00,10.00,49.00,1.00,26378755,441
401.04,1547803309,2820.07,51.51088515,7.46068113,153.41,12.36,0.35,131.58,1,-89.00,-7.00,10.00,10.00,49.00,1.00,26378755,441
402.04,1547803310,2832.43,51.51080325,7.46083153,154.36,13.16,0.80,131.25,1,-88.00,-7.00,10.00,8.00,49.00,1.00,26378755,441
403.04,1547803311,2845.57,51.51072524,7.46096830,154.89,11.74,-1.42,132.18,1,-88.00,-7.00,10.00,8.00,49.00,1.00,26378755,441
404.05,1547803312,2857.35,51.51065621,7.46108944,155.11,10.35,-1.39,133.44,1,-90.00,-7.00,12.00,9.00,48.00,1.00,26378755,441
405.04,1547803313,2867.69,51.51058679,7.46119044,156.38,9.16,-1.18,133.51,1,-90.00,-7.00,12.00,9.00,48.00,1.00,26378755,441
406.04,1547803314,2876.85,51.51053062,7.46127372,157.67,7.23,-1.93,133.14,1,-89.00,-7.00,13.00,9.00,49.00,1.00,26378755,441
407.04,1547803315,2884.08,51.51048748,7.46133818,158.94,5.44,-1.79,133.20,1,-89.00,-7.00,13.00,9.00,49.00,1.00,26378755,441
408.05,1547803316,2889.53,51.51044802,7.46139552,160.27,4.91,-0.53,133.27,1,-90.00,-7.00,8.00,12.00,48.00,1.00,26378755,441
409.05,1547803317,2894.45,51.51042335,7.46144319,160.34,3.29,-1.62,133.83,1,-90.00,-7.00,8.00,12.00,48.00,1.00,26378755,441
410.05,1547803318,2897.73,51.51040703,7.46147518,160.45,1.94,-1.35,134.63,1,-87.00,-7.00,10.00,9.00,51.00,1.00,26378755,441
411.05,1547803319,2899.67,51.51039588,7.46149659,160.54,1.20,-0.73,133.37,1,-87.00,-7.00,10.00,9.00,51.00,1.00,26378755,441
412.04,1547803320,2900.87,51.51039588,7.46149659,160.53,0.00,-1.21,133.37,1,-90.00,-9.00,9.00,11.00,50.00,1.00,26378755,441
413.04,1547803321,2900.87,51.51039588,7.46149659,160.53,0.00,0.00,133.37,1,-90.00,-9.00,9.00,11.00,50.00,1.00,26378755,441
414.05,1547803322,2900.87,51.51039588,7.46149659,160.53,0.00,0.00,133.37,1,-91.00,-8.00,10.00,12.00,48.00,1.00,26378755,441
415.05,1547803323,2900.87,51.51039588,7.46149659,160.52,0.00,0.00,133.37,1,-91.00,-8.00,10.00,12.00,48.00,1.00,26378755,441
416.05,1547803324,2900.87,51.51039588,7.46149659,160.50,0.00,0.00,133.37,1,-90.00,-8.00,9.00,6.00,49.00,1.00,26378755,441
417.05,1547803325,2900.87,51.51039588,7.46149659,160.26,0.00,0.00,133.37,1,-90.00,-8.00,9.00,6.00,49.00,1.00,26378755,441
418.05,1547803326,2900.87,51.51039588,7.46149659,160.02,0.00,0.00,143.92,1,-90.00,-8.00,9.00,6.00,49.00,1.00,26378755,441
419.05,1547803327,2900.87,51.51039588,7.46149659,158.64,0.00,0.00,140.72,1,-89.00,-7.00,7.00,7.00,49.00,1.00,26378755,441
420.05,1547803328,2900.87,51.51026555,7.46164419,158.30,5.50,0.00,138.64,1,-89.00,-7.00,7.00,7.00,49.00,1.00,26378755,441
421.05,1547803329,2906.37,51.51022813,7.46169146,159.23,5.05,-0.46,137.18,1,-89.00,-7.00,7.00,12.00,48.00,1.00,26378755,441
422.04,1547803330,2911.40,51.51018510,7.46175386,159.96,6.28,1.24,135.25,1,-89.00,-7.00,7.00,12.00,48.00,1.00,26378755,441
423.05,1547803331,2917.69,51.51013401,7.46182771,160.59,7.45,1.17,134.81,1,-89.00,-8.00,9.00,7.00,50.00,1.00,26378755,441
424.05,1547803332,2925.15,51.51008644,7.46190373,161.19,7.43,-0.03,134.01,1,-89.00,-8.00,9.00,7.00,50.00,1.00,26378755,441
425.05,1547803333,2932.57,51.51003977,7.46200553,161.65,8.11,0.69,130.35,1,-88.00,-8.00,4.00,6.00,51.00,1.00,26378755,441
426.05,1547803334,2940.69,51.50999346,7.46213442,162.31,9.10,0.99,126.34,1,-88.00,-8.00,4.00,6.00,51.00,1.00,26378755,441
427.04,1547803335,2949.77,51.50995500,7.46226929,162.32,9.02,-0.08,122.80,1,-84.00,-7.00,5.00,6.00,54.00,5.00,27299332,326
428.04,1547803336,2958.79,51.50992458,7.46239235,161.57,8.76,-0.26,119.47,1,-84.00,-7.00,5.00,6.00,54.00,5.00,27299332,326
429.05,1547803337,2967.58,51.50990442,7.46251050,161.02,8.67,-0.10,116.01,1,-85.00,-7.00,10.00,8.00,53.00,5.00,27299332,326
430.04,1547803338,2976.24,51.50988859,7.46262399,159.44,8.36,-0.31,113.09,1,-85.00,-7.00,10.00,8.00,53.00,5.00,27299332,326
431.05,1547803339,2984.60,51.50988592,7.46272788,158.08,7.84,-0.52,110.47,1,-88.00,-7.00,11.00,12.00,50.00,5.00,27299332,326
432.04,1547803340,2992.41,51.50987021,7.46284885,157.87,7.83,-0.01,108.23,1,-88.00,-7.00,11.00,12.00,50.00,5.00,27299332,326
433.04,1547803341,3000.26,51.50985684,7.46295423,157.18,7.03,-0.81,104.74,1,-88.00,-8.00,11.00,9.00,52.00,5.00,27299332,326
434.04,1547803342,3007.27,51.50984694,7.46304719,155.79,6.32,-0.71,101.37,1,-88.00,-8.00,11.00,9.00,52.00,5.00,27299332,326
435.04,1547803343,3013.59,51.50983803,7.46314248,154.24,6.00,-0.32,99.71,1,-83.00,-9.00,14.00,11.00,56.00,5.00,27299332,326
436.04,1547803344,3019.58,51.50982984,7.46323365,153.02,5.46,-0.54,96.85,1,-83.00,-9.00,14.00,11.00,56.00,5.00,27299332,326
437.05,1547803345,3025.09,51.50982152,7.46332579,152.32,5.09,-0.36,99.28,1,-82.00,-5.00,30.00,14.00,54.00,5.00,27299332,326
438.04,1547803346,3030.15,51.50981355,7.46340248,151.81,5.06,-0.03,96.63,1,-82.00,-5.00,30.00,14.00,54.00,5.00,27299332,326
439.04,1547803347,3035.21,51.50980485,7.46345866,151.71,4.13,-0.93,99.66,1,-82.00,-5.00,30.00,14.00,54.00,5.00,27299332,326
440.04,1547803348,3039.34,51.50979972,7.46351884,151.56,4.05,-0.08,96.51,1,-82.00,-5.00,20.00,10.00,55.00,5.00,27299332,326
441.05,1547803349,3043.39,51.50978664,7.46358862,150.10,4.93,0.88,109.23,1,-82.00,-5.00,20.00,10.00,55.00,5.00,27299332,326
442.04,1547803350,3048.30,51.50976351,7.46365533,149.08,5.59,0.66,120.18,1,-81.00,-5.00,21.00,12.00,56.00,5.00,27299332,326
443.04,1547803351,3053.90,51.50974136,7.46374585,147.95,6.77,1.17,118.12,1,-81.00,-5.00,21.00,12.00,56.00,5.00,27299332,326
444.04,1547803352,3060.67,51.50971878,7.46385717,147.47,7.92,1.16,115.30,1,-81.00,-6.00,19.00,12.00,55.00,5.00,27299332,326
445.04,1547803353,3068.60,51.50972003,7.46397814,147.43,8.26,0.33,101.82,1,-81.00,-6.00,19.00,12.00,55.00,5.00,27299332,326
446.04,1547803354,3076.84,51.50972681,7.46411496,147.83,8.26,0.00,101.82,1,-82.00,-6.00,30.00,10.00,55.00,5.00,27299332,326
447.04,1547803355,3085.10,51.50973697,7.46423907,148.74,9.86,1.60,98.85,1,-82.00,-6.00,30.00,10.00,55.00,5.00,27299332,326
448.04,1547803356,3094.97,51.50974481,7.46438858,149.51,9.93,0.07,93.28,1,-88.00,-7.00,13.00,12.00,51.00,5.00,27299332,326
449.04,1547803357,3104.89,51.50975731,7.46452723,150.22,9.43,-0.50,93.99,1,-88.00,-7.00,13.00,12.00,51.00,5.00,27299332,326
450.04,1547803358,3114.32,51.50976999,7.46466072,150.43,9.20,-0.23,94.90,1,-90.00,-7.00,10.00,6.00,46.00,5.00,27299332,326
451.05,1547803359,3123.57,51.50978649,7.46481635,150.03,10.24,1.03,93.22,1,-90.00,-7.00,10.00,6.00,46.00,5.00,27299332,326
452.05,1547803360,3133.79,51.50979535,7.46498550,150.43,11.45,1.22,94.21,1,-93.00,-9.00,6.00,8.00,45.00,5.00,27299332,326
453.04,1547803361,3145.19,51.50979777,7.46515810,151.15,11.74,0.29,95.13,1,-93.00,-9.00,6.00,8.00,45.00,5.00,27299332,326
454.04,1547803362,3156.93,51.50979468,7.46533999,151.97,12.32,0.59,96.29,1,-91.00,-7.00,9.00,12.00,44.00,5.00,27299332,326
455.04,1547803363,3169.27,51.50978891,7.46552780,152.65,12.55,0.23,95.78,1,-91.00,-7.00,9.00,12.00,44.00,5.00,27299332,326
456.04,1547803364,3181.82,51.50978027,7.46571307,153.75,12.72,0.17,96.26,1,-89.00,-6.00,10.00,10.00,45.00,5.00,27299332,326
457.04,1547803365,3194.54,51.50977311,7.46589308,154.40,12.56,-0.16,95.51,1,-89.00,-6.00,10.00,10.00,45.00,5.00,27299332,326
458.05,1547803366,3207.19,51.50976974,7.46606935,154.58,12.15,-0.41,96.29,1,-93.00,-8.00,3.00,12.00,44.00,5.00,27299332,326
459.04,1547803367,3219.26,51.50976088,7.46625014,154.57,12.17,0.02,95.75,1,-93.00,-8.00,3.00,12.00,44.00,5.00,27299332,326
460.04,1547803368,3231.43,51.50975031,7.46643758,154.61,11.71,-0.46,96.02,1,-93.00,-8.00,3.00,12.00,44.00,5.00,27299332,326
461.04,1547803369,3243.11,51.50974271,7.46660786,154.59,11.65,-0.06,94.90,1,-98.00,-11.00,2.00,3.00,43.00,5.00,27299332,326
462.04,1547803370,3254.75,51.50973297,7.46678263,154.12,11.58,-0.07,96.05,1,-98.00,-11.00,2.00,3.00,43.00,5.00,27299332,326
