14.36,1547802924,196.46,51.51041115,7.47013931,150.15,14.55,-0.10,57.09,1,-97.00,-11.00,-1.00,7.00,35.00,6.00,13392641,223,0,9,18.8679,40
21.80,1547802932,282.42,51.51081567,7.47091923,146.51,5.86,-1.85,43.28,1,-98.00,-10.00,0.00,8.00,29.00,6.00,13175809,68,1,4,25,28
30.78,1547802941,296.16,51.51087704,7.47098481,145.90,0.00,0.00,41.73,1,-95.00,-8.00,7.00,8.00,32.00,8.00,13175298,60,2,0.5,17.1674,34
42.39,1547802952,308.67,51.51103929,7.47120028,139.20,4.76,-1.86,39.27,1,-96.00,-8.00,8.00,11.00,31.00,8.00,13175298,60,3,6,26.5047,32
51.64,1547802962,357.93,51.51144759,7.47169284,137.69,11.13,0.84,40.33,1,-94.00,-9.00,2.00,7.00,34.00,8.00,13175298,60,4,5,36.9686,34
63.49,1547802973,480.40,51.51237885,7.47273008,135.06,9.67,-0.88,15.43,1,-94.00,-10.00,2.00,7.00,36.00,8.00,13175298,60,5,8,21.7613,29
71.20,1547802981,566.05,51.51310456,7.47288298,132.53,11.80,0.00,3.87,1,-89.00,-8.00,5.00,8.00,39.00,8.00,13175298,60,6,3,36.3086,36
82.23,1547802992,661.26,51.51395939,7.47289946,133.38,2.46,0.00,2.57,1,-84.00,-8.00,4.00,8.00,45.00,8.00,13175298,60,7,10,47.2813,28
91.52,1547803001,664.27,51.51398124,7.47289468,133.43,0.00,0.00,2.57,1,-82.00,-8.00,10.00,11.00,48.00,8.00,13175298,60,8,6,48.6322,30
100.67,1547803011,664.27,51.51398124,7.47289468,133.26,0.00,0.00,2.57,1,-82.00,-8.00,11.00,9.00,46.00,8.00,13175298,60,9,0.1,9.87658,76
112.94,1547803023,664.27,51.51411443,7.47287365,132.61,4.02,0.00,1.49,1,-81.00,-7.00,13.00,13.00,45.00,8.00,13175298,60,10,8,27.1532,47
121.33,1547803031,730.59,51.51475741,7.47296337,128.82,6.16,-4.15,4.95,1,-75.00,-8.00,9.00,15.00,54.00,8.00,13175298,60,11,3,33.6134,43
131.43,1547803041,748.07,51.51483856,7.47297927,127.10,0.00,0.00,3.60,1,-63.00,-7.00,8.00,11.00,63.00,8.00,13175298,60,12,7,62.3608,30
141.52,1547803051,836.57,51.51590207,7.47270303,130.28,13.78,0.69,339.72,1,-75.00,-10.00,6.00,12.00,54.00,8.00,13175298,60,13,4,33.2295,29
150.59,1547803060,963.48,51.51663482,7.47121825,139.76,14.54,-0.88,294.94,1,-77.00,-7.00,-8.00,8.00,31.00,4.00,13175306,68,14,0.1,13.1148,35
161.85,1547803072,1121.45,51.51711357,7.46913956,137.32,13.52,-0.19,288.70,1,-91.00,-6.00,11.00,9.00,32.00,4.00,13175306,68,15,6,36.0902,30
172.23,1547803082,1248.07,51.51749688,7.46751367,135.86,11.90,0.00,297.27,1,-88.00,-6.00,13.00,1.00,36.00,4.00,13175306,68,16,1,15.9681,97
182.92,1547803093,1376.12,51.51787267,7.46577545,135.10,10.55,0.33,279.72,1,-83.00,-7.00,7.00,11.00,43.00,3.00,13530894,345,17,1,13.0293,46
192.66,1547803103,1492.30,51.51780574,7.46402208,131.80,11.42,0.02,256.44,1,-84.00,-8.00,10.00,11.00,45.00,5.00,13530894,345,18,10,38.1316,32
200.81,1547803111,1584.55,51.51753859,7.46278745,129.35,11.27,0.28,247.66,1,-82.00,-8.00,18.00,10.00,45.00,5.00,13530894,345,19,1,34.3348,34
214.03,1547803124,1735.49,51.51706782,7.46084678,130.95,10.37,0.00,252.62,1,-85.00,-8.00,32.00,15.00,42.00,5.00,13530894,345,20,8,18.4811,28
225.16,1547803135,1829.96,51.51680415,7.45958589,131.70,8.42,0.00,256.43,1,-86.00,-7.00,8.00,9.00,39.00,5.00,13530894,345,21,8,51.8639,44
233.98,1547803144,1898.77,51.51668157,7.45858897,132.93,8.03,-0.32,258.09,1,-82.00,-6.00,-9.00,6.00,51.00,5.00,13406216,217,22,8,38.3234,43
242.41,1547803152,1954.08,51.51658489,7.45776800,136.56,3.87,-1.30,258.15,1,-78.00,-8.00,10.00,7.00,49.00,4.00,13406209,460,23,3,12.6783,30
252.88,1547803163,1969.51,51.51656625,7.45761742,136.60,0.00,0.00,257.03,1,-80.00,-10.00,8.00,9.00,49.00,4.00,13406209,460,24,6,20.7164,35
262.13,1547803172,1991.88,51.51649425,7.45716894,137.16,7.83,0.00,254.91,1,-78.00,-9.00,10.00,8.00,50.00,4.00,13406209,460,25,5,24.9221,35
270.73,1547803181,2068.89,51.51619260,7.45603250,136.04,10.06,1.06,238.22,1,-72.00,-8.00,18.00,12.00,56.00,4.00,13406209,460,26,0.5,27.5862,38
285.42,1547803195,2237.26,51.51479562,7.45514535,140.86,12.82,-0.98,176.46,1,-72.00,-6.00,15.00,11.00,53.00,4.00,13406209,460,27,9,14.739,34
291.99,1547803202,2313.67,51.51423543,7.45528479,139.16,3.91,-0.47,172.40,1,-80.00,-9.00,16.00,10.00,47.00,4.00,13406209,460,28,5,27.3785,35
303.31,1547803213,2321.04,51.51419720,7.45530179,138.83,0.00,0.00,171.52,1,-85.00,-8.00,12.00,11.00,42.00,4.00,13406209,460,29,7,20.1149,38
311.40,1547803221,2321.04,51.51419720,7.45530179,138.61,0.00,0.00,171.52,1,-85.00,-9.00,10.00,9.00,45.00,4.00,13406209,460,30,2,18.8679,41
321.65,1547803232,2321.04,51.51419720,7.45530179,138.49,0.00,0.00,171.52,1,-86.00,-9.00,15.00,11.00,42.00,4.00,13406209,460,31,3,21.5054,37
332.16,1547803242,2321.04,51.51419720,7.45530179,138.37,0.00,0.00,171.52,1,-86.00,-8.00,14.00,10.00,42.00,4.00,13406209,460,32,4,20.3046,43
341.27,1547803251,2321.04,51.51419720,7.45530179,138.39,0.00,0.00,171.52,1,-85.00,-8.00,17.00,9.00,42.00,4.00,13406209,460,33,2,21.9479,34
350.96,1547803261,2321.04,51.51419720,7.45530179,138.44,0.00,0.00,171.52,1,-85.00,-10.00,10.00,8.00,46.00,4.00,13406209,460,34,1,19.1847,36
362.06,1547803272,2384.95,51.51349452,7.45558972,141.99,14.21,0.00,151.86,1,-87.00,-9.00,13.00,10.00,41.00,4.00,13406209,460,35,3,15.8207,39
372.74,1547803283,2511.05,51.51267914,7.45697732,144.98,11.98,-0.77,128.46,1,-99.00,-10.00,7.00,7.00,29.00,4.00,13406209,460,36,1,3.68834,46
385.40,1547803295,2633.67,51.51204059,7.45844113,145.32,10.28,4.89,126.81,1,-100.00,-11.00,-3.00,6.00,30.00,7.00,13830146,487,37,3,4.9505,33
390.81,1547803301,2696.54,51.51171631,7.45914561,146.25,13.38,0.92,127.71,1,-110.00,-12.00,-1.00,8.00,21.00,5.00,13406222,182,38,0.5,16.1943,34
403.94,1547803314,2874.57,51.51068408,7.46111389,152.54,11.22,-1.22,132.07,1,-99.00,-11.00,-1.00,8.00,31.00,5.00,13830146,487,39,7,16.8168,38
410.74,1547803321,2917.34,51.51045515,7.46150580,153.26,1.23,-1.26,132.12,1,-94.00,-12.00,3.00,6.00,37.00,5.00,13830145,486,40,0.5,24.5399,31
422.22,1547803332,2931.79,51.51030007,7.46179562,160.00,6.02,0.00,135.04,1,-94.00,-10.00,5.00,6.00,34.00,5.00,13830145,486,41,10,47.8755,38
431.38,1547803341,3006.45,51.50992860,7.46289762,158.90,7.30,-1.83,102.25,1,-73.00,-6.00,25.00,15.00,52.00,5.00,13830145,486,42,5,47.3373,43
442.13,1547803352,3067.17,51.50985341,7.46366018,158.12,5.35,0.00,102.85,1,-95.00,-10.00,-1.00,5.00,34.00,5.00,13830145,486,43,5,25.74,33
459.28,1547803369,3240.52,51.50978729,7.46650171,154.25,11.44,-3.92,97.50,1,-101.00,-15.00,-5.00,4.00,36.00,5.00,13830145,486,44,5,4.58243,40
