0.02,1547802910,0.01,51.50987269,7.46740690,153.99,12.68,0.00,96.06,0,-93.00,-12.00,0.00,0.00,37.00,0.00,0,224
0.02,1547802910,0.01,51.50987269,7.46740690,153.99,12.68,0.00,96.06,0,-96.00,-14.00,0.00,0.00,37.00,0.00,0,223
0.02,1547802910,0.03,51.50987269,7.46740690,153.99,12.68,0.00,96.06,0,-79.00,-5.00,0.00,0.00,46.00,0.00,0,323
1.02,1547802911,12.76,51.50985914,7.46760961,153.92,12.89,0.00,96.45,0,-91.00,-10.00,0.00,0.00,39.00,0.00,0,224
1.02,1547802911,12.77,51.50985914,7.46760961,153.92,12.89,0.00,96.45,0,-94.00,-12.00,0.00,0.00,37.00,0.00,0,60
2.02,1547802912,25.67,51.50984624,7.46779543,153.73,13.37,0.00,96.55,0,-91.00,-10.00,0.00,0.00,39.00,0.00,0,224
2.02,1547802912,25.67,51.50984624,7.46779543,153.73,13.37,0.00,96.55,0,-94.00,-12.00,0.00,0.00,37.00,0.00,0,60
3.02,1547802913,39.03,51.50983356,7.46797472,153.66,12.90,0.00,95.40,0,-92.00,-10.00,0.00,0.00,38.00,0.00,0,224
3.02,1547802913,39.03,51.50983356,7.46797472,153.66,12.90,0.00,95.40,0,-105.00,-10.00,0.00,0.00,24.00,0.00,0,91
3.02,1547802913,39.04,51.50983356,7.46797472,153.66,12.90,0.00,95.40,0,-107.00,-13.00,0.00,0.00,25.00,0.00,0,92
4.02,1547802914,51.93,51.50982712,7.46815035,153.68,12.71,0.00,93.14,0,-92.00,-10.00,0.00,0.00,38.00,0.00,0,224
4.02,1547802914,51.94,51.50982712,7.46815035,153.68,12.71,0.00,93.14,0,-105.00,-10.00,0.00,0.00,24.00,0.00,0,91
4.02,1547802914,51.94,51.50982712,7.46815035,153.68,12.71,0.00,93.14,0,-107.00,-13.00,0.00,0.00,25.00,0.00,0,92
5.02,1547802915,64.63,51.50982978,7.46832716,153.69,12.70,0.00,90.04,0,-93.00,-10.00,0.00,0.00,36.00,0.00,0,224
5.02,1547802915,64.64,51.50982978,7.46832716,153.69,12.70,0.00,90.04,0,-105.00,-12.00,0.00,0.00,25.00,0.00,0,92
5.02,1547802915,64.66,51.50982978,7.46832716,153.69,12.70,0.00,90.04,0,-106.00,-11.00,0.00,0.00,25.00,0.00,0,91
6.02,1547802916,77.34,51.50983994,7.46851636,153.57,12.94,0.00,87.40,0,-93.00,-10.00,0.00,0.00,36.00,0.00,0,224
6.02,1547802916,77.35,51.50983994,7.46851636,153.57,12.94,0.00,87.40,0,-105.00,-12.00,0.00,0.00,25.00,0.00,0,92
6.02,1547802916,77.36,51.50983994,7.46851636,153.57,12.94,0.00,87.40,0,-106.00,-11.00,0.00,0.00,25.00,0.00,0,91
7.02,1547802917,90.31,51.50987816,7.46870579,153.53,13.89,0.00,72.95,0,-96.00,-12.00,0.00,0.00,36.00,0.00,0,60
7.03,1547802917,90.32,51.50987816,7.46870579,153.53,13.89,0.00,72.95,0,-97.00,-14.00,0.00,0.00,36.00,0.00,0,224
7.03,1547802917,90.32,51.50987816,7.46870579,153.53,13.89,0.00,72.95,0,-108.00,-12.00,0.00,0.00,22.00,0.00,0,210
7.03,1547802917,90.33,51.50987816,7.46870579,153.53,13.89,0.00,72.95,0,-110.00,-12.00,0.00,0.00,23.00,0.00,0,91
8.02,1547802918,104.18,51.50991111,7.46888012,153.37,13.71,0.00,72.44,0,-96.00,-12.00,0.00,0.00,36.00,0.00,0,60
8.02,1547802918,104.19,51.50991111,7.46888012,153.37,13.71,0.00,72.44,0,-97.00,-14.00,0.00,0.00,36.00,0.00,0,224
8.02,1547802918,104.19,51.50991111,7.46888012,153.37,13.71,0.00,72.44,0,-108.00,-12.00,0.00,0.00,22.00,0.00,0,210
8.03,1547802918,104.21,51.50991111,7.46888012,153.37,13.71,0.00,72.44,0,-110.00,-12.00,0.00,0.00,23.00,0.00,0,91
9.02,1547802919,117.88,51.50997938,7.46905409,152.58,14.85,0.00,58.05,0,-93.00,-9.00,0.00,0.00,34.00,0.00,0,60
9.02,1547802919,117.89,51.50997938,7.46905409,152.58,14.85,0.00,58.05,0,-109.00,-11.00,0.00,0.00,22.00,0.00,0,203
9.02,1547802919,117.91,51.50997938,7.46905409,152.58,14.85,0.00,58.05,0,-111.00,-14.00,0.00,0.00,22.00,0.00,0,210
10.02,1547802920,132.73,51.51005198,7.46924369,151.90,14.39,0.00,58.81,0,-93.00,-9.00,0.00,0.00,34.00,0.00,0,60
10.02,1547802920,132.74,51.51005198,7.46924369,151.90,14.39,0.00,58.81,0,-109.00,-11.00,0.00,0.00,22.00,0.00,0,203
10.02,1547802920,132.75,51.51005198,7.46924369,151.90,14.39,0.00,58.81,0,-111.00,-14.00,0.00,0.00,22.00,0.00,0,210
11.02,1547802921,147.07,51.51012976,7.46943575,151.57,15.36,0.00,57.13,0,-87.00,-7.00,0.00,0.00,39.00,0.00,0,60
11.02,1547802921,147.07,51.51012976,7.46943575,151.57,15.36,0.00,57.13,0,-101.00,-10.00,0.00,0.00,27.00,0.00,0,203
11.02,1547802921,147.09,51.51012976,7.46943575,151.57,15.36,0.00,57.13,0,-107.00,-14.00,0.00,0.00,27.00,0.00,0,201
12.02,1547802922,162.42,51.51020070,7.46961283,151.31,14.55,0.00,57.54,0,-87.00,-7.00,0.00,0.00,39.00,0.00,0,60
12.02,1547802922,162.42,51.51020070,7.46961283,151.31,14.55,0.00,57.54,0,-101.00,-10.00,0.00,0.00,27.00,0.00,0,203
12.02,1547802922,162.43,51.51020070,7.46961283,151.31,14.55,0.00,57.54,0,-107.00,-14.00,0.00,0.00,27.00,0.00,0,201
13.02,1547802923,176.98,51.51027020,7.46978931,151.06,14.55,0.00,56.93,0,-91.00,-11.00,0.00,0.00,40.00,0.00,0,60
13.02,1547802923,176.99,51.51027020,7.46978931,151.06,14.55,0.00,56.93,0,-96.00,-14.00,0.00,0.00,39.00,0.00,0,68
13.02,1547802923,176.99,51.51027020,7.46978931,151.06,14.55,0.00,56.93,0,-106.00,-12.00,0.00,0.00,25.00,0.00,0,34
13.02,1547802923,177.01,51.51027020,7.46978931,151.06,14.55,0.00,56.93,0,-112.00,-17.00,0.00,0.00,25.00,0.00,0,203
14.02,1547802924,191.61,51.51033514,7.46996025,150.51,14.58,0.00,56.81,0,-91.00,-11.00,0.00,0.00,40.00,0.00,0,60
14.03,1547802924,191.62,51.51033514,7.46996025,150.51,14.58,0.00,56.81,0,-96.00,-14.00,0.00,0.00,39.00,0.00,0,68
14.03,1547802924,191.63,51.51033514,7.46996025,150.51,14.58,0.00,56.81,0,-106.00,-12.00,0.00,0.00,25.00,0.00,0,34
14.03,1547802924,191.65,51.51033514,7.46996025,150.51,14.58,0.00,56.81,0,-112.00,-17.00,0.00,0.00,25.00,0.00,0,203
15.02,1547802925,206.16,51.51041115,7.47013931,150.15,14.55,0.00,57.09,0,-91.00,-12.00,0.00,0.00,40.00,0.00,0,68
15.02,1547802925,206.17,51.51041115,7.47013931,150.15,14.55,0.00,57.09,0,-100.00,-10.00,0.00,0.00,30.00,0.00,0,323
16.02,1547802926,220.70,51.51048397,7.47031851,149.87,13.67,0.00,57.23,0,-91.00,-12.00,0.00,0.00,40.00,0.00,0,68
16.02,1547802926,220.72,51.51048397,7.47031851,149.87,13.67,0.00,57.23,0,-100.00,-10.00,0.00,0.00,30.00,0.00,0,323
17.02,1547802927,234.37,51.51054844,7.47047038,149.54,12.81,0.00,55.85,0,-96.00,-9.00,0.00,0.00,32.00,0.00,0,60
17.02,1547802927,234.38,51.51054844,7.47047038,149.54,12.81,0.00,55.85,0,-102.00,-14.00,0.00,0.00,30.00,0.00,0,223
18.02,1547802928,247.18,51.51061569,7.47060352,149.24,11.25,0.00,52.94,0,-96.00,-9.00,0.00,0.00,32.00,0.00,0,60
18.02,1547802928,247.19,51.51061569,7.47060352,149.24,11.25,0.00,52.94,0,-102.00,-14.00,0.00,0.00,30.00,0.00,0,223
19.03,1547802929,258.52,51.51067974,7.47072115,149.22,9.67,0.00,50.39,0,-96.00,-8.00,0.00,0.00,31.00,0.00,0,60
19.03,1547802929,258.53,51.51067974,7.47072115,149.22,9.67,0.00,50.39,0,-100.00,-10.00,0.00,0.00,29.00,0.00,0,223
20.02,1547802930,268.05,51.51100260,7.47104410,148.84,8.64,0.00,47.38,0,-96.00,-8.00,0.00,0.00,31.00,0.00,0,60
20.02,1547802930,268.05,51.51100260,7.47104410,148.84,8.64,0.00,47.38,0,-100.00,-10.00,0.00,0.00,29.00,0.00,0,223
21.02,1547802931,276.71,51.51077600,7.47086317,147.82,7.31,0.00,45.23,0,-96.00,-8.00,0.00,0.00,31.00,0.00,0,60
21.02,1547802931,276.72,51.51077600,7.47086317,147.82,7.31,0.00,45.23,0,-100.00,-10.00,0.00,0.00,29.00,0.00,0,223
22.02,1547802932,284.03,51.51081567,7.47091923,146.51,5.86,0.00,43.28,0,-109.00,-9.00,0.00,0.00,30.00,0.00,0,323
23.02,1547802933,289.90,51.51084400,7.47095631,146.37,3.99,0.00,41.71,0,-109.00,-9.00,0.00,0.00,30.00,0.00,0,323
24.02,1547802934,293.89,51.51086718,7.47098314,146.17,1.76,0.00,41.73,0,-99.00,-13.00,0.00,0.00,31.00,0.00,0,68
24.02,1547802934,293.89,51.51086718,7.47098314,146.17,1.76,0.00,41.73,0,-109.00,-14.00,0.00,0.00,25.00,0.00,0,323
25.02,1547802935,295.65,51.51087704,7.47098481,145.98,0.51,0.00,41.73,0,-99.00,-13.00,0.00,0.00,31.00,0.00,0,68
25.02,1547802935,295.65,51.51087704,7.47098481,145.98,0.51,0.00,41.73,0,-109.00,-14.00,0.00,0.00,25.00,0.00,0,323
26.02,1547802936,296.16,51.51087704,7.47098481,145.96,0.00,0.00,41.73,0,-101.00,-13.00,0.00,0.00,35.00,0.00,0,68
26.02,1547802936,296.16,51.51087704,7.47098481,145.96,0.00,0.00,41.73,0,-107.00,-11.00,0.00,0.00,23.00,0.00,0,323
27.02,1547802937,296.16,51.51087704,7.47098481,145.95,0.00,0.00,41.73,0,-101.00,-13.00,0.00,0.00,35.00,0.00,0,68
27.02,1547802937,296.16,51.51087704,7.47098481,145.95,0.00,0.00,41.73,0,-107.00,-11.00,0.00,0.00,23.00,0.00,0,323
28.02,1547802938,296.16,51.51087704,7.47098481,145.94,0.00,0.00,41.73,0,-100.00,-10.00,0.00,0.00,30.00,0.00,0,68
28.02,1547802938,296.16,51.51087704,7.47098481,145.94,0.00,0.00,41.73,0,-106.00,-14.00,0.00,0.00,28.00,0.00,0,323
28.03,1547802938,296.16,51.51087704,7.47098481,145.94,0.00,0.00,41.73,0,-109.00,-18.00,0.00,0.00,28.00,0.00,0,218
29.02,1547802939,296.16,51.51087704,7.47098481,145.92,0.00,0.00,41.73,0,-100.00,-10.00,0.00,0.00,30.00,0.00,0,68
29.02,1547802939,296.16,51.51087704,7.47098481,145.92,0.00,0.00,41.73,0,-106.00,-14.00,0.00,0.00,28.00,0.00,0,323
29.03,1547802939,296.16,51.51087704,7.47098481,145.92,0.00,0.00,41.73,0,-109.00,-18.00,0.00,0.00,28.00,0.00,0,218
30.02,1547802940,296.16,51.51087704,7.47098481,145.91,0.00,0.00,41.73,0,-101.00,-13.00,0.00,0.00,33.00,0.00,0,68
30.02,1547802940,296.16,51.51087704,7.47098481,145.91,0.00,0.00,41.73,0,-105.00,-10.00,0.00,0.00,25.00,0.00,0,323
30.02,1547802940,296.16,51.51087704,7.47098481,145.91,0.00,0.00,41.73,0,-109.00,-16.00,0.00,0.00,26.00,0.00,0,289
31.02,1547802941,296.16,51.51087704,7.47098481,145.90,0.00,0.00,41.73,0,-101.00,-13.00,0.00,0.00,33.00,0.00,0,68
31.02,1547802941,296.16,51.51087704,7.47098481,145.90,0.00,0.00,41.73,0,-105.00,-10.00,0.00,0.00,25.00,0.00,0,323
31.02,1547802941,296.16,51.51087704,7.47098481,145.90,0.00,0.00,41.73,0,-109.00,-16.00,0.00,0.00,26.00,0.00,0,289
32.02,1547802942,296.16,51.51087704,7.47098481,145.88,0.00,0.00,41.73,0,-101.00,-13.00,0.00,0.00,29.00,0.00,0,68
32.02,1547802942,296.16,51.51087704,7.47098481,145.88,0.00,0.00,41.73,0,-106.00,-10.00,0.00,0.00,24.00,0.00,0,323
32.03,1547802942,296.16,51.51087704,7.47098481,145.88,0.00,0.00,41.73,0,-112.00,-17.00,0.00,0.00,25.00,0.00,0,290
33.03,1547802943,296.16,51.51087704,7.47098481,145.87,0.00,0.00,41.73,0,-101.00,-13.00,0.00,0.00,29.00,0.00,0,68
33.03,1547802943,296.16,51.51087704,7.47098481,145.87,0.00,0.00,41.73,0,-106.00,-10.00,0.00,0.00,24.00,0.00,0,323
33.03,1547802943,296.16,51.51087704,7.47098481,145.87,0.00,0.00,41.73,0,-112.00,-17.00,0.00,0.00,25.00,0.00,0,290
34.03,1547802944,296.16,51.51087704,7.47098481,145.85,0.00,0.00,41.73,0,-101.00,-13.00,0.00,0.00,31.00,0.00,0,68
34.03,1547802944,296.16,51.51087704,7.47098481,145.85,0.00,0.00,41.73,0,-105.00,-9.00,0.00,0.00,26.00,0.00,0,323
34.03,1547802944,296.16,51.51087704,7.47098481,145.85,0.00,0.00,41.73,0,-110.00,-15.00,0.00,0.00,26.00,0.00,0,290
35.02,1547802945,296.16,51.51087704,7.47098481,145.83,0.00,0.00,41.73,0,-101.00,-13.00,0.00,0.00,31.00,0.00,0,68
35.03,1547802945,296.16,51.51087704,7.47098481,145.83,0.00,0.00,41.73,0,-105.00,-9.00,0.00,0.00,26.00,0.00,0,323
35.03,1547802945,296.16,51.51087704,7.47098481,145.83,0.00,0.00,41.73,0,-110.00,-15.00,0.00,0.00,26.00,0.00,0,290
36.02,1547802946,296.16,51.51087704,7.47098481,145.80,0.00,0.00,41.73,0,-100.00,-11.00,0.00,0.00,30.00,0.00,0,68
36.02,1547802946,296.16,51.51087704,7.47098481,145.80,0.00,0.00,41.73,0,-107.00,-10.00,0.00,0.00,22.00,0.00,0,323
36.03,1547802946,296.16,51.51087704,7.47098481,145.80,0.00,0.00,41.73,0,-111.00,-15.00,0.00,0.00,23.00,0.00,0,290
37.02,1547802947,296.16,51.51087704,7.47098481,145.58,0.00,0.00,41.73,0,-100.00,-11.00,0.00,0.00,30.00,0.00,0,68
37.02,1547802947,296.16,51.51087704,7.47098481,145.58,0.00,0.00,41.73,0,-107.00,-10.00,0.00,0.00,22.00,0.00,0,323
37.02,1547802947,296.16,51.51087704,7.47098481,145.58,0.00,0.00,41.73,0,-111.00,-15.00,0.00,0.00,23.00,0.00,0,290
38.02,1547802948,296.16,51.51087704,7.47098481,145.36,0.00,0.00,40.43,0,-98.00,-12.00,0.00,0.00,34.00,0.00,0,68
38.02,1547802948,296.16,51.51087704,7.47098481,145.36,0.00,0.00,40.43,0,-103.00,-17.00,0.00,0.00,35.00,0.00,0,223
38.03,1547802948,296.16,51.51087704,7.47098481,145.36,0.00,0.00,40.43,0,-111.00,-12.00,0.00,0.00,22.00,0.00,0,323
38.03,1547802948,296.16,51.51087704,7.47098481,145.36,0.00,0.00,40.43,0,-114.00,-16.00,0.00,0.00,22.00,0.00,0,290
39.02,1547802949,296.16,51.51087704,7.47098481,145.13,0.00,0.00,39.64,0,-98.00,-12.00,0.00,0.00,34.00,0.00,0,68
39.02,1547802949,296.16,51.51087704,7.47098481,145.13,0.00,0.00,39.64,0,-103.00,-17.00,0.00,0.00,35.00,0.00,0,223
39.03,1547802949,296.16,51.51087704,7.47098481,145.13,0.00,0.00,39.64,0,-111.00,-12.00,0.00,0.00,22.00,0.00,0,323
39.03,1547802949,296.16,51.51087704,7.47098481,145.13,0.00,0.00,39.64,0,-114.00,-16.00,0.00,0.00,22.00,0.00,0,290
40.03,1547802950,296.16,51.51092654,7.47105386,142.80,4.79,0.00,38.77,0,-100.00,-10.00,0.00,0.00,30.00,0.00,0,68
40.03,1547802950,296.17,51.51092654,7.47105386,142.80,4.79,0.00,38.77,0,-109.00,-12.00,0.00,0.00,22.00,0.00,0,323
40.03,1547802950,296.17,51.51092654,7.47105386,142.80,4.79,0.00,38.77,0,-113.00,-17.00,0.00,0.00,23.00,0.00,0,322
41.03,1547802951,300.95,51.51097128,7.47110737,141.14,5.75,0.00,38.46,0,-100.00,-10.00,0.00,0.00,30.00,0.00,0,68
41.03,1547802951,300.95,51.51097128,7.47110737,141.14,5.75,0.00,38.46,0,-109.00,-12.00,0.00,0.00,22.00,0.00,0,323
41.03,1547802951,300.96,51.51097128,7.47110737,141.14,5.75,0.00,38.46,0,-113.00,-17.00,0.00,0.00,23.00,0.00,0,322
42.02,1547802952,306.63,51.51100519,7.47115246,140.05,5.46,0.00,39.03,0,-100.00,-10.00,0.00,0.00,30.00,0.00,0,68
42.02,1547802952,306.63,51.51100519,7.47115246,140.05,5.46,0.00,39.03,0,-109.00,-12.00,0.00,0.00,22.00,0.00,0,323
42.02,1547802952,306.64,51.51100519,7.47115246,140.05,5.46,0.00,39.03,0,-113.00,-17.00,0.00,0.00,23.00,0.00,0,322
43.02,1547802953,312.09,51.51103929,7.47120028,139.20,4.76,0.00,39.27,0,-100.00,-19.00,0.00,0.00,38.00,0.00,0,68
43.02,1547802953,312.10,51.51103929,7.47120028,139.20,4.76,0.00,39.27,0,-113.00,-19.00,0.00,0.00,27.00,0.00,0,323
44.02,1547802954,316.88,51.51107588,7.47124667,139.16,3.72,0.00,38.55,0,-100.00,-19.00,0.00,0.00,38.00,0.00,0,68
44.02,1547802954,316.88,51.51107588,7.47124667,139.16,3.72,0.00,38.55,0,-113.00,-19.00,0.00,0.00,27.00,0.00,0,323
45.02,1547802955,320.60,51.51110291,7.47127310,139.09,1.51,0.00,36.81,0,-97.00,-11.00,0.00,0.00,35.00,0.00,0,68
45.02,1547802955,320.60,51.51110291,7.47127310,139.09,1.51,0.00,36.81,0,-111.00,-14.00,0.00,0.00,22.00,0.00,0,323
45.02,1547802955,320.60,51.51110291,7.47127310,139.09,1.51,0.00,36.81,0,-114.00,-17.00,0.00,0.00,22.00,0.00,0,218
46.03,1547802956,322.11,51.51112572,7.47128862,139.03,1.26,0.00,36.81,0,-97.00,-11.00,0.00,0.00,35.00,0.00,0,68
46.03,1547802956,322.12,51.51112572,7.47128862,139.03,1.26,0.00,36.81,0,-111.00,-14.00,0.00,0.00,22.00,0.00,0,323
46.03,1547802956,322.12,51.51112572,7.47128862,139.03,1.26,0.00,36.81,0,-114.00,-17.00,0.00,0.00,22.00,0.00,0,218
47.02,1547802957,323.38,51.51114247,7.47130488,138.98,3.32,0.00,39.39,0,-93.00,-9.00,0.00,0.00,35.00,0.00,0,68
47.02,1547802957,323.38,51.51114247,7.47130488,138.98,3.32,0.00,39.39,0,-109.00,-13.00,0.00,0.00,25.00,0.00,0,323
48.02,1547802958,326.70,51.51116554,7.47133558,138.67,6.76,0.00,39.05,0,-93.00,-9.00,0.00,0.00,35.00,0.00,0,68
48.02,1547802958,326.71,51.51116554,7.47133558,138.67,6.76,0.00,39.05,0,-109.00,-13.00,0.00,0.00,25.00,0.00,0,323
49.02,1547802959,333.45,51.51122757,7.47141005,138.37,8.07,0.00,40.37,0,-100.00,-13.00,0.00,0.00,33.00,0.00,0,68
50.02,1547802960,341.54,51.51128208,7.47148456,138.17,9.84,0.00,40.77,0,-100.00,-13.00,0.00,0.00,33.00,0.00,0,68
51.05,1547802961,351.66,51.51135798,7.47158402,137.94,10.63,0.00,39.92,0,-99.00,-14.00,0.00,0.00,33.00,0.00,0,68
51.05,1547802961,351.67,51.51135798,7.47158402,137.94,10.63,0.00,39.92,0,-102.00,-13.00,0.00,0.00,32.00,0.00,0,223
52.02,1547802962,362.00,51.51144759,7.47169284,137.69,11.13,0.00,40.33,0,-99.00,-14.00,0.00,0.00,33.00,0.00,0,68
52.02,1547802962,362.00,51.51144759,7.47169284,137.69,11.13,0.00,40.33,0,-102.00,-13.00,0.00,0.00,32.00,0.00,0,223
53.02,1547802963,373.06,51.51152054,7.47178990,137.51,11.16,0.00,39.94,0,-111.00,-19.00,0.00,0.00,28.00,0.00,0,323
54.03,1547802964,384.31,51.51160931,7.47189807,137.19,11.12,0.00,39.34,0,-111.00,-19.00,0.00,0.00,28.00,0.00,0,323
55.02,1547802965,395.38,51.51168586,7.47199234,136.59,10.28,0.00,39.76,0,-109.00,-12.00,0.00,0.00,25.00,0.00,0,323
56.02,1547802966,405.68,51.51175217,7.47207669,136.26,9.69,0.00,39.29,0,-109.00,-12.00,0.00,0.00,25.00,0.00,0,323
57.02,1547802967,415.37,51.51181691,7.47215752,136.15,8.91,0.00,39.53,0,-109.00,-12.00,0.00,0.00,23.00,0.00,0,323
58.02,1547802968,424.27,51.51187969,7.47223702,136.10,9.48,0.00,40.12,0,-109.00,-12.00,0.00,0.00,23.00,0.00,0,323
61.02,1547802971,454.92,51.51210654,7.47251492,135.50,10.16,0.00,37.25,0,-96.00,-7.00,0.00,0.00,30.00,0.00,0,68
62.02,1547802972,465.07,51.51217840,7.47259334,135.48,10.58,0.00,34.45,0,-96.00,-7.00,0.00,0.00,30.00,0.00,0,68
63.02,1547802973,475.61,51.51228057,7.47268615,135.11,10.09,0.00,30.45,0,-96.00,-7.00,0.00,0.00,30.00,0.00,0,68
64.02,1547802974,485.70,51.51237885,7.47273008,135.06,9.67,0.00,15.43,0,-97.00,-18.00,0.00,0.00,41.00,0.00,0,223
64.02,1547802974,485.71,51.51237885,7.47273008,135.06,9.67,0.00,15.43,0,-102.00,-14.00,0.00,0.00,32.00,0.00,0,68
65.02,1547802975,495.36,51.51247614,7.47276288,134.78,10.95,0.00,12.48,0,-97.00,-18.00,0.00,0.00,41.00,0.00,0,223
65.02,1547802975,495.37,51.51247614,7.47276288,134.78,10.95,0.00,12.48,0,-102.00,-14.00,0.00,0.00,32.00,0.00,0,68
66.02,1547802976,506.38,51.51256642,7.47278867,134.19,11.19,0.00,10.13,0,-95.00,-15.00,0.00,0.00,39.00,0.00,0,68
66.03,1547802976,506.39,51.51256642,7.47278867,134.19,11.19,0.00,10.13,0,-100.00,-12.00,0.00,0.00,32.00,0.00,0,68
66.03,1547802976,506.39,51.51256642,7.47278867,134.19,11.19,0.00,10.13,0,-105.00,-16.00,0.00,0.00,31.00,0.00,0,322
67.02,1547802977,517.56,51.51268179,7.47281658,134.05,11.42,0.00,7.54,0,-95.00,-15.00,0.00,0.00,39.00,0.00,0,68
67.02,1547802977,517.58,51.51268179,7.47281658,134.05,11.42,0.00,7.54,0,-100.00,-12.00,0.00,0.00,32.00,0.00,0,68
67.02,1547802977,517.58,51.51268179,7.47281658,134.05,11.42,0.00,7.54,0,-105.00,-16.00,0.00,0.00,31.00,0.00,0,322
68.02,1547802978,528.99,51.51278790,7.47283700,133.94,11.62,0.00,6.19,0,-93.00,-10.00,0.00,0.00,36.00,0.00,0,68
68.02,1547802978,528.99,51.51278790,7.47283700,133.94,11.62,0.00,6.19,0,-96.00,-9.00,0.00,0.00,33.00,0.00,0,68
68.02,1547802978,529.00,51.51278790,7.47283700,133.94,11.62,0.00,6.19,0,-102.00,-12.00,0.00,0.00,33.00,0.00,0,322
69.02,1547802979,540.61,51.51289989,7.47285571,133.60,11.88,0.00,5.28,0,-93.00,-10.00,0.00,0.00,36.00,0.00,0,68
69.02,1547802979,540.61,51.51289989,7.47285571,133.60,11.88,0.00,5.28,0,-96.00,-9.00,0.00,0.00,33.00,0.00,0,68
69.02,1547802979,540.62,51.51289989,7.47285571,133.60,11.88,0.00,5.28,0,-102.00,-12.00,0.00,0.00,33.00,0.00,0,322
70.02,1547802980,552.48,51.51299854,7.47287342,132.97,11.53,0.00,4.84,0,-96.00,-9.00,0.00,0.00,34.00,0.00,0,68
70.02,1547802980,552.49,51.51299854,7.47287342,132.97,11.53,0.00,4.84,0,-101.00,-11.00,0.00,0.00,32.00,0.00,0,322
71.02,1547802981,564.01,51.51310456,7.47288298,132.53,11.80,0.00,3.87,0,-96.00,-9.00,0.00,0.00,34.00,0.00,0,68
71.02,1547802981,564.02,51.51310456,7.47288298,132.53,11.80,0.00,3.87,0,-101.00,-11.00,0.00,0.00,32.00,0.00,0,322
72.02,1547802982,575.77,51.51321426,7.47289393,132.37,11.66,0.00,4.37,0,-99.00,-16.00,0.00,0.00,39.00,0.00,0,66
72.02,1547802982,575.77,51.51321426,7.47289393,132.37,11.66,0.00,4.37,0,-100.00,-15.00,0.00,0.00,40.00,0.00,0,322
73.02,1547802983,587.46,51.51332121,7.47289864,132.20,11.41,0.00,3.78,0,-99.00,-16.00,0.00,0.00,39.00,0.00,0,66
73.02,1547802983,587.47,51.51332121,7.47289864,132.20,11.41,0.00,3.78,0,-100.00,-15.00,0.00,0.00,40.00,0.00,0,322
74.02,1547802984,598.87,51.51341464,7.47290043,132.08,11.00,0.00,2.94,0,-91.00,-11.00,0.00,0.00,39.00,0.00,0,68
74.02,1547802984,598.88,51.51341464,7.47290043,132.08,11.00,0.00,2.94,0,-92.00,-8.00,0.00,0.00,37.00,0.00,0,322
74.02,1547802984,598.89,51.51341464,7.47290043,132.08,11.00,0.00,2.94,0,-97.00,-15.00,0.00,0.00,39.00,0.00,0,218
75.02,1547802985,609.87,51.51350870,7.47290297,132.04,10.77,0.00,3.38,0,-91.00,-11.00,0.00,0.00,39.00,0.00,0,68
75.02,1547802985,609.88,51.51350870,7.47290297,132.04,10.77,0.00,3.38,0,-92.00,-8.00,0.00,0.00,37.00,0.00,0,322
75.02,1547802985,609.89,51.51350870,7.47290297,132.04,10.77,0.00,3.38,0,-97.00,-15.00,0.00,0.00,39.00,0.00,0,218
76.02,1547802986,620.64,51.51359543,7.47290488,131.99,9.84,0.00,2.58,0,-95.00,-15.00,0.00,0.00,41.00,0.00,0,66
77.02,1547802987,630.48,51.51368778,7.47290554,132.01,8.41,0.00,2.96,0,-95.00,-15.00,0.00,0.00,41.00,0.00,0,66
78.02,1547802988,638.89,51.51375997,7.47290955,132.45,7.65,0.00,2.84,0,-86.00,-10.00,0.00,0.00,42.00,0.00,0,68
78.02,1547802988,638.89,51.51375997,7.47290955,132.45,7.65,0.00,2.84,0,-93.00,-12.00,0.00,0.00,41.00,0.00,0,66
79.02,1547802989,646.51,51.51382240,7.47291808,132.80,6.43,0.00,2.65,0,-86.00,-10.00,0.00,0.00,42.00,0.00,0,68
79.02,1547802989,646.52,51.51382240,7.47291808,132.80,6.43,0.00,2.65,0,-93.00,-12.00,0.00,0.00,41.00,0.00,0,66
82.02,1547802992,660.74,51.51395939,7.47289946,133.38,2.46,0.00,2.57,0,-93.00,-11.00,0.00,0.00,41.00,0.00,0,66
83.02,1547802993,663.19,51.51398124,7.47289468,133.46,1.08,0.00,2.57,0,-93.00,-11.00,0.00,0.00,41.00,0.00,0,66
84.02,1547802994,664.27,51.51398124,7.47289468,133.47,0.00,0.00,2.57,0,-93.00,-11.00,0.00,0.00,41.00,0.00,0,66
85.02,1547802995,664.27,51.51398124,7.47289468,133.48,0.00,0.00,2.57,0,-93.00,-11.00,0.00,0.00,39.00,0.00,0,66
85.02,1547802995,664.27,51.51398124,7.47289468,133.48,0.00,0.00,2.57,0,-96.00,-18.00,0.00,0.00,41.00,0.00,0,322
86.02,1547802996,664.27,51.51398124,7.47289468,133.48,0.00,0.00,2.57,0,-93.00,-11.00,0.00,0.00,39.00,0.00,0,66
86.02,1547802996,664.27,51.51398124,7.47289468,133.48,0.00,0.00,2.57,0,-96.00,-18.00,0.00,0.00,41.00,0.00,0,322
89.02,1547802999,664.27,51.51398124,7.47289468,133.46,0.00,0.00,2.57,0,-96.00,-12.00,0.00,0.00,36.00,0.00,0,66
89.02,1547802999,664.27,51.51398124,7.47289468,133.46,0.00,0.00,2.57,0,-97.00,-14.00,0.00,0.00,36.00,0.00,0,218
90.02,1547803000,664.27,51.51398124,7.47289468,133.45,0.00,0.00,2.57,0,-96.00,-12.00,0.00,0.00,36.00,0.00,0,66
90.02,1547803000,664.27,51.51398124,7.47289468,133.45,0.00,0.00,2.57,0,-97.00,-14.00,0.00,0.00,36.00,0.00,0,218
91.07,1547803001,664.27,51.51398124,7.47289468,133.44,0.00,0.00,2.57,0,-97.00,-12.00,0.00,0.00,37.00,0.00,0,66
92.02,1547803002,664.27,51.51398124,7.47289468,133.43,0.00,0.00,2.57,0,-97.00,-12.00,0.00,0.00,37.00,0.00,0,66
93.02,1547803003,664.27,51.51398124,7.47289468,133.41,0.00,0.00,2.57,0,-93.00,-10.00,0.00,0.00,38.00,0.00,0,66
94.02,1547803004,664.27,51.51398124,7.47289468,133.39,0.00,0.00,2.57,0,-93.00,-10.00,0.00,0.00,38.00,0.00,0,66
99.02,1547803009,664.27,51.51398124,7.47289468,133.29,0.00,0.00,2.57,0,-98.00,-15.00,0.00,0.00,38.00,0.00,0,116
100.02,1547803010,664.27,51.51398124,7.47289468,133.27,0.00,0.00,2.57,0,-98.00,-15.00,0.00,0.00,38.00,0.00,0,116
103.03,1547803013,664.27,51.51398124,7.47289468,133.22,0.00,0.00,2.57,0,-97.00,-13.00,0.00,0.00,36.00,0.00,0,218
104.02,1547803014,664.27,51.51398124,7.47289468,133.21,0.00,0.00,2.57,0,-97.00,-13.00,0.00,0.00,36.00,0.00,0,218
105.02,1547803015,664.27,51.51398124,7.47289468,133.19,0.00,0.00,2.57,0,-97.00,-13.00,0.00,0.00,36.00,0.00,0,218
106.02,1547803016,664.27,51.51398124,7.47289468,133.18,0.00,0.00,2.57,0,-97.00,-14.00,0.00,0.00,36.00,0.00,0,66
107.02,1547803017,664.27,51.51398124,7.47289468,133.16,0.00,0.00,2.57,0,-97.00,-14.00,0.00,0.00,36.00,0.00,0,66
108.02,1547803018,664.27,51.51398124,7.47289468,133.15,0.00,0.00,2.57,0,-96.00,-13.00,0.00,0.00,38.00,0.00,0,66
108.02,1547803018,664.27,51.51398124,7.47289468,133.15,0.00,0.00,2.57,0,-97.00,-14.00,0.00,0.00,38.00,0.00,0,218
109.02,1547803019,664.27,51.51398124,7.47289468,133.02,0.00,0.00,2.57,0,-96.00,-13.00,0.00,0.00,38.00,0.00,0,66
109.02,1547803019,664.27,51.51398124,7.47289468,133.02,0.00,0.00,2.57,0,-97.00,-14.00,0.00,0.00,38.00,0.00,0,218
110.02,1547803020,664.27,51.51398124,7.47289468,132.90,0.00,0.00,2.57,0,-94.00,-11.00,0.00,0.00,38.00,0.00,0,66
111.03,1547803021,664.27,51.51398124,7.47289468,132.79,0.00,0.00,0.96,0,-94.00,-11.00,0.00,0.00,38.00,0.00,0,66
112.02,1547803022,664.27,51.51407749,7.47287512,132.69,0.00,0.00,0.53,0,-93.00,-10.00,0.00,0.00,40.00,0.00,0,66
113.02,1547803023,664.27,51.51411443,7.47287365,132.61,4.02,0.00,1.49,0,-93.00,-10.00,0.00,0.00,40.00,0.00,0,66
114.02,1547803024,668.32,51.51416107,7.47287980,131.86,4.93,0.00,2.46,0,-89.00,-9.00,0.00,0.00,42.00,0.00,0,66
115.02,1547803025,673.25,51.51420506,7.47288262,131.15,6.65,0.00,2.90,0,-89.00,-9.00,0.00,0.00,42.00,0.00,0,66
116.02,1547803026,679.90,51.51427426,7.47289107,130.51,8.47,0.00,2.76,0,-87.00,-7.00,0.00,0.00,42.00,0.00,0,66
117.02,1547803027,688.37,51.51436836,7.47290295,130.03,10.21,0.00,3.48,0,-87.00,-7.00,0.00,0.00,42.00,0.00,0,66
118.02,1547803028,698.59,51.51446018,7.47291672,129.84,10.95,0.00,4.32,0,-82.00,-8.00,0.00,0.00,50.00,0.00,0,66
119.02,1547803029,709.54,51.51453711,7.47293012,129.47,10.15,0.00,4.75,0,-82.00,-8.00,0.00,0.00,50.00,0.00,0,66
120.02,1547803030,719.69,51.51462425,7.47294523,129.32,8.64,0.00,5.31,0,-80.00,-7.00,0.00,0.00,49.00,0.00,0,66
121.02,1547803031,728.33,51.51469869,7.47295621,129.10,7.43,0.00,4.95,0,-80.00,-7.00,0.00,0.00,49.00,0.00,0,66
122.02,1547803032,735.73,51.51475741,7.47296337,128.82,6.16,0.00,4.95,0,-75.00,-7.00,0.00,0.00,54.00,0.00,0,66
123.02,1547803033,741.90,51.51481013,7.47297140,128.84,3.81,0.00,4.50,0,-75.00,-7.00,0.00,0.00,54.00,0.00,0,66
124.03,1547803034,745.74,51.51483856,7.47297927,128.84,2.36,0.00,3.20,0,-69.00,-13.00,0.00,0.00,63.00,0.00,0,62
125.02,1547803035,748.07,51.51483856,7.47297927,128.84,0.00,0.00,3.20,0,-69.00,-13.00,0.00,0.00,63.00,0.00,0,62
126.02,1547803036,748.07,51.51483856,7.47297927,128.84,0.00,0.00,3.20,0,-69.00,-13.00,0.00,0.00,63.00,0.00,0,62
127.02,1547803037,748.07,51.51483856,7.47297927,128.84,0.00,0.00,3.20,0,-66.00,-12.00,0.00,0.00,63.00,0.00,0,62
128.02,1547803038,748.07,51.51483856,7.47297927,128.83,0.00,0.00,3.20,0,-66.00,-12.00,0.00,0.00,63.00,0.00,0,62
129.02,1547803039,748.07,51.51483856,7.47297927,128.82,0.00,0.00,3.20,0,-65.00,-11.00,0.00,0.00,63.00,0.00,0,62
130.02,1547803040,748.07,51.51483856,7.47297927,128.73,0.00,0.00,3.20,0,-65.00,-11.00,0.00,0.00,63.00,0.00,0,62
131.02,1547803041,748.07,51.51483856,7.47297927,128.60,0.00,0.00,3.20,0,-66.00,-12.00,0.00,0.00,63.00,0.00,0,62
132.02,1547803042,748.07,51.51483856,7.47297927,127.10,0.00,0.00,3.60,0,-66.00,-12.00,0.00,0.00,63.00,0.00,0,62
133.02,1547803043,748.07,51.51496986,7.47300424,126.62,0.00,0.00,3.25,0,-67.00,-13.00,0.00,0.00,63.00,0.00,0,62
134.02,1547803044,748.09,51.51503965,7.47301305,126.43,9.74,0.00,2.42,0,-67.00,-13.00,0.00,0.00,63.00,0.00,0,62
135.02,1547803045,757.84,51.51514698,7.47301941,126.89,10.46,0.00,1.59,0,-66.00,-12.00,0.00,0.00,63.00,0.00,0,62
135.02,1547803045,757.85,51.51514698,7.47301941,126.89,10.46,0.00,1.59,0,-69.00,-16.00,0.00,0.00,63.00,0.00,0,68
136.02,1547803046,768.30,51.51523645,7.47301508,127.08,10.78,0.00,0.15,0,-66.00,-12.00,0.00,0.00,63.00,0.00,0,62
136.02,1547803046,768.31,51.51523645,7.47301508,127.08,10.78,0.00,0.15,0,-69.00,-16.00,0.00,0.00,63.00,0.00,0,68
137.02,1547803047,779.08,51.51533141,7.47300150,127.51,11.42,0.00,357.29,0,-73.00,-13.00,0.00,0.00,61.00,0.00,0,62
137.02,1547803047,779.09,51.51533141,7.47300150,127.51,11.42,0.00,357.29,0,-69.00,-14.00,0.00,0.00,63.00,0.00,0,68
138.02,1547803048,790.51,51.51544114,7.47296670,127.89,12.75,0.00,353.39,0,-73.00,-13.00,0.00,0.00,61.00,0.00,0,62
138.02,1547803048,790.52,51.51544114,7.47296670,127.89,12.75,0.00,353.39,0,-69.00,-14.00,0.00,0.00,63.00,0.00,0,68
139.02,1547803049,803.27,51.51554776,7.47292355,128.42,13.46,0.00,350.12,0,-74.00,-14.00,0.00,0.00,59.00,0.00,0,62
139.02,1547803049,803.27,51.51554776,7.47292355,128.42,13.46,0.00,350.12,0,-75.00,-12.00,0.00,0.00,59.00,0.00,0,68
140.02,1547803050,816.72,51.51566939,7.47286447,129.32,13.17,0.00,346.54,0,-74.00,-14.00,0.00,0.00,59.00,0.00,0,62
140.02,1547803050,816.73,51.51566939,7.47286447,129.32,13.17,0.00,346.54,0,-75.00,-12.00,0.00,0.00,59.00,0.00,0,68
141.02,1547803051,829.89,51.51578543,7.47279098,129.70,13.44,0.00,342.68,0,-79.00,-9.00,0.00,0.00,50.00,0.00,0,62
141.02,1547803051,829.89,51.51578543,7.47279098,129.70,13.44,0.00,342.68,0,-77.00,-8.00,0.00,0.00,55.00,0.00,0,68
142.02,1547803052,843.27,51.51590207,7.47270303,130.28,13.78,0.00,339.72,0,-79.00,-9.00,0.00,0.00,50.00,0.00,0,62
142.02,1547803052,843.29,51.51590207,7.47270303,130.28,13.78,0.00,339.72,0,-77.00,-8.00,0.00,0.00,55.00,0.00,0,68
143.02,1547803053,857.06,51.51601965,7.47259651,130.80,14.04,0.00,335.62,0,-80.00,-10.00,0.00,0.00,49.00,0.00,0,62
143.02,1547803053,857.07,51.51601965,7.47259651,130.80,14.04,0.00,335.62,0,-85.00,-14.00,0.00,0.00,48.00,0.00,0,363
143.02,1547803053,857.07,51.51601965,7.47259651,130.80,14.04,0.00,335.62,0,-76.00,-7.00,0.00,0.00,52.00,0.00,0,68
144.02,1547803054,871.16,51.51613337,7.47243815,131.99,13.53,0.00,320.78,0,-80.00,-10.00,0.00,0.00,49.00,0.00,0,62
144.02,1547803054,871.17,51.51613337,7.47243815,131.99,13.53,0.00,320.78,0,-85.00,-14.00,0.00,0.00,48.00,0.00,0,363
144.02,1547803054,871.18,51.51613337,7.47243815,131.99,13.53,0.00,320.78,0,-76.00,-7.00,0.00,0.00,52.00,0.00,0,68
145.03,1547803055,884.81,51.51622743,7.47229432,134.03,14.02,0.00,319.21,0,-82.00,-12.00,0.00,0.00,49.00,0.00,0,62
145.03,1547803055,884.82,51.51622743,7.47229432,134.03,14.02,0.00,319.21,0,-86.00,-15.00,0.00,0.00,49.00,0.00,0,363
145.03,1547803055,884.84,51.51622743,7.47229432,134.03,14.02,0.00,319.21,0,-76.00,-7.00,0.00,0.00,52.00,0.00,0,68
146.02,1547803056,898.71,51.51629970,7.47215715,135.21,13.81,0.00,316.46,0,-82.00,-12.00,0.00,0.00,49.00,0.00,0,62
146.02,1547803056,898.73,51.51629970,7.47215715,135.21,13.81,0.00,316.46,0,-86.00,-15.00,0.00,0.00,49.00,0.00,0,363
146.03,1547803056,898.74,51.51629970,7.47215715,135.21,13.81,0.00,316.46,0,-76.00,-7.00,0.00,0.00,52.00,0.00,0,68
147.02,1547803057,912.52,51.51639950,7.47198344,137.00,14.35,0.00,313.32,0,-82.00,-12.00,0.00,0.00,49.00,0.00,0,62
147.02,1547803057,912.52,51.51639950,7.47198344,137.00,14.35,0.00,313.32,0,-86.00,-15.00,0.00,0.00,49.00,0.00,0,363
147.02,1547803057,912.54,51.51639950,7.47198344,137.00,14.35,0.00,313.32,0,-76.00,-7.00,0.00,0.00,52.00,0.00,0,68
148.02,1547803058,926.86,51.51648385,7.47180805,138.43,13.54,0.00,309.97,0,-82.00,-10.00,0.00,0.00,48.00,0.00,0,62
148.02,1547803058,926.87,51.51648385,7.47180805,138.43,13.54,0.00,309.97,0,-88.00,-15.00,0.00,0.00,46.00,0.00,0,363
149.02,1547803059,940.39,51.51653575,7.47161059,139.40,14.64,0.00,296.63,0,-82.00,-10.00,0.00,0.00,48.00,0.00,0,62
149.02,1547803059,940.41,51.51653575,7.47161059,139.40,14.64,0.00,296.63,0,-88.00,-15.00,0.00,0.00,46.00,0.00,0,363
160.03,1547803070,1096.39,51.51703952,7.46953247,136.92,13.75,0.00,289.63,0,-98.00,-12.00,0.00,0.00,34.00,0.00,0,107
160.03,1547803070,1096.41,51.51703952,7.46953247,136.92,13.75,0.00,289.63,0,-101.00,-13.00,0.00,0.00,34.00,0.00,0,347
161.02,1547803071,1110.11,51.51707797,7.46933065,137.16,13.67,0.00,289.07,0,-98.00,-12.00,0.00,0.00,34.00,0.00,0,107
161.02,1547803071,1110.12,51.51707797,7.46933065,137.16,13.67,0.00,289.07,0,-101.00,-13.00,0.00,0.00,34.00,0.00,0,347
162.02,1547803072,1123.72,51.51711357,7.46913956,137.32,13.52,0.00,288.70,0,-101.00,-14.00,0.00,0.00,33.00,0.00,0,345
162.02,1547803072,1123.72,51.51711357,7.46913956,137.32,13.52,0.00,288.70,0,-102.00,-15.00,0.00,0.00,33.00,0.00,0,347
163.02,1547803073,1137.29,51.51714901,7.46895214,137.61,13.02,0.00,289.16,0,-101.00,-14.00,0.00,0.00,33.00,0.00,0,345
163.02,1547803073,1137.31,51.51714901,7.46895214,137.61,13.02,0.00,289.16,0,-102.00,-15.00,0.00,0.00,33.00,0.00,0,347
164.02,1547803074,1150.31,51.51718167,7.46877735,138.00,11.63,0.00,289.26,0,-97.00,-13.00,0.00,0.00,34.00,0.00,0,347
164.02,1547803074,1150.32,51.51718167,7.46877735,138.00,11.63,0.00,289.26,0,-97.00,-12.00,0.00,0.00,34.00,0.00,0,345
165.02,1547803075,1161.94,51.51721512,7.46861273,138.44,11.70,0.00,289.84,0,-97.00,-13.00,0.00,0.00,34.00,0.00,0,347
165.02,1547803075,1161.95,51.51721512,7.46861273,138.44,11.70,0.00,289.84,0,-97.00,-12.00,0.00,0.00,34.00,0.00,0,345
166.03,1547803076,1173.76,51.51725065,7.46844882,138.62,12.32,0.00,290.68,0,-97.00,-13.00,0.00,0.00,34.00,0.00,0,347
166.03,1547803076,1173.76,51.51725065,7.46844882,138.62,12.32,0.00,290.68,0,-97.00,-12.00,0.00,0.00,34.00,0.00,0,345
167.02,1547803077,1185.96,51.51728774,7.46827027,138.98,12.42,0.00,291.31,0,-97.00,-13.00,0.00,0.00,34.00,0.00,0,347
167.02,1547803077,1185.96,51.51728774,7.46827027,138.98,12.42,0.00,291.31,0,-97.00,-12.00,0.00,0.00,34.00,0.00,0,345
168.02,1547803078,1198.38,51.51732727,7.46812282,138.96,11.70,0.00,292.95,0,-97.00,-13.00,0.00,0.00,34.00,0.00,0,347
168.02,1547803078,1198.39,51.51732727,7.46812282,138.96,11.70,0.00,292.95,0,-97.00,-12.00,0.00,0.00,34.00,0.00,0,345
169.02,1547803079,1210.07,51.51736548,7.46797686,138.71,11.65,0.00,293.91,0,-90.00,-10.00,0.00,0.00,41.00,0.00,0,347
169.02,1547803079,1210.09,51.51736548,7.46797686,138.71,11.65,0.00,293.91,0,-93.00,-12.00,0.00,0.00,41.00,0.00,0,345
170.02,1547803080,1221.72,51.51740447,7.46784006,138.30,11.80,0.00,294.81,0,-90.00,-10.00,0.00,0.00,41.00,0.00,0,347
170.02,1547803080,1221.72,51.51740447,7.46784006,138.30,11.80,0.00,294.81,0,-93.00,-12.00,0.00,0.00,41.00,0.00,0,345
171.02,1547803081,1233.51,51.51744914,7.46768308,137.01,12.13,0.00,296.69,0,-93.00,-12.00,0.00,0.00,41.00,0.00,0,345
172.02,1547803082,1245.61,51.51749688,7.46751367,135.86,11.90,0.00,297.27,0,-93.00,-12.00,0.00,0.00,41.00,0.00,0,345
173.02,1547803083,1257.52,51.51754771,7.46735357,134.95,12.47,0.00,298.17,0,-92.00,-11.00,0.00,0.00,39.00,0.00,0,345
174.02,1547803084,1269.98,51.51759196,7.46719884,134.46,12.72,0.00,296.77,0,-92.00,-11.00,0.00,0.00,39.00,0.00,0,345
177.02,1547803087,1307.16,51.51772047,7.46669441,134.98,12.91,0.00,291.04,0,-87.00,-9.00,0.00,0.00,39.00,0.00,0,345
177.02,1547803087,1307.16,51.51772047,7.46669441,134.98,12.91,0.00,291.04,0,-81.00,-10.00,0.00,0.00,50.00,0.00,0,364
178.02,1547803088,1320.06,51.51775595,7.46652701,135.46,12.69,0.00,289.18,0,-87.00,-9.00,0.00,0.00,39.00,0.00,0,345
178.02,1547803088,1320.06,51.51775595,7.46652701,135.46,12.69,0.00,289.18,0,-81.00,-10.00,0.00,0.00,50.00,0.00,0,364
179.02,1547803089,1332.75,51.51778817,7.46636032,136.05,12.25,0.00,287.60,0,-90.00,-14.00,0.00,0.00,42.00,0.00,0,218
179.02,1547803089,1332.77,51.51778817,7.46636032,136.05,12.25,0.00,287.60,0,-96.00,-19.00,0.00,0.00,41.00,0.00,0,68
180.02,1547803090,1344.99,51.51781795,7.46620322,136.23,11.41,0.00,285.64,0,-90.00,-14.00,0.00,0.00,42.00,0.00,0,218
180.02,1547803090,1345.00,51.51781795,7.46620322,136.23,11.41,0.00,285.64,0,-96.00,-19.00,0.00,0.00,41.00,0.00,0,68
181.02,1547803091,1356.39,51.51784188,7.46605444,136.02,10.53,0.00,283.76,0,-90.00,-13.00,0.00,0.00,42.00,0.00,0,218
181.02,1547803091,1356.40,51.51784188,7.46605444,136.02,10.53,0.00,283.76,0,-93.00,-15.00,0.00,0.00,42.00,0.00,0,217
182.02,1547803092,1366.86,51.51785796,7.46592774,135.26,10.26,0.00,282.31,0,-90.00,-13.00,0.00,0.00,42.00,0.00,0,218
182.02,1547803092,1366.88,51.51785796,7.46592774,135.26,10.26,0.00,282.31,0,-93.00,-15.00,0.00,0.00,42.00,0.00,0,217
185.02,1547803095,1399.07,51.51788894,7.46544119,134.36,12.11,0.00,275.49,0,-94.00,-13.00,0.00,0.00,39.00,0.00,0,218
185.02,1547803095,1399.07,51.51788894,7.46544119,134.36,12.11,0.00,275.49,0,-99.00,-18.00,0.00,0.00,38.00,0.00,0,68
186.02,1547803096,1411.17,51.51789176,7.46526427,134.17,12.62,0.00,273.20,0,-94.00,-13.00,0.00,0.00,39.00,0.00,0,218
186.02,1547803096,1411.18,51.51789176,7.46526427,134.17,12.62,0.00,273.20,0,-99.00,-18.00,0.00,0.00,38.00,0.00,0,68
187.03,1547803097,1423.93,51.51789076,7.46507218,134.12,12.70,0.00,270.98,0,-90.00,-12.00,0.00,0.00,42.00,0.00,0,218
187.03,1547803097,1423.95,51.51789076,7.46507218,134.12,12.70,0.00,270.98,0,-93.00,-14.00,0.00,0.00,41.00,0.00,0,68
188.02,1547803098,1436.51,51.51788507,7.46488241,133.83,12.71,0.00,268.96,0,-90.00,-12.00,0.00,0.00,42.00,0.00,0,218
188.02,1547803098,1436.51,51.51788507,7.46488241,133.83,12.71,0.00,268.96,0,-93.00,-14.00,0.00,0.00,41.00,0.00,0,68
189.02,1547803099,1449.21,51.51787423,7.46468914,133.73,12.12,0.00,267.20,0,-90.00,-12.00,0.00,0.00,42.00,0.00,0,218
189.02,1547803099,1449.22,51.51787423,7.46468914,133.73,12.12,0.00,267.20,0,-93.00,-14.00,0.00,0.00,41.00,0.00,0,68
190.02,1547803100,1461.33,51.51786275,7.46451405,133.48,12.03,0.00,265.08,0,-90.00,-12.00,0.00,0.00,42.00,0.00,0,218
190.02,1547803100,1461.33,51.51786275,7.46451405,133.48,12.03,0.00,265.08,0,-90.00,-11.00,0.00,0.00,42.00,0.00,0,68
191.02,1547803101,1473.32,51.51785038,7.46437567,132.89,11.68,0.00,262.89,0,-90.00,-12.00,0.00,0.00,42.00,0.00,0,218
191.02,1547803101,1473.33,51.51785038,7.46437567,132.89,11.68,0.00,262.89,0,-90.00,-11.00,0.00,0.00,42.00,0.00,0,68
192.03,1547803102,1485.15,51.51783218,7.46419873,132.32,11.41,0.00,260.51,0,-91.00,-13.00,0.00,0.00,42.00,0.00,0,218
192.03,1547803102,1485.16,51.51783218,7.46419873,132.32,11.41,0.00,260.51,0,-92.00,-13.00,0.00,0.00,42.00,0.00,0,68
193.02,1547803103,1496.40,51.51780574,7.46402208,131.80,11.42,0.00,256.44,0,-91.00,-13.00,0.00,0.00,42.00,0.00,0,218
193.02,1547803103,1496.40,51.51780574,7.46402208,131.80,11.42,0.00,256.44,0,-92.00,-13.00,0.00,0.00,42.00,0.00,0,68
194.02,1547803104,1507.82,51.51777154,7.46384566,131.65,11.83,0.00,253.65,0,-88.00,-12.00,0.00,0.00,43.00,0.00,0,218
195.02,1547803105,1519.70,51.51773951,7.46368328,131.61,11.62,0.00,252.01,0,-88.00,-12.00,0.00,0.00,43.00,0.00,0,218
196.02,1547803106,1531.34,51.51770871,7.46353142,131.37,11.39,0.00,250.68,0,-88.00,-12.00,0.00,0.00,43.00,0.00,0,218
197.02,1547803107,1542.73,51.51767605,7.46337783,131.04,11.16,0.00,249.63,0,-88.00,-12.00,0.00,0.00,43.00,0.00,0,218
198.02,1547803108,1553.88,51.51764175,7.46322703,130.74,10.97,0.00,248.60,0,-87.00,-12.00,0.00,0.00,44.00,0.00,0,218
199.02,1547803109,1564.85,51.51760753,7.46308002,130.34,11.03,0.00,248.61,0,-87.00,-12.00,0.00,0.00,44.00,0.00,0,218
200.02,1547803110,1575.87,51.51757311,7.46293386,129.92,11.05,0.00,248.10,0,-90.00,-11.00,0.00,0.00,40.00,0.00,0,218
201.02,1547803111,1586.92,51.51753859,7.46278745,129.35,11.27,0.00,247.66,0,-90.00,-11.00,0.00,0.00,40.00,0.00,0,218
202.02,1547803112,1598.17,51.51749873,7.46263474,128.82,11.54,0.00,246.71,0,-90.00,-13.00,0.00,0.00,42.00,0.00,0,218
203.02,1547803113,1609.70,51.51745710,7.46247628,128.42,12.04,0.00,247.12,0,-90.00,-13.00,0.00,0.00,42.00,0.00,0,218
204.02,1547803114,1621.79,51.51741765,7.46231216,128.16,12.05,0.00,248.40,0,-90.00,-13.00,0.00,0.00,44.00,0.00,0,218
205.02,1547803115,1633.83,51.51738197,7.46215296,128.39,11.55,0.00,249.41,0,-90.00,-13.00,0.00,0.00,44.00,0.00,0,218
206.02,1547803116,1645.38,51.51734720,7.46199750,128.48,11.53,0.00,250.08,0,-89.00,-13.00,0.00,0.00,44.00,0.00,0,218
207.02,1547803117,1656.90,51.51731422,7.46183406,128.72,11.67,0.00,252.17,0,-89.00,-13.00,0.00,0.00,44.00,0.00,0,218
208.03,1547803118,1668.66,51.51728130,7.46166513,128.97,11.68,0.00,253.57,0,-82.00,-8.00,0.00,0.00,43.00,0.00,0,105
209.02,1547803119,1680.25,51.51725029,7.46151807,128.95,11.26,0.00,253.18,0,-82.00,-8.00,0.00,0.00,43.00,0.00,0,105
210.02,1547803120,1691.51,51.51721786,7.46137292,128.89,11.15,0.00,253.06,0,-82.00,-8.00,0.00,0.00,43.00,0.00,0,105
211.02,1547803121,1702.69,51.51717925,7.46126566,129.31,11.13,0.00,252.73,0,-89.00,-9.00,0.00,0.00,40.00,0.00,0,105
212.02,1547803122,1713.77,51.51714213,7.46112990,130.17,10.94,0.00,253.40,0,-89.00,-9.00,0.00,0.00,40.00,0.00,0,105
213.02,1547803123,1724.70,51.51710433,7.46098592,130.69,10.66,0.00,253.04,0,-86.00,-12.00,0.00,0.00,46.00,0.00,0,105
214.03,1547803124,1735.47,51.51706782,7.46084678,130.95,10.37,0.00,252.62,0,-86.00,-12.00,0.00,0.00,46.00,0.00,0,105
215.02,1547803125,1745.73,51.51703628,7.46071054,131.03,9.66,0.00,253.02,0,-86.00,-10.00,0.00,0.00,43.00,0.00,0,105
216.02,1547803126,1755.39,51.51700812,7.46058930,130.51,8.71,0.00,253.47,0,-86.00,-10.00,0.00,0.00,43.00,0.00,0,105
217.02,1547803127,1764.14,51.51698047,7.46047026,129.97,8.28,0.00,253.03,0,-86.00,-7.00,0.00,0.00,41.00,0.00,0,105
218.02,1547803128,1772.42,51.51695560,7.46035515,129.71,8.20,0.00,252.58,0,-86.00,-7.00,0.00,0.00,41.00,0.00,0,105
219.02,1547803129,1780.62,51.51692905,7.46024068,129.26,8.21,0.00,252.10,0,-84.00,-8.00,0.00,0.00,42.00,0.00,0,105
220.02,1547803130,1788.83,51.51690474,7.46012958,129.00,8.26,0.00,252.68,0,-84.00,-8.00,0.00,0.00,42.00,0.00,0,105
221.02,1547803131,1797.09,51.51688221,7.46002592,128.69,8.07,0.00,253.42,0,-84.00,-7.00,0.00,0.00,45.00,0.00,0,105
222.02,1547803132,1805.16,51.51685804,7.45991239,129.22,8.02,0.00,254.18,0,-84.00,-7.00,0.00,0.00,45.00,0.00,0,105
223.02,1547803133,1813.19,51.51683786,7.45980814,130.04,7.75,0.00,255.05,0,-91.00,-13.00,0.00,0.00,41.00,0.00,0,181
223.02,1547803133,1813.19,51.51683786,7.45980814,130.04,7.75,0.00,255.05,0,-93.00,-12.00,0.00,0.00,40.00,0.00,0,345
224.02,1547803134,1820.95,51.51681962,7.45970055,130.85,7.83,0.00,255.55,0,-91.00,-13.00,0.00,0.00,41.00,0.00,0,181
224.03,1547803134,1820.96,51.51681962,7.45970055,130.85,7.83,0.00,255.55,0,-93.00,-12.00,0.00,0.00,40.00,0.00,0,345
225.03,1547803135,1828.81,51.51680415,7.45958589,131.70,8.42,0.00,256.43,0,-89.00,-12.00,0.00,0.00,45.00,0.00,0,105
226.02,1547803136,1837.15,51.51679003,7.45946893,131.52,8.49,0.00,257.25,0,-89.00,-12.00,0.00,0.00,45.00,0.00,0,105
234.02,1547803144,1899.12,51.51668157,7.45858897,132.93,8.03,0.00,258.09,0,-105.00,-12.00,0.00,0.00,27.00,0.00,0,164
235.02,1547803145,1907.16,51.51666762,7.45847112,132.92,7.70,0.00,257.31,0,-105.00,-12.00,0.00,0.00,27.00,0.00,0,164
236.02,1547803146,1914.89,51.51665415,7.45835341,132.94,7.44,0.00,257.61,0,-80.00,-9.00,0.00,0.00,47.00,0.00,0,460
236.02,1547803146,1914.89,51.51665415,7.45835341,132.94,7.44,0.00,257.61,0,-84.00,-10.00,0.00,0.00,46.00,0.00,0,375
237.03,1547803147,1922.35,51.51663820,7.45823629,134.03,6.79,0.00,257.91,0,-80.00,-9.00,0.00,0.00,47.00,0.00,0,460
237.03,1547803147,1922.35,51.51663820,7.45823629,134.03,6.79,0.00,257.91,0,-84.00,-10.00,0.00,0.00,46.00,0.00,0,375
240.02,1547803150,1941.89,51.51660836,7.45797070,135.21,5.62,0.00,257.81,0,-84.00,-15.00,0.00,0.00,51.00,0.00,0,375
241.02,1547803151,1947.52,51.51659967,7.45789871,135.69,4.88,0.00,257.73,0,-84.00,-15.00,0.00,0.00,51.00,0.00,0,375
248.02,1547803158,1969.51,51.51656625,7.45761742,136.62,0.00,0.00,257.03,0,-85.00,-10.00,0.00,0.00,45.00,0.00,0,375
249.02,1547803159,1969.51,51.51656625,7.45761742,136.62,0.00,0.00,257.03,0,-85.00,-10.00,0.00,0.00,45.00,0.00,0,375
250.03,1547803160,1969.51,51.51656625,7.45761742,136.61,0.00,0.00,257.03,0,-82.00,-9.00,0.00,0.00,46.00,0.00,0,375
251.02,1547803161,1969.51,51.51656625,7.45761742,136.60,0.00,0.00,257.03,0,-82.00,-9.00,0.00,0.00,46.00,0.00,0,375
252.02,1547803162,1969.51,51.51656625,7.45761742,136.60,0.00,0.00,257.03,0,-82.00,-9.00,0.00,0.00,46.00,0.00,0,375
253.02,1547803163,1969.51,51.51656625,7.45761742,136.60,0.00,0.00,257.03,0,-82.00,-12.00,0.00,0.00,53.00,0.00,0,375
254.02,1547803164,1969.51,51.51656625,7.45761742,136.63,0.00,0.00,257.03,0,-82.00,-12.00,0.00,0.00,53.00,0.00,0,375
255.02,1547803165,1969.51,51.51656625,7.45761742,136.66,0.00,0.00,257.03,0,-82.00,-14.00,0.00,0.00,48.00,0.00,0,375
256.02,1547803166,1969.51,51.51656625,7.45761742,136.97,0.00,0.00,244.72,0,-82.00,-14.00,0.00,0.00,48.00,0.00,0,375
259.02,1547803169,1973.69,51.51653525,7.45744612,137.60,4.34,0.00,257.66,0,-85.00,-12.00,0.00,0.00,48.00,0.00,0,375
260.02,1547803170,1978.03,51.51652320,7.45737073,137.32,5.83,0.00,257.15,0,-85.00,-12.00,0.00,0.00,48.00,0.00,0,375
282.02,1547803192,2194.34,51.51527601,7.45500936,139.97,12.25,0.00,176.47,0,-85.00,-15.00,0.00,0.00,50.00,0.00,0,375
283.03,1547803193,2206.67,51.51516450,7.45503823,140.36,12.45,0.00,176.01,0,-85.00,-15.00,0.00,0.00,50.00,0.00,0,375
330.02,1547803240,2321.04,51.51419720,7.45530179,138.40,0.00,0.00,171.52,0,-83.00,-9.00,0.00,0.00,46.00,0.00,0,180
331.02,1547803241,2321.04,51.51419720,7.45530179,138.38,0.00,0.00,171.52,0,-83.00,-9.00,0.00,0.00,46.00,0.00,0,180
364.02,1547803274,2411.67,51.51329231,7.45576925,142.06,11.87,0.00,151.74,0,-102.00,-11.00,0.00,0.00,30.00,0.00,0,73
365.02,1547803275,2423.54,51.51322583,7.45585965,142.35,9.32,0.00,138.07,0,-102.00,-11.00,0.00,0.00,30.00,0.00,0,73
366.02,1547803276,2432.87,51.51317174,7.45595793,142.87,10.04,0.00,134.27,0,-103.00,-13.00,0.00,0.00,36.00,0.00,0,73
367.02,1547803277,2442.90,51.51310737,7.45609204,143.14,9.95,0.00,131.71,0,-103.00,-13.00,0.00,0.00,36.00,0.00,0,73
368.02,1547803278,2452.86,51.51303558,7.45623810,143.90,12.17,0.00,132.43,0,-106.00,-17.00,0.00,0.00,31.00,0.00,0,73
368.02,1547803278,2452.87,51.51303558,7.45623810,143.90,12.17,0.00,132.43,0,-106.00,-16.00,0.00,0.00,31.00,0.00,0,487
369.02,1547803279,2465.03,51.51297166,7.45636215,144.29,11.69,0.00,133.05,0,-106.00,-17.00,0.00,0.00,31.00,0.00,0,73
369.02,1547803279,2465.04,51.51297166,7.45636215,144.29,11.69,0.00,133.05,0,-106.00,-16.00,0.00,0.00,31.00,0.00,0,487
370.02,1547803280,2476.72,51.51289367,7.45651380,144.50,12.32,0.00,131.74,0,-103.00,-12.00,0.00,0.00,28.00,0.00,0,268
370.02,1547803280,2476.73,51.51289367,7.45651380,144.50,12.32,0.00,131.74,0,-105.00,-14.00,0.00,0.00,27.00,0.00,0,487
371.02,1547803281,2489.06,51.51282150,7.45666637,144.68,12.97,0.00,130.32,0,-103.00,-12.00,0.00,0.00,28.00,0.00,0,268
371.02,1547803281,2489.07,51.51282150,7.45666637,144.68,12.97,0.00,130.32,0,-105.00,-14.00,0.00,0.00,27.00,0.00,0,487
372.02,1547803282,2502.02,51.51274691,7.45682999,144.77,12.53,0.00,129.30,0,-101.00,-17.00,0.00,0.00,36.00,0.00,0,482
372.02,1547803282,2502.04,51.51274691,7.45682999,144.77,12.53,0.00,129.30,0,-103.00,-18.00,0.00,0.00,36.00,0.00,0,487
372.03,1547803282,2502.05,51.51274691,7.45682999,144.77,12.53,0.00,129.30,0,-104.00,-17.00,0.00,0.00,36.00,0.00,0,268
373.02,1547803283,2514.56,51.51267914,7.45697732,144.98,11.98,0.00,128.46,0,-101.00,-17.00,0.00,0.00,36.00,0.00,0,482
373.02,1547803283,2514.57,51.51267914,7.45697732,144.98,11.98,0.00,128.46,0,-103.00,-18.00,0.00,0.00,36.00,0.00,0,487
373.02,1547803283,2514.57,51.51267914,7.45697732,144.98,11.98,0.00,128.46,0,-104.00,-17.00,0.00,0.00,36.00,0.00,0,268
374.02,1547803284,2526.52,51.51261214,7.45712444,145.04,11.80,0.00,127.91,0,-103.00,-16.00,0.00,0.00,34.00,0.00,0,487
374.02,1547803284,2526.53,51.51261214,7.45712444,145.04,11.80,0.00,127.91,0,-105.00,-18.00,0.00,0.00,34.00,0.00,0,482
375.02,1547803285,2538.33,51.51255059,7.45725144,145.23,10.99,0.00,127.30,0,-103.00,-16.00,0.00,0.00,34.00,0.00,0,487
375.02,1547803285,2538.34,51.51255059,7.45725144,145.23,10.99,0.00,127.30,0,-105.00,-18.00,0.00,0.00,34.00,0.00,0,482
376.02,1547803286,2549.32,51.51249222,7.45737606,145.28,10.63,0.00,127.65,0,-103.00,-14.00,0.00,0.00,39.00,0.00,0,482
376.03,1547803286,2549.34,51.51249222,7.45737606,145.28,10.63,0.00,127.65,0,-104.00,-15.00,0.00,0.00,40.00,0.00,0,460
376.03,1547803286,2549.35,51.51249222,7.45737606,145.28,10.63,0.00,127.65,0,-106.00,-18.00,0.00,0.00,38.00,0.00,0,481
377.02,1547803287,2559.95,51.51243772,7.45749817,145.05,10.32,0.00,126.78,0,-103.00,-14.00,0.00,0.00,39.00,0.00,0,482
377.02,1547803287,2559.96,51.51243772,7.45749817,145.05,10.32,0.00,126.78,0,-104.00,-15.00,0.00,0.00,40.00,0.00,0,460
377.02,1547803287,2559.96,51.51243772,7.45749817,145.05,10.32,0.00,126.78,0,-106.00,-18.00,0.00,0.00,38.00,0.00,0,481
378.03,1547803288,2570.34,51.51238822,7.45760428,145.17,9.79,0.00,126.00,0,-101.00,-12.00,0.00,0.00,31.00,0.00,0,482
378.03,1547803288,2570.34,51.51238822,7.45760428,145.17,9.79,0.00,126.00,0,-102.00,-14.00,0.00,0.00,31.00,0.00,0,481
378.03,1547803288,2570.35,51.51238822,7.45760428,145.17,9.79,0.00,126.00,0,-102.00,-11.00,0.00,0.00,28.00,0.00,0,182
378.03,1547803288,2570.36,51.51238822,7.45760428,145.17,9.79,0.00,126.00,0,-105.00,-13.00,0.00,0.00,28.00,0.00,0,180
379.02,1547803289,2580.07,51.51233955,7.45771991,145.11,9.11,0.00,125.27,0,-101.00,-12.00,0.00,0.00,31.00,0.00,0,482
379.02,1547803289,2580.08,51.51233955,7.45771991,145.11,9.11,0.00,125.27,0,-102.00,-14.00,0.00,0.00,31.00,0.00,0,481
379.03,1547803289,2580.09,51.51233955,7.45771991,145.11,9.11,0.00,125.27,0,-102.00,-11.00,0.00,0.00,28.00,0.00,0,182
379.03,1547803289,2580.10,51.51233955,7.45771991,145.11,9.11,0.00,125.27,0,-105.00,-13.00,0.00,0.00,28.00,0.00,0,180
380.02,1547803290,2589.19,51.51229180,7.45782856,145.09,9.67,0.00,124.94,0,-101.00,-12.00,0.00,0.00,31.00,0.00,0,482
380.03,1547803290,2589.20,51.51229180,7.45782856,145.09,9.67,0.00,124.94,0,-102.00,-14.00,0.00,0.00,31.00,0.00,0,481
380.03,1547803290,2589.20,51.51229180,7.45782856,145.09,9.67,0.00,124.94,0,-102.00,-11.00,0.00,0.00,28.00,0.00,0,182
380.03,1547803290,2589.21,51.51229180,7.45782856,145.09,9.67,0.00,124.94,0,-105.00,-13.00,0.00,0.00,28.00,0.00,0,180
381.02,1547803291,2598.86,51.51207810,7.45809250,152.70,9.33,0.00,123.69,0,-100.00,-12.00,0.00,0.00,32.00,0.00,0,482
381.03,1547803291,2598.87,51.51207810,7.45809250,152.70,9.33,0.00,123.69,0,-102.00,-14.00,0.00,0.00,32.00,0.00,0,481
382.02,1547803292,2608.18,51.51220087,7.45805331,145.24,8.18,0.00,122.84,0,-100.00,-12.00,0.00,0.00,32.00,0.00,0,482
382.02,1547803292,2608.18,51.51220087,7.45805331,145.24,8.18,0.00,122.84,0,-102.00,-14.00,0.00,0.00,32.00,0.00,0,481
383.02,1547803293,2616.34,51.51216556,7.45813733,145.32,7.02,0.00,123.23,0,-98.00,-14.00,0.00,0.00,36.00,0.00,0,482
383.02,1547803293,2616.35,51.51216556,7.45813733,145.32,7.02,0.00,123.23,0,-100.00,-17.00,0.00,0.00,36.00,0.00,0,481
384.02,1547803294,2623.36,51.51213068,7.45822924,145.46,7.13,0.00,123.40,0,-98.00,-14.00,0.00,0.00,36.00,0.00,0,482
384.02,1547803294,2623.38,51.51213068,7.45822924,145.46,7.13,0.00,123.40,0,-100.00,-17.00,0.00,0.00,36.00,0.00,0,481
385.03,1547803295,2630.52,51.51208858,7.45833503,145.55,8.45,0.00,125.38,0,-97.00,-12.00,0.00,0.00,34.00,0.00,0,482
385.03,1547803295,2630.53,51.51208858,7.45833503,145.55,8.45,0.00,125.38,0,-99.00,-14.00,0.00,0.00,34.00,0.00,0,481
385.03,1547803295,2630.54,51.51208858,7.45833503,145.55,8.45,0.00,125.38,0,-103.00,-8.00,0.00,0.00,24.00,0.00,0,182
385.03,1547803295,2630.54,51.51208858,7.45833503,145.55,8.45,0.00,125.38,0,-106.00,-9.00,0.00,0.00,22.00,0.00,0,492
386.03,1547803296,2639.00,51.51204059,7.45844113,145.32,10.28,0.00,126.81,0,-97.00,-12.00,0.00,0.00,34.00,0.00,0,482
386.03,1547803296,2639.01,51.51204059,7.45844113,145.32,10.28,0.00,126.81,0,-99.00,-14.00,0.00,0.00,34.00,0.00,0,481
386.03,1547803296,2639.02,51.51204059,7.45844113,145.32,10.28,0.00,126.81,0,-103.00,-8.00,0.00,0.00,24.00,0.00,0,182
386.03,1547803296,2639.03,51.51204059,7.45844113,145.32,10.28,0.00,126.81,0,-106.00,-9.00,0.00,0.00,22.00,0.00,0,492
387.02,1547803297,2649.24,51.51197398,7.45858296,145.39,12.11,0.00,127.66,0,-107.00,-13.00,0.00,0.00,33.00,0.00,0,492
387.03,1547803297,2649.25,51.51197398,7.45858296,145.39,12.11,0.00,127.66,0,-110.00,-16.00,0.00,0.00,33.00,0.00,0,493
387.03,1547803297,2649.26,51.51197398,7.45858296,145.39,12.11,0.00,127.66,0,-100.00,-13.00,0.00,0.00,41.00,0.00,0,216
388.03,1547803298,2661.38,51.51191348,7.45871659,145.42,12.24,0.00,125.60,0,-107.00,-13.00,0.00,0.00,33.00,0.00,0,492
388.03,1547803298,2661.39,51.51191348,7.45871659,145.42,12.24,0.00,125.60,0,-110.00,-16.00,0.00,0.00,33.00,0.00,0,493
388.03,1547803298,2661.40,51.51191348,7.45871659,145.42,12.24,0.00,125.60,0,-100.00,-13.00,0.00,0.00,41.00,0.00,0,216
389.03,1547803299,2673.61,51.51184175,7.45887045,145.51,13.00,0.00,126.79,0,-111.00,-11.00,0.00,0.00,21.00,0.00,0,492
389.03,1547803299,2673.62,51.51184175,7.45887045,145.51,13.00,0.00,126.79,0,-111.00,-14.00,0.00,0.00,22.00,0.00,0,180
389.03,1547803299,2673.64,51.51184175,7.45887045,145.51,13.00,0.00,126.79,0,-113.00,-14.00,0.00,0.00,21.00,0.00,0,493
389.03,1547803299,2673.65,51.51184175,7.45887045,145.51,13.00,0.00,126.79,0,-114.00,-17.00,0.00,0.00,22.00,0.00,0,210
389.03,1547803299,2673.65,51.51184175,7.45887045,145.51,13.00,0.00,126.79,0,-115.00,-17.00,0.00,0.00,22.00,0.00,0,212
389.03,1547803299,2673.66,51.51184175,7.45887045,145.51,13.00,0.00,126.79,0,-100.00,-12.00,0.00,0.00,34.00,0.00,0,216
390.02,1547803300,2686.60,51.51178048,7.45900788,145.76,12.66,0.00,127.26,0,-111.00,-11.00,0.00,0.00,21.00,0.00,0,492
390.03,1547803300,2686.61,51.51178048,7.45900788,145.76,12.66,0.00,127.26,0,-111.00,-14.00,0.00,0.00,22.00,0.00,0,180
390.03,1547803300,2686.62,51.51178048,7.45900788,145.76,12.66,0.00,127.26,0,-113.00,-14.00,0.00,0.00,21.00,0.00,0,493
390.03,1547803300,2686.64,51.51178048,7.45900788,145.76,12.66,0.00,127.26,0,-114.00,-17.00,0.00,0.00,22.00,0.00,0,210
390.03,1547803300,2686.64,51.51178048,7.45900788,145.76,12.66,0.00,127.26,0,-115.00,-17.00,0.00,0.00,22.00,0.00,0,212
390.03,1547803300,2686.65,51.51178048,7.45900788,145.76,12.66,0.00,127.26,0,-100.00,-12.00,0.00,0.00,34.00,0.00,0,216
391.03,1547803301,2699.31,51.51171631,7.45914561,146.25,13.38,0.00,127.71,0,-109.00,-12.00,0.00,0.00,24.00,0.00,0,493
391.03,1547803301,2699.32,51.51171631,7.45914561,146.25,13.38,0.00,127.71,0,-110.00,-15.00,0.00,0.00,24.00,0.00,0,210
391.03,1547803301,2699.32,51.51171631,7.45914561,146.25,13.38,0.00,127.71,0,-110.00,-13.00,0.00,0.00,24.00,0.00,0,492
391.03,1547803301,2699.34,51.51171631,7.45914561,146.25,13.38,0.00,127.71,0,-112.00,-16.00,0.00,0.00,24.00,0.00,0,180
391.03,1547803301,2699.35,51.51171631,7.45914561,146.25,13.38,0.00,127.71,0,-112.00,-16.00,0.00,0.00,24.00,0.00,0,212
391.03,1547803301,2699.36,51.51171631,7.45914561,146.25,13.38,0.00,127.71,0,-98.00,-9.00,0.00,0.00,32.00,0.00,0,323
391.03,1547803301,2699.36,51.51171631,7.45914561,146.25,13.38,0.00,127.71,0,-98.00,-14.00,0.00,0.00,35.00,0.00,0,216
392.03,1547803302,2712.69,51.51164269,7.45930084,146.68,13.62,0.00,128.33,0,-109.00,-12.00,0.00,0.00,24.00,0.00,0,493
392.03,1547803302,2712.69,51.51164269,7.45930084,146.68,13.62,0.00,128.33,0,-110.00,-15.00,0.00,0.00,24.00,0.00,0,210
392.03,1547803302,2712.71,51.51164269,7.45930084,146.68,13.62,0.00,128.33,0,-110.00,-13.00,0.00,0.00,24.00,0.00,0,492
392.03,1547803302,2712.72,51.51164269,7.45930084,146.68,13.62,0.00,128.33,0,-112.00,-16.00,0.00,0.00,24.00,0.00,0,180
392.03,1547803302,2712.72,51.51164269,7.45930084,146.68,13.62,0.00,128.33,0,-112.00,-16.00,0.00,0.00,24.00,0.00,0,212
392.03,1547803302,2712.74,51.51164269,7.45930084,146.68,13.62,0.00,128.33,0,-98.00,-9.00,0.00,0.00,32.00,0.00,0,323
392.03,1547803302,2712.75,51.51164269,7.45930084,146.68,13.62,0.00,128.33,0,-98.00,-14.00,0.00,0.00,35.00,0.00,0,216
393.03,1547803303,2726.29,51.51155515,7.45947391,147.23,13.88,0.00,128.85,0,-105.00,-12.00,0.00,0.00,24.00,0.00,0,210
393.03,1547803303,2726.29,51.51155515,7.45947391,147.23,13.88,0.00,128.85,0,-109.00,-12.00,0.00,0.00,23.00,0.00,0,493
393.03,1547803303,2726.30,51.51155515,7.45947391,147.23,13.88,0.00,128.85,0,-111.00,-14.00,0.00,0.00,24.00,0.00,0,212
393.03,1547803303,2726.32,51.51155515,7.45947391,147.23,13.88,0.00,128.85,0,-112.00,-14.00,0.00,0.00,23.00,0.00,0,492
393.03,1547803303,2726.32,51.51155515,7.45947391,147.23,13.88,0.00,128.85,0,-92.00,-12.00,0.00,0.00,40.00,0.00,0,321
393.03,1547803303,2726.33,51.51155515,7.45947391,147.23,13.88,0.00,128.85,0,-93.00,-12.00,0.00,0.00,40.00,0.00,0,323
394.02,1547803304,2740.14,51.51146842,7.45964655,147.73,13.92,0.00,128.45,0,-105.00,-12.00,0.00,0.00,24.00,0.00,0,210
394.03,1547803304,2740.16,51.51146842,7.45964655,147.73,13.92,0.00,128.45,0,-109.00,-12.00,0.00,0.00,23.00,0.00,0,493
394.03,1547803304,2740.16,51.51146842,7.45964655,147.73,13.92,0.00,128.45,0,-111.00,-14.00,0.00,0.00,24.00,0.00,0,212
394.03,1547803304,2740.17,51.51146842,7.45964655,147.73,13.92,0.00,128.45,0,-112.00,-14.00,0.00,0.00,23.00,0.00,0,492
394.03,1547803304,2740.19,51.51146842,7.45964655,147.73,13.92,0.00,128.45,0,-92.00,-12.00,0.00,0.00,40.00,0.00,0,321
394.03,1547803304,2740.20,51.51146842,7.45964655,147.73,13.92,0.00,128.45,0,-93.00,-12.00,0.00,0.00,40.00,0.00,0,323
395.03,1547803305,2754.09,51.51138697,7.45980736,148.15,13.48,0.00,127.66,0,-111.00,-13.00,0.00,0.00,23.00,0.00,0,212
395.03,1547803305,2754.10,51.51138697,7.45980736,148.15,13.48,0.00,127.66,0,-112.00,-13.00,0.00,0.00,22.00,0.00,0,210
395.03,1547803305,2754.12,51.51138697,7.45980736,148.15,13.48,0.00,127.66,0,-114.00,-15.00,0.00,0.00,23.00,0.00,0,493
395.03,1547803305,2754.13,51.51138697,7.45980736,148.15,13.48,0.00,127.66,0,-114.00,-16.00,0.00,0.00,22.00,0.00,0,180
395.03,1547803305,2754.13,51.51138697,7.45980736,148.15,13.48,0.00,127.66,0,-96.00,-13.00,0.00,0.00,38.00,0.00,0,323
395.03,1547803305,2754.14,51.51138697,7.45980736,148.15,13.48,0.00,127.66,0,-97.00,-13.00,0.00,0.00,37.00,0.00,0,321
396.02,1547803306,2767.54,51.51130910,7.45996449,148.72,14.76,0.00,128.58,0,-111.00,-13.00,0.00,0.00,23.00,0.00,0,212
396.03,1547803306,2767.56,51.51130910,7.45996449,148.72,14.76,0.00,128.58,0,-112.00,-13.00,0.00,0.00,22.00,0.00,0,210
396.03,1547803306,2767.57,51.51130910,7.45996449,148.72,14.76,0.00,128.58,0,-114.00,-15.00,0.00,0.00,23.00,0.00,0,493
396.03,1547803306,2767.57,51.51130910,7.45996449,148.72,14.76,0.00,128.58,0,-114.00,-16.00,0.00,0.00,22.00,0.00,0,180
396.03,1547803306,2767.59,51.51130910,7.45996449,148.72,14.76,0.00,128.58,0,-96.00,-13.00,0.00,0.00,38.00,0.00,0,323
396.03,1547803306,2767.60,51.51130910,7.45996449,148.72,14.76,0.00,128.58,0,-97.00,-13.00,0.00,0.00,37.00,0.00,0,321
397.02,1547803307,2782.26,51.51122171,7.46013711,148.92,14.88,0.00,129.85,0,-98.00,-12.00,0.00,0.00,34.00,0.00,0,218
397.02,1547803307,2782.27,51.51122171,7.46013711,148.92,14.88,0.00,129.85,0,-103.00,-15.00,0.00,0.00,35.00,0.00,0,321
398.02,1547803308,2797.17,51.51113984,7.46030251,149.23,14.31,0.00,130.80,0,-98.00,-12.00,0.00,0.00,34.00,0.00,0,218
398.02,1547803308,2797.18,51.51113984,7.46030251,149.23,14.31,0.00,130.80,0,-103.00,-15.00,0.00,0.00,35.00,0.00,0,321
399.03,1547803309,2811.53,51.51105898,7.46045946,149.71,13.36,0.00,131.85,0,-103.00,-13.00,0.00,0.00,30.00,0.00,0,486
399.03,1547803309,2811.53,51.51105898,7.46045946,149.71,13.36,0.00,131.85,0,-106.00,-16.00,0.00,0.00,30.00,0.00,0,481
400.02,1547803310,2824.82,51.51098454,7.46058930,150.47,12.73,0.00,132.75,0,-103.00,-13.00,0.00,0.00,30.00,0.00,0,486
400.02,1547803310,2824.83,51.51098454,7.46058930,150.47,12.73,0.00,132.75,0,-106.00,-16.00,0.00,0.00,30.00,0.00,0,481
401.02,1547803311,2837.57,51.51083700,7.46082550,143.50,12.89,0.00,132.44,0,-103.00,-13.00,0.00,0.00,30.00,0.00,0,486
401.02,1547803311,2837.57,51.51083700,7.46082550,143.50,12.89,0.00,132.44,0,-106.00,-16.00,0.00,0.00,30.00,0.00,0,481
402.02,1547803312,2850.38,51.51082937,7.46085547,151.95,12.86,0.00,132.34,0,-96.00,-11.00,0.00,0.00,34.00,0.00,0,486
402.02,1547803312,2850.39,51.51082937,7.46085547,151.95,12.86,0.00,132.34,0,-101.00,-15.00,0.00,0.00,33.00,0.00,0,481
402.02,1547803312,2850.39,51.51082937,7.46085547,151.95,12.86,0.00,132.34,0,-107.00,-10.00,0.00,0.00,22.00,0.00,0,493
402.02,1547803312,2850.39,51.51082937,7.46085547,151.95,12.86,0.00,132.34,0,-112.00,-16.00,0.00,0.00,23.00,0.00,0,212
403.02,1547803313,2863.30,51.51075116,7.46099377,152.32,12.33,0.00,131.66,0,-96.00,-11.00,0.00,0.00,34.00,0.00,0,486
403.02,1547803313,2863.32,51.51075116,7.46099377,152.32,12.33,0.00,131.66,0,-101.00,-15.00,0.00,0.00,33.00,0.00,0,481
403.03,1547803313,2863.33,51.51075116,7.46099377,152.32,12.33,0.00,131.66,0,-107.00,-10.00,0.00,0.00,22.00,0.00,0,493
403.03,1547803313,2863.33,51.51075116,7.46099377,152.32,12.33,0.00,131.66,0,-112.00,-16.00,0.00,0.00,23.00,0.00,0,212
404.02,1547803314,2875.59,51.51068408,7.46111389,152.54,11.22,0.00,132.07,0,-99.00,-17.00,0.00,0.00,39.00,0.00,0,487
404.02,1547803314,2875.59,51.51068408,7.46111389,152.54,11.22,0.00,132.07,0,-100.00,-20.00,0.00,0.00,40.00,0.00,0,481
404.02,1547803314,2875.59,51.51068408,7.46111389,152.54,11.22,0.00,132.07,0,-96.00,-9.00,0.00,0.00,32.00,0.00,0,218
405.02,1547803315,2886.83,51.51063217,7.46119957,152.99,8.43,0.00,133.11,0,-99.00,-17.00,0.00,0.00,39.00,0.00,0,487
405.02,1547803315,2886.83,51.51063217,7.46119957,152.99,8.43,0.00,133.11,0,-100.00,-20.00,0.00,0.00,40.00,0.00,0,481
405.02,1547803315,2886.84,51.51063217,7.46119957,152.99,8.43,0.00,133.11,0,-96.00,-9.00,0.00,0.00,32.00,0.00,0,218
406.02,1547803316,2895.26,51.51057766,7.46128474,153.30,7.19,0.00,134.14,0,-98.00,-17.00,0.00,0.00,41.00,0.00,0,487
406.02,1547803316,2895.26,51.51057766,7.46128474,153.30,7.19,0.00,134.14,0,-106.00,-16.00,0.00,0.00,30.00,0.00,0,493
407.02,1547803317,2902.45,51.51053783,7.46134338,153.57,5.09,0.00,134.98,0,-98.00,-17.00,0.00,0.00,41.00,0.00,0,487
407.02,1547803317,2902.46,51.51053783,7.46134338,153.57,5.09,0.00,134.98,0,-106.00,-16.00,0.00,0.00,30.00,0.00,0,493
408.03,1547803318,2907.55,51.51050820,7.46139041,153.36,4.73,0.00,135.16,0,-98.00,-13.00,0.00,0.00,35.00,0.00,0,487
408.03,1547803318,2907.55,51.51050820,7.46139041,153.36,4.73,0.00,135.16,0,-100.00,-16.00,0.00,0.00,35.00,0.00,0,481
408.03,1547803318,2907.55,51.51050820,7.46139041,153.36,4.73,0.00,135.16,0,-103.00,-19.00,0.00,0.00,35.00,0.00,0,482
408.03,1547803318,2907.56,51.51050820,7.46139041,153.36,4.73,0.00,135.16,0,-104.00,-18.00,0.00,0.00,34.00,0.00,0,275
408.03,1547803318,2907.56,51.51050820,7.46139041,153.36,4.73,0.00,135.16,0,-103.00,-12.00,0.00,0.00,30.00,0.00,0,493
409.03,1547803319,2912.28,51.51048222,7.46144299,153.32,3.53,0.00,132.84,0,-98.00,-13.00,0.00,0.00,35.00,0.00,0,487
409.03,1547803319,2912.28,51.51048222,7.46144299,153.32,3.53,0.00,132.84,0,-100.00,-16.00,0.00,0.00,35.00,0.00,0,481
409.03,1547803319,2912.28,51.51048222,7.46144299,153.32,3.53,0.00,132.84,0,-103.00,-19.00,0.00,0.00,35.00,0.00,0,482
409.03,1547803319,2912.29,51.51048222,7.46144299,153.32,3.53,0.00,132.84,0,-104.00,-18.00,0.00,0.00,34.00,0.00,0,275
409.03,1547803319,2912.29,51.51048222,7.46144299,153.32,3.53,0.00,132.84,0,-103.00,-12.00,0.00,0.00,30.00,0.00,0,493
410.02,1547803320,2915.80,51.51046552,7.46148358,153.27,2.14,0.00,134.08,0,-96.00,-14.00,0.00,0.00,37.00,0.00,0,487
410.02,1547803320,2915.80,51.51046552,7.46148358,153.27,2.14,0.00,134.08,0,-103.00,-12.00,0.00,0.00,29.00,0.00,0,493
410.02,1547803320,2915.80,51.51046552,7.46148358,153.27,2.14,0.00,134.08,0,-107.00,-16.00,0.00,0.00,29.00,0.00,0,212
411.02,1547803321,2917.94,51.51045515,7.46150580,153.26,1.23,0.00,132.12,0,-96.00,-14.00,0.00,0.00,37.00,0.00,0,487
411.02,1547803321,2917.94,51.51045515,7.46150580,153.26,1.23,0.00,132.12,0,-103.00,-12.00,0.00,0.00,29.00,0.00,0,493
411.02,1547803321,2917.94,51.51045515,7.46150580,153.26,1.23,0.00,132.12,0,-107.00,-16.00,0.00,0.00,29.00,0.00,0,212
412.03,1547803322,2919.17,51.51045515,7.46150580,153.26,0.00,0.00,132.12,0,-100.00,-15.00,0.00,0.00,35.00,0.00,0,487
412.03,1547803322,2919.17,51.51045515,7.46150580,153.26,0.00,0.00,132.12,0,-102.00,-16.00,0.00,0.00,35.00,0.00,0,481
412.03,1547803322,2919.17,51.51045515,7.46150580,153.26,0.00,0.00,132.12,0,-104.00,-13.00,0.00,0.00,31.00,0.00,0,212
412.03,1547803322,2919.17,51.51045515,7.46150580,153.26,0.00,0.00,132.12,0,-105.00,-13.00,0.00,0.00,31.00,0.00,0,493
413.03,1547803323,2919.17,51.51045515,7.46150580,153.27,0.00,0.00,132.12,0,-100.00,-15.00,0.00,0.00,35.00,0.00,0,487
413.03,1547803323,2919.17,51.51045515,7.46150580,153.27,0.00,0.00,132.12,0,-102.00,-16.00,0.00,0.00,35.00,0.00,0,481
413.03,1547803323,2919.17,51.51045515,7.46150580,153.27,0.00,0.00,132.12,0,-104.00,-13.00,0.00,0.00,31.00,0.00,0,212
413.03,1547803323,2919.17,51.51045515,7.46150580,153.27,0.00,0.00,132.12,0,-105.00,-13.00,0.00,0.00,31.00,0.00,0,493
414.03,1547803324,2919.17,51.51045515,7.46150580,153.28,0.00,0.00,132.12,0,-99.00,-15.00,0.00,0.00,36.00,0.00,0,487
414.03,1547803324,2919.17,51.51045515,7.46150580,153.28,0.00,0.00,132.12,0,-102.00,-16.00,0.00,0.00,36.00,0.00,0,481
414.03,1547803324,2919.17,51.51045515,7.46150580,153.28,0.00,0.00,132.12,0,-103.00,-18.00,0.00,0.00,37.00,0.00,0,275
414.03,1547803324,2919.17,51.51045515,7.46150580,153.28,0.00,0.00,132.12,0,-102.00,-11.00,0.00,0.00,29.00,0.00,0,493
414.03,1547803324,2919.17,51.51045515,7.46150580,153.28,0.00,0.00,132.12,0,-103.00,-12.00,0.00,0.00,29.00,0.00,0,212
415.03,1547803325,2919.17,51.51045515,7.46150580,153.30,0.00,0.00,132.12,0,-99.00,-15.00,0.00,0.00,36.00,0.00,0,487
415.03,1547803325,2919.17,51.51045515,7.46150580,153.30,0.00,0.00,132.12,0,-102.00,-16.00,0.00,0.00,36.00,0.00,0,481
415.03,1547803325,2919.17,51.51045515,7.46150580,153.30,0.00,0.00,132.12,0,-103.00,-18.00,0.00,0.00,37.00,0.00,0,275
415.03,1547803325,2919.17,51.51045515,7.46150580,153.30,0.00,0.00,132.12,0,-102.00,-11.00,0.00,0.00,29.00,0.00,0,493
415.03,1547803325,2919.17,51.51045515,7.46150580,153.30,0.00,0.00,132.12,0,-103.00,-12.00,0.00,0.00,29.00,0.00,0,212
416.02,1547803326,2919.17,51.51045515,7.46150580,153.30,0.00,0.00,132.12,0,-99.00,-14.00,0.00,0.00,35.00,0.00,0,487
416.02,1547803326,2919.17,51.51045515,7.46150580,153.30,0.00,0.00,132.12,0,-103.00,-11.00,0.00,0.00,29.00,0.00,0,493
416.02,1547803326,2919.17,51.51045515,7.46150580,153.30,0.00,0.00,132.12,0,-105.00,-13.00,0.00,0.00,29.00,0.00,0,212
417.02,1547803327,2919.17,51.51045515,7.46150580,153.33,0.00,0.00,132.12,0,-99.00,-14.00,0.00,0.00,35.00,0.00,0,487
417.02,1547803327,2919.17,51.51045515,7.46150580,153.33,0.00,0.00,132.12,0,-103.00,-11.00,0.00,0.00,29.00,0.00,0,493
417.02,1547803327,2919.17,51.51045515,7.46150580,153.33,0.00,0.00,132.12,0,-105.00,-13.00,0.00,0.00,29.00,0.00,0,212
418.02,1547803328,2919.17,51.51045515,7.46150580,153.45,0.00,0.00,136.46,0,-97.00,-13.00,0.00,0.00,36.00,0.00,0,487
418.02,1547803328,2919.17,51.51045515,7.46150580,153.45,0.00,0.00,136.46,0,-103.00,-10.00,0.00,0.00,27.00,0.00,0,493
418.02,1547803328,2919.17,51.51045515,7.46150580,153.45,0.00,0.00,136.46,0,-107.00,-13.00,0.00,0.00,27.00,0.00,0,212
419.02,1547803329,2919.17,51.51045515,7.46150580,155.01,0.00,0.00,135.59,0,-97.00,-13.00,0.00,0.00,36.00,0.00,0,487
419.02,1547803329,2919.17,51.51045515,7.46150580,155.01,0.00,0.00,135.59,0,-103.00,-10.00,0.00,0.00,27.00,0.00,0,493
419.02,1547803329,2919.17,51.51045515,7.46150580,155.01,0.00,0.00,135.59,0,-107.00,-13.00,0.00,0.00,27.00,0.00,0,212
420.03,1547803330,2919.19,51.51037641,7.46165416,156.85,5.76,0.00,135.24,0,-97.00,-14.00,0.00,0.00,38.00,0.00,0,487
420.03,1547803330,2919.19,51.51037641,7.46165416,156.85,5.76,0.00,135.24,0,-99.00,-15.00,0.00,0.00,38.00,0.00,0,481
420.04,1547803330,2919.20,51.51037641,7.46165416,156.85,5.76,0.00,135.24,0,-104.00,-11.00,0.00,0.00,28.00,0.00,0,493
420.04,1547803330,2919.20,51.51037641,7.46165416,156.85,5.76,0.00,135.24,0,-105.00,-14.00,0.00,0.00,29.00,0.00,0,212
421.02,1547803331,2924.89,51.50998760,7.46216890,158.70,5.72,0.00,134.67,0,-97.00,-14.00,0.00,0.00,38.00,0.00,0,487
421.02,1547803331,2924.89,51.50998760,7.46216890,158.70,5.72,0.00,134.67,0,-99.00,-15.00,0.00,0.00,38.00,0.00,0,481
421.02,1547803331,2924.90,51.50998760,7.46216890,158.70,5.72,0.00,134.67,0,-104.00,-11.00,0.00,0.00,28.00,0.00,0,493
421.02,1547803331,2924.90,51.50998760,7.46216890,158.70,5.72,0.00,134.67,0,-105.00,-14.00,0.00,0.00,29.00,0.00,0,212
422.02,1547803332,2930.58,51.51030007,7.46179562,160.00,6.02,0.00,135.04,0,-97.00,-14.00,0.00,0.00,38.00,0.00,0,487
422.02,1547803332,2930.58,51.51030007,7.46179562,160.00,6.02,0.00,135.04,0,-99.00,-15.00,0.00,0.00,38.00,0.00,0,481
422.02,1547803332,2930.58,51.51030007,7.46179562,160.00,6.02,0.00,135.04,0,-104.00,-11.00,0.00,0.00,28.00,0.00,0,493
422.02,1547803332,2930.58,51.51030007,7.46179562,160.00,6.02,0.00,135.04,0,-105.00,-14.00,0.00,0.00,29.00,0.00,0,212
423.02,1547803333,2936.60,51.51025421,7.46187271,159.97,6.70,0.00,134.71,0,-98.00,-16.00,0.00,0.00,40.00,0.00,0,487
424.02,1547803334,2943.32,51.51019806,7.46196824,160.03,8.78,0.00,131.66,0,-98.00,-16.00,0.00,0.00,40.00,0.00,0,487
425.02,1547803335,2952.09,51.51015172,7.46205546,159.71,8.26,0.00,128.76,0,-103.00,-13.00,0.00,0.00,30.00,0.00,0,493
425.02,1547803335,2952.10,51.51015172,7.46205546,159.71,8.26,0.00,128.76,0,-105.00,-16.00,0.00,0.00,30.00,0.00,0,212
426.02,1547803336,2960.37,51.51010449,7.46214630,159.76,8.34,0.00,125.15,0,-103.00,-13.00,0.00,0.00,30.00,0.00,0,493
426.02,1547803336,2960.38,51.51010449,7.46214630,159.76,8.34,0.00,125.15,0,-105.00,-16.00,0.00,0.00,30.00,0.00,0,212
427.02,1547803337,2968.71,51.51006068,7.46225421,159.21,9.09,0.00,121.94,0,-103.00,-13.00,0.00,0.00,31.00,0.00,0,493
427.02,1547803337,2968.72,51.51006068,7.46225421,159.21,9.09,0.00,121.94,0,-104.00,-14.00,0.00,0.00,31.00,0.00,0,498
428.02,1547803338,2977.81,51.51002337,7.46237428,158.26,8.90,0.00,119.25,0,-103.00,-13.00,0.00,0.00,31.00,0.00,0,493
428.02,1547803338,2977.81,51.51002337,7.46237428,158.26,8.90,0.00,119.25,0,-104.00,-14.00,0.00,0.00,31.00,0.00,0,498
429.02,1547803339,2986.70,51.50999572,7.46250322,157.34,8.58,0.00,115.87,0,-99.00,-11.00,0.00,0.00,33.00,0.00,0,212
430.02,1547803340,2995.28,51.50998031,7.46264639,157.87,8.34,0.00,101.73,0,-99.00,-11.00,0.00,0.00,33.00,0.00,0,212
431.02,1547803341,3003.59,51.50995605,7.46278249,158.84,7.96,0.00,103.17,0,-99.00,-13.00,0.00,0.00,35.00,0.00,0,212
432.02,1547803342,3011.53,51.50992860,7.46289762,158.90,7.30,0.00,102.25,0,-99.00,-13.00,0.00,0.00,35.00,0.00,0,212
433.02,1547803343,3018.88,51.50990951,7.46299942,158.61,7.21,0.00,100.22,0,-92.00,-13.00,0.00,0.00,41.00,0.00,0,487
434.02,1547803344,3026.09,51.50990002,7.46308428,157.59,6.06,0.00,97.25,0,-92.00,-13.00,0.00,0.00,41.00,0.00,0,487
435.02,1547803345,3032.15,51.50989260,7.46317407,157.20,5.77,0.00,98.00,0,-98.00,-15.00,0.00,0.00,36.00,0.00,0,487
435.02,1547803345,3032.15,51.50989260,7.46317407,157.20,5.77,0.00,98.00,0,-111.00,-16.00,0.00,0.00,24.00,0.00,0,486
436.02,1547803346,3037.92,51.50988170,7.46325267,157.33,5.28,0.00,100.17,0,-98.00,-15.00,0.00,0.00,36.00,0.00,0,487
436.02,1547803346,3037.92,51.50988170,7.46325267,157.33,5.28,0.00,100.17,0,-111.00,-16.00,0.00,0.00,24.00,0.00,0,486
437.02,1547803347,3043.20,51.50987380,7.46332858,157.41,4.98,0.00,101.08,0,-102.00,-16.00,0.00,0.00,33.00,0.00,0,487
437.02,1547803347,3043.20,51.50987380,7.46332858,157.41,4.98,0.00,101.08,0,-111.00,-8.00,0.00,0.00,19.00,0.00,0,486
437.02,1547803347,3043.21,51.50987380,7.46332858,157.41,4.98,0.00,101.08,0,-111.00,-14.00,0.00,0.00,23.00,0.00,0,162
438.02,1547803348,3048.19,51.50986744,7.46340499,157.63,4.75,0.00,100.74,0,-102.00,-16.00,0.00,0.00,33.00,0.00,0,487
438.02,1547803348,3048.19,51.50986744,7.46340499,157.63,4.75,0.00,100.74,0,-111.00,-8.00,0.00,0.00,19.00,0.00,0,486
438.02,1547803348,3048.19,51.50986744,7.46340499,157.63,4.75,0.00,100.74,0,-111.00,-14.00,0.00,0.00,23.00,0.00,0,162
439.02,1547803349,3052.94,51.50986467,7.46346669,157.91,4.11,0.00,98.38,0,-113.00,-12.00,0.00,0.00,20.00,0.00,0,493
439.02,1547803349,3052.94,51.50986467,7.46346669,157.91,4.11,0.00,98.38,0,-113.00,-16.00,0.00,0.00,22.00,0.00,0,212
440.02,1547803350,3057.05,51.50985983,7.46353472,158.25,4.21,0.00,100.82,0,-113.00,-12.00,0.00,0.00,20.00,0.00,0,493
440.02,1547803350,3057.05,51.50985983,7.46353472,158.25,4.21,0.00,100.82,0,-113.00,-16.00,0.00,0.00,22.00,0.00,0,212
441.04,1547803351,3061.36,51.51003920,7.46238060,158.11,5.35,0.00,105.18,0,-113.00,-15.00,0.00,0.00,21.00,0.00,0,212
441.04,1547803351,3061.37,51.51003920,7.46238060,158.11,5.35,0.00,105.18,0,-114.00,-15.00,0.00,0.00,21.00,0.00,0,493
442.02,1547803352,3066.59,51.50985341,7.46366018,158.12,5.35,0.00,102.85,0,-113.00,-15.00,0.00,0.00,21.00,0.00,0,212
442.02,1547803352,3066.59,51.50985341,7.46366018,158.12,5.35,0.00,102.85,0,-114.00,-15.00,0.00,0.00,21.00,0.00,0,493
443.03,1547803353,3071.98,51.50985169,7.46375592,158.00,7.54,0.00,103.34,0,-106.00,-20.00,0.00,0.00,33.00,0.00,0,487
443.03,1547803353,3071.98,51.50985169,7.46375592,158.00,7.54,0.00,103.34,0,-116.00,-20.00,0.00,0.00,23.00,0.00,0,212
443.03,1547803353,3071.98,51.50985169,7.46375592,158.00,7.54,0.00,103.34,0,-116.00,-19.00,0.00,0.00,23.00,0.00,0,493
444.03,1547803354,3079.55,51.50985686,7.46387591,157.92,8.67,0.00,90.33,0,-106.00,-20.00,0.00,0.00,33.00,0.00,0,487
444.03,1547803354,3079.56,51.50985686,7.46387591,157.92,8.67,0.00,90.33,0,-116.00,-20.00,0.00,0.00,23.00,0.00,0,212
444.03,1547803354,3079.56,51.50985686,7.46387591,157.92,8.67,0.00,90.33,0,-116.00,-19.00,0.00,0.00,23.00,0.00,0,493
445.02,1547803355,3088.19,51.50985756,7.46401608,157.86,9.17,0.00,94.08,0,-106.00,-20.00,0.00,0.00,33.00,0.00,0,487
445.03,1547803355,3088.20,51.50985756,7.46401608,157.86,9.17,0.00,94.08,0,-116.00,-20.00,0.00,0.00,23.00,0.00,0,212
445.03,1547803355,3088.20,51.50985756,7.46401608,157.86,9.17,0.00,94.08,0,-116.00,-19.00,0.00,0.00,23.00,0.00,0,493
446.02,1547803356,3097.29,51.50985713,7.46415771,158.09,9.59,0.00,96.43,0,-105.00,-16.00,0.00,0.00,32.00,0.00,0,475
446.02,1547803356,3097.29,51.50985713,7.46415771,158.09,9.59,0.00,96.43,0,-105.00,-18.00,0.00,0.00,32.00,0.00,0,60
446.02,1547803356,3097.29,51.50985713,7.46415771,158.09,9.59,0.00,96.43,0,-111.00,-10.00,0.00,0.00,19.00,0.00,0,486
446.02,1547803356,3097.30,51.50985713,7.46415771,158.09,9.59,0.00,96.43,0,-113.00,-16.00,0.00,0.00,23.00,0.00,0,212
447.02,1547803357,3106.93,51.50985705,7.46428690,158.16,9.64,0.00,96.85,0,-105.00,-16.00,0.00,0.00,32.00,0.00,0,475
447.02,1547803357,3106.94,51.50985705,7.46428690,158.16,9.64,0.00,96.85,0,-105.00,-18.00,0.00,0.00,32.00,0.00,0,60
447.03,1547803357,3106.95,51.50985705,7.46428690,158.16,9.64,0.00,96.85,0,-111.00,-10.00,0.00,0.00,19.00,0.00,0,486
447.03,1547803357,3106.95,51.50985705,7.46428690,158.16,9.64,0.00,96.85,0,-113.00,-16.00,0.00,0.00,23.00,0.00,0,212
448.02,1547803358,3116.58,51.50985674,7.46443074,158.61,9.77,0.00,96.51,0,-104.00,-16.00,0.00,0.00,32.00,0.00,0,60
448.02,1547803358,3116.59,51.50985674,7.46443074,158.61,9.77,0.00,96.51,0,-106.00,-17.00,0.00,0.00,31.00,0.00,0,475
448.03,1547803358,3116.60,51.50985674,7.46443074,158.61,9.77,0.00,96.51,0,-107.00,-20.00,0.00,0.00,32.00,0.00,0,487
448.03,1547803358,3116.61,51.50985674,7.46443074,158.61,9.77,0.00,96.51,0,-112.00,-14.00,0.00,0.00,20.00,0.00,0,493
448.03,1547803358,3116.61,51.50985674,7.46443074,158.61,9.77,0.00,96.51,0,-113.00,-13.00,0.00,0.00,19.00,0.00,0,486
449.02,1547803359,3126.36,51.50986013,7.46456595,158.94,8.86,0.00,96.35,0,-104.00,-16.00,0.00,0.00,32.00,0.00,0,60
449.03,1547803359,3126.37,51.50986013,7.46456595,158.94,8.86,0.00,96.35,0,-106.00,-17.00,0.00,0.00,31.00,0.00,0,475
449.03,1547803359,3126.37,51.50986013,7.46456595,158.94,8.86,0.00,96.35,0,-107.00,-20.00,0.00,0.00,32.00,0.00,0,487
449.03,1547803359,3126.38,51.50986013,7.46456595,158.94,8.86,0.00,96.35,0,-112.00,-14.00,0.00,0.00,20.00,0.00,0,493
449.03,1547803359,3126.39,51.50986013,7.46456595,158.94,8.86,0.00,96.35,0,-113.00,-13.00,0.00,0.00,19.00,0.00,0,486
450.02,1547803360,3135.22,51.50986298,7.46470361,158.93,8.79,0.00,95.42,0,-101.00,-15.00,0.00,0.00,33.00,0.00,0,60
450.03,1547803360,3135.23,51.50986298,7.46470361,158.93,8.79,0.00,95.42,0,-104.00,-19.00,0.00,0.00,34.00,0.00,0,224
450.03,1547803360,3135.23,51.50986298,7.46470361,158.93,8.79,0.00,95.42,0,-104.00,-18.00,0.00,0.00,34.00,0.00,0,223
450.03,1547803360,3135.24,51.50986298,7.46470361,158.93,8.79,0.00,95.42,0,-107.00,-19.00,0.00,0.00,33.00,0.00,0,475
450.03,1547803360,3135.24,51.50986298,7.46470361,158.93,8.79,0.00,95.42,0,-112.00,-14.00,0.00,0.00,22.00,0.00,0,486
451.02,1547803361,3144.01,51.50988581,7.46485653,159.01,8.79,0.00,95.89,0,-101.00,-15.00,0.00,0.00,33.00,0.00,0,60
451.03,1547803361,3144.01,51.50988581,7.46485653,159.01,8.79,0.00,95.89,0,-104.00,-19.00,0.00,0.00,34.00,0.00,0,224
451.03,1547803361,3144.02,51.50988581,7.46485653,159.01,8.79,0.00,95.89,0,-104.00,-18.00,0.00,0.00,34.00,0.00,0,223
451.03,1547803361,3144.03,51.50988581,7.46485653,159.01,8.79,0.00,95.89,0,-107.00,-19.00,0.00,0.00,33.00,0.00,0,475
451.03,1547803361,3144.03,51.50988581,7.46485653,159.01,8.79,0.00,95.89,0,-112.00,-14.00,0.00,0.00,22.00,0.00,0,486
452.02,1547803362,3152.80,51.50989799,7.46500592,159.27,11.12,0.00,94.64,0,-103.00,-17.00,0.00,0.00,33.00,0.00,0,60
452.03,1547803362,3152.81,51.50989799,7.46500592,159.27,11.12,0.00,94.64,0,-116.00,-17.00,0.00,0.00,23.00,0.00,0,486
452.03,1547803362,3152.82,51.50989799,7.46500592,159.27,11.12,0.00,94.64,0,-117.00,-18.00,0.00,0.00,22.00,0.00,0,493
453.02,1547803363,3163.90,51.50989498,7.46518549,159.43,11.39,0.00,94.77,0,-103.00,-17.00,0.00,0.00,33.00,0.00,0,60
453.02,1547803363,3163.91,51.50989498,7.46518549,159.43,11.39,0.00,94.77,0,-116.00,-17.00,0.00,0.00,23.00,0.00,0,486
453.03,1547803363,3163.93,51.50989498,7.46518549,159.43,11.39,0.00,94.77,0,-117.00,-18.00,0.00,0.00,22.00,0.00,0,493
454.02,1547803364,3175.27,51.50988642,7.46539494,159.22,12.23,0.00,96.65,0,-115.00,-19.00,0.00,0.00,24.00,0.00,0,493
455.02,1547803365,3187.51,51.50987148,7.46558357,159.08,12.33,0.00,98.50,0,-115.00,-19.00,0.00,0.00,24.00,0.00,0,493
456.02,1547803366,3199.84,51.50985400,7.46578171,158.56,13.08,0.00,98.89,0,-114.00,-17.00,0.00,0.00,23.00,0.00,0,493
457.02,1547803367,3212.92,51.50983778,7.46596745,157.67,12.35,0.00,99.19,0,-114.00,-17.00,0.00,0.00,23.00,0.00,0,493
458.02,1547803368,3225.28,51.50982154,7.46614953,156.51,12.11,0.00,98.29,0,-115.00,-17.00,0.00,0.00,22.00,0.00,0,493
458.02,1547803368,3225.29,51.50982154,7.46614953,156.51,12.11,0.00,98.29,0,-116.00,-17.00,0.00,0.00,23.00,0.00,0,456
459.02,1547803369,3237.38,51.50980342,7.46633538,155.56,12.43,0.00,99.01,0,-115.00,-17.00,0.00,0.00,22.00,0.00,0,493
459.02,1547803369,3237.39,51.50980342,7.46633538,155.56,12.43,0.00,99.01,0,-116.00,-17.00,0.00,0.00,23.00,0.00,0,456
460.03,1547803370,3249.87,51.50978729,7.46650171,154.25,11.44,0.00,97.50,0,-112.00,-15.00,0.00,0.00,24.00,0.00,0,203
460.03,1547803370,3249.89,51.50978729,7.46650171,154.25,11.44,0.00,97.50,0,-115.00,-19.00,0.00,0.00,24.00,0.00,0,486
461.02,1547803371,3261.22,51.51004600,7.46729420,152.99,12.00,0.00,95.39,0,-112.00,-15.00,0.00,0.00,24.00,0.00,0,203
461.02,1547803371,3261.22,51.51004600,7.46729420,152.99,12.00,0.00,95.39,0,-115.00,-19.00,0.00,0.00,24.00,0.00,0,486
