7.07,1547728396,85.03,51.50980539,7.46863298,154.16,11.65,0.00,85.04,0,-89.00,-14.00,0.00,0.00,54.00,0.00,0,320
8.06,1547728397,96.60,51.50984482,7.46878559,154.05,11.26,0.00,70.33,0,-89.00,-14.00,0.00,0.00,54.00,0.00,0,320
9.06,1547728398,107.84,51.50988291,7.46893537,153.82,11.23,0.00,69.91,0,-89.00,-14.00,0.00,0.00,54.00,0.00,0,320
10.07,1547728399,119.21,51.50992580,7.46908982,153.99,11.20,0.00,68.53,0,-93.00,-11.00,0.00,0.00,49.00,0.00,0,399
10.07,1547728399,119.21,51.50992580,7.46908982,153.99,11.20,0.00,68.53,0,-85.00,-12.00,0.00,0.00,56.00,0.00,0,320
10.07,1547728399,119.22,51.50992580,7.46908982,153.99,11.20,0.00,68.53,0,-91.00,-16.00,0.00,0.00,55.00,0.00,0,443
11.06,1547728400,130.31,51.50997508,7.46924750,154.31,11.51,0.00,66.02,0,-93.00,-11.00,0.00,0.00,49.00,0.00,0,399
11.06,1547728400,130.32,51.50997508,7.46924750,154.31,11.51,0.00,66.02,0,-85.00,-12.00,0.00,0.00,56.00,0.00,0,320
11.06,1547728400,130.32,51.50997508,7.46924750,154.31,11.51,0.00,66.02,0,-91.00,-16.00,0.00,0.00,55.00,0.00,0,443
12.06,1547728401,141.76,51.51003094,7.46939680,154.41,11.70,0.00,63.46,0,-88.00,-10.00,0.00,0.00,53.00,0.00,0,399
12.06,1547728401,141.76,51.51003094,7.46939680,154.41,11.70,0.00,63.46,0,-80.00,-9.00,0.00,0.00,59.00,0.00,0,320
13.06,1547728402,153.47,51.51009066,7.46954757,154.45,11.68,0.00,61.53,0,-88.00,-10.00,0.00,0.00,53.00,0.00,0,399
13.06,1547728402,153.47,51.51009066,7.46954757,154.45,11.68,0.00,61.53,0,-80.00,-9.00,0.00,0.00,59.00,0.00,0,320
14.05,1547728403,165.11,51.51015420,7.46970243,153.91,12.28,0.00,60.09,0,-100.00,-12.00,0.00,0.00,44.00,0.00,0,21
15.06,1547728404,177.46,51.51022628,7.46985473,153.70,12.54,0.00,59.07,0,-100.00,-12.00,0.00,0.00,44.00,0.00,0,21
16.06,1547728405,190.00,51.51029639,7.47000939,153.67,13.18,0.00,58.57,0,-105.00,-14.00,0.00,0.00,42.00,0.00,0,21
17.06,1547728406,203.18,51.51036615,7.47015967,154.08,12.70,0.00,57.57,0,-105.00,-14.00,0.00,0.00,42.00,0.00,0,21
18.06,1547728407,215.88,51.51042907,7.47030598,154.11,11.85,0.00,58.16,0,-105.00,-14.00,0.00,0.00,41.00,0.00,0,21
19.06,1547728408,227.73,51.51049718,7.47046202,153.88,12.55,0.00,56.53,0,-105.00,-14.00,0.00,0.00,41.00,0.00,0,21
20.07,1547728409,240.41,51.51056702,7.47060951,153.05,12.97,0.00,53.72,0,-107.00,-18.00,0.00,0.00,44.00,0.00,0,21
20.07,1547728409,240.42,51.51056702,7.47060951,153.05,12.97,0.00,53.72,0,-91.00,-18.00,0.00,0.00,56.00,0.00,0,441
20.07,1547728409,240.42,51.51056702,7.47060951,153.05,12.97,0.00,53.72,0,-91.00,-19.00,0.00,0.00,56.00,0.00,0,31
21.06,1547728410,253.22,51.51063099,7.47077583,153.42,12.90,0.00,51.90,0,-107.00,-18.00,0.00,0.00,44.00,0.00,0,21
21.06,1547728410,253.24,51.51063099,7.47077583,153.42,12.90,0.00,51.90,0,-91.00,-18.00,0.00,0.00,56.00,0.00,0,441
21.06,1547728410,253.24,51.51063099,7.47077583,153.42,12.90,0.00,51.90,0,-91.00,-19.00,0.00,0.00,56.00,0.00,0,31
22.06,1547728411,266.12,51.51070293,7.47094599,153.61,12.81,0.00,48.46,0,-109.00,-14.00,0.00,0.00,37.00,0.00,0,21
22.06,1547728411,266.13,51.51070293,7.47094599,153.61,12.81,0.00,48.46,0,-89.00,-14.00,0.00,0.00,54.00,0.00,0,441
22.06,1547728411,266.13,51.51070293,7.47094599,153.61,12.81,0.00,48.46,0,-92.00,-17.00,0.00,0.00,53.00,0.00,0,443
23.06,1547728412,278.97,51.51078325,7.47108032,153.13,13.30,0.00,45.77,0,-109.00,-14.00,0.00,0.00,37.00,0.00,0,21
23.06,1547728412,278.98,51.51078325,7.47108032,153.13,13.30,0.00,45.77,0,-89.00,-14.00,0.00,0.00,54.00,0.00,0,441
23.06,1547728412,278.99,51.51078325,7.47108032,153.13,13.30,0.00,45.77,0,-92.00,-17.00,0.00,0.00,53.00,0.00,0,443
24.06,1547728413,292.27,51.51087213,7.47120169,151.71,13.50,0.00,43.60,0,-107.00,-13.00,0.00,0.00,37.00,0.00,0,21
24.06,1547728413,292.28,51.51087213,7.47120169,151.71,13.50,0.00,43.60,0,-88.00,-12.00,0.00,0.00,53.00,0.00,0,441
24.06,1547728413,292.30,51.51087213,7.47120169,151.71,13.50,0.00,43.60,0,-93.00,-17.00,0.00,0.00,53.00,0.00,0,443
25.06,1547728414,305.76,51.51096272,7.47131439,149.85,13.49,0.00,42.02,0,-107.00,-13.00,0.00,0.00,37.00,0.00,0,21
25.06,1547728414,305.78,51.51096272,7.47131439,149.85,13.49,0.00,42.02,0,-88.00,-12.00,0.00,0.00,53.00,0.00,0,441
25.06,1547728414,305.78,51.51096272,7.47131439,149.85,13.49,0.00,42.02,0,-93.00,-17.00,0.00,0.00,53.00,0.00,0,443
26.06,1547728415,319.23,51.51105846,7.47143313,147.82,14.04,0.00,41.12,0,-88.00,-10.00,0.00,0.00,51.00,0.00,0,441
27.06,1547728416,333.28,51.51115730,7.47155075,146.08,14.17,0.00,40.35,0,-88.00,-10.00,0.00,0.00,51.00,0.00,0,441
28.07,1547728417,347.55,51.51125691,7.47166888,144.56,14.12,0.00,39.89,0,-85.00,-11.00,0.00,0.00,55.00,0.00,0,441
29.06,1547728418,361.56,51.51135577,7.47178729,143.24,14.02,0.00,39.52,0,-85.00,-11.00,0.00,0.00,55.00,0.00,0,441
30.05,1547728419,375.53,51.51145512,7.47191199,142.29,14.18,0.00,39.53,0,-85.00,-11.00,0.00,0.00,55.00,0.00,0,441
31.06,1547728420,389.82,51.51155579,7.47202930,141.39,14.03,0.00,38.89,0,-81.00,-9.00,0.00,0.00,56.00,0.00,0,441
32.06,1547728421,403.84,51.51165431,7.47215110,140.55,14.03,0.00,39.62,0,-81.00,-9.00,0.00,0.00,56.00,0.00,0,441
33.06,1547728422,417.87,51.51175260,7.47227072,139.74,13.85,0.00,38.89,0,-86.00,-10.00,0.00,0.00,53.00,0.00,0,441
34.06,1547728423,431.76,51.51184787,7.47238965,139.21,13.58,0.00,39.10,0,-86.00,-10.00,0.00,0.00,53.00,0.00,0,441
35.05,1547728424,445.22,51.51194307,7.47250540,138.86,13.24,0.00,38.40,0,-82.00,-12.00,0.00,0.00,60.00,0.00,0,441
36.06,1547728425,458.50,51.51203856,7.47261074,138.75,13.02,0.00,35.89,0,-82.00,-12.00,0.00,0.00,60.00,0.00,0,441
37.06,1547728426,471.52,51.51214235,7.47270817,138.74,12.87,0.00,32.15,0,-79.00,-10.00,0.00,0.00,61.00,0.00,0,441
38.06,1547728427,484.40,51.51226738,7.47276851,139.09,12.87,0.00,32.15,0,-79.00,-10.00,0.00,0.00,61.00,0.00,0,441
39.06,1547728428,497.26,51.51239157,7.47278575,140.35,12.94,0.00,9.79,0,-76.00,-9.00,0.00,0.00,61.00,0.00,0,441
40.05,1547728429,510.15,51.51253112,7.47280354,141.41,14.71,0.00,8.44,0,-76.00,-9.00,0.00,0.00,61.00,0.00,0,441
45.06,1547728434,583.29,51.51317479,7.47286907,142.18,13.87,0.00,4.25,0,-105.00,-17.00,0.00,0.00,44.00,0.00,0,400
46.06,1547728435,597.16,51.51328776,7.47288187,142.92,12.63,0.00,3.66,0,-105.00,-17.00,0.00,0.00,44.00,0.00,0,400
47.06,1547728436,609.81,51.51338709,7.47289611,143.71,10.85,0.00,3.72,0,-104.00,-11.00,0.00,0.00,39.00,0.00,0,400
47.06,1547728436,609.81,51.51338709,7.47289611,143.71,10.85,0.00,3.72,0,-92.00,-15.00,0.00,0.00,51.00,0.00,0,318
47.06,1547728436,609.82,51.51338709,7.47289611,143.71,10.85,0.00,3.72,0,-93.00,-16.00,0.00,0.00,51.00,0.00,0,301
48.06,1547728437,620.65,51.51347759,7.47290456,145.03,10.06,0.00,3.73,0,-104.00,-11.00,0.00,0.00,39.00,0.00,0,400
48.06,1547728437,620.66,51.51347759,7.47290456,145.03,10.06,0.00,3.73,0,-92.00,-15.00,0.00,0.00,51.00,0.00,0,318
48.06,1547728437,620.67,51.51347759,7.47290456,145.03,10.06,0.00,3.73,0,-93.00,-16.00,0.00,0.00,51.00,0.00,0,301
49.07,1547728438,630.78,51.51355315,7.47291344,147.24,8.50,0.00,3.60,0,-103.00,-11.00,0.00,0.00,41.00,0.00,0,400
49.07,1547728438,630.79,51.51355315,7.47291344,147.24,8.50,0.00,3.60,0,-90.00,-13.00,0.00,0.00,51.00,0.00,0,301
49.07,1547728438,630.80,51.51355315,7.47291344,147.24,8.50,0.00,3.60,0,-92.00,-14.00,0.00,0.00,51.00,0.00,0,318
50.06,1547728439,639.22,51.51361386,7.47291814,148.94,6.83,0.00,3.04,0,-103.00,-11.00,0.00,0.00,41.00,0.00,0,400
50.06,1547728439,639.22,51.51361386,7.47291814,148.94,6.83,0.00,3.04,0,-90.00,-13.00,0.00,0.00,51.00,0.00,0,301
50.06,1547728439,639.23,51.51361386,7.47291814,148.94,6.83,0.00,3.04,0,-92.00,-14.00,0.00,0.00,51.00,0.00,0,318
51.06,1547728440,646.05,51.51366927,7.47292381,150.37,6.02,0.00,3.84,0,-103.00,-11.00,0.00,0.00,41.00,0.00,0,400
51.06,1547728440,646.05,51.51366927,7.47292381,150.37,6.02,0.00,3.84,0,-90.00,-13.00,0.00,0.00,51.00,0.00,0,301
51.06,1547728440,646.06,51.51366927,7.47292381,150.37,6.02,0.00,3.84,0,-92.00,-14.00,0.00,0.00,51.00,0.00,0,318
54.06,1547728443,658.16,51.51373589,7.47292311,150.63,0.27,0.00,3.27,0,-104.00,-13.00,0.00,0.00,43.00,0.00,0,399
54.06,1547728443,658.16,51.51373589,7.47292311,150.63,0.27,0.00,3.27,0,-85.00,-14.00,0.00,0.00,58.00,0.00,0,301
54.06,1547728443,658.16,51.51373589,7.47292311,150.63,0.27,0.00,3.27,0,-89.00,-18.00,0.00,0.00,58.00,0.00,0,355
55.05,1547728444,658.43,51.51373589,7.47292311,150.63,0.00,0.00,3.27,0,-104.00,-13.00,0.00,0.00,43.00,0.00,0,399
55.06,1547728444,658.43,51.51373589,7.47292311,150.63,0.00,0.00,3.27,0,-85.00,-14.00,0.00,0.00,58.00,0.00,0,301
55.06,1547728444,658.43,51.51373589,7.47292311,150.63,0.00,0.00,3.27,0,-89.00,-18.00,0.00,0.00,58.00,0.00,0,355
56.06,1547728445,658.43,51.51373589,7.47292311,150.63,0.00,0.00,3.27,0,-103.00,-15.00,0.00,0.00,43.00,0.00,0,399
56.06,1547728445,658.43,51.51373589,7.47292311,150.63,0.00,0.00,3.27,0,-89.00,-15.00,0.00,0.00,56.00,0.00,0,301
57.06,1547728446,658.43,51.51373589,7.47292311,150.64,0.00,0.00,3.27,0,-103.00,-15.00,0.00,0.00,43.00,0.00,0,399
57.06,1547728446,658.43,51.51373589,7.47292311,150.64,0.00,0.00,3.27,0,-89.00,-15.00,0.00,0.00,56.00,0.00,0,301
58.06,1547728447,658.43,51.51373589,7.47292311,150.64,0.00,0.00,3.27,0,-104.00,-12.00,0.00,0.00,40.00,0.00,0,399
58.06,1547728447,658.43,51.51373589,7.47292311,150.64,0.00,0.00,3.27,0,-88.00,-15.00,0.00,0.00,57.00,0.00,0,301
59.06,1547728448,658.43,51.51373589,7.47292311,150.66,0.00,0.00,3.27,0,-104.00,-12.00,0.00,0.00,40.00,0.00,0,399
59.06,1547728448,658.43,51.51373589,7.47292311,150.66,0.00,0.00,3.27,0,-88.00,-15.00,0.00,0.00,57.00,0.00,0,301
60.05,1547728449,658.43,51.51373589,7.47292311,150.84,0.00,0.00,7.21,0,-105.00,-14.00,0.00,0.00,42.00,0.00,0,399
60.05,1547728449,658.43,51.51373589,7.47292311,150.84,0.00,0.00,7.21,0,-84.00,-13.00,0.00,0.00,58.00,0.00,0,301
61.05,1547728450,658.43,51.51373589,7.47292311,150.94,0.00,0.00,5.08,0,-105.00,-14.00,0.00,0.00,42.00,0.00,0,399
61.05,1547728450,658.43,51.51373589,7.47292311,150.94,0.00,0.00,5.08,0,-84.00,-13.00,0.00,0.00,58.00,0.00,0,301
62.06,1547728451,658.43,51.51381890,7.47293375,150.85,4.37,0.00,3.81,0,-106.00,-16.00,0.00,0.00,43.00,0.00,0,399
62.06,1547728451,658.43,51.51381890,7.47293375,150.85,4.37,0.00,3.81,0,-88.00,-13.00,0.00,0.00,54.00,0.00,0,301
62.06,1547728451,658.44,51.51381890,7.47293375,150.85,4.37,0.00,3.81,0,-92.00,-18.00,0.00,0.00,55.00,0.00,0,127
63.06,1547728452,662.80,51.51388262,7.47294029,150.48,6.46,0.00,2.32,0,-106.00,-16.00,0.00,0.00,43.00,0.00,0,399
63.06,1547728452,662.81,51.51388262,7.47294029,150.48,6.46,0.00,2.32,0,-88.00,-13.00,0.00,0.00,54.00,0.00,0,301
63.06,1547728452,662.81,51.51388262,7.47294029,150.48,6.46,0.00,2.32,0,-92.00,-18.00,0.00,0.00,55.00,0.00,0,127
64.06,1547728453,669.29,51.51395034,7.47294836,149.81,7.01,0.00,1.61,0,-105.00,-18.00,0.00,0.00,45.00,0.00,0,399
64.06,1547728453,669.29,51.51395034,7.47294836,149.81,7.01,0.00,1.61,0,-88.00,-15.00,0.00,0.00,56.00,0.00,0,127
64.06,1547728453,669.29,51.51395034,7.47294836,149.81,7.01,0.00,1.61,0,-93.00,-20.00,0.00,0.00,56.00,0.00,0,301
65.06,1547728454,676.30,51.51401258,7.47295074,148.47,6.26,0.00,0.69,0,-105.00,-18.00,0.00,0.00,45.00,0.00,0,399
65.06,1547728454,676.30,51.51401258,7.47295074,148.47,6.26,0.00,0.69,0,-88.00,-15.00,0.00,0.00,56.00,0.00,0,127
65.06,1547728454,676.31,51.51401258,7.47295074,148.47,6.26,0.00,0.69,0,-93.00,-20.00,0.00,0.00,56.00,0.00,0,301
66.06,1547728455,682.56,51.51408583,7.47295062,147.37,7.75,0.00,1.50,0,-90.00,-18.00,0.00,0.00,57.00,0.00,0,127
66.06,1547728455,682.57,51.51408583,7.47295062,147.37,7.75,0.00,1.50,0,-90.00,-17.00,0.00,0.00,56.00,0.00,0,44
67.06,1547728456,690.30,51.51415821,7.47295336,146.19,7.74,0.00,1.85,0,-90.00,-18.00,0.00,0.00,57.00,0.00,0,127
67.06,1547728456,690.31,51.51415821,7.47295336,146.19,7.74,0.00,1.85,0,-90.00,-17.00,0.00,0.00,56.00,0.00,0,44
68.06,1547728457,698.05,51.51423636,7.47295764,145.08,8.11,0.00,2.38,0,-92.00,-19.00,0.00,0.00,55.00,0.00,0,127
68.06,1547728457,698.05,51.51423636,7.47295764,145.08,8.11,0.00,2.38,0,-93.00,-19.00,0.00,0.00,55.00,0.00,0,320
69.06,1547728458,706.15,51.51431722,7.47296019,144.01,8.93,0.00,2.73,0,-92.00,-19.00,0.00,0.00,55.00,0.00,0,127
69.06,1547728458,706.16,51.51431722,7.47296019,144.01,8.93,0.00,2.73,0,-93.00,-19.00,0.00,0.00,55.00,0.00,0,320
70.07,1547728459,715.13,51.51439551,7.47296778,143.10,8.81,0.00,3.54,0,-88.00,-15.00,0.00,0.00,55.00,0.00,0,127
71.06,1547728460,723.87,51.51446792,7.47297259,141.93,7.80,0.00,3.86,0,-88.00,-15.00,0.00,0.00,55.00,0.00,0,127
72.06,1547728461,731.68,51.51452782,7.47297628,142.04,6.89,0.00,4.23,0,-88.00,-15.00,0.00,0.00,55.00,0.00,0,127
73.06,1547728462,738.56,51.51457453,7.47298477,141.99,4.61,0.00,4.82,0,-92.00,-17.00,0.00,0.00,54.00,0.00,0,127
74.06,1547728463,743.17,51.51461562,7.47299423,141.99,4.09,0.00,5.42,0,-92.00,-17.00,0.00,0.00,54.00,0.00,0,127
75.06,1547728464,747.27,51.51464424,7.47299548,142.01,2.49,0.00,4.38,0,-91.00,-16.00,0.00,0.00,55.00,0.00,0,127
76.06,1547728465,749.76,51.51466261,7.47299210,142.08,1.53,0.00,4.76,0,-91.00,-16.00,0.00,0.00,55.00,0.00,0,127
77.06,1547728466,751.29,51.51466261,7.47299210,142.09,0.00,0.00,4.76,0,-107.00,-15.00,0.00,0.00,41.00,0.00,0,399
77.06,1547728466,751.29,51.51466261,7.47299210,142.09,0.00,0.00,4.76,0,-91.00,-14.00,0.00,0.00,53.00,0.00,0,127
78.06,1547728467,751.29,51.51466261,7.47299210,142.09,0.00,0.00,4.76,0,-107.00,-15.00,0.00,0.00,41.00,0.00,0,399
78.06,1547728467,751.29,51.51466261,7.47299210,142.09,0.00,0.00,4.76,0,-91.00,-14.00,0.00,0.00,53.00,0.00,0,127
79.06,1547728468,751.29,51.51466261,7.47299210,142.08,0.00,0.00,4.76,0,-93.00,-17.00,0.00,0.00,54.00,0.00,0,44
79.06,1547728468,751.29,51.51466261,7.47299210,142.08,0.00,0.00,4.76,0,-94.00,-19.00,0.00,0.00,54.00,0.00,0,320
80.06,1547728469,751.29,51.51466261,7.47299210,142.07,0.00,0.00,4.76,0,-93.00,-17.00,0.00,0.00,54.00,0.00,0,44
80.06,1547728469,751.29,51.51466261,7.47299210,142.07,0.00,0.00,4.76,0,-94.00,-19.00,0.00,0.00,54.00,0.00,0,320
81.05,1547728470,751.29,51.51466261,7.47299210,142.04,0.00,0.00,4.76,0,-93.00,-17.00,0.00,0.00,53.00,0.00,0,44
81.06,1547728470,751.29,51.51466261,7.47299210,142.04,0.00,0.00,4.76,0,-94.00,-17.00,0.00,0.00,53.00,0.00,0,127
82.06,1547728471,751.29,51.51466261,7.47299210,142.02,0.00,0.00,4.76,0,-93.00,-17.00,0.00,0.00,53.00,0.00,0,44
82.06,1547728471,751.29,51.51466261,7.47299210,142.02,0.00,0.00,4.76,0,-94.00,-17.00,0.00,0.00,53.00,0.00,0,127
83.06,1547728472,751.29,51.51466261,7.47299210,141.99,0.00,0.00,4.76,0,-93.00,-17.00,0.00,0.00,54.00,0.00,0,44
83.06,1547728472,751.29,51.51466261,7.47299210,141.99,0.00,0.00,4.76,0,-94.00,-19.00,0.00,0.00,53.00,0.00,0,320
84.06,1547728473,751.29,51.51466261,7.47299210,141.95,0.00,0.00,4.76,0,-93.00,-17.00,0.00,0.00,54.00,0.00,0,44
84.06,1547728473,751.29,51.51466261,7.47299210,141.95,0.00,0.00,4.76,0,-94.00,-19.00,0.00,0.00,53.00,0.00,0,320
85.06,1547728474,751.29,51.51466261,7.47299210,141.91,0.00,0.00,4.76,0,-93.00,-15.00,0.00,0.00,52.00,0.00,0,44
85.06,1547728474,751.29,51.51466261,7.47299210,141.91,0.00,0.00,4.76,0,-94.00,-17.00,0.00,0.00,52.00,0.00,0,320
86.06,1547728475,751.29,51.51466261,7.47299210,141.87,0.00,0.00,4.76,0,-93.00,-15.00,0.00,0.00,52.00,0.00,0,44
86.06,1547728475,751.29,51.51466261,7.47299210,141.87,0.00,0.00,4.76,0,-94.00,-17.00,0.00,0.00,52.00,0.00,0,320
87.06,1547728476,751.29,51.51466261,7.47299210,141.83,0.00,0.00,4.76,0,-93.00,-16.00,0.00,0.00,53.00,0.00,0,44
87.06,1547728476,751.29,51.51466261,7.47299210,141.83,0.00,0.00,4.76,0,-93.00,-16.00,0.00,0.00,52.00,0.00,0,127
88.06,1547728477,751.29,51.51466261,7.47299210,141.79,0.00,0.00,4.76,0,-93.00,-16.00,0.00,0.00,53.00,0.00,0,44
88.06,1547728477,751.29,51.51466261,7.47299210,141.79,0.00,0.00,4.76,0,-93.00,-16.00,0.00,0.00,52.00,0.00,0,127
89.06,1547728478,751.29,51.51466261,7.47299210,141.74,0.00,0.00,4.76,0,-94.00,-15.00,0.00,0.00,52.00,0.00,0,44
89.06,1547728478,751.29,51.51466261,7.47299210,141.74,0.00,0.00,4.76,0,-94.00,-15.00,0.00,0.00,52.00,0.00,0,127
90.05,1547728479,751.29,51.51466261,7.47299210,141.69,0.00,0.00,4.76,0,-94.00,-15.00,0.00,0.00,52.00,0.00,0,44
90.05,1547728479,751.29,51.51466261,7.47299210,141.69,0.00,0.00,4.76,0,-94.00,-15.00,0.00,0.00,52.00,0.00,0,127
91.06,1547728480,751.29,51.51466261,7.47299210,141.64,0.00,0.00,4.76,0,-93.00,-17.00,0.00,0.00,54.00,0.00,0,44
91.06,1547728480,751.29,51.51466261,7.47299210,141.64,0.00,0.00,4.76,0,-93.00,-17.00,0.00,0.00,54.00,0.00,0,127
92.06,1547728481,751.29,51.51466261,7.47299210,141.59,0.00,0.00,4.76,0,-93.00,-17.00,0.00,0.00,54.00,0.00,0,44
92.06,1547728481,751.29,51.51466261,7.47299210,141.59,0.00,0.00,4.76,0,-93.00,-17.00,0.00,0.00,54.00,0.00,0,127
93.06,1547728482,751.29,51.51466261,7.47299210,141.54,0.00,0.00,4.76,0,-93.00,-17.00,0.00,0.00,54.00,0.00,0,44
93.06,1547728482,751.29,51.51466261,7.47299210,141.54,0.00,0.00,4.76,0,-93.00,-17.00,0.00,0.00,54.00,0.00,0,127
94.06,1547728483,751.29,51.51466261,7.47299210,141.49,0.00,0.00,4.76,0,-93.00,-18.00,0.00,0.00,55.00,0.00,0,127
94.06,1547728483,751.29,51.51466261,7.47299210,141.49,0.00,0.00,4.76,0,-93.00,-18.00,0.00,0.00,55.00,0.00,0,44
95.06,1547728484,751.29,51.51466261,7.47299210,141.44,0.00,0.00,4.76,0,-93.00,-18.00,0.00,0.00,55.00,0.00,0,127
95.06,1547728484,751.29,51.51466261,7.47299210,141.44,0.00,0.00,4.76,0,-93.00,-18.00,0.00,0.00,55.00,0.00,0,44
96.06,1547728485,751.29,51.51466261,7.47299210,141.39,0.00,0.00,4.76,0,-93.00,-18.00,0.00,0.00,55.00,0.00,0,44
96.06,1547728485,751.29,51.51466261,7.47299210,141.39,0.00,0.00,4.76,0,-93.00,-19.00,0.00,0.00,55.00,0.00,0,127
97.06,1547728486,751.29,51.51466261,7.47299210,141.34,0.00,0.00,4.76,0,-93.00,-18.00,0.00,0.00,55.00,0.00,0,44
97.06,1547728486,751.29,51.51466261,7.47299210,141.34,0.00,0.00,4.76,0,-93.00,-19.00,0.00,0.00,55.00,0.00,0,127
98.06,1547728487,751.29,51.51466261,7.47299210,141.29,0.00,0.00,4.76,0,-93.00,-18.00,0.00,0.00,54.00,0.00,0,44
98.06,1547728487,751.29,51.51466261,7.47299210,141.29,0.00,0.00,4.76,0,-94.00,-19.00,0.00,0.00,54.00,0.00,0,127
99.06,1547728488,751.29,51.51466261,7.47299210,141.24,0.00,0.00,4.76,0,-93.00,-18.00,0.00,0.00,54.00,0.00,0,44
99.06,1547728488,751.29,51.51466261,7.47299210,141.24,0.00,0.00,4.76,0,-94.00,-19.00,0.00,0.00,54.00,0.00,0,127
100.05,1547728489,751.29,51.51466261,7.47299210,141.19,0.00,0.00,4.76,0,-93.00,-16.00,0.00,0.00,53.00,0.00,0,127
100.05,1547728489,751.29,51.51466261,7.47299210,141.19,0.00,0.00,4.76,0,-93.00,-16.00,0.00,0.00,53.00,0.00,0,44
101.06,1547728490,751.29,51.51466261,7.47299210,141.14,0.00,0.00,4.76,0,-93.00,-16.00,0.00,0.00,53.00,0.00,0,127
101.06,1547728490,751.29,51.51466261,7.47299210,141.14,0.00,0.00,4.76,0,-93.00,-16.00,0.00,0.00,53.00,0.00,0,44
102.06,1547728491,751.29,51.51466261,7.47299210,141.09,0.00,0.00,4.76,0,-92.00,-16.00,0.00,0.00,54.00,0.00,0,127
102.07,1547728491,751.29,51.51466261,7.47299210,141.09,0.00,0.00,4.76,0,-93.00,-17.00,0.00,0.00,54.00,0.00,0,44
103.07,1547728492,751.29,51.51466261,7.47299210,141.04,0.00,0.00,4.76,0,-92.00,-16.00,0.00,0.00,54.00,0.00,0,127
103.07,1547728492,751.29,51.51466261,7.47299210,141.04,0.00,0.00,4.76,0,-93.00,-17.00,0.00,0.00,54.00,0.00,0,44
104.05,1547728493,751.29,51.51466261,7.47299210,140.99,0.00,0.00,4.76,0,-92.00,-16.00,0.00,0.00,54.00,0.00,0,127
104.05,1547728493,751.29,51.51466261,7.47299210,140.99,0.00,0.00,4.76,0,-93.00,-17.00,0.00,0.00,54.00,0.00,0,44
105.05,1547728494,751.29,51.51466261,7.47299210,140.95,0.00,0.00,4.76,0,-92.00,-16.00,0.00,0.00,54.00,0.00,0,127
105.05,1547728494,751.29,51.51466261,7.47299210,140.95,0.00,0.00,4.76,0,-93.00,-17.00,0.00,0.00,54.00,0.00,0,44
106.06,1547728495,751.29,51.51466261,7.47299210,140.90,0.00,0.00,4.76,0,-93.00,-15.00,0.00,0.00,52.00,0.00,0,127
106.06,1547728495,751.29,51.51466261,7.47299210,140.90,0.00,0.00,4.76,0,-93.00,-15.00,0.00,0.00,52.00,0.00,0,44
107.06,1547728496,751.29,51.51466261,7.47299210,140.86,0.00,0.00,4.76,0,-93.00,-15.00,0.00,0.00,52.00,0.00,0,127
107.06,1547728496,751.29,51.51466261,7.47299210,140.86,0.00,0.00,4.76,0,-93.00,-15.00,0.00,0.00,52.00,0.00,0,44
108.06,1547728497,751.29,51.51466261,7.47299210,140.82,0.00,0.00,4.76,0,-93.00,-16.00,0.00,0.00,52.00,0.00,0,44
108.06,1547728497,751.29,51.51466261,7.47299210,140.82,0.00,0.00,4.76,0,-94.00,-16.00,0.00,0.00,52.00,0.00,0,127
109.06,1547728498,751.29,51.51466261,7.47299210,140.77,0.00,0.00,4.76,0,-93.00,-16.00,0.00,0.00,52.00,0.00,0,44
109.06,1547728498,751.29,51.51466261,7.47299210,140.77,0.00,0.00,4.76,0,-94.00,-16.00,0.00,0.00,52.00,0.00,0,127
110.05,1547728499,751.29,51.51466261,7.47299210,140.73,0.00,0.00,4.76,0,-93.00,-15.00,0.00,0.00,51.00,0.00,0,127
110.05,1547728499,751.29,51.51466261,7.47299210,140.73,0.00,0.00,4.76,0,-94.00,-17.00,0.00,0.00,52.00,0.00,0,44
111.05,1547728500,751.29,51.51466261,7.47299210,140.70,0.00,0.00,4.76,0,-93.00,-15.00,0.00,0.00,51.00,0.00,0,127
111.05,1547728500,751.29,51.51466261,7.47299210,140.70,0.00,0.00,4.76,0,-94.00,-17.00,0.00,0.00,52.00,0.00,0,44
112.06,1547728501,751.29,51.51466261,7.47299210,140.66,0.00,0.00,4.76,0,-93.00,-19.00,0.00,0.00,55.00,0.00,0,44
112.06,1547728501,751.29,51.51466261,7.47299210,140.66,0.00,0.00,4.76,0,-93.00,-19.00,0.00,0.00,55.00,0.00,0,127
113.05,1547728502,751.29,51.51466261,7.47299210,140.63,0.00,0.00,4.76,0,-93.00,-19.00,0.00,0.00,55.00,0.00,0,44
113.06,1547728502,751.29,51.51466261,7.47299210,140.63,0.00,0.00,4.76,0,-93.00,-19.00,0.00,0.00,55.00,0.00,0,127
114.05,1547728503,751.29,51.51466261,7.47299210,140.60,0.00,0.00,4.76,0,-93.00,-19.00,0.00,0.00,55.00,0.00,0,44
114.06,1547728503,751.29,51.51466261,7.47299210,140.60,0.00,0.00,4.76,0,-93.00,-19.00,0.00,0.00,55.00,0.00,0,127
115.06,1547728504,751.29,51.51466261,7.47299210,140.57,0.00,0.00,4.76,0,-93.00,-18.00,0.00,0.00,54.00,0.00,0,44
115.06,1547728504,751.29,51.51466261,7.47299210,140.57,0.00,0.00,4.76,0,-94.00,-17.00,0.00,0.00,53.00,0.00,0,127
116.06,1547728505,751.29,51.51466261,7.47299210,140.54,0.00,0.00,4.76,0,-93.00,-18.00,0.00,0.00,54.00,0.00,0,44
116.06,1547728505,751.29,51.51466261,7.47299210,140.54,0.00,0.00,4.76,0,-94.00,-17.00,0.00,0.00,53.00,0.00,0,127
117.06,1547728506,751.29,51.51466261,7.47299210,140.50,0.00,0.00,4.76,0,-93.00,-17.00,0.00,0.00,54.00,0.00,0,44
117.06,1547728506,751.29,51.51466261,7.47299210,140.50,0.00,0.00,4.76,0,-93.00,-17.00,0.00,0.00,54.00,0.00,0,127
118.06,1547728507,751.29,51.51466261,7.47299210,140.46,0.00,0.00,4.76,0,-93.00,-17.00,0.00,0.00,54.00,0.00,0,44
118.06,1547728507,751.29,51.51466261,7.47299210,140.46,0.00,0.00,4.76,0,-93.00,-17.00,0.00,0.00,54.00,0.00,0,127
119.06,1547728508,751.29,51.51466261,7.47299210,140.43,0.00,0.00,4.76,0,-93.00,-16.00,0.00,0.00,53.00,0.00,0,44
119.06,1547728508,751.29,51.51466261,7.47299210,140.43,0.00,0.00,4.76,0,-94.00,-18.00,0.00,0.00,53.00,0.00,0,127
120.05,1547728509,751.29,51.51466261,7.47299210,140.41,0.00,0.00,4.76,0,-93.00,-16.00,0.00,0.00,53.00,0.00,0,44
120.05,1547728509,751.29,51.51466261,7.47299210,140.41,0.00,0.00,4.76,0,-94.00,-18.00,0.00,0.00,53.00,0.00,0,127
121.07,1547728510,751.29,51.51466261,7.47299210,140.38,0.00,0.00,4.76,0,-93.00,-15.00,0.00,0.00,51.00,0.00,0,44
121.07,1547728510,751.29,51.51466261,7.47299210,140.38,0.00,0.00,4.76,0,-94.00,-16.00,0.00,0.00,51.00,0.00,0,127
122.06,1547728511,751.29,51.51466261,7.47299210,140.36,0.00,0.00,4.76,0,-93.00,-15.00,0.00,0.00,51.00,0.00,0,44
122.06,1547728511,751.29,51.51466261,7.47299210,140.36,0.00,0.00,4.76,0,-94.00,-16.00,0.00,0.00,51.00,0.00,0,127
123.06,1547728512,751.29,51.51466261,7.47299210,140.35,0.00,0.00,4.76,0,-93.00,-18.00,0.00,0.00,55.00,0.00,0,44
123.06,1547728512,751.29,51.51466261,7.47299210,140.35,0.00,0.00,4.76,0,-94.00,-19.00,0.00,0.00,55.00,0.00,0,127
124.06,1547728513,751.29,51.51466261,7.47299210,140.33,0.00,0.00,4.76,0,-93.00,-18.00,0.00,0.00,55.00,0.00,0,44
124.07,1547728513,751.29,51.51466261,7.47299210,140.33,0.00,0.00,4.76,0,-94.00,-19.00,0.00,0.00,55.00,0.00,0,127
125.06,1547728514,751.29,51.51466261,7.47299210,140.31,0.00,0.00,4.76,0,-92.00,-18.00,0.00,0.00,55.00,0.00,0,44
125.06,1547728514,751.29,51.51466261,7.47299210,140.31,0.00,0.00,4.76,0,-93.00,-19.00,0.00,0.00,55.00,0.00,0,127
126.06,1547728515,751.29,51.51466261,7.47299210,140.30,0.00,0.00,4.76,0,-92.00,-18.00,0.00,0.00,55.00,0.00,0,44
126.06,1547728515,751.29,51.51466261,7.47299210,140.30,0.00,0.00,4.76,0,-93.00,-19.00,0.00,0.00,55.00,0.00,0,127
127.06,1547728516,751.29,51.51466261,7.47299210,140.29,0.00,0.00,4.76,0,-93.00,-19.00,0.00,0.00,55.00,0.00,0,44
127.06,1547728516,751.29,51.51466261,7.47299210,140.29,0.00,0.00,4.76,0,-94.00,-20.00,0.00,0.00,54.00,0.00,0,320
128.06,1547728517,751.29,51.51466261,7.47299210,140.29,0.00,0.00,4.76,0,-93.00,-19.00,0.00,0.00,55.00,0.00,0,44
128.06,1547728517,751.29,51.51466261,7.47299210,140.29,0.00,0.00,4.76,0,-94.00,-20.00,0.00,0.00,54.00,0.00,0,320
129.06,1547728518,751.29,51.51466261,7.47299210,140.29,0.00,0.00,4.76,0,-93.00,-15.00,0.00,0.00,51.00,0.00,0,44
129.06,1547728518,751.29,51.51466261,7.47299210,140.29,0.00,0.00,4.76,0,-94.00,-17.00,0.00,0.00,52.00,0.00,0,320
130.05,1547728519,751.29,51.51466261,7.47299210,140.28,0.00,0.00,4.76,0,-93.00,-15.00,0.00,0.00,51.00,0.00,0,44
130.05,1547728519,751.29,51.51466261,7.47299210,140.28,0.00,0.00,4.76,0,-94.00,-17.00,0.00,0.00,52.00,0.00,0,320
131.06,1547728520,751.29,51.51466261,7.47299210,140.19,0.00,0.00,301.71,0,-92.00,-17.00,0.00,0.00,56.00,0.00,0,44
131.06,1547728520,751.29,51.51466261,7.47299210,140.19,0.00,0.00,301.71,0,-92.00,-18.00,0.00,0.00,55.00,0.00,0,320
132.05,1547728521,751.29,51.51466261,7.47299210,140.12,0.00,0.00,4.22,0,-92.00,-17.00,0.00,0.00,56.00,0.00,0,44
132.05,1547728521,751.29,51.51466261,7.47299210,140.12,0.00,0.00,4.22,0,-92.00,-18.00,0.00,0.00,55.00,0.00,0,320
133.06,1547728522,751.29,51.51475912,7.47298599,139.79,5.92,0.00,4.68,0,-108.00,-16.00,0.00,0.00,40.00,0.00,0,399
133.06,1547728522,751.29,51.51475912,7.47298599,139.79,5.92,0.00,4.68,0,-92.00,-16.00,0.00,0.00,53.00,0.00,0,127
134.05,1547728523,757.18,51.51482560,7.47299497,139.33,7.42,0.00,4.24,0,-108.00,-16.00,0.00,0.00,40.00,0.00,0,399
134.05,1547728523,757.18,51.51482560,7.47299497,139.33,7.42,0.00,4.24,0,-92.00,-16.00,0.00,0.00,53.00,0.00,0,127
135.06,1547728524,764.64,51.51489931,7.47299870,138.66,8.17,0.00,3.74,0,-108.00,-16.00,0.00,0.00,40.00,0.00,0,399
135.06,1547728524,764.65,51.51489931,7.47299870,138.66,8.17,0.00,3.74,0,-92.00,-16.00,0.00,0.00,53.00,0.00,0,127
136.06,1547728525,772.80,51.51497019,7.47299696,138.78,8.10,0.00,2.94,0,-107.00,-9.00,0.00,0.00,36.00,0.00,0,20
136.06,1547728525,772.81,51.51497019,7.47299696,138.78,8.10,0.00,2.94,0,-91.00,-16.00,0.00,0.00,53.00,0.00,0,44
137.06,1547728526,780.90,51.51504373,7.47299543,139.45,8.36,0.00,1.89,0,-107.00,-9.00,0.00,0.00,36.00,0.00,0,20
137.06,1547728526,780.91,51.51504373,7.47299543,139.45,8.36,0.00,1.89,0,-91.00,-16.00,0.00,0.00,53.00,0.00,0,44
138.06,1547728527,789.26,51.51512281,7.47299158,140.23,8.85,0.00,0.38,0,-92.00,-17.00,0.00,0.00,54.00,0.00,0,44
138.06,1547728527,789.27,51.51512281,7.47299158,140.23,8.85,0.00,0.38,0,-93.00,-18.00,0.00,0.00,53.00,0.00,0,127
139.06,1547728528,798.11,51.51521208,7.47299040,140.50,9.75,0.00,358.63,0,-92.00,-17.00,0.00,0.00,54.00,0.00,0,44
139.06,1547728528,798.12,51.51521208,7.47299040,140.50,9.75,0.00,358.63,0,-93.00,-18.00,0.00,0.00,53.00,0.00,0,127
140.05,1547728529,807.82,51.51530463,7.47298282,140.25,10.15,0.00,356.27,0,-93.00,-17.00,0.00,0.00,53.00,0.00,0,127
141.06,1547728530,818.03,51.51539951,7.47296267,139.92,10.88,0.00,353.36,0,-93.00,-17.00,0.00,0.00,53.00,0.00,0,127
142.05,1547728531,828.86,51.51550044,7.47293135,139.37,11.71,0.00,350.27,0,-93.00,-15.00,0.00,0.00,51.00,0.00,0,127
143.05,1547728532,840.55,51.51559848,7.47288864,139.87,11.44,0.00,346.63,0,-93.00,-15.00,0.00,0.00,51.00,0.00,0,127
144.06,1547728533,852.08,51.51569684,7.47282801,140.70,11.95,0.00,343.30,0,-91.00,-18.00,0.00,0.00,55.00,0.00,0,127
145.05,1547728534,863.94,51.51579564,7.47275143,141.61,12.34,0.00,340.54,0,-91.00,-18.00,0.00,0.00,55.00,0.00,0,127
146.06,1547728535,876.33,51.51589189,7.47268010,141.24,11.93,0.00,337.44,0,-90.00,-14.00,0.00,0.00,52.00,0.00,0,127
147.06,1547728536,888.26,51.51599008,7.47259190,140.26,12.45,0.00,334.14,0,-90.00,-14.00,0.00,0.00,52.00,0.00,0,127
148.06,1547728537,900.72,51.51608611,7.47249180,138.88,12.67,0.00,330.21,0,-94.00,-17.00,0.00,0.00,51.00,0.00,0,127
149.06,1547728538,913.37,51.51616445,7.47234306,136.92,12.96,0.00,314.71,0,-94.00,-17.00,0.00,0.00,51.00,0.00,0,127
150.06,1547728539,926.36,51.51624037,7.47220770,135.42,12.44,0.00,313.71,0,-91.00,-18.00,0.00,0.00,55.00,0.00,0,127
150.06,1547728539,926.36,51.51624037,7.47220770,135.42,12.44,0.00,313.71,0,-92.00,-18.00,0.00,0.00,55.00,0.00,0,302
151.06,1547728540,938.81,51.51631302,7.47206282,134.38,12.48,0.00,311.97,0,-91.00,-18.00,0.00,0.00,55.00,0.00,0,127
151.06,1547728540,938.83,51.51631302,7.47206282,134.38,12.48,0.00,311.97,0,-92.00,-18.00,0.00,0.00,55.00,0.00,0,302
152.05,1547728541,951.22,51.51638396,7.47191683,133.16,12.28,0.00,309.44,0,-87.00,-14.00,0.00,0.00,56.00,0.00,0,127
153.05,1547728542,963.49,51.51643763,7.47175155,132.03,12.85,0.00,296.88,0,-87.00,-14.00,0.00,0.00,56.00,0.00,0,127
154.05,1547728543,976.36,51.51649193,7.47158062,130.96,13.05,0.00,295.52,0,-85.00,-13.00,0.00,0.00,57.00,0.00,0,127
155.06,1547728544,989.47,51.51654231,7.47141067,130.19,12.89,0.00,294.54,0,-85.00,-13.00,0.00,0.00,57.00,0.00,0,127
156.07,1547728545,1002.45,51.51658698,7.47123991,129.86,12.67,0.00,293.80,0,-79.00,-13.00,0.00,0.00,62.00,0.00,0,127
157.05,1547728546,1014.98,51.51662998,7.47107117,130.32,12.40,0.00,294.45,0,-79.00,-13.00,0.00,0.00,62.00,0.00,0,127
158.06,1547728547,1027.42,51.51667447,7.47090306,130.68,12.27,0.00,294.91,0,-79.00,-13.00,0.00,0.00,62.00,0.00,0,127
159.06,1547728548,1039.69,51.51672076,7.47073502,131.72,12.10,0.00,295.62,0,-78.00,-12.00,0.00,0.00,63.00,0.00,0,127
160.06,1547728549,1051.80,51.51676612,7.47057086,132.42,11.94,0.00,295.14,0,-78.00,-12.00,0.00,0.00,63.00,0.00,0,127
161.06,1547728550,1063.78,51.51681151,7.47040131,133.01,12.38,0.00,294.41,0,-111.00,-13.00,0.00,0.00,35.00,0.00,0,15
161.06,1547728550,1063.79,51.51681151,7.47040131,133.01,12.38,0.00,294.41,0,-81.00,-11.00,0.00,0.00,59.00,0.00,0,127
162.07,1547728551,1076.30,51.51685550,7.47022198,133.50,12.86,0.00,293.77,0,-111.00,-13.00,0.00,0.00,35.00,0.00,0,15
162.07,1547728551,1076.31,51.51685550,7.47022198,133.50,12.86,0.00,293.77,0,-81.00,-11.00,0.00,0.00,59.00,0.00,0,127
163.05,1547728552,1088.92,51.51690198,7.47004917,133.79,13.15,0.00,292.92,0,-82.00,-13.00,0.00,0.00,59.00,0.00,0,127
163.05,1547728552,1088.92,51.51690198,7.47004917,133.79,13.15,0.00,292.92,0,-88.00,-19.00,0.00,0.00,59.00,0.00,0,128
164.06,1547728553,1102.15,51.51694408,7.46986985,133.98,12.62,0.00,291.97,0,-82.00,-13.00,0.00,0.00,59.00,0.00,0,127
164.06,1547728553,1102.16,51.51694408,7.46986985,133.98,12.62,0.00,291.97,0,-88.00,-19.00,0.00,0.00,59.00,0.00,0,128
165.06,1547728554,1114.77,51.51699124,7.46969012,134.19,12.79,0.00,290.99,0,-118.00,-19.00,0.00,0.00,34.00,0.00,0,488
165.06,1547728554,1114.79,51.51699124,7.46969012,134.19,12.79,0.00,290.99,0,-79.00,-12.00,0.00,0.00,61.00,0.00,0,127
165.06,1547728554,1114.80,51.51699124,7.46969012,134.19,12.79,0.00,290.99,0,-82.00,-14.00,0.00,0.00,61.00,0.00,0,128
166.06,1547728555,1127.58,51.51703060,7.46950619,134.45,13.04,0.00,290.19,0,-118.00,-19.00,0.00,0.00,34.00,0.00,0,488
166.06,1547728555,1127.58,51.51703060,7.46950619,134.45,13.04,0.00,290.19,0,-79.00,-12.00,0.00,0.00,61.00,0.00,0,127
166.06,1547728555,1127.59,51.51703060,7.46950619,134.45,13.04,0.00,290.19,0,-82.00,-14.00,0.00,0.00,61.00,0.00,0,128
167.06,1547728556,1140.59,51.51706612,7.46931691,134.78,13.59,0.00,289.14,0,-81.00,-14.00,0.00,0.00,59.00,0.00,0,127
167.06,1547728556,1140.60,51.51706612,7.46931691,134.78,13.59,0.00,289.14,0,-82.00,-15.00,0.00,0.00,60.00,0.00,0,128
168.06,1547728557,1154.18,51.51709887,7.46911474,134.67,14.08,0.00,287.79,0,-81.00,-14.00,0.00,0.00,59.00,0.00,0,127
168.06,1547728557,1154.20,51.51709887,7.46911474,134.67,14.08,0.00,287.79,0,-82.00,-15.00,0.00,0.00,60.00,0.00,0,128
169.06,1547728558,1168.25,51.51713037,7.46892320,134.39,13.49,0.00,287.08,0,-87.00,-14.00,0.00,0.00,54.00,0.00,0,127
169.06,1547728558,1168.26,51.51713037,7.46892320,134.39,13.49,0.00,287.08,0,-88.00,-16.00,0.00,0.00,54.00,0.00,0,128
170.05,1547728559,1181.69,51.51716378,7.46874537,133.76,12.75,0.00,287.00,0,-87.00,-14.00,0.00,0.00,54.00,0.00,0,127
170.05,1547728559,1181.69,51.51716378,7.46874537,133.76,12.75,0.00,287.00,0,-88.00,-16.00,0.00,0.00,54.00,0.00,0,128
171.06,1547728560,1194.53,51.51719066,7.46858737,132.97,10.88,0.00,288.38,0,-95.00,-18.00,0.00,0.00,48.00,0.00,0,18
171.06,1547728560,1194.53,51.51719066,7.46858737,132.97,10.88,0.00,288.38,0,-96.00,-18.00,0.00,0.00,47.00,0.00,0,461
172.06,1547728561,1205.38,51.51722002,7.46843286,132.95,10.77,0.00,289.06,0,-95.00,-18.00,0.00,0.00,48.00,0.00,0,18
172.06,1547728561,1205.39,51.51722002,7.46843286,132.95,10.77,0.00,289.06,0,-96.00,-18.00,0.00,0.00,47.00,0.00,0,461
173.07,1547728562,1216.24,51.51725295,7.46827682,132.73,10.47,0.00,290.91,0,-98.00,-20.00,0.00,0.00,47.00,0.00,0,461
173.07,1547728562,1216.25,51.51725295,7.46827682,132.73,10.47,0.00,290.91,0,-99.00,-20.00,0.00,0.00,47.00,0.00,0,218
174.06,1547728563,1226.64,51.51728964,7.46812716,132.42,10.78,0.00,292.24,0,-98.00,-20.00,0.00,0.00,47.00,0.00,0,461
174.06,1547728563,1226.65,51.51728964,7.46812716,132.42,10.78,0.00,292.24,0,-99.00,-20.00,0.00,0.00,47.00,0.00,0,218
175.06,1547728564,1237.41,51.51732729,7.46798171,132.55,10.70,0.00,293.68,0,-99.00,-19.00,0.00,0.00,46.00,0.00,0,461
176.06,1547728565,1248.10,51.51736561,7.46784304,133.16,10.23,0.00,294.73,0,-99.00,-19.00,0.00,0.00,46.00,0.00,0,461
177.07,1547728566,1258.47,51.51740661,7.46770284,133.70,10.13,0.00,295.91,0,-97.00,-18.00,0.00,0.00,47.00,0.00,0,461
177.07,1547728566,1258.48,51.51740661,7.46770284,133.70,10.13,0.00,295.91,0,-98.00,-19.00,0.00,0.00,47.00,0.00,0,191
177.07,1547728566,1258.49,51.51740661,7.46770284,133.70,10.13,0.00,295.91,0,-98.00,-19.00,0.00,0.00,47.00,0.00,0,176
177.07,1547728566,1258.49,51.51740661,7.46770284,133.70,10.13,0.00,295.91,0,-79.00,-12.00,0.00,0.00,60.00,0.00,0,128
177.07,1547728566,1258.50,51.51740661,7.46770284,133.70,10.13,0.00,295.91,0,-85.00,-20.00,0.00,0.00,60.00,0.00,0,127
178.06,1547728567,1268.49,51.51744851,7.46756502,134.48,10.25,0.00,296.57,0,-97.00,-18.00,0.00,0.00,47.00,0.00,0,461
178.06,1547728567,1268.50,51.51744851,7.46756502,134.48,10.25,0.00,296.57,0,-98.00,-19.00,0.00,0.00,47.00,0.00,0,191
178.06,1547728567,1268.51,51.51744851,7.46756502,134.48,10.25,0.00,296.57,0,-98.00,-19.00,0.00,0.00,47.00,0.00,0,176
178.06,1547728567,1268.52,51.51744851,7.46756502,134.48,10.25,0.00,296.57,0,-79.00,-12.00,0.00,0.00,60.00,0.00,0,128
178.06,1547728567,1268.53,51.51744851,7.46756502,134.48,10.25,0.00,296.57,0,-85.00,-20.00,0.00,0.00,60.00,0.00,0,127
179.06,1547728568,1278.74,51.51749514,7.46742242,135.18,10.80,0.00,297.07,0,-97.00,-18.00,0.00,0.00,47.00,0.00,0,461
179.06,1547728568,1278.75,51.51749514,7.46742242,135.18,10.80,0.00,297.07,0,-98.00,-19.00,0.00,0.00,47.00,0.00,0,191
179.06,1547728568,1278.76,51.51749514,7.46742242,135.18,10.80,0.00,297.07,0,-98.00,-19.00,0.00,0.00,47.00,0.00,0,176
179.06,1547728568,1278.77,51.51749514,7.46742242,135.18,10.80,0.00,297.07,0,-79.00,-12.00,0.00,0.00,60.00,0.00,0,128
179.06,1547728568,1278.77,51.51749514,7.46742242,135.18,10.80,0.00,297.07,0,-85.00,-20.00,0.00,0.00,60.00,0.00,0,127
180.06,1547728569,1289.55,51.51754459,7.46727516,134.95,11.18,0.00,297.05,0,-93.00,-17.00,0.00,0.00,49.00,0.00,0,191
180.06,1547728569,1289.56,51.51754459,7.46727516,134.95,11.18,0.00,297.05,0,-94.00,-17.00,0.00,0.00,49.00,0.00,0,461
180.06,1547728569,1289.56,51.51754459,7.46727516,134.95,11.18,0.00,297.05,0,-97.00,-20.00,0.00,0.00,49.00,0.00,0,139
180.06,1547728569,1289.57,51.51754459,7.46727516,134.95,11.18,0.00,297.05,0,-76.00,-12.00,0.00,0.00,62.00,0.00,0,128
180.06,1547728569,1289.58,51.51754459,7.46727516,134.95,11.18,0.00,297.05,0,-83.00,-20.00,0.00,0.00,62.00,0.00,0,127
180.06,1547728569,1289.58,51.51754459,7.46727516,134.95,11.18,0.00,297.05,0,0.00,0.00,0.00,0.00,63.00,0.00,0,327
181.06,1547728570,1300.73,51.51759215,7.46713952,133.96,10.88,0.00,296.39,0,-93.00,-17.00,0.00,0.00,49.00,0.00,0,191
181.06,1547728570,1300.74,51.51759215,7.46713952,133.96,10.88,0.00,296.39,0,-94.00,-17.00,0.00,0.00,49.00,0.00,0,461
181.06,1547728570,1300.76,51.51759215,7.46713952,133.96,10.88,0.00,296.39,0,-97.00,-20.00,0.00,0.00,49.00,0.00,0,139
181.06,1547728570,1300.76,51.51759215,7.46713952,133.96,10.88,0.00,296.39,0,-76.00,-12.00,0.00,0.00,62.00,0.00,0,128
181.06,1547728570,1300.77,51.51759215,7.46713952,133.96,10.88,0.00,296.39,0,-83.00,-20.00,0.00,0.00,62.00,0.00,0,127
181.07,1547728570,1300.78,51.51759215,7.46713952,133.96,10.88,0.00,296.39,0,0.00,0.00,0.00,0.00,63.00,0.00,0,327
182.06,1547728571,1311.59,51.51763097,7.46700265,133.51,10.96,0.00,295.04,0,-88.00,-12.00,0.00,0.00,50.00,0.00,0,139
183.06,1547728572,1322.55,51.51766670,7.46686354,133.50,10.76,0.00,292.67,0,-88.00,-12.00,0.00,0.00,50.00,0.00,0,139
184.06,1547728573,1333.32,51.51770070,7.46672587,133.56,10.84,0.00,290.86,0,-92.00,-14.00,0.00,0.00,48.00,0.00,0,461
184.06,1547728573,1333.33,51.51770070,7.46672587,133.56,10.84,0.00,290.86,0,-96.00,-18.00,0.00,0.00,47.00,0.00,0,15
184.06,1547728573,1333.34,51.51770070,7.46672587,133.56,10.84,0.00,290.86,0,-97.00,-20.00,0.00,0.00,48.00,0.00,0,218
185.06,1547728574,1344.16,51.51772945,7.46658429,133.97,10.58,0.00,288.90,0,-92.00,-14.00,0.00,0.00,48.00,0.00,0,461
185.06,1547728574,1344.17,51.51772945,7.46658429,133.97,10.58,0.00,288.90,0,-96.00,-18.00,0.00,0.00,47.00,0.00,0,15
185.06,1547728574,1344.18,51.51772945,7.46658429,133.97,10.58,0.00,288.90,0,-97.00,-20.00,0.00,0.00,48.00,0.00,0,218
186.06,1547728575,1354.75,51.51775441,7.46643957,133.86,10.14,0.00,287.16,0,-92.00,-17.00,0.00,0.00,51.00,0.00,0,176
186.06,1547728575,1354.76,51.51775441,7.46643957,133.86,10.14,0.00,287.16,0,-94.00,-19.00,0.00,0.00,51.00,0.00,0,15
186.06,1547728575,1354.77,51.51775441,7.46643957,133.86,10.14,0.00,287.16,0,-116.00,-14.00,0.00,0.00,29.00,0.00,0,15
186.06,1547728575,1354.78,51.51775441,7.46643957,133.86,10.14,0.00,287.16,0,-119.00,-17.00,0.00,0.00,29.00,0.00,0,16
186.07,1547728575,1354.79,51.51775441,7.46643957,133.86,10.14,0.00,287.16,0,-119.00,-17.00,0.00,0.00,29.00,0.00,0,33
187.06,1547728576,1364.89,51.51777556,7.46629391,134.00,10.26,0.00,285.70,0,-92.00,-17.00,0.00,0.00,51.00,0.00,0,176
187.06,1547728576,1364.89,51.51777556,7.46629391,134.00,10.26,0.00,285.70,0,-94.00,-19.00,0.00,0.00,51.00,0.00,0,15
187.06,1547728576,1364.90,51.51777556,7.46629391,134.00,10.26,0.00,285.70,0,-116.00,-14.00,0.00,0.00,29.00,0.00,0,15
187.06,1547728576,1364.91,51.51777556,7.46629391,134.00,10.26,0.00,285.70,0,-119.00,-17.00,0.00,0.00,29.00,0.00,0,16
187.06,1547728576,1364.91,51.51777556,7.46629391,134.00,10.26,0.00,285.70,0,-119.00,-17.00,0.00,0.00,29.00,0.00,0,33
188.06,1547728577,1375.15,51.51779717,7.46614953,134.71,10.26,0.00,284.24,0,-93.00,-17.00,0.00,0.00,50.00,0.00,0,176
188.06,1547728577,1375.16,51.51779717,7.46614953,134.71,10.26,0.00,284.24,0,-94.00,-18.00,0.00,0.00,50.00,0.00,0,139
188.06,1547728577,1375.17,51.51779717,7.46614953,134.71,10.26,0.00,284.24,0,-95.00,-19.00,0.00,0.00,49.00,0.00,0,18
188.06,1547728577,1375.17,51.51779717,7.46614953,134.71,10.26,0.00,284.24,0,-75.00,-12.00,0.00,0.00,62.00,0.00,0,128
188.06,1547728577,1375.18,51.51779717,7.46614953,134.71,10.26,0.00,284.24,0,0.00,0.00,0.00,0.00,63.00,0.00,0,327
189.06,1547728578,1385.41,51.51781290,7.46600502,135.54,10.06,0.00,283.03,0,-93.00,-17.00,0.00,0.00,50.00,0.00,0,176
189.06,1547728578,1385.41,51.51781290,7.46600502,135.54,10.06,0.00,283.03,0,-94.00,-18.00,0.00,0.00,50.00,0.00,0,139
189.06,1547728578,1385.42,51.51781290,7.46600502,135.54,10.06,0.00,283.03,0,-95.00,-19.00,0.00,0.00,49.00,0.00,0,18
189.06,1547728578,1385.43,51.51781290,7.46600502,135.54,10.06,0.00,283.03,0,-75.00,-12.00,0.00,0.00,62.00,0.00,0,128
189.06,1547728578,1385.43,51.51781290,7.46600502,135.54,10.06,0.00,283.03,0,0.00,0.00,0.00,0.00,63.00,0.00,0,327
190.06,1547728579,1395.46,51.51782583,7.46583148,136.61,10.80,0.00,281.34,0,-88.00,-14.00,0.00,0.00,51.00,0.00,0,176
190.06,1547728579,1395.47,51.51782583,7.46583148,136.61,10.80,0.00,281.34,0,-91.00,-17.00,0.00,0.00,51.00,0.00,0,139
190.06,1547728579,1395.48,51.51782583,7.46583148,136.61,10.80,0.00,281.34,0,-94.00,-20.00,0.00,0.00,51.00,0.00,0,18
190.06,1547728579,1395.48,51.51782583,7.46583148,136.61,10.80,0.00,281.34,0,-77.00,-12.00,0.00,0.00,60.00,0.00,0,128
190.06,1547728579,1395.49,51.51782583,7.46583148,136.61,10.80,0.00,281.34,0,0.00,0.00,0.00,0.00,63.00,0.00,0,327
191.06,1547728580,1406.28,51.51783321,7.46566934,138.29,10.59,0.00,279.11,0,-88.00,-14.00,0.00,0.00,51.00,0.00,0,176
191.06,1547728580,1406.28,51.51783321,7.46566934,138.29,10.59,0.00,279.11,0,-91.00,-17.00,0.00,0.00,51.00,0.00,0,139
191.06,1547728580,1406.29,51.51783321,7.46566934,138.29,10.59,0.00,279.11,0,-94.00,-20.00,0.00,0.00,51.00,0.00,0,18
191.06,1547728580,1406.30,51.51783321,7.46566934,138.29,10.59,0.00,279.11,0,-77.00,-12.00,0.00,0.00,60.00,0.00,0,128
191.06,1547728580,1406.30,51.51783321,7.46566934,138.29,10.59,0.00,279.11,0,0.00,0.00,0.00,0.00,63.00,0.00,0,327
192.06,1547728581,1416.87,51.51783694,7.46552003,139.77,10.00,0.00,277.23,0,-90.00,-15.00,0.00,0.00,50.00,0.00,0,139
192.06,1547728581,1416.88,51.51783694,7.46552003,139.77,10.00,0.00,277.23,0,-93.00,-16.00,0.00,0.00,49.00,0.00,0,18
192.06,1547728581,1416.89,51.51783694,7.46552003,139.77,10.00,0.00,277.23,0,-93.00,-17.00,0.00,0.00,50.00,0.00,0,461
192.06,1547728581,1416.90,51.51783694,7.46552003,139.77,10.00,0.00,277.23,0,-116.00,-13.00,0.00,0.00,28.00,0.00,0,15
192.06,1547728581,1416.90,51.51783694,7.46552003,139.77,10.00,0.00,277.23,0,-119.00,-16.00,0.00,0.00,28.00,0.00,0,16
192.07,1547728581,1416.91,51.51783694,7.46552003,139.77,10.00,0.00,277.23,0,-120.00,-16.00,0.00,0.00,28.00,0.00,0,488
193.06,1547728582,1426.87,51.51784069,7.46536963,140.35,10.34,0.00,275.38,0,-90.00,-15.00,0.00,0.00,50.00,0.00,0,139
193.06,1547728582,1426.87,51.51784069,7.46536963,140.35,10.34,0.00,275.38,0,-93.00,-16.00,0.00,0.00,49.00,0.00,0,18
193.06,1547728582,1426.88,51.51784069,7.46536963,140.35,10.34,0.00,275.38,0,-93.00,-17.00,0.00,0.00,50.00,0.00,0,461
193.06,1547728582,1426.89,51.51784069,7.46536963,140.35,10.34,0.00,275.38,0,-116.00,-13.00,0.00,0.00,28.00,0.00,0,15
193.07,1547728582,1426.90,51.51784069,7.46536963,140.35,10.34,0.00,275.38,0,-119.00,-16.00,0.00,0.00,28.00,0.00,0,16
193.07,1547728582,1426.91,51.51784069,7.46536963,140.35,10.34,0.00,275.38,0,-120.00,-16.00,0.00,0.00,28.00,0.00,0,488
194.06,1547728583,1437.20,51.51784546,7.46521473,140.68,10.72,0.00,273.35,0,-92.00,-19.00,0.00,0.00,52.00,0.00,0,18
194.06,1547728583,1437.21,51.51784546,7.46521473,140.68,10.72,0.00,273.35,0,-93.00,-19.00,0.00,0.00,52.00,0.00,0,461
194.06,1547728583,1437.22,51.51784546,7.46521473,140.68,10.72,0.00,273.35,0,-94.00,-19.00,0.00,0.00,51.00,0.00,0,191
194.06,1547728583,1437.23,51.51784546,7.46521473,140.68,10.72,0.00,273.35,0,-76.00,-12.00,0.00,0.00,63.00,0.00,0,128
195.06,1547728584,1447.91,51.51784549,7.46506283,140.61,10.63,0.00,271.35,0,-92.00,-19.00,0.00,0.00,52.00,0.00,0,18
195.06,1547728584,1447.92,51.51784549,7.46506283,140.61,10.63,0.00,271.35,0,-93.00,-19.00,0.00,0.00,52.00,0.00,0,461
195.06,1547728584,1447.93,51.51784549,7.46506283,140.61,10.63,0.00,271.35,0,-94.00,-19.00,0.00,0.00,51.00,0.00,0,191
195.06,1547728584,1447.93,51.51784549,7.46506283,140.61,10.63,0.00,271.35,0,-76.00,-12.00,0.00,0.00,63.00,0.00,0,128
196.06,1547728585,1458.55,51.51784573,7.46491871,139.74,10.56,0.00,269.26,0,-94.00,-17.00,0.00,0.00,49.00,0.00,0,461
196.06,1547728585,1458.55,51.51784573,7.46491871,139.74,10.56,0.00,269.26,0,-97.00,-20.00,0.00,0.00,49.00,0.00,0,18
196.06,1547728585,1458.57,51.51784573,7.46491871,139.74,10.56,0.00,269.26,0,-97.00,-20.00,0.00,0.00,49.00,0.00,0,176
196.06,1547728585,1458.58,51.51784573,7.46491871,139.74,10.56,0.00,269.26,0,-70.00,-11.00,0.00,0.00,63.00,0.00,0,128
197.06,1547728586,1469.11,51.51784072,7.46476984,138.35,10.81,0.00,267.36,0,-94.00,-17.00,0.00,0.00,49.00,0.00,0,461
197.06,1547728586,1469.12,51.51784072,7.46476984,138.35,10.81,0.00,267.36,0,-97.00,-20.00,0.00,0.00,49.00,0.00,0,18
197.06,1547728586,1469.12,51.51784072,7.46476984,138.35,10.81,0.00,267.36,0,-97.00,-20.00,0.00,0.00,49.00,0.00,0,176
197.06,1547728586,1469.13,51.51784072,7.46476984,138.35,10.81,0.00,267.36,0,-70.00,-11.00,0.00,0.00,63.00,0.00,0,128
198.07,1547728587,1480.01,51.51783143,7.46462228,137.02,10.96,0.00,265.16,0,-93.00,-18.00,0.00,0.00,51.00,0.00,0,461
198.07,1547728587,1480.02,51.51783143,7.46462228,137.02,10.96,0.00,265.16,0,-94.00,-19.00,0.00,0.00,50.00,0.00,0,191
199.06,1547728588,1490.86,51.51781518,7.46447522,136.33,11.08,0.00,262.91,0,-93.00,-18.00,0.00,0.00,51.00,0.00,0,461
199.06,1547728588,1490.87,51.51781518,7.46447522,136.33,11.08,0.00,262.91,0,-94.00,-19.00,0.00,0.00,50.00,0.00,0,191
200.06,1547728589,1501.90,51.51779445,7.46432528,135.59,11.05,0.00,260.98,0,-93.00,-18.00,0.00,0.00,51.00,0.00,0,461
200.06,1547728589,1501.91,51.51779445,7.46432528,135.59,11.05,0.00,260.98,0,-94.00,-19.00,0.00,0.00,50.00,0.00,0,191
203.06,1547728592,1536.09,51.51769659,7.46383598,134.11,12.32,0.00,254.95,0,-92.00,-18.00,0.00,0.00,51.00,0.00,0,440
204.06,1547728593,1548.39,51.51765168,7.46366108,134.06,12.41,0.00,253.35,0,-92.00,-18.00,0.00,0.00,51.00,0.00,0,440
205.06,1547728594,1560.84,51.51760421,7.46348561,134.34,12.27,0.00,251.56,0,-96.00,-19.00,0.00,0.00,49.00,0.00,0,461
205.06,1547728594,1560.85,51.51760421,7.46348561,134.34,12.27,0.00,251.56,0,-79.00,-11.00,0.00,0.00,60.00,0.00,0,128
206.06,1547728595,1573.11,51.51755694,7.46331774,134.85,11.72,0.00,250.12,0,-96.00,-19.00,0.00,0.00,49.00,0.00,0,461
206.06,1547728595,1573.12,51.51755694,7.46331774,134.85,11.72,0.00,250.12,0,-79.00,-11.00,0.00,0.00,60.00,0.00,0,128
207.06,1547728596,1584.83,51.51751259,7.46315975,135.54,11.44,0.00,249.09,0,-97.00,-18.00,0.00,0.00,46.00,0.00,0,19
207.06,1547728596,1584.83,51.51751259,7.46315975,135.54,11.44,0.00,249.09,0,-97.00,-18.00,0.00,0.00,46.00,0.00,0,461
207.06,1547728596,1584.84,51.51751259,7.46315975,135.54,11.44,0.00,249.09,0,-98.00,-19.00,0.00,0.00,46.00,0.00,0,176
208.06,1547728597,1596.26,51.51747096,7.46300743,136.14,11.12,0.00,248.38,0,-97.00,-18.00,0.00,0.00,46.00,0.00,0,19
208.06,1547728597,1596.27,51.51747096,7.46300743,136.14,11.12,0.00,248.38,0,-97.00,-18.00,0.00,0.00,46.00,0.00,0,461
208.06,1547728597,1596.28,51.51747096,7.46300743,136.14,11.12,0.00,248.38,0,-98.00,-19.00,0.00,0.00,46.00,0.00,0,176
209.06,1547728598,1607.39,51.51742633,7.46287237,138.59,10.66,0.00,247.95,0,-95.00,-17.00,0.00,0.00,47.00,0.00,0,19
209.06,1547728598,1607.39,51.51742633,7.46287237,138.59,10.66,0.00,247.95,0,-97.00,-19.00,0.00,0.00,48.00,0.00,0,461
209.06,1547728598,1607.40,51.51742633,7.46287237,138.59,10.66,0.00,247.95,0,-98.00,-20.00,0.00,0.00,48.00,0.00,0,18
209.06,1547728598,1607.41,51.51742633,7.46287237,138.59,10.66,0.00,247.95,0,-225.00,-225.00,0.00,0.00,63.00,0.00,0,327
210.06,1547728599,1618.04,51.51738334,7.46272414,140.41,11.01,0.00,247.48,0,-95.00,-17.00,0.00,0.00,47.00,0.00,0,19
210.06,1547728599,1618.05,51.51738334,7.46272414,140.41,11.01,0.00,247.48,0,-97.00,-19.00,0.00,0.00,48.00,0.00,0,461
210.06,1547728599,1618.05,51.51738334,7.46272414,140.41,11.01,0.00,247.48,0,-98.00,-20.00,0.00,0.00,48.00,0.00,0,18
210.06,1547728599,1618.06,51.51738334,7.46272414,140.41,11.01,0.00,247.48,0,-225.00,-225.00,0.00,0.00,63.00,0.00,0,327
211.06,1547728600,1629.06,51.51733779,7.46259348,144.04,10.62,0.00,248.23,0,-92.00,-19.00,0.00,0.00,52.00,0.00,0,139
211.06,1547728600,1629.07,51.51733779,7.46259348,144.04,10.62,0.00,248.23,0,-92.00,-19.00,0.00,0.00,52.00,0.00,0,18
211.06,1547728600,1629.07,51.51733779,7.46259348,144.04,10.62,0.00,248.23,0,-93.00,-20.00,0.00,0.00,52.00,0.00,0,176
211.06,1547728600,1629.08,51.51733779,7.46259348,144.04,10.62,0.00,248.23,0,-105.00,-10.00,0.00,0.00,37.00,0.00,0,488
211.06,1547728600,1629.09,51.51733779,7.46259348,144.04,10.62,0.00,248.23,0,-111.00,-15.00,0.00,0.00,35.00,0.00,0,16
212.06,1547728601,1639.68,51.51730201,7.46247021,147.51,10.25,0.00,247.65,0,-92.00,-19.00,0.00,0.00,52.00,0.00,0,139
212.06,1547728601,1639.69,51.51730201,7.46247021,147.51,10.25,0.00,247.65,0,-92.00,-19.00,0.00,0.00,52.00,0.00,0,18
212.06,1547728601,1639.69,51.51730201,7.46247021,147.51,10.25,0.00,247.65,0,-93.00,-20.00,0.00,0.00,52.00,0.00,0,176
212.06,1547728601,1639.70,51.51730201,7.46247021,147.51,10.25,0.00,247.65,0,-105.00,-10.00,0.00,0.00,37.00,0.00,0,488
212.06,1547728601,1639.71,51.51730201,7.46247021,147.51,10.25,0.00,247.65,0,-111.00,-15.00,0.00,0.00,35.00,0.00,0,16
213.06,1547728602,1649.90,51.51727375,7.46236144,151.11,8.96,0.00,249.49,0,-91.00,-18.00,0.00,0.00,53.00,0.00,0,18
213.06,1547728602,1649.91,51.51727375,7.46236144,151.11,8.96,0.00,249.49,0,-91.00,-18.00,0.00,0.00,54.00,0.00,0,176
213.06,1547728602,1649.92,51.51727375,7.46236144,151.11,8.96,0.00,249.49,0,-93.00,-20.00,0.00,0.00,53.00,0.00,0,461
214.06,1547728603,1658.87,51.51724308,7.46223350,154.92,9.75,0.00,251.55,0,-91.00,-18.00,0.00,0.00,53.00,0.00,0,18
214.06,1547728603,1658.88,51.51724308,7.46223350,154.92,9.75,0.00,251.55,0,-91.00,-18.00,0.00,0.00,54.00,0.00,0,176
214.06,1547728603,1658.88,51.51724308,7.46223350,154.92,9.75,0.00,251.55,0,-93.00,-20.00,0.00,0.00,53.00,0.00,0,461
215.05,1547728604,1668.58,51.51720409,7.46209912,157.90,9.75,0.00,251.55,0,-92.00,-19.00,0.00,0.00,53.00,0.00,0,18
215.06,1547728604,1668.59,51.51720409,7.46209912,157.90,9.75,0.00,251.55,0,-93.00,-20.00,0.00,0.00,53.00,0.00,0,139
215.06,1547728604,1668.59,51.51720409,7.46209912,157.90,9.75,0.00,251.55,0,-74.00,-10.00,0.00,0.00,63.00,0.00,0,348
216.06,1547728605,1678.40,51.51717026,7.46192752,159.54,12.30,0.00,252.55,0,-92.00,-19.00,0.00,0.00,53.00,0.00,0,18
216.06,1547728605,1678.41,51.51717026,7.46192752,159.54,12.30,0.00,252.55,0,-93.00,-20.00,0.00,0.00,53.00,0.00,0,139
216.06,1547728605,1678.41,51.51717026,7.46192752,159.54,12.30,0.00,252.55,0,-74.00,-10.00,0.00,0.00,63.00,0.00,0,348
217.06,1547728606,1690.66,51.51714149,7.46173128,160.72,13.08,0.00,252.51,0,-90.00,-18.00,0.00,0.00,53.00,0.00,0,18
217.06,1547728606,1690.67,51.51714149,7.46173128,160.72,13.08,0.00,252.51,0,-108.00,-18.00,0.00,0.00,42.00,0.00,0,488
218.06,1547728607,1703.75,51.51710932,7.46154472,161.21,12.96,0.00,252.03,0,-90.00,-18.00,0.00,0.00,53.00,0.00,0,18
218.06,1547728607,1703.76,51.51710932,7.46154472,161.21,12.96,0.00,252.03,0,-108.00,-18.00,0.00,0.00,42.00,0.00,0,488
219.07,1547728608,1716.83,51.51707718,7.46136990,161.42,12.88,0.00,252.96,0,-89.00,-19.00,0.00,0.00,56.00,0.00,0,18
219.07,1547728608,1716.84,51.51707718,7.46136990,161.42,12.88,0.00,252.96,0,-109.00,-19.00,0.00,0.00,42.00,0.00,0,488
220.06,1547728609,1729.62,51.51704817,7.46117839,161.18,13.23,0.00,253.45,0,-89.00,-19.00,0.00,0.00,56.00,0.00,0,18
220.06,1547728609,1729.62,51.51704817,7.46117839,161.18,13.23,0.00,253.45,0,-109.00,-19.00,0.00,0.00,42.00,0.00,0,488
221.06,1547728610,1742.82,51.51701700,7.46098369,160.25,14.19,0.00,253.32,0,-89.00,-19.00,0.00,0.00,56.00,0.00,0,18
221.06,1547728610,1742.84,51.51701700,7.46098369,160.25,14.19,0.00,253.32,0,-109.00,-19.00,0.00,0.00,42.00,0.00,0,488
222.06,1547728611,1757.01,51.51698244,7.46078738,158.31,14.04,0.00,252.42,0,-84.00,-18.00,0.00,0.00,60.00,0.00,0,18
222.06,1547728611,1757.03,51.51698244,7.46078738,158.31,14.04,0.00,252.42,0,-85.00,-20.00,0.00,0.00,60.00,0.00,0,176
223.06,1547728612,1771.06,51.51694916,7.46059678,156.07,13.67,0.00,251.97,0,-84.00,-18.00,0.00,0.00,60.00,0.00,0,18
223.06,1547728612,1771.07,51.51694916,7.46059678,156.07,13.67,0.00,251.97,0,-85.00,-20.00,0.00,0.00,60.00,0.00,0,176
224.06,1547728613,1784.71,51.51691570,7.46041015,153.36,13.72,0.00,252.42,0,-86.00,-18.00,0.00,0.00,59.00,0.00,0,18
224.06,1547728613,1784.72,51.51691570,7.46041015,153.36,13.72,0.00,252.42,0,-105.00,-19.00,0.00,0.00,46.00,0.00,0,488
225.06,1547728614,1798.44,51.51688159,7.46021962,151.17,13.95,0.00,252.79,0,-86.00,-18.00,0.00,0.00,59.00,0.00,0,18
225.06,1547728614,1798.45,51.51688159,7.46021962,151.17,13.95,0.00,252.79,0,-105.00,-19.00,0.00,0.00,46.00,0.00,0,488
226.06,1547728615,1812.40,51.51684528,7.46002222,148.98,14.01,0.00,253.25,0,-104.00,-19.00,0.00,0.00,46.00,0.00,0,488
227.06,1547728616,1826.41,51.51680765,7.45981877,147.86,14.64,0.00,254.20,0,-104.00,-19.00,0.00,0.00,46.00,0.00,0,488
255.06,1547728644,2022.35,51.51636410,7.45691375,136.86,6.51,0.00,253.22,0,-94.00,-18.00,0.00,0.00,56.00,0.00,0,488
256.06,1547728645,2028.90,51.51634151,7.45678761,136.33,6.51,0.00,253.74,0,-94.00,-18.00,0.00,0.00,56.00,0.00,0,488
259.06,1547728648,2051.10,51.51623416,7.45641693,135.34,10.75,0.00,244.62,0,-91.00,-18.00,0.00,0.00,59.00,0.00,0,488
260.06,1547728649,2061.83,51.51619170,7.45628370,134.68,10.72,0.00,242.87,0,-91.00,-18.00,0.00,0.00,59.00,0.00,0,488
261.07,1547728650,2072.71,51.51614191,7.45614899,134.20,10.90,0.00,241.28,0,-87.00,-13.00,0.00,0.00,59.00,0.00,0,488
262.06,1547728651,2083.52,51.51609043,7.45601673,133.77,11.01,0.00,239.43,0,-87.00,-13.00,0.00,0.00,59.00,0.00,0,488
263.06,1547728652,2094.51,51.51602622,7.45586553,133.47,11.98,0.00,236.83,0,-87.00,-13.00,0.00,0.00,59.00,0.00,0,488
264.06,1547728653,2106.48,51.51595861,7.45571820,132.92,12.18,0.00,234.26,0,-84.00,-8.00,0.00,0.00,56.00,0.00,0,488
265.06,1547728654,2118.67,51.51588632,7.45557421,132.39,12.02,0.00,231.29,0,-84.00,-8.00,0.00,0.00,56.00,0.00,0,488
266.06,1547728655,2130.66,51.51580242,7.45547446,131.85,11.07,0.00,217.63,0,-80.00,-7.00,0.00,0.00,59.00,0.00,0,488
267.06,1547728656,2141.75,51.51571922,7.45537719,130.97,11.02,0.00,216.57,0,-80.00,-7.00,0.00,0.00,59.00,0.00,0,488
268.06,1547728657,2152.75,51.51563312,7.45528541,130.39,11.18,0.00,214.43,0,-80.00,-6.00,0.00,0.00,58.00,0.00,0,488
269.06,1547728658,2163.96,51.51554703,7.45519838,129.89,11.40,0.00,211.58,0,-80.00,-6.00,0.00,0.00,58.00,0.00,0,488
270.06,1547728659,2175.36,51.51544476,7.45516158,130.23,11.43,0.00,195.88,0,-96.00,-19.00,0.00,0.00,48.00,0.00,0,45
270.06,1547728659,2175.37,51.51544476,7.45516158,130.23,11.43,0.00,195.88,0,-78.00,-7.00,0.00,0.00,62.00,0.00,0,488
271.06,1547728660,2186.79,51.51534265,7.45512826,130.48,10.88,0.00,192.88,0,-96.00,-19.00,0.00,0.00,48.00,0.00,0,45
271.06,1547728660,2186.80,51.51534265,7.45512826,130.48,10.88,0.00,192.88,0,-78.00,-7.00,0.00,0.00,62.00,0.00,0,488
272.06,1547728661,2197.65,51.51523665,7.45513151,131.68,11.28,0.00,178.85,0,-94.00,-19.00,0.00,0.00,50.00,0.00,0,45
272.06,1547728661,2197.65,51.51523665,7.45513151,131.68,11.28,0.00,178.85,0,-95.00,-20.00,0.00,0.00,50.00,0.00,0,168
272.06,1547728661,2197.65,51.51523665,7.45513151,131.68,11.28,0.00,178.85,0,-81.00,-6.00,0.00,0.00,58.00,0.00,0,488
273.06,1547728662,2208.96,51.51513288,7.45514365,133.26,11.20,0.00,177.24,0,-94.00,-19.00,0.00,0.00,50.00,0.00,0,45
273.06,1547728662,2208.97,51.51513288,7.45514365,133.26,11.20,0.00,177.24,0,-95.00,-20.00,0.00,0.00,50.00,0.00,0,168
273.06,1547728662,2208.97,51.51513288,7.45514365,133.26,11.20,0.00,177.24,0,-81.00,-6.00,0.00,0.00,58.00,0.00,0,488
274.05,1547728663,2220.09,51.51502965,7.45516126,135.23,11.44,0.00,176.13,0,-93.00,-18.00,0.00,0.00,50.00,0.00,0,168
274.05,1547728663,2220.09,51.51502965,7.45516126,135.23,11.44,0.00,176.13,0,-94.00,-19.00,0.00,0.00,50.00,0.00,0,45
274.05,1547728663,2220.09,51.51502965,7.45516126,135.23,11.44,0.00,176.13,0,-94.00,-19.00,0.00,0.00,50.00,0.00,0,176
274.05,1547728663,2220.09,51.51502965,7.45516126,135.23,11.44,0.00,176.13,0,-83.00,-6.00,0.00,0.00,57.00,0.00,0,488
275.06,1547728664,2231.62,51.51492815,7.45518197,137.06,11.45,0.00,175.05,0,-93.00,-18.00,0.00,0.00,50.00,0.00,0,168
275.06,1547728664,2231.63,51.51492815,7.45518197,137.06,11.45,0.00,175.05,0,-94.00,-19.00,0.00,0.00,50.00,0.00,0,45
275.06,1547728664,2231.64,51.51492815,7.45518197,137.06,11.45,0.00,175.05,0,-94.00,-19.00,0.00,0.00,50.00,0.00,0,176
275.06,1547728664,2231.64,51.51492815,7.45518197,137.06,11.45,0.00,175.05,0,-83.00,-6.00,0.00,0.00,57.00,0.00,0,488
276.06,1547728665,2243.03,51.51482480,7.45520375,139.40,11.73,0.00,174.03,0,-89.00,-19.00,0.00,0.00,55.00,0.00,0,168
276.06,1547728665,2243.04,51.51482480,7.45520375,139.40,11.73,0.00,174.03,0,-83.00,-7.00,0.00,0.00,57.00,0.00,0,488
277.06,1547728666,2254.77,51.51471698,7.45522756,141.50,12.35,0.00,173.28,0,-89.00,-19.00,0.00,0.00,55.00,0.00,0,168
277.06,1547728666,2254.78,51.51471698,7.45522756,141.50,12.35,0.00,173.28,0,-83.00,-7.00,0.00,0.00,57.00,0.00,0,488
278.06,1547728667,2267.12,51.51460764,7.45524999,142.68,12.95,0.00,172.79,0,-82.00,-12.00,0.00,0.00,55.00,0.00,0,168
278.06,1547728667,2267.14,51.51460764,7.45524999,142.68,12.95,0.00,172.79,0,-78.00,-7.00,0.00,0.00,62.00,0.00,0,488
279.06,1547728668,2280.08,51.51450152,7.45527661,143.24,12.35,0.00,172.31,0,-82.00,-12.00,0.00,0.00,55.00,0.00,0,168
279.06,1547728668,2280.10,51.51450152,7.45527661,143.24,12.35,0.00,172.31,0,-78.00,-7.00,0.00,0.00,62.00,0.00,0,488
285.05,1547728674,2355.12,51.51383230,7.45546668,146.14,12.75,0.00,170.05,0,-85.00,-16.00,0.00,0.00,63.00,0.00,0,486
286.06,1547728675,2367.92,51.51371386,7.45550946,147.37,13.01,0.00,168.37,0,-85.00,-16.00,0.00,0.00,63.00,0.00,0,486
287.06,1547728676,2380.98,51.51359845,7.45556402,148.27,13.07,0.00,165.78,0,-85.00,-13.00,0.00,0.00,60.00,0.00,0,486
287.06,1547728676,2380.98,51.51359845,7.45556402,148.27,13.07,0.00,165.78,0,-72.00,-13.00,0.00,0.00,63.00,0.00,0,334
288.06,1547728677,2394.01,51.51348911,7.45563248,148.67,12.43,0.00,163.07,0,-85.00,-13.00,0.00,0.00,60.00,0.00,0,486
288.06,1547728677,2394.03,51.51348911,7.45563248,148.67,12.43,0.00,163.07,0,-72.00,-13.00,0.00,0.00,63.00,0.00,0,334
289.06,1547728678,2406.43,51.51338133,7.45571597,150.17,12.65,0.00,159.43,0,-78.00,-8.00,0.00,0.00,63.00,0.00,0,486
289.06,1547728678,2406.45,51.51338133,7.45571597,150.17,12.65,0.00,159.43,0,-73.00,-12.00,0.00,0.00,63.00,0.00,0,334
290.06,1547728679,2419.11,51.51327523,7.45580902,151.88,12.74,0.00,156.11,0,-78.00,-8.00,0.00,0.00,63.00,0.00,0,486
290.06,1547728679,2419.12,51.51327523,7.45580902,151.88,12.74,0.00,156.11,0,-73.00,-12.00,0.00,0.00,63.00,0.00,0,334
291.06,1547728680,2431.85,51.51318348,7.45594078,152.52,13.06,0.00,140.93,0,-82.00,-9.00,0.00,0.00,59.00,0.00,0,486
291.06,1547728680,2431.85,51.51318348,7.45594078,152.52,13.06,0.00,140.93,0,-74.00,-12.00,0.00,0.00,63.00,0.00,0,334
292.06,1547728681,2444.88,51.51309698,7.45605869,153.22,12.38,0.00,140.87,0,-82.00,-9.00,0.00,0.00,59.00,0.00,0,486
292.06,1547728681,2444.89,51.51309698,7.45605869,153.22,12.38,0.00,140.87,0,-74.00,-12.00,0.00,0.00,63.00,0.00,0,334
293.06,1547728682,2457.27,51.51302656,7.45620596,154.08,12.38,0.00,140.93,0,-82.00,-9.00,0.00,0.00,60.00,0.00,0,486
293.06,1547728682,2457.27,51.51302656,7.45620596,154.08,12.38,0.00,140.93,0,-70.00,-10.00,0.00,0.00,63.00,0.00,0,334
294.06,1547728683,2469.63,51.51294276,7.45636836,153.41,13.44,0.00,131.22,0,-82.00,-9.00,0.00,0.00,60.00,0.00,0,486
294.06,1547728683,2469.64,51.51294276,7.45636836,153.41,13.44,0.00,131.22,0,-70.00,-10.00,0.00,0.00,63.00,0.00,0,334
360.06,1547728749,2703.86,51.51155698,7.45953471,150.86,0.00,0.00,126.36,0,-89.00,-15.00,0.00,0.00,59.00,0.00,0,23
361.05,1547728750,2703.86,51.51148437,7.45968041,149.48,0.00,0.00,126.67,0,-89.00,-15.00,0.00,0.00,59.00,0.00,0,23
362.05,1547728751,2703.88,51.51140490,7.45982938,149.56,12.86,0.00,128.41,0,-84.00,-16.00,0.00,0.00,62.00,0.00,0,332
363.05,1547728752,2716.74,51.51132178,7.45998391,149.68,14.00,0.00,130.62,0,-84.00,-16.00,0.00,0.00,62.00,0.00,0,332
364.06,1547728753,2730.78,51.51123910,7.46014541,148.90,13.75,0.00,131.54,0,-90.00,-14.00,0.00,0.00,56.00,0.00,0,23
364.06,1547728753,2730.79,51.51123910,7.46014541,148.90,13.75,0.00,131.54,0,-80.00,-13.00,0.00,0.00,62.00,0.00,0,332
364.06,1547728753,2730.79,51.51123910,7.46014541,148.90,13.75,0.00,131.54,0,-84.00,-17.00,0.00,0.00,62.00,0.00,0,21
365.06,1547728754,2744.59,51.51115258,7.46030258,148.74,13.95,0.00,132.93,0,-90.00,-14.00,0.00,0.00,56.00,0.00,0,23
365.06,1547728754,2744.59,51.51115258,7.46030258,148.74,13.95,0.00,132.93,0,-80.00,-13.00,0.00,0.00,62.00,0.00,0,332
365.06,1547728754,2744.60,51.51115258,7.46030258,148.74,13.95,0.00,132.93,0,-84.00,-17.00,0.00,0.00,62.00,0.00,0,21
366.06,1547728755,2758.53,51.51105663,7.46044547,150.22,13.92,0.00,134.52,0,-86.00,-15.00,0.00,0.00,57.00,0.00,0,332
366.06,1547728755,2758.54,51.51105663,7.46044547,150.22,13.92,0.00,134.52,0,-87.00,-16.00,0.00,0.00,57.00,0.00,0,21
367.06,1547728756,2772.38,51.51095906,7.46059353,151.95,14.01,0.00,133.93,0,-86.00,-15.00,0.00,0.00,57.00,0.00,0,332
367.06,1547728756,2772.38,51.51095906,7.46059353,151.95,14.01,0.00,133.93,0,-87.00,-16.00,0.00,0.00,57.00,0.00,0,21
368.07,1547728757,2786.60,51.51086792,7.46074537,153.04,13.71,0.00,133.08,0,-91.00,-13.00,0.00,0.00,54.00,0.00,0,21
368.07,1547728757,2786.61,51.51086792,7.46074537,153.04,13.71,0.00,133.08,0,-96.00,-18.00,0.00,0.00,54.00,0.00,0,23
368.07,1547728757,2786.61,51.51086792,7.46074537,153.04,13.71,0.00,133.08,0,-86.00,-15.00,0.00,0.00,57.00,0.00,0,21
368.07,1547728757,2786.62,51.51086792,7.46074537,153.04,13.71,0.00,133.08,0,-89.00,-16.00,0.00,0.00,57.00,0.00,0,332
369.06,1547728758,2800.17,51.51077806,7.46090365,152.56,13.55,0.00,134.46,0,-91.00,-13.00,0.00,0.00,54.00,0.00,0,21
369.06,1547728758,2800.18,51.51077806,7.46090365,152.56,13.55,0.00,134.46,0,-96.00,-18.00,0.00,0.00,54.00,0.00,0,23
369.06,1547728758,2800.20,51.51077806,7.46090365,152.56,13.55,0.00,134.46,0,-86.00,-15.00,0.00,0.00,57.00,0.00,0,21
369.06,1547728758,2800.21,51.51077806,7.46090365,152.56,13.55,0.00,134.46,0,-89.00,-16.00,0.00,0.00,57.00,0.00,0,332
370.06,1547728759,2813.70,51.51068684,7.46106443,152.98,13.80,0.00,134.83,0,-91.00,-13.00,0.00,0.00,54.00,0.00,0,21
370.06,1547728759,2813.72,51.51068684,7.46106443,152.98,13.80,0.00,134.83,0,-96.00,-18.00,0.00,0.00,54.00,0.00,0,23
370.06,1547728759,2813.73,51.51068684,7.46106443,152.98,13.80,0.00,134.83,0,-86.00,-15.00,0.00,0.00,57.00,0.00,0,21
370.06,1547728759,2813.73,51.51068684,7.46106443,152.98,13.80,0.00,134.83,0,-89.00,-16.00,0.00,0.00,57.00,0.00,0,332
371.06,1547728760,2827.49,51.51060135,7.46121029,153.69,13.13,0.00,134.40,0,-83.00,-16.00,0.00,0.00,61.00,0.00,0,334
372.06,1547728761,2840.64,51.51051752,7.46135754,154.47,13.15,0.00,133.45,0,-83.00,-16.00,0.00,0.00,61.00,0.00,0,334
373.06,1547728762,2853.77,51.51045312,7.46147416,154.90,10.14,0.00,133.78,0,-80.00,-14.00,0.00,0.00,62.00,0.00,0,334
374.06,1547728763,2863.92,51.51039136,7.46158596,154.63,9.28,0.00,132.73,0,-80.00,-14.00,0.00,0.00,62.00,0.00,0,334
375.06,1547728764,2873.20,51.51034424,7.46167569,154.02,7.19,0.00,132.22,0,-82.00,-15.00,0.00,0.00,61.00,0.00,0,334
376.06,1547728765,2880.39,51.51029746,7.46174138,154.60,6.12,0.00,133.04,0,-82.00,-15.00,0.00,0.00,61.00,0.00,0,334
415.06,1547728804,2894.62,51.51015973,7.46207972,162.74,6.09,0.00,122.04,0,-85.00,-19.00,0.00,0.00,62.00,0.00,0,328
415.06,1547728804,2894.63,51.51015973,7.46207972,162.74,6.09,0.00,122.04,0,-86.00,-19.00,0.00,0.00,62.00,0.00,0,332
416.06,1547728805,2900.72,51.51011718,7.46218133,164.61,7.45,0.00,121.06,0,-85.00,-19.00,0.00,0.00,62.00,0.00,0,328
416.06,1547728805,2900.72,51.51011718,7.46218133,164.61,7.45,0.00,121.06,0,-86.00,-19.00,0.00,0.00,62.00,0.00,0,332
417.06,1547728806,2908.16,51.51007935,7.46229265,166.02,7.97,0.00,119.21,0,-85.00,-18.00,0.00,0.00,62.00,0.00,0,328
417.06,1547728806,2908.17,51.51007935,7.46229265,166.02,7.97,0.00,119.21,0,-85.00,-18.00,0.00,0.00,62.00,0.00,0,332
418.06,1547728807,2916.12,51.51004792,7.46240258,166.66,7.69,0.00,118.44,0,-85.00,-18.00,0.00,0.00,62.00,0.00,0,328
418.06,1547728807,2916.13,51.51004792,7.46240258,166.66,7.69,0.00,118.44,0,-85.00,-18.00,0.00,0.00,62.00,0.00,0,332
419.06,1547728808,2923.81,51.51001326,7.46252188,167.32,8.19,0.00,118.83,0,-88.00,-13.00,0.00,0.00,56.00,0.00,0,22
419.06,1547728808,2923.81,51.51001326,7.46252188,167.32,8.19,0.00,118.83,0,-90.00,-15.00,0.00,0.00,56.00,0.00,0,23
419.06,1547728808,2923.81,51.51001326,7.46252188,167.32,8.19,0.00,118.83,0,-80.00,-14.00,0.00,0.00,63.00,0.00,0,328
419.06,1547728808,2923.82,51.51001326,7.46252188,167.32,8.19,0.00,118.83,0,-83.00,-18.00,0.00,0.00,63.00,0.00,0,332
420.07,1547728809,2932.11,51.50997033,7.46265517,167.60,9.40,0.00,119.96,0,-88.00,-13.00,0.00,0.00,56.00,0.00,0,22
420.07,1547728809,2932.11,51.50997033,7.46265517,167.60,9.40,0.00,119.96,0,-90.00,-15.00,0.00,0.00,56.00,0.00,0,23
420.07,1547728809,2932.11,51.50997033,7.46265517,167.60,9.40,0.00,119.96,0,-80.00,-14.00,0.00,0.00,63.00,0.00,0,328
420.07,1547728809,2932.11,51.50997033,7.46265517,167.60,9.40,0.00,119.96,0,-83.00,-18.00,0.00,0.00,63.00,0.00,0,332
421.06,1547728810,2941.38,51.50993524,7.46278454,167.63,9.02,0.00,116.08,0,-81.00,-16.00,0.00,0.00,63.00,0.00,0,332
421.06,1547728810,2941.38,51.50993524,7.46278454,167.63,9.02,0.00,116.08,0,-82.00,-18.00,0.00,0.00,63.00,0.00,0,328
422.06,1547728811,2950.40,51.50992285,7.46292100,167.74,7.89,0.00,100.27,0,-81.00,-16.00,0.00,0.00,63.00,0.00,0,332
422.06,1547728811,2950.40,51.50992285,7.46292100,167.74,7.89,0.00,100.27,0,-82.00,-18.00,0.00,0.00,63.00,0.00,0,328
423.06,1547728812,2958.30,51.50991407,7.46305582,167.97,7.92,0.00,99.39,0,-77.00,-14.00,0.00,0.00,63.00,0.00,0,466
423.06,1547728812,2958.31,51.50991407,7.46305582,167.97,7.92,0.00,99.39,0,-83.00,-20.00,0.00,0.00,63.00,0.00,0,332
424.06,1547728813,2966.24,51.50990363,7.46318589,168.64,8.27,0.00,98.26,0,-77.00,-14.00,0.00,0.00,63.00,0.00,0,466
424.06,1547728813,2966.25,51.50990363,7.46318589,168.64,8.27,0.00,98.26,0,-83.00,-20.00,0.00,0.00,63.00,0.00,0,332
425.06,1547728814,2974.50,51.50989969,7.46330210,168.52,7.93,0.00,96.95,0,-80.00,-14.00,0.00,0.00,63.00,0.00,0,466
425.06,1547728814,2974.50,51.50989969,7.46330210,168.52,7.93,0.00,96.95,0,-85.00,-20.00,0.00,0.00,63.00,0.00,0,332
426.06,1547728815,2982.43,51.50990106,7.46341812,167.28,7.89,0.00,95.70,0,-80.00,-14.00,0.00,0.00,63.00,0.00,0,466
426.06,1547728815,2982.43,51.50990106,7.46341812,167.28,7.89,0.00,95.70,0,-85.00,-20.00,0.00,0.00,63.00,0.00,0,332
429.06,1547728818,3005.62,51.50990554,7.46372006,164.07,7.16,0.00,92.77,0,-85.00,-15.00,0.00,0.00,59.00,0.00,0,328
430.05,1547728819,3012.75,51.50990700,7.46382675,163.65,6.89,0.00,91.62,0,-85.00,-15.00,0.00,0.00,59.00,0.00,0,328
