12.32,1547802475,159.23,51.51007909,7.46952343,147.24,14.14,0.00,60.62,1,-112.00,-19.00,-8.00,3.00,28.00,10.00,12902921,91,0,1,3.59389,38,18.6563
20.31,1547802483,265.55,51.51069323,7.47075478,148.10,8.98,0.00,48.73,1,-98.00,-9.00,2.00,8.00,28.00,10.00,12902921,323,1,0.1,3.38984,49,20.2969
32.28,1547802495,296.28,51.51086624,7.47099119,144.19,0.00,0.00,40.28,1,-112.00,-13.00,1.00,6.00,17.00,10.00,12902921,323,2,0.1,0.742118,54,21.25
43.80,1547802506,296.28,51.51086624,7.47099119,144.06,0.00,0.00,40.28,1,-106.00,-8.00,4.00,4.00,18.00,7.00,13175305,66,3,3,6.24187,52,21.6563
55.45,1547802518,378.58,51.51156273,7.47181524,141.88,11.41,0.00,40.08,1,-109.00,-9.00,2.00,6.00,18.00,7.00,13175305,66,4,7,10.1966,27,21.4219
62.14,1547802525,455.70,51.51213936,7.47254227,139.11,11.54,0.00,36.40,1,-106.00,-9.00,7.00,7.00,20.00,7.00,13175305,66,5,4,14.9323,80,21.2188
71.84,1547802534,566.10,51.51315286,7.47286948,132.64,11.53,-0.15,3.97,1,-103.00,-12.00,3.00,7.00,27.00,7.00,13175305,66,6,3,12.6917,37,20.6563
82.39,1547802545,694.20,51.51423885,7.47293381,128.80,11.80,0.00,2.51,1,-94.00,-11.00,0.00,7.00,35.00,7.00,13175305,66,7,7,23.2172,35,18.0781
91.86,1547802554,760.59,51.51483477,7.47300578,128.67,0.00,-1.63,4.22,1,-76.00,-8.00,14.00,13.00,46.00,7.00,13175305,66,8,6,25.2499,28,8.3125
101.21,1547802564,760.80,51.51483477,7.47300578,128.68,0.00,0.00,4.22,1,-67.00,-8.00,7.00,8.00,57.00,7.00,13175305,66,9,4,25.0391,35,-2.20313
122.51,1547802585,760.80,51.51483477,7.47300578,128.02,0.00,0.00,4.22,1,-66.00,-7.00,13.00,15.00,57.00,7.00,13175305,66,11,9,28.4923,30,-3.82813
131.58,1547802594,776.51,51.51511691,7.47305089,115.54,10.41,0.00,2.47,1,-67.00,-6.00,17.00,15.00,55.00,7.00,13175305,66,12,6,29.4479,30,-2.23438
142.83,1547802605,926.70,51.51639663,7.47196568,129.24,14.58,0.62,313.83,1,-82.00,-11.00,10.00,10.00,46.00,7.00,13175305,66,13,8,22.2222,32,10.6563
151.58,1547802614,1020.58,51.51667233,7.47085430,128.09,8.85,0.00,294.74,1,-83.00,-6.00,21.00,11.00,41.00,4.00,13175306,68,14,6,29.6296,28,15.5156
162.26,1547802625,1127.42,51.51703028,7.46936602,126.01,11.85,0.00,289.00,1,-86.00,-5.00,16.00,10.00,37.00,4.00,13175306,68,15,5,17.2712,30,13.25
173.38,1547802636,1271.53,51.51749604,7.46743648,128.63,13.14,0.00,296.36,1,-89.00,-6.00,14.00,10.00,33.00,4.00,13175306,68,16,5,18.3739,40,16.6719
180.53,1547802643,1366.17,51.51780858,7.46618347,129.65,13.11,0.00,285.90,1,-89.00,-8.00,7.00,15.00,42.00,2.00,13530894,347,17,1,13.3556,27,15.9375
190.06,1547802653,1454.98,51.51786399,7.46486373,132.10,8.33,0.00,268.07,1,-82.00,-7.00,19.00,12.00,45.00,2.00,13530894,345,18,0.1,7.33948,36,9.02344
200.84,1547802663,1546.81,51.51767630,7.46347994,131.35,13.45,1.55,255.33,1,-81.00,-7.00,19.00,12.00,45.00,2.00,13530894,345,19,2,17.8771,30,-2.85156
211.74,1547802674,1677.99,51.51730013,7.46164283,131.46,12.54,-0.37,254.16,1,-81.00,-6.00,20.00,14.00,44.00,2.00,13530894,345,20,8,36.0563,29,8.32813
222.43,1547802685,1804.63,51.51690463,7.46015298,136.66,10.76,0.00,252.77,1,-83.00,-9.00,-6.00,15.00,41.00,2.00,13530894,345,21,1,3.20899,38,-4.125
242.85,1547802705,1972.03,51.51655156,7.45772275,137.03,0.49,-0.63,276.49,1,-88.00,-7.00,12.00,12.00,38.00,5.00,13530638,105,23,0.5,8.3682,45,16.8438
253.25,1547802716,1989.16,51.51650133,7.45739920,139.51,3.66,0.00,256.17,1,-79.00,-12.00,4.00,7.00,53.00,3.00,13406209,460,24,4,9.82198,34,15.1719
263.79,1547802726,2066.15,51.51624302,7.45625218,137.50,9.34,1.01,242.73,1,-73.00,-8.00,23.00,12.00,54.00,3.00,13406209,460,25,5,10.4712,32,4.65625
275.97,1547802738,2177.04,51.51552065,7.45508387,135.43,11.36,-0.05,201.44,1,-63.00,-9.00,39.00,14.00,63.00,3.00,13406209,460,26,8,10.7113,49,-8
284.94,1547802747,2294.83,51.51439775,7.45531898,139.78,14.35,-0.36,172.39,1,-79.00,-9.00,18.00,8.00,50.00,3.00,13406209,460,27,5,8.4016,43,11.1875
291.29,1547802754,2366.60,51.51379635,7.45549455,138.39,11.09,0.00,168.02,1,-83.00,-9.00,15.00,15.00,44.00,3.00,13406209,460,28,0.5,3.97614,42,3.54688
301.32,1547802764,2488.85,51.51290402,7.45653037,139.64,11.79,0.00,131.30,1,-100.00,-12.00,2.00,5.00,33.00,3.00,13406209,460,29,1,6.66667,48,18.25
316.10,1547802779,2692.66,51.51179225,7.45904971,143.58,7.66,0.00,130.06,1,-95.00,-10.00,-3.00,7.00,30.00,7.00,13830146,487,30,8,10.4678,47,20.4219
323.56,1547802786,2709.84,51.51172452,7.45921426,144.30,0.00,0.00,112.70,1,-96.00,-11.00,10.00,9.00,34.00,6.00,13406217,218,31,9,20.1737,44,19.1719
332.72,1547802795,2709.84,51.51172452,7.45921426,144.50,0.00,0.00,112.70,1,-94.00,-11.00,-1.00,5.00,35.00,6.00,13406217,218,32,8,23.3321,36,13.0156
342.40,1547802805,2709.84,51.51172452,7.45921426,144.80,0.00,0.00,112.70,1,-94.00,-11.00,4.00,9.00,33.00,6.00,13406217,218,33,2,6.59794,47,17.2344
351.55,1547802814,2709.84,51.51172452,7.45921426,145.16,0.00,0.00,112.70,1,-94.00,-14.00,5.00,9.00,37.00,6.00,13406217,218,34,4,20.592,42,19.5
364.76,1547802827,2778.02,51.51114369,7.46039565,150.11,15.00,0.19,131.68,1,-94.00,-11.00,6.00,7.00,36.00,6.00,13406217,218,35,5,8.31947,36,16.8594
374.84,1547802837,2899.74,51.51039285,7.46164878,147.43,10.87,2.14,130.65,1,-98.00,-10.00,4.00,9.00,29.00,6.00,13406217,218,36,5,8.18833,31,17.1563
386.15,1547802849,2941.42,51.51017154,7.46212935,149.90,0.00,0.00,113.58,1,-92.00,-9.00,-1.00,6.00,35.00,9.00,12902921,323,37,10,12.9976,33,9.73438
392.51,1547802855,2941.42,51.51017154,7.46212935,150.07,0.00,0.00,113.58,1,-86.00,-6.00,5.00,12.00,37.00,8.00,12902921,323,38,1,5.82242,53,-4.25
401.68,1547802864,2941.42,51.51017154,7.46212935,150.59,0.00,0.00,113.58,1,-88.00,-6.00,-5.00,8.00,35.00,8.00,12902921,323,39,0.5,6.12557,42,10.8281
413.09,1547802876,2972.36,51.51001829,7.46265451,159.36,11.44,0.00,114.23,1,-85.00,-8.00,-8.00,8.00,42.00,8.00,12902921,323,40,0.5,9.92556,360,-3.46875
424.19,1547802887,3087.22,51.50991955,7.46432978,153.25,3.18,0.00,92.82,1,-98.00,-10.00,-2.00,4.00,35.00,3.00,13830145,486,41,6,11.4068,47,20.5313
434.26,1547802897,3145.50,51.50991781,7.46520635,156.26,9.99,0.00,95.51,1,-97.00,-11.00,-3.00,7.00,33.00,3.00,13830145,486,42,4,7.47838,38,19.6406
