0.08,1547727614,0.00,51.50988654,7.46858035,152.25,8.94,0.00,43.26,1,-110.00,-12.00,-4.00,6.00,21.00,5.00,13392655,91
1.09,1547727615,9.00,51.50990576,7.46873111,150.94,9.68,0.73,67.56,1,-114.00,-16.00,-16.00,9.00,21.00,5.00,13392655,91
2.09,1547727616,18.68,51.50993306,7.46887402,149.82,9.52,-0.16,65.76,1,-114.00,-16.00,-16.00,9.00,21.00,5.00,13392655,91
3.08,1547727617,28.18,51.50996342,7.46901799,148.67,9.20,-0.32,65.28,1,-101.00,-8.00,0.00,7.00,24.00,10.00,12902921,323
4.08,1547727618,37.38,51.50999921,7.46916855,147.56,10.15,0.95,64.01,1,-101.00,-8.00,0.00,7.00,24.00,10.00,12902921,323
5.08,1547727619,47.50,51.51005792,7.46933977,147.66,12.52,2.38,61.78,1,-101.00,-8.00,7.00,9.00,23.00,10.00,12902921,323
6.08,1547727620,60.04,51.51011606,7.46950439,148.07,12.52,0.00,63.13,1,-101.00,-8.00,7.00,9.00,23.00,10.00,12902921,323
7.08,1547727621,72.57,51.51019751,7.46965875,148.83,13.76,1.24,60.83,1,-104.00,-9.00,7.00,10.00,22.00,10.00,12902921,323
8.08,1547727622,86.26,51.51027373,7.46982498,149.15,14.01,0.25,59.50,1,-104.00,-9.00,7.00,10.00,22.00,10.00,12902921,323
9.08,1547727623,100.34,51.51034885,7.46999907,149.36,14.06,0.06,58.51,1,-102.00,-11.00,6.00,2.00,36.00,10.00,12902921,323
10.08,1547727624,114.40,51.51041528,7.47017725,149.57,13.14,-0.92,58.35,1,-102.00,-11.00,6.00,2.00,36.00,10.00,12902921,323
11.08,1547727625,127.50,51.51048351,7.47037430,149.95,13.00,-0.15,57.83,1,-112.00,-12.00,-3.00,6.00,19.00,5.00,13392653,90
12.09,1547727626,140.55,51.51055782,7.47055524,150.06,14.06,1.06,55.28,1,-112.00,-12.00,-3.00,6.00,19.00,5.00,13392653,90
13.09,1547727627,154.62,51.51063274,7.47073380,151.58,14.04,-0.02,53.10,1,-113.00,-12.00,-11.00,7.00,17.00,5.00,13392653,90
14.09,1547727628,168.65,51.51073506,7.47094955,152.76,14.04,0.00,54.19,1,-113.00,-12.00,-11.00,7.00,17.00,5.00,13392653,90
15.09,1547727629,182.69,51.51083445,7.47105422,154.24,14.87,0.83,49.46,1,-94.00,-10.00,-11.00,6.00,43.00,8.00,13175298,60
16.08,1547727630,197.53,51.51095063,7.47114126,154.12,14.93,0.06,38.53,1,-94.00,-10.00,-11.00,6.00,43.00,8.00,13175298,60
17.09,1547727631,212.50,51.51132070,7.47074240,153.11,14.84,-0.08,38.62,1,-96.00,-11.00,-1.00,6.00,33.00,8.00,13175298,60
18.08,1547727632,227.29,51.51116931,7.47135543,151.55,14.69,-0.15,39.51,1,-96.00,-11.00,-1.00,6.00,33.00,8.00,13175298,60
19.08,1547727633,242.00,51.51126674,7.47147547,149.95,14.20,-0.49,38.80,1,-94.00,-11.00,0.00,9.00,35.00,8.00,13175298,60
20.08,1547727634,256.18,51.51135719,7.47160445,148.71,13.87,-0.33,38.50,1,-94.00,-11.00,0.00,9.00,35.00,8.00,13175298,60
21.09,1547727635,270.09,51.51144859,7.47172283,146.61,13.40,-0.47,38.87,1,-91.00,-11.00,8.00,13.00,39.00,8.00,13175298,60
22.08,1547727636,283.41,51.51153969,7.47184095,144.66,13.40,-0.00,38.17,1,-91.00,-11.00,8.00,13.00,39.00,8.00,13175298,60
23.08,1547727637,296.79,51.51162301,7.47195410,143.13,12.72,-0.68,38.70,1,-91.00,-11.00,8.00,13.00,39.00,8.00,13175298,60
24.09,1547727638,309.60,51.51170790,7.47206581,142.01,12.45,-0.27,38.85,1,-92.00,-11.00,7.00,8.00,36.00,8.00,13175298,60
25.08,1547727639,322.01,51.51179185,7.47217896,141.01,12.36,-0.08,38.24,1,-92.00,-11.00,7.00,8.00,36.00,8.00,13175298,60
26.08,1547727640,334.37,51.51186908,7.47228046,140.35,11.36,-1.00,38.91,1,-92.00,-9.00,6.00,14.00,35.00,8.00,13175298,60
27.09,1547727641,345.77,51.51194545,7.47237653,139.97,10.92,-0.45,38.11,1,-92.00,-9.00,6.00,14.00,35.00,8.00,13175298,60
28.08,1547727642,356.65,51.51201887,7.47246216,140.09,10.20,-0.72,37.03,1,-94.00,-10.00,3.00,8.00,36.00,8.00,13175298,60
29.09,1547727643,366.89,51.51208538,7.47253994,140.36,9.16,-1.03,35.74,1,-94.00,-10.00,3.00,8.00,36.00,8.00,13175298,60
30.09,1547727644,376.04,51.51214745,7.47260685,140.32,8.00,-1.16,32.52,1,-93.00,-11.00,1.00,8.00,37.00,8.00,13175298,60
31.12,1547727645,384.34,51.51220618,7.47265522,140.82,6.40,-1.54,30.51,1,-93.00,-11.00,1.00,8.00,37.00,8.00,13175298,60
32.08,1547727646,390.50,51.51225508,7.47268418,140.61,5.75,-0.68,28.91,1,-94.00,-13.00,1.00,7.00,39.00,8.00,13175298,60
33.08,1547727647,396.22,51.51228731,7.47269829,140.62,3.10,-2.66,27.87,1,-94.00,-13.00,1.00,7.00,39.00,8.00,13175298,60
34.08,1547727648,399.33,51.51231682,7.47269750,140.68,2.18,-0.91,11.33,1,-93.00,-14.00,0.00,9.00,40.00,8.00,13175298,60
35.08,1547727649,401.51,51.51234148,7.47269849,140.74,1.30,-0.89,12.69,1,-93.00,-14.00,0.00,9.00,40.00,8.00,13175298,60
36.08,1547727650,402.81,51.51235956,7.47269496,140.82,0.57,-0.73,12.69,1,-94.00,-14.00,0.00,7.00,40.00,8.00,13175298,60
37.09,1547727651,403.38,51.51235965,7.47269494,140.96,0.36,-0.21,12.69,1,-94.00,-14.00,0.00,7.00,40.00,8.00,13175298,60
38.09,1547727652,403.74,51.51235965,7.47269494,140.99,0.00,-0.36,12.69,1,-95.00,-13.00,-5.00,6.00,39.00,8.00,13175298,60
39.09,1547727653,403.74,51.51235965,7.47269494,141.03,0.00,0.00,12.69,1,-95.00,-13.00,-5.00,6.00,39.00,8.00,13175298,60
40.09,1547727654,403.74,51.51235965,7.47269494,141.08,0.00,0.00,12.69,1,-94.00,-13.00,-5.00,8.00,37.00,8.00,13175298,60
41.09,1547727655,403.74,51.51235965,7.47269494,141.17,0.00,0.00,12.69,1,-94.00,-13.00,-5.00,8.00,37.00,8.00,13175298,60
42.09,1547727656,403.74,51.51235965,7.47269494,141.27,0.00,0.00,12.69,1,-94.00,-15.00,-4.00,5.00,40.00,8.00,13175298,60
43.08,1547727657,403.74,51.51235965,7.47269494,141.38,0.00,0.00,12.69,1,-94.00,-15.00,-4.00,5.00,40.00,8.00,13175298,60
44.09,1547727658,403.74,51.51235965,7.47269494,141.49,0.00,0.00,12.69,1,-94.00,-15.00,-4.00,5.00,40.00,8.00,13175298,60
45.09,1547727659,403.74,51.51235965,7.47269494,141.60,0.00,0.00,12.69,1,-94.00,-11.00,-3.00,8.00,37.00,8.00,13175298,60
46.08,1547727660,403.74,51.51235965,7.47269494,141.70,0.00,0.00,12.69,1,-94.00,-11.00,-3.00,8.00,37.00,8.00,13175298,60
47.09,1547727661,403.74,51.51235965,7.47269494,141.80,0.00,0.00,12.69,1,-93.00,-12.00,-4.00,7.00,38.00,8.00,13175298,60
48.09,1547727662,403.74,51.51235965,7.47269494,141.89,0.00,0.00,12.69,1,-93.00,-12.00,-4.00,7.00,38.00,8.00,13175298,60
49.09,1547727663,403.74,51.51235965,7.47269494,141.99,0.00,0.00,12.69,1,-93.00,-13.00,-3.00,7.00,38.00,8.00,13175298,60
50.09,1547727664,403.74,51.51235965,7.47269494,142.81,0.00,0.00,10.09,1,-93.00,-13.00,-3.00,7.00,38.00,8.00,13175298,60
51.09,1547727665,403.74,51.51235965,7.47269494,143.40,0.00,0.00,12.18,1,-92.00,-12.00,1.00,7.00,37.00,8.00,13175298,60
52.08,1547727666,403.74,51.51248988,7.47274345,150.18,4.26,0.00,6.47,1,-92.00,-12.00,1.00,7.00,37.00,8.00,13175298,60
53.08,1547727667,407.99,51.51255152,7.47274407,153.68,5.77,1.51,5.70,1,-92.00,-14.00,0.00,7.00,39.00,8.00,13175298,60
54.08,1547727668,413.75,51.51261570,7.47274419,155.75,6.34,0.57,5.47,1,-92.00,-14.00,0.00,7.00,39.00,8.00,13175298,60
55.09,1547727669,420.12,51.51267294,7.47274452,155.46,6.63,0.30,5.49,1,-94.00,-14.00,0.00,5.00,40.00,8.00,13175298,60
56.08,1547727670,426.75,51.51273570,7.47274639,154.94,6.63,0.00,6.47,1,-94.00,-14.00,0.00,5.00,40.00,8.00,13175298,60
57.09,1547727671,433.39,51.51274460,7.47278160,134.90,9.21,2.57,4.37,1,-91.00,-13.00,-2.00,6.00,40.00,8.00,13175298,60
58.08,1547727672,442.57,51.51290671,7.47273451,155.29,9.51,0.30,2.71,1,-91.00,-13.00,-2.00,6.00,40.00,8.00,13175298,60
59.08,1547727673,452.07,51.51299549,7.47273036,154.86,9.75,0.25,3.00,1,-91.00,-10.00,1.00,10.00,37.00,8.00,13175298,60
60.08,1547727674,461.80,51.51307916,7.47273494,154.21,9.41,-0.34,3.84,1,-91.00,-10.00,1.00,10.00,37.00,8.00,13175298,60
61.08,1547727675,471.21,51.51315426,7.47273478,153.17,9.41,0.00,3.05,1,-89.00,-9.00,8.00,10.00,40.00,8.00,13175298,60
62.08,1547727676,480.63,51.51323884,7.47275586,153.09,10.64,1.23,2.64,1,-89.00,-9.00,8.00,10.00,40.00,8.00,13175298,60
63.09,1547727677,491.34,51.51330954,7.47277241,154.08,10.64,0.00,2.97,1,-89.00,-14.00,3.00,7.00,45.00,8.00,13175298,60
64.08,1547727678,501.90,51.51341085,7.47279132,155.70,11.42,0.79,4.90,1,-89.00,-14.00,3.00,7.00,45.00,8.00,13175298,60
65.08,1547727679,513.37,51.51351099,7.47282581,157.99,11.05,-0.37,4.21,1,-89.00,-14.00,3.00,7.00,45.00,8.00,13175298,60
66.08,1547727680,524.42,51.51361701,7.47283677,159.11,11.08,0.03,3.27,1,-84.00,-10.00,3.00,5.00,44.00,8.00,13175298,60
67.08,1547727681,535.49,51.51372985,7.47285454,160.38,12.12,1.04,4.39,1,-84.00,-10.00,3.00,5.00,44.00,8.00,13175298,60
68.08,1547727682,547.61,51.51383685,7.47285448,160.60,11.75,-0.37,3.82,1,-86.00,-13.00,1.00,4.00,46.00,8.00,13175298,60
69.08,1547727683,559.35,51.51394337,7.47284890,159.97,11.66,-0.08,3.30,1,-86.00,-13.00,1.00,4.00,46.00,8.00,13175298,60
70.08,1547727684,571.02,51.51405416,7.47285578,158.84,11.45,-0.22,2.75,1,-83.00,-8.00,12.00,10.00,44.00,8.00,13175298,60
71.08,1547727685,582.47,51.51415418,7.47285403,156.49,10.50,-0.95,1.80,1,-83.00,-8.00,12.00,10.00,44.00,8.00,13175298,60
72.08,1547727686,592.93,51.51425136,7.47284977,153.38,11.19,0.70,2.38,1,-78.00,-8.00,19.00,11.00,51.00,8.00,13175298,60
73.08,1547727687,604.14,51.51434375,7.47285678,150.22,10.51,-0.68,2.98,1,-78.00,-8.00,19.00,11.00,51.00,8.00,13175298,60
74.08,1547727688,614.64,51.51442068,7.47284389,146.55,10.51,0.00,2.60,1,-78.00,-9.00,13.00,11.00,52.00,8.00,13175298,60
75.08,1547727689,625.18,51.51449353,7.47282486,143.03,9.73,-0.77,2.47,1,-78.00,-9.00,13.00,11.00,52.00,8.00,13175298,60
76.08,1547727690,634.88,51.51456833,7.47283253,140.50,8.00,-1.74,3.61,1,-77.00,-8.00,10.00,15.00,50.00,8.00,13175298,60
77.08,1547727691,642.90,51.51463590,7.47307430,137.77,4.59,-3.40,2.42,1,-77.00,-8.00,10.00,15.00,50.00,8.00,13175298,60
78.08,1547727692,647.50,51.51466492,7.47283562,134.85,5.37,0.78,2.85,1,-73.00,-8.00,9.00,11.00,52.00,8.00,13175298,60
79.08,1547727693,652.87,51.51469967,7.47283019,134.60,3.59,-1.78,1.97,1,-73.00,-8.00,9.00,11.00,52.00,8.00,13175298,60
80.08,1547727694,656.46,51.51472899,7.47283134,134.35,2.51,-1.08,4.30,1,-66.00,-7.00,17.00,11.00,60.00,8.00,13175298,60
81.08,1547727695,658.96,51.51475062,7.47283700,134.17,1.47,-1.04,5.77,1,-66.00,-7.00,17.00,11.00,60.00,8.00,13175298,60
82.08,1547727696,660.44,51.51477133,7.47284443,133.94,1.16,-0.31,6.87,1,-63.00,-8.00,10.00,15.00,63.00,8.00,13175298,60
83.08,1547727697,661.60,51.51477133,7.47284443,133.92,0.00,-1.15,6.87,1,-63.00,-8.00,10.00,15.00,63.00,8.00,13175298,60
84.09,1547727698,661.60,51.51477133,7.47284443,133.90,0.00,0.00,6.87,1,-63.00,-7.00,10.00,14.00,63.00,8.00,13175298,60
85.08,1547727699,661.60,51.51477133,7.47284443,133.87,0.00,0.00,6.87,1,-63.00,-7.00,10.00,14.00,63.00,8.00,13175298,60
86.08,1547727700,661.60,51.51477133,7.47284443,133.84,0.00,0.00,6.87,1,-63.00,-7.00,10.00,14.00,63.00,8.00,13175298,60
87.08,1547727701,661.60,51.51477133,7.47284443,133.86,0.00,0.00,6.87,1,-63.00,-6.00,8.00,15.00,63.00,8.00,13175298,60
88.08,1547727702,661.60,51.51477133,7.47284443,133.91,0.00,0.00,6.87,1,-63.00,-6.00,8.00,15.00,63.00,8.00,13175298,60
89.08,1547727703,661.60,51.51477133,7.47284443,133.97,0.00,0.00,6.87,1,-64.00,-7.00,12.00,12.00,63.00,8.00,13175298,60
90.08,1547727704,661.60,51.51477133,7.47284443,134.05,0.00,0.00,6.87,1,-64.00,-7.00,12.00,12.00,63.00,8.00,13175298,60
91.08,1547727705,661.60,51.51477133,7.47284443,134.13,0.00,0.00,6.87,1,-63.00,-7.00,10.00,15.00,63.00,8.00,13175298,60
92.08,1547727706,661.60,51.51477133,7.47284443,134.21,0.00,0.00,6.87,1,-63.00,-7.00,10.00,15.00,63.00,8.00,13175298,60
93.08,1547727707,661.60,51.51477133,7.47284443,134.29,0.00,0.00,6.87,1,-63.00,-7.00,9.00,15.00,63.00,8.00,13175298,60
94.08,1547727708,661.60,51.51477133,7.47284443,134.37,0.00,0.00,6.87,1,-63.00,-7.00,9.00,15.00,63.00,8.00,13175298,60
95.08,1547727709,661.60,51.51477133,7.47284443,134.44,0.00,0.00,6.87,1,-64.00,-7.00,21.00,12.00,63.00,8.00,13175298,60
96.08,1547727710,661.60,51.51477133,7.47284443,134.52,0.00,0.00,6.87,1,-64.00,-7.00,21.00,12.00,63.00,8.00,13175298,60
97.08,1547727711,661.60,51.51480110,7.47291350,143.30,0.00,0.00,6.87,1,-62.00,-8.00,18.00,15.00,63.00,8.00,13175298,60
98.08,1547727712,661.60,51.51477133,7.47284443,136.24,0.00,0.00,2.86,1,-62.00,-8.00,18.00,15.00,63.00,8.00,13175298,60
99.08,1547727713,661.60,51.51477133,7.47284443,142.33,0.00,0.00,7.31,1,-60.00,-7.00,16.00,11.00,63.00,8.00,13175298,60
100.08,1547727714,661.60,51.51491917,7.47286663,145.29,6.07,0.00,5.60,1,-60.00,-7.00,16.00,11.00,63.00,8.00,13175298,60
101.08,1547727715,667.64,51.51498827,7.47287056,146.40,6.79,0.73,4.25,1,-62.00,-9.00,13.00,10.00,63.00,8.00,13175298,60
102.08,1547727716,674.44,51.51506492,7.47287764,145.51,8.29,1.50,3.01,1,-62.00,-9.00,13.00,10.00,63.00,8.00,13175298,60
103.08,1547727717,682.77,51.51511500,7.47291324,145.86,8.29,0.00,3.77,1,-64.00,-11.00,13.00,10.00,63.00,8.00,13175298,60
104.08,1547727718,691.06,51.51519451,7.47291946,144.96,10.38,2.09,357.55,1,-64.00,-11.00,13.00,10.00,63.00,8.00,13175298,60
105.09,1547727719,701.52,51.51529513,7.47292494,144.06,10.38,0.00,0.06,1,-69.00,-9.00,16.00,15.00,61.00,8.00,13175298,60
106.08,1547727720,711.82,51.51538089,7.47289752,143.26,10.20,-0.18,354.72,1,-69.00,-9.00,16.00,15.00,61.00,8.00,13175298,60
107.08,1547727721,722.02,51.51547737,7.47284750,141.96,11.15,0.94,350.05,1,-69.00,-9.00,16.00,15.00,61.00,8.00,13175298,60
108.08,1547727722,733.18,51.51557158,7.47280169,140.96,10.89,-0.26,345.32,1,-75.00,-9.00,8.00,11.00,50.00,8.00,13175298,60
109.08,1547727723,744.05,51.51564173,7.47272524,140.63,10.89,0.00,348.02,1,-75.00,-9.00,8.00,11.00,50.00,8.00,13175298,60
110.09,1547727724,754.96,51.51573316,7.47266070,140.81,11.89,1.00,342.30,1,-84.00,-11.00,1.00,9.00,47.00,8.00,13175298,60
111.08,1547727725,766.80,51.51582767,7.47259130,139.89,11.41,-0.47,338.06,1,-84.00,-11.00,1.00,9.00,47.00,8.00,13175298,60
112.08,1547727726,778.24,51.51593935,7.47251189,137.35,12.65,1.23,333.10,1,-86.00,-13.00,0.00,7.00,47.00,8.00,13175298,60
113.08,1547727727,790.90,51.51604821,7.47242739,134.95,12.65,0.00,335.86,1,-86.00,-13.00,0.00,7.00,47.00,8.00,13175298,60
114.08,1547727728,803.53,51.51613077,7.47231792,133.78,12.52,-0.13,330.35,1,-79.00,-8.00,2.00,9.00,47.00,8.00,13175298,60
115.08,1547727729,816.05,51.51619168,7.47216490,133.72,12.89,0.36,311.22,1,-79.00,-8.00,2.00,9.00,47.00,8.00,13175298,60
116.08,1547727730,828.96,51.51625549,7.47200809,133.97,12.77,-0.12,310.68,1,-83.00,-9.00,3.00,15.00,44.00,8.00,13175298,60
117.08,1547727731,841.71,51.51608240,7.47223940,134.69,12.67,-0.10,309.11,1,-83.00,-9.00,3.00,15.00,44.00,8.00,13175298,60
118.08,1547727732,854.39,51.51638927,7.47171444,135.16,12.26,-0.41,305.99,1,-88.00,-12.00,1.00,8.00,43.00,8.00,13175298,60
119.09,1547727733,866.66,51.51645081,7.47155541,135.12,12.61,0.35,302.52,1,-88.00,-12.00,1.00,8.00,43.00,8.00,13175298,60
120.08,1547727734,879.24,51.51650627,7.47140288,134.91,12.30,-0.31,299.81,1,-85.00,-7.00,-1.00,6.00,46.00,4.00,13175299,62
121.08,1547727735,891.53,51.51655737,7.47124238,134.52,12.43,0.13,297.56,1,-85.00,-7.00,-1.00,6.00,46.00,4.00,13175299,62
122.08,1547727736,903.91,51.51660580,7.47108563,133.94,12.48,0.05,296.53,1,-84.00,-8.00,7.00,10.00,44.00,4.00,13175299,62
123.08,1547727737,916.42,51.51665218,7.47092385,134.06,12.67,0.19,295.68,1,-84.00,-8.00,7.00,10.00,44.00,4.00,13175299,62
124.08,1547727738,929.08,51.51669817,7.47074774,134.39,12.95,0.28,295.35,1,-85.00,-8.00,8.00,6.00,41.00,4.00,13175299,62
125.09,1547727739,942.19,51.51674907,7.47057345,134.54,13.10,0.15,295.57,1,-85.00,-8.00,8.00,6.00,41.00,4.00,13175299,62
126.09,1547727740,955.28,51.51679627,7.47040385,134.93,12.84,-0.25,295.10,1,-86.00,-9.00,6.00,9.00,43.00,4.00,13175299,62
127.08,1547727741,967.99,51.51684106,7.47022507,136.10,13.17,0.33,294.57,1,-86.00,-9.00,6.00,9.00,43.00,4.00,13175299,62
128.08,1547727742,981.12,51.51688485,7.47003636,137.81,14.15,0.98,293.34,1,-86.00,-9.00,6.00,9.00,43.00,4.00,13175299,62
129.08,1547727743,995.31,51.51692933,7.46983340,138.69,14.15,0.00,294.34,1,-83.00,-8.00,5.00,10.00,42.00,4.00,13175299,62
130.08,1547727744,1009.48,51.51697332,7.46963320,139.89,14.11,-0.04,291.67,1,-83.00,-8.00,5.00,10.00,42.00,4.00,13175299,62
131.09,1547727745,1023.61,51.51701287,7.46943125,140.36,14.20,0.10,288.44,1,-87.00,-9.00,0.00,9.00,39.00,4.00,13175299,62
132.08,1547727746,1037.76,51.51704944,7.46923272,140.85,14.20,0.00,289.09,1,-87.00,-9.00,0.00,9.00,39.00,4.00,13175299,62
133.08,1547727747,1051.93,51.51708709,7.46903683,140.76,13.82,-0.38,289.32,1,-81.00,-10.00,4.00,10.00,46.00,6.00,13076482,289
134.08,1547727748,1065.80,51.51712125,7.46884772,140.78,13.82,0.00,289.09,1,-81.00,-10.00,4.00,10.00,46.00,6.00,13076482,289
135.09,1547727749,1079.69,51.51716275,7.46866977,140.28,13.49,-0.33,289.09,1,-86.00,-16.00,0.00,3.00,45.00,6.00,13076482,289
136.09,1547727750,1093.14,51.51720974,7.46850513,139.82,12.94,-0.55,290.52,1,-86.00,-16.00,0.00,3.00,45.00,6.00,13076482,289
137.08,1547727751,1106.05,51.51731130,7.46853410,139.73,12.31,-0.63,291.22,1,-88.00,-7.00,10.00,8.00,32.00,7.00,13175306,68
138.08,1547727752,1118.36,51.51728454,7.46817948,139.39,10.70,-1.61,292.65,1,-88.00,-7.00,10.00,8.00,32.00,7.00,13175306,68
139.08,1547727753,1129.06,51.51731993,7.46803226,138.97,10.66,-0.04,293.70,1,-89.00,-7.00,-2.00,10.00,31.00,7.00,13175306,68
140.08,1547727754,1139.71,51.51734735,7.46792935,138.64,7.11,-3.55,294.17,1,-89.00,-7.00,-2.00,10.00,31.00,7.00,13175306,68
141.08,1547727755,1146.83,51.51737477,7.46783047,138.40,6.96,-0.15,293.72,1,-87.00,-5.00,1.00,10.00,34.00,7.00,13175306,68
142.08,1547727756,1153.78,51.51740540,7.46773205,137.99,7.09,0.13,294.66,1,-87.00,-5.00,1.00,10.00,34.00,7.00,13175306,68
143.09,1547727757,1160.91,51.51743536,7.46763887,137.64,7.53,0.44,295.08,1,-84.00,-7.00,9.00,11.00,42.00,2.00,13530893,347
144.08,1547727758,1168.37,51.51746496,7.46753334,137.49,7.25,-0.28,295.59,1,-84.00,-7.00,9.00,11.00,42.00,2.00,13530893,347
145.08,1547727759,1175.63,51.51749392,7.46744265,137.46,6.21,-1.04,296.21,1,-85.00,-6.00,18.00,15.00,39.00,2.00,13530893,347
146.08,1547727760,1181.83,51.51751695,7.46736384,137.48,5.49,-0.72,295.87,1,-85.00,-6.00,18.00,15.00,39.00,2.00,13530893,347
147.09,1547727761,1187.37,51.51753928,7.46729312,137.50,5.27,-0.22,296.98,1,-75.00,-5.00,19.00,12.00,50.00,2.00,13530893,347
148.08,1547727762,1192.60,51.51755954,7.46722094,137.69,5.15,-0.12,296.27,1,-75.00,-5.00,19.00,12.00,50.00,2.00,13530893,347
149.08,1547727763,1197.74,51.51758379,7.46715144,137.49,5.58,0.44,295.43,1,-75.00,-5.00,19.00,12.00,50.00,2.00,13530893,347
150.08,1547727764,1203.33,51.51761013,7.46708131,137.12,5.96,0.38,293.38,1,-85.00,-7.00,21.00,12.00,41.00,2.00,13530893,347
151.08,1547727765,1209.28,51.51763245,7.46701649,137.03,5.65,-0.31,292.83,1,-85.00,-7.00,21.00,12.00,41.00,2.00,13530893,347
152.08,1547727766,1214.94,51.51765370,7.46694858,137.10,5.68,0.02,292.01,1,-84.00,-7.00,8.00,12.00,43.00,2.00,13530893,347
153.08,1547727767,1220.62,51.51767055,7.46688206,136.91,5.29,-0.38,290.97,1,-84.00,-7.00,8.00,12.00,43.00,2.00,13530893,347
154.08,1547727768,1225.92,51.51768656,7.46681600,136.96,5.29,0.00,292.04,1,-87.00,-8.00,4.00,9.00,38.00,2.00,13530893,347
155.08,1547727769,1231.21,51.51769880,7.46674146,137.50,5.77,0.48,289.81,1,-87.00,-8.00,4.00,9.00,38.00,2.00,13530893,347
156.08,1547727770,1236.96,51.51771778,7.46664974,138.33,5.90,0.14,287.08,1,-87.00,-7.00,4.00,6.00,46.00,3.00,13530894,345
157.08,1547727771,1242.88,51.51762520,7.46637120,138.72,5.94,0.04,287.50,1,-87.00,-7.00,4.00,6.00,46.00,3.00,13530894,345
158.08,1547727772,1248.81,51.51775414,7.46645286,138.93,6.52,0.58,287.41,1,-84.00,-6.00,21.00,12.00,41.00,3.00,13530894,345
159.08,1547727773,1255.33,51.51776991,7.46636011,138.89,6.44,-0.09,285.70,1,-84.00,-6.00,21.00,12.00,41.00,3.00,13530894,345
160.08,1547727774,1261.78,51.51778126,7.46627358,139.07,5.56,-0.87,284.42,1,-82.00,-6.00,25.00,10.00,42.00,3.00,13530894,345
161.09,1547727775,1267.36,51.51779547,7.46618245,139.26,5.99,0.42,284.07,1,-82.00,-6.00,25.00,10.00,42.00,3.00,13530894,345
162.08,1547727776,1273.29,51.51779294,7.46609695,140.37,5.99,0.00,285.05,1,-78.00,-6.00,24.00,11.00,47.00,3.00,13530894,345
163.08,1547727777,1279.30,51.51779650,7.46596413,141.83,8.66,2.66,282.43,1,-78.00,-6.00,24.00,11.00,47.00,3.00,13530894,345
164.08,1547727778,1287.96,51.51780540,7.46580962,144.25,10.01,1.36,280.54,1,-85.00,-7.00,10.00,10.00,41.00,3.00,13530894,345
165.08,1547727779,1297.99,51.51781576,7.46565149,147.08,10.15,0.14,279.07,1,-85.00,-7.00,10.00,10.00,41.00,3.00,13530894,345
166.08,1547727780,1308.15,51.51782704,7.46549532,149.05,9.58,-0.57,276.29,1,-85.00,-8.00,26.00,10.00,41.00,3.00,13530894,345
167.08,1547727781,1317.70,51.51783629,7.46533411,150.15,9.58,0.00,277.67,1,-85.00,-8.00,26.00,10.00,41.00,3.00,13530894,345
168.09,1547727782,1327.37,51.51784656,7.46518019,150.12,10.54,0.95,275.60,1,-82.00,-6.00,25.00,15.00,44.00,3.00,13530894,345
169.08,1547727783,1337.81,51.51785448,7.46501390,148.68,11.16,0.63,271.77,1,-82.00,-6.00,25.00,15.00,44.00,3.00,13530894,345
170.08,1547727784,1348.97,51.51785658,7.46486740,146.78,10.49,-0.68,270.16,1,-82.00,-6.00,25.00,15.00,44.00,3.00,13530894,345
171.08,1547727785,1359.45,51.51785411,7.46471468,144.43,11.29,0.80,268.15,1,-79.00,-6.00,18.00,10.00,45.00,3.00,13530894,345
172.08,1547727786,1370.76,51.51784560,7.46455483,142.36,12.17,0.88,266.06,1,-79.00,-6.00,18.00,10.00,45.00,3.00,13530894,345
173.08,1547727787,1382.93,51.51783164,7.46438819,140.20,12.18,0.01,263.75,1,-83.00,-7.00,10.00,11.00,44.00,3.00,13530894,345
174.08,1547727788,1395.10,51.51781219,7.46422311,138.38,12.22,0.04,261.40,1,-83.00,-7.00,10.00,11.00,44.00,3.00,13530894,345
175.08,1547727789,1407.32,51.51778523,7.46405879,136.86,12.22,0.00,263.15,1,-84.00,-6.00,7.00,12.00,41.00,3.00,13530894,345
176.08,1547727790,1419.56,51.51774313,7.46390124,136.63,12.13,-0.09,258.74,1,-84.00,-6.00,7.00,12.00,41.00,3.00,13530894,345
177.08,1547727791,1431.68,51.51764710,7.46379070,128.80,13.15,1.02,249.06,1,-87.00,-8.00,10.00,8.00,41.00,3.00,13530894,345
178.08,1547727792,1444.83,51.51762245,7.46361264,140.23,13.25,0.10,248.42,1,-87.00,-8.00,10.00,8.00,41.00,3.00,13530894,345
179.08,1547727793,1458.08,51.51757483,7.46346569,144.28,12.81,-0.44,247.38,1,-86.00,-7.00,16.00,11.00,40.00,3.00,13530894,345
180.08,1547727794,1470.89,51.51752600,7.46330681,149.17,13.31,0.50,247.14,1,-86.00,-7.00,16.00,11.00,40.00,3.00,13530894,345
181.08,1547727795,1484.15,51.51747546,7.46314588,154.05,13.67,0.37,246.77,1,-84.00,-7.00,13.00,14.00,42.00,3.00,13530894,345
182.08,1547727796,1497.80,51.51742411,7.46297399,158.21,13.90,0.23,246.28,1,-84.00,-7.00,13.00,14.00,42.00,3.00,13530894,345
183.08,1547727797,1511.74,51.51737779,7.46278843,161.49,14.35,0.44,245.88,1,-77.00,-7.00,17.00,15.00,49.00,3.00,13530894,345
184.08,1547727798,1526.13,51.51732982,7.46259318,163.17,14.94,0.59,247.92,1,-77.00,-7.00,17.00,15.00,49.00,3.00,13530894,345
185.08,1547727799,1541.07,51.51727919,7.46240922,163.63,13.34,-1.60,249.07,1,-81.00,-7.00,31.00,9.00,45.00,3.00,13530894,345
186.08,1547727800,1554.41,51.51722681,7.46222217,164.07,13.39,0.05,250.51,1,-81.00,-7.00,31.00,9.00,45.00,3.00,13530894,345
187.08,1547727801,1567.79,51.51718193,7.46203207,164.05,13.03,-0.36,249.66,1,-84.00,-8.00,10.00,12.00,44.00,3.00,13530894,345
188.08,1547727802,1580.82,51.51713882,7.46176561,164.04,13.03,0.00,250.51,1,-84.00,-8.00,10.00,12.00,44.00,3.00,13530894,345
189.09,1547727803,1593.95,51.51710551,7.46154468,164.52,13.04,0.01,251.10,1,-86.00,-9.00,-5.00,10.00,44.00,3.00,13530894,345
190.09,1547727804,1606.92,51.51705898,7.46134621,164.62,13.45,0.41,251.75,1,-86.00,-9.00,-5.00,10.00,44.00,3.00,13530894,345
191.08,1547727805,1620.28,51.51700971,7.46115350,163.21,13.45,0.00,251.70,1,-86.00,-9.00,-5.00,10.00,44.00,3.00,13530894,345
192.08,1547727806,1633.71,51.51696414,7.46096824,162.01,13.12,-0.33,251.70,1,-87.00,-12.00,4.00,5.00,46.00,5.00,13406209,345
193.08,1547727807,1646.91,51.51693395,7.46079507,159.74,12.72,-0.40,251.70,1,-87.00,-12.00,4.00,5.00,46.00,5.00,13406209,345
194.09,1547727808,1659.64,51.51689803,7.46060876,157.45,13.23,0.50,251.70,1,-79.00,-15.00,-5.00,7.00,53.00,5.00,13530626,460
195.09,1547727809,1672.87,51.51686768,7.46040644,154.36,13.66,0.44,251.70,1,-79.00,-15.00,-5.00,7.00,53.00,5.00,13530626,460
196.08,1547727810,1686.52,51.51683432,7.46020456,151.59,13.94,0.28,252.51,1,-81.00,-15.00,-4.00,5.00,52.00,5.00,13530626,375
197.08,1547727811,1700.43,51.51639770,7.45877390,127.10,13.00,-0.95,254.21,1,-81.00,-15.00,-4.00,5.00,52.00,5.00,13530626,375
198.08,1547727812,1713.46,51.51676861,7.45982506,146.60,13.69,0.68,255.00,1,-82.00,-15.00,-4.00,7.00,55.00,5.00,13530626,375
199.09,1547727813,1727.16,51.51673615,7.45962225,144.30,14.35,0.66,255.92,1,-82.00,-15.00,-4.00,7.00,55.00,5.00,13530626,375
200.09,1547727814,1741.50,51.51670694,7.45941176,141.82,14.63,0.29,256.77,1,-81.00,-9.00,1.00,9.00,47.00,5.00,13530626,375
201.09,1547727815,1756.15,51.51668098,7.45919724,139.45,14.99,0.36,257.22,1,-81.00,-9.00,1.00,9.00,47.00,5.00,13530626,375
202.08,1547727816,1771.04,51.51665542,7.45898695,137.31,14.86,-0.14,258.16,1,-81.00,-11.00,2.00,9.00,48.00,5.00,13530626,375
203.08,1547727817,1785.90,51.51662977,7.45877633,135.90,14.82,-0.04,258.74,1,-81.00,-11.00,2.00,9.00,48.00,5.00,13530626,375
204.08,1547727818,1800.73,51.51661445,7.45857366,135.37,14.56,-0.26,259.31,1,-83.00,-13.00,3.00,5.00,49.00,5.00,13530626,375
205.08,1547727819,1815.34,51.51660473,7.45837044,134.87,14.56,0.00,258.73,1,-83.00,-13.00,3.00,5.00,49.00,5.00,13530626,375
206.08,1547727820,1829.89,51.51656643,7.45816801,135.21,14.22,-0.35,258.65,1,-85.00,-13.00,0.00,6.00,47.00,5.00,13530626,375
207.08,1547727821,1844.10,51.51652886,7.45796137,136.55,14.12,-0.10,258.30,1,-85.00,-13.00,0.00,6.00,47.00,5.00,13530626,375
208.08,1547727822,1858.24,51.51649113,7.45777474,138.63,13.01,-1.11,257.69,1,-77.00,-9.00,12.00,9.00,52.00,4.00,13406209,460
209.08,1547727823,1871.24,51.51645998,7.45760430,141.16,11.52,-1.48,258.37,1,-77.00,-9.00,12.00,9.00,52.00,4.00,13406209,460
210.08,1547727824,1882.76,51.51643411,7.45746168,143.13,9.98,-1.55,257.82,1,-79.00,-12.00,-1.00,6.00,52.00,4.00,13406209,460
211.08,1547727825,1892.73,51.51641091,7.45733817,145.24,8.01,-1.97,256.81,1,-79.00,-12.00,-1.00,6.00,52.00,4.00,13406209,460
212.08,1547727826,1900.72,51.51639166,7.45722193,146.19,7.48,-0.53,255.49,1,-75.00,-9.00,7.00,15.00,52.00,4.00,13406209,460
213.08,1547727827,1908.23,51.51637649,7.45710420,146.48,7.12,-0.35,254.71,1,-75.00,-9.00,7.00,15.00,52.00,4.00,13406209,460
214.09,1547727828,1915.41,51.51636214,7.45699810,146.21,6.72,-0.41,252.02,1,-74.00,-9.00,9.00,11.00,56.00,4.00,13406209,460
215.08,1547727829,1922.07,51.51634759,7.45689752,146.10,6.55,-0.17,250.46,1,-74.00,-9.00,9.00,11.00,56.00,4.00,13406209,460
216.08,1547727830,1928.62,51.51632844,7.45680608,146.17,6.12,-0.43,250.42,1,-74.00,-9.00,9.00,11.00,56.00,4.00,13406209,460
217.09,1547727831,1934.76,51.51622490,7.45614720,146.15,4.84,-1.28,249.28,1,-72.00,-7.00,11.00,11.00,55.00,4.00,13406209,460
218.08,1547727832,1939.60,51.51628987,7.45662945,146.80,5.96,1.12,247.92,1,-72.00,-7.00,11.00,11.00,55.00,4.00,13406209,460
219.08,1547727833,1945.54,51.51624795,7.45649858,146.43,5.96,0.00,249.21,1,-74.00,-9.00,14.00,10.00,57.00,4.00,13406209,460
220.08,1547727834,1951.51,51.51622188,7.45640299,145.58,8.32,2.36,244.02,1,-74.00,-9.00,14.00,10.00,57.00,4.00,13406209,460
221.08,1547727835,1959.83,51.51619058,7.45630156,144.13,9.00,0.67,241.13,1,-73.00,-9.00,12.00,10.00,54.00,4.00,13406209,460
222.08,1547727836,1968.80,51.51616386,7.45618647,143.16,9.12,0.13,237.93,1,-73.00,-9.00,12.00,10.00,54.00,4.00,13406209,460
223.08,1547727837,1977.96,51.51613513,7.45607294,142.19,8.39,-0.73,236.72,1,-69.00,-10.00,19.00,12.00,61.00,4.00,13406209,460
224.08,1547727838,1986.36,51.51610515,7.45596135,141.06,7.95,-0.44,235.03,1,-69.00,-10.00,19.00,12.00,61.00,4.00,13406209,460
225.08,1547727839,1994.30,51.51607169,7.45586224,139.61,7.32,-0.63,232.59,1,-65.00,-5.00,22.00,15.00,59.00,4.00,13406209,460
226.08,1547727840,2001.63,51.51602871,7.45576337,138.24,7.75,0.43,231.35,1,-65.00,-5.00,22.00,15.00,59.00,4.00,13406209,460
227.08,1547727841,2009.38,51.51598764,7.45566295,137.18,8.09,0.34,230.78,1,-60.00,-6.00,25.00,11.00,63.00,4.00,13406209,460
228.08,1547727842,2017.47,51.51594798,7.45554919,136.44,8.90,0.81,231.19,1,-60.00,-6.00,25.00,11.00,63.00,4.00,13406209,460
229.08,1547727843,2026.36,51.51589108,7.45543275,136.23,9.96,1.06,228.31,1,-75.00,-7.00,20.00,11.00,51.00,4.00,13406209,460
230.08,1547727844,2036.32,51.51581907,7.45532544,136.44,9.89,-0.07,225.23,1,-75.00,-7.00,20.00,11.00,51.00,4.00,13406209,460
231.08,1547727845,2046.18,51.51574571,7.45522878,136.93,9.38,-0.51,221.50,1,-74.00,-10.00,17.00,12.00,57.00,4.00,13406209,460
232.08,1547727846,2055.57,51.51565438,7.45514589,136.92,9.38,0.00,223.41,1,-74.00,-10.00,17.00,12.00,57.00,4.00,13406209,460
233.08,1547727847,2064.93,51.51557178,7.45512587,138.36,9.12,-0.26,198.85,1,-73.00,-11.00,19.00,15.00,57.00,4.00,13406209,460
234.08,1547727848,2074.10,51.51548350,7.45510181,140.21,9.22,0.09,196.82,1,-73.00,-11.00,19.00,15.00,57.00,4.00,13406209,460
235.09,1547727849,2083.39,51.51538737,7.45508827,141.51,9.50,0.28,193.58,1,-77.00,-7.00,13.00,10.00,48.00,4.00,13406209,460
236.08,1547727850,2092.80,51.51528667,7.45509077,141.89,9.35,-0.15,189.84,1,-77.00,-7.00,13.00,10.00,48.00,4.00,13406209,460
237.08,1547727851,2102.15,51.51513220,7.45579810,142.25,10.10,0.75,186.19,1,-77.00,-7.00,13.00,10.00,48.00,4.00,13406209,460
238.08,1547727852,2112.21,51.51507403,7.45512548,141.66,11.51,1.41,182.08,1,-85.00,-8.00,22.00,8.00,42.00,4.00,13406209,460
239.08,1547727853,2123.76,51.51495293,7.45516367,140.83,12.35,0.84,178.89,1,-85.00,-8.00,22.00,8.00,42.00,4.00,13406209,460
240.08,1547727854,2136.09,51.51482683,7.45520844,140.33,13.18,0.83,176.68,1,-84.00,-9.00,11.00,9.00,43.00,4.00,13406209,460
241.08,1547727855,2149.29,51.51470337,7.45525112,139.95,13.40,0.21,175.19,1,-84.00,-9.00,11.00,9.00,43.00,4.00,13406209,460
242.08,1547727856,2162.67,51.51457725,7.45528615,139.95,13.48,0.08,174.73,1,-81.00,-8.00,10.00,9.00,44.00,4.00,13406209,460
243.08,1547727857,2176.15,51.51443462,7.45536262,140.50,13.48,0.00,175.81,1,-81.00,-8.00,10.00,9.00,44.00,4.00,13406209,460
244.08,1547727858,2189.64,51.51430986,7.45538462,141.36,13.98,0.50,170.36,1,-80.00,-6.00,10.00,10.00,44.00,4.00,13406209,460
245.08,1547727859,2203.61,51.51417584,7.45540700,141.51,13.88,-0.10,170.97,1,-80.00,-6.00,10.00,10.00,44.00,4.00,13406209,460
246.08,1547727860,2217.48,51.51405938,7.45543377,141.56,13.26,-0.62,171.48,1,-84.00,-7.00,15.00,10.00,42.00,4.00,13406209,460
247.08,1547727861,2230.74,51.51394624,7.45545674,142.09,12.56,-0.70,170.57,1,-84.00,-7.00,15.00,10.00,42.00,4.00,13406209,460
248.08,1547727862,2243.25,51.51383150,7.45548175,142.41,12.34,-0.22,170.90,1,-85.00,-8.00,17.00,12.00,41.00,4.00,13406209,460
249.08,1547727863,2255.64,51.51371409,7.45552644,143.24,12.60,0.26,168.72,1,-85.00,-8.00,17.00,12.00,41.00,4.00,13406209,460
250.08,1547727864,2268.25,51.51359999,7.45557893,144.41,12.53,-0.07,166.36,1,-85.00,-7.00,10.00,15.00,42.00,4.00,13406209,460
251.08,1547727865,2280.78,51.51349108,7.45563508,144.79,12.23,-0.30,163.69,1,-85.00,-7.00,10.00,15.00,42.00,4.00,13406209,460
252.08,1547727866,2292.99,51.51338091,7.45571635,146.98,12.27,0.04,160.26,1,-92.00,-9.00,6.00,8.00,34.00,4.00,13406209,460
253.08,1547727867,2305.27,51.51328376,7.45582712,149.53,12.58,0.31,147.35,1,-92.00,-9.00,6.00,8.00,34.00,4.00,13406209,460
254.08,1547727868,2317.87,51.51320914,7.45596471,150.84,12.60,0.02,133.76,1,-100.00,-12.00,3.00,4.00,31.00,4.00,13406209,460
255.08,1547727869,2330.46,51.51313356,7.45609825,151.66,12.73,0.13,133.67,1,-100.00,-12.00,3.00,4.00,31.00,4.00,13406209,460
256.10,1547727870,2343.35,51.51306147,7.45623879,151.77,12.41,-0.32,131.47,1,-100.00,-12.00,1.00,5.00,30.00,4.00,13406209,460
257.09,1547727871,2355.65,51.51303440,7.45608940,152.73,12.09,-0.32,129.55,1,-100.00,-12.00,1.00,5.00,30.00,4.00,13406209,460
258.09,1547727872,2367.74,51.51292129,7.45650112,153.59,11.14,-0.96,128.83,1,-100.00,-12.00,1.00,5.00,30.00,4.00,13406209,460
259.10,1547727873,2378.98,51.51285242,7.45663504,153.02,11.69,0.55,127.71,1,-98.00,-11.00,1.00,7.00,31.00,4.00,13406209,460
260.08,1547727874,2390.54,51.51278406,7.45677236,152.77,11.44,-0.26,126.99,1,-98.00,-11.00,1.00,7.00,31.00,4.00,13406209,460
261.09,1547727875,2401.99,51.51271454,7.45691220,153.13,11.71,0.27,125.87,1,-102.00,-15.00,-1.00,5.00,32.00,4.00,13406209,460
262.09,1547727876,2413.70,51.51262554,7.45708879,153.29,11.71,0.00,125.87,1,-102.00,-15.00,-1.00,5.00,32.00,4.00,13406209,460
263.09,1547727877,2425.41,51.51255166,7.45727440,152.81,13.46,1.75,126.78,1,-104.00,-15.00,-4.00,5.00,28.00,4.00,13406209,460
264.09,1547727878,2438.88,51.51247327,7.45745609,152.54,13.46,0.00,125.87,1,-104.00,-15.00,-4.00,5.00,28.00,4.00,13406209,460
265.09,1547727879,2452.34,51.51238817,7.45758889,153.27,13.80,0.34,125.84,1,-102.00,-12.00,-5.00,6.00,30.00,8.00,13830146,487
266.09,1547727880,2466.13,51.51231776,7.45774845,154.22,13.39,-0.42,126.26,1,-102.00,-12.00,-5.00,6.00,30.00,8.00,13830146,487
267.09,1547727881,2479.52,51.51225587,7.45791043,153.97,13.40,0.01,126.47,1,-97.00,-9.00,3.00,6.00,30.00,8.00,13830146,487
268.09,1547727882,2492.92,51.51218843,7.45806982,153.44,12.85,-0.55,125.86,1,-97.00,-9.00,3.00,6.00,30.00,8.00,13830146,487
269.09,1547727883,2505.76,51.51212303,7.45822096,153.31,12.20,-0.65,126.49,1,-94.00,-9.00,2.00,6.00,33.00,6.00,14035459,482
270.09,1547727884,2517.96,51.51204760,7.45838736,153.51,12.96,0.76,128.03,1,-94.00,-9.00,2.00,6.00,33.00,6.00,14035459,482
271.08,1547727885,2530.86,51.51197216,7.45855977,153.50,13.81,0.86,128.38,1,-93.00,-8.00,4.00,8.00,33.00,6.00,14035459,482
272.08,1547727886,2544.67,51.51189793,7.45871878,153.21,13.12,-0.70,126.97,1,-93.00,-8.00,4.00,8.00,33.00,6.00,14035459,482
273.08,1547727887,2557.80,51.51182064,7.45888357,153.55,13.20,0.08,126.70,1,-102.00,-15.00,2.00,7.00,32.00,6.00,14035459,482
274.08,1547727888,2571.00,51.51175253,7.45903413,154.06,12.47,-0.73,127.51,1,-102.00,-15.00,2.00,7.00,32.00,6.00,14035459,482
275.08,1547727889,2583.49,51.51169068,7.45916899,154.51,11.61,-0.86,126.84,1,-105.00,-16.00,0.00,4.00,32.00,6.00,14035459,482
276.09,1547727890,2595.15,51.51163710,7.45934726,154.18,11.61,0.00,127.00,1,-105.00,-16.00,0.00,4.00,32.00,6.00,14035459,482
277.10,1547727891,2606.86,51.51154756,7.45951746,153.79,14.14,2.51,130.03,1,-103.00,-14.00,-3.00,5.00,30.00,6.00,14035459,482
278.09,1547727892,2620.86,51.51146565,7.45966525,153.57,14.14,0.00,128.63,1,-103.00,-14.00,-3.00,5.00,30.00,6.00,14035459,482
279.09,1547727893,2635.01,51.51138890,7.45967070,153.18,14.31,0.16,129.36,1,-103.00,-14.00,-3.00,5.00,30.00,6.00,14035459,482
280.09,1547727894,2649.30,51.51128499,7.45999003,152.17,13.32,-0.99,131.04,1,-108.00,-17.00,-5.00,4.00,30.00,5.00,13830146,482
281.09,1547727895,2662.63,51.51119134,7.46015759,151.20,13.32,0.00,130.19,1,-108.00,-17.00,-5.00,4.00,30.00,5.00,13830146,482
282.09,1547727896,2675.94,51.51110712,7.46030992,150.91,13.86,0.54,130.62,1,-100.00,-12.00,-3.00,7.00,31.00,5.00,13830146,487
283.09,1547727897,2689.81,51.51101647,7.46046591,150.97,14.04,0.18,131.37,1,-100.00,-12.00,-3.00,7.00,31.00,5.00,13830146,487
284.08,1547727898,2703.74,51.51092990,7.46061050,151.95,13.48,-0.56,132.00,1,-100.00,-10.00,-3.00,6.00,40.00,7.00,13406217,218
285.08,1547727899,2717.25,51.51081755,7.46076141,153.78,13.48,0.00,131.04,1,-100.00,-10.00,-3.00,6.00,40.00,7.00,13406217,218
286.08,1547727900,2730.76,51.51074037,7.46089010,155.74,12.35,-1.13,131.18,1,-98.00,-14.00,0.00,9.00,35.00,7.00,13406217,218
287.08,1547727901,2743.13,51.51067299,7.46105099,156.47,12.59,0.24,131.01,1,-98.00,-14.00,0.00,9.00,35.00,7.00,13406217,218
288.08,1547727902,2755.69,51.51060527,7.46117664,157.29,11.79,-0.80,131.59,1,-98.00,-15.00,-1.00,10.00,36.00,7.00,13406217,218
289.08,1547727903,2767.48,51.51054373,7.46128303,157.96,10.09,-1.70,132.37,1,-98.00,-15.00,-1.00,10.00,36.00,7.00,13406217,218
290.09,1547727904,2777.64,51.51048837,7.46138667,157.57,9.25,-0.83,133.28,1,-95.00,-10.00,1.00,9.00,32.00,7.00,13406217,218
291.09,1547727905,2786.87,51.51043270,7.46149998,157.06,9.25,0.00,131.97,1,-95.00,-10.00,1.00,9.00,32.00,7.00,13406217,218
292.09,1547727906,2796.13,51.51036141,7.46161353,156.93,10.48,1.23,134.17,1,-96.00,-11.00,0.00,9.00,31.00,7.00,13406217,218
293.08,1547727907,2806.60,51.51029248,7.46173603,156.44,11.38,0.90,133.62,1,-96.00,-11.00,0.00,9.00,31.00,7.00,13406217,218
294.09,1547727908,2818.00,51.51022148,7.46185868,155.94,11.49,0.11,131.87,1,-100.00,-16.00,-4.00,8.00,33.00,3.00,13830145,218
295.09,1547727909,2829.48,51.51015013,7.46198115,155.76,11.57,0.08,129.81,1,-100.00,-16.00,-4.00,8.00,33.00,3.00,13830145,218
296.09,1547727910,2841.10,51.51009159,7.46210839,155.76,10.79,-0.78,128.52,1,-89.00,-12.00,2.00,8.00,43.00,3.00,13830145,486
297.08,1547727911,2851.81,51.51006033,7.46223118,156.22,10.79,0.00,129.95,1,-89.00,-12.00,2.00,8.00,43.00,3.00,13830145,486
298.09,1547727912,2862.64,51.51016680,7.46255220,143.60,11.98,1.18,125.10,1,-77.00,-12.00,9.00,14.00,52.00,3.00,13830145,486
299.08,1547727913,2874.61,51.51001443,7.46255332,156.52,11.85,-0.13,114.51,1,-77.00,-12.00,9.00,14.00,52.00,3.00,13830145,486
300.08,1547727914,2886.44,51.50999750,7.46269064,157.01,11.85,0.00,114.51,1,-77.00,-12.00,9.00,14.00,52.00,3.00,13830145,486
301.10,1547727915,2898.53,51.50997096,7.46285825,157.03,11.42,-0.42,99.67,1,-75.00,-7.00,12.00,11.00,50.00,3.00,13830145,486
302.09,1547727916,2909.74,51.50994385,7.46303240,157.49,10.32,-1.12,100.55,1,-75.00,-7.00,12.00,11.00,50.00,3.00,13830145,486
303.08,1547727917,2920.02,51.50992458,7.46319012,157.57,10.14,-0.18,98.27,1,-88.00,-10.00,8.00,6.00,41.00,3.00,13830145,486
304.08,1547727918,2930.18,51.50990318,7.46334466,157.80,10.14,0.00,101.06,1,-88.00,-10.00,8.00,6.00,41.00,3.00,13830145,486
305.08,1547727919,2940.30,51.50990159,7.46351719,157.34,10.28,0.14,92.76,1,-98.00,-14.00,4.00,8.00,34.00,3.00,13830145,486
306.08,1547727920,2950.60,51.50990481,7.46366562,157.53,8.80,-1.48,90.67,1,-98.00,-14.00,4.00,8.00,34.00,3.00,13830145,486
307.09,1547727921,2959.42,51.50990817,7.46380154,158.04,8.60,-0.20,91.69,1,-102.00,-14.00,-1.00,5.00,31.00,3.00,13830145,486
308.09,1547727922,2968.03,51.50990686,7.46392655,158.71,7.98,-0.62,91.80,1,-102.00,-14.00,-1.00,5.00,31.00,3.00,13830145,486
309.09,1547727923,2976.00,51.50990619,7.46404388,159.76,7.55,-0.43,90.56,1,-102.00,-14.00,-1.00,5.00,32.00,3.00,13830145,486
310.09,1547727924,2983.56,51.50990253,7.46417330,160.01,7.97,0.41,89.58,1,-102.00,-14.00,-1.00,5.00,32.00,3.00,13830145,486
311.09,1547727925,2991.53,51.50990032,7.46432006,160.78,7.97,0.00,91.04,1,-101.00,-14.00,-2.00,6.00,32.00,3.00,13830145,486
312.08,1547727926,2999.45,51.50989924,7.46445985,161.47,9.13,1.17,91.33,1,-101.00,-14.00,-2.00,6.00,32.00,3.00,13830145,486
313.08,1547727927,3008.60,51.50989791,7.46459576,161.76,10.10,0.96,91.89,1,-103.00,-16.00,-3.00,5.00,30.00,3.00,13830145,486
314.08,1547727928,3018.68,51.50990232,7.46471169,161.52,10.10,0.00,91.47,1,-103.00,-16.00,-3.00,5.00,30.00,3.00,13830145,486
315.08,1547727929,3028.79,51.50990375,7.46486336,161.34,10.47,0.37,89.91,1,-105.00,-16.00,-4.00,5.00,30.00,7.00,13830157,486
316.09,1547727930,3039.31,51.50991196,7.46502085,160.99,10.97,0.49,89.14,1,-105.00,-16.00,-4.00,5.00,30.00,7.00,13830157,486
317.08,1547727931,3050.25,51.50991510,7.46519367,160.63,11.34,0.38,89.60,1,-105.00,-9.00,1.00,9.00,22.00,7.00,13830157,210
318.08,1547727932,3061.58,51.50983570,7.46485930,160.92,10.70,-0.64,88.44,1,-105.00,-9.00,1.00,9.00,22.00,7.00,13830157,210
319.08,1547727933,3072.29,51.50991648,7.46552563,160.55,10.14,-0.56,87.38,1,-107.00,-9.00,4.00,9.00,21.00,7.00,13830157,210
320.08,1547727934,3082.41,51.50993335,7.46567414,160.14,9.76,-0.37,73.86,1,-107.00,-9.00,4.00,9.00,21.00,7.00,13830157,210
321.09,1547727935,3092.23,51.50994813,7.46586301,159.72,10.50,0.73,77.92,1,-101.00,-9.00,4.00,7.00,29.00,7.00,13830157,210
322.08,1547727936,3102.63,51.50995267,7.46602683,159.18,10.68,0.19,81.50,1,-101.00,-9.00,4.00,7.00,29.00,7.00,13830157,210
323.08,1547727937,3113.31,51.50995275,7.46619591,158.71,12.41,1.73,85.02,1,-101.00,-9.00,4.00,7.00,29.00,7.00,13830157,210
324.08,1547727938,3125.78,51.50994822,7.46641217,158.50,14.19,1.77,88.49,1,-106.00,-12.00,9.00,8.00,26.00,7.00,13830157,210
325.08,1547727939,3139.96,51.50994476,7.46661348,158.07,14.10,-0.09,89.22,1,-106.00,-12.00,9.00,8.00,26.00,7.00,13830157,210
326.09,1547727940,3154.08,51.50993933,7.46680904,157.56,13.84,-0.25,89.63,1,-105.00,-10.00,4.00,8.00,24.00,7.00,13830157,210
327.09,1547727941,3167.94,51.50992825,7.46703699,156.99,13.85,0.01,91.31,1,-105.00,-10.00,4.00,8.00,24.00,7.00,13830157,210
328.09,1547727942,3181.79,51.50991528,7.46725204,156.23,12.77,-1.08,92.43,1,-105.00,-9.00,3.00,9.00,23.00,7.00,13830157,210
