0.02,1547727609,0.00,51.50978139,7.46851897,144.63,7.57,0.00,18.07,1,-89.00,-13.00,7.00,2.00,49.00,6.00,13403673,21
1.01,1547727610,7.54,51.50980115,7.46864699,144.24,7.38,-0.20,71.53,1,-89.00,-13.00,7.00,2.00,49.00,6.00,13403673,21
2.01,1547727611,14.91,51.50982882,7.46878409,144.07,9.35,1.98,71.19,1,-86.00,-12.00,6.00,2.00,51.00,6.00,13403673,21
3.01,1547727612,24.26,51.50986261,7.46891617,143.98,9.34,-0.01,68.13,1,-86.00,-12.00,6.00,2.00,51.00,6.00,13403673,21
4.01,1547727613,33.61,51.50990335,7.46904731,144.14,9.73,0.39,64.92,1,-84.00,-11.00,5.00,2.00,51.00,6.00,13403673,21
5.01,1547727614,43.33,51.50994598,7.46919139,144.80,10.80,1.07,63.53,1,-84.00,-11.00,5.00,2.00,51.00,6.00,13403673,21
6.01,1547727615,54.14,51.51000245,7.46934486,145.58,12.75,1.94,61.10,1,-86.00,-10.00,0.00,11.00,57.00,6.00,13403661,21
7.01,1547727616,66.88,51.51006122,7.46949919,146.19,12.92,0.18,60.24,1,-86.00,-10.00,0.00,11.00,57.00,6.00,13403661,21
8.01,1547727617,79.80,51.51012851,7.46965893,146.74,13.55,0.63,59.49,1,-93.00,-7.00,17.00,10.00,46.00,6.00,14345743,399
9.01,1547727618,93.35,51.51020477,7.46982995,147.34,14.49,0.94,58.62,1,-93.00,-7.00,17.00,10.00,46.00,6.00,14345743,399
10.02,1547727619,107.99,51.51028226,7.47000346,147.81,14.35,-0.14,58.17,1,-98.00,-10.00,9.00,4.00,44.00,6.00,14345743,399
11.03,1547727620,122.43,51.51035481,7.47017266,148.88,13.98,-0.37,57.02,1,-98.00,-10.00,9.00,4.00,44.00,6.00,14345743,399
12.01,1547727621,136.15,51.51043187,7.47034696,151.05,13.93,-0.05,55.81,1,-101.00,-9.00,13.00,7.00,40.00,6.00,14345743,399
13.01,1547727622,150.10,51.51053829,7.47057532,153.37,13.93,0.00,56.71,1,-101.00,-9.00,13.00,7.00,40.00,6.00,14345743,399
14.02,1547727623,164.16,51.51063302,7.47075870,155.78,14.21,0.28,52.86,1,-102.00,-10.00,7.00,6.00,40.00,6.00,14345743,399
15.01,1547727624,178.25,51.51072424,7.47091212,157.58,13.28,-0.94,46.55,1,-102.00,-10.00,7.00,6.00,40.00,6.00,14345743,399
16.01,1547727625,191.52,51.51082195,7.47103957,158.42,14.18,0.90,44.38,1,-102.00,-10.00,7.00,6.00,40.00,6.00,14345743,399
17.01,1547727626,205.70,51.51092758,7.47117563,158.64,15.19,1.02,42.55,1,-102.00,-7.00,12.00,9.00,38.00,6.00,14345743,399
18.01,1547727627,220.91,51.51103345,7.47130746,158.39,14.88,-0.31,41.53,1,-102.00,-7.00,12.00,9.00,38.00,6.00,14345743,399
19.01,1547727628,235.77,51.51113761,7.47142898,157.85,14.28,-0.61,40.83,1,-98.00,-12.00,17.00,9.00,45.00,6.00,14345743,399
20.02,1547727629,250.12,51.51124002,7.47155499,156.73,14.10,-0.17,40.34,1,-98.00,-12.00,17.00,9.00,45.00,6.00,14345743,399
21.03,1547727630,264.35,51.51133847,7.47167413,155.57,13.79,-0.31,39.50,1,-99.00,-9.00,19.00,11.00,43.00,6.00,14345743,399
22.01,1547727631,277.91,51.51144123,7.47178734,153.87,13.66,-0.13,38.75,1,-99.00,-9.00,19.00,11.00,43.00,6.00,14345743,399
23.01,1547727632,291.55,51.51153754,7.47190188,152.89,13.23,-0.44,39.12,1,-99.00,-7.00,16.00,10.00,41.00,6.00,14345743,399
24.01,1547727633,304.79,51.51163171,7.47201380,151.73,12.81,-0.41,38.88,1,-99.00,-7.00,16.00,10.00,41.00,6.00,14345743,399
25.01,1547727634,317.60,51.51172551,7.47212265,150.81,12.85,0.04,38.51,1,-95.00,-7.00,16.00,11.00,44.00,6.00,14345743,399
26.01,1547727635,330.45,51.51181516,7.47222833,149.77,12.27,-0.58,38.15,1,-95.00,-7.00,16.00,11.00,44.00,6.00,14345743,399
27.01,1547727636,342.77,51.51189845,7.47232848,148.76,11.59,-0.68,38.05,1,-96.00,-6.00,17.00,12.00,42.00,6.00,14345743,399
28.01,1547727637,354.34,51.51197569,7.47242455,147.76,10.93,-0.66,38.42,1,-96.00,-6.00,17.00,12.00,42.00,6.00,14345743,399
29.01,1547727638,365.27,51.51204966,7.47251064,146.89,9.96,-0.97,38.00,1,-92.00,-8.00,25.00,13.00,48.00,6.00,14345743,399
30.02,1547727639,375.26,51.51212297,7.47258969,145.85,9.22,-0.74,36.30,1,-92.00,-8.00,25.00,13.00,48.00,6.00,14345743,399
31.01,1547727640,384.47,51.51219416,7.47266149,145.11,8.70,-0.52,32.22,1,-89.00,-7.00,31.00,15.00,50.00,6.00,14345743,399
32.01,1547727641,393.13,51.51225535,7.47271200,144.64,7.63,-1.07,28.45,1,-89.00,-7.00,31.00,15.00,50.00,6.00,14345743,399
33.01,1547727642,400.77,51.51228417,7.47271556,144.62,3.09,-4.53,7.69,1,-83.00,-6.00,39.00,15.00,55.00,6.00,14345743,399
34.01,1547727643,403.87,51.51229822,7.47271783,144.67,1.11,-1.98,7.69,1,-83.00,-6.00,39.00,15.00,55.00,6.00,14345743,399
35.01,1547727644,404.98,51.51232981,7.47271017,144.77,1.11,0.00,19.02,1,-85.00,-8.00,25.00,15.00,56.00,6.00,14345743,399
36.01,1547727645,406.09,51.51235636,7.47271678,144.91,1.56,0.44,10.96,1,-85.00,-8.00,25.00,15.00,56.00,6.00,14345743,399
37.02,1547727646,407.66,51.51237401,7.47272631,145.04,0.89,-0.66,10.96,1,-83.00,-6.00,30.00,15.00,55.00,6.00,14345743,399
38.01,1547727647,408.54,51.51237401,7.47272631,145.06,0.00,-0.90,10.96,1,-83.00,-6.00,30.00,15.00,55.00,6.00,14345743,399
39.01,1547727648,408.54,51.51237401,7.47272631,145.08,0.00,0.00,10.96,1,-83.00,-6.00,30.00,15.00,55.00,6.00,14345743,399
40.02,1547727649,408.54,51.51237401,7.47272631,145.12,0.00,0.00,10.96,1,-82.00,-6.00,30.00,15.00,57.00,6.00,14345743,399
41.01,1547727650,408.54,51.51237401,7.47272631,145.16,0.00,0.00,10.96,1,-82.00,-6.00,30.00,15.00,57.00,6.00,14345743,399
42.01,1547727651,408.54,51.51237401,7.47272631,145.21,0.00,0.00,10.96,1,-82.00,-7.00,29.00,15.00,57.00,6.00,14345743,399
43.02,1547727652,408.54,51.51237401,7.47272631,145.27,0.00,0.00,10.96,1,-82.00,-7.00,29.00,15.00,57.00,6.00,14345743,399
44.01,1547727653,408.54,51.51237401,7.47272631,145.33,0.00,0.00,10.96,1,-83.00,-6.00,26.00,15.00,56.00,6.00,14345743,399
45.01,1547727654,408.54,51.51237401,7.47272631,145.39,0.00,0.00,10.96,1,-83.00,-6.00,26.00,15.00,56.00,6.00,14345743,399
46.01,1547727655,408.54,51.51237401,7.47272631,145.45,0.00,0.00,10.96,1,-82.00,-7.00,26.00,15.00,57.00,6.00,14345743,399
47.01,1547727656,408.54,51.51237401,7.47272631,145.51,0.00,0.00,10.96,1,-82.00,-7.00,26.00,15.00,57.00,6.00,14345743,399
48.01,1547727657,408.54,51.51237401,7.47272631,145.57,0.00,0.00,10.96,1,-82.00,-9.00,29.00,15.00,57.00,6.00,14345743,399
49.01,1547727658,408.54,51.51237401,7.47272631,145.63,0.00,0.00,10.96,1,-82.00,-9.00,29.00,15.00,57.00,6.00,14345743,399
50.02,1547727659,408.54,51.51237401,7.47272631,145.69,0.00,0.00,10.96,1,-83.00,-6.00,24.00,15.00,55.00,6.00,14345743,399
51.01,1547727660,408.54,51.51237401,7.47272631,146.22,0.00,0.00,10.96,1,-83.00,-6.00,24.00,15.00,55.00,6.00,14345743,399
52.01,1547727661,408.54,51.51237401,7.47272631,146.65,0.00,0.00,8.45,1,-82.00,-6.00,26.00,15.00,55.00,6.00,14345743,399
53.01,1547727662,408.54,51.51237401,7.47272631,147.03,0.00,0.00,7.64,1,-82.00,-6.00,26.00,15.00,55.00,6.00,14345743,399
54.01,1547727663,408.54,51.51249331,7.47277228,150.02,5.78,0.00,8.40,1,-87.00,-8.00,22.00,15.00,53.00,6.00,14345743,399
55.01,1547727664,414.32,51.51255605,7.47278652,151.66,6.45,0.67,7.83,1,-87.00,-8.00,22.00,15.00,53.00,6.00,14345743,399
56.01,1547727665,420.78,51.51262597,7.47280041,152.14,7.44,0.99,6.34,1,-83.00,-6.00,27.00,15.00,55.00,6.00,14345743,399
57.01,1547727666,428.22,51.51270909,7.47281645,152.26,9.09,1.65,5.43,1,-83.00,-6.00,27.00,15.00,55.00,6.00,14345743,399
58.02,1547727667,437.41,51.51279592,7.47282508,151.65,9.90,0.81,4.68,1,-90.00,-7.00,19.00,12.00,48.00,6.00,14345743,399
59.01,1547727668,447.21,51.51288282,7.47283369,150.88,9.80,-0.11,4.34,1,-90.00,-7.00,19.00,12.00,48.00,6.00,14345743,399
60.02,1547727669,457.05,51.51296033,7.47284460,149.77,9.06,-0.74,3.86,1,-90.00,-7.00,19.00,12.00,48.00,6.00,14345743,399
61.01,1547727670,466.05,51.51303777,7.47285564,148.92,9.20,0.15,3.49,1,-94.00,-6.00,17.00,15.00,44.00,6.00,14345743,399
62.01,1547727671,475.25,51.51312457,7.47287885,148.73,10.19,0.99,3.45,1,-94.00,-6.00,17.00,15.00,44.00,6.00,14345743,399
63.01,1547727672,485.47,51.51321614,7.47289914,149.33,10.53,0.34,4.10,1,-97.00,-7.00,18.00,11.00,42.00,6.00,14345743,399
64.02,1547727673,496.04,51.51330996,7.47291705,150.18,11.09,0.55,4.28,1,-97.00,-7.00,18.00,11.00,42.00,6.00,14345743,399
65.01,1547727674,507.09,51.51340339,7.47293105,150.90,11.25,0.16,4.07,1,-102.00,-10.00,5.00,9.00,41.00,6.00,14345743,399
66.01,1547727675,518.34,51.51349474,7.47294222,152.36,11.35,0.10,4.26,1,-102.00,-10.00,5.00,9.00,41.00,6.00,14345743,399
67.01,1547727676,529.69,51.51359107,7.47295379,154.00,11.75,0.40,3.96,1,-104.00,-14.00,0.00,8.00,42.00,6.00,14345743,399
68.01,1547727677,541.44,51.51368828,7.47297418,155.62,11.37,-0.38,3.50,1,-104.00,-14.00,0.00,8.00,42.00,6.00,14345743,399
69.02,1547727678,552.81,51.51378760,7.47299221,156.67,11.69,0.33,3.11,1,-103.00,-12.00,13.00,10.00,43.00,4.00,14345741,399
70.02,1547727679,564.54,51.51388627,7.47298897,157.41,11.48,-0.21,2.44,1,-103.00,-12.00,13.00,10.00,43.00,4.00,14345741,399
71.02,1547727680,576.00,51.51398398,7.47299719,158.17,11.13,-0.35,2.10,1,-100.00,-9.00,19.00,4.00,40.00,4.00,14345741,400
72.01,1547727681,587.08,51.51408432,7.47300269,157.60,11.08,-0.06,1.76,1,-100.00,-9.00,19.00,4.00,40.00,4.00,14345741,400
73.01,1547727682,598.15,51.51418222,7.47300845,155.94,11.04,-0.03,2.20,1,-96.00,-11.00,8.00,6.00,46.00,4.00,14345741,400
74.01,1547727683,609.20,51.51427780,7.47300977,153.67,10.84,-0.20,2.91,1,-96.00,-11.00,8.00,6.00,46.00,4.00,14345741,400
75.01,1547727684,620.06,51.51437364,7.47300866,151.34,10.84,-0.01,3.30,1,-99.00,-12.00,8.00,10.00,44.00,4.00,14345741,400
76.01,1547727685,630.90,51.51446516,7.47300887,148.98,10.12,-0.71,4.13,1,-99.00,-12.00,8.00,10.00,44.00,4.00,14345741,400
77.01,1547727686,641.01,51.51453751,7.47300699,147.02,8.08,-2.05,4.62,1,-101.00,-8.00,20.00,10.00,39.00,4.00,14345741,400
78.01,1547727687,649.10,51.51459491,7.47301057,145.58,6.00,-2.08,5.95,1,-101.00,-8.00,20.00,10.00,39.00,4.00,14345741,400
79.02,1547727688,655.14,51.51464356,7.47300963,144.84,5.08,-0.91,5.52,1,-99.00,-11.00,20.00,11.00,44.00,4.00,14345741,400
80.02,1547727689,660.21,51.51468375,7.47300767,144.87,3.99,-1.10,5.79,1,-99.00,-11.00,20.00,11.00,44.00,4.00,14345741,400
81.02,1547727690,664.19,51.51471399,7.47301013,144.85,2.58,-1.41,6.64,1,-99.00,-11.00,20.00,11.00,44.00,4.00,14345741,400
82.02,1547727691,666.77,51.51473465,7.47301301,144.83,1.83,-0.75,5.80,1,-100.00,-8.00,21.00,11.00,40.00,4.00,14345741,400
83.01,1547727692,668.59,51.51474888,7.47301153,144.86,1.16,-0.67,7.05,1,-100.00,-8.00,21.00,11.00,40.00,4.00,14345741,400
84.01,1547727693,669.75,51.51474888,7.47301153,144.86,0.00,-1.16,7.05,1,-100.00,-10.00,13.00,9.00,42.00,4.00,14345741,400
85.01,1547727694,669.75,51.51474888,7.47301153,144.88,0.00,0.00,7.05,1,-100.00,-10.00,13.00,9.00,42.00,4.00,14345741,400
86.01,1547727695,669.75,51.51474888,7.47301153,144.90,0.00,0.00,7.05,1,-101.00,-11.00,11.00,8.00,42.00,4.00,14345741,400
87.01,1547727696,669.75,51.51474888,7.47301153,144.93,0.00,0.00,7.05,1,-101.00,-11.00,11.00,8.00,42.00,4.00,14345741,400
88.01,1547727697,669.75,51.51474888,7.47301153,144.97,0.00,0.00,7.05,1,-102.00,-9.00,10.00,9.00,40.00,4.00,14345741,400
89.01,1547727698,669.75,51.51474888,7.47301153,145.01,0.00,0.00,7.05,1,-102.00,-9.00,10.00,9.00,40.00,4.00,14345741,400
90.02,1547727699,669.75,51.51474888,7.47301153,145.07,0.00,0.00,7.05,1,-102.00,-9.00,24.00,12.00,39.00,4.00,14345741,400
91.01,1547727700,669.75,51.51474888,7.47301153,145.14,0.00,0.00,7.05,1,-102.00,-9.00,24.00,12.00,39.00,4.00,14345741,400
92.01,1547727701,669.75,51.51474888,7.47301153,145.21,0.00,0.00,7.05,1,-101.00,-8.00,10.00,10.00,39.00,4.00,14345741,400
93.01,1547727702,669.75,51.51474888,7.47301153,145.28,0.00,0.00,7.05,1,-101.00,-8.00,10.00,10.00,39.00,4.00,14345741,400
94.01,1547727703,669.75,51.51474888,7.47301153,145.37,0.00,0.00,7.05,1,-101.00,-9.00,11.00,9.00,39.00,4.00,14345741,400
95.01,1547727704,669.75,51.51474888,7.47301153,145.45,0.00,0.00,7.05,1,-101.00,-9.00,11.00,9.00,39.00,4.00,14345741,400
96.01,1547727705,669.75,51.51474888,7.47301153,145.55,0.00,0.00,7.05,1,-101.00,-10.00,23.00,8.00,40.00,4.00,14345741,400
97.01,1547727706,669.75,51.51474888,7.47301153,145.64,0.00,0.00,7.05,1,-101.00,-10.00,23.00,8.00,40.00,4.00,14345741,400
98.01,1547727707,669.75,51.51474888,7.47301153,146.60,0.00,0.00,7.05,1,-101.00,-8.00,22.00,13.00,39.00,4.00,14345741,400
99.01,1547727708,669.75,51.51474888,7.47301153,147.55,0.00,0.00,5.34,1,-101.00,-8.00,22.00,13.00,39.00,4.00,14345741,400
100.02,1547727709,669.75,51.51474888,7.47301153,155.72,0.00,0.00,4.77,1,-101.00,-10.00,24.00,11.00,40.00,4.00,14345741,400
101.02,1547727710,669.75,51.51489552,7.47303087,159.09,6.11,0.00,4.39,1,-101.00,-10.00,24.00,11.00,40.00,4.00,14345741,400
102.01,1547727711,675.81,51.51496934,7.47303578,159.74,7.30,1.20,3.91,1,-101.00,-10.00,24.00,11.00,40.00,4.00,14345741,400
103.01,1547727712,683.11,51.51504554,7.47304170,158.76,8.21,0.92,3.04,1,-102.00,-9.00,18.00,10.00,38.00,4.00,14345741,400
104.01,1547727713,691.32,51.51512893,7.47304407,157.15,9.44,1.23,1.47,1,-102.00,-9.00,18.00,10.00,38.00,4.00,14345741,400
105.01,1547727714,700.76,51.51521503,7.47304350,155.18,10.23,0.79,359.88,1,-103.00,-10.00,11.00,9.00,39.00,4.00,14345741,400
106.01,1547727715,711.02,51.51530253,7.47303658,153.05,10.43,0.19,357.80,1,-103.00,-10.00,11.00,9.00,39.00,4.00,14345741,400
107.01,1547727716,721.42,51.51539411,7.47301761,151.13,10.90,0.47,355.21,1,-102.00,-12.00,11.00,12.00,41.00,4.00,14345741,400
108.01,1547727717,732.35,51.51549362,7.47298784,149.60,11.84,0.94,352.22,1,-102.00,-12.00,11.00,12.00,41.00,4.00,14345741,400
109.01,1547727718,744.20,51.51559517,7.47294446,148.81,11.81,-0.03,348.81,1,-102.00,-10.00,12.00,8.00,40.00,4.00,14345741,400
110.02,1547727719,756.06,51.51569443,7.47288295,148.11,11.86,0.05,345.27,1,-102.00,-10.00,12.00,8.00,40.00,4.00,14345741,400
111.01,1547727720,767.86,51.51579362,7.47281395,147.14,12.14,0.28,342.19,1,-102.00,-7.00,23.00,9.00,37.00,4.00,14345741,400
112.01,1547727721,779.97,51.51587650,7.47271848,145.83,11.33,-0.82,326.85,1,-102.00,-7.00,23.00,9.00,37.00,4.00,14345741,400
113.01,1547727722,791.33,51.51596923,7.47261287,143.66,12.05,0.72,326.99,1,-101.00,-9.00,12.00,9.00,40.00,4.00,14345741,400
114.01,1547727723,803.37,51.51605789,7.47250290,141.36,12.21,0.16,325.60,1,-101.00,-9.00,12.00,9.00,40.00,4.00,14345741,400
115.01,1547727724,815.58,51.51614416,7.47238669,139.69,12.46,0.26,323.40,1,-104.00,-8.00,10.00,8.00,36.00,4.00,14345741,400
116.01,1547727725,828.04,51.51622713,7.47226499,138.57,12.55,0.09,320.46,1,-104.00,-8.00,10.00,8.00,36.00,4.00,14345741,400
117.02,1547727726,840.62,51.51630850,7.47213800,137.65,12.76,0.20,319.38,1,-102.00,-9.00,22.00,9.00,38.00,4.00,14345741,400
118.01,1547727727,853.37,51.51636617,7.47198095,137.19,11.98,-0.78,304.75,1,-102.00,-9.00,22.00,9.00,38.00,4.00,14345741,400
119.01,1547727728,865.34,51.51641869,7.47181342,136.41,12.10,0.12,302.96,1,-105.00,-8.00,22.00,10.00,35.00,4.00,14345741,400
120.02,1547727729,877.50,51.51647049,7.47164303,135.56,12.32,0.22,300.46,1,-105.00,-8.00,22.00,10.00,35.00,4.00,14345741,400
121.01,1547727730,889.76,51.51652114,7.47146744,134.51,12.76,0.44,298.01,1,-103.00,-8.00,26.00,9.00,37.00,4.00,14345741,400
122.01,1547727731,902.52,51.51656755,7.47130355,133.38,12.29,-0.47,295.99,1,-103.00,-8.00,26.00,9.00,37.00,4.00,14345741,400
123.02,1547727732,914.95,51.51661250,7.47113568,132.37,12.32,0.03,296.66,1,-103.00,-10.00,13.00,8.00,38.00,4.00,14345741,400
124.01,1547727733,927.10,51.51665412,7.47097304,131.46,12.66,0.34,296.22,1,-103.00,-10.00,13.00,8.00,38.00,4.00,14345741,400
125.01,1547727734,939.74,51.51669965,7.47080819,130.86,13.00,0.34,295.56,1,-103.00,-10.00,13.00,8.00,38.00,4.00,14345741,400
126.01,1547727735,952.81,51.51674797,7.47063378,130.36,13.02,0.02,295.80,1,-106.00,-12.00,10.00,9.00,38.00,4.00,14345741,400
127.01,1547727736,965.83,51.51679708,7.47045771,129.75,13.01,-0.01,295.27,1,-106.00,-12.00,10.00,9.00,38.00,4.00,14345741,400
128.01,1547727737,978.82,51.51683525,7.47030991,129.68,13.18,0.17,294.40,1,-109.00,-10.00,5.00,6.00,32.00,4.00,14345741,400
129.01,1547727738,992.00,51.51688723,7.47010578,129.10,14.14,0.96,293.14,1,-109.00,-10.00,5.00,6.00,32.00,4.00,14345741,400
130.02,1547727739,1006.19,51.51693007,7.46992262,128.90,14.65,0.51,292.05,1,-109.00,-9.00,16.00,7.00,32.00,4.00,14345741,400
131.01,1547727740,1020.73,51.51698064,7.46971734,128.61,14.57,-0.09,290.35,1,-109.00,-9.00,16.00,7.00,32.00,4.00,14345741,400
132.02,1547727741,1035.40,51.51702252,7.46952319,128.89,14.35,-0.22,288.90,1,-111.00,-11.00,-4.00,6.00,32.00,4.00,14345741,400
133.02,1547727742,1049.75,51.51706195,7.46932735,129.15,14.03,-0.32,288.11,1,-111.00,-11.00,-4.00,6.00,32.00,4.00,14345741,400
134.02,1547727743,1063.79,51.51710101,7.46913991,129.32,13.92,-0.10,288.67,1,-114.00,-13.00,-1.00,6.00,31.00,13.00,12903169,400
135.02,1547727744,1077.71,51.51714216,7.46894240,129.34,13.73,-0.19,289.16,1,-114.00,-13.00,-1.00,6.00,31.00,13.00,12903169,400
136.01,1547727745,1091.41,51.51718179,7.46875574,129.48,13.32,-0.42,289.76,1,-93.00,-15.00,-2.00,4.00,47.00,13.00,12903169,15
137.01,1547727746,1104.73,51.51722503,7.46857417,129.78,12.91,-0.41,290.38,1,-93.00,-15.00,-2.00,4.00,47.00,13.00,12903169,15
138.02,1547727747,1117.66,51.51726771,7.46839629,129.93,12.38,-0.53,290.90,1,-93.00,-14.00,-4.00,6.00,47.00,13.00,12903169,15
139.01,1547727748,1130.01,51.51730764,7.46824533,130.08,10.71,-1.68,292.16,1,-93.00,-14.00,-4.00,6.00,47.00,13.00,12903169,15
140.02,1547727749,1140.80,51.51734210,7.46809830,129.87,8.80,-1.90,292.79,1,-93.00,-15.00,-3.00,5.00,46.00,13.00,12903169,15
141.01,1547727750,1149.54,51.51736558,7.46801389,130.16,7.46,-1.35,294.26,1,-93.00,-15.00,-3.00,5.00,46.00,13.00,12903169,15
142.02,1547727751,1157.01,51.51739207,7.46791879,130.58,7.31,-0.14,293.40,1,-93.00,-15.00,-2.00,5.00,46.00,13.00,12903169,15
143.01,1547727752,1164.31,51.51742149,7.46780647,130.54,7.74,0.43,294.37,1,-93.00,-15.00,-2.00,5.00,46.00,13.00,12903169,15
144.02,1547727753,1172.12,51.51745030,7.46770980,130.93,7.26,-0.47,295.69,1,-94.00,-17.00,-4.00,3.00,47.00,13.00,12903169,15
145.01,1547727754,1179.28,51.51748309,7.46761415,131.24,7.90,0.65,295.35,1,-94.00,-17.00,-4.00,3.00,47.00,13.00,12903169,15
146.02,1547727755,1187.23,51.51751135,7.46753084,131.46,6.67,-1.22,296.63,1,-94.00,-17.00,-4.00,3.00,47.00,13.00,12903169,15
147.01,1547727756,1193.89,51.51753792,7.46744718,131.67,5.92,-0.75,297.18,nan,nan,nan,nan,nan,nan,nan,nan,nan
148.70,1547727758,1203.88,51.51756571,7.46737348,132.16,5.57,-0.21,298.87,nan,nan,nan,nan,nan,nan,nan,nan,nan
149.70,1547727759,1209.45,51.51759196,7.46729537,132.55,5.39,-0.18,298.51,nan,nan,nan,nan,nan,nan,nan,nan,nan
150.70,1547727760,1214.85,51.51761565,7.46722115,132.25,5.63,0.24,296.43,nan,nan,nan,nan,nan,nan,nan,nan,nan
151.70,1547727761,1220.47,51.51763594,7.46715475,132.26,6.05,0.42,295.11,nan,nan,nan,nan,nan,nan,nan,nan,nan
152.70,1547727762,1226.53,51.51765438,7.46708971,132.47,5.95,-0.10,293.73,nan,nan,nan,nan,nan,nan,nan,nan,nan
153.70,1547727763,1232.49,51.51767216,7.46702467,132.40,5.53,-0.42,292.03,nan,nan,nan,nan,nan,nan,nan,nan,nan
154.70,1547727764,1238.01,51.51769271,7.46694071,132.02,5.52,-0.01,290.98,nan,nan,nan,nan,nan,nan,nan,nan,nan
155.70,1547727765,1243.54,51.51770679,7.46687271,132.14,5.45,-0.07,290.79,nan,nan,nan,nan,nan,nan,nan,nan,nan
156.70,1547727766,1248.99,51.51772182,7.46679664,132.35,5.75,0.30,291.17,nan,nan,nan,nan,nan,nan,nan,nan,nan
157.70,1547727767,1254.74,51.51773642,7.46671037,132.31,6.59,0.84,289.48,nan,nan,nan,nan,nan,nan,nan,nan,nan
158.70,1547727768,1261.32,51.51775079,7.46661623,131.66,6.50,-0.09,288.10,nan,nan,nan,nan,nan,nan,nan,nan,nan
159.71,1547727769,1267.85,51.51776527,7.46652123,130.59,6.54,0.04,287.42,nan,nan,nan,nan,nan,nan,nan,nan,nan
160.70,1547727770,1274.38,51.51777878,7.46642593,129.85,6.07,-0.47,287.04,nan,nan,nan,nan,nan,nan,nan,nan,nan
161.70,1547727771,1280.44,51.51779151,7.46633415,129.41,5.92,-0.16,286.28,nan,nan,nan,nan,nan,nan,nan,nan,nan
162.70,1547727772,1286.36,51.51780443,7.46622779,129.37,6.74,0.82,284.11,nan,nan,nan,nan,nan,nan,nan,nan,nan
163.71,1547727773,1293.12,51.51781662,7.46611175,129.47,7.58,0.84,282.86,nan,nan,nan,nan,nan,nan,nan,nan,nan
164.70,1547727774,1300.68,51.51783140,7.46598590,130.01,8.73,1.16,282.51,nan,nan,nan,nan,nan,nan,nan,nan,nan
165.70,1547727775,1309.37,51.51784732,7.46581989,130.41,10.54,1.81,280.37,nan,nan,nan,nan,nan,nan,nan,nan,nan
166.70,1547727776,1319.95,51.51785744,7.46566853,131.09,10.61,0.07,277.91,nan,nan,nan,nan,nan,nan,nan,nan,nan
167.71,1547727777,1330.66,51.51786387,7.46551170,131.56,9.96,-0.64,276.20,nan,nan,nan,nan,nan,nan,nan,nan,nan
168.70,1547727778,1340.52,51.51786808,7.46536561,132.39,9.87,-0.09,276.84,nan,nan,nan,nan,nan,nan,nan,nan,nan
169.70,1547727779,1350.39,51.51787678,7.46519789,132.79,11.08,1.21,275.31,nan,nan,nan,nan,nan,nan,nan,nan,nan
170.70,1547727780,1361.46,51.51787954,7.46506457,133.46,11.05,-0.03,272.59,nan,nan,nan,nan,nan,nan,nan,nan,nan
171.70,1547727781,1372.52,51.51787823,7.46493481,134.34,10.75,-0.30,270.49,nan,nan,nan,nan,nan,nan,nan,nan,nan
172.70,1547727782,1383.27,51.51787221,7.46478079,135.36,11.67,0.92,268.19,nan,nan,nan,nan,nan,nan,nan,nan,nan
173.70,1547727783,1394.93,51.51786334,7.46461637,135.63,12.40,0.73,266.39,nan,nan,nan,nan,nan,nan,nan,nan,nan
174.70,1547727784,1407.34,51.51784967,7.46444809,135.44,12.22,-0.18,264.01,nan,nan,nan,nan,nan,nan,nan,nan,nan
175.70,1547727785,1419.57,51.51782845,7.46427865,135.14,12.38,0.16,261.60,nan,nan,nan,nan,nan,nan,nan,nan,nan
176.70,1547727786,1431.93,51.51780075,7.46410297,134.86,12.62,0.25,259.11,nan,nan,nan,nan,nan,nan,nan,nan,nan
177.70,1547727787,1444.55,51.51776930,7.46392416,134.57,12.28,-0.34,257.42,nan,nan,nan,nan,nan,nan,nan,nan,nan
178.70,1547727788,1456.84,51.51773442,7.46373579,134.26,12.70,0.41,255.52,nan,nan,nan,nan,nan,nan,nan,nan,nan
179.70,1547727789,1469.55,51.51769112,7.46354559,133.79,13.12,0.42,252.50,nan,nan,nan,nan,nan,nan,nan,nan,nan
180.70,1547727790,1482.65,51.51764394,7.46336149,133.36,13.14,0.02,250.32,nan,nan,nan,nan,nan,nan,nan,nan,nan
181.70,1547727791,1495.80,51.51759257,7.46318022,132.82,13.44,0.29,249.05,nan,nan,nan,nan,nan,nan,nan,nan,nan
182.70,1547727792,1509.24,51.51753998,7.46299419,132.29,13.85,0.41,248.45,nan,nan,nan,nan,nan,nan,nan,nan,nan
183.70,1547727793,1523.09,51.51748557,7.46280968,131.31,13.84,-0.00,247.26,nan,nan,nan,nan,nan,nan,nan,nan,nan
184.70,1547727794,1536.93,51.51742699,7.46262758,131.18,14.19,0.34,245.77,nan,nan,nan,nan,nan,nan,nan,nan,nan
185.70,1547727795,1551.12,51.51736614,7.46244266,131.02,14.68,0.49,246.02,nan,nan,nan,nan,nan,nan,nan,nan,nan
186.70,1547727796,1565.80,51.51731255,7.46225730,130.05,13.90,-0.79,247.17,nan,nan,nan,nan,nan,nan,nan,nan,nan
187.70,1547727797,1579.68,51.51726569,7.46207309,129.51,13.64,-0.26,249.32,nan,nan,nan,nan,nan,nan,nan,nan,nan
188.71,1547727798,1593.47,51.51722554,7.46189649,129.59,13.04,-0.59,250.67,nan,nan,nan,nan,nan,nan,nan,nan,nan
189.70,1547727799,1606.38,51.51718823,7.46170265,130.64,13.63,0.59,251.38,nan,nan,nan,nan,nan,nan,nan,nan,nan
190.70,1547727800,1620.01,51.51714704,7.46150913,132.60,13.82,0.19,252.29,nan,nan,nan,nan,nan,nan,nan,nan,nan
191.70,1547727801,1633.83,51.51710117,7.46132555,135.00,13.45,-0.37,251.35,nan,nan,nan,nan,nan,nan,nan,nan,nan
192.70,1547727802,1647.28,51.51705445,7.46113836,136.35,13.48,0.03,252.25,nan,nan,nan,nan,nan,nan,nan,nan,nan
193.70,1547727803,1660.76,51.51701155,7.46094794,136.66,13.78,0.29,251.83,nan,nan,nan,nan,nan,nan,nan,nan,nan
194.70,1547727804,1674.52,51.51697296,7.46077209,136.40,12.79,-0.99,252.56,nan,nan,nan,nan,nan,nan,nan,nan,nan
195.70,1547727805,1687.31,51.51693707,7.46059130,136.21,13.13,0.34,253.32,nan,nan,nan,nan,nan,nan,nan,nan,nan
196.70,1547727806,1700.44,51.51689697,7.46039028,135.96,14.52,1.39,252.97,nan,nan,nan,nan,nan,nan,nan,nan,nan
197.70,1547727807,1714.96,51.51685792,7.46019079,135.59,14.48,-0.04,252.48,nan,nan,nan,nan,nan,nan,nan,nan,nan
198.70,1547727808,1729.44,51.51682249,7.46000003,134.99,14.33,-0.15,253.40,nan,nan,nan,nan,nan,nan,nan,nan,nan
199.70,1547727809,1743.80,51.51679039,7.45980721,134.77,14.34,0.01,255.13,nan,nan,nan,nan,nan,nan,nan,nan,nan
200.70,1547727810,1758.13,51.51675858,7.45961090,134.83,14.50,0.16,255.79,nan,nan,nan,nan,nan,nan,nan,nan,nan
201.70,1547727811,1772.64,51.51673307,7.45941438,135.09,14.33,-0.17,256.80,nan,nan,nan,nan,nan,nan,nan,nan,nan
202.70,1547727812,1786.95,51.51670598,7.45921156,134.90,14.53,0.21,257.13,nan,nan,nan,nan,nan,nan,nan,nan,nan
203.70,1547727813,1801.50,51.51667992,7.45899980,134.08,14.67,0.13,257.70,nan,nan,nan,nan,nan,nan,nan,nan,nan
204.70,1547727814,1816.15,51.51665796,7.45879702,133.75,14.56,-0.11,258.09,nan,nan,nan,nan,nan,nan,nan,nan,nan
205.70,1547727815,1830.72,51.51663842,7.45860805,134.44,14.55,-0.01,257.53,nan,nan,nan,nan,nan,nan,nan,nan,nan
206.70,1547727816,1845.26,51.51662188,7.45841025,134.48,14.21,-0.34,258.38,nan,nan,nan,nan,nan,nan,nan,nan,nan
207.70,1547727817,1859.47,51.51659212,7.45821388,135.56,14.16,-0.05,258.79,nan,nan,nan,nan,nan,nan,nan,nan,nan
208.70,1547727818,1873.62,51.51656818,7.45801383,136.14,13.91,-0.25,258.00,nan,nan,nan,nan,nan,nan,nan,nan,nan
209.71,1547727819,1887.67,51.51654395,7.45782350,136.57,13.10,-0.81,257.60,nan,nan,nan,nan,nan,nan,nan,nan,nan
210.70,1547727820,1900.65,51.51652038,7.45764527,136.92,12.10,-1.01,256.88,nan,nan,nan,nan,nan,nan,nan,nan,nan
211.70,1547727821,1912.75,51.51649561,7.45749301,136.79,10.01,-2.08,255.90,nan,nan,nan,nan,nan,nan,nan,nan,nan
212.70,1547727822,1922.77,51.51647350,7.45736899,137.01,8.22,-1.79,255.38,nan,nan,nan,nan,nan,nan,nan,nan,nan
213.70,1547727823,1930.98,51.51645271,7.45725614,137.20,7.60,-0.62,254.67,nan,nan,nan,nan,nan,nan,nan,nan,nan
214.70,1547727824,1938.58,51.51643116,7.45713231,135.74,7.41,-0.18,253.77,nan,nan,nan,nan,nan,nan,nan,nan,nan
215.70,1547727825,1946.00,51.51641225,7.45703945,134.67,5.90,-1.52,253.05,nan,nan,nan,nan,nan,nan,nan,nan,nan
216.70,1547727826,1951.89,51.51638935,7.45695106,133.97,5.98,0.08,252.26,nan,nan,nan,nan,nan,nan,nan,nan,nan
217.70,1547727827,1957.86,51.51636942,7.45686213,133.42,5.76,-0.22,251.82,nan,nan,nan,nan,nan,nan,nan,nan,nan
218.70,1547727828,1963.62,51.51634407,7.45675339,132.92,6.82,1.06,250.48,nan,nan,nan,nan,nan,nan,nan,nan,nan
219.70,1547727829,1970.45,51.51631759,7.45664379,131.56,6.94,0.13,248.65,nan,nan,nan,nan,nan,nan,nan,nan,nan
220.70,1547727830,1977.38,51.51628944,7.45654208,130.93,6.92,-0.02,247.77,nan,nan,nan,nan,nan,nan,nan,nan,nan
221.70,1547727831,1984.30,51.51625752,7.45643375,130.15,7.74,0.81,246.65,nan,nan,nan,nan,nan,nan,nan,nan,nan
222.70,1547727832,1992.04,51.51621578,7.45630198,130.36,9.64,1.90,244.21,nan,nan,nan,nan,nan,nan,nan,nan,nan
223.70,1547727833,2001.68,51.51617300,7.45617136,130.42,9.81,0.18,241.95,nan,nan,nan,nan,nan,nan,nan,nan,nan
224.70,1547727834,2011.49,51.51613123,7.45605591,130.26,8.51,-1.30,238.42,nan,nan,nan,nan,nan,nan,nan,nan,nan
225.70,1547727835,2020.00,51.51608651,7.45595225,130.69,7.93,-0.58,236.05,nan,nan,nan,nan,nan,nan,nan,nan,nan
226.70,1547727836,2027.93,51.51604557,7.45584561,130.32,7.57,-0.36,234.62,nan,nan,nan,nan,nan,nan,nan,nan,nan
227.70,1547727837,2035.51,51.51600034,7.45574786,129.94,7.69,0.12,232.35,nan,nan,nan,nan,nan,nan,nan,nan,nan
228.70,1547727838,2043.21,51.51594831,7.45565310,130.51,8.12,0.42,229.87,nan,nan,nan,nan,nan,nan,nan,nan,nan
229.70,1547727839,2051.32,51.51588835,7.45555167,130.51,8.88,0.76,226.95,nan,nan,nan,nan,nan,nan,nan,nan,nan
230.71,1547727840,2060.29,51.51582287,7.45544722,131.00,9.22,0.34,226.03,nan,nan,nan,nan,nan,nan,nan,nan,nan
231.70,1547727841,2069.41,51.51575026,7.45532896,130.74,9.22,0.00,227.87,nan,nan,nan,nan,nan,nan,nan,nan,nan
232.70,1547727842,2078.64,51.51567197,7.45526054,131.03,9.30,0.07,208.49,nan,nan,nan,nan,nan,nan,nan,nan,nan
233.70,1547727843,2087.94,51.51559822,7.45521069,131.97,9.08,-0.22,206.52,nan,nan,nan,nan,nan,nan,nan,nan,nan
234.70,1547727844,2097.03,51.51552757,7.45517408,132.01,8.57,-0.51,203.85,nan,nan,nan,nan,nan,nan,nan,nan,nan
235.70,1547727845,2105.59,51.51544876,7.45513365,133.00,8.70,0.13,200.88,nan,nan,nan,nan,nan,nan,nan,nan,nan
236.70,1547727846,2114.30,51.51536784,7.45511065,133.99,8.73,0.02,197.74,nan,nan,nan,nan,nan,nan,nan,nan,nan
237.70,1547727847,2123.03,51.51527994,7.45509100,134.63,8.92,0.19,194.62,nan,nan,nan,nan,nan,nan,nan,nan,nan
238.70,1547727848,2131.93,51.51517926,7.45511460,135.34,10.67,1.76,177.28,nan,nan,nan,nan,nan,nan,nan,nan,nan
239.70,1547727849,2142.62,51.51507133,7.45514093,135.91,11.44,0.76,176.41,nan,nan,nan,nan,nan,nan,nan,nan,nan
240.70,1547727850,2154.04,51.51495430,7.45517338,136.52,12.51,1.07,175.20,nan,nan,nan,nan,nan,nan,nan,nan,nan
241.70,1547727851,2166.56,51.51482893,7.45522906,137.09,12.51,0.00,176.19,nan,nan,nan,nan,nan,nan,nan,nan,nan
242.70,1547727852,2179.06,51.51470585,7.45525931,137.87,13.29,0.78,171.82,nan,nan,nan,nan,nan,nan,nan,nan,nan
243.70,1547727853,2192.34,51.51458490,7.45529334,138.51,13.97,0.68,171.12,nan,nan,nan,nan,nan,nan,nan,nan,nan
244.70,1547727854,2206.30,51.51445725,7.45533481,139.01,14.34,0.37,171.39,nan,nan,nan,nan,nan,nan,nan,nan,nan
245.70,1547727855,2220.66,51.51433208,7.45537000,139.63,14.02,-0.32,172.30,nan,nan,nan,nan,nan,nan,nan,nan,nan
246.70,1547727856,2234.69,51.51420608,7.45539642,140.26,13.95,-0.08,171.51,nan,nan,nan,nan,nan,nan,nan,nan,nan
247.70,1547727857,2248.62,51.51408445,7.45542265,140.75,13.47,-0.48,172.06,nan,nan,nan,nan,nan,nan,nan,nan,nan
248.70,1547727858,2262.09,51.51396605,7.45545469,140.92,13.22,-0.25,171.18,nan,nan,nan,nan,nan,nan,nan,nan,nan
249.70,1547727859,2275.31,51.51384719,7.45548330,141.51,13.01,-0.21,170.62,nan,nan,nan,nan,nan,nan,nan,nan,nan
250.70,1547727860,2288.32,51.51373205,7.45552234,142.13,12.57,-0.43,168.61,nan,nan,nan,nan,nan,nan,nan,nan,nan
251.71,1547727861,2301.02,51.51361526,7.45556917,143.59,12.47,-0.10,166.29,nan,nan,nan,nan,nan,nan,nan,nan,nan
252.70,1547727862,2313.37,51.51350633,7.45562710,145.44,12.16,-0.32,163.47,nan,nan,nan,nan,nan,nan,nan,nan,nan
253.71,1547727863,2325.58,51.51339559,7.45569938,148.47,12.28,0.12,160.02,nan,nan,nan,nan,nan,nan,nan,nan,nan
254.70,1547727864,2337.80,51.51328793,7.45578574,151.72,12.35,0.08,156.17,nan,nan,nan,nan,nan,nan,nan,nan,nan
255.70,1547727865,2350.15,51.51319795,7.45590652,154.67,12.26,-0.09,141.10,nan,nan,nan,nan,nan,nan,nan,nan,nan
256.70,1547727866,2362.42,51.51311430,7.45603103,157.33,12.67,0.40,138.40,nan,nan,nan,nan,nan,nan,nan,nan,nan
257.70,1547727867,2375.08,51.51303172,7.45616497,158.64,12.92,0.26,136.04,nan,nan,nan,nan,nan,nan,nan,nan,nan
258.70,1547727868,2388.00,51.51296084,7.45630617,158.41,12.70,-0.22,133.44,nan,nan,nan,nan,nan,nan,nan,nan,nan
259.70,1547727869,2400.70,51.51288829,7.45645299,157.88,12.52,-0.18,131.40,nan,nan,nan,nan,nan,nan,nan,nan,nan
260.70,1547727870,2413.22,51.51281528,7.45660966,156.98,12.52,0.00,133.09,nan,nan,nan,nan,nan,nan,nan,nan,nan
261.70,1547727871,2425.74,51.51275873,7.45677143,156.50,12.31,-0.21,127.05,nan,nan,nan,nan,nan,nan,nan,nan,nan
262.70,1547727872,2438.05,51.51268747,7.45692381,155.56,12.97,0.66,126.11,nan,nan,nan,nan,nan,nan,nan,nan,nan
263.70,1547727873,2451.02,51.51261667,7.45710013,154.80,13.51,0.54,125.68,nan,nan,nan,nan,nan,nan,nan,nan,nan
264.70,1547727874,2464.51,51.51254645,7.45726681,154.18,13.47,-0.04,126.25,nan,nan,nan,nan,nan,nan,nan,nan,nan
265.70,1547727875,2478.00,51.51246850,7.45743471,154.18,13.65,0.18,125.61,nan,nan,nan,nan,nan,nan,nan,nan,nan
266.70,1547727876,2491.63,51.51238829,7.45760251,155.01,14.14,0.50,125.26,nan,nan,nan,nan,nan,nan,nan,nan,nan
267.70,1547727877,2505.79,51.51231053,7.45776908,155.45,13.99,-0.15,125.06,nan,nan,nan,nan,nan,nan,nan,nan,nan
268.70,1547727878,2519.77,51.51223951,7.45793108,155.13,13.70,-0.29,124.18,nan,nan,nan,nan,nan,nan,nan,nan,nan
269.70,1547727879,2533.47,51.51216999,7.45809417,154.73,13.49,-0.22,125.14,nan,nan,nan,nan,nan,nan,nan,nan,nan
270.70,1547727880,2546.97,51.51209660,7.45825089,154.81,13.43,-0.06,126.00,nan,nan,nan,nan,nan,nan,nan,nan,nan
271.70,1547727881,2560.40,51.51202763,7.45840584,154.74,13.56,0.13,126.76,nan,nan,nan,nan,nan,nan,nan,nan,nan
272.71,1547727882,2574.09,51.51195941,7.45856344,154.05,13.84,0.28,127.38,nan,nan,nan,nan,nan,nan,nan,nan,nan
273.70,1547727883,2587.81,51.51189433,7.45871925,153.79,13.46,-0.38,127.90,nan,nan,nan,nan,nan,nan,nan,nan,nan
274.70,1547727884,2601.26,51.51182960,7.45886564,153.81,12.71,-0.76,127.11,nan,nan,nan,nan,nan,nan,nan,nan,nan
275.70,1547727885,2613.98,51.51176278,7.45901064,153.76,12.71,0.00,127.38,nan,nan,nan,nan,nan,nan,nan,nan,nan
276.70,1547727886,2626.67,51.51169285,7.45916393,153.18,13.12,0.41,126.86,nan,nan,nan,nan,nan,nan,nan,nan,nan
277.04,1547727886,2631.13,51.51162351,7.45932336,153.09,13.01,-0.31,127.16,1,-76.00,-12.00,4.00,1.00,63.00,4.00,13404441,334
278.04,1547727887,2644.14,51.51154882,7.45949471,152.51,14.18,1.17,128.22,1,-76.00,-12.00,4.00,1.00,63.00,4.00,13404441,334
279.04,1547727888,2658.26,51.51146609,7.45967284,151.99,14.18,0.00,127.38,1,-72.00,-7.00,6.00,2.00,62.00,4.00,13404429,334
280.04,1547727889,2672.49,51.51137457,7.45982369,152.14,14.70,0.52,130.40,1,-72.00,-7.00,6.00,2.00,62.00,4.00,13404429,334
281.04,1547727890,2687.14,51.51128908,7.45998918,151.74,14.41,-0.30,131.16,1,-79.00,-9.00,15.00,11.00,62.00,4.00,13404429,486
282.04,1547727891,2701.57,51.51120589,7.46014107,151.53,13.14,-1.26,132.16,1,-79.00,-9.00,15.00,11.00,62.00,4.00,13404429,486
283.04,1547727892,2714.66,51.51112050,7.46030203,151.05,13.87,0.73,132.84,1,-91.00,-10.00,4.00,11.00,52.00,4.00,13404429,486
284.04,1547727893,2728.53,51.51102879,7.46045042,151.11,14.06,0.19,133.68,1,-91.00,-10.00,4.00,11.00,52.00,4.00,13404429,486
285.04,1547727894,2742.64,51.51094370,7.46057005,151.60,12.12,-1.93,135.42,1,-87.00,-8.00,8.00,6.00,53.00,4.00,13404429,486
286.04,1547727895,2754.76,51.51085426,7.46070587,152.80,13.07,0.95,133.99,1,-87.00,-8.00,8.00,6.00,53.00,4.00,13404429,486
287.04,1547727896,2767.83,51.51077308,7.46084049,154.33,12.55,-0.52,133.92,1,-87.00,-7.00,6.00,8.00,53.00,4.00,13404429,486
288.04,1547727897,2780.38,51.51069737,7.46096745,155.49,11.28,-1.26,135.60,1,-87.00,-7.00,6.00,8.00,53.00,4.00,13404429,486
289.04,1547727898,2791.64,51.51062749,7.46107901,157.25,10.22,-1.07,136.13,1,-81.00,-9.00,0.00,6.00,60.00,1.00,13403661,21
290.04,1547727899,2801.91,51.51055849,7.46119372,158.70,10.24,0.02,134.81,1,-81.00,-9.00,0.00,6.00,60.00,1.00,13403661,21
291.04,1547727900,2812.11,51.51049745,7.46130247,160.15,9.21,-1.03,135.56,1,-76.00,-9.00,17.00,15.00,63.00,1.00,13403661,21
292.03,1547727901,2821.29,51.51043373,7.46140440,160.98,9.12,-0.10,136.19,1,-76.00,-9.00,17.00,15.00,63.00,1.00,13403661,21
293.04,1547727902,2830.46,51.51036536,7.46153891,161.62,9.12,0.00,135.53,1,-85.00,-10.00,14.00,9.00,57.00,1.00,13403661,21
294.04,1547727903,2839.53,51.51030902,7.46166444,161.67,10.65,1.54,129.77,1,-85.00,-10.00,14.00,9.00,57.00,1.00,13403661,21
295.04,1547727904,2850.20,51.51024356,7.46179689,161.01,11.51,0.85,128.89,1,-85.00,-10.00,14.00,9.00,57.00,1.00,13403661,21
296.04,1547727905,2861.71,51.51017734,7.46193406,160.15,11.81,0.30,129.30,1,-80.00,-8.00,16.00,11.00,60.00,1.00,13403661,21
297.04,1547727906,2873.52,51.51011184,7.46208612,159.53,11.83,0.02,127.59,1,-80.00,-8.00,16.00,11.00,60.00,1.00,13403661,21
298.04,1547727907,2885.36,51.51005162,7.46224683,158.95,11.83,0.00,127.59,1,-88.00,-10.00,10.00,9.00,54.00,1.00,13403661,21
299.04,1547727908,2897.20,51.51000558,7.46242074,158.06,11.60,-0.23,111.35,1,-88.00,-10.00,10.00,9.00,54.00,1.00,13403661,21
300.04,1547727909,2908.85,51.50996713,7.46256098,157.22,11.54,-0.06,110.20,1,-87.00,-10.00,10.00,9.00,54.00,1.00,13403661,21
301.04,1547727910,2920.35,51.50993702,7.46270489,156.01,11.56,0.01,108.13,1,-87.00,-10.00,10.00,9.00,54.00,1.00,13403661,21
302.04,1547727911,2931.87,51.50991517,7.46286687,155.42,11.33,-0.23,105.80,1,-85.00,-10.00,13.00,12.00,58.00,1.00,13403661,21
303.04,1547727912,2943.25,51.50989435,7.46303167,154.97,10.81,-0.52,103.46,1,-85.00,-10.00,13.00,12.00,58.00,1.00,13403661,21
304.04,1547727913,2954.04,51.50987917,7.46319641,154.89,10.67,-0.14,100.70,1,-88.00,-9.00,10.00,9.00,53.00,1.00,13403661,21
305.04,1547727914,2964.71,51.50986994,7.46334913,155.25,10.59,-0.08,98.08,1,-88.00,-9.00,10.00,9.00,53.00,1.00,13403661,21
306.04,1547727915,2975.32,51.50986593,7.46350646,155.16,10.40,-0.20,96.09,1,-86.00,-10.00,9.00,11.00,56.00,1.00,13403661,21
307.04,1547727916,2985.72,51.50986533,7.46364481,155.12,8.87,-1.53,94.07,1,-86.00,-10.00,9.00,11.00,56.00,1.00,13403661,21
308.04,1547727917,2994.56,51.50986121,7.46378155,155.62,8.47,-0.40,93.01,1,-87.00,-8.00,12.00,11.00,54.00,1.00,13403661,21
309.04,1547727918,3003.04,51.50985720,7.46390050,156.56,7.67,-0.80,93.78,1,-87.00,-8.00,12.00,11.00,54.00,1.00,13403661,21
310.04,1547727919,3010.74,51.50985290,7.46401419,156.55,7.18,-0.49,95.37,1,-86.00,-8.00,14.00,9.00,55.00,1.00,13403661,21
311.04,1547727920,3017.89,51.50985123,7.46413365,157.03,7.17,-0.00,96.31,1,-86.00,-8.00,14.00,9.00,55.00,1.00,13403661,21
312.04,1547727921,3025.08,51.50984753,7.46429991,157.39,7.17,0.00,94.98,1,-88.00,-8.00,14.00,11.00,52.00,1.00,13403661,21
313.04,1547727922,3032.24,51.50984789,7.46445474,158.22,9.24,2.07,94.59,1,-88.00,-8.00,14.00,11.00,52.00,1.00,13403661,21
314.05,1547727923,3041.54,51.50985330,7.46458306,159.02,9.24,0.00,95.19,1,-89.00,-8.00,14.00,11.00,52.00,1.00,13403661,21
315.04,1547727924,3050.71,51.50985493,7.46473172,159.61,10.18,0.95,97.48,1,-89.00,-8.00,14.00,11.00,52.00,1.00,13403661,21
316.04,1547727925,3060.88,51.50985324,7.46488508,159.15,10.50,0.32,97.97,1,-89.00,-8.00,14.00,11.00,52.00,1.00,13403661,21
317.04,1547727926,3071.38,51.50984807,7.46505083,158.24,11.18,0.69,98.77,1,-89.00,-9.00,12.00,11.00,53.00,1.00,13403661,21
318.04,1547727927,3082.57,51.50984458,7.46523390,157.79,11.82,0.63,97.50,1,-89.00,-9.00,12.00,11.00,53.00,1.00,13403661,21
319.04,1547727928,3094.38,51.50983961,7.46540105,158.09,10.90,-0.91,97.29,1,-90.00,-8.00,16.00,12.00,50.00,1.00,13403661,21
320.04,1547727929,3105.33,51.50983312,7.46556123,157.94,10.40,-0.50,97.91,1,-90.00,-8.00,16.00,12.00,50.00,1.00,13403661,21
321.04,1547727930,3115.69,51.50982555,7.46573369,157.53,10.98,0.58,98.75,1,-87.00,-8.00,17.00,14.00,52.00,1.00,13403661,21
322.04,1547727931,3126.68,51.50981710,7.46590064,157.61,11.05,0.07,98.73,1,-87.00,-8.00,17.00,14.00,52.00,1.00,13403661,21
323.04,1547727932,3137.72,51.50981122,7.46607189,157.39,10.82,-0.24,97.65,1,-83.00,-7.00,21.00,13.00,57.00,1.00,13403661,21
324.04,1547727933,3148.54,51.50980516,7.46625853,156.58,12.29,1.48,96.77,1,-83.00,-7.00,21.00,13.00,57.00,1.00,13403661,21
325.04,1547727934,3160.83,51.50980163,7.46646398,155.72,13.55,1.26,96.01,1,-84.00,-8.00,24.00,15.00,57.00,1.00,13403661,21
326.04,1547727935,3174.40,51.50979876,7.46667455,155.15,14.35,0.80,94.54,1,-84.00,-8.00,24.00,15.00,57.00,1.00,13403661,21
327.04,1547727936,3188.72,51.50979400,7.46687442,154.93,13.74,-0.61,93.82,1,-86.00,-9.00,24.00,15.00,55.00,1.00,13403661,21
