0.03,1547728847,0.00,51.50984014,7.46741836,154.93,12.45,0.00,99.53,1,-101.00,-13.00,9.00,11.00,32.00,6.00,13830157,210
1.03,1547728848,12.52,51.50983395,7.46760969,154.12,12.49,0.04,98.94,1,-101.00,-13.00,9.00,11.00,32.00,6.00,13830157,210
2.03,1547728849,25.02,51.50982745,7.46778878,153.46,12.50,0.01,98.27,1,-104.00,-11.00,0.00,6.00,25.00,5.00,13392655,91
3.03,1547728850,37.49,51.50981358,7.46796365,152.79,12.50,0.01,97.42,1,-104.00,-11.00,0.00,6.00,25.00,5.00,13392655,91
4.04,1547728851,50.06,51.50979972,7.46814278,152.79,11.91,-0.59,94.90,1,-107.00,-13.00,-16.00,9.00,25.00,5.00,13392655,91
5.03,1547728852,61.92,51.50979901,7.46832110,153.24,12.04,0.13,91.59,1,-107.00,-13.00,-16.00,9.00,25.00,5.00,13392655,91
6.03,1547728853,73.94,51.50980516,7.46849753,153.30,11.98,-0.06,87.80,1,-91.00,-6.00,13.00,6.00,46.00,9.00,12902921,323
7.03,1547728854,85.92,51.50984018,7.46867787,152.66,12.59,0.61,74.50,1,-91.00,-6.00,13.00,6.00,46.00,9.00,12902921,323
8.03,1547728855,98.50,51.50988050,7.46884746,151.73,12.37,-0.22,72.13,1,-95.00,-8.00,9.00,8.00,30.00,9.00,12902921,323
9.03,1547728856,110.87,51.50991878,7.46900149,150.77,11.11,-1.26,69.25,1,-95.00,-8.00,9.00,8.00,30.00,9.00,12902921,323
10.06,1547728857,122.32,51.50996440,7.46915426,149.97,11.79,0.66,66.71,1,-100.00,-8.00,10.00,9.00,24.00,9.00,12902921,323
11.03,1547728858,133.77,51.51002099,7.46931514,149.27,12.55,0.78,64.25,1,-100.00,-8.00,10.00,9.00,24.00,9.00,12902921,323
12.03,1547728859,146.29,51.51008362,7.46947163,148.95,12.55,0.00,64.25,1,-101.00,-9.00,13.00,8.00,24.00,9.00,12902921,323
13.03,1547728860,158.84,51.51015294,7.46963131,149.25,12.56,0.01,58.04,1,-101.00,-9.00,13.00,8.00,24.00,9.00,12902921,323
14.03,1547728861,171.43,51.51022379,7.46977098,148.75,12.29,-0.27,58.53,1,-103.00,-9.00,2.00,7.00,21.00,9.00,12902921,323
15.03,1547728862,183.72,51.51028993,7.46992011,148.42,12.30,0.01,58.14,1,-103.00,-9.00,2.00,7.00,21.00,9.00,12902921,323
16.03,1547728863,196.01,51.51035130,7.47007428,148.96,12.04,-0.26,57.80,1,-103.00,-7.00,7.00,6.00,19.00,9.00,12902921,323
17.03,1547728864,208.05,51.51041800,7.47021568,148.35,11.94,-0.10,56.35,1,-103.00,-7.00,7.00,6.00,19.00,9.00,12902921,323
18.04,1547728865,220.07,51.51048563,7.47037521,147.85,12.75,0.80,55.76,1,-99.00,-10.00,9.00,5.00,27.00,9.00,12902921,323
19.03,1547728866,232.72,51.51054185,7.47055959,147.53,12.75,0.00,56.76,1,-99.00,-10.00,9.00,5.00,27.00,9.00,12902921,323
20.03,1547728867,245.48,51.51062772,7.47071381,147.32,13.19,0.44,45.99,1,-99.00,-10.00,9.00,5.00,27.00,9.00,12902921,323
21.03,1547728868,258.70,51.51071615,7.47086618,147.01,13.56,0.37,44.91,1,-107.00,-9.00,4.00,9.00,20.00,9.00,12902921,323
22.03,1547728869,272.25,51.51080874,7.47098539,146.51,14.04,0.48,43.62,1,-107.00,-9.00,4.00,9.00,20.00,9.00,12902921,323
23.03,1547728870,286.29,51.51090538,7.47109682,145.63,14.10,0.06,42.52,1,-111.00,-14.00,-2.00,7.00,20.00,9.00,12902921,323
24.03,1547728871,300.37,51.51100684,7.47121680,144.68,14.34,0.23,41.38,1,-111.00,-14.00,-2.00,7.00,20.00,9.00,12902921,323
25.03,1547728872,314.68,51.51110842,7.47134244,143.42,14.35,0.01,40.86,1,-91.00,-11.00,-10.00,6.00,47.00,7.00,13175298,60
26.03,1547728873,329.04,51.51121078,7.47147427,142.11,14.29,-0.05,40.26,1,-91.00,-11.00,-10.00,6.00,47.00,7.00,13175298,60
27.03,1547728874,343.35,51.51131552,7.47160304,140.89,14.35,0.06,39.89,1,-98.00,-13.00,0.00,7.00,35.00,7.00,13175298,60
28.03,1547728875,357.73,51.51142252,7.47172720,140.16,14.47,0.11,39.44,1,-98.00,-13.00,0.00,7.00,35.00,7.00,13175298,60
29.03,1547728876,372.20,51.51152626,7.47185678,139.81,14.52,0.06,39.24,1,-92.00,-10.00,7.00,8.00,36.00,7.00,13175298,60
30.03,1547728877,386.72,51.51163341,7.47198510,139.83,15.05,0.53,38.75,1,-92.00,-10.00,7.00,8.00,36.00,7.00,13175298,60
31.03,1547728878,401.77,51.51173434,7.47211106,139.92,13.95,-1.11,39.24,1,-92.00,-8.00,7.00,10.00,34.00,7.00,13175298,60
32.03,1547728879,415.72,51.51183692,7.47223971,139.73,14.32,0.37,39.00,1,-92.00,-8.00,7.00,10.00,34.00,7.00,13175298,60
33.03,1547728880,429.99,51.51193286,7.47235988,139.48,13.75,-0.57,38.54,1,-91.00,-8.00,0.00,10.00,34.00,7.00,13175298,60
34.03,1547728881,443.76,51.51202967,7.47247702,139.07,13.47,-0.28,37.71,1,-91.00,-8.00,0.00,10.00,34.00,7.00,13175298,60
35.03,1547728882,457.21,51.51212591,7.47258079,138.60,13.37,-0.10,35.08,1,-92.00,-12.00,3.00,7.00,40.00,7.00,13175298,60
36.03,1547728883,470.59,51.51222257,7.47268459,139.05,13.50,0.13,33.66,1,-92.00,-12.00,3.00,7.00,40.00,7.00,13175298,60
37.03,1547728884,484.12,51.51231995,7.47277989,139.55,13.20,-0.30,32.58,1,-92.00,-9.00,1.00,7.00,35.00,7.00,13175298,60
38.03,1547728885,497.33,51.51243206,7.47280587,140.77,13.20,0.00,33.13,1,-92.00,-9.00,1.00,7.00,35.00,7.00,13175298,60
39.03,1547728886,510.51,51.51255694,7.47279469,142.21,12.94,-0.27,3.82,1,-92.00,-9.00,5.00,7.00,36.00,7.00,13175298,60
40.03,1547728887,523.45,51.51269143,7.47277696,143.02,14.62,1.68,3.12,1,-92.00,-9.00,5.00,7.00,36.00,7.00,13175298,60
41.04,1547728888,538.23,51.51283625,7.47278646,143.52,15.01,0.39,2.90,1,-92.00,-10.00,2.00,7.00,36.00,7.00,13175298,60
42.03,1547728889,553.08,51.51298780,7.47279822,144.03,15.69,0.69,3.44,1,-92.00,-10.00,2.00,7.00,36.00,7.00,13175298,60
43.03,1547728890,568.79,51.51312898,7.47281212,144.77,15.01,-0.68,3.78,1,-92.00,-10.00,2.00,7.00,36.00,7.00,13175298,60
44.03,1547728891,583.81,51.51327351,7.47282911,145.76,15.53,0.52,3.95,1,-89.00,-8.00,4.00,10.00,38.00,7.00,13175298,60
45.03,1547728892,599.35,51.51340691,7.47284522,147.27,14.90,-0.63,3.44,1,-89.00,-8.00,4.00,10.00,38.00,7.00,13175298,60
46.03,1547728893,614.25,51.51354195,7.47285930,148.85,14.90,0.00,4.26,1,-87.00,-12.00,3.00,7.00,45.00,7.00,13175298,60
47.03,1547728894,629.12,51.51367652,7.47287133,149.74,14.81,-0.09,4.25,1,-87.00,-12.00,3.00,7.00,45.00,7.00,13175298,60
48.03,1547728895,643.92,51.51382116,7.47288904,150.54,15.61,0.80,3.80,1,-87.00,-11.00,8.00,10.00,45.00,7.00,13175298,60
49.03,1547728896,659.53,51.51395998,7.47289741,151.05,15.22,-0.39,2.88,1,-87.00,-11.00,8.00,10.00,45.00,7.00,13175298,60
50.07,1547728897,675.29,51.51409593,7.47289581,151.30,14.92,-0.29,2.21,1,-85.00,-8.00,10.00,10.00,42.00,7.00,13175298,60
51.03,1547728898,689.65,51.51423569,7.47289439,150.86,15.16,0.25,2.33,1,-85.00,-8.00,10.00,10.00,42.00,7.00,13175298,60
52.03,1547728899,704.80,51.51437618,7.47289789,150.37,15.75,0.59,3.00,1,-81.00,-11.00,14.00,15.00,50.00,7.00,13175298,60
53.03,1547728900,720.54,51.51451659,7.47291052,149.85,15.34,-0.41,3.65,1,-81.00,-11.00,14.00,15.00,50.00,7.00,13175298,60
54.03,1547728901,735.91,51.51464452,7.47292396,149.92,14.00,-1.33,4.67,1,-76.00,-11.00,15.00,11.00,54.00,7.00,13175298,60
55.03,1547728902,749.95,51.51478428,7.47294890,149.93,14.93,0.92,4.92,1,-76.00,-11.00,15.00,11.00,54.00,7.00,13175298,60
56.03,1547728903,764.86,51.51492211,7.47296295,149.16,14.64,-0.29,3.78,1,-61.00,-8.00,15.00,15.00,63.00,7.00,13175298,60
57.03,1547728904,779.50,51.51505969,7.47297538,148.63,14.73,0.09,2.84,1,-61.00,-8.00,15.00,15.00,63.00,7.00,13175298,60
58.03,1547728905,794.24,51.51519873,7.47298269,148.10,15.32,0.59,2.50,1,-64.00,-7.00,5.00,11.00,62.00,7.00,13175298,60
59.03,1547728906,809.55,51.51532728,7.47297310,146.91,14.10,-1.23,0.85,1,-64.00,-7.00,5.00,11.00,62.00,7.00,13175298,60
60.03,1547728907,823.65,51.51547405,7.47294318,145.71,14.10,0.00,1.89,1,-72.00,-8.00,12.00,12.00,55.00,7.00,13175298,60
61.04,1547728908,837.81,51.51560181,7.47285645,144.93,14.39,0.29,341.19,1,-72.00,-8.00,12.00,12.00,55.00,7.00,13175298,60
62.03,1547728909,852.18,51.51573123,7.47277289,144.17,15.05,0.65,340.82,1,-79.00,-13.00,13.00,12.00,50.00,7.00,13175298,60
63.03,1547728910,867.14,51.51584490,7.47269299,143.41,14.65,-0.40,338.82,1,-79.00,-13.00,13.00,12.00,50.00,7.00,13175298,60
64.03,1547728911,881.78,51.51595898,7.47261036,142.51,15.01,0.36,337.49,1,-79.00,-13.00,13.00,12.00,50.00,7.00,13175298,60
65.03,1547728912,896.84,51.51605886,7.47249006,141.31,14.73,-0.28,324.32,1,-82.00,-14.00,5.00,12.00,48.00,7.00,13175298,60
66.03,1547728913,911.57,51.51616126,7.47235973,139.73,14.98,0.25,322.73,1,-82.00,-14.00,5.00,12.00,48.00,7.00,13175298,60
67.03,1547728914,926.56,51.51624821,7.47221471,138.84,15.05,0.08,320.07,1,-82.00,-12.00,0.00,7.00,48.00,7.00,13175298,60
68.03,1547728915,941.61,51.51633886,7.47206224,138.74,15.30,0.24,317.15,1,-82.00,-12.00,0.00,7.00,48.00,7.00,13175298,60
69.03,1547728916,956.89,51.51640424,7.47186378,138.63,15.20,-0.10,302.17,1,-83.00,-11.00,-3.00,9.00,48.00,7.00,13175298,60
70.04,1547728917,972.19,51.51646795,7.47166275,138.28,15.59,0.39,300.21,1,-83.00,-11.00,-3.00,9.00,48.00,7.00,13175298,60
71.03,1547728918,987.61,51.51652077,7.47146329,137.46,15.59,0.00,301.18,1,-89.00,-16.00,-5.00,5.00,48.00,7.00,13175298,60
72.03,1547728919,1003.25,51.51657734,7.47125424,136.28,16.20,0.61,294.11,1,-89.00,-16.00,-5.00,5.00,48.00,7.00,13175298,60
73.03,1547728920,1019.39,51.51663386,7.47104633,135.24,15.96,-0.24,295.06,1,-87.00,-10.00,8.00,9.00,43.00,5.00,13175299,62
74.03,1547728921,1035.41,51.51668905,7.47084340,134.76,15.35,-0.61,294.79,1,-87.00,-10.00,8.00,9.00,43.00,5.00,13175299,62
75.03,1547728922,1050.76,51.51673569,7.47058977,135.29,15.35,0.00,294.98,1,-85.00,-11.00,-1.00,4.00,45.00,5.00,13175299,62
76.03,1547728923,1066.11,51.51679398,7.47039156,135.69,15.88,0.53,293.66,1,-85.00,-11.00,-1.00,4.00,45.00,5.00,13175299,62
77.03,1547728924,1081.99,51.51685294,7.47018755,135.59,15.64,-0.24,293.31,1,-87.00,-9.00,2.00,8.00,41.00,5.00,13175299,62
78.03,1547728925,1097.64,51.51689234,7.46997358,135.69,15.64,0.00,294.32,1,-87.00,-9.00,2.00,8.00,41.00,5.00,13175299,62
79.03,1547728926,1113.26,51.51693374,7.46972598,136.20,15.02,-0.62,291.49,1,-88.00,-8.00,0.00,8.00,38.00,5.00,13175299,62
80.03,1547728927,1128.30,51.51698000,7.46952153,137.45,15.29,0.27,291.08,1,-88.00,-8.00,0.00,8.00,38.00,5.00,13175299,62
81.05,1547728928,1143.85,51.51702431,7.46928787,138.92,16.96,1.64,289.89,1,-88.00,-9.00,-1.00,8.00,39.00,5.00,13175299,62
82.03,1547728929,1160.49,51.51707747,7.46906366,139.41,16.59,-0.37,289.26,1,-88.00,-9.00,-1.00,8.00,39.00,5.00,13175299,62
83.04,1547728930,1177.28,51.51712755,7.46884507,139.46,16.39,-0.20,288.81,1,-74.00,-15.00,1.00,12.00,60.00,6.00,13076482,289
84.03,1547728931,1193.53,51.51717935,7.46864164,138.94,15.79,-0.61,287.96,1,-74.00,-15.00,1.00,12.00,60.00,6.00,13076482,289
85.03,1547728932,1209.25,51.51722133,7.46843782,138.68,15.15,-0.64,287.31,1,-74.00,-15.00,1.00,12.00,60.00,6.00,13076482,289
86.03,1547728933,1224.47,51.51744270,7.46853390,139.29,15.38,0.23,288.85,1,-88.00,-8.00,-5.00,6.00,21.00,7.00,13175306,68
87.03,1547728934,1239.84,51.51730972,7.46801633,140.36,14.85,-0.53,290.50,1,-88.00,-8.00,-5.00,6.00,21.00,7.00,13175306,68
88.03,1547728935,1254.66,51.51735611,7.46780696,141.26,14.42,-0.43,292.67,1,-89.00,-6.00,14.00,10.00,33.00,7.00,13175306,68
89.03,1547728936,1269.08,51.51740805,7.46759980,141.69,13.91,-0.51,294.26,1,-89.00,-6.00,14.00,10.00,33.00,7.00,13175306,68
90.03,1547728937,1282.99,51.51745409,7.46740588,142.76,13.18,-0.73,295.06,1,-91.00,-5.00,1.00,9.00,32.00,7.00,13175306,68
91.03,1547728938,1296.17,51.51750739,7.46723309,143.13,12.53,-0.65,295.44,1,-91.00,-5.00,1.00,9.00,32.00,7.00,13175306,68
92.03,1547728939,1308.74,51.51756048,7.46706771,143.76,12.63,0.10,296.09,1,-70.00,-4.00,19.00,9.00,59.00,2.00,13530893,347
93.03,1547728940,1321.32,51.51761792,7.46691135,143.36,13.76,1.13,294.59,1,-70.00,-4.00,19.00,9.00,59.00,2.00,13530893,347
94.03,1547728941,1335.09,51.51767061,7.46673164,142.13,14.38,0.62,292.59,1,-79.00,-13.00,1.00,6.00,54.00,2.00,13530893,347
95.03,1547728942,1349.50,51.51771925,7.46654773,140.47,14.37,-0.01,291.24,1,-79.00,-13.00,1.00,6.00,54.00,2.00,13530893,347
96.03,1547728943,1363.83,51.51776261,7.46635577,139.31,14.67,0.30,288.60,1,-86.00,-7.00,4.00,6.00,39.00,2.00,13530894,345
97.03,1547728944,1378.51,51.51779698,7.46616255,138.25,14.04,-0.63,286.29,1,-86.00,-7.00,4.00,6.00,39.00,2.00,13530894,345
98.03,1547728945,1392.54,51.51782558,7.46594908,137.16,14.00,-0.04,284.16,1,-78.00,-5.00,3.00,15.00,47.00,2.00,13530894,345
99.03,1547728946,1406.53,51.51782366,7.46566897,137.61,14.00,0.00,286.16,1,-78.00,-5.00,3.00,15.00,47.00,2.00,13530894,345
100.03,1547728947,1420.56,51.51782513,7.46542077,138.34,15.59,1.59,273.46,1,-85.00,-6.00,-4.00,15.00,40.00,2.00,13530894,345
101.03,1547728948,1436.15,51.51782698,7.46519341,139.25,15.34,-0.26,272.71,1,-85.00,-6.00,-4.00,15.00,40.00,2.00,13530894,345
102.03,1547728949,1451.52,51.51783180,7.46498336,139.90,14.70,-0.64,270.76,1,-85.00,-10.00,-1.00,6.00,56.00,4.00,13530894,345
103.03,1547728950,1466.14,51.51782966,7.46480307,139.56,14.70,0.00,273.62,1,-85.00,-10.00,-1.00,6.00,56.00,4.00,13530894,345
104.04,1547728951,1481.03,51.51780652,7.46460693,138.95,14.56,-0.13,261.23,1,-77.00,-6.00,-6.00,6.00,60.00,4.00,13530894,345
105.03,1547728952,1495.41,51.51778502,7.46441253,137.91,14.59,0.03,260.62,1,-77.00,-6.00,-6.00,6.00,60.00,4.00,13530894,345
106.03,1547728953,1510.00,51.51775986,7.46421385,136.64,15.15,0.56,258.69,1,-77.00,-6.00,-6.00,6.00,60.00,4.00,13530894,345
107.03,1547728954,1525.20,51.51772409,7.46400936,135.66,15.20,0.05,256.71,1,-82.00,-6.00,12.00,12.00,43.00,4.00,13530894,345
108.03,1547728955,1540.39,51.51768452,7.46379610,135.15,15.84,0.65,255.07,1,-82.00,-6.00,12.00,12.00,43.00,4.00,13530894,345
109.03,1547728956,1556.20,51.51763270,7.46359993,135.94,15.52,-0.33,253.30,1,-84.00,-6.00,7.00,15.00,41.00,4.00,13530894,345
110.03,1547728957,1571.72,51.51757266,7.46342518,138.32,14.93,-0.59,251.58,1,-84.00,-6.00,7.00,15.00,41.00,4.00,13530894,345
111.03,1547728958,1586.61,51.51751080,7.46324660,141.24,14.87,-0.06,250.05,1,-84.00,-8.00,19.00,11.00,45.00,4.00,13530894,345
112.03,1547728959,1601.51,51.51745512,7.46305376,143.25,14.87,0.00,249.01,1,-84.00,-8.00,19.00,11.00,45.00,4.00,13530894,345
113.03,1547728960,1616.43,51.51740175,7.46285697,145.21,15.20,0.33,248.61,1,-80.00,-8.00,13.00,9.00,47.00,4.00,13530894,345
114.03,1547728961,1631.59,51.51734702,7.46266775,147.40,14.90,-0.30,249.19,1,-80.00,-8.00,13.00,9.00,47.00,4.00,13530894,345
115.03,1547728962,1646.51,51.51730010,7.46248728,149.58,14.38,-0.52,249.92,1,-81.00,-7.00,14.00,15.00,45.00,4.00,13530894,345
116.03,1547728963,1660.88,51.51724488,7.46231133,152.40,14.74,0.37,250.06,1,-81.00,-7.00,14.00,15.00,45.00,4.00,13530894,345
117.03,1547728964,1675.63,51.51720048,7.46211571,153.55,14.91,0.17,250.28,1,-84.00,-6.00,12.00,11.00,42.00,4.00,13530894,345
118.03,1547728965,1690.54,51.51715185,7.46190913,153.91,15.11,0.20,250.94,1,-84.00,-6.00,12.00,11.00,42.00,4.00,13530894,345
119.03,1547728966,1705.63,51.51711280,7.46167588,152.82,15.11,0.00,251.49,1,-85.00,-8.00,1.00,11.00,43.00,4.00,13530894,345
120.06,1547728967,1721.17,51.51706944,7.46146384,151.94,14.87,-0.24,251.97,1,-85.00,-8.00,1.00,11.00,43.00,4.00,13530894,345
121.03,1547728968,1735.67,51.51702781,7.46124159,151.48,14.75,-0.12,252.05,1,-88.00,-9.00,8.00,9.00,40.00,4.00,13530894,345
122.03,1547728969,1750.36,51.51698621,7.46102083,151.61,14.63,-0.12,252.81,1,-88.00,-9.00,8.00,9.00,40.00,4.00,13530894,345
123.03,1547728970,1765.00,51.51694521,7.46080566,151.64,14.88,0.25,252.07,1,-86.00,-13.00,5.00,8.00,47.00,4.00,13530894,345
124.03,1547728971,1779.90,51.51690566,7.46059772,150.96,14.98,0.10,252.90,1,-86.00,-13.00,5.00,8.00,47.00,4.00,13530894,345
125.04,1547728972,1794.98,51.51687073,7.46039080,149.46,14.42,-0.55,252.29,1,-85.00,-9.00,-2.00,6.00,43.00,5.00,13530638,105
126.03,1547728973,1809.29,51.51683562,7.46018321,147.95,14.75,0.33,252.41,1,-85.00,-9.00,-2.00,6.00,43.00,5.00,13530638,105
127.03,1547728974,1824.03,51.51679476,7.45996853,147.36,15.09,0.34,253.29,1,-85.00,-9.00,-2.00,6.00,43.00,5.00,13530638,105
128.03,1547728975,1839.16,51.51676098,7.45975132,146.31,15.21,0.12,254.27,1,-84.00,-8.00,17.00,12.00,42.00,5.00,13530638,105
129.03,1547728976,1854.37,51.51673005,7.45954127,144.36,15.46,0.25,255.31,1,-84.00,-8.00,17.00,12.00,42.00,5.00,13530638,105
130.05,1547728977,1870.10,51.51669960,7.45933696,142.44,15.16,-0.30,256.47,1,-89.00,-8.00,16.00,10.00,38.00,5.00,13530638,105
131.03,1547728978,1884.96,51.51666966,7.45913517,140.84,14.63,-0.53,257.36,1,-89.00,-8.00,16.00,10.00,38.00,5.00,13530638,105
132.03,1547728979,1899.57,51.51664694,7.45892803,139.35,14.58,-0.05,257.88,1,-89.00,-12.00,11.00,15.00,42.00,5.00,13530638,105
133.03,1547728980,1914.15,51.51662325,7.45873165,138.42,14.16,-0.42,258.55,1,-89.00,-12.00,11.00,15.00,42.00,5.00,13530638,105
134.03,1547728981,1928.33,51.51660293,7.45853182,137.09,13.82,-0.34,258.52,1,-83.00,-7.00,23.00,15.00,42.00,5.00,13530638,105
135.03,1547728982,1942.15,51.51658208,7.45834376,135.86,13.09,-0.73,259.08,1,-83.00,-7.00,23.00,15.00,42.00,5.00,13530638,105
136.03,1547728983,1955.27,51.51656352,7.45816720,134.99,12.16,-0.93,258.17,1,-86.00,-9.00,21.00,13.00,43.00,5.00,13530638,105
137.03,1547728984,1967.41,51.51653666,7.45802619,135.94,10.15,-2.01,257.48,1,-86.00,-9.00,21.00,13.00,43.00,5.00,13530638,105
138.03,1547728985,1977.57,51.51651505,7.45787912,137.31,9.77,-0.38,256.95,1,-88.00,-8.00,2.00,10.00,40.00,5.00,13530638,105
139.03,1547728986,1987.33,51.51649453,7.45775211,138.45,8.58,-1.19,257.32,1,-88.00,-8.00,2.00,10.00,40.00,5.00,13530638,105
140.03,1547728987,1995.91,51.51645782,7.45763895,139.38,8.41,-0.17,240.03,1,-82.00,-9.00,4.00,6.00,55.00,6.00,13530626,375
141.03,1547728988,2004.33,51.51642288,7.45753696,141.00,7.20,-1.21,239.68,1,-82.00,-9.00,4.00,6.00,55.00,6.00,13530626,375
142.03,1547728989,2011.49,51.51640432,7.45747068,143.11,4.32,-2.89,241.07,1,-80.00,-9.00,2.00,6.00,50.00,6.00,13406209,460
143.03,1547728990,2015.81,51.51640355,7.45741764,143.32,1.76,-2.56,254.90,1,-80.00,-9.00,2.00,6.00,50.00,6.00,13406209,460
144.03,1547728991,2017.57,51.51641383,7.45738972,143.45,0.82,-0.93,254.90,1,-79.00,-9.00,6.00,13.00,49.00,6.00,13406209,460
145.03,1547728992,2018.39,51.51641383,7.45738972,143.47,0.00,-0.82,254.90,1,-79.00,-9.00,6.00,13.00,49.00,6.00,13406209,460
146.04,1547728993,2018.39,51.51641383,7.45738972,143.48,0.00,0.00,254.90,1,-80.00,-9.00,6.00,11.00,50.00,6.00,13406209,460
147.03,1547728994,2018.39,51.51641383,7.45738972,143.49,0.00,0.00,254.90,1,-80.00,-9.00,6.00,11.00,50.00,6.00,13406209,460
148.03,1547728995,2018.39,51.51641383,7.45738972,143.50,0.00,0.00,254.90,1,-80.00,-9.00,6.00,11.00,50.00,6.00,13406209,460
149.03,1547728996,2018.39,51.51641383,7.45738972,143.51,0.00,0.00,254.90,1,-79.00,-9.00,10.00,13.00,48.00,6.00,13406209,460
150.03,1547728997,2018.39,51.51641383,7.45738972,143.51,0.00,0.00,254.90,1,-79.00,-9.00,10.00,13.00,48.00,6.00,13406209,460
151.03,1547728998,2018.39,51.51641383,7.45738972,143.52,0.00,0.00,254.90,1,-79.00,-9.00,9.00,11.00,48.00,6.00,13406209,460
152.03,1547728999,2018.39,51.51641383,7.45738972,143.52,0.00,0.00,254.90,1,-79.00,-9.00,9.00,11.00,48.00,6.00,13406209,460
153.03,1547729000,2018.39,51.51641383,7.45738972,143.52,0.00,0.00,254.90,1,-80.00,-10.00,9.00,11.00,50.00,6.00,13406209,460
154.03,1547729001,2018.39,51.51641383,7.45738972,143.55,0.00,0.00,254.90,1,-80.00,-10.00,9.00,11.00,50.00,6.00,13406209,460
155.03,1547729002,2018.39,51.51641383,7.45738972,143.62,0.00,0.00,265.36,1,-79.00,-8.00,7.00,9.00,48.00,6.00,13406209,460
156.03,1547729003,2018.39,51.51641383,7.45738972,143.71,0.00,0.00,249.92,1,-79.00,-8.00,7.00,9.00,48.00,6.00,13406209,460
157.03,1547729004,2018.39,51.51639323,7.45718341,144.37,4.90,0.00,249.48,1,-78.00,-8.00,10.00,15.00,50.00,6.00,13406209,460
158.03,1547729005,2023.29,51.51637335,7.45708336,145.08,5.92,1.02,248.95,1,-78.00,-8.00,10.00,15.00,50.00,6.00,13406209,460
159.03,1547729006,2029.21,51.51634874,7.45694522,145.76,5.92,0.00,250.28,1,-76.00,-7.00,15.00,15.00,50.00,6.00,13406209,460
160.03,1547729007,2035.14,51.51632593,7.45683176,145.93,7.79,1.86,248.58,1,-76.00,-7.00,15.00,15.00,50.00,6.00,13406209,460
161.03,1547729008,2042.94,51.51630184,7.45670733,145.60,8.65,0.87,247.97,1,-71.00,-6.00,18.00,11.00,55.00,6.00,13406209,460
162.03,1547729009,2051.54,51.51627158,7.45658506,145.04,8.91,0.26,247.10,1,-71.00,-6.00,18.00,11.00,55.00,6.00,13406209,460
163.03,1547729010,2060.47,51.51623360,7.45646143,144.90,8.89,-0.02,245.96,1,-74.00,-13.00,11.00,12.00,58.00,6.00,13406209,460
164.03,1547729011,2069.37,51.51619610,7.45633768,143.62,10.05,1.16,245.39,1,-74.00,-13.00,11.00,12.00,58.00,6.00,13406209,460
165.03,1547729012,2079.44,51.51615749,7.45621172,141.76,10.44,0.38,241.91,1,-74.00,-8.00,12.00,15.00,54.00,6.00,13406209,460
166.03,1547729013,2089.84,51.51607140,7.45619130,139.76,10.91,0.47,239.97,1,-74.00,-8.00,12.00,15.00,54.00,6.00,13406209,460
167.03,1547729014,2100.80,51.51605725,7.45592032,137.70,12.08,1.16,237.80,1,-60.00,-6.00,25.00,11.00,63.00,6.00,13406209,460
168.03,1547729015,2112.83,51.51599187,7.45576741,136.23,12.12,0.04,235.02,1,-60.00,-6.00,25.00,11.00,63.00,6.00,13406209,460
169.03,1547729016,2124.96,51.51592497,7.45563479,135.63,10.99,-1.13,232.64,1,-60.00,-6.00,25.00,11.00,63.00,6.00,13406209,460
170.03,1547729017,2135.96,51.51586822,7.45553371,134.71,8.23,-2.75,230.11,1,-64.00,-5.00,25.00,15.00,58.00,6.00,13406209,460
171.03,1547729018,2144.20,51.51580605,7.45543674,134.45,8.06,-0.18,227.27,1,-64.00,-5.00,25.00,15.00,58.00,6.00,13406209,460
172.03,1547729019,2152.25,51.51574561,7.45535237,133.69,7.93,-0.13,224.30,1,-76.00,-7.00,21.00,14.00,50.00,6.00,13406209,460
173.03,1547729020,2160.18,51.51567690,7.45528963,133.00,8.18,0.25,210.59,1,-76.00,-7.00,21.00,14.00,50.00,6.00,13406209,460
174.03,1547729021,2168.36,51.51561837,7.45524300,131.83,6.90,-1.28,208.37,1,-75.00,-7.00,16.00,15.00,51.00,6.00,13406209,460
175.03,1547729022,2175.25,51.51555661,7.45519349,130.74,7.15,0.25,205.92,1,-75.00,-7.00,16.00,15.00,51.00,6.00,13406209,460
176.03,1547729023,2182.40,51.51548770,7.45515434,129.94,7.26,0.11,202.00,1,-72.00,-11.00,17.00,15.00,58.00,6.00,13406209,460
177.03,1547729024,2189.66,51.51541368,7.45512969,130.20,7.77,0.51,198.55,1,-72.00,-11.00,17.00,15.00,58.00,6.00,13406209,460
178.03,1547729025,2197.43,51.51533839,7.45513078,130.95,7.83,0.06,185.65,1,-71.00,-10.00,19.00,11.00,60.00,6.00,13406209,460
179.03,1547729026,2205.26,51.51525676,7.45513078,131.34,8.26,0.43,183.92,1,-71.00,-10.00,19.00,11.00,60.00,6.00,13406209,460
180.03,1547729027,2213.50,51.51516733,7.45513644,132.54,9.34,1.08,180.78,1,-79.00,-12.00,7.00,10.00,51.00,6.00,13406209,460
181.03,1547729028,2222.85,51.51507136,7.45515267,133.71,10.68,1.34,178.77,1,-79.00,-12.00,7.00,10.00,51.00,6.00,13406209,460
182.03,1547729029,2233.53,51.51496631,7.45517432,134.21,12.00,1.32,177.06,1,-85.00,-13.00,7.00,8.00,46.00,6.00,13406209,460
183.03,1547729030,2245.53,51.51485507,7.45520000,134.91,12.78,0.78,175.97,1,-85.00,-13.00,7.00,8.00,46.00,6.00,13406209,460
184.03,1547729031,2258.31,51.51474040,7.45522896,135.69,12.78,-0.01,174.45,1,-81.00,-7.00,10.00,9.00,43.00,6.00,13406209,460
185.03,1547729032,2271.08,51.51461817,7.45526398,136.55,13.32,0.55,173.58,1,-81.00,-7.00,10.00,9.00,43.00,6.00,13406209,460
186.03,1547729033,2284.41,51.51449332,7.45529515,137.40,13.89,0.57,173.21,1,-85.00,-7.00,11.00,9.00,41.00,6.00,13406209,460
187.03,1547729034,2298.30,51.51436849,7.45532846,137.85,14.23,0.34,172.79,1,-85.00,-7.00,11.00,9.00,41.00,6.00,13406209,460
188.04,1547729035,2312.66,51.51424575,7.45536441,138.65,13.55,-0.68,172.13,1,-80.00,-10.00,20.00,11.00,48.00,6.00,13406209,460
189.03,1547729036,2326.09,51.51412868,7.45540688,139.23,13.03,-0.53,171.92,1,-80.00,-10.00,20.00,11.00,48.00,6.00,13406209,460
190.03,1547729037,2339.11,51.51401614,7.45544432,139.78,12.62,-0.40,171.16,1,-80.00,-10.00,20.00,11.00,48.00,6.00,13406209,460
191.03,1547729038,2351.68,51.51390533,7.45548277,140.34,12.30,-0.33,170.69,1,-81.00,-8.00,13.00,11.00,44.00,6.00,13406209,460
192.03,1547729039,2363.99,51.51379572,7.45552269,141.23,12.01,-0.29,169.87,1,-81.00,-8.00,13.00,11.00,44.00,6.00,13406209,460
193.03,1547729040,2376.00,51.51369195,7.45556501,142.59,11.53,-0.48,167.97,1,-86.00,-10.00,14.00,11.00,42.00,6.00,13406209,460
194.03,1547729041,2387.56,51.51359474,7.45561357,144.40,10.62,-0.91,166.09,1,-86.00,-10.00,14.00,11.00,42.00,6.00,13406209,460
195.03,1547729042,2398.19,51.51350574,7.45566285,146.29,10.22,-0.40,164.25,1,-89.00,-8.00,15.00,14.00,38.00,6.00,13406209,460
196.03,1547729043,2408.40,51.51341752,7.45571454,147.48,10.29,0.07,161.32,1,-89.00,-8.00,15.00,14.00,38.00,6.00,13406209,460
197.03,1547729044,2418.69,51.51333472,7.45578239,149.14,9.83,-0.46,157.97,1,-90.00,-8.00,7.00,13.00,36.00,6.00,13406209,460
198.03,1547729045,2428.52,51.51325155,7.45586079,151.55,10.20,0.37,154.82,1,-90.00,-8.00,7.00,13.00,36.00,6.00,13406209,460
199.03,1547729046,2438.72,51.51317462,7.45596914,153.72,11.23,1.03,142.18,1,-94.00,-9.00,10.00,15.00,31.00,6.00,13406209,460
200.03,1547729047,2449.95,51.51310166,7.45607265,155.49,11.01,-0.22,139.19,1,-94.00,-9.00,10.00,15.00,31.00,6.00,13406209,460
201.03,1547729048,2460.97,51.51304165,7.45619260,155.45,10.79,-0.22,136.34,1,-100.00,-11.00,1.00,10.00,30.00,6.00,13406209,460
202.03,1547729049,2471.78,51.51298178,7.45631265,154.51,10.72,-0.08,133.73,1,-100.00,-11.00,1.00,10.00,30.00,6.00,13406209,460
203.03,1547729050,2482.51,51.51292606,7.45641820,153.13,10.06,-0.66,131.86,1,-99.00,-13.00,1.00,7.00,33.00,6.00,13406209,460
204.03,1547729051,2492.52,51.51287053,7.45653558,152.32,10.03,-0.02,130.40,1,-99.00,-13.00,1.00,7.00,33.00,6.00,13406209,460
205.03,1547729052,2502.57,51.51281815,7.45666391,151.74,10.15,0.12,128.18,1,-99.00,-12.00,1.00,8.00,31.00,6.00,13406209,460
206.03,1547729053,2512.71,51.51276806,7.45679420,151.57,10.07,-0.08,126.86,1,-99.00,-12.00,1.00,8.00,31.00,6.00,13406209,460
207.03,1547729054,2522.81,51.51270376,7.45694639,151.96,12.56,2.48,127.34,1,-99.00,-12.00,-2.00,8.00,31.00,6.00,13406209,460
208.03,1547729055,2535.36,51.51263802,7.45710753,152.18,13.02,0.46,126.89,1,-99.00,-12.00,-2.00,8.00,31.00,6.00,13406209,460
209.04,1547729056,2548.49,51.51257677,7.45726857,151.81,12.53,-0.49,126.25,1,-105.00,-16.00,-7.00,4.00,30.00,6.00,13406209,460
210.03,1547729057,2560.90,51.51249950,7.45742835,152.02,13.84,1.33,125.80,1,-105.00,-16.00,-7.00,4.00,30.00,6.00,13406209,460
211.03,1547729058,2574.71,51.51241517,7.45759656,154.04,14.24,0.40,126.48,1,-105.00,-16.00,-7.00,4.00,30.00,6.00,13406209,460
212.03,1547729059,2589.04,51.51233700,7.45776265,154.75,13.86,-0.37,125.98,1,-99.00,-12.00,-8.00,6.00,31.00,7.00,13830146,487
213.03,1547729060,2602.87,51.51226288,7.45794308,154.47,14.23,0.37,125.16,1,-99.00,-12.00,-8.00,6.00,31.00,7.00,13830146,487
214.03,1547729061,2617.08,51.51219390,7.45810415,153.77,13.24,-0.99,125.67,1,-101.00,-12.00,-1.00,6.00,32.00,7.00,13830146,487
215.03,1547729062,2630.35,51.51212212,7.45827144,152.63,13.61,0.38,125.29,1,-101.00,-12.00,-1.00,6.00,32.00,7.00,13830146,487
216.03,1547729063,2643.95,51.51205711,7.45843148,151.17,12.73,-0.89,126.94,1,-99.00,-13.00,0.00,7.00,30.00,7.00,14035459,487
217.03,1547729064,2656.67,51.51199599,7.45858092,149.75,11.66,-1.07,127.19,1,-99.00,-13.00,0.00,7.00,30.00,7.00,14035459,487
218.03,1547729065,2668.33,51.51193658,7.45871453,149.37,10.82,-0.84,128.18,1,-94.00,-12.00,1.00,6.00,36.00,7.00,14035459,482
219.03,1547729066,2679.15,51.51188813,7.45883062,149.37,9.25,-1.57,129.01,1,-94.00,-12.00,1.00,6.00,36.00,7.00,14035459,482
220.03,1547729067,2688.41,51.51183901,7.45895026,149.11,9.17,-0.08,129.96,1,-98.00,-12.00,3.00,10.00,32.00,7.00,14035459,482
221.04,1547729068,2697.64,51.51180286,7.45903904,149.33,7.10,-2.05,129.34,1,-98.00,-12.00,3.00,10.00,32.00,7.00,14035459,482
222.03,1547729069,2704.70,51.51177006,7.45910654,148.73,5.19,-1.92,130.21,1,-100.00,-13.00,6.00,8.00,30.00,7.00,14035459,482
223.03,1547729070,2709.86,51.51174801,7.45915727,148.68,3.79,-1.41,131.15,1,-100.00,-13.00,6.00,8.00,30.00,7.00,14035459,482
224.03,1547729071,2713.67,51.51173556,7.45918550,148.50,1.67,-2.10,129.02,1,-103.00,-16.00,-1.00,4.00,32.00,7.00,14035459,482
225.03,1547729072,2715.35,51.51173556,7.45918550,148.48,0.00,-1.67,129.02,1,-103.00,-16.00,-1.00,4.00,32.00,7.00,14035459,482
226.03,1547729073,2715.35,51.51173556,7.45918550,148.47,0.00,0.00,129.02,1,-101.00,-14.00,-2.00,4.00,32.00,7.00,14035459,482
227.03,1547729074,2715.35,51.51173556,7.45918550,148.46,0.00,0.00,129.02,1,-101.00,-14.00,-2.00,4.00,32.00,7.00,14035459,482
228.03,1547729075,2715.35,51.51173556,7.45918550,148.46,0.00,0.00,129.02,1,-100.00,-14.00,-3.00,5.00,32.00,7.00,14035459,482
229.03,1547729076,2715.35,51.51173556,7.45918550,148.45,0.00,0.00,129.02,1,-100.00,-14.00,-3.00,5.00,32.00,7.00,14035459,482
230.04,1547729077,2715.35,51.51173556,7.45918550,148.44,0.00,0.00,129.02,1,-99.00,-13.00,-4.00,6.00,33.00,7.00,14035459,482
231.03,1547729078,2715.35,51.51173556,7.45918550,148.42,0.00,0.00,129.02,1,-99.00,-13.00,-4.00,6.00,33.00,7.00,14035459,482
232.03,1547729079,2715.35,51.51173556,7.45918550,148.40,0.00,0.00,129.02,1,-99.00,-13.00,-4.00,6.00,33.00,7.00,14035459,482
233.03,1547729080,2715.35,51.51173556,7.45918550,148.38,0.00,0.00,129.02,1,-100.00,-15.00,-4.00,5.00,33.00,7.00,14035459,482
234.03,1547729081,2715.35,51.51173556,7.45918550,148.35,0.00,0.00,129.02,1,-100.00,-15.00,-4.00,5.00,33.00,7.00,14035459,482
235.04,1547729082,2715.35,51.51173556,7.45918550,148.33,0.00,0.00,129.02,1,-101.00,-15.00,-4.00,5.00,33.00,7.00,14035459,482
236.04,1547729083,2715.35,51.51173556,7.45918550,148.31,0.00,0.00,129.02,1,-101.00,-15.00,-4.00,5.00,33.00,7.00,14035459,482
237.03,1547729084,2715.35,51.51173556,7.45918550,148.28,0.00,0.00,129.02,1,-100.00,-15.00,-4.00,5.00,33.00,7.00,14035459,482
238.03,1547729085,2715.35,51.51173556,7.45918550,148.26,0.00,0.00,129.02,1,-100.00,-15.00,-4.00,5.00,33.00,7.00,14035459,482
239.03,1547729086,2715.35,51.51173556,7.45918550,148.24,0.00,0.00,129.02,1,-100.00,-14.00,-3.00,6.00,32.00,7.00,14035459,482
240.04,1547729087,2715.35,51.51173556,7.45918550,148.22,0.00,0.00,129.02,1,-100.00,-14.00,-3.00,6.00,32.00,7.00,14035459,482
241.03,1547729088,2715.35,51.51173556,7.45918550,148.20,0.00,0.00,129.02,1,-100.00,-11.00,1.00,6.00,28.00,7.00,14035459,482
242.03,1547729089,2715.35,51.51173556,7.45918550,148.19,0.00,0.00,129.02,1,-100.00,-11.00,1.00,6.00,28.00,7.00,14035459,482
243.04,1547729090,2715.35,51.51173556,7.45918550,148.19,0.00,0.00,129.02,1,-101.00,-16.00,-3.00,6.00,33.00,7.00,14035459,482
244.03,1547729091,2715.35,51.51173556,7.45918550,148.18,0.00,0.00,129.02,1,-101.00,-16.00,-3.00,6.00,33.00,7.00,14035459,482
245.03,1547729092,2715.35,51.51173556,7.45918550,148.17,0.00,0.00,129.02,1,-100.00,-11.00,2.00,5.00,28.00,7.00,14035459,482
246.03,1547729093,2715.35,51.51173556,7.45918550,148.16,0.00,0.00,129.02,1,-100.00,-11.00,2.00,5.00,28.00,7.00,14035459,482
247.03,1547729094,2715.35,51.51173556,7.45918550,148.15,0.00,0.00,129.02,1,-100.00,-13.00,0.00,6.00,34.00,7.00,14035459,482
248.03,1547729095,2715.35,51.51173556,7.45918550,148.14,0.00,0.00,129.02,1,-100.00,-13.00,0.00,6.00,34.00,7.00,14035459,482
249.03,1547729096,2715.35,51.51173556,7.45918550,148.13,0.00,0.00,129.02,1,-100.00,-12.00,0.00,9.00,30.00,7.00,14035459,482
250.04,1547729097,2715.35,51.51173556,7.45918550,148.13,0.00,0.00,129.02,1,-100.00,-12.00,0.00,9.00,30.00,7.00,14035459,482
251.04,1547729098,2715.35,51.51173556,7.45918550,148.13,0.00,0.00,129.02,1,-101.00,-12.00,-2.00,5.00,31.00,7.00,14035459,482
252.03,1547729099,2715.35,51.51173556,7.45918550,148.13,0.00,0.00,129.02,1,-101.00,-12.00,-2.00,5.00,31.00,7.00,14035459,482
253.03,1547729100,2715.35,51.51173556,7.45918550,148.13,0.00,0.00,129.02,1,-101.00,-12.00,-2.00,5.00,31.00,7.00,14035459,482
254.04,1547729101,2715.35,51.51173556,7.45918550,148.14,0.00,0.00,129.02,1,-110.00,-14.00,-6.00,7.00,23.00,9.00,14035469,493
255.04,1547729102,2715.35,51.51173556,7.45918550,148.15,0.00,0.00,129.02,1,-110.00,-14.00,-6.00,7.00,23.00,9.00,14035469,493
256.03,1547729103,2715.35,51.51173556,7.45918550,148.16,0.00,0.00,129.02,1,-109.00,-15.00,-1.00,6.00,26.00,9.00,14035469,493
257.04,1547729104,2715.35,51.51173556,7.45918550,148.17,0.00,0.00,129.02,1,-109.00,-15.00,-1.00,6.00,26.00,9.00,14035469,493
258.03,1547729105,2715.35,51.51173556,7.45918550,148.19,0.00,0.00,129.02,1,-109.00,-13.00,2.00,6.00,23.00,9.00,14035469,493
259.03,1547729106,2715.35,51.51173556,7.45918550,148.21,0.00,0.00,129.02,1,-109.00,-13.00,2.00,6.00,23.00,9.00,14035469,493
260.03,1547729107,2715.35,51.51173556,7.45918550,148.22,0.00,0.00,129.02,1,-108.00,-12.00,0.00,6.00,23.00,9.00,14035469,493
261.03,1547729108,2715.35,51.51173556,7.45918550,148.30,0.00,0.00,130.51,1,-108.00,-12.00,0.00,6.00,23.00,9.00,14035469,493
262.03,1547729109,2715.35,51.51173556,7.45918550,148.33,0.00,0.00,122.90,1,-108.00,-16.00,-3.00,6.00,27.00,9.00,14035469,493
263.04,1547729110,2715.35,51.51167342,7.45937059,148.61,6.41,0.00,124.29,1,-108.00,-16.00,-3.00,6.00,27.00,9.00,14035469,493
264.04,1547729111,2721.75,51.51163051,7.45946299,148.73,7.97,1.56,125.90,1,-108.00,-14.00,-1.00,7.00,25.00,9.00,14035469,493
265.03,1547729112,2729.68,51.51157212,7.45957625,148.42,9.36,1.40,127.24,1,-108.00,-14.00,-1.00,7.00,25.00,9.00,14035469,493
266.03,1547729113,2739.08,51.51150098,7.45971144,147.97,10.89,1.53,126.39,1,-110.00,-11.00,1.00,6.00,19.00,9.00,14035469,493
267.03,1547729114,2749.96,51.51142186,7.45986428,147.74,12.34,1.44,126.96,1,-110.00,-11.00,1.00,6.00,19.00,9.00,14035469,493
268.03,1547729115,2762.30,51.51134199,7.46002372,147.73,13.19,0.85,129.69,1,-113.00,-13.00,0.00,7.00,20.00,9.00,14035469,493
269.03,1547729116,2775.48,51.51125713,7.46017886,148.01,13.86,0.68,130.99,1,-113.00,-13.00,0.00,7.00,20.00,9.00,14035469,493
270.03,1547729117,2789.37,51.51116740,7.46034229,147.80,14.56,0.69,131.75,1,-105.00,-9.00,-1.00,6.00,23.00,6.00,13830157,210
271.03,1547729118,2803.90,51.51107018,7.46048104,149.21,14.50,-0.06,132.61,1,-105.00,-9.00,-1.00,6.00,23.00,6.00,13830157,210
272.04,1547729119,2818.53,51.51096904,7.46062714,150.85,14.72,0.23,131.79,1,-106.00,-10.00,4.00,8.00,24.00,6.00,13830157,210
273.03,1547729120,2833.11,51.51087808,7.46078116,151.77,14.41,-0.32,131.38,1,-106.00,-10.00,4.00,8.00,24.00,6.00,13830157,210
274.03,1547729121,2847.50,51.51079286,7.46092905,151.90,13.67,-0.74,132.52,1,-106.00,-10.00,4.00,8.00,24.00,6.00,13830157,210
275.03,1547729122,2861.19,51.51070962,7.46107039,151.19,13.52,-0.15,133.39,1,-103.00,-8.00,6.00,13.00,24.00,6.00,13830157,210
276.03,1547729123,2874.72,51.51062795,7.46121529,149.75,13.28,-0.25,132.99,1,-103.00,-8.00,6.00,13.00,24.00,6.00,13830157,210
277.03,1547729124,2887.98,51.51054823,7.46135083,148.15,12.38,-0.89,133.69,1,-103.00,-7.00,10.00,7.00,24.00,6.00,13830157,210
278.03,1547729125,2900.35,51.51047217,7.46147632,146.44,11.57,-0.81,133.71,1,-103.00,-7.00,10.00,7.00,24.00,6.00,13830157,210
279.03,1547729126,2911.93,51.51040167,7.46159807,145.34,10.98,-0.58,134.34,1,-96.00,-7.00,4.00,15.00,30.00,6.00,13830157,210
280.06,1547729127,2923.19,51.51034229,7.46170242,144.87,9.06,-1.88,132.56,1,-96.00,-7.00,4.00,15.00,30.00,6.00,13830157,210
281.03,1547729128,2932.01,51.51029398,7.46177838,144.61,6.96,-2.16,131.22,1,-99.00,-8.00,13.00,15.00,31.00,6.00,13830157,210
282.03,1547729129,2938.96,51.51027111,7.46185203,144.51,5.43,-1.53,111.13,1,-99.00,-8.00,13.00,15.00,31.00,6.00,13830157,210
283.03,1547729130,2944.37,51.51024332,7.46190403,144.47,3.99,-1.45,127.24,1,-94.00,-13.00,10.00,15.00,39.00,6.00,13830157,210
284.03,1547729131,2948.37,51.51022332,7.46194042,144.50,2.47,-1.51,124.42,1,-94.00,-13.00,10.00,15.00,39.00,6.00,13830157,210
285.03,1547729132,2950.84,51.51022323,7.46194046,144.49,0.33,-2.14,124.42,1,-98.00,-7.00,14.00,14.00,28.00,6.00,13830157,210
286.03,1547729133,2951.17,51.51022323,7.46194046,144.50,0.00,-0.33,124.42,1,-98.00,-7.00,14.00,14.00,28.00,6.00,13830157,210
287.03,1547729134,2951.17,51.51022323,7.46194046,144.52,0.00,0.00,124.42,1,-100.00,-8.00,11.00,9.00,27.00,6.00,13830157,210
288.03,1547729135,2951.17,51.51022323,7.46194046,144.54,0.00,0.00,124.42,1,-100.00,-8.00,11.00,9.00,27.00,6.00,13830157,210
289.03,1547729136,2951.17,51.51022323,7.46194046,144.54,0.00,0.00,124.42,1,-100.00,-8.00,13.00,8.00,27.00,6.00,13830157,210
290.03,1547729137,2951.17,51.51022323,7.46194046,144.50,0.00,0.00,124.42,1,-100.00,-8.00,13.00,8.00,27.00,6.00,13830157,210
291.03,1547729138,2951.17,51.51022323,7.46194046,144.45,0.00,0.00,124.42,1,-100.00,-8.00,11.00,8.00,29.00,6.00,13830157,210
292.03,1547729139,2951.17,51.51022323,7.46194046,144.39,0.00,0.00,124.42,1,-100.00,-8.00,11.00,8.00,29.00,6.00,13830157,210
293.03,1547729140,2951.17,51.51022323,7.46194046,144.33,0.00,0.00,124.42,1,-100.00,-11.00,13.00,9.00,30.00,6.00,13830157,210
294.03,1547729141,2951.17,51.51022323,7.46194046,144.26,0.00,0.00,124.42,1,-100.00,-11.00,13.00,9.00,30.00,6.00,13830157,210
295.04,1547729142,2951.17,51.51022323,7.46194046,144.18,0.00,0.00,124.42,1,-100.00,-10.00,12.00,9.00,30.00,6.00,13830157,210
296.03,1547729143,2951.17,51.51022323,7.46194046,144.09,0.00,0.00,124.42,1,-100.00,-10.00,12.00,9.00,30.00,6.00,13830157,210
297.03,1547729144,2951.17,51.51022323,7.46194046,144.00,0.00,0.00,124.42,1,-100.00,-10.00,12.00,9.00,30.00,6.00,13830157,210
298.03,1547729145,2951.17,51.51022323,7.46194046,143.92,0.00,0.00,124.42,1,-100.00,-9.00,13.00,8.00,28.00,6.00,13830157,210
299.03,1547729146,2951.17,51.51022323,7.46194046,143.84,0.00,0.00,124.42,1,-100.00,-9.00,13.00,8.00,28.00,6.00,13830157,210
300.04,1547729147,2951.17,51.51022323,7.46194046,143.76,0.00,0.00,124.42,1,-100.00,-8.00,6.00,8.00,27.00,6.00,13830157,210
301.03,1547729148,2951.17,51.51022323,7.46194046,143.72,0.00,0.00,124.42,1,-100.00,-8.00,6.00,8.00,27.00,6.00,13830157,210
302.03,1547729149,2951.17,51.51022323,7.46194046,143.68,0.00,0.00,124.42,1,-100.00,-10.00,14.00,8.00,28.00,6.00,13830157,210
303.03,1547729150,2951.17,51.51022323,7.46194046,143.65,0.00,0.00,124.42,1,-100.00,-10.00,14.00,8.00,28.00,6.00,13830157,210
304.03,1547729151,2951.17,51.51022323,7.46194046,143.63,0.00,0.00,124.42,1,-100.00,-8.00,14.00,9.00,27.00,6.00,13830157,210
305.03,1547729152,2951.17,51.51022323,7.46194046,143.61,0.00,0.00,124.42,1,-100.00,-8.00,14.00,9.00,27.00,6.00,13830157,210
306.03,1547729153,2951.17,51.51022323,7.46194046,143.60,0.00,0.00,124.42,1,-100.00,-8.00,13.00,8.00,27.00,6.00,13830157,210
307.03,1547729154,2951.17,51.51022323,7.46194046,143.60,0.00,0.00,124.42,1,-100.00,-8.00,13.00,8.00,27.00,6.00,13830157,210
308.03,1547729155,2951.17,51.51022323,7.46194046,143.59,0.00,0.00,124.42,1,-100.00,-8.00,10.00,9.00,27.00,6.00,13830157,210
309.03,1547729156,2951.17,51.51022323,7.46194046,143.59,0.00,0.00,124.42,1,-100.00,-8.00,10.00,9.00,27.00,6.00,13830157,210
310.03,1547729157,2951.17,51.51022323,7.46194046,143.57,0.00,0.00,124.42,1,-100.00,-8.00,10.00,8.00,28.00,6.00,13830157,210
311.03,1547729158,2951.17,51.51022323,7.46194046,143.56,0.00,0.00,124.42,1,-100.00,-8.00,10.00,8.00,28.00,6.00,13830157,210
312.03,1547729159,2951.17,51.51022323,7.46194046,143.55,0.00,0.00,124.42,1,-100.00,-12.00,9.00,9.00,32.00,6.00,13830157,210
313.03,1547729160,2951.17,51.51022323,7.46194046,143.55,0.00,0.00,124.42,1,-100.00,-12.00,9.00,9.00,32.00,6.00,13830157,210
314.03,1547729161,2951.17,51.51022323,7.46194046,143.53,0.00,0.00,124.42,1,-99.00,-8.00,14.00,12.00,28.00,6.00,13830157,210
315.03,1547729162,2951.17,51.51022323,7.46194046,143.40,0.00,0.00,124.42,1,-99.00,-8.00,14.00,12.00,28.00,6.00,13830157,210
316.04,1547729163,2951.17,51.51022323,7.46194046,143.27,0.00,0.00,129.81,1,-99.00,-8.00,16.00,12.00,28.00,6.00,13830157,210
317.03,1547729164,2951.17,51.51022323,7.46194046,143.21,0.00,0.00,128.88,1,-99.00,-8.00,16.00,12.00,28.00,6.00,13830157,210
318.03,1547729165,2951.17,51.51016851,7.46203445,143.12,1.90,0.00,134.38,1,-99.00,-8.00,16.00,12.00,28.00,6.00,13830157,210
319.03,1547729166,2953.07,51.51014277,7.46209171,143.12,3.26,1.36,132.63,1,-100.00,-8.00,8.00,7.00,27.00,6.00,13830157,210
320.03,1547729167,2956.33,51.51011156,7.46217992,144.12,6.40,3.14,118.51,1,-100.00,-8.00,8.00,7.00,27.00,6.00,13830157,210
321.03,1547729168,2962.72,51.51007809,7.46228264,145.04,8.04,1.64,118.59,1,-100.00,-8.00,9.00,7.00,28.00,6.00,13830157,210
322.03,1547729169,2970.76,51.51004132,7.46239041,145.86,8.58,0.54,118.85,1,-100.00,-8.00,9.00,7.00,28.00,6.00,13830157,210
323.03,1547729170,2979.33,51.51001856,7.46249632,146.40,8.58,0.00,118.51,1,-100.00,-8.00,6.00,14.00,28.00,6.00,13830157,210
324.03,1547729171,2987.91,51.50997277,7.46263339,146.83,11.68,3.10,117.52,1,-100.00,-8.00,6.00,14.00,28.00,6.00,13830157,210
325.03,1547729172,2999.60,51.50993453,7.46277049,147.27,10.55,-1.13,114.62,1,-92.00,-8.00,16.00,11.00,28.00,6.00,13830157,210
326.03,1547729173,3010.15,51.51023620,7.46233830,147.87,10.56,0.01,110.70,1,-92.00,-8.00,16.00,11.00,28.00,6.00,13830157,210
327.03,1547729174,3020.71,51.50989038,7.46305441,148.10,10.74,0.18,96.46,1,-99.00,-6.00,8.00,12.00,27.00,6.00,13830157,210
328.03,1547729175,3031.45,51.50988423,7.46322003,148.20,10.78,0.04,95.28,1,-99.00,-6.00,8.00,12.00,27.00,6.00,13830157,210
329.03,1547729176,3042.25,51.50988834,7.46336654,148.16,9.38,-1.39,94.03,1,-107.00,-8.00,2.00,5.00,21.00,6.00,13830157,210
330.08,1547729177,3052.03,51.50989218,7.46349116,147.96,7.79,-1.52,93.38,1,-107.00,-8.00,2.00,5.00,21.00,6.00,13830157,210
331.03,1547729178,3059.49,51.50989142,7.46359731,148.25,6.76,-1.08,92.84,1,-109.00,-10.00,5.00,7.00,20.00,6.00,13830157,210
332.04,1547729179,3066.28,51.50989167,7.46370340,148.92,6.39,-0.37,91.90,1,-109.00,-10.00,5.00,7.00,20.00,6.00,13830157,210
333.03,1547729180,3072.62,51.50989419,7.46379999,149.53,5.59,-0.80,91.37,1,-109.00,-13.00,0.00,6.00,24.00,6.00,13830157,210
334.03,1547729181,3078.20,51.50989239,7.46389061,150.29,5.11,-0.48,91.99,1,-109.00,-13.00,0.00,6.00,24.00,6.00,13830157,210
335.03,1547729182,3083.32,51.50988957,7.46397875,151.11,5.17,0.06,92.89,1,-107.00,-13.00,4.00,6.00,26.00,6.00,13830157,210
336.03,1547729183,3088.48,51.50988832,7.46405646,151.64,4.46,-0.71,94.00,1,-107.00,-13.00,4.00,6.00,26.00,6.00,13830157,210
337.04,1547729184,3093.01,51.50988054,7.46414244,151.41,4.81,0.34,93.11,1,-107.00,-10.00,4.00,6.00,21.00,6.00,13830157,210
338.03,1547729185,3097.77,51.50987676,7.46424968,152.22,5.39,0.58,95.26,1,-107.00,-10.00,4.00,6.00,21.00,6.00,13830157,210
339.03,1547729186,3103.15,51.50987332,7.46438860,152.45,5.39,0.00,94.45,1,-107.00,-10.00,4.00,6.00,21.00,6.00,13830157,210
340.03,1547729187,3108.53,51.50987327,7.46447927,153.58,7.82,2.44,92.69,1,-106.00,-9.00,1.00,6.00,21.00,6.00,13830157,210
341.03,1547729188,3116.37,51.50987641,7.46459864,153.96,8.01,0.19,92.43,1,-106.00,-9.00,1.00,6.00,21.00,6.00,13830157,210
342.03,1547729189,3124.34,51.50988445,7.46473004,154.17,8.01,0.00,91.53,1,-108.00,-13.00,3.00,6.00,25.00,6.00,13830157,210
343.03,1547729190,3132.36,51.50988816,7.46486915,153.84,8.24,0.23,92.48,1,-108.00,-13.00,3.00,6.00,25.00,6.00,13830157,210
344.03,1547729191,3140.60,51.50989159,7.46500588,153.64,8.27,0.03,92.91,1,-108.00,-13.00,3.00,6.00,24.00,6.00,13830157,210
345.03,1547729192,3148.86,51.50989119,7.46517641,152.97,8.27,0.00,92.95,1,-108.00,-13.00,3.00,6.00,24.00,6.00,13830157,210
346.03,1547729193,3157.16,51.50989250,7.46534876,152.60,10.11,1.84,92.65,1,-107.00,-10.00,5.00,7.00,21.00,6.00,13830157,210
347.03,1547729194,3167.27,51.50989168,7.46550279,152.81,9.53,-0.58,92.82,1,-107.00,-10.00,5.00,7.00,21.00,6.00,13830157,210
348.03,1547729195,3176.79,51.50989064,7.46565462,153.42,9.73,0.20,93.77,1,-109.00,-11.00,6.00,6.00,22.00,6.00,13830157,210
349.03,1547729196,3186.52,51.50988631,7.46581889,153.20,10.12,0.39,93.98,1,-109.00,-11.00,6.00,6.00,22.00,6.00,13830157,210
350.07,1547729197,3197.05,51.50988062,7.46596021,153.08,9.08,-1.01,93.55,1,-107.00,-7.00,2.00,7.00,19.00,6.00,13830157,210
351.03,1547729198,3205.73,51.50987587,7.46611405,152.71,9.42,0.35,93.17,1,-107.00,-7.00,2.00,7.00,19.00,6.00,13830157,210
352.03,1547729199,3215.14,51.50986882,7.46629940,152.17,9.42,0.00,93.77,1,-97.00,-11.00,8.00,9.00,35.00,6.00,13830157,210
353.03,1547729200,3224.57,51.50986651,7.46646109,152.05,10.94,1.52,91.33,1,-97.00,-11.00,8.00,9.00,35.00,6.00,13830157,210
354.03,1547729201,3235.54,51.50986317,7.46661733,151.72,11.28,0.34,91.92,1,-100.00,-9.00,6.00,6.00,26.00,6.00,13830157,210
355.03,1547729202,3246.82,51.50985480,7.46677860,151.48,11.67,0.39,92.90,1,-100.00,-9.00,6.00,6.00,26.00,6.00,13830157,210
356.03,1547729203,3258.45,51.50983654,7.46695369,151.35,11.67,0.00,92.14,1,-106.00,-11.00,4.00,5.00,24.00,6.00,13830157,210
