0.06,1547729201,0.00,51.50983085,7.46715095,156.23,12.21,0.00,93.96,1,-87.00,-8.00,24.00,15.00,52.00,2.00,13403661,21
1.07,1547729202,12.34,51.50982584,7.46733382,155.86,12.27,0.06,95.34,1,-84.00,-7.00,24.00,15.00,55.00,2.00,13403661,21
2.06,1547729203,24.53,51.50981685,7.46750970,155.75,11.72,-0.55,96.04,1,-84.00,-7.00,24.00,15.00,55.00,2.00,13403661,21
3.06,1547729204,36.25,51.50980693,7.46769382,155.31,12.51,0.79,96.64,1,-84.00,-7.00,24.00,15.00,55.00,2.00,13403661,21
4.06,1547729205,48.75,51.50979562,7.46787608,154.84,12.75,0.24,96.42,1,-82.00,-8.00,25.00,15.00,59.00,2.00,13403661,21
5.06,1547729206,61.51,51.50978952,7.46804835,154.48,12.38,-0.38,94.80,1,-82.00,-8.00,25.00,15.00,59.00,2.00,13403661,21
6.06,1547729207,73.89,51.50978793,7.46822212,154.23,11.89,-0.49,92.81,1,-89.00,-6.00,23.00,12.00,51.00,2.00,13403661,21
7.06,1547729208,85.77,51.50978930,7.46838857,154.60,11.53,-0.35,89.92,1,-89.00,-6.00,23.00,12.00,51.00,2.00,13403661,21
8.06,1547729209,97.32,51.50979774,7.46854564,154.85,11.39,-0.14,86.48,1,-85.00,-7.00,21.00,15.00,54.00,2.00,13403661,21
9.06,1547729210,108.71,51.50982629,7.46868354,154.42,11.39,0.00,89.35,1,-85.00,-7.00,21.00,15.00,54.00,2.00,13403661,21
10.06,1547729211,120.12,51.50987932,7.46884732,153.57,12.21,0.82,66.61,1,-97.00,-9.00,1.00,2.00,44.00,2.00,13403661,21
11.06,1547729212,132.33,51.50992829,7.46901734,152.74,12.09,-0.12,65.03,1,-97.00,-9.00,1.00,2.00,44.00,2.00,13403661,21
12.06,1547729213,144.42,51.50998454,7.46918811,152.38,12.66,0.57,62.41,1,-96.00,-15.00,3.00,5.00,55.00,6.00,13403661,21
13.06,1547729214,157.09,51.51003783,7.46935229,151.99,12.53,-0.13,61.38,1,-96.00,-15.00,3.00,5.00,55.00,6.00,13403661,21
14.06,1547729215,169.59,51.51009512,7.46951616,151.66,13.07,0.54,60.18,1,-99.00,-12.00,0.00,9.00,46.00,6.00,13403661,21
15.06,1547729216,182.70,51.51015184,7.46967752,151.27,12.92,-0.15,59.47,1,-99.00,-12.00,0.00,9.00,46.00,6.00,13403661,21
16.06,1547729217,195.58,51.51020872,7.46984035,151.13,13.05,0.12,58.84,1,-102.00,-10.00,3.00,7.00,40.00,5.00,14345743,399
17.06,1547729218,208.63,51.51027183,7.47000480,150.57,13.10,0.06,58.08,1,-102.00,-10.00,3.00,7.00,40.00,5.00,14345743,399
18.06,1547729219,221.74,51.51033085,7.47017814,151.08,13.00,-0.10,58.13,1,-102.00,-9.00,4.00,7.00,40.00,5.00,14345743,399
19.06,1547729220,234.74,51.51039313,7.47034357,151.33,12.25,-0.75,56.80,1,-102.00,-9.00,4.00,7.00,40.00,5.00,14345743,399
20.06,1547729221,247.01,51.51045714,7.47049822,151.43,11.66,-0.60,55.48,1,-103.00,-9.00,7.00,7.00,38.00,5.00,14345743,399
21.06,1547729222,258.68,51.51052363,7.47062981,151.77,10.94,-0.72,53.37,1,-103.00,-9.00,7.00,7.00,38.00,5.00,14345743,399
22.08,1547729223,269.77,51.51058983,7.47074673,152.57,10.13,-0.80,51.17,1,-103.00,-10.00,3.00,8.00,40.00,5.00,14345743,399
23.06,1547729224,279.75,51.51065400,7.47085250,153.94,9.52,-0.62,48.41,1,-103.00,-10.00,3.00,8.00,40.00,5.00,14345743,399
24.06,1547729225,289.27,51.51071501,7.47094429,154.68,8.32,-1.19,45.95,1,-103.00,-10.00,3.00,8.00,40.00,5.00,14345743,399
25.06,1547729226,297.59,51.51077455,7.47102037,154.43,7.43,-0.90,44.06,1,-103.00,-7.00,24.00,11.00,36.00,5.00,14345743,399
26.06,1547729227,305.01,51.51082736,7.47108239,153.91,6.65,-0.78,42.58,1,-103.00,-7.00,24.00,11.00,36.00,5.00,14345743,399
27.06,1547729228,311.66,51.51086504,7.47112488,152.93,5.01,-1.64,40.97,1,-102.00,-7.00,9.00,9.00,37.00,5.00,14345743,399
28.06,1547729229,316.67,51.51088541,7.47114715,152.82,2.61,-2.39,41.38,1,-102.00,-7.00,9.00,9.00,37.00,5.00,14345743,399
29.06,1547729230,319.28,51.51089722,7.47115147,152.72,0.85,-1.76,41.38,1,-100.00,-9.00,9.00,9.00,41.00,5.00,14345743,399
30.06,1547729231,320.13,51.51089722,7.47115147,152.71,0.00,-0.85,41.38,1,-100.00,-9.00,9.00,9.00,41.00,5.00,14345743,399
31.06,1547729232,320.13,51.51089722,7.47115147,152.71,0.00,0.00,41.38,1,-102.00,-7.00,5.00,8.00,38.00,5.00,14345743,399
32.06,1547729233,320.13,51.51089722,7.47115147,152.71,0.00,0.00,41.38,1,-102.00,-7.00,5.00,8.00,38.00,5.00,14345743,399
33.06,1547729234,320.13,51.51089722,7.47115147,152.73,0.00,0.00,41.38,1,-105.00,-12.00,3.00,10.00,40.00,5.00,14345743,399
34.06,1547729235,320.13,51.51089722,7.47115147,152.75,0.00,0.00,41.38,1,-105.00,-12.00,3.00,10.00,40.00,5.00,14345743,399
35.06,1547729236,320.13,51.51089722,7.47115147,152.77,0.00,0.00,41.38,1,-103.00,-8.00,3.00,10.00,38.00,5.00,14345743,399
36.06,1547729237,320.13,51.51089722,7.47115147,152.80,0.00,0.00,41.38,1,-103.00,-8.00,3.00,10.00,38.00,5.00,14345743,399
37.06,1547729238,320.13,51.51089722,7.47115147,152.83,0.00,0.00,41.38,1,-103.00,-7.00,25.00,12.00,36.00,5.00,14345743,399
38.06,1547729239,320.13,51.51089722,7.47115147,152.85,0.00,0.00,41.38,1,-103.00,-7.00,25.00,12.00,36.00,5.00,14345743,399
39.06,1547729240,320.13,51.51089722,7.47115147,152.88,0.00,0.00,41.38,1,-103.00,-9.00,10.00,8.00,38.00,5.00,14345743,399
40.06,1547729241,320.13,51.51089722,7.47115147,152.91,0.00,0.00,41.38,1,-103.00,-9.00,10.00,8.00,38.00,5.00,14345743,399
41.06,1547729242,320.13,51.51089722,7.47115147,152.93,0.00,0.00,41.38,1,-105.00,-8.00,8.00,4.00,36.00,5.00,14345743,399
42.06,1547729243,320.13,51.51089722,7.47115147,152.96,0.00,0.00,41.38,1,-105.00,-8.00,8.00,4.00,36.00,5.00,14345743,399
43.07,1547729244,320.13,51.51089722,7.47115147,152.98,0.00,0.00,41.38,1,-105.00,-10.00,7.00,7.00,37.00,5.00,14345743,399
44.06,1547729245,320.13,51.51089722,7.47115147,153.08,0.00,0.00,4.44,1,-105.00,-10.00,7.00,7.00,37.00,5.00,14345743,399
45.06,1547729246,320.13,51.51089722,7.47115147,153.15,0.00,0.00,39.74,1,-105.00,-10.00,7.00,7.00,37.00,5.00,14345743,399
46.06,1547729247,320.13,51.51103470,7.47125154,153.15,3.20,0.00,33.94,1,-98.00,-6.00,13.00,11.00,40.00,5.00,14345743,399
47.06,1547729248,323.33,51.51110827,7.47134235,152.18,7.45,4.25,37.67,1,-98.00,-6.00,13.00,11.00,40.00,5.00,14345743,399
48.06,1547729249,330.79,51.51120019,7.47145765,150.90,11.98,4.52,39.58,1,-99.00,-6.00,12.00,10.00,39.00,5.00,14345743,399
49.06,1547729250,342.77,51.51128801,7.47157350,149.56,12.79,0.81,40.23,1,-99.00,-6.00,12.00,10.00,39.00,5.00,14345743,399
50.06,1547729251,355.54,51.51138422,7.47169928,148.32,14.51,1.72,39.88,1,-99.00,-7.00,22.00,11.00,40.00,5.00,14345743,399
51.06,1547729252,370.05,51.51148214,7.47182386,146.91,14.71,0.20,39.51,1,-99.00,-7.00,22.00,11.00,40.00,5.00,14345743,399
52.06,1547729253,384.71,51.51157648,7.47194475,145.84,14.40,-0.31,39.34,1,-98.00,-9.00,14.00,11.00,43.00,5.00,14345743,399
53.06,1547729254,399.11,51.51167110,7.47207037,144.63,14.14,-0.26,39.72,1,-98.00,-9.00,14.00,11.00,43.00,5.00,14345743,399
54.06,1547729255,413.30,51.51177048,7.47219390,143.76,14.36,0.21,39.32,1,-97.00,-6.00,13.00,12.00,41.00,5.00,14345743,399
55.06,1547729256,427.65,51.51187080,7.47231714,143.11,14.30,-0.06,39.48,1,-97.00,-6.00,13.00,12.00,41.00,5.00,14345743,399
56.06,1547729257,441.95,51.51197142,7.47243754,142.55,14.41,0.12,38.58,1,-96.00,-9.00,22.00,14.00,45.00,5.00,14345743,399
57.06,1547729258,456.36,51.51206211,7.47254377,141.91,12.90,-1.51,37.19,1,-96.00,-9.00,22.00,14.00,45.00,5.00,14345743,399
58.06,1547729259,469.26,51.51215021,7.47264054,141.27,12.21,-0.69,33.98,1,-90.00,-8.00,25.00,14.00,50.00,5.00,14345743,399
59.06,1547729260,481.47,51.51223840,7.47271329,141.13,10.93,-1.28,30.12,1,-90.00,-8.00,25.00,14.00,50.00,5.00,14345743,399
60.06,1547729261,492.37,51.51233707,7.47275460,140.96,11.09,0.16,14.66,1,-84.00,-5.00,28.00,14.00,53.00,5.00,14345743,399
61.06,1547729262,503.52,51.51244873,7.47279305,141.42,12.00,0.91,12.69,1,-84.00,-5.00,28.00,14.00,53.00,5.00,14345743,399
62.06,1547729263,515.43,51.51257067,7.47282133,141.66,13.02,1.03,9.99,1,-85.00,-7.00,24.00,15.00,53.00,5.00,14345743,399
63.06,1547729264,528.50,51.51269673,7.47284102,142.08,13.70,0.67,7.91,1,-85.00,-7.00,24.00,15.00,53.00,5.00,14345743,399
64.07,1547729265,542.32,51.51283102,7.47285445,142.15,14.80,1.09,6.37,1,-93.00,-9.00,21.00,15.00,48.00,5.00,14345743,399
65.06,1547729266,556.98,51.51296263,7.47286818,142.11,14.77,-0.03,5.36,1,-93.00,-9.00,21.00,15.00,48.00,5.00,14345743,399
66.06,1547729267,571.75,51.51309448,7.47288490,142.17,14.93,0.16,4.82,1,-93.00,-9.00,21.00,15.00,48.00,5.00,14345743,399
67.06,1547729268,586.72,51.51322435,7.47289793,142.25,14.96,0.03,4.43,1,-101.00,-7.00,10.00,4.00,38.00,5.00,14345743,399
68.06,1547729269,601.68,51.51335797,7.47290724,142.75,14.98,0.01,3.64,1,-101.00,-7.00,10.00,4.00,38.00,5.00,14345743,399
69.06,1547729270,616.68,51.51349496,7.47291405,142.84,15.04,0.06,3.01,1,-104.00,-12.00,4.00,7.00,40.00,5.00,14345743,399
70.06,1547729271,631.70,51.51362354,7.47292926,143.42,15.23,0.19,3.20,1,-104.00,-12.00,4.00,7.00,40.00,5.00,14345743,399
71.06,1547729272,646.91,51.51375198,7.47293733,143.26,15.36,0.13,2.65,1,-103.00,-10.00,2.00,8.00,41.00,4.00,14345741,400
72.06,1547729273,662.25,51.51388081,7.47294531,142.95,14.97,-0.39,2.29,1,-103.00,-10.00,2.00,8.00,41.00,4.00,14345741,400
73.06,1547729274,677.22,51.51400068,7.47295354,142.65,13.66,-1.31,1.96,1,-100.00,-9.00,8.00,6.00,41.00,4.00,14345741,400
74.06,1547729275,690.86,51.51413282,7.47295939,141.94,14.66,1.00,1.88,1,-100.00,-9.00,8.00,6.00,41.00,4.00,14345741,400
75.06,1547729276,705.53,51.51427078,7.47296216,141.21,15.02,0.36,2.28,1,-97.00,-13.00,9.00,7.00,47.00,4.00,14345741,400
76.06,1547729277,720.59,51.51438536,7.47296337,140.72,12.33,-2.68,3.02,1,-97.00,-13.00,9.00,7.00,47.00,4.00,14345741,400
77.06,1547729278,732.91,51.51449431,7.47297038,140.18,11.20,-1.13,3.65,1,-101.00,-9.00,16.00,11.00,39.00,4.00,14345741,400
78.06,1547729279,744.11,51.51458120,7.47297414,140.33,8.66,-2.54,3.21,1,-101.00,-9.00,16.00,11.00,39.00,4.00,14345741,400
79.06,1547729280,752.77,51.51465168,7.47298091,141.66,7.46,-1.20,4.16,1,-102.00,-8.00,14.00,11.00,38.00,4.00,14345741,400
80.06,1547729281,760.20,51.51470808,7.47298674,143.39,6.34,-1.13,4.38,1,-102.00,-8.00,14.00,11.00,38.00,4.00,14345741,400
81.07,1547729282,766.58,51.51474620,7.47298444,146.49,4.43,-1.89,4.40,1,-100.00,-8.00,18.00,14.00,39.00,4.00,14345741,400
82.06,1547729283,770.98,51.51476485,7.47298423,146.75,1.96,-2.49,3.45,1,-100.00,-8.00,18.00,14.00,39.00,4.00,14345741,400
83.06,1547729284,772.94,51.51476497,7.47298429,146.93,0.51,-1.45,3.45,1,-102.00,-8.00,14.00,13.00,38.00,4.00,14345741,400
84.06,1547729285,773.45,51.51476497,7.47298429,146.93,0.00,-0.50,3.45,1,-102.00,-8.00,14.00,13.00,38.00,4.00,14345741,400
85.06,1547729286,773.45,51.51476497,7.47298429,146.92,0.00,0.00,3.45,1,-103.00,-10.00,12.00,8.00,39.00,4.00,14345741,400
86.06,1547729287,773.45,51.51476497,7.47298429,146.90,0.00,0.00,3.45,1,-103.00,-10.00,12.00,8.00,39.00,4.00,14345741,400
87.06,1547729288,773.45,51.51476497,7.47298429,146.86,0.00,0.00,3.45,1,-103.00,-10.00,12.00,8.00,39.00,4.00,14345741,400
88.06,1547729289,773.45,51.51476497,7.47298429,146.82,0.00,0.00,3.45,1,-105.00,-9.00,14.00,7.00,35.00,4.00,14345741,400
89.06,1547729290,773.45,51.51476497,7.47298429,146.78,0.00,0.00,3.45,1,-105.00,-9.00,14.00,7.00,35.00,4.00,14345741,400
90.06,1547729291,773.45,51.51476497,7.47298429,146.74,0.00,0.00,3.45,1,-105.00,-10.00,7.00,9.00,36.00,4.00,14345741,400
91.06,1547729292,773.45,51.51476497,7.47298429,146.70,0.00,0.00,3.45,1,-105.00,-10.00,7.00,9.00,36.00,4.00,14345741,400
92.06,1547729293,773.45,51.51476497,7.47298429,146.67,0.00,0.00,3.45,1,-104.00,-11.00,9.00,11.00,38.00,4.00,14345741,400
93.06,1547729294,773.45,51.51476497,7.47298429,146.63,0.00,0.00,3.45,1,-104.00,-11.00,9.00,11.00,38.00,4.00,14345741,400
94.06,1547729295,773.45,51.51476497,7.47298429,146.60,0.00,0.00,3.45,1,-104.00,-8.00,9.00,11.00,36.00,4.00,14345741,400
95.06,1547729296,773.45,51.51476497,7.47298429,146.57,0.00,0.00,3.45,1,-104.00,-8.00,9.00,11.00,36.00,4.00,14345741,400
96.06,1547729297,773.45,51.51476497,7.47298429,146.54,0.00,0.00,3.45,1,-103.00,-10.00,9.00,9.00,38.00,4.00,14345741,400
97.06,1547729298,773.45,51.51476497,7.47298429,146.51,0.00,0.00,3.45,1,-103.00,-10.00,9.00,9.00,38.00,4.00,14345741,400
98.06,1547729299,773.45,51.51476497,7.47298429,146.49,0.00,0.00,3.45,1,-104.00,-10.00,11.00,8.00,37.00,4.00,14345741,400
99.06,1547729300,773.45,51.51476497,7.47298429,146.48,0.00,0.00,3.45,1,-104.00,-10.00,11.00,8.00,37.00,4.00,14345741,400
100.06,1547729301,773.45,51.51476497,7.47298429,146.48,0.00,0.00,3.45,1,-103.00,-10.00,4.00,8.00,38.00,4.00,14345741,400
101.06,1547729302,773.45,51.51476497,7.47298429,146.49,0.00,0.00,3.45,1,-103.00,-10.00,4.00,8.00,38.00,4.00,14345741,400
102.06,1547729303,773.45,51.51476497,7.47298429,146.49,0.00,0.00,3.45,1,-103.00,-10.00,10.00,11.00,38.00,4.00,14345741,400
103.07,1547729304,773.45,51.51476497,7.47298429,146.50,0.00,0.00,3.45,1,-103.00,-10.00,10.00,11.00,38.00,4.00,14345741,400
104.06,1547729305,773.45,51.51476497,7.47298429,146.51,0.00,0.00,3.45,1,-103.00,-13.00,10.00,7.00,41.00,4.00,14345741,400
105.06,1547729306,773.45,51.51476497,7.47298429,146.52,0.00,0.00,3.45,1,-103.00,-13.00,10.00,7.00,41.00,4.00,14345741,400
106.06,1547729307,773.45,51.51476497,7.47298429,146.53,0.00,0.00,3.45,1,-103.00,-9.00,19.00,9.00,37.00,4.00,14345741,400
107.06,1547729308,773.45,51.51476497,7.47298429,146.54,0.00,0.00,3.45,1,-103.00,-9.00,19.00,9.00,37.00,4.00,14345741,400
108.07,1547729309,773.45,51.51476497,7.47298429,146.55,0.00,0.00,3.45,1,-103.00,-8.00,15.00,9.00,36.00,4.00,14345741,400
109.06,1547729310,773.45,51.51476497,7.47298429,146.56,0.00,0.00,3.45,1,-103.00,-8.00,15.00,9.00,36.00,4.00,14345741,400
110.08,1547729311,773.45,51.51476497,7.47298429,146.57,0.00,0.00,3.45,1,-102.00,-11.00,6.00,7.00,41.00,4.00,14345741,400
111.06,1547729312,773.45,51.51476497,7.47298429,146.58,0.00,0.00,3.45,1,-102.00,-11.00,6.00,7.00,41.00,4.00,14345741,400
112.06,1547729313,773.45,51.51476497,7.47298429,146.59,0.00,0.00,3.45,1,-102.00,-11.00,6.00,7.00,41.00,4.00,14345741,400
113.06,1547729314,773.45,51.51476497,7.47298429,146.59,0.00,0.00,3.45,1,-103.00,-9.00,13.00,10.00,37.00,4.00,14345741,400
114.06,1547729315,773.45,51.51476497,7.47298429,146.59,0.00,0.00,3.45,1,-103.00,-9.00,13.00,10.00,37.00,4.00,14345741,400
115.06,1547729316,773.45,51.51476497,7.47298429,146.57,0.00,0.00,3.45,1,-103.00,-8.00,17.00,10.00,37.00,4.00,14345741,400
116.06,1547729317,773.45,51.51476497,7.47298429,146.56,0.00,0.00,3.45,1,-103.00,-8.00,17.00,10.00,37.00,4.00,14345741,400
117.06,1547729318,773.45,51.51476497,7.47298429,146.54,0.00,0.00,3.45,1,-103.00,-9.00,10.00,9.00,37.00,4.00,14345741,400
118.06,1547729319,773.45,51.51476497,7.47298429,146.53,0.00,0.00,3.45,1,-103.00,-9.00,10.00,9.00,37.00,4.00,14345741,400
119.06,1547729320,773.45,51.51476497,7.47298429,146.52,0.00,0.00,3.45,1,-104.00,-8.00,12.00,9.00,36.00,4.00,14345741,400
120.06,1547729321,773.45,51.51476497,7.47298429,146.52,0.00,0.00,3.45,1,-104.00,-8.00,12.00,9.00,36.00,4.00,14345741,400
121.06,1547729322,773.45,51.51476497,7.47298429,146.51,0.00,0.00,3.45,1,-102.00,-11.00,5.00,7.00,40.00,4.00,14345741,400
122.06,1547729323,773.45,51.51476497,7.47298429,146.51,0.00,0.00,3.45,1,-102.00,-11.00,5.00,7.00,40.00,4.00,14345741,400
123.06,1547729324,773.45,51.51476497,7.47298429,146.50,0.00,0.00,3.45,1,-103.00,-10.00,10.00,9.00,38.00,4.00,14345741,400
124.06,1547729325,773.45,51.51476497,7.47298429,146.51,0.00,0.00,3.45,1,-103.00,-10.00,10.00,9.00,38.00,4.00,14345741,400
125.06,1547729326,773.45,51.51476497,7.47298429,146.55,0.00,0.00,1.04,1,-102.00,-11.00,11.00,6.00,41.00,4.00,14345741,400
126.06,1547729327,773.45,51.51484499,7.47298806,147.36,0.00,0.00,3.51,1,-102.00,-11.00,11.00,6.00,41.00,4.00,14345741,400
127.06,1547729328,773.45,51.51491844,7.47299440,147.69,8.14,0.00,3.12,1,-102.00,-8.00,12.00,9.00,37.00,4.00,14345741,400
128.06,1547729329,781.59,51.51500448,7.47299905,147.74,9.78,1.65,2.21,1,-102.00,-8.00,12.00,9.00,37.00,4.00,14345741,400
129.06,1547729330,791.37,51.51509647,7.47300700,147.29,10.66,0.88,1.54,1,-104.00,-7.00,13.00,11.00,35.00,4.00,14345741,400
130.06,1547729331,801.99,51.51519093,7.47301371,145.79,10.28,-0.38,0.21,1,-104.00,-7.00,13.00,11.00,35.00,4.00,14345741,400
131.07,1547729332,812.40,51.51528492,7.47300816,144.44,10.29,0.01,357.89,1,-101.00,-9.00,14.00,8.00,40.00,4.00,14345741,400
132.06,1547729333,822.56,51.51538011,7.47299233,143.70,11.06,0.78,354.49,1,-101.00,-9.00,14.00,8.00,40.00,4.00,14345741,400
133.06,1547729334,833.63,51.51548857,7.47296325,142.70,12.81,1.74,351.36,1,-101.00,-9.00,14.00,8.00,40.00,4.00,14345741,400
134.07,1547729335,846.51,51.51559769,7.47291937,142.01,13.43,0.62,348.49,1,-99.00,-8.00,14.00,15.00,41.00,4.00,14345741,400
135.06,1547729336,859.91,51.51571748,7.47285203,141.29,14.74,1.32,344.63,1,-99.00,-8.00,14.00,15.00,41.00,4.00,14345741,400
136.06,1547729337,874.66,51.51583945,7.47277971,140.66,15.07,0.33,342.09,1,-102.00,-7.00,14.00,11.00,37.00,4.00,14345741,400
137.06,1547729338,889.70,51.51596413,7.47269112,140.00,15.62,0.54,339.31,1,-102.00,-7.00,14.00,11.00,37.00,4.00,14345741,400
138.06,1547729339,905.31,51.51606938,7.47253685,139.17,15.60,-0.01,321.26,1,-104.00,-7.00,11.00,8.00,36.00,4.00,14345741,400
139.06,1547729340,920.92,51.51616680,7.47238707,138.88,14.94,-0.66,319.26,1,-104.00,-7.00,11.00,8.00,36.00,4.00,14345741,400
140.06,1547729341,935.80,51.51625794,7.47223153,138.35,14.31,-0.64,316.58,1,-102.00,-8.00,13.00,5.00,37.00,4.00,14345741,400
141.06,1547729342,950.18,51.51633630,7.47207224,137.85,13.53,-0.77,312.71,1,-102.00,-8.00,13.00,5.00,37.00,4.00,14345741,400
142.06,1547729343,963.68,51.51640849,7.47190795,136.62,12.93,-0.60,309.60,1,-105.00,-8.00,11.00,9.00,36.00,4.00,14345741,400
143.06,1547729344,976.62,51.51647690,7.47173594,135.26,13.65,0.73,305.85,1,-105.00,-8.00,11.00,9.00,36.00,4.00,14345741,400
144.06,1547729345,990.28,51.51654159,7.47154272,134.09,14.86,1.20,301.92,1,-104.00,-8.00,12.00,9.00,36.00,4.00,14345741,400
145.06,1547729346,1005.14,51.51660250,7.47133899,133.09,15.65,0.79,299.14,1,-104.00,-8.00,12.00,9.00,36.00,4.00,14345741,400
146.06,1547729347,1020.79,51.51665577,7.47112152,132.68,16.02,0.37,297.09,1,-105.00,-9.00,11.00,9.00,36.00,4.00,14345741,400
147.06,1547729348,1036.77,51.51669959,7.47093825,132.80,13.60,-2.42,296.31,1,-105.00,-9.00,11.00,9.00,36.00,4.00,14345741,400
148.06,1547729349,1050.42,51.51673544,7.47076394,133.63,12.36,-1.24,295.55,1,-107.00,-11.00,10.00,7.00,36.00,4.00,14345741,400
149.06,1547729350,1062.78,51.51676935,7.47060415,134.55,11.01,-1.35,295.11,1,-107.00,-11.00,10.00,7.00,36.00,4.00,14345741,400
150.06,1547729351,1073.77,51.51679840,7.47047159,135.18,9.31,-1.70,294.27,1,-109.00,-9.00,6.00,4.00,33.00,4.00,14345741,400
151.06,1547729352,1083.10,51.51682472,7.47036106,135.48,8.01,-1.30,293.67,1,-109.00,-9.00,6.00,4.00,33.00,4.00,14345741,400
152.07,1547729353,1091.17,51.51684551,7.47025534,135.90,7.51,-0.50,292.99,1,-108.00,-10.00,10.00,8.00,35.00,4.00,14345741,400
153.06,1547729354,1098.64,51.51686429,7.47015585,136.55,7.01,-0.51,293.50,1,-108.00,-10.00,10.00,8.00,35.00,4.00,14345741,400
154.06,1547729355,1105.61,51.51688637,7.47004754,137.03,7.34,0.34,293.42,1,-108.00,-10.00,10.00,8.00,35.00,4.00,14345741,400
155.06,1547729356,1112.97,51.51691754,7.46991850,136.51,8.13,0.79,292.87,1,-112.00,-13.00,7.00,6.00,33.00,4.00,14345741,400
156.06,1547729357,1121.10,51.51694661,7.46979229,135.49,8.27,0.14,291.94,1,-112.00,-13.00,7.00,6.00,33.00,4.00,14345741,400
157.07,1547729358,1129.39,51.51697107,7.46965643,135.69,8.57,0.31,290.29,1,-114.00,-11.00,3.00,5.00,29.00,4.00,14345741,400
158.06,1547729359,1137.96,51.51699449,7.46951736,136.35,8.99,0.41,289.92,1,-114.00,-11.00,3.00,5.00,29.00,4.00,14345741,400
159.06,1547729360,1146.94,51.51701516,7.46937311,137.59,9.68,0.69,288.92,1,-113.00,-10.00,2.00,5.00,29.00,4.00,14345741,400
160.06,1547729361,1156.57,51.51704026,7.46923731,138.72,10.02,0.34,289.06,1,-113.00,-10.00,2.00,5.00,29.00,4.00,14345741,400
161.06,1547729362,1166.63,51.51706657,7.46909933,139.35,10.15,0.14,288.44,1,-94.00,-14.00,-2.00,3.00,45.00,12.00,12903169,15
162.06,1547729363,1176.79,51.51709612,7.46895067,139.24,10.67,0.52,288.00,1,-94.00,-14.00,-2.00,3.00,45.00,12.00,12903169,15
163.06,1547729364,1187.45,51.51713005,7.46879573,138.07,11.61,0.94,287.23,1,-95.00,-15.00,-1.00,5.00,46.00,12.00,12903169,15
164.06,1547729365,1199.06,51.51716581,7.46863268,135.81,11.82,0.21,287.31,1,-95.00,-15.00,-1.00,5.00,46.00,12.00,12903169,15
165.06,1547729366,1210.87,51.51719851,7.46846203,134.34,11.95,0.13,288.41,1,-93.00,-12.00,-1.00,5.00,45.00,12.00,12903169,15
166.06,1547729367,1222.82,51.51723335,7.46827863,133.74,12.34,0.40,290.04,1,-93.00,-12.00,-1.00,5.00,45.00,12.00,12903169,15
167.06,1547729368,1235.18,51.51727465,7.46809315,133.78,12.92,0.57,291.21,1,-94.00,-13.00,-2.00,5.00,44.00,12.00,12903169,15
168.06,1547729369,1248.09,51.51732058,7.46790729,134.29,13.19,0.27,292.37,1,-94.00,-13.00,-2.00,5.00,44.00,12.00,12903169,15
169.06,1547729370,1261.29,51.51736646,7.46773131,135.15,12.87,-0.32,293.49,1,-95.00,-16.00,-3.00,5.00,46.00,12.00,12903169,15
170.06,1547729371,1274.15,51.51741442,7.46757510,135.35,11.67,-1.20,294.57,1,-95.00,-16.00,-3.00,5.00,46.00,12.00,12903169,15
171.06,1547729372,1285.83,51.51745912,7.46743917,135.18,10.30,-1.37,295.69,1,-94.00,-16.00,-5.00,3.00,46.00,12.00,12903169,15
172.06,1547729373,1296.13,51.51750073,7.46731718,135.24,9.59,-0.71,296.13,1,-94.00,-16.00,-5.00,3.00,46.00,12.00,12903169,15
173.07,1547729374,1305.80,51.51754161,7.46721465,135.26,9.54,-0.05,295.35,1,-96.00,-18.00,-8.00,2.00,47.00,12.00,12903169,15
174.06,1547729375,1315.25,51.51758289,7.46708575,135.26,10.59,1.07,294.24,1,-96.00,-18.00,-8.00,2.00,47.00,12.00,12903169,15
175.06,1547729376,1325.84,51.51762117,7.46694628,134.87,10.75,0.16,292.57,1,-96.00,-18.00,-8.00,2.00,47.00,12.00,12903169,15
176.06,1547729377,1336.59,51.51765617,7.46681098,134.96,10.90,0.14,290.92,1,-96.00,-18.00,-7.00,2.00,46.00,12.00,12903169,15
177.06,1547729378,1347.48,51.51768935,7.46666786,134.59,10.73,-0.17,289.28,1,-96.00,-18.00,-7.00,2.00,46.00,12.00,12903169,15
178.06,1547729379,1358.21,51.51771974,7.46652280,134.57,11.08,0.34,287.63,1,-97.00,-19.00,-10.00,1.00,47.00,12.00,12903169,15
179.06,1547729380,1369.29,51.51774883,7.46636975,133.89,11.16,0.08,286.27,1,-97.00,-19.00,-10.00,1.00,47.00,12.00,12903169,15
180.06,1547729381,1380.46,51.51777328,7.46621503,133.81,11.45,0.29,284.41,1,-94.00,-15.00,-10.00,5.00,46.00,22.00,14122754,176
181.06,1547729382,1391.91,51.51779229,7.46606481,133.90,11.21,-0.24,282.53,1,-94.00,-15.00,-10.00,5.00,46.00,22.00,14122754,176
182.08,1547729383,1403.28,51.51780800,7.46592970,134.16,9.70,-1.49,281.46,1,-91.00,-16.00,-6.00,5.00,50.00,22.00,14122754,176
183.07,1547729384,1412.85,51.51781859,7.46579858,135.09,9.11,-0.59,278.78,1,-91.00,-16.00,-6.00,5.00,50.00,22.00,14122754,176
184.06,1547729385,1421.95,51.51782805,7.46565769,135.46,9.34,0.23,277.20,1,-89.00,-14.00,-1.00,5.00,50.00,22.00,14122754,176
185.06,1547729386,1431.30,51.51783592,7.46549824,135.44,10.36,1.02,275.67,1,-89.00,-14.00,-1.00,5.00,50.00,22.00,14122754,176
186.06,1547729387,1441.64,51.51784129,7.46533927,135.52,10.69,0.33,274.15,1,-95.00,-19.00,-7.00,1.00,48.00,11.00,13420546,176
187.06,1547729388,1452.33,51.51784523,7.46519373,135.79,9.84,-0.85,272.13,1,-95.00,-19.00,-7.00,1.00,48.00,11.00,13420546,176
188.06,1547729389,1462.17,51.51784525,7.46504396,136.05,10.05,0.21,270.28,1,-89.00,-14.00,-4.00,5.00,50.00,11.00,13420546,139
189.07,1547729390,1472.24,51.51784012,7.46489717,135.90,10.36,0.31,268.36,1,-89.00,-14.00,-4.00,5.00,50.00,11.00,13420546,139
190.07,1547729391,1482.61,51.51783176,7.46474616,135.52,10.67,0.31,266.52,1,-90.00,-14.00,-2.00,5.00,50.00,11.00,13420546,139
191.06,1547729392,1493.26,51.51781983,7.46459732,134.64,10.43,-0.25,264.84,1,-90.00,-14.00,-2.00,5.00,50.00,11.00,13420546,139
192.06,1547729393,1503.67,51.51780452,7.46445483,133.62,10.17,-0.26,262.83,1,-89.00,-13.00,0.00,7.00,49.00,11.00,13420546,139
193.06,1547729394,1513.81,51.51778642,7.46431743,132.74,10.14,-0.03,260.12,1,-89.00,-13.00,0.00,7.00,49.00,11.00,13420546,139
194.07,1547729395,1524.04,51.51776793,7.46419549,132.02,10.14,0.00,261.47,1,-87.00,-12.00,2.00,6.00,51.00,11.00,13420546,139
195.06,1547729396,1534.11,51.51772763,7.46404483,130.24,10.73,0.59,251.56,1,-87.00,-12.00,2.00,6.00,51.00,11.00,13420546,139
196.06,1547729397,1544.84,51.51769093,7.46387588,129.19,10.61,-0.11,251.20,1,-87.00,-12.00,2.00,6.00,51.00,11.00,13420546,139
197.06,1547729398,1555.46,51.51765687,7.46371518,127.84,10.62,0.01,250.48,1,-90.00,-15.00,1.00,6.00,49.00,11.00,13420546,139
198.06,1547729399,1566.08,51.51762253,7.46356520,126.97,10.35,-0.27,249.78,1,-90.00,-15.00,1.00,6.00,49.00,11.00,13420546,139
199.06,1547729400,1576.44,51.51758068,7.46343637,126.23,10.14,-0.20,249.10,1,-95.00,-17.00,-2.00,3.00,46.00,11.00,13420546,139
200.07,1547729401,1586.59,51.51754400,7.46329185,126.41,10.48,0.34,248.43,1,-95.00,-17.00,-2.00,3.00,46.00,11.00,13420546,139
201.06,1547729402,1597.06,51.51750933,7.46315055,126.18,10.03,-0.45,248.07,1,-97.00,-19.00,-7.00,1.00,47.00,11.00,13420546,139
202.06,1547729403,1607.09,51.51747685,7.46301749,125.63,9.54,-0.48,247.53,1,-97.00,-19.00,-7.00,1.00,47.00,11.00,13420546,139
203.06,1547729404,1616.63,51.51744331,7.46289072,124.86,9.07,-0.47,246.82,1,-97.00,-19.00,-8.00,1.00,46.00,11.00,13420546,139
204.06,1547729405,1625.71,51.51741040,7.46276601,124.23,9.03,-0.05,247.54,1,-97.00,-19.00,-8.00,1.00,46.00,11.00,13420546,139
205.06,1547729406,1634.70,51.51737817,7.46263499,123.49,9.52,0.50,248.20,1,-95.00,-19.00,-8.00,2.00,48.00,6.00,12899842,139
206.06,1547729407,1644.24,51.51734563,7.46249324,122.95,10.92,1.40,247.36,1,-95.00,-19.00,-8.00,2.00,48.00,6.00,12899842,139
207.07,1547729408,1655.19,51.51731153,7.46234712,122.92,11.14,0.22,248.10,1,-86.00,-13.00,-4.00,6.00,52.00,6.00,12899842,19
208.06,1547729409,1666.27,51.51727771,7.46220361,122.87,11.26,0.13,249.23,1,-86.00,-13.00,-4.00,6.00,52.00,6.00,12899842,19
209.07,1547729410,1677.59,51.51723841,7.46205252,123.23,11.36,0.10,249.94,1,-106.00,-14.00,0.00,7.00,40.00,6.00,12899854,16
210.06,1547729411,1688.94,51.51719915,7.46189118,122.91,11.60,0.24,250.91,1,-106.00,-14.00,0.00,7.00,40.00,6.00,12899854,16
211.06,1547729412,1700.52,51.51716087,7.46172687,122.28,12.13,0.54,251.30,1,-102.00,-13.00,2.00,7.00,42.00,6.00,12899854,16
212.06,1547729413,1712.62,51.51712700,7.46155128,122.11,13.29,1.17,252.44,1,-102.00,-13.00,2.00,7.00,42.00,6.00,12899854,16
213.06,1547729414,1725.95,51.51709899,7.46138522,122.39,13.00,-0.30,254.47,1,-102.00,-13.00,4.00,10.00,43.00,6.00,12899854,16
214.06,1547729415,1738.95,51.51706266,7.46121288,122.85,13.39,0.39,253.95,1,-102.00,-13.00,4.00,10.00,43.00,6.00,12899854,16
215.07,1547729416,1752.45,51.51702656,7.46102933,123.56,14.02,0.63,253.61,1,-99.00,-11.00,6.00,7.00,45.00,6.00,12899854,16
216.06,1547729417,1766.35,51.51698594,7.46083602,124.32,14.15,0.13,252.65,1,-99.00,-11.00,6.00,7.00,45.00,6.00,12899854,16
217.06,1547729418,1780.49,51.51694807,7.46065783,125.52,13.50,-0.65,253.28,1,-99.00,-11.00,6.00,7.00,45.00,6.00,12899854,16
218.06,1547729419,1793.96,51.51690810,7.46047148,126.90,13.66,0.16,252.52,1,-91.00,-11.00,6.00,7.00,52.00,6.00,12899854,16
219.06,1547729420,1807.62,51.51687148,7.46029571,127.86,12.90,-0.76,253.39,1,-91.00,-11.00,6.00,7.00,52.00,6.00,12899854,16
220.06,1547729421,1820.52,51.51684231,7.46012613,128.90,12.17,-0.74,253.97,1,-94.00,-8.00,10.00,8.00,46.00,6.00,12899854,16
221.06,1547729422,1832.69,51.51681067,7.45995678,130.00,11.98,-0.18,254.57,1,-94.00,-8.00,10.00,8.00,46.00,6.00,12899854,16
222.06,1547729423,1844.67,51.51678302,7.45978862,130.91,11.58,-0.40,255.18,1,-98.00,-9.00,9.00,8.00,42.00,6.00,12899854,16
223.06,1547729424,1856.25,51.51675540,7.45962339,131.54,11.50,-0.09,255.91,1,-98.00,-9.00,9.00,8.00,42.00,6.00,12899854,16
224.06,1547729425,1867.76,51.51673051,7.45945579,131.71,11.77,0.27,256.59,1,-97.00,-9.00,9.00,10.00,43.00,6.00,12899854,16
225.06,1547729426,1879.51,51.51670765,7.45928916,131.98,11.79,0.02,257.13,1,-97.00,-9.00,9.00,10.00,43.00,6.00,12899854,16
226.06,1547729427,1891.30,51.51669073,7.45914480,131.59,10.34,-1.45,258.13,1,-95.00,-7.00,12.00,9.00,44.00,6.00,12899854,16
227.06,1547729428,1901.65,51.51667346,7.45901157,132.11,9.09,-1.25,258.97,1,-95.00,-7.00,12.00,9.00,44.00,6.00,12899854,16
228.06,1547729429,1910.74,51.51665929,7.45888888,132.75,8.10,-0.99,260.09,1,-92.00,-10.00,11.00,12.00,50.00,6.00,12899854,16
229.06,1547729430,1918.84,51.51664784,7.45876959,132.93,8.52,0.42,260.58,1,-92.00,-10.00,11.00,12.00,50.00,6.00,12899854,16
230.06,1547729431,1927.35,51.51663647,7.45864723,133.45,9.31,0.79,261.00,1,-89.00,-7.00,12.00,10.00,50.00,6.00,12899854,16
231.06,1547729432,1936.66,51.51662404,7.45853118,133.82,9.29,-0.02,260.68,1,-89.00,-7.00,12.00,10.00,50.00,6.00,12899854,16
232.06,1547729433,1945.93,51.51661152,7.45841989,134.54,8.48,-0.82,260.29,1,-87.00,-8.00,14.00,11.00,54.00,6.00,12899854,16
233.06,1547729434,1954.43,51.51659602,7.45830939,135.21,7.96,-0.52,259.22,1,-87.00,-8.00,14.00,11.00,54.00,6.00,12899854,16
234.06,1547729435,1962.37,51.51658204,7.45819425,135.58,7.89,-0.07,258.85,1,-86.00,-8.00,17.00,15.00,55.00,6.00,12899854,16
235.06,1547729436,1970.28,51.51656666,7.45807980,135.83,7.12,-0.76,259.66,1,-86.00,-8.00,17.00,15.00,55.00,6.00,12899854,16
236.07,1547729437,1977.44,51.51655370,7.45796850,136.11,7.09,-0.03,258.36,1,-85.00,-8.00,18.00,15.00,55.00,6.00,12899854,16
237.06,1547729438,1984.48,51.51653987,7.45787863,136.16,6.04,-1.05,258.89,1,-85.00,-8.00,18.00,15.00,55.00,6.00,12899854,16
238.06,1547729439,1990.52,51.51652816,7.45779024,136.28,5.51,-0.53,261.07,1,-85.00,-8.00,18.00,15.00,55.00,6.00,12899854,16
239.06,1547729440,1996.03,51.51651521,7.45769464,136.85,5.74,0.23,259.73,1,-85.00,-9.00,14.00,9.00,56.00,6.00,12899854,16
240.06,1547729441,2001.75,51.51649976,7.45761750,137.55,4.14,-1.61,258.58,1,-85.00,-9.00,14.00,9.00,56.00,6.00,12899854,16
241.06,1547729442,2005.90,51.51648862,7.45755685,137.61,3.34,-0.80,260.98,1,-85.00,-8.00,16.00,1.00,55.00,6.00,12899854,16
242.06,1547729443,2009.23,51.51648263,7.45751557,137.71,2.09,-1.25,258.75,1,-85.00,-8.00,16.00,1.00,55.00,6.00,12899854,16
243.06,1547729444,2011.32,51.51648217,7.45748374,137.79,0.67,-1.42,258.75,1,-84.00,-9.00,16.00,15.00,57.00,6.00,12899854,16
244.06,1547729445,2011.99,51.51647712,7.45745410,137.82,0.76,0.09,258.75,1,-84.00,-9.00,16.00,15.00,57.00,6.00,12899854,16
245.06,1547729446,2012.75,51.51647712,7.45745410,137.82,0.00,-0.76,258.75,1,-89.00,-8.00,14.00,12.00,53.00,6.00,12899854,16
246.06,1547729447,2012.75,51.51647712,7.45745410,137.81,0.00,0.00,258.75,1,-89.00,-8.00,14.00,12.00,53.00,6.00,12899854,16
247.06,1547729448,2012.75,51.51647712,7.45745410,137.80,0.00,0.00,258.75,1,-88.00,-9.00,11.00,12.00,53.00,6.00,12899854,16
248.06,1547729449,2012.75,51.51647712,7.45745410,137.80,0.00,0.00,258.75,1,-88.00,-9.00,11.00,12.00,53.00,6.00,12899854,16
249.06,1547729450,2012.75,51.51647712,7.45745410,137.79,0.00,0.00,258.75,1,-88.00,-8.00,11.00,5.00,52.00,6.00,12899854,16
250.06,1547729451,2012.75,51.51647712,7.45745410,137.70,0.00,0.00,259.59,1,-88.00,-8.00,11.00,5.00,52.00,6.00,12899854,16
251.06,1547729452,2012.75,51.51647712,7.45745410,137.65,0.00,0.00,253.65,1,-82.00,-8.00,13.00,1.00,58.00,6.00,12899854,16
252.06,1547729453,2012.75,51.51645347,7.45730969,137.57,3.84,0.00,252.79,1,-82.00,-8.00,13.00,1.00,58.00,6.00,12899854,16
253.06,1547729454,2016.60,51.51643999,7.45721711,137.05,5.74,1.89,259.29,1,-86.00,-8.00,14.00,12.00,54.00,6.00,12899854,16
254.06,1547729455,2022.35,51.51642228,7.45711619,136.56,6.68,0.94,257.72,1,-86.00,-8.00,14.00,12.00,54.00,6.00,12899854,16
255.06,1547729456,2029.02,51.51640112,7.45701098,136.00,6.84,0.16,253.73,1,-82.00,-8.00,16.00,12.00,57.00,6.00,12899854,16
256.06,1547729457,2035.87,51.51637303,7.45689627,135.73,7.42,0.58,252.97,1,-82.00,-8.00,16.00,12.00,57.00,6.00,12899854,16
257.07,1547729458,2043.34,51.51634968,7.45679551,134.44,7.43,0.01,252.35,1,-86.00,-9.00,13.00,9.00,53.00,6.00,12899854,16
258.06,1547729459,2050.72,51.51631339,7.45666481,132.60,9.21,1.79,249.65,1,-86.00,-9.00,13.00,9.00,53.00,6.00,12899854,16
259.06,1547729460,2059.93,51.51626944,7.45653073,132.03,9.64,0.43,247.06,1,-86.00,-9.00,13.00,9.00,53.00,6.00,12899854,16
260.06,1547729461,2069.56,51.51622492,7.45640135,131.68,9.53,-0.11,244.38,1,-84.00,-8.00,10.00,9.00,55.00,6.00,12899854,16
261.06,1547729462,2079.07,51.51617547,7.45626665,130.86,9.28,-0.25,242.51,1,-84.00,-8.00,10.00,9.00,55.00,6.00,12899854,16
262.06,1547729463,2088.40,51.51612788,7.45613432,130.57,9.61,0.33,242.03,1,-83.00,-8.00,10.00,12.00,58.00,6.00,12899854,16
263.06,1547729464,2098.00,51.51607927,7.45601539,130.14,8.68,-0.93,239.03,1,-83.00,-8.00,10.00,12.00,58.00,6.00,12899854,16
264.06,1547729465,2106.65,51.51603190,7.45589666,129.89,8.76,0.08,236.78,1,-82.00,-9.00,8.00,12.00,59.00,4.00,13404431,488
265.06,1547729466,2115.43,51.51597697,7.45578011,129.72,9.47,0.71,234.22,1,-82.00,-9.00,8.00,12.00,59.00,4.00,13404431,488
266.06,1547729467,2124.89,51.51591332,7.45566294,129.73,10.00,0.53,230.98,1,-82.00,-7.00,20.00,15.00,57.00,4.00,13404431,488
267.06,1547729468,2134.90,51.51584902,7.45555817,129.93,9.40,-0.61,228.28,1,-82.00,-7.00,20.00,15.00,57.00,4.00,13404431,488
268.06,1547729469,2144.30,51.51577549,7.45545622,130.45,9.43,0.03,225.03,1,-83.00,-9.00,17.00,15.00,59.00,4.00,13404431,488
269.06,1547729470,2153.72,51.51568396,7.45537096,130.92,10.69,1.26,209.87,1,-83.00,-9.00,17.00,15.00,59.00,4.00,13404431,488
270.06,1547729471,2164.38,51.51559544,7.45528183,129.97,10.91,0.21,209.20,1,-80.00,-10.00,16.00,13.00,63.00,4.00,13404431,488
271.07,1547729472,2175.40,51.51550244,7.45519698,128.67,11.61,0.69,207.48,1,-80.00,-10.00,16.00,13.00,63.00,4.00,13404431,488
272.06,1547729473,2186.90,51.51541239,7.45513050,128.02,11.04,-0.57,204.61,1,-78.00,-9.00,19.00,11.00,63.00,4.00,13404431,488
273.06,1547729474,2197.97,51.51530884,7.45511831,128.07,11.56,0.52,184.19,1,-78.00,-9.00,19.00,11.00,63.00,4.00,13404431,488
274.06,1547729475,2209.52,51.51520182,7.45511017,129.79,11.92,0.36,182.09,1,-83.00,-7.00,14.00,11.00,57.00,4.00,13404431,488
275.06,1547729476,2221.44,51.51509451,7.45511900,131.22,12.24,0.33,179.43,1,-83.00,-7.00,14.00,11.00,57.00,4.00,13404431,488
276.06,1547729477,2233.68,51.51497953,7.45514205,132.45,12.71,0.46,177.57,1,-78.00,-7.00,15.00,12.00,63.00,4.00,13404431,488
277.06,1547729478,2246.35,51.51485617,7.45517308,133.95,13.45,0.75,175.63,1,-78.00,-7.00,15.00,12.00,63.00,4.00,13404431,488
278.07,1547729479,2259.97,51.51472483,7.45520944,134.88,14.39,0.93,174.17,1,-82.00,-8.00,7.00,8.00,59.00,4.00,13404431,488
279.06,1547729480,2274.22,51.51458874,7.45524800,135.02,14.75,0.36,173.50,1,-82.00,-8.00,7.00,8.00,59.00,4.00,13404431,488
280.06,1547729481,2288.96,51.51444534,7.45530111,134.48,15.26,0.51,172.92,1,-82.00,-8.00,7.00,8.00,59.00,4.00,13404431,488
281.07,1547729482,2304.39,51.51430698,7.45534728,133.95,14.83,-0.42,172.35,1,-73.00,-7.00,14.00,12.00,63.00,4.00,13404431,488
282.06,1547729483,2319.04,51.51417393,7.45538617,133.36,14.50,-0.34,171.95,1,-73.00,-7.00,14.00,12.00,63.00,4.00,13404431,488
283.06,1547729484,2333.57,51.51404762,7.45542703,133.19,13.79,-0.71,171.52,1,-80.00,-11.00,12.00,10.00,63.00,4.00,13404431,488
284.06,1547729485,2347.36,51.51392676,7.45546711,133.67,12.98,-0.81,170.94,1,-80.00,-11.00,12.00,10.00,63.00,4.00,13404431,488
285.06,1547729486,2360.33,51.51380815,7.45550607,134.27,12.89,-0.09,170.46,1,-78.00,-12.00,8.00,7.00,63.00,4.00,13404431,488
286.06,1547729487,2373.23,51.51368892,7.45555614,135.62,12.88,-0.01,168.11,1,-78.00,-12.00,8.00,7.00,63.00,4.00,13404431,488
287.06,1547729488,2386.11,51.51357440,7.45560696,136.58,12.96,0.08,166.45,1,-82.00,-12.00,-1.00,5.00,61.00,4.00,13404431,488
288.06,1547729489,2399.06,51.51346744,7.45567167,137.68,12.80,-0.16,163.86,1,-82.00,-12.00,-1.00,5.00,61.00,4.00,13404431,488
289.06,1547729490,2411.88,51.51336767,7.45573832,138.65,12.14,-0.66,159.86,1,-79.00,-12.00,6.00,12.00,63.00,4.00,13404431,488
290.07,1547729491,2424.12,51.51327888,7.45581457,139.79,11.00,-1.14,156.81,1,-79.00,-12.00,6.00,12.00,63.00,4.00,13404431,488
291.06,1547729492,2435.04,51.51320703,7.45591273,141.35,10.06,-0.95,142.49,1,-80.00,-11.00,3.00,11.00,63.00,0.00,13404429,486
292.06,1547729493,2445.06,51.51314813,7.45599211,142.40,8.46,-1.60,141.68,1,-80.00,-11.00,3.00,11.00,63.00,0.00,13404429,486
293.06,1547729494,2453.52,51.51308973,7.45607977,143.46,8.76,0.30,140.20,1,-83.00,-9.00,6.00,8.00,57.00,0.00,13404429,486
294.06,1547729495,2462.29,51.51303949,7.45616975,143.95,7.75,-1.01,137.19,1,-83.00,-9.00,6.00,8.00,57.00,0.00,13404429,486
295.06,1547729496,2470.06,51.51298882,7.45626412,144.74,8.35,0.59,135.51,1,-80.00,-12.00,7.00,12.00,63.00,0.00,13404429,486
296.06,1547729497,2478.41,51.51293781,7.45636259,145.22,8.67,0.33,134.85,1,-80.00,-12.00,7.00,12.00,63.00,0.00,13404429,486
297.06,1547729498,2487.07,51.51289326,7.45645385,145.50,8.32,-0.35,134.49,1,-81.00,-8.00,7.00,13.00,59.00,0.00,13404429,486
298.06,1547729499,2495.40,51.51286182,7.45653621,145.64,6.31,-2.01,130.88,1,-81.00,-8.00,7.00,13.00,59.00,0.00,13404429,486
299.07,1547729500,2501.76,51.51282380,7.45662724,145.76,7.34,1.02,130.05,1,-79.00,-9.00,24.00,13.00,62.00,0.00,13404429,486
300.06,1547729501,2509.04,51.51277810,7.45674494,146.31,9.52,2.20,129.25,1,-79.00,-9.00,24.00,13.00,62.00,0.00,13404429,486
301.06,1547729502,2518.55,51.51272396,7.45688936,145.93,11.39,1.87,127.77,1,-79.00,-9.00,24.00,13.00,62.00,0.00,13404429,486
302.06,1547729503,2529.92,51.51266466,7.45704234,145.26,12.71,1.32,129.13,1,-83.00,-7.00,20.00,15.00,56.00,0.00,13404429,486
303.06,1547729504,2542.67,51.51259453,7.45721170,144.63,12.91,0.20,128.74,1,-83.00,-7.00,20.00,15.00,56.00,0.00,13404429,486
304.06,1547729505,2555.58,51.51251978,7.45736398,145.02,12.66,-0.25,129.34,1,-82.00,-8.00,25.00,15.00,58.00,0.00,13404429,486
305.06,1547729506,2568.23,51.51244646,7.45751903,146.33,13.31,0.65,128.27,1,-82.00,-8.00,25.00,15.00,58.00,0.00,13404429,486
306.06,1547729507,2581.56,51.51237163,7.45767976,148.06,13.56,0.26,126.58,1,-83.00,-7.00,10.00,15.00,57.00,0.00,13404429,486
307.06,1547729508,2595.11,51.51230011,7.45785881,150.26,14.42,0.86,125.91,1,-83.00,-7.00,10.00,15.00,57.00,0.00,13404429,486
308.06,1547729509,2609.53,51.51222608,7.45805035,151.04,14.76,0.33,125.03,1,-78.00,-7.00,22.00,15.00,61.00,0.00,13404429,486
309.06,1547729510,2624.30,51.51215185,7.45823852,151.25,15.17,0.42,125.86,1,-78.00,-7.00,22.00,15.00,61.00,0.00,13404429,486
310.06,1547729511,2639.40,51.51207598,7.45841007,151.56,14.42,-0.76,127.35,1,-82.00,-9.00,20.00,15.00,59.00,0.00,13404429,486
311.06,1547729512,2653.89,51.51200772,7.45856160,151.87,12.99,-1.43,127.93,1,-82.00,-9.00,20.00,15.00,59.00,0.00,13404429,486
312.06,1547729513,2666.84,51.51194066,7.45870529,151.71,12.21,-0.78,128.63,1,-88.00,-9.00,15.00,11.00,53.00,0.00,13404429,486
313.06,1547729514,2679.05,51.51188959,7.45882353,151.39,9.80,-2.41,127.12,1,-88.00,-9.00,15.00,11.00,53.00,0.00,13404429,486
314.06,1547729515,2688.87,51.51183352,7.45891001,150.97,8.18,-1.62,141.05,1,-85.00,-6.00,12.00,10.00,53.00,0.00,13404429,486
315.06,1547729516,2697.06,51.51178113,7.45899212,150.20,7.43,-0.75,140.59,1,-85.00,-6.00,12.00,10.00,53.00,0.00,13404429,486
316.06,1547729517,2704.49,51.51175446,7.45904109,148.84,4.33,-3.10,139.03,1,-88.00,-8.00,11.00,9.00,52.00,0.00,13404429,486
317.06,1547729518,2708.82,51.51174456,7.45907695,148.73,1.63,-2.70,135.70,1,-88.00,-8.00,11.00,9.00,52.00,0.00,13404429,486
318.06,1547729519,2710.45,51.51174456,7.45907713,148.56,0.39,-1.24,135.70,1,-88.00,-8.00,9.00,13.00,52.00,0.00,13404429,486
319.06,1547729520,2710.83,51.51174456,7.45907713,148.55,0.00,-0.39,135.70,1,-88.00,-8.00,9.00,13.00,52.00,0.00,13404429,486
320.07,1547729521,2710.83,51.51174456,7.45907713,148.54,0.00,0.00,135.70,1,-86.00,-8.00,15.00,11.00,55.00,0.00,13404429,486
321.06,1547729522,2710.83,51.51174456,7.45907713,148.52,0.00,0.00,135.70,1,-86.00,-8.00,15.00,11.00,55.00,0.00,13404429,486
322.06,1547729523,2710.83,51.51174456,7.45907713,148.51,0.00,0.00,135.70,1,-86.00,-8.00,15.00,11.00,55.00,0.00,13404429,486
323.06,1547729524,2710.83,51.51174456,7.45907713,148.49,0.00,0.00,135.70,1,-87.00,-10.00,13.00,9.00,54.00,0.00,13404429,486
324.07,1547729525,2710.83,51.51174456,7.45907713,148.47,0.00,0.00,135.70,1,-87.00,-10.00,13.00,9.00,54.00,0.00,13404429,486
325.06,1547729526,2710.83,51.51174456,7.45907713,148.46,0.00,0.00,135.70,1,-87.00,-11.00,12.00,9.00,55.00,0.00,13404429,486
326.06,1547729527,2710.83,51.51174456,7.45907713,148.44,0.00,0.00,135.70,1,-87.00,-11.00,12.00,9.00,55.00,0.00,13404429,486
327.06,1547729528,2710.83,51.51174456,7.45907713,148.42,0.00,0.00,135.70,1,-86.00,-8.00,14.00,10.00,54.00,0.00,13404429,486
328.06,1547729529,2710.83,51.51174456,7.45907713,148.39,0.00,0.00,135.70,1,-86.00,-8.00,14.00,10.00,54.00,0.00,13404429,486
329.06,1547729530,2710.83,51.51174456,7.45907713,148.37,0.00,0.00,135.70,1,-86.00,-7.00,13.00,10.00,54.00,0.00,13404429,486
330.06,1547729531,2710.83,51.51174456,7.45907713,148.36,0.00,0.00,135.70,1,-86.00,-7.00,13.00,10.00,54.00,0.00,13404429,486
331.06,1547729532,2710.83,51.51174456,7.45907713,148.35,0.00,0.00,135.70,1,-86.00,-7.00,18.00,10.00,54.00,0.00,13404429,486
332.06,1547729533,2710.83,51.51174456,7.45907713,148.34,0.00,0.00,135.70,1,-86.00,-7.00,18.00,10.00,54.00,0.00,13404429,486
333.06,1547729534,2710.83,51.51174456,7.45907713,148.34,0.00,0.00,135.70,1,-85.00,-9.00,12.00,11.00,57.00,0.00,13404429,486
334.06,1547729535,2710.83,51.51174456,7.45907713,148.34,0.00,0.00,135.70,1,-85.00,-9.00,12.00,11.00,57.00,0.00,13404429,486
335.06,1547729536,2710.83,51.51174456,7.45907713,148.33,0.00,0.00,135.70,1,-86.00,-8.00,18.00,10.00,54.00,0.00,13404429,486
336.06,1547729537,2710.83,51.51174456,7.45907713,148.32,0.00,0.00,135.70,1,-86.00,-8.00,18.00,10.00,54.00,0.00,13404429,486
337.06,1547729538,2710.83,51.51174456,7.45907713,148.30,0.00,0.00,135.70,1,-86.00,-8.00,16.00,9.00,55.00,0.00,13404429,486
338.06,1547729539,2710.83,51.51174456,7.45907713,148.29,0.00,0.00,135.70,1,-86.00,-8.00,16.00,9.00,55.00,0.00,13404429,486
339.06,1547729540,2710.83,51.51174456,7.45907713,148.28,0.00,0.00,135.70,1,-86.00,-7.00,16.00,8.00,54.00,0.00,13404429,486
340.06,1547729541,2710.83,51.51174456,7.45907713,148.28,0.00,0.00,135.70,1,-86.00,-7.00,16.00,8.00,54.00,0.00,13404429,486
341.07,1547729542,2710.83,51.51174456,7.45907713,148.28,0.00,0.00,135.70,1,-87.00,-7.00,12.00,9.00,53.00,0.00,13404429,486
342.06,1547729543,2710.83,51.51174456,7.45907713,148.30,0.00,0.00,135.70,1,-87.00,-7.00,12.00,9.00,53.00,0.00,13404429,486
343.07,1547729544,2710.83,51.51174456,7.45907713,148.31,0.00,0.00,135.70,1,-87.00,-7.00,12.00,9.00,53.00,0.00,13404429,486
344.06,1547729545,2710.83,51.51174456,7.45907713,148.33,0.00,0.00,135.70,1,-87.00,-9.00,13.00,11.00,55.00,0.00,13404429,486
345.06,1547729546,2710.83,51.51174456,7.45907713,148.36,0.00,0.00,135.70,1,-87.00,-9.00,13.00,11.00,55.00,0.00,13404429,486
346.06,1547729547,2710.83,51.51174456,7.45907713,148.40,0.00,0.00,135.70,1,-87.00,-7.00,13.00,11.00,52.00,0.00,13404429,486
347.06,1547729548,2710.83,51.51174456,7.45907713,148.43,0.00,0.00,135.70,1,-87.00,-7.00,13.00,11.00,52.00,0.00,13404429,486
348.06,1547729549,2710.83,51.51174456,7.45907713,148.46,0.00,0.00,135.70,1,-87.00,-8.00,15.00,9.00,54.00,0.00,13404429,486
349.06,1547729550,2710.83,51.51174456,7.45907713,148.49,0.00,0.00,135.70,1,-87.00,-8.00,15.00,9.00,54.00,0.00,13404429,486
350.06,1547729551,2710.83,51.51174456,7.45907713,148.51,0.00,0.00,135.70,1,-86.00,-8.00,17.00,10.00,54.00,0.00,13404429,486
351.06,1547729552,2710.83,51.51174456,7.45907713,148.53,0.00,0.00,135.70,1,-86.00,-8.00,17.00,10.00,54.00,0.00,13404429,486
352.06,1547729553,2710.83,51.51174456,7.45907713,148.56,0.00,0.00,135.70,1,-86.00,-9.00,15.00,12.00,55.00,0.00,13404429,486
353.06,1547729554,2710.83,51.51174456,7.45907713,148.58,0.00,0.00,135.70,1,-86.00,-9.00,15.00,12.00,55.00,0.00,13404429,486
354.06,1547729555,2710.83,51.51174456,7.45907713,148.82,0.00,0.00,135.70,1,-87.00,-10.00,12.00,9.00,56.00,0.00,13404429,486
355.06,1547729556,2710.83,51.51174456,7.45907713,149.01,0.00,0.00,135.70,1,-87.00,-10.00,12.00,9.00,56.00,0.00,13404429,486
356.06,1547729557,2710.83,51.51174456,7.45907713,149.18,0.00,0.00,135.70,1,-90.00,-7.00,3.00,12.00,49.00,0.00,13404429,486
357.06,1547729558,2710.83,51.51174456,7.45907713,149.86,0.00,0.00,134.17,1,-90.00,-7.00,3.00,12.00,49.00,0.00,13404429,486
358.06,1547729559,2710.83,51.51166656,7.45937678,149.35,0.00,0.00,129.42,1,-87.00,-7.00,7.00,7.00,52.00,0.00,13404429,486
359.06,1547729560,2710.83,51.51162799,7.45944747,149.31,5.90,0.00,128.24,1,-87.00,-7.00,7.00,7.00,52.00,0.00,13404429,486
360.06,1547729561,2716.71,51.51157899,7.45953132,149.54,6.48,0.59,127.50,1,-86.00,-8.00,7.00,10.00,55.00,0.00,13404429,486
361.06,1547729562,2723.20,51.51152057,7.45961441,150.31,7.66,1.18,128.24,1,-86.00,-8.00,7.00,10.00,55.00,0.00,13404429,486
362.06,1547729563,2730.90,51.51145265,7.45973374,150.40,9.31,1.63,128.76,1,-85.00,-8.00,12.00,9.00,56.00,0.00,13404429,486
363.06,1547729564,2740.19,51.51139552,7.45985484,150.41,9.72,0.42,128.24,1,-85.00,-8.00,12.00,9.00,56.00,0.00,13404429,486
364.07,1547729565,2749.94,51.51132714,7.45997725,149.89,10.92,1.19,131.48,1,-85.00,-8.00,12.00,9.00,56.00,0.00,13404429,486
365.06,1547729566,2760.79,51.51125462,7.46010336,150.01,11.04,0.12,132.63,1,-89.00,-9.00,9.00,8.00,53.00,0.00,13404429,486
366.06,1547729567,2771.82,51.51118585,7.46022235,150.23,10.64,-0.41,133.07,1,-89.00,-9.00,9.00,8.00,53.00,0.00,13404429,486
367.06,1547729568,2782.50,51.51111825,7.46033462,151.41,10.25,-0.39,133.40,1,-86.00,-8.00,7.00,9.00,55.00,0.00,13404429,486
368.06,1547729569,2792.75,51.51104101,7.46045210,152.54,10.25,0.00,132.63,1,-86.00,-8.00,7.00,9.00,55.00,0.00,13404429,486
369.06,1547729570,2803.00,51.51096622,7.46055507,154.49,10.49,0.24,134.88,1,-85.00,-7.00,7.00,9.00,54.00,0.00,13404429,486
370.06,1547729571,2813.49,51.51088180,7.46067992,156.47,12.12,1.63,135.43,1,-85.00,-7.00,7.00,9.00,54.00,0.00,13404429,486
371.06,1547729572,2825.63,51.51080174,7.46080205,157.18,11.79,-0.33,134.96,1,-92.00,-12.00,-1.00,7.00,52.00,0.00,13404429,486
372.06,1547729573,2837.42,51.51072927,7.46091956,157.42,11.11,-0.68,135.75,1,-92.00,-12.00,-1.00,7.00,52.00,0.00,13404429,486
373.06,1547729574,2848.49,51.51066203,7.46102863,158.36,10.41,-0.70,135.39,1,-87.00,-10.00,-2.00,6.00,55.00,2.00,13403661,21
374.06,1547729575,2858.90,51.51059945,7.46113830,159.02,9.71,-0.70,134.93,1,-87.00,-10.00,-2.00,6.00,55.00,2.00,13403661,21
375.06,1547729576,2868.61,51.51053971,7.46124510,159.18,9.68,-0.03,135.36,1,-78.00,-8.00,10.00,14.00,62.00,2.00,13403661,21
376.06,1547729577,2878.31,51.51047935,7.46135713,157.67,9.82,0.14,134.15,1,-78.00,-8.00,10.00,14.00,62.00,2.00,13403661,21
377.06,1547729578,2888.10,51.51041955,7.46146989,156.87,9.69,-0.14,132.81,1,-82.00,-8.00,14.00,11.00,58.00,2.00,13403661,21
378.06,1547729579,2897.80,51.51036260,7.46158099,155.99,9.35,-0.34,133.41,1,-82.00,-8.00,14.00,11.00,58.00,2.00,13403661,21
379.06,1547729580,2907.14,51.51030685,7.46169080,154.94,9.34,-0.01,132.43,1,-85.00,-9.00,14.00,12.00,56.00,2.00,13403661,21
380.08,1547729581,2916.62,51.51025323,7.46179586,154.54,9.34,0.00,130.64,1,-85.00,-9.00,14.00,12.00,56.00,2.00,13403661,21
381.07,1547729582,2925.88,51.51021802,7.46187592,154.17,6.28,-3.09,131.38,1,-86.00,-10.00,12.00,11.00,55.00,2.00,13403661,21
382.06,1547729583,2932.11,51.51018929,7.46194124,153.48,4.71,-1.58,130.69,1,-86.00,-10.00,12.00,11.00,55.00,2.00,13403661,21
383.06,1547729584,2936.85,51.51016126,7.46200277,153.84,4.48,-0.23,132.34,1,-86.00,-8.00,12.00,11.00,54.00,2.00,13403661,21
384.06,1547729585,2941.31,51.51015213,7.46202942,153.92,1.59,-2.89,130.93,1,-86.00,-8.00,12.00,11.00,54.00,2.00,13403661,21
385.06,1547729586,2942.91,51.51015206,7.46202946,154.15,0.45,-1.14,130.93,1,-86.00,-8.00,12.00,11.00,54.00,2.00,13403661,21
386.06,1547729587,2943.35,51.51015206,7.46202946,154.17,0.00,-0.45,130.93,1,-88.00,-10.00,11.00,13.00,55.00,2.00,13403661,21
387.06,1547729588,2943.35,51.51015206,7.46202946,154.19,0.00,0.00,130.93,1,-88.00,-10.00,11.00,13.00,55.00,2.00,13403661,21
388.06,1547729589,2943.35,51.51015206,7.46202946,154.20,0.00,0.00,130.93,1,-88.00,-9.00,10.00,10.00,53.00,2.00,13403661,21
389.06,1547729590,2943.35,51.51015206,7.46202946,154.22,0.00,0.00,130.93,1,-88.00,-9.00,10.00,10.00,53.00,2.00,13403661,21
390.06,1547729591,2943.35,51.51015206,7.46202946,154.23,0.00,0.00,130.93,1,-88.00,-8.00,10.00,10.00,53.00,2.00,13403661,21
391.06,1547729592,2943.35,51.51015206,7.46202946,154.24,0.00,0.00,130.93,1,-88.00,-8.00,10.00,10.00,53.00,2.00,13403661,21
392.06,1547729593,2943.35,51.51015206,7.46202946,154.24,0.00,0.00,130.93,1,-88.00,-9.00,11.00,11.00,54.00,2.00,13403661,21
393.06,1547729594,2943.35,51.51015206,7.46202946,154.25,0.00,0.00,130.93,1,-88.00,-9.00,11.00,11.00,54.00,2.00,13403661,21
394.06,1547729595,2943.35,51.51015206,7.46202946,154.25,0.00,0.00,130.93,1,-87.00,-9.00,11.00,11.00,55.00,2.00,13403661,21
395.06,1547729596,2943.35,51.51015206,7.46202946,154.25,0.00,0.00,130.93,1,-87.00,-9.00,11.00,11.00,55.00,2.00,13403661,21
396.06,1547729597,2943.35,51.51015206,7.46202946,154.25,0.00,0.00,130.93,1,-89.00,-10.00,10.00,9.00,54.00,2.00,13403661,21
397.06,1547729598,2943.35,51.51015206,7.46202946,154.26,0.00,0.00,130.93,1,-89.00,-10.00,10.00,9.00,54.00,2.00,13403661,21
398.06,1547729599,2943.35,51.51015206,7.46202946,154.27,0.00,0.00,130.93,1,-89.00,-10.00,10.00,9.00,54.00,2.00,13403661,21
399.06,1547729600,2943.35,51.51015206,7.46202946,154.28,0.00,0.00,130.93,1,-89.00,-10.00,10.00,9.00,54.00,2.00,13403661,21
400.07,1547729601,2943.35,51.51015206,7.46202946,154.29,0.00,0.00,130.93,1,-88.00,-10.00,9.00,10.00,54.00,2.00,13403661,21
401.07,1547729602,2943.35,51.51015206,7.46202946,154.30,0.00,0.00,130.93,1,-88.00,-10.00,9.00,10.00,54.00,2.00,13403661,21
402.06,1547729603,2943.35,51.51015206,7.46202946,154.32,0.00,0.00,130.93,1,-88.00,-10.00,9.00,9.00,55.00,2.00,13403661,21
403.06,1547729604,2943.35,51.51015206,7.46202946,154.33,0.00,0.00,130.93,1,-88.00,-10.00,9.00,9.00,55.00,2.00,13403661,21
404.07,1547729605,2943.35,51.51015206,7.46202946,154.35,0.00,0.00,130.93,1,-88.00,-9.00,9.00,11.00,53.00,2.00,13403661,21
405.06,1547729606,2943.35,51.51015206,7.46202946,154.36,0.00,0.00,130.93,1,-88.00,-9.00,9.00,11.00,53.00,2.00,13403661,21
406.06,1547729607,2943.35,51.51015206,7.46202946,154.38,0.00,0.00,130.93,1,-88.00,-9.00,9.00,11.00,53.00,2.00,13403661,21
407.06,1547729608,2943.35,51.51015206,7.46202946,154.41,0.00,0.00,130.93,1,-89.00,-9.00,9.00,10.00,53.00,2.00,13403661,21
408.06,1547729609,2943.35,51.51015206,7.46202946,154.69,0.00,0.00,130.93,1,-89.00,-9.00,9.00,10.00,53.00,2.00,13403661,21
409.06,1547729610,2943.35,51.51015206,7.46202946,154.93,0.00,0.00,130.93,1,-86.00,-8.00,11.00,15.00,54.00,2.00,13403661,21
410.06,1547729611,2943.35,51.51015206,7.46202946,156.79,0.00,0.00,124.83,1,-86.00,-8.00,11.00,15.00,54.00,2.00,13403661,21
411.06,1547729612,2943.35,51.51007690,7.46224038,158.09,0.00,0.00,122.89,1,-89.00,-10.00,11.00,9.00,53.00,2.00,13403661,21
412.06,1547729613,2943.35,51.51004058,7.46239256,158.39,9.93,0.00,119.92,1,-89.00,-10.00,11.00,9.00,53.00,2.00,13403661,21
413.06,1547729614,2953.27,51.50999952,7.46255900,157.63,10.91,0.98,117.39,1,-87.00,-10.00,10.00,12.00,55.00,2.00,13403661,21
414.06,1547729615,2964.18,51.50995685,7.46272292,156.50,11.50,0.59,115.30,1,-87.00,-10.00,10.00,12.00,55.00,2.00,13403661,21
415.06,1547729616,2975.68,51.50993969,7.46290352,155.19,11.98,0.48,100.34,1,-85.00,-9.00,9.00,12.00,57.00,2.00,13403661,21
416.06,1547729617,2987.66,51.50991605,7.46309116,154.91,11.47,-0.51,99.09,1,-85.00,-9.00,9.00,12.00,57.00,2.00,13403661,21
417.06,1547729618,2999.11,51.50990062,7.46328424,155.43,11.89,0.42,97.10,1,-87.00,-9.00,13.00,12.00,54.00,2.00,13403661,21
418.06,1547729619,3011.03,51.50989631,7.46346055,156.12,11.96,0.07,95.17,1,-87.00,-9.00,13.00,12.00,54.00,2.00,13403661,21
419.06,1547729620,3022.96,51.50990014,7.46361899,156.07,10.16,-1.80,93.75,1,-88.00,-8.00,12.00,15.00,52.00,2.00,13403661,21
420.06,1547729621,3033.09,51.50990256,7.46374467,156.50,7.73,-2.44,91.91,1,-88.00,-8.00,12.00,15.00,52.00,2.00,13403661,21
421.06,1547729622,3040.84,51.50990704,7.46385376,156.46,6.43,-1.29,91.11,1,-85.00,-7.00,12.00,15.00,55.00,2.00,13403661,21
422.06,1547729623,3047.25,51.50991324,7.46395091,156.10,5.82,-0.61,89.48,1,-85.00,-7.00,12.00,15.00,55.00,2.00,13403661,21
423.06,1547729624,3053.09,51.50991376,7.46402014,156.09,4.15,-1.67,91.28,1,-84.00,-7.00,15.00,15.00,55.00,2.00,13403661,21
424.06,1547729625,3057.24,51.50991189,7.46407042,156.12,3.04,-1.11,92.06,1,-84.00,-7.00,15.00,15.00,55.00,2.00,13403661,21
425.06,1547729626,3060.28,51.50991157,7.46411003,156.15,2.26,-0.78,92.69,1,-89.00,-7.00,16.00,15.00,51.00,2.00,13403661,21
426.06,1547729627,3062.54,51.50990863,7.46414159,156.26,1.62,-0.64,96.32,1,-89.00,-7.00,16.00,15.00,51.00,2.00,13403661,21
427.07,1547729628,3064.17,51.50990862,7.46417950,156.46,1.62,0.00,93.32,1,-88.00,-7.00,17.00,15.00,51.00,2.00,13403661,21
428.06,1547729629,3065.77,51.50991109,7.46423140,156.60,3.40,1.80,93.80,1,-88.00,-7.00,17.00,15.00,51.00,2.00,13403661,21
429.06,1547729630,3069.18,51.50991180,7.46431090,158.35,5.03,1.63,93.11,1,-88.00,-7.00,17.00,15.00,51.00,2.00,13403661,21
430.06,1547729631,3074.20,51.50991354,7.46440294,159.86,6.37,1.34,93.02,1,-88.00,-7.00,17.00,15.00,51.00,2.00,13403661,21
431.06,1547729632,3080.57,51.50991547,7.46448809,160.43,6.01,-0.36,92.26,1,-88.00,-7.00,17.00,15.00,51.00,2.00,13403661,21
432.06,1547729633,3086.59,51.50990380,7.46456961,160.44,5.52,-0.49,104.90,1,-89.00,-7.00,18.00,15.00,49.00,2.00,13403661,21
433.06,1547729634,3092.11,51.50989211,7.46465523,160.80,5.67,0.15,101.91,1,-89.00,-7.00,18.00,15.00,49.00,2.00,13403661,21
434.06,1547729635,3097.79,51.50988639,7.46474747,161.67,5.94,0.27,98.82,1,-88.00,-7.00,18.00,15.00,51.00,2.00,13403661,21
435.06,1547729636,3103.72,51.50988197,7.46484663,161.60,6.44,0.50,97.20,1,-88.00,-7.00,18.00,15.00,51.00,2.00,13403661,21
436.06,1547729637,3110.16,51.50988140,7.46495666,160.93,6.83,0.39,96.59,1,-89.00,-7.00,19.00,15.00,50.00,2.00,13403661,21
437.06,1547729638,3116.99,51.50988243,7.46507383,159.70,7.23,0.40,95.12,1,-89.00,-7.00,19.00,15.00,50.00,2.00,13403661,21
438.06,1547729639,3124.23,51.50988170,7.46520494,159.00,8.26,1.03,95.17,1,-89.00,-8.00,19.00,15.00,51.00,2.00,13403661,21
439.06,1547729640,3132.49,51.50988117,7.46533790,158.66,8.52,0.26,95.20,1,-89.00,-8.00,19.00,15.00,51.00,2.00,13403661,21
440.06,1547729641,3141.03,51.50987881,7.46548996,157.99,9.51,0.99,94.63,1,-89.00,-7.00,19.00,15.00,50.00,2.00,13403661,21
441.06,1547729642,3150.54,51.50987732,7.46563979,157.03,9.48,-0.03,95.66,1,-89.00,-7.00,19.00,15.00,50.00,2.00,13403661,21
442.06,1547729643,3159.99,51.50987413,7.46579117,157.00,9.63,0.15,95.41,1,-88.00,-7.00,20.00,15.00,51.00,2.00,13403661,21
443.06,1547729644,3169.64,51.50987028,7.46594195,156.75,9.80,0.17,96.13,1,-88.00,-7.00,20.00,15.00,51.00,2.00,13403661,21
444.06,1547729645,3179.44,51.50986459,7.46608673,156.82,9.53,-0.27,96.62,1,-89.00,-8.00,22.00,15.00,51.00,2.00,13403661,21
445.06,1547729646,3188.97,51.50985725,7.46625386,156.97,10.98,1.45,95.41,1,-89.00,-8.00,22.00,15.00,51.00,2.00,13403661,21
446.06,1547729647,3199.94,51.50986135,7.46643400,157.40,10.98,0.00,96.13,1,-88.00,-7.00,22.00,15.00,51.00,2.00,13403661,21
