0.04,1547728845,0.01,51.50982157,7.46724916,150.47,12.43,0.00,94.81,0,-90.00,-13.00,0.00,0.00,55.00,0.00,0,324
0.04,1547728845,0.01,51.50982157,7.46724916,150.47,12.43,0.00,94.81,0,-62.00,-5.00,0.00,0.00,63.00,0.00,0,138
1.05,1547728846,12.49,51.50981184,7.46741944,150.97,11.32,0.00,96.28,0,-63.00,-4.00,0.00,0.00,63.00,0.00,0,138
2.05,1547728847,23.82,51.50980419,7.46761261,150.98,12.67,0.00,95.99,0,-63.00,-4.00,0.00,0.00,63.00,0.00,0,138
3.06,1547728848,36.59,51.50979440,7.46780030,150.45,12.99,0.00,96.48,0,-91.00,-9.00,0.00,0.00,51.00,0.00,0,324
3.06,1547728848,36.60,51.50979440,7.46780030,150.45,12.99,0.00,96.48,0,-67.00,-5.00,0.00,0.00,63.00,0.00,0,138
4.05,1547728849,49.48,51.50978723,7.46797619,150.08,12.50,0.00,95.68,0,-91.00,-9.00,0.00,0.00,51.00,0.00,0,324
4.05,1547728849,49.49,51.50978723,7.46797619,150.08,12.50,0.00,95.68,0,-67.00,-5.00,0.00,0.00,63.00,0.00,0,138
5.05,1547728850,61.98,51.50978385,7.46814797,149.92,11.97,0.00,93.69,0,-91.00,-9.00,0.00,0.00,51.00,0.00,0,324
5.05,1547728850,61.99,51.50978385,7.46814797,149.92,11.97,0.00,93.69,0,-67.00,-5.00,0.00,0.00,63.00,0.00,0,138
6.05,1547728851,73.94,51.50978305,7.46832983,149.95,12.08,0.00,90.60,0,-72.00,-5.00,0.00,0.00,63.00,0.00,0,138
7.05,1547728852,86.02,51.50978901,7.46851036,150.05,12.26,0.00,86.64,0,-72.00,-5.00,0.00,0.00,63.00,0.00,0,138
8.05,1547728853,98.28,51.50981989,7.46868243,150.00,12.45,0.00,72.45,0,-74.00,-6.00,0.00,0.00,63.00,0.00,0,138
9.05,1547728854,110.73,51.50985359,7.46884139,150.15,12.29,0.00,70.47,0,-74.00,-6.00,0.00,0.00,63.00,0.00,0,138
10.05,1547728855,123.04,51.50989989,7.46899837,149.81,11.62,0.00,68.48,0,-100.00,-10.00,0.00,0.00,42.00,0.00,0,374
10.05,1547728855,123.05,51.50989989,7.46899837,149.81,11.62,0.00,68.48,0,-100.00,-11.00,0.00,0.00,42.00,0.00,0,324
10.05,1547728855,123.05,51.50989989,7.46899837,149.81,11.62,0.00,68.48,0,-77.00,-6.00,0.00,0.00,59.00,0.00,0,138
11.05,1547728856,134.65,51.50995128,7.46915708,149.44,11.86,0.00,65.86,0,-100.00,-10.00,0.00,0.00,42.00,0.00,0,374
11.05,1547728856,134.66,51.50995128,7.46915708,149.44,11.86,0.00,65.86,0,-100.00,-11.00,0.00,0.00,42.00,0.00,0,324
11.05,1547728856,134.66,51.50995128,7.46915708,149.44,11.86,0.00,65.86,0,-77.00,-6.00,0.00,0.00,59.00,0.00,0,138
12.05,1547728857,146.53,51.50802910,7.46758300,148.98,12.92,0.00,62.76,0,-98.00,-10.00,0.00,0.00,44.00,0.00,0,374
12.05,1547728857,146.54,51.50802910,7.46758300,148.98,12.92,0.00,62.76,0,-100.00,-12.00,0.00,0.00,44.00,0.00,0,324
12.05,1547728857,146.55,51.50802910,7.46758300,148.98,12.92,0.00,62.76,0,-103.00,-15.00,0.00,0.00,44.00,0.00,0,372
12.05,1547728857,146.57,51.50802910,7.46758300,148.98,12.92,0.00,62.76,0,-70.00,-5.00,0.00,0.00,63.00,0.00,0,138
13.05,1547728858,159.45,51.51007273,7.46949019,148.54,13.06,0.00,60.55,0,-98.00,-10.00,0.00,0.00,44.00,0.00,0,374
13.05,1547728858,159.45,51.51007273,7.46949019,148.54,13.06,0.00,60.55,0,-100.00,-12.00,0.00,0.00,44.00,0.00,0,324
13.05,1547728858,159.47,51.51007273,7.46949019,148.54,13.06,0.00,60.55,0,-103.00,-15.00,0.00,0.00,44.00,0.00,0,372
13.05,1547728858,159.48,51.51007273,7.46949019,148.54,13.06,0.00,60.55,0,-70.00,-5.00,0.00,0.00,63.00,0.00,0,138
14.05,1547728859,172.47,51.51013338,7.46965018,148.31,12.48,0.00,59.79,0,-82.00,-7.00,0.00,0.00,55.00,0.00,0,138
15.05,1547728860,184.95,51.51019672,7.46980122,147.63,12.43,0.00,59.18,0,-82.00,-7.00,0.00,0.00,55.00,0.00,0,138
18.05,1547728863,221.32,51.51037354,7.47025819,147.24,11.38,0.00,57.25,0,-87.00,-8.00,0.00,0.00,51.00,0.00,0,138
19.05,1547728864,232.70,51.51044185,7.47042310,146.99,12.85,0.00,55.95,0,-87.00,-8.00,0.00,0.00,51.00,0.00,0,138
20.05,1547728865,245.56,51.51051742,7.47058100,146.62,13.38,0.00,53.47,0,-86.00,-9.00,0.00,0.00,54.00,0.00,0,138
21.04,1547728866,258.90,51.51059817,7.47072385,145.90,13.41,0.00,50.64,0,-86.00,-9.00,0.00,0.00,54.00,0.00,0,138
22.04,1547728867,272.28,51.51068388,7.47087177,145.07,13.71,0.00,48.02,0,-89.00,-10.00,0.00,0.00,51.00,0.00,0,138
23.04,1547728868,286.00,51.51078045,7.47099949,144.48,14.21,0.00,45.25,0,-89.00,-10.00,0.00,0.00,51.00,0.00,0,138
24.06,1547728869,300.38,51.51088021,7.47112113,144.15,14.55,0.00,43.23,0,-91.00,-11.00,0.00,0.00,50.00,0.00,0,152
24.06,1547728869,300.40,51.51088021,7.47112113,144.15,14.55,0.00,43.23,0,-92.00,-12.00,0.00,0.00,50.00,0.00,0,138
25.05,1547728870,314.82,51.51098311,7.47123778,143.85,14.43,0.00,41.80,0,-91.00,-11.00,0.00,0.00,50.00,0.00,0,152
25.05,1547728870,314.83,51.51098311,7.47123778,143.85,14.43,0.00,41.80,0,-92.00,-12.00,0.00,0.00,50.00,0.00,0,138
26.05,1547728871,329.26,51.51108759,7.47135863,143.84,14.62,0.00,40.89,0,-91.00,-11.00,0.00,0.00,50.00,0.00,0,152
26.05,1547728871,329.27,51.51108759,7.47135863,143.84,14.62,0.00,40.89,0,-92.00,-12.00,0.00,0.00,50.00,0.00,0,138
27.05,1547728872,343.84,51.51119520,7.47148700,143.63,14.76,0.00,40.23,0,-91.00,-11.00,0.00,0.00,52.00,0.00,0,152
28.05,1547728873,358.60,51.51129643,7.47161166,142.92,14.33,0.00,39.35,0,-91.00,-11.00,0.00,0.00,52.00,0.00,0,152
29.05,1547728874,372.93,51.51139738,7.47173766,142.40,14.44,0.00,39.58,0,-86.00,-9.00,0.00,0.00,54.00,0.00,0,152
30.05,1547728875,387.37,51.51150068,7.47186472,142.34,14.39,0.00,38.90,0,-86.00,-9.00,0.00,0.00,54.00,0.00,0,152
33.05,1547728878,430.48,51.51180596,7.47223553,141.02,13.92,0.00,39.44,0,-89.00,-14.00,0.00,0.00,56.00,0.00,0,152
33.05,1547728878,430.48,51.51180596,7.47223553,141.02,13.92,0.00,39.44,0,-89.00,-14.00,0.00,0.00,56.00,0.00,0,150
34.05,1547728879,444.44,51.51190389,7.47235887,140.55,13.79,0.00,38.74,0,-89.00,-14.00,0.00,0.00,56.00,0.00,0,152
34.05,1547728879,444.45,51.51190389,7.47235887,140.55,13.79,0.00,38.74,0,-89.00,-14.00,0.00,0.00,56.00,0.00,0,150
35.05,1547728880,458.18,51.51200390,7.47248394,139.66,13.82,0.00,37.82,0,-89.00,-13.00,0.00,0.00,54.00,0.00,0,152
36.05,1547728881,472.01,51.51210626,7.47261110,139.51,13.82,0.00,37.82,0,-89.00,-13.00,0.00,0.00,54.00,0.00,0,152
37.05,1547728882,485.85,51.51222153,7.47268518,139.45,12.55,0.00,22.25,0,-80.00,-10.00,0.00,0.00,61.00,0.00,0,150
37.05,1547728882,485.86,51.51222153,7.47268518,139.45,12.55,0.00,22.25,0,-82.00,-11.00,0.00,0.00,61.00,0.00,0,152
38.05,1547728883,498.39,51.51232647,7.47275726,140.56,11.28,0.00,20.69,0,-80.00,-10.00,0.00,0.00,61.00,0.00,0,150
38.05,1547728883,498.40,51.51232647,7.47275726,140.56,11.28,0.00,20.69,0,-82.00,-11.00,0.00,0.00,61.00,0.00,0,152
39.05,1547728884,509.68,51.51243899,7.47282327,142.71,13.04,0.00,8.08,0,-82.00,-10.00,0.00,0.00,59.00,0.00,0,150
39.05,1547728884,509.69,51.51243899,7.47282327,142.71,13.04,0.00,8.08,0,-83.00,-11.00,0.00,0.00,59.00,0.00,0,152
40.05,1547728885,522.72,51.51256633,7.47284897,144.86,14.35,0.00,7.05,0,-82.00,-10.00,0.00,0.00,59.00,0.00,0,150
40.05,1547728885,522.74,51.51256633,7.47284897,144.86,14.35,0.00,7.05,0,-83.00,-11.00,0.00,0.00,59.00,0.00,0,152
41.05,1547728886,537.10,51.51269604,7.47286353,145.80,14.54,0.00,5.71,0,-82.00,-10.00,0.00,0.00,58.00,0.00,0,150
41.05,1547728886,537.14,51.51269604,7.47286353,145.80,14.54,0.00,5.71,0,-83.00,-10.00,0.00,0.00,58.00,0.00,0,152
42.05,1547728887,551.67,51.51282999,7.47287768,145.98,15.29,0.00,5.01,0,-82.00,-10.00,0.00,0.00,58.00,0.00,0,150
42.05,1547728887,551.67,51.51282999,7.47287768,145.98,15.29,0.00,5.01,0,-83.00,-10.00,0.00,0.00,58.00,0.00,0,152
43.05,1547728888,566.88,51.51297062,7.47288761,145.94,15.69,0.00,4.62,0,-97.00,-12.00,0.00,0.00,48.00,0.00,0,358
43.05,1547728888,566.88,51.51297062,7.47288761,145.94,15.69,0.00,4.62,0,-82.00,-9.00,0.00,0.00,57.00,0.00,0,150
43.05,1547728888,566.89,51.51297062,7.47288761,145.94,15.69,0.00,4.62,0,-83.00,-10.00,0.00,0.00,57.00,0.00,0,152
44.04,1547728889,582.53,51.51311475,7.47289912,145.98,15.94,0.00,4.18,0,-97.00,-12.00,0.00,0.00,48.00,0.00,0,358
44.05,1547728889,582.55,51.51311475,7.47289912,145.98,15.94,0.00,4.18,0,-82.00,-9.00,0.00,0.00,57.00,0.00,0,150
44.05,1547728889,582.55,51.51311475,7.47289912,145.98,15.94,0.00,4.18,0,-83.00,-10.00,0.00,0.00,57.00,0.00,0,152
45.06,1547728890,598.68,51.51325598,7.47290957,145.99,15.46,0.00,3.85,0,-98.00,-7.00,0.00,0.00,41.00,0.00,0,372
45.06,1547728890,598.69,51.51325598,7.47290957,145.99,15.46,0.00,3.85,0,-81.00,-8.00,0.00,0.00,58.00,0.00,0,152
45.06,1547728890,598.71,51.51325598,7.47290957,145.99,15.46,0.00,3.85,0,-83.00,-10.00,0.00,0.00,58.00,0.00,0,150
46.05,1547728891,614.02,51.51339313,7.47292117,146.79,15.01,0.00,3.13,0,-98.00,-7.00,0.00,0.00,41.00,0.00,0,372
46.05,1547728891,614.02,51.51339313,7.47292117,146.79,15.01,0.00,3.13,0,-81.00,-8.00,0.00,0.00,58.00,0.00,0,152
46.05,1547728891,614.03,51.51339313,7.47292117,146.79,15.01,0.00,3.13,0,-83.00,-10.00,0.00,0.00,58.00,0.00,0,150
47.05,1547728892,629.01,51.51353004,7.47293687,148.75,15.32,0.00,3.57,0,-98.00,-7.00,0.00,0.00,41.00,0.00,0,372
47.05,1547728892,629.03,51.51353004,7.47293687,148.75,15.32,0.00,3.57,0,-81.00,-8.00,0.00,0.00,58.00,0.00,0,152
47.05,1547728892,629.05,51.51353004,7.47293687,148.75,15.32,0.00,3.57,0,-83.00,-10.00,0.00,0.00,58.00,0.00,0,150
50.05,1547728895,674.82,51.51392804,7.47297991,154.84,14.82,0.00,2.59,0,-77.00,-6.00,0.00,0.00,59.00,0.00,0,152
51.06,1547728896,689.78,51.51406443,7.47297338,154.91,14.76,0.00,1.59,0,-77.00,-6.00,0.00,0.00,59.00,0.00,0,152
52.04,1547728897,704.36,51.51363540,7.47290000,154.08,16.18,0.00,2.10,0,-77.00,-6.00,0.00,0.00,59.00,0.00,0,152
53.05,1547728898,720.63,51.51434910,7.47297584,153.26,15.20,0.00,2.70,0,-77.00,-6.00,0.00,0.00,59.00,0.00,0,152
54.04,1547728899,735.76,51.51449176,7.47298677,151.19,15.29,0.00,3.70,0,-76.00,-6.00,0.00,0.00,61.00,0.00,0,152
55.05,1547728900,751.08,51.51463133,7.47299142,149.35,14.89,0.00,4.34,0,-76.00,-6.00,0.00,0.00,61.00,0.00,0,152
56.05,1547728901,765.97,51.51476848,7.47301547,148.47,15.07,0.00,4.56,0,-75.00,-6.00,0.00,0.00,61.00,0.00,0,152
57.05,1547728902,781.04,51.51490773,7.47303372,147.32,14.91,0.00,4.07,0,-75.00,-6.00,0.00,0.00,61.00,0.00,0,152
58.05,1547728903,795.97,51.51504119,7.47303651,146.19,14.63,0.00,3.16,0,-82.00,-6.00,0.00,0.00,55.00,0.00,0,152
59.05,1547728904,810.59,51.51516887,7.47302245,146.45,14.34,0.00,0.91,0,-82.00,-6.00,0.00,0.00,55.00,0.00,0,152
60.05,1547728905,824.94,51.51529831,7.47303246,146.40,13.42,0.00,358.14,0,-85.00,-7.00,0.00,0.00,53.00,0.00,0,152
61.05,1547728906,838.37,51.51543159,7.47300674,145.26,14.33,0.00,354.49,0,-85.00,-7.00,0.00,0.00,53.00,0.00,0,152
62.05,1547728907,852.65,51.51555561,7.47293422,143.73,14.17,0.00,339.92,0,-98.00,-9.00,0.00,0.00,45.00,0.00,0,372
62.05,1547728907,852.67,51.51555561,7.47293422,143.73,14.17,0.00,339.92,0,-84.00,-8.00,0.00,0.00,55.00,0.00,0,152
62.05,1547728907,852.67,51.51555561,7.47293422,143.73,14.17,0.00,339.92,0,-90.00,-14.00,0.00,0.00,55.00,0.00,0,151
63.05,1547728908,866.82,51.51566689,7.47286155,142.87,13.68,0.00,339.25,0,-98.00,-9.00,0.00,0.00,45.00,0.00,0,372
63.05,1547728908,866.84,51.51566689,7.47286155,142.87,13.68,0.00,339.25,0,-84.00,-8.00,0.00,0.00,55.00,0.00,0,152
63.05,1547728908,866.84,51.51566689,7.47286155,142.87,13.68,0.00,339.25,0,-90.00,-14.00,0.00,0.00,55.00,0.00,0,151
64.04,1547728909,880.49,51.51578999,7.47277000,142.43,14.59,0.00,337.50,0,-78.00,-8.00,0.00,0.00,62.00,0.00,0,152
65.05,1547728910,895.14,51.51591030,7.47267373,141.65,14.55,0.00,335.51,0,-78.00,-8.00,0.00,0.00,62.00,0.00,0,152
66.05,1547728911,909.72,51.51603202,7.47255556,140.07,15.03,0.00,331.67,0,-96.00,-6.00,0.00,0.00,43.00,0.00,0,372
66.05,1547728911,909.72,51.51603202,7.47255556,140.07,15.03,0.00,331.67,0,-87.00,-13.00,0.00,0.00,51.00,0.00,0,273
66.05,1547728911,909.74,51.51603202,7.47255556,140.07,15.03,0.00,331.67,0,-88.00,-9.00,0.00,0.00,52.00,0.00,0,152
67.05,1547728912,924.72,51.51613153,7.47240187,138.24,14.77,0.00,318.30,0,-96.00,-6.00,0.00,0.00,43.00,0.00,0,372
67.05,1547728912,924.73,51.51613153,7.47240187,138.24,14.77,0.00,318.30,0,-87.00,-13.00,0.00,0.00,51.00,0.00,0,273
67.05,1547728912,924.75,51.51613153,7.47240187,138.24,14.77,0.00,318.30,0,-88.00,-9.00,0.00,0.00,52.00,0.00,0,152
68.06,1547728913,939.60,51.51622603,7.47224784,136.75,15.04,0.00,316.83,0,-99.00,-7.00,0.00,0.00,39.00,0.00,0,372
68.06,1547728913,939.61,51.51622603,7.47224784,136.75,15.04,0.00,316.83,0,-89.00,-10.00,0.00,0.00,52.00,0.00,0,152
68.06,1547728913,939.63,51.51622603,7.47224784,136.75,15.04,0.00,316.83,0,-90.00,-12.00,0.00,0.00,52.00,0.00,0,151
69.05,1547728914,954.53,51.51631623,7.47208101,135.68,15.18,0.00,314.03,0,-99.00,-7.00,0.00,0.00,39.00,0.00,0,372
69.05,1547728914,954.53,51.51631623,7.47208101,135.68,15.18,0.00,314.03,0,-89.00,-10.00,0.00,0.00,52.00,0.00,0,152
69.05,1547728914,954.54,51.51631623,7.47208101,135.68,15.18,0.00,314.03,0,-90.00,-12.00,0.00,0.00,52.00,0.00,0,151
70.05,1547728915,969.71,51.51638407,7.47189470,134.78,14.82,0.00,301.02,0,-99.00,-7.00,0.00,0.00,39.00,0.00,0,372
70.05,1547728915,969.72,51.51638407,7.47189470,134.78,14.82,0.00,301.02,0,-89.00,-10.00,0.00,0.00,52.00,0.00,0,152
70.05,1547728915,969.74,51.51638407,7.47189470,134.78,14.82,0.00,301.02,0,-90.00,-12.00,0.00,0.00,52.00,0.00,0,151
71.06,1547728916,984.65,51.51645102,7.47169166,134.17,15.31,0.00,299.41,0,-84.00,-8.00,0.00,0.00,55.00,0.00,0,151
71.06,1547728916,984.66,51.51645102,7.47169166,134.17,15.31,0.00,299.41,0,-86.00,-10.00,0.00,0.00,55.00,0.00,0,152
72.05,1547728917,999.79,51.51641950,7.47068740,133.72,15.53,0.00,298.12,0,-84.00,-8.00,0.00,0.00,55.00,0.00,0,151
72.05,1547728917,999.79,51.51641950,7.47068740,133.72,15.53,0.00,298.12,0,-86.00,-10.00,0.00,0.00,55.00,0.00,0,152
73.04,1547728918,1015.27,51.51658176,7.47127040,133.54,16.08,0.00,296.64,0,-83.00,-7.00,0.00,0.00,54.00,0.00,0,151
73.04,1547728918,1015.29,51.51658176,7.47127040,133.54,16.08,0.00,296.64,0,-89.00,-13.00,0.00,0.00,55.00,0.00,0,152
74.04,1547728919,1031.34,51.51664416,7.47106020,133.93,15.99,0.00,296.21,0,-83.00,-7.00,0.00,0.00,54.00,0.00,0,151
74.04,1547728919,1031.36,51.51664416,7.47106020,133.93,15.99,0.00,296.21,0,-89.00,-13.00,0.00,0.00,55.00,0.00,0,152
75.05,1547728920,1047.42,51.51670166,7.47084970,134.43,15.86,0.00,295.58,0,-83.00,-7.00,0.00,0.00,55.00,0.00,0,151
76.05,1547728921,1063.25,51.51675750,7.47063261,135.81,15.84,0.00,294.74,0,-83.00,-7.00,0.00,0.00,55.00,0.00,0,151
77.05,1547728922,1079.12,51.51681561,7.47042232,136.91,15.74,0.00,294.34,0,-99.00,-8.00,0.00,0.00,42.00,0.00,0,372
77.05,1547728922,1079.14,51.51681561,7.47042232,136.91,15.74,0.00,294.34,0,-89.00,-8.00,0.00,0.00,50.00,0.00,0,151
77.05,1547728922,1079.15,51.51681561,7.47042232,136.91,15.74,0.00,294.34,0,-94.00,-12.00,0.00,0.00,49.00,0.00,0,152
78.05,1547728923,1094.88,51.51687247,7.47020415,138.01,16.21,0.00,293.57,0,-99.00,-8.00,0.00,0.00,42.00,0.00,0,372
78.05,1547728923,1094.90,51.51687247,7.47020415,138.01,16.21,0.00,293.57,0,-89.00,-8.00,0.00,0.00,50.00,0.00,0,151
78.05,1547728923,1094.91,51.51687247,7.47020415,138.01,16.21,0.00,293.57,0,-94.00,-12.00,0.00,0.00,49.00,0.00,0,152
79.05,1547728924,1111.09,51.51692507,7.46997285,138.61,16.60,0.00,292.13,0,-98.00,-7.00,0.00,0.00,40.00,0.00,0,372
79.05,1547728924,1111.10,51.51692507,7.46997285,138.61,16.60,0.00,292.13,0,-93.00,-10.00,0.00,0.00,47.00,0.00,0,151
79.05,1547728924,1111.12,51.51692507,7.46997285,138.61,16.60,0.00,292.13,0,-94.00,-11.00,0.00,0.00,47.00,0.00,0,295
80.05,1547728925,1127.68,51.51697677,7.46975536,138.36,15.21,0.00,292.00,0,-98.00,-7.00,0.00,0.00,40.00,0.00,0,372
80.05,1547728925,1127.69,51.51697677,7.46975536,138.36,15.21,0.00,292.00,0,-93.00,-10.00,0.00,0.00,47.00,0.00,0,151
80.05,1547728925,1127.71,51.51697677,7.46975536,138.36,15.21,0.00,292.00,0,-94.00,-11.00,0.00,0.00,47.00,0.00,0,295
81.05,1547728926,1142.86,51.51702409,7.46953050,138.64,16.23,0.00,290.99,0,-88.00,-8.00,0.00,0.00,50.00,0.00,0,295
81.05,1547728926,1142.88,51.51702409,7.46953050,138.64,16.23,0.00,290.99,0,-95.00,-12.00,0.00,0.00,48.00,0.00,0,146
82.04,1547728927,1159.05,51.51706918,7.46929266,139.04,16.61,0.00,290.01,0,-88.00,-8.00,0.00,0.00,50.00,0.00,0,295
82.04,1547728927,1159.07,51.51706918,7.46929266,139.04,16.61,0.00,290.01,0,-95.00,-12.00,0.00,0.00,48.00,0.00,0,146
83.05,1547728928,1175.72,51.51711450,7.46905076,139.00,16.39,0.00,289.25,0,-92.00,-9.00,0.00,0.00,47.00,0.00,0,295
83.05,1547728928,1175.74,51.51711450,7.46905076,139.00,16.39,0.00,289.25,0,-93.00,-10.00,0.00,0.00,47.00,0.00,0,151
84.05,1547728929,1192.13,51.51716064,7.46882100,138.44,16.09,0.00,288.74,0,-92.00,-9.00,0.00,0.00,47.00,0.00,0,295
84.05,1547728929,1192.13,51.51716064,7.46882100,138.44,16.09,0.00,288.74,0,-93.00,-10.00,0.00,0.00,47.00,0.00,0,151
85.05,1547728930,1208.21,51.51720535,7.46860398,137.88,15.41,0.00,289.34,0,-96.00,-8.00,0.00,0.00,43.00,0.00,0,372
85.05,1547728930,1208.22,51.51720535,7.46860398,137.88,15.41,0.00,289.34,0,-91.00,-10.00,0.00,0.00,49.00,0.00,0,295
85.05,1547728930,1208.24,51.51720535,7.46860398,137.88,15.41,0.00,289.34,0,-93.00,-11.00,0.00,0.00,48.00,0.00,0,151
86.05,1547728931,1223.63,51.51725208,7.46838308,137.46,15.42,0.00,288.83,0,-96.00,-8.00,0.00,0.00,43.00,0.00,0,372
86.05,1547728931,1223.64,51.51725208,7.46838308,137.46,15.42,0.00,288.83,0,-91.00,-10.00,0.00,0.00,49.00,0.00,0,295
86.05,1547728931,1223.66,51.51725208,7.46838308,137.46,15.42,0.00,288.83,0,-93.00,-11.00,0.00,0.00,48.00,0.00,0,151
87.05,1547728932,1239.02,51.51730181,7.46817028,137.87,15.27,0.00,290.55,0,-95.00,-11.00,0.00,0.00,47.00,0.00,0,151
87.05,1547728932,1239.03,51.51730181,7.46817028,137.87,15.27,0.00,290.55,0,-95.00,-12.00,0.00,0.00,47.00,0.00,0,295
88.05,1547728933,1254.30,51.51735036,7.46797341,139.08,14.70,0.00,293.15,0,-95.00,-11.00,0.00,0.00,47.00,0.00,0,151
88.05,1547728933,1254.32,51.51735036,7.46797341,139.08,14.70,0.00,293.15,0,-95.00,-12.00,0.00,0.00,47.00,0.00,0,295
89.06,1547728934,1269.14,51.51740080,7.46778149,140.43,14.30,0.00,294.01,0,-95.00,-10.00,0.00,0.00,45.00,0.00,0,295
89.06,1547728934,1269.15,51.51740080,7.46778149,140.43,14.30,0.00,294.01,0,-96.00,-10.00,0.00,0.00,44.00,0.00,0,151
90.05,1547728935,1283.30,51.51745090,7.46759895,141.81,13.75,0.00,295.29,0,-95.00,-10.00,0.00,0.00,45.00,0.00,0,295
90.05,1547728935,1283.32,51.51745090,7.46759895,141.81,13.75,0.00,295.29,0,-96.00,-10.00,0.00,0.00,44.00,0.00,0,151
91.05,1547728936,1297.04,51.51750344,7.46742269,142.54,13.20,0.00,296.31,0,-95.00,-10.00,0.00,0.00,45.00,0.00,0,295
91.05,1547728936,1297.06,51.51750344,7.46742269,142.54,13.20,0.00,296.31,0,-96.00,-10.00,0.00,0.00,44.00,0.00,0,151
92.05,1547728937,1310.26,51.51855420,7.46829970,142.53,12.65,0.00,295.97,0,-94.00,-10.00,0.00,0.00,47.00,0.00,0,151
92.05,1547728937,1310.26,51.51855420,7.46829970,142.53,12.65,0.00,295.97,0,-95.00,-11.00,0.00,0.00,47.00,0.00,0,146
93.05,1547728938,1322.89,51.51760860,7.46709010,143.14,12.82,0.00,294.95,0,-94.00,-10.00,0.00,0.00,47.00,0.00,0,151
93.05,1547728938,1322.90,51.51760860,7.46709010,143.14,12.82,0.00,294.95,0,-95.00,-11.00,0.00,0.00,47.00,0.00,0,146
94.05,1547728939,1335.71,51.51765893,7.46691941,143.27,13.44,0.00,293.10,0,-95.00,-12.00,0.00,0.00,48.00,0.00,0,146
94.05,1547728939,1335.72,51.51765893,7.46691941,143.27,13.44,0.00,293.10,0,-97.00,-14.00,0.00,0.00,47.00,0.00,0,151
95.05,1547728940,1349.17,51.51770722,7.46674223,142.63,13.64,0.00,291.19,0,-95.00,-12.00,0.00,0.00,48.00,0.00,0,146
95.05,1547728940,1349.17,51.51770722,7.46674223,142.63,13.64,0.00,291.19,0,-97.00,-14.00,0.00,0.00,47.00,0.00,0,151
96.05,1547728941,1362.84,51.51775561,7.46654274,141.51,14.48,0.00,289.23,0,-97.00,-12.00,0.00,0.00,47.00,0.00,0,146
96.05,1547728941,1362.85,51.51775561,7.46654274,141.51,14.48,0.00,289.23,0,-98.00,-13.00,0.00,0.00,47.00,0.00,0,151
97.05,1547728942,1377.31,51.51779743,7.46635216,140.44,14.34,0.00,287.41,0,-97.00,-12.00,0.00,0.00,47.00,0.00,0,146
97.05,1547728942,1377.32,51.51779743,7.46635216,140.44,14.34,0.00,287.41,0,-98.00,-13.00,0.00,0.00,47.00,0.00,0,151
98.05,1547728943,1391.66,51.51782985,7.46615417,139.24,14.52,0.00,285.62,0,-100.00,-10.00,0.00,0.00,41.00,0.00,0,470
98.05,1547728943,1391.68,51.51782985,7.46615417,139.24,14.52,0.00,285.62,0,-104.00,-11.00,0.00,0.00,39.00,0.00,0,331
98.05,1547728943,1391.68,51.51782985,7.46615417,139.24,14.52,0.00,285.62,0,-95.00,-12.00,0.00,0.00,48.00,0.00,0,146
98.05,1547728943,1391.69,51.51782985,7.46615417,139.24,14.52,0.00,285.62,0,-96.00,-14.00,0.00,0.00,49.00,0.00,0,151
99.05,1547728944,1406.18,51.51785546,7.46594205,137.99,14.12,0.00,283.99,0,-100.00,-10.00,0.00,0.00,41.00,0.00,0,470
99.05,1547728944,1406.20,51.51785546,7.46594205,137.99,14.12,0.00,283.99,0,-104.00,-11.00,0.00,0.00,39.00,0.00,0,331
99.05,1547728944,1406.20,51.51785546,7.46594205,137.99,14.12,0.00,283.99,0,-95.00,-12.00,0.00,0.00,48.00,0.00,0,146
99.05,1547728944,1406.21,51.51785546,7.46594205,137.99,14.12,0.00,283.99,0,-96.00,-14.00,0.00,0.00,49.00,0.00,0,151
100.05,1547728945,1420.29,51.51786882,7.46570399,137.83,15.55,0.00,281.19,0,-99.00,-10.00,0.00,0.00,43.00,0.00,0,358
100.05,1547728945,1420.31,51.51786882,7.46570399,137.83,15.55,0.00,281.19,0,-98.00,-16.00,0.00,0.00,49.00,0.00,0,151
100.05,1547728945,1420.32,51.51786882,7.46570399,137.83,15.55,0.00,281.19,0,-100.00,-14.00,0.00,0.00,44.00,0.00,0,146
100.05,1547728945,1420.34,51.51786882,7.46570399,137.83,15.55,0.00,281.19,0,-103.00,-19.00,0.00,0.00,48.00,0.00,0,273
101.06,1547728946,1436.06,51.51787710,7.46547044,137.71,15.27,0.00,278.65,0,-99.00,-10.00,0.00,0.00,43.00,0.00,0,358
101.06,1547728946,1436.06,51.51787710,7.46547044,137.71,15.27,0.00,278.65,0,-98.00,-16.00,0.00,0.00,49.00,0.00,0,151
101.06,1547728946,1436.07,51.51787710,7.46547044,137.71,15.27,0.00,278.65,0,-100.00,-14.00,0.00,0.00,44.00,0.00,0,146
101.06,1547728946,1436.09,51.51787710,7.46547044,137.71,15.27,0.00,278.65,0,-103.00,-19.00,0.00,0.00,48.00,0.00,0,273
102.05,1547728947,1451.08,51.51787763,7.46526420,137.57,13.97,0.00,275.74,0,-98.00,-13.00,0.00,0.00,47.00,0.00,0,24
102.05,1547728947,1451.09,51.51787763,7.46526420,137.57,13.97,0.00,275.74,0,-99.00,-14.00,0.00,0.00,48.00,0.00,0,443
102.05,1547728947,1451.09,51.51787763,7.46526420,137.57,13.97,0.00,275.74,0,-100.00,-14.00,0.00,0.00,47.00,0.00,0,358
102.05,1547728947,1451.09,51.51787763,7.46526420,137.57,13.97,0.00,275.74,0,-99.00,-14.00,0.00,0.00,46.00,0.00,0,151
102.05,1547728947,1451.10,51.51787763,7.46526420,137.57,13.97,0.00,275.74,0,-105.00,-17.00,0.00,0.00,43.00,0.00,0,146
103.05,1547728948,1465.04,51.51787631,7.46505134,137.26,14.95,0.00,272.84,0,-98.00,-13.00,0.00,0.00,47.00,0.00,0,24
103.05,1547728948,1465.04,51.51787631,7.46505134,137.26,14.95,0.00,272.84,0,-99.00,-14.00,0.00,0.00,48.00,0.00,0,443
103.05,1547728948,1465.04,51.51787631,7.46505134,137.26,14.95,0.00,272.84,0,-100.00,-14.00,0.00,0.00,47.00,0.00,0,358
103.05,1547728948,1465.06,51.51787631,7.46505134,137.26,14.95,0.00,272.84,0,-99.00,-14.00,0.00,0.00,46.00,0.00,0,151
103.05,1547728948,1465.07,51.51787631,7.46505134,137.26,14.95,0.00,272.84,0,-105.00,-17.00,0.00,0.00,43.00,0.00,0,146
104.05,1547728949,1480.07,51.51786795,7.46483877,136.68,15.03,0.00,270.03,0,-95.00,-11.00,0.00,0.00,47.00,0.00,0,24
104.05,1547728949,1480.07,51.51786795,7.46483877,136.68,15.03,0.00,270.03,0,-97.00,-12.00,0.00,0.00,47.00,0.00,0,358
104.05,1547728949,1480.08,51.51786795,7.46483877,136.68,15.03,0.00,270.03,0,-97.00,-12.00,0.00,0.00,46.00,0.00,0,443
104.05,1547728949,1480.10,51.51786795,7.46483877,136.68,15.03,0.00,270.03,0,-101.00,-17.00,0.00,0.00,47.00,0.00,0,151
104.05,1547728949,1480.10,51.51786795,7.46483877,136.68,15.03,0.00,270.03,0,-103.00,-18.00,0.00,0.00,47.00,0.00,0,274
105.05,1547728950,1495.09,51.51785321,7.46462555,135.73,14.66,0.00,267.33,0,-95.00,-11.00,0.00,0.00,47.00,0.00,0,24
105.05,1547728950,1495.10,51.51785321,7.46462555,135.73,14.66,0.00,267.33,0,-97.00,-12.00,0.00,0.00,47.00,0.00,0,358
105.05,1547728950,1495.12,51.51785321,7.46462555,135.73,14.66,0.00,267.33,0,-97.00,-12.00,0.00,0.00,46.00,0.00,0,443
105.05,1547728950,1495.12,51.51785321,7.46462555,135.73,14.66,0.00,267.33,0,-101.00,-17.00,0.00,0.00,47.00,0.00,0,151
105.05,1547728950,1495.13,51.51785321,7.46462555,135.73,14.66,0.00,267.33,0,-103.00,-18.00,0.00,0.00,47.00,0.00,0,274
106.05,1547728951,1509.73,51.51782935,7.46440872,134.41,14.62,0.00,264.64,0,-95.00,-12.00,0.00,0.00,50.00,0.00,0,470
106.05,1547728951,1509.75,51.51782935,7.46440872,134.41,14.62,0.00,264.64,0,-95.00,-14.00,0.00,0.00,50.00,0.00,0,443
106.05,1547728951,1509.76,51.51782935,7.46440872,134.41,14.62,0.00,264.64,0,-92.00,-9.00,0.00,0.00,48.00,0.00,0,189
106.05,1547728951,1509.76,51.51782935,7.46440872,134.41,14.62,0.00,264.64,0,-96.00,-12.00,0.00,0.00,47.00,0.00,0,141
107.05,1547728952,1524.34,51.51779995,7.46421100,133.38,14.56,0.00,261.79,0,-95.00,-12.00,0.00,0.00,50.00,0.00,0,470
107.05,1547728952,1524.35,51.51779995,7.46421100,133.38,14.56,0.00,261.79,0,-95.00,-14.00,0.00,0.00,50.00,0.00,0,443
107.05,1547728952,1524.37,51.51779995,7.46421100,133.38,14.56,0.00,261.79,0,-92.00,-9.00,0.00,0.00,48.00,0.00,0,189
107.05,1547728952,1524.37,51.51779995,7.46421100,133.38,14.56,0.00,261.79,0,-96.00,-12.00,0.00,0.00,47.00,0.00,0,141
108.05,1547728953,1538.89,51.51775999,7.46400615,132.33,15.34,0.00,258.09,0,-92.00,-9.00,0.00,0.00,49.00,0.00,0,443
108.05,1547728953,1538.90,51.51775999,7.46400615,132.33,15.34,0.00,258.09,0,-94.00,-11.00,0.00,0.00,47.00,0.00,0,189
109.05,1547728954,1554.23,51.51771280,7.46378759,131.96,15.70,0.00,255.28,0,-92.00,-9.00,0.00,0.00,49.00,0.00,0,443
109.05,1547728954,1554.24,51.51771280,7.46378759,131.96,15.70,0.00,255.28,0,-94.00,-11.00,0.00,0.00,47.00,0.00,0,189
110.06,1547728955,1570.07,51.51765929,7.46357107,131.99,15.61,0.00,252.86,0,-88.00,-8.00,0.00,0.00,52.00,0.00,0,443
110.06,1547728955,1570.07,51.51765929,7.46357107,131.99,15.61,0.00,252.86,0,-95.00,-11.00,0.00,0.00,47.00,0.00,0,141
110.06,1547728955,1570.08,51.51765929,7.46357107,131.99,15.61,0.00,252.86,0,-96.00,-12.00,0.00,0.00,47.00,0.00,0,189
111.05,1547728956,1585.59,51.51760514,7.46336966,132.20,14.95,0.00,250.85,0,-88.00,-8.00,0.00,0.00,52.00,0.00,0,443
111.05,1547728956,1585.61,51.51760514,7.46336966,132.20,14.95,0.00,250.85,0,-95.00,-11.00,0.00,0.00,47.00,0.00,0,141
111.05,1547728956,1585.62,51.51760514,7.46336966,132.20,14.95,0.00,250.85,0,-96.00,-12.00,0.00,0.00,47.00,0.00,0,189
112.04,1547728957,1600.44,51.51663930,7.45170670,132.14,14.86,0.00,249.57,0,-88.00,-8.00,0.00,0.00,52.00,0.00,0,443
112.04,1547728957,1600.44,51.51663930,7.45170670,132.14,14.86,0.00,249.57,0,-95.00,-11.00,0.00,0.00,47.00,0.00,0,141
112.05,1547728957,1600.45,51.51663930,7.45170670,132.14,14.86,0.00,249.57,0,-96.00,-12.00,0.00,0.00,47.00,0.00,0,189
113.04,1547728958,1615.30,51.51749594,7.46297567,131.82,14.82,0.00,248.71,0,-89.00,-7.00,0.00,0.00,51.00,0.00,0,443
113.05,1547728958,1615.32,51.51749594,7.46297567,131.82,14.82,0.00,248.71,0,-91.00,-10.00,0.00,0.00,50.00,0.00,0,141
113.05,1547728958,1615.32,51.51749594,7.46297567,131.82,14.82,0.00,248.71,0,-95.00,-12.00,0.00,0.00,50.00,0.00,0,189
114.04,1547728959,1630.12,51.51743647,7.46278816,132.06,15.25,0.00,248.22,0,-89.00,-7.00,0.00,0.00,51.00,0.00,0,443
114.05,1547728959,1630.13,51.51743647,7.46278816,132.06,15.25,0.00,248.22,0,-91.00,-10.00,0.00,0.00,50.00,0.00,0,141
114.05,1547728959,1630.13,51.51743647,7.46278816,132.06,15.25,0.00,248.22,0,-95.00,-12.00,0.00,0.00,50.00,0.00,0,189
115.05,1547728960,1645.41,51.51738084,7.46258993,131.92,15.07,0.00,247.77,0,-85.00,-10.00,0.00,0.00,57.00,0.00,0,443
115.05,1547728960,1645.43,51.51738084,7.46258993,131.92,15.07,0.00,247.77,0,-87.00,-9.00,0.00,0.00,52.00,0.00,0,141
115.05,1547728960,1645.44,51.51738084,7.46258993,131.92,15.07,0.00,247.77,0,-92.00,-12.00,0.00,0.00,51.00,0.00,0,189
116.05,1547728961,1660.51,51.51733666,7.46240705,131.71,14.21,0.00,248.66,0,-85.00,-10.00,0.00,0.00,57.00,0.00,0,443
116.05,1547728961,1660.51,51.51733666,7.46240705,131.71,14.21,0.00,248.66,0,-87.00,-9.00,0.00,0.00,52.00,0.00,0,141
116.05,1547728961,1660.52,51.51733666,7.46240705,131.71,14.21,0.00,248.66,0,-92.00,-12.00,0.00,0.00,51.00,0.00,0,189
117.05,1547728962,1674.67,51.51729288,7.46221496,131.45,14.65,0.00,249.52,0,-90.00,-11.00,0.00,0.00,52.00,0.00,0,189
117.05,1547728962,1674.69,51.51729288,7.46221496,131.45,14.65,0.00,249.52,0,-92.00,-12.00,0.00,0.00,51.00,0.00,0,274
118.05,1547728963,1689.33,51.51724547,7.46201545,131.81,14.85,0.00,250.47,0,-90.00,-11.00,0.00,0.00,52.00,0.00,0,189
118.05,1547728963,1689.35,51.51724547,7.46201545,131.81,14.85,0.00,250.47,0,-92.00,-12.00,0.00,0.00,51.00,0.00,0,274
119.05,1547728964,1704.18,51.51719672,7.46180532,132.18,15.32,0.00,251.40,0,-86.00,-7.00,0.00,0.00,51.00,0.00,0,274
119.05,1547728964,1704.20,51.51719672,7.46180532,132.18,15.32,0.00,251.40,0,-89.00,-10.00,0.00,0.00,51.00,0.00,0,189
120.05,1547728965,1719.50,51.51715252,7.46159440,132.00,14.48,0.00,251.04,0,-86.00,-7.00,0.00,0.00,51.00,0.00,0,274
120.05,1547728965,1719.52,51.51715252,7.46159440,132.00,14.48,0.00,251.04,0,-89.00,-10.00,0.00,0.00,51.00,0.00,0,189
121.06,1547728966,1734.14,51.51710613,7.46138859,131.96,14.84,0.00,251.54,0,-80.00,-8.00,0.00,0.00,58.00,0.00,0,189
121.06,1547728966,1734.14,51.51710613,7.46138859,131.96,14.84,0.00,251.54,0,-83.00,-9.00,0.00,0.00,56.00,0.00,0,274
122.04,1547728967,1748.78,51.51705676,7.46119869,133.21,13.80,0.00,252.20,0,-80.00,-8.00,0.00,0.00,58.00,0.00,0,189
122.04,1547728967,1748.78,51.51705676,7.46119869,133.21,13.80,0.00,252.20,0,-83.00,-9.00,0.00,0.00,56.00,0.00,0,274
123.04,1547728968,1762.56,51.51700946,7.46100188,134.36,14.34,0.00,252.53,0,-71.00,-7.00,0.00,0.00,63.00,0.00,0,274
124.05,1547728969,1776.97,51.51696577,7.46079405,134.22,14.42,0.00,252.37,0,-71.00,-7.00,0.00,0.00,63.00,0.00,0,274
125.05,1547728970,1791.40,51.51692195,7.46059945,134.95,13.91,0.00,252.65,0,-88.00,-8.00,0.00,0.00,51.00,0.00,0,331
125.05,1547728970,1791.41,51.51692195,7.46059945,134.95,13.91,0.00,252.65,0,-77.00,-9.00,0.00,0.00,63.00,0.00,0,274
125.05,1547728970,1791.43,51.51692195,7.46059945,134.95,13.91,0.00,252.65,0,-80.00,-11.00,0.00,0.00,62.00,0.00,0,189
126.05,1547728971,1805.30,51.51688283,7.46040171,134.63,14.34,0.00,252.62,0,-88.00,-8.00,0.00,0.00,51.00,0.00,0,331
126.05,1547728971,1805.31,51.51688283,7.46040171,134.63,14.34,0.00,252.62,0,-77.00,-9.00,0.00,0.00,63.00,0.00,0,274
126.05,1547728971,1805.31,51.51688283,7.46040171,134.63,14.34,0.00,252.62,0,-80.00,-11.00,0.00,0.00,62.00,0.00,0,189
127.05,1547728972,1819.63,51.51684579,7.46019704,133.88,14.34,0.00,252.53,0,-79.00,-11.00,0.00,0.00,63.00,0.00,0,189
127.05,1547728972,1819.64,51.51684579,7.46019704,133.88,14.34,0.00,252.53,0,-85.00,-16.00,0.00,0.00,63.00,0.00,0,274
128.05,1547728973,1833.97,51.51679137,7.45998041,134.54,14.16,0.00,254.42,0,-79.00,-11.00,0.00,0.00,63.00,0.00,0,189
128.05,1547728973,1833.98,51.51679137,7.45998041,134.54,14.16,0.00,254.42,0,-85.00,-16.00,0.00,0.00,63.00,0.00,0,274
131.05,1547728976,1878.60,51.51669188,7.45933090,136.29,15.38,0.00,257.45,0,-87.00,-11.00,0.00,0.00,56.00,0.00,0,189
132.04,1547728977,1893.90,51.51646030,7.45969680,136.26,14.89,0.00,258.05,0,-87.00,-11.00,0.00,0.00,56.00,0.00,0,189
133.05,1547728978,1908.80,51.51665043,7.45892141,135.12,14.03,0.00,258.75,0,-87.00,-11.00,0.00,0.00,56.00,0.00,0,189
134.05,1547728979,1922.86,51.51662787,7.45871738,133.85,14.39,0.00,259.18,0,-86.00,-12.00,0.00,0.00,57.00,0.00,0,189
135.05,1547728980,1937.25,51.51660720,7.45853157,133.44,13.87,0.00,259.12,0,-86.00,-12.00,0.00,0.00,57.00,0.00,0,189
136.05,1547728981,1951.11,51.51658706,7.45834789,133.59,13.06,0.00,259.51,0,-86.00,-6.00,0.00,0.00,51.00,0.00,0,331
136.05,1547728981,1951.13,51.51658706,7.45834789,133.59,13.06,0.00,259.51,0,-81.00,-7.00,0.00,0.00,57.00,0.00,0,189
137.05,1547728982,1964.17,51.51656953,7.45817111,133.35,12.06,0.00,258.81,0,-86.00,-6.00,0.00,0.00,51.00,0.00,0,331
137.05,1547728982,1964.19,51.51656953,7.45817111,133.35,12.06,0.00,258.81,0,-81.00,-7.00,0.00,0.00,57.00,0.00,0,189
138.05,1547728983,1976.23,51.51655281,7.45801333,132.96,10.10,0.00,258.43,0,-87.00,-6.00,0.00,0.00,51.00,0.00,0,331
138.05,1547728983,1976.24,51.51655281,7.45801333,132.96,10.10,0.00,258.43,0,-88.00,-10.00,0.00,0.00,52.00,0.00,0,189
139.05,1547728984,1986.33,51.51653342,7.45786561,132.89,9.13,0.00,258.40,0,-87.00,-6.00,0.00,0.00,51.00,0.00,0,331
139.05,1547728984,1986.33,51.51653342,7.45786561,132.89,9.13,0.00,258.40,0,-88.00,-10.00,0.00,0.00,52.00,0.00,0,189
140.05,1547728985,1995.47,51.51651744,7.45773045,133.00,8.38,0.00,257.77,0,-89.00,-7.00,0.00,0.00,50.00,0.00,0,443
140.05,1547728985,1995.47,51.51651744,7.45773045,133.00,8.38,0.00,257.77,0,-87.00,-9.00,0.00,0.00,52.00,0.00,0,141
140.05,1547728985,1995.48,51.51651744,7.45773045,133.00,8.38,0.00,257.77,0,-88.00,-9.00,0.00,0.00,52.00,0.00,0,189
141.05,1547728986,2003.86,51.51649525,7.45760272,133.28,7.80,0.00,257.33,0,-89.00,-7.00,0.00,0.00,50.00,0.00,0,443
141.05,1547728986,2003.87,51.51649525,7.45760272,133.28,7.80,0.00,257.33,0,-87.00,-9.00,0.00,0.00,52.00,0.00,0,141
141.05,1547728986,2003.87,51.51649525,7.45760272,133.28,7.80,0.00,257.33,0,-88.00,-9.00,0.00,0.00,52.00,0.00,0,189
142.04,1547728987,2011.60,51.51647989,7.45751167,133.36,5.02,0.00,256.69,0,-92.00,-9.00,0.00,0.00,48.00,0.00,0,443
142.04,1547728987,2011.60,51.51647989,7.45751167,133.36,5.02,0.00,256.69,0,-87.00,-9.00,0.00,0.00,52.00,0.00,0,141
142.04,1547728987,2011.60,51.51647989,7.45751167,133.36,5.02,0.00,256.69,0,-88.00,-10.00,0.00,0.00,52.00,0.00,0,189
143.04,1547728988,2016.61,51.51646618,7.45744510,133.37,3.84,0.00,252.70,0,-92.00,-9.00,0.00,0.00,48.00,0.00,0,443
143.04,1547728988,2016.62,51.51646618,7.45744510,133.37,3.84,0.00,252.70,0,-87.00,-9.00,0.00,0.00,52.00,0.00,0,141
143.04,1547728988,2016.62,51.51646618,7.45744510,133.37,3.84,0.00,252.70,0,-88.00,-10.00,0.00,0.00,52.00,0.00,0,189
144.05,1547728989,2020.48,51.51645853,7.45739985,133.41,2.35,0.00,251.52,0,-92.00,-15.00,0.00,0.00,54.00,0.00,0,443
144.05,1547728989,2020.48,51.51645853,7.45739985,133.41,2.35,0.00,251.52,0,-89.00,-10.00,0.00,0.00,52.00,0.00,0,141
144.05,1547728989,2020.48,51.51645853,7.45739985,133.41,2.35,0.00,251.52,0,-89.00,-11.00,0.00,0.00,53.00,0.00,0,189
145.05,1547728990,2022.82,51.51645973,7.45738044,133.47,0.57,0.00,251.52,0,-92.00,-15.00,0.00,0.00,54.00,0.00,0,443
145.05,1547728990,2022.82,51.51645973,7.45738044,133.47,0.57,0.00,251.52,0,-89.00,-10.00,0.00,0.00,52.00,0.00,0,141
145.05,1547728990,2022.82,51.51645973,7.45738044,133.47,0.57,0.00,251.52,0,-89.00,-11.00,0.00,0.00,53.00,0.00,0,189
146.05,1547728991,2023.39,51.51645973,7.45738044,133.48,0.00,0.00,251.52,0,-89.00,-7.00,0.00,0.00,49.00,0.00,0,469
146.05,1547728991,2023.39,51.51645973,7.45738044,133.48,0.00,0.00,251.52,0,-92.00,-9.00,0.00,0.00,48.00,0.00,0,443
146.05,1547728991,2023.39,51.51645973,7.45738044,133.48,0.00,0.00,251.52,0,-87.00,-10.00,0.00,0.00,53.00,0.00,0,141
146.05,1547728991,2023.39,51.51645973,7.45738044,133.48,0.00,0.00,251.52,0,-88.00,-10.00,0.00,0.00,53.00,0.00,0,189
147.05,1547728992,2023.39,51.51645973,7.45738044,133.48,0.00,0.00,251.52,0,-89.00,-7.00,0.00,0.00,49.00,0.00,0,469
147.05,1547728992,2023.39,51.51645973,7.45738044,133.48,0.00,0.00,251.52,0,-92.00,-9.00,0.00,0.00,48.00,0.00,0,443
147.05,1547728992,2023.39,51.51645973,7.45738044,133.48,0.00,0.00,251.52,0,-87.00,-10.00,0.00,0.00,53.00,0.00,0,141
147.05,1547728992,2023.39,51.51645973,7.45738044,133.48,0.00,0.00,251.52,0,-88.00,-10.00,0.00,0.00,53.00,0.00,0,189
148.05,1547728993,2023.39,51.51645973,7.45738044,133.47,0.00,0.00,251.52,0,-89.00,-7.00,0.00,0.00,50.00,0.00,0,469
148.05,1547728993,2023.39,51.51645973,7.45738044,133.47,0.00,0.00,251.52,0,-87.00,-8.00,0.00,0.00,52.00,0.00,0,141
148.05,1547728993,2023.39,51.51645973,7.45738044,133.47,0.00,0.00,251.52,0,-90.00,-11.00,0.00,0.00,52.00,0.00,0,189
149.05,1547728994,2023.39,51.51645973,7.45738044,133.45,0.00,0.00,251.52,0,-89.00,-7.00,0.00,0.00,50.00,0.00,0,469
149.05,1547728994,2023.39,51.51645973,7.45738044,133.45,0.00,0.00,251.52,0,-87.00,-8.00,0.00,0.00,52.00,0.00,0,141
149.05,1547728994,2023.39,51.51645973,7.45738044,133.45,0.00,0.00,251.52,0,-90.00,-11.00,0.00,0.00,52.00,0.00,0,189
150.05,1547728995,2023.39,51.51645973,7.45738044,133.43,0.00,0.00,251.52,0,-90.00,-7.00,0.00,0.00,49.00,0.00,0,469
150.05,1547728995,2023.39,51.51645973,7.45738044,133.43,0.00,0.00,251.52,0,-88.00,-9.00,0.00,0.00,52.00,0.00,0,141
150.05,1547728995,2023.39,51.51645973,7.45738044,133.43,0.00,0.00,251.52,0,-89.00,-11.00,0.00,0.00,52.00,0.00,0,189
151.05,1547728996,2023.39,51.51645973,7.45738044,133.41,0.00,0.00,251.52,0,-90.00,-7.00,0.00,0.00,49.00,0.00,0,469
151.05,1547728996,2023.39,51.51645973,7.45738044,133.41,0.00,0.00,251.52,0,-88.00,-9.00,0.00,0.00,52.00,0.00,0,141
151.05,1547728996,2023.39,51.51645973,7.45738044,133.41,0.00,0.00,251.52,0,-89.00,-11.00,0.00,0.00,52.00,0.00,0,189
152.05,1547728997,2023.39,51.51872730,7.45522890,133.40,0.00,0.00,251.52,0,-90.00,-8.00,0.00,0.00,49.00,0.00,0,469
152.05,1547728997,2023.39,51.51872730,7.45522890,133.40,0.00,0.00,251.52,0,-88.00,-9.00,0.00,0.00,51.00,0.00,0,141
152.05,1547728997,2023.39,51.51872730,7.45522890,133.40,0.00,0.00,251.52,0,-89.00,-9.00,0.00,0.00,51.00,0.00,0,189
153.05,1547728998,2023.39,51.51645973,7.45738044,133.39,0.00,0.00,251.52,0,-90.00,-8.00,0.00,0.00,49.00,0.00,0,469
153.05,1547728998,2023.39,51.51645973,7.45738044,133.39,0.00,0.00,251.52,0,-88.00,-9.00,0.00,0.00,51.00,0.00,0,141
153.05,1547728998,2023.39,51.51645973,7.45738044,133.39,0.00,0.00,251.52,0,-89.00,-9.00,0.00,0.00,51.00,0.00,0,189
154.05,1547728999,2023.39,51.51645973,7.45738044,133.39,0.00,0.00,251.52,0,-90.00,-8.00,0.00,0.00,49.00,0.00,0,469
154.05,1547728999,2023.39,51.51645973,7.45738044,133.39,0.00,0.00,251.52,0,-88.00,-9.00,0.00,0.00,51.00,0.00,0,141
154.05,1547728999,2023.39,51.51645973,7.45738044,133.39,0.00,0.00,251.52,0,-89.00,-9.00,0.00,0.00,51.00,0.00,0,189
155.05,1547729000,2023.39,51.51645973,7.45738044,133.41,0.00,0.00,251.52,0,-90.00,-7.00,0.00,0.00,49.00,0.00,0,469
155.05,1547729000,2023.39,51.51645973,7.45738044,133.41,0.00,0.00,251.52,0,-87.00,-11.00,0.00,0.00,54.00,0.00,0,141
155.05,1547729000,2023.39,51.51645973,7.45738044,133.41,0.00,0.00,251.52,0,-89.00,-12.00,0.00,0.00,54.00,0.00,0,189
156.05,1547729001,2023.39,51.51645973,7.45738044,133.49,0.00,0.00,248.34,0,-90.00,-7.00,0.00,0.00,49.00,0.00,0,469
156.05,1547729001,2023.39,51.51645973,7.45738044,133.49,0.00,0.00,248.34,0,-87.00,-11.00,0.00,0.00,54.00,0.00,0,141
156.05,1547729001,2023.39,51.51645973,7.45738044,133.49,0.00,0.00,248.34,0,-89.00,-12.00,0.00,0.00,54.00,0.00,0,189
157.05,1547729002,2023.39,51.51643711,7.45726036,133.57,0.00,0.00,254.20,0,-87.00,-9.00,0.00,0.00,52.00,0.00,0,189
157.05,1547729002,2023.39,51.51643711,7.45726036,133.57,0.00,0.00,254.20,0,-88.00,-9.00,0.00,0.00,51.00,0.00,0,141
158.05,1547729003,2023.40,51.51642569,7.45718736,133.97,5.34,0.00,254.77,0,-87.00,-9.00,0.00,0.00,52.00,0.00,0,189
158.05,1547729003,2023.40,51.51642569,7.45718736,133.97,5.34,0.00,254.77,0,-88.00,-9.00,0.00,0.00,51.00,0.00,0,141
159.05,1547729004,2028.75,51.51640597,7.45709370,134.46,6.79,0.00,253.23,0,-85.00,-8.00,0.00,0.00,54.00,0.00,0,189
159.05,1547729004,2028.75,51.51640597,7.45709370,134.46,6.79,0.00,253.23,0,-87.00,-10.00,0.00,0.00,53.00,0.00,0,141
160.05,1547729005,2035.54,51.51638031,7.45695907,134.87,6.79,0.00,253.98,0,-85.00,-8.00,0.00,0.00,54.00,0.00,0,189
160.05,1547729005,2035.54,51.51638031,7.45695907,134.87,6.79,0.00,253.98,0,-87.00,-10.00,0.00,0.00,53.00,0.00,0,141
161.05,1547729006,2042.34,51.51635028,7.45684137,135.12,7.53,0.00,250.98,0,-93.00,-9.00,0.00,0.00,47.00,0.00,0,443
161.05,1547729006,2042.34,51.51635028,7.45684137,135.12,7.53,0.00,250.98,0,-87.00,-9.00,0.00,0.00,52.00,0.00,0,141
161.05,1547729006,2042.34,51.51635028,7.45684137,135.12,7.53,0.00,250.98,0,-89.00,-11.00,0.00,0.00,53.00,0.00,0,189
162.05,1547729007,2049.87,51.51631628,7.45672382,135.56,7.32,0.00,248.17,0,-93.00,-9.00,0.00,0.00,47.00,0.00,0,443
162.05,1547729007,2049.88,51.51631628,7.45672382,135.56,7.32,0.00,248.17,0,-87.00,-9.00,0.00,0.00,52.00,0.00,0,141
162.05,1547729007,2049.88,51.51631628,7.45672382,135.56,7.32,0.00,248.17,0,-89.00,-11.00,0.00,0.00,53.00,0.00,0,189
163.05,1547729008,2057.18,51.51628168,7.45659836,135.56,8.08,0.00,247.20,0,-86.00,-11.00,0.00,0.00,56.00,0.00,0,141
163.05,1547729008,2057.19,51.51628168,7.45659836,135.56,8.08,0.00,247.20,0,-87.00,-12.00,0.00,0.00,55.00,0.00,0,189
164.05,1547729009,2065.27,51.51624477,7.45646877,135.44,8.62,0.00,244.97,0,-86.00,-11.00,0.00,0.00,56.00,0.00,0,141
164.05,1547729009,2065.27,51.51624477,7.45646877,135.44,8.62,0.00,244.97,0,-87.00,-12.00,0.00,0.00,55.00,0.00,0,189
165.04,1547729010,2073.85,51.51618857,7.45632261,136.72,10.44,0.00,242.89,0,-87.00,-9.00,0.00,0.00,53.00,0.00,0,141
165.04,1547729010,2073.85,51.51618857,7.45632261,136.72,10.44,0.00,242.89,0,-87.00,-10.00,0.00,0.00,53.00,0.00,0,189
166.05,1547729011,2084.33,51.51614183,7.45618584,137.05,10.70,0.00,241.27,0,-87.00,-9.00,0.00,0.00,53.00,0.00,0,141
166.05,1547729011,2084.34,51.51614183,7.45618584,137.05,10.70,0.00,241.27,0,-87.00,-10.00,0.00,0.00,53.00,0.00,0,189
167.05,1547729012,2095.05,51.51609624,7.45604249,136.59,10.84,0.00,240.45,0,-89.00,-7.00,0.00,0.00,50.00,0.00,0,24
167.05,1547729012,2095.06,51.51609624,7.45604249,136.59,10.84,0.00,240.45,0,-86.00,-9.00,0.00,0.00,54.00,0.00,0,455
167.05,1547729012,2095.07,51.51609624,7.45604249,136.59,10.84,0.00,240.45,0,-90.00,-13.00,0.00,0.00,54.00,0.00,0,189
168.05,1547729013,2105.88,51.51604828,7.45590234,135.26,11.01,0.00,238.36,0,-89.00,-7.00,0.00,0.00,50.00,0.00,0,24
168.05,1547729013,2105.88,51.51604828,7.45590234,135.26,11.01,0.00,238.36,0,-86.00,-9.00,0.00,0.00,54.00,0.00,0,455
168.05,1547729013,2105.89,51.51604828,7.45590234,135.26,11.01,0.00,238.36,0,-90.00,-13.00,0.00,0.00,54.00,0.00,0,189
169.05,1547729014,2116.90,51.51599122,7.45576146,134.07,11.41,0.00,235.31,0,-85.00,-8.00,0.00,0.00,55.00,0.00,0,24
169.05,1547729014,2116.91,51.51599122,7.45576146,134.07,11.41,0.00,235.31,0,-83.00,-8.00,0.00,0.00,56.00,0.00,0,455
169.05,1547729014,2116.91,51.51599122,7.45576146,134.07,11.41,0.00,235.31,0,-83.00,-9.00,0.00,0.00,56.00,0.00,0,189
170.05,1547729015,2128.31,51.51592918,7.45563124,133.22,10.79,0.00,231.99,0,-85.00,-8.00,0.00,0.00,55.00,0.00,0,24
170.05,1547729015,2128.32,51.51592918,7.45563124,133.22,10.79,0.00,231.99,0,-83.00,-8.00,0.00,0.00,56.00,0.00,0,455
170.05,1547729015,2128.32,51.51592918,7.45563124,133.22,10.79,0.00,231.99,0,-83.00,-9.00,0.00,0.00,56.00,0.00,0,189
171.05,1547729016,2139.10,51.51587089,7.45552647,132.55,9.04,0.00,228.65,0,-87.00,-8.00,0.00,0.00,54.00,0.00,0,24
171.05,1547729016,2139.11,51.51587089,7.45552647,132.55,9.04,0.00,228.65,0,-83.00,-9.00,0.00,0.00,56.00,0.00,0,455
171.05,1547729016,2139.12,51.51587089,7.45552647,132.55,9.04,0.00,228.65,0,-83.00,-9.00,0.00,0.00,57.00,0.00,0,189
172.05,1547729017,2148.16,51.51646030,7.45969680,132.19,8.32,0.00,225.47,0,-87.00,-8.00,0.00,0.00,54.00,0.00,0,24
172.05,1547729017,2148.17,51.51646030,7.45969680,132.19,8.32,0.00,225.47,0,-83.00,-9.00,0.00,0.00,56.00,0.00,0,455
172.05,1547729017,2148.18,51.51646030,7.45969680,132.19,8.32,0.00,225.47,0,-83.00,-9.00,0.00,0.00,57.00,0.00,0,189
173.06,1547729018,2156.53,51.51575413,7.45534957,132.29,8.47,0.00,222.44,0,-84.00,-6.00,0.00,0.00,54.00,0.00,0,24
173.06,1547729018,2156.53,51.51575413,7.45534957,132.29,8.47,0.00,222.44,0,-80.00,-6.00,0.00,0.00,57.00,0.00,0,455
173.06,1547729018,2156.53,51.51575413,7.45534957,132.29,8.47,0.00,222.44,0,-85.00,-11.00,0.00,0.00,56.00,0.00,0,189
174.05,1547729019,2164.93,51.51569034,7.45528707,132.28,8.04,0.00,209.43,0,-84.00,-6.00,0.00,0.00,54.00,0.00,0,24
174.05,1547729019,2164.94,51.51569034,7.45528707,132.28,8.04,0.00,209.43,0,-80.00,-6.00,0.00,0.00,57.00,0.00,0,455
174.05,1547729019,2164.95,51.51569034,7.45528707,132.28,8.04,0.00,209.43,0,-85.00,-11.00,0.00,0.00,56.00,0.00,0,189
175.05,1547729020,2172.96,51.51563260,7.45523426,131.43,7.16,0.00,207.60,0,-84.00,-6.00,0.00,0.00,54.00,0.00,0,24
175.05,1547729020,2172.97,51.51563260,7.45523426,131.43,7.16,0.00,207.60,0,-80.00,-6.00,0.00,0.00,57.00,0.00,0,455
175.05,1547729020,2172.97,51.51563260,7.45523426,131.43,7.16,0.00,207.60,0,-85.00,-11.00,0.00,0.00,56.00,0.00,0,189
176.05,1547729021,2180.11,51.51557885,7.45519004,130.30,6.81,0.00,207.97,0,-91.00,-10.00,0.00,0.00,50.00,0.00,0,443
177.05,1547729022,2186.93,51.51551543,7.45515308,129.74,7.22,0.00,204.47,0,-91.00,-10.00,0.00,0.00,50.00,0.00,0,443
178.05,1547729023,2194.15,51.51543699,7.45514375,129.44,7.95,0.00,186.12,0,-93.00,-11.00,0.00,0.00,49.00,0.00,0,443
179.05,1547729024,2202.10,51.51536376,7.45513576,128.66,7.36,0.00,185.46,0,-93.00,-11.00,0.00,0.00,49.00,0.00,0,443
182.05,1547729027,2227.60,51.51508310,7.45514221,131.65,10.74,0.00,179.09,0,-83.00,-13.00,0.00,0.00,61.00,0.00,0,25
182.05,1547729027,2227.61,51.51508310,7.45514221,131.65,10.74,0.00,179.09,0,-85.00,-13.00,0.00,0.00,60.00,0.00,0,443
183.04,1547729028,2238.27,51.51497327,7.45517051,132.79,11.76,0.00,177.37,0,-83.00,-13.00,0.00,0.00,61.00,0.00,0,25
183.04,1547729028,2238.27,51.51497327,7.45517051,132.79,11.76,0.00,177.37,0,-85.00,-13.00,0.00,0.00,60.00,0.00,0,443
188.05,1547729033,2302.14,51.51438009,7.45532312,135.27,14.15,0.00,172.50,0,-76.00,-13.00,0.00,0.00,63.00,0.00,0,25
189.05,1547729034,2316.27,51.51425716,7.45534101,136.36,13.52,0.00,171.88,0,-76.00,-13.00,0.00,0.00,63.00,0.00,0,25
190.05,1547729035,2329.79,51.51414024,7.45536095,137.73,12.81,0.00,171.55,0,-78.00,-9.00,0.00,0.00,62.00,0.00,0,143
191.04,1547729036,2342.57,51.51402542,7.45538377,139.15,12.68,0.00,171.20,0,-78.00,-9.00,0.00,0.00,62.00,0.00,0,143
192.05,1547729037,2355.28,51.51663930,7.45170670,140.14,12.12,0.00,171.02,0,-87.00,-12.00,0.00,0.00,56.00,0.00,0,25
192.05,1547729037,2355.28,51.51663930,7.45170670,140.14,12.12,0.00,171.02,0,-91.00,-14.00,0.00,0.00,56.00,0.00,0,443
192.05,1547729037,2355.28,51.51663930,7.45170670,140.14,12.12,0.00,171.02,0,-91.00,-16.00,0.00,0.00,56.00,0.00,0,441
192.05,1547729037,2355.29,51.51663930,7.45170670,140.14,12.12,0.00,171.02,0,-82.00,-10.00,0.00,0.00,58.00,0.00,0,143
193.04,1547729038,2367.38,51.51381401,7.45545989,140.65,11.90,0.00,169.95,0,-87.00,-12.00,0.00,0.00,56.00,0.00,0,25
193.05,1547729038,2367.39,51.51381401,7.45545989,140.65,11.90,0.00,169.95,0,-91.00,-14.00,0.00,0.00,56.00,0.00,0,443
193.05,1547729038,2367.39,51.51381401,7.45545989,140.65,11.90,0.00,169.95,0,-91.00,-16.00,0.00,0.00,56.00,0.00,0,441
193.05,1547729038,2367.39,51.51381401,7.45545989,140.65,11.90,0.00,169.95,0,-82.00,-10.00,0.00,0.00,58.00,0.00,0,143
194.05,1547729039,2379.37,51.51370787,7.45549922,141.52,11.61,0.00,168.00,0,-88.00,-12.00,0.00,0.00,56.00,0.00,0,24
194.05,1547729039,2379.37,51.51370787,7.45549922,141.52,11.61,0.00,168.00,0,-91.00,-14.00,0.00,0.00,55.00,0.00,0,398
194.05,1547729039,2379.38,51.51370787,7.45549922,141.52,11.61,0.00,168.00,0,-92.00,-16.00,0.00,0.00,56.00,0.00,0,441
194.05,1547729039,2379.38,51.51370787,7.45549922,141.52,11.61,0.00,168.00,0,-85.00,-13.00,0.00,0.00,58.00,0.00,0,455
195.04,1547729040,2390.88,51.51360660,7.45555366,142.64,10.81,0.00,165.95,0,-88.00,-12.00,0.00,0.00,56.00,0.00,0,24
195.04,1547729040,2390.88,51.51360660,7.45555366,142.64,10.81,0.00,165.95,0,-91.00,-14.00,0.00,0.00,55.00,0.00,0,398
195.04,1547729040,2390.88,51.51360660,7.45555366,142.64,10.81,0.00,165.95,0,-92.00,-16.00,0.00,0.00,56.00,0.00,0,441
195.05,1547729040,2390.90,51.51360660,7.45555366,142.64,10.81,0.00,165.95,0,-85.00,-13.00,0.00,0.00,58.00,0.00,0,455
196.05,1547729041,2401.75,51.51351252,7.45561194,143.87,10.49,0.00,163.48,0,-88.00,-12.00,0.00,0.00,56.00,0.00,0,24
196.05,1547729041,2401.76,51.51351252,7.45561194,143.87,10.49,0.00,163.48,0,-91.00,-14.00,0.00,0.00,55.00,0.00,0,398
196.05,1547729041,2401.77,51.51351252,7.45561194,143.87,10.49,0.00,163.48,0,-92.00,-16.00,0.00,0.00,56.00,0.00,0,441
196.05,1547729041,2401.78,51.51351252,7.45561194,143.87,10.49,0.00,163.48,0,-85.00,-13.00,0.00,0.00,58.00,0.00,0,455
197.05,1547729042,2412.24,51.51342683,7.45567198,144.96,9.73,0.00,161.14,0,-86.00,-11.00,0.00,0.00,56.00,0.00,0,24
197.05,1547729042,2412.25,51.51342683,7.45567198,144.96,9.73,0.00,161.14,0,-89.00,-13.00,0.00,0.00,55.00,0.00,0,441
197.05,1547729042,2412.26,51.51342683,7.45567198,144.96,9.73,0.00,161.14,0,-91.00,-14.00,0.00,0.00,54.00,0.00,0,443
197.05,1547729042,2412.27,51.51342683,7.45567198,144.96,9.73,0.00,161.14,0,-85.00,-12.00,0.00,0.00,58.00,0.00,0,455
198.05,1547729043,2421.96,51.51334438,7.45574167,146.54,9.53,0.00,157.66,0,-86.00,-11.00,0.00,0.00,56.00,0.00,0,24
198.05,1547729043,2421.97,51.51334438,7.45574167,146.54,9.53,0.00,157.66,0,-89.00,-13.00,0.00,0.00,55.00,0.00,0,441
198.05,1547729043,2421.97,51.51334438,7.45574167,146.54,9.53,0.00,157.66,0,-91.00,-14.00,0.00,0.00,54.00,0.00,0,443
198.05,1547729043,2421.98,51.51334438,7.45574167,146.54,9.53,0.00,157.66,0,-85.00,-12.00,0.00,0.00,58.00,0.00,0,455
199.05,1547729044,2431.50,51.51325774,7.45581661,148.66,10.05,0.00,154.27,0,-85.00,-8.00,0.00,0.00,55.00,0.00,0,24
199.05,1547729044,2431.51,51.51325774,7.45581661,148.66,10.05,0.00,154.27,0,-89.00,-12.00,0.00,0.00,54.00,0.00,0,443
199.05,1547729044,2431.52,51.51325774,7.45581661,148.66,10.05,0.00,154.27,0,-90.00,-11.00,0.00,0.00,53.00,0.00,0,441
199.05,1547729044,2431.53,51.51325774,7.45581661,148.66,10.05,0.00,154.27,0,-81.00,-8.00,0.00,0.00,58.00,0.00,0,455
199.05,1547729044,2431.53,51.51325774,7.45581661,148.66,10.05,0.00,154.27,0,-87.00,-11.00,0.00,0.00,55.00,0.00,0,142
200.05,1547729045,2441.55,51.51318347,7.45591705,150.57,9.57,0.00,140.24,0,-85.00,-8.00,0.00,0.00,55.00,0.00,0,24
200.05,1547729045,2441.55,51.51318347,7.45591705,150.57,9.57,0.00,140.24,0,-89.00,-12.00,0.00,0.00,54.00,0.00,0,443
200.05,1547729045,2441.56,51.51318347,7.45591705,150.57,9.57,0.00,140.24,0,-90.00,-11.00,0.00,0.00,53.00,0.00,0,441
200.05,1547729045,2441.57,51.51318347,7.45591705,150.57,9.57,0.00,140.24,0,-81.00,-8.00,0.00,0.00,58.00,0.00,0,455
200.05,1547729045,2441.58,51.51318347,7.45591705,150.57,9.57,0.00,140.24,0,-87.00,-11.00,0.00,0.00,55.00,0.00,0,142
201.04,1547729046,2451.06,51.51311168,7.45602020,153.11,9.92,0.00,140.96,0,-87.00,-8.00,0.00,0.00,53.00,0.00,0,441
201.04,1547729046,2451.06,51.51311168,7.45602020,153.11,9.92,0.00,140.96,0,-91.00,-11.00,0.00,0.00,52.00,0.00,0,24
201.04,1547729046,2451.07,51.51311168,7.45602020,153.11,9.92,0.00,140.96,0,-80.00,-7.00,0.00,0.00,58.00,0.00,0,142
201.04,1547729046,2451.07,51.51311168,7.45602020,153.11,9.92,0.00,140.96,0,-85.00,-11.00,0.00,0.00,56.00,0.00,0,455
202.04,1547729047,2460.99,51.51305165,7.45612436,154.62,9.11,0.00,138.04,0,-87.00,-8.00,0.00,0.00,53.00,0.00,0,441
202.04,1547729047,2461.00,51.51305165,7.45612436,154.62,9.11,0.00,138.04,0,-91.00,-11.00,0.00,0.00,52.00,0.00,0,24
202.04,1547729047,2461.00,51.51305165,7.45612436,154.62,9.11,0.00,138.04,0,-80.00,-7.00,0.00,0.00,58.00,0.00,0,142
202.04,1547729047,2461.00,51.51305165,7.45612436,154.62,9.11,0.00,138.04,0,-85.00,-11.00,0.00,0.00,56.00,0.00,0,455
203.05,1547729048,2470.11,51.51300847,7.45625058,155.44,9.35,0.00,123.53,0,-85.00,-7.00,0.00,0.00,55.00,0.00,0,441
203.05,1547729048,2470.11,51.51300847,7.45625058,155.44,9.35,0.00,123.53,0,-80.00,-8.00,0.00,0.00,59.00,0.00,0,142
204.05,1547729049,2479.46,51.51295374,7.45639190,155.22,11.18,0.00,124.74,0,-85.00,-7.00,0.00,0.00,55.00,0.00,0,441
204.05,1547729049,2479.47,51.51295374,7.45639190,155.22,11.18,0.00,124.74,0,-80.00,-8.00,0.00,0.00,59.00,0.00,0,142
205.05,1547729050,2490.68,51.51289933,7.45652875,155.41,11.23,0.00,125.22,0,-88.00,-13.00,0.00,0.00,57.00,0.00,0,25
205.05,1547729050,2490.69,51.51289933,7.45652875,155.41,11.23,0.00,125.22,0,-81.00,-10.00,0.00,0.00,60.00,0.00,0,143
206.05,1547729051,2501.89,51.51284398,7.45665478,155.41,10.64,0.00,124.83,0,-88.00,-13.00,0.00,0.00,57.00,0.00,0,25
206.05,1547729051,2501.90,51.51284398,7.45665478,155.41,10.64,0.00,124.83,0,-81.00,-10.00,0.00,0.00,60.00,0.00,0,143
207.05,1547729052,2512.54,51.51278594,7.45678837,155.27,11.24,0.00,125.14,0,-83.00,-10.00,0.00,0.00,59.00,0.00,0,25
207.05,1547729052,2512.55,51.51278594,7.45678837,155.27,11.24,0.00,125.14,0,-81.00,-8.00,0.00,0.00,58.00,0.00,0,143
208.05,1547729053,2523.78,51.51272221,7.45693407,154.65,12.03,0.00,125.80,0,-83.00,-10.00,0.00,0.00,59.00,0.00,0,25
208.05,1547729053,2523.79,51.51272221,7.45693407,154.65,12.03,0.00,125.80,0,-81.00,-8.00,0.00,0.00,58.00,0.00,0,143
209.05,1547729054,2535.82,51.51265038,7.45708340,153.95,12.49,0.00,126.44,0,-92.00,-8.00,0.00,0.00,47.00,0.00,0,25
209.05,1547729054,2535.82,51.51265038,7.45708340,153.95,12.49,0.00,126.44,0,-84.00,-8.00,0.00,0.00,55.00,0.00,0,143
210.05,1547729055,2548.30,51.51257823,7.45722809,153.43,12.65,0.00,125.58,0,-92.00,-8.00,0.00,0.00,47.00,0.00,0,25
210.05,1547729055,2548.31,51.51257823,7.45722809,153.43,12.65,0.00,125.58,0,-84.00,-8.00,0.00,0.00,55.00,0.00,0,143
211.05,1547729056,2560.95,51.51248333,7.45736250,153.82,12.65,0.00,125.80,0,-92.00,-8.00,0.00,0.00,48.00,0.00,0,25
211.05,1547729056,2560.96,51.51248333,7.45736250,153.82,12.65,0.00,125.80,0,-84.00,-9.00,0.00,0.00,56.00,0.00,0,143
212.04,1547729057,2573.55,51.51248350,7.45989710,156.07,14.36,0.00,125.45,0,-92.00,-8.00,0.00,0.00,48.00,0.00,0,25
212.04,1547729057,2573.55,51.51248350,7.45989710,156.07,14.36,0.00,125.45,0,-84.00,-9.00,0.00,0.00,56.00,0.00,0,143
213.05,1547729058,2587.97,51.51233450,7.45768311,157.89,14.57,0.00,125.04,0,-94.00,-9.00,0.00,0.00,46.00,0.00,0,25
213.05,1547729058,2587.98,51.51233450,7.45768311,157.89,14.57,0.00,125.04,0,-89.00,-10.00,0.00,0.00,52.00,0.00,0,143
214.05,1547729059,2602.54,51.51227130,7.45784426,160.16,13.60,0.00,123.99,0,-94.00,-9.00,0.00,0.00,46.00,0.00,0,25
214.05,1547729059,2602.55,51.51227130,7.45784426,160.16,13.60,0.00,123.99,0,-89.00,-10.00,0.00,0.00,52.00,0.00,0,143
215.05,1547729060,2616.14,51.51219937,7.45800649,162.45,13.77,0.00,124.42,0,-94.00,-10.00,0.00,0.00,48.00,0.00,0,25
216.05,1547729061,2629.90,51.51212609,7.45818265,164.25,13.82,0.00,125.19,0,-94.00,-10.00,0.00,0.00,48.00,0.00,0,25
217.06,1547729062,2643.86,51.51205807,7.45834934,164.95,12.76,0.00,126.80,0,-94.00,-9.00,0.00,0.00,46.00,0.00,0,25
217.06,1547729062,2643.87,51.51205807,7.45834934,164.95,12.76,0.00,126.80,0,-88.00,-9.00,0.00,0.00,51.00,0.00,0,139
218.05,1547729063,2656.50,51.51199782,7.45849501,165.04,11.59,0.00,127.20,0,-94.00,-9.00,0.00,0.00,46.00,0.00,0,25
218.05,1547729063,2656.51,51.51199782,7.45849501,165.04,11.59,0.00,127.20,0,-88.00,-9.00,0.00,0.00,51.00,0.00,0,139
219.05,1547729064,2668.09,51.51193995,7.45862485,164.89,10.52,0.00,127.98,0,-94.00,-9.00,0.00,0.00,46.00,0.00,0,25
219.05,1547729064,2668.10,51.51193995,7.45862485,164.89,10.52,0.00,127.98,0,-88.00,-9.00,0.00,0.00,51.00,0.00,0,139
220.05,1547729065,2678.59,51.51188618,7.45874651,164.18,9.41,0.00,127.36,0,-86.00,-8.00,0.00,0.00,52.00,0.00,0,139
221.05,1547729066,2688.04,51.51183243,7.45885711,163.12,8.49,0.00,128.93,0,-86.00,-8.00,0.00,0.00,52.00,0.00,0,139
222.05,1547729067,2696.50,51.51179489,7.45895347,162.17,6.45,0.00,129.47,0,-85.00,-8.00,0.00,0.00,54.00,0.00,0,139
223.05,1547729068,2702.96,51.51176364,7.45902161,160.63,4.40,0.00,130.81,0,-85.00,-8.00,0.00,0.00,54.00,0.00,0,139
224.04,1547729069,2707.33,51.51174508,7.45906594,160.53,2.13,0.00,128.91,0,-83.00,-7.00,0.00,0.00,56.00,0.00,0,139
225.04,1547729070,2709.46,51.51173321,7.45911065,160.36,0.98,0.00,128.91,0,-83.00,-7.00,0.00,0.00,56.00,0.00,0,139
226.05,1547729071,2710.44,51.51173311,7.45911087,160.16,0.43,0.00,128.91,0,-82.00,-7.00,0.00,0.00,55.00,0.00,0,139
227.05,1547729072,2710.87,51.51173311,7.45911087,160.14,0.00,0.00,128.91,0,-82.00,-7.00,0.00,0.00,55.00,0.00,0,139
228.05,1547729073,2710.87,51.51173311,7.45911087,160.10,0.00,0.00,128.91,0,-83.00,-7.00,0.00,0.00,55.00,0.00,0,139
229.05,1547729074,2710.87,51.51173311,7.45911087,160.04,0.00,0.00,128.91,0,-83.00,-7.00,0.00,0.00,55.00,0.00,0,139
230.05,1547729075,2710.87,51.51173311,7.45911087,159.98,0.00,0.00,128.91,0,-93.00,-11.00,0.00,0.00,49.00,0.00,0,326
230.05,1547729075,2710.87,51.51173311,7.45911087,159.98,0.00,0.00,128.91,0,-83.00,-7.00,0.00,0.00,55.00,0.00,0,139
231.05,1547729076,2710.87,51.51173311,7.45911087,159.91,0.00,0.00,128.91,0,-93.00,-11.00,0.00,0.00,49.00,0.00,0,326
231.05,1547729076,2710.87,51.51173311,7.45911087,159.91,0.00,0.00,128.91,0,-83.00,-7.00,0.00,0.00,55.00,0.00,0,139
232.05,1547729077,2710.87,51.51145610,7.46046700,159.84,0.00,0.00,128.91,0,-83.00,-7.00,0.00,0.00,56.00,0.00,0,139
233.05,1547729078,2710.87,51.51173311,7.45911087,159.77,0.00,0.00,128.91,0,-83.00,-7.00,0.00,0.00,56.00,0.00,0,139
234.05,1547729079,2710.87,51.51173311,7.45911087,159.72,0.00,0.00,128.91,0,-96.00,-14.00,0.00,0.00,50.00,0.00,0,326
234.05,1547729079,2710.87,51.51173311,7.45911087,159.72,0.00,0.00,128.91,0,-83.00,-7.00,0.00,0.00,55.00,0.00,0,139
235.05,1547729080,2710.87,51.51173311,7.45911087,159.68,0.00,0.00,128.91,0,-96.00,-14.00,0.00,0.00,50.00,0.00,0,326
235.05,1547729080,2710.87,51.51173311,7.45911087,159.68,0.00,0.00,128.91,0,-83.00,-7.00,0.00,0.00,55.00,0.00,0,139
236.05,1547729081,2710.87,51.51173311,7.45911087,159.65,0.00,0.00,128.91,0,-94.00,-13.00,0.00,0.00,50.00,0.00,0,326
236.05,1547729081,2710.87,51.51173311,7.45911087,159.65,0.00,0.00,128.91,0,-82.00,-7.00,0.00,0.00,55.00,0.00,0,139
237.05,1547729082,2710.87,51.51173311,7.45911087,159.64,0.00,0.00,128.91,0,-94.00,-13.00,0.00,0.00,50.00,0.00,0,326
237.05,1547729082,2710.87,51.51173311,7.45911087,159.64,0.00,0.00,128.91,0,-82.00,-7.00,0.00,0.00,55.00,0.00,0,139
238.06,1547729083,2710.87,51.51173311,7.45911087,159.64,0.00,0.00,128.91,0,-94.00,-12.00,0.00,0.00,48.00,0.00,0,326
238.06,1547729083,2710.87,51.51173311,7.45911087,159.64,0.00,0.00,128.91,0,-82.00,-7.00,0.00,0.00,56.00,0.00,0,139
239.05,1547729084,2710.87,51.51173311,7.45911087,159.65,0.00,0.00,128.91,0,-94.00,-12.00,0.00,0.00,48.00,0.00,0,326
239.05,1547729084,2710.87,51.51173311,7.45911087,159.65,0.00,0.00,128.91,0,-82.00,-7.00,0.00,0.00,56.00,0.00,0,139
240.05,1547729085,2710.87,51.51173311,7.45911087,159.67,0.00,0.00,128.91,0,-94.00,-12.00,0.00,0.00,48.00,0.00,0,326
240.05,1547729085,2710.87,51.51173311,7.45911087,159.67,0.00,0.00,128.91,0,-82.00,-7.00,0.00,0.00,56.00,0.00,0,139
241.04,1547729086,2710.87,51.51173311,7.45911087,159.70,0.00,0.00,128.91,0,-94.00,-12.00,0.00,0.00,49.00,0.00,0,326
241.04,1547729086,2710.87,51.51173311,7.45911087,159.70,0.00,0.00,128.91,0,-83.00,-7.00,0.00,0.00,55.00,0.00,0,139
242.04,1547729087,2710.87,51.51173311,7.45911087,159.74,0.00,0.00,128.91,0,-94.00,-12.00,0.00,0.00,49.00,0.00,0,326
242.04,1547729087,2710.87,51.51173311,7.45911087,159.74,0.00,0.00,128.91,0,-83.00,-7.00,0.00,0.00,55.00,0.00,0,139
243.05,1547729088,2710.87,51.51173311,7.45911087,159.78,0.00,0.00,128.91,0,-94.00,-13.00,0.00,0.00,50.00,0.00,0,326
243.05,1547729088,2710.87,51.51173311,7.45911087,159.78,0.00,0.00,128.91,0,-83.00,-7.00,0.00,0.00,55.00,0.00,0,139
244.05,1547729089,2710.87,51.51173311,7.45911087,159.82,0.00,0.00,128.91,0,-94.00,-13.00,0.00,0.00,50.00,0.00,0,326
244.05,1547729089,2710.87,51.51173311,7.45911087,159.82,0.00,0.00,128.91,0,-83.00,-7.00,0.00,0.00,55.00,0.00,0,139
245.05,1547729090,2710.87,51.51173311,7.45911087,159.86,0.00,0.00,128.91,0,-94.00,-12.00,0.00,0.00,49.00,0.00,0,326
245.05,1547729090,2710.87,51.51173311,7.45911087,159.86,0.00,0.00,128.91,0,-82.00,-7.00,0.00,0.00,56.00,0.00,0,139
246.05,1547729091,2710.87,51.51173311,7.45911087,159.91,0.00,0.00,128.91,0,-94.00,-12.00,0.00,0.00,49.00,0.00,0,326
246.05,1547729091,2710.87,51.51173311,7.45911087,159.91,0.00,0.00,128.91,0,-82.00,-7.00,0.00,0.00,56.00,0.00,0,139
247.05,1547729092,2710.87,51.51173311,7.45911087,159.96,0.00,0.00,128.91,0,-94.00,-12.00,0.00,0.00,49.00,0.00,0,326
247.05,1547729092,2710.87,51.51173311,7.45911087,159.96,0.00,0.00,128.91,0,-82.00,-7.00,0.00,0.00,56.00,0.00,0,139
248.05,1547729093,2710.87,51.51173311,7.45911087,160.01,0.00,0.00,128.91,0,-94.00,-12.00,0.00,0.00,49.00,0.00,0,326
248.05,1547729093,2710.87,51.51173311,7.45911087,160.01,0.00,0.00,128.91,0,-82.00,-7.00,0.00,0.00,56.00,0.00,0,139
249.05,1547729094,2710.87,51.51173311,7.45911087,160.06,0.00,0.00,128.91,0,-83.00,-7.00,0.00,0.00,56.00,0.00,0,139
250.05,1547729095,2710.87,51.51173311,7.45911087,160.10,0.00,0.00,128.91,0,-83.00,-7.00,0.00,0.00,56.00,0.00,0,139
251.05,1547729096,2710.87,51.51173311,7.45911087,160.15,0.00,0.00,128.91,0,-93.00,-13.00,0.00,0.00,52.00,0.00,0,326
251.05,1547729096,2710.87,51.51173311,7.45911087,160.15,0.00,0.00,128.91,0,-83.00,-7.00,0.00,0.00,55.00,0.00,0,139
252.05,1547729097,2710.87,51.51248350,7.45989710,160.19,0.00,0.00,128.91,0,-93.00,-13.00,0.00,0.00,52.00,0.00,0,326
252.05,1547729097,2710.87,51.51248350,7.45989710,160.19,0.00,0.00,128.91,0,-83.00,-7.00,0.00,0.00,55.00,0.00,0,139
253.05,1547729098,2710.87,51.51173311,7.45911087,160.22,0.00,0.00,128.91,0,-83.00,-7.00,0.00,0.00,54.00,0.00,0,139
254.05,1547729099,2710.87,51.51173311,7.45911087,160.24,0.00,0.00,128.91,0,-83.00,-7.00,0.00,0.00,54.00,0.00,0,139
255.05,1547729100,2710.87,51.51173311,7.45911087,160.25,0.00,0.00,128.91,0,-94.00,-15.00,0.00,0.00,53.00,0.00,0,326
255.05,1547729100,2710.87,51.51173311,7.45911087,160.25,0.00,0.00,128.91,0,-82.00,-7.00,0.00,0.00,55.00,0.00,0,139
256.05,1547729101,2710.87,51.51173311,7.45911087,160.25,0.00,0.00,128.91,0,-94.00,-15.00,0.00,0.00,53.00,0.00,0,326
256.05,1547729101,2710.87,51.51173311,7.45911087,160.25,0.00,0.00,128.91,0,-82.00,-7.00,0.00,0.00,55.00,0.00,0,139
257.05,1547729102,2710.87,51.51173311,7.45911087,160.26,0.00,0.00,128.91,0,-94.00,-12.00,0.00,0.00,50.00,0.00,0,326
257.05,1547729102,2710.87,51.51173311,7.45911087,160.26,0.00,0.00,128.91,0,-82.00,-6.00,0.00,0.00,54.00,0.00,0,139
258.05,1547729103,2710.87,51.51173311,7.45911087,160.27,0.00,0.00,128.91,0,-94.00,-12.00,0.00,0.00,50.00,0.00,0,326
258.05,1547729103,2710.87,51.51173311,7.45911087,160.27,0.00,0.00,128.91,0,-82.00,-6.00,0.00,0.00,54.00,0.00,0,139
259.06,1547729104,2710.87,51.51173311,7.45911087,160.29,0.00,0.00,128.91,0,-94.00,-12.00,0.00,0.00,50.00,0.00,0,326
259.06,1547729104,2710.87,51.51173311,7.45911087,160.29,0.00,0.00,128.91,0,-81.00,-6.00,0.00,0.00,55.00,0.00,0,139
260.05,1547729105,2710.87,51.51173311,7.45911087,160.31,0.00,0.00,128.91,0,-94.00,-12.00,0.00,0.00,50.00,0.00,0,326
260.05,1547729105,2710.87,51.51173311,7.45911087,160.31,0.00,0.00,128.91,0,-81.00,-6.00,0.00,0.00,55.00,0.00,0,139
261.05,1547729106,2710.87,51.51173311,7.45911087,160.35,0.00,0.00,128.91,0,-94.00,-12.00,0.00,0.00,50.00,0.00,0,326
261.05,1547729106,2710.87,51.51173311,7.45911087,160.35,0.00,0.00,128.91,0,-81.00,-6.00,0.00,0.00,55.00,0.00,0,139
262.04,1547729107,2710.87,51.51173311,7.45911087,160.39,0.00,0.00,128.91,0,-83.00,-7.00,0.00,0.00,54.00,0.00,0,139
263.05,1547729108,2710.87,51.51173311,7.45911087,160.81,0.00,0.00,128.91,0,-83.00,-7.00,0.00,0.00,54.00,0.00,0,139
264.04,1547729109,2710.87,51.51173311,7.45911087,161.03,0.00,0.00,128.91,0,-93.00,-15.00,0.00,0.00,54.00,0.00,0,326
264.04,1547729109,2710.87,51.51173311,7.45911087,161.03,0.00,0.00,128.91,0,-81.00,-7.00,0.00,0.00,56.00,0.00,0,139
265.05,1547729110,2710.87,51.51163784,7.45933327,163.31,0.00,0.00,131.72,0,-93.00,-15.00,0.00,0.00,54.00,0.00,0,326
265.05,1547729110,2710.87,51.51163784,7.45933327,163.31,0.00,0.00,131.72,0,-81.00,-7.00,0.00,0.00,56.00,0.00,0,139
266.05,1547729111,2710.87,51.51155657,7.45947935,164.13,0.00,0.00,131.54,0,-81.00,-6.00,0.00,0.00,56.00,0.00,0,139
267.05,1547729112,2710.88,51.51147317,7.45961929,164.56,10.32,0.00,130.05,0,-81.00,-6.00,0.00,0.00,56.00,0.00,0,139
268.05,1547729113,2721.20,51.51140035,7.45974108,164.47,9.99,0.00,135.86,0,-79.00,-7.00,0.00,0.00,58.00,0.00,0,139
269.05,1547729114,2731.20,51.51130921,7.45988254,164.23,12.57,0.00,139.20,0,-79.00,-7.00,0.00,0.00,58.00,0.00,0,139
270.05,1547729115,2743.76,51.51119781,7.46005337,164.31,12.57,0.00,139.20,0,-79.00,-6.00,0.00,0.00,59.00,0.00,0,139
271.04,1547729116,2756.29,51.51110648,7.46021582,164.86,12.66,0.00,139.90,0,-79.00,-6.00,0.00,0.00,59.00,0.00,0,139
272.04,1547729117,2768.93,51.51145610,7.46046700,165.99,12.52,0.00,139.24,0,-76.00,-6.00,0.00,0.00,60.00,0.00,0,139
273.04,1547729118,2781.45,51.51092119,7.46046968,167.07,12.38,0.00,140.51,0,-76.00,-6.00,0.00,0.00,60.00,0.00,0,139
274.04,1547729119,2793.83,51.51082416,7.46061287,168.92,12.95,0.00,139.91,0,-79.00,-8.00,0.00,0.00,59.00,0.00,0,139
275.04,1547729120,2806.79,51.51073493,7.46076677,170.03,12.64,0.00,139.17,0,-79.00,-8.00,0.00,0.00,59.00,0.00,0,139
276.05,1547729121,2819.49,51.51064437,7.46092244,170.37,13.02,0.00,138.58,0,-83.00,-8.00,0.00,0.00,56.00,0.00,0,139
276.05,1547729121,2819.49,51.51064437,7.46092244,170.37,13.02,0.00,138.58,0,-84.00,-10.00,0.00,0.00,56.00,0.00,0,138
277.05,1547729122,2832.49,51.51056416,7.46106815,170.44,12.56,0.00,137.14,0,-83.00,-8.00,0.00,0.00,56.00,0.00,0,139
277.05,1547729122,2832.51,51.51056416,7.46106815,170.44,12.56,0.00,137.14,0,-84.00,-10.00,0.00,0.00,56.00,0.00,0,138
278.05,1547729123,2845.08,51.51049091,7.46119900,170.51,11.26,0.00,136.52,0,-94.00,-12.00,0.00,0.00,50.00,0.00,0,326
278.05,1547729123,2845.09,51.51049091,7.46119900,170.51,11.26,0.00,136.52,0,-81.00,-8.00,0.00,0.00,60.00,0.00,0,139
278.05,1547729123,2845.09,51.51049091,7.46119900,170.51,11.26,0.00,136.52,0,-82.00,-10.00,0.00,0.00,60.00,0.00,0,138
279.05,1547729124,2856.33,51.51042056,7.46132120,170.18,10.36,0.00,136.12,0,-94.00,-12.00,0.00,0.00,50.00,0.00,0,326
279.05,1547729124,2856.33,51.51042056,7.46132120,170.18,10.36,0.00,136.12,0,-81.00,-8.00,0.00,0.00,60.00,0.00,0,139
279.05,1547729124,2856.34,51.51042056,7.46132120,170.18,10.36,0.00,136.12,0,-82.00,-10.00,0.00,0.00,60.00,0.00,0,138
280.05,1547729125,2866.68,51.51035591,7.46144702,169.72,9.91,0.00,135.60,0,-92.00,-11.00,0.00,0.00,50.00,0.00,0,326
280.05,1547729125,2866.69,51.51035591,7.46144702,169.72,9.91,0.00,135.60,0,-96.00,-10.00,0.00,0.00,46.00,0.00,0,199
280.05,1547729125,2866.70,51.51035591,7.46144702,169.72,9.91,0.00,135.60,0,-82.00,-9.00,0.00,0.00,58.00,0.00,0,139
280.05,1547729125,2866.70,51.51035591,7.46144702,169.72,9.91,0.00,135.60,0,-82.00,-10.00,0.00,0.00,58.00,0.00,0,138
281.05,1547729126,2876.59,51.51029650,7.46155857,169.94,9.15,0.00,134.61,0,-92.00,-11.00,0.00,0.00,50.00,0.00,0,326
281.05,1547729126,2876.60,51.51029650,7.46155857,169.94,9.15,0.00,134.61,0,-96.00,-10.00,0.00,0.00,46.00,0.00,0,199
281.05,1547729126,2876.61,51.51029650,7.46155857,169.94,9.15,0.00,134.61,0,-82.00,-9.00,0.00,0.00,58.00,0.00,0,139
281.05,1547729126,2876.61,51.51029650,7.46155857,169.94,9.15,0.00,134.61,0,-82.00,-10.00,0.00,0.00,58.00,0.00,0,138
282.06,1547729127,2885.83,51.51025515,7.46164592,170.16,6.42,0.00,134.10,0,-89.00,-10.00,0.00,0.00,54.00,0.00,0,326
282.06,1547729127,2885.84,51.51025515,7.46164592,170.16,6.42,0.00,134.10,0,-79.00,-8.00,0.00,0.00,60.00,0.00,0,138
282.06,1547729127,2885.84,51.51025515,7.46164592,170.16,6.42,0.00,134.10,0,-83.00,-12.00,0.00,0.00,60.00,0.00,0,139
283.05,1547729128,2892.20,51.51022873,7.46172193,169.80,4.25,0.00,132.40,0,-89.00,-10.00,0.00,0.00,54.00,0.00,0,326
283.05,1547729128,2892.21,51.51022873,7.46172193,169.80,4.25,0.00,132.40,0,-79.00,-8.00,0.00,0.00,60.00,0.00,0,138
283.05,1547729128,2892.21,51.51022873,7.46172193,169.80,4.25,0.00,132.40,0,-83.00,-12.00,0.00,0.00,60.00,0.00,0,139
284.05,1547729129,2896.42,51.51020853,7.46180022,169.68,3.33,0.00,133.21,0,-89.00,-10.00,0.00,0.00,54.00,0.00,0,326
284.05,1547729129,2896.42,51.51020853,7.46180022,169.68,3.33,0.00,133.21,0,-79.00,-8.00,0.00,0.00,60.00,0.00,0,138
284.05,1547729129,2896.42,51.51020853,7.46180022,169.68,3.33,0.00,133.21,0,-83.00,-12.00,0.00,0.00,60.00,0.00,0,139
285.05,1547729130,2899.76,51.51019210,7.46184992,169.53,2.04,0.00,129.89,0,-86.00,-9.00,0.00,0.00,55.00,0.00,0,326
285.05,1547729130,2899.77,51.51019210,7.46184992,169.53,2.04,0.00,129.89,0,-79.00,-8.00,0.00,0.00,60.00,0.00,0,138
285.05,1547729130,2899.77,51.51019210,7.46184992,169.53,2.04,0.00,129.89,0,-83.00,-11.00,0.00,0.00,60.00,0.00,0,139
286.05,1547729131,2901.81,51.51018323,7.46189410,169.40,0.65,0.00,129.89,0,-86.00,-9.00,0.00,0.00,55.00,0.00,0,326
286.05,1547729131,2901.81,51.51018323,7.46189410,169.40,0.65,0.00,129.89,0,-79.00,-8.00,0.00,0.00,60.00,0.00,0,138
286.05,1547729131,2901.81,51.51018323,7.46189410,169.40,0.65,0.00,129.89,0,-83.00,-11.00,0.00,0.00,60.00,0.00,0,139
289.05,1547729134,2902.45,51.51018323,7.46189410,169.32,0.00,0.00,129.89,0,-90.00,-11.00,0.00,0.00,52.00,0.00,0,441
289.05,1547729134,2902.45,51.51018323,7.46189410,169.32,0.00,0.00,129.89,0,-81.00,-11.00,0.00,0.00,61.00,0.00,0,138
289.05,1547729134,2902.45,51.51018323,7.46189410,169.32,0.00,0.00,129.89,0,-83.00,-12.00,0.00,0.00,60.00,0.00,0,139
290.05,1547729135,2902.45,51.51018323,7.46189410,169.28,0.00,0.00,129.89,0,-90.00,-11.00,0.00,0.00,52.00,0.00,0,441
290.05,1547729135,2902.45,51.51018323,7.46189410,169.28,0.00,0.00,129.89,0,-81.00,-11.00,0.00,0.00,61.00,0.00,0,138
290.05,1547729135,2902.45,51.51018323,7.46189410,169.28,0.00,0.00,129.89,0,-83.00,-12.00,0.00,0.00,60.00,0.00,0,139
291.04,1547729136,2902.45,51.51018323,7.46189410,169.23,0.00,0.00,129.89,0,-91.00,-11.00,0.00,0.00,52.00,0.00,0,441
291.05,1547729136,2902.45,51.51018323,7.46189410,169.23,0.00,0.00,129.89,0,-81.00,-10.00,0.00,0.00,59.00,0.00,0,138
291.05,1547729136,2902.45,51.51018323,7.46189410,169.23,0.00,0.00,129.89,0,-83.00,-11.00,0.00,0.00,59.00,0.00,0,139
292.05,1547729137,2902.45,51.50991830,7.46386080,169.19,0.00,0.00,129.89,0,-91.00,-11.00,0.00,0.00,52.00,0.00,0,441
292.05,1547729137,2902.45,51.50991830,7.46386080,169.19,0.00,0.00,129.89,0,-81.00,-10.00,0.00,0.00,59.00,0.00,0,138
292.05,1547729137,2902.45,51.50991830,7.46386080,169.19,0.00,0.00,129.89,0,-83.00,-11.00,0.00,0.00,59.00,0.00,0,139
293.04,1547729138,2902.45,51.51018323,7.46189410,169.14,0.00,0.00,129.89,0,-90.00,-13.00,0.00,0.00,54.00,0.00,0,441
293.04,1547729138,2902.45,51.51018323,7.46189410,169.14,0.00,0.00,129.89,0,-80.00,-11.00,0.00,0.00,62.00,0.00,0,138
293.04,1547729138,2902.45,51.51018323,7.46189410,169.14,0.00,0.00,129.89,0,-83.00,-14.00,0.00,0.00,62.00,0.00,0,139
294.04,1547729139,2902.45,51.51018323,7.46189410,169.08,0.00,0.00,129.89,0,-90.00,-13.00,0.00,0.00,54.00,0.00,0,441
294.04,1547729139,2902.45,51.51018323,7.46189410,169.08,0.00,0.00,129.89,0,-80.00,-11.00,0.00,0.00,62.00,0.00,0,138
294.05,1547729139,2902.45,51.51018323,7.46189410,169.08,0.00,0.00,129.89,0,-83.00,-14.00,0.00,0.00,62.00,0.00,0,139
295.04,1547729140,2902.45,51.51018323,7.46189410,169.03,0.00,0.00,129.89,0,-91.00,-14.00,0.00,0.00,54.00,0.00,0,441
295.04,1547729140,2902.45,51.51018323,7.46189410,169.03,0.00,0.00,129.89,0,-80.00,-10.00,0.00,0.00,60.00,0.00,0,138
295.05,1547729140,2902.45,51.51018323,7.46189410,169.03,0.00,0.00,129.89,0,-83.00,-13.00,0.00,0.00,60.00,0.00,0,139
296.05,1547729141,2902.45,51.51018323,7.46189410,168.97,0.00,0.00,129.89,0,-91.00,-14.00,0.00,0.00,54.00,0.00,0,441
296.05,1547729141,2902.45,51.51018323,7.46189410,168.97,0.00,0.00,129.89,0,-80.00,-10.00,0.00,0.00,60.00,0.00,0,138
296.05,1547729141,2902.45,51.51018323,7.46189410,168.97,0.00,0.00,129.89,0,-83.00,-13.00,0.00,0.00,60.00,0.00,0,139
297.05,1547729142,2902.45,51.51018323,7.46189410,168.91,0.00,0.00,129.89,0,-91.00,-11.00,0.00,0.00,51.00,0.00,0,441
297.05,1547729142,2902.45,51.51018323,7.46189410,168.91,0.00,0.00,129.89,0,-80.00,-9.00,0.00,0.00,59.00,0.00,0,138
297.05,1547729142,2902.45,51.51018323,7.46189410,168.91,0.00,0.00,129.89,0,-83.00,-11.00,0.00,0.00,59.00,0.00,0,139
298.05,1547729143,2902.45,51.51018323,7.46189410,168.85,0.00,0.00,129.89,0,-91.00,-11.00,0.00,0.00,51.00,0.00,0,441
298.05,1547729143,2902.45,51.51018323,7.46189410,168.85,0.00,0.00,129.89,0,-80.00,-9.00,0.00,0.00,59.00,0.00,0,138
298.05,1547729143,2902.45,51.51018323,7.46189410,168.85,0.00,0.00,129.89,0,-83.00,-11.00,0.00,0.00,59.00,0.00,0,139
299.05,1547729144,2902.45,51.51018323,7.46189410,168.78,0.00,0.00,129.89,0,-91.00,-11.00,0.00,0.00,52.00,0.00,0,441
299.05,1547729144,2902.45,51.51018323,7.46189410,168.78,0.00,0.00,129.89,0,-81.00,-10.00,0.00,0.00,60.00,0.00,0,138
299.05,1547729144,2902.45,51.51018323,7.46189410,168.78,0.00,0.00,129.89,0,-83.00,-12.00,0.00,0.00,60.00,0.00,0,139
300.05,1547729145,2902.45,51.51018323,7.46189410,168.70,0.00,0.00,129.89,0,-91.00,-11.00,0.00,0.00,52.00,0.00,0,441
300.05,1547729145,2902.45,51.51018323,7.46189410,168.70,0.00,0.00,129.89,0,-81.00,-10.00,0.00,0.00,60.00,0.00,0,138
300.05,1547729145,2902.45,51.51018323,7.46189410,168.70,0.00,0.00,129.89,0,-83.00,-12.00,0.00,0.00,60.00,0.00,0,139
301.05,1547729146,2902.45,51.51018323,7.46189410,168.62,0.00,0.00,129.89,0,-90.00,-11.00,0.00,0.00,52.00,0.00,0,441
301.05,1547729146,2902.45,51.51018323,7.46189410,168.62,0.00,0.00,129.89,0,-81.00,-9.00,0.00,0.00,58.00,0.00,0,138
301.05,1547729146,2902.45,51.51018323,7.46189410,168.62,0.00,0.00,129.89,0,-83.00,-11.00,0.00,0.00,58.00,0.00,0,139
302.04,1547729147,2902.45,51.51018323,7.46189410,168.54,0.00,0.00,129.89,0,-90.00,-11.00,0.00,0.00,52.00,0.00,0,441
302.04,1547729147,2902.45,51.51018323,7.46189410,168.54,0.00,0.00,129.89,0,-81.00,-9.00,0.00,0.00,58.00,0.00,0,138
302.04,1547729147,2902.45,51.51018323,7.46189410,168.54,0.00,0.00,129.89,0,-83.00,-11.00,0.00,0.00,58.00,0.00,0,139
303.04,1547729148,2902.45,51.51018323,7.46189410,168.46,0.00,0.00,129.89,0,-90.00,-13.00,0.00,0.00,54.00,0.00,0,441
303.04,1547729148,2902.45,51.51018323,7.46189410,168.46,0.00,0.00,129.89,0,-80.00,-10.00,0.00,0.00,59.00,0.00,0,138
303.04,1547729148,2902.45,51.51018323,7.46189410,168.46,0.00,0.00,129.89,0,-84.00,-12.00,0.00,0.00,59.00,0.00,0,139
304.05,1547729149,2902.45,51.51018323,7.46189410,168.39,0.00,0.00,129.89,0,-90.00,-13.00,0.00,0.00,54.00,0.00,0,441
304.05,1547729149,2902.45,51.51018323,7.46189410,168.39,0.00,0.00,129.89,0,-80.00,-10.00,0.00,0.00,59.00,0.00,0,138
304.05,1547729149,2902.45,51.51018323,7.46189410,168.39,0.00,0.00,129.89,0,-84.00,-12.00,0.00,0.00,59.00,0.00,0,139
305.06,1547729150,2902.45,51.51018323,7.46189410,168.32,0.00,0.00,129.89,0,-90.00,-10.00,0.00,0.00,51.00,0.00,0,441
305.06,1547729150,2902.45,51.51018323,7.46189410,168.32,0.00,0.00,129.89,0,-81.00,-9.00,0.00,0.00,58.00,0.00,0,138
305.06,1547729150,2902.45,51.51018323,7.46189410,168.32,0.00,0.00,129.89,0,-84.00,-11.00,0.00,0.00,58.00,0.00,0,139
306.05,1547729151,2902.45,51.51018323,7.46189410,168.25,0.00,0.00,129.89,0,-90.00,-10.00,0.00,0.00,51.00,0.00,0,441
306.05,1547729151,2902.45,51.51018323,7.46189410,168.25,0.00,0.00,129.89,0,-81.00,-9.00,0.00,0.00,58.00,0.00,0,138
306.05,1547729151,2902.45,51.51018323,7.46189410,168.25,0.00,0.00,129.89,0,-84.00,-11.00,0.00,0.00,58.00,0.00,0,139
307.05,1547729152,2902.45,51.51018323,7.46189410,168.19,0.00,0.00,129.89,0,-90.00,-10.00,0.00,0.00,51.00,0.00,0,441
307.05,1547729152,2902.45,51.51018323,7.46189410,168.19,0.00,0.00,129.89,0,-81.00,-9.00,0.00,0.00,58.00,0.00,0,138
307.05,1547729152,2902.45,51.51018323,7.46189410,168.19,0.00,0.00,129.89,0,-84.00,-11.00,0.00,0.00,58.00,0.00,0,139
308.05,1547729153,2902.45,51.51018323,7.46189410,168.13,0.00,0.00,129.89,0,-90.00,-10.00,0.00,0.00,51.00,0.00,0,441
308.05,1547729153,2902.45,51.51018323,7.46189410,168.13,0.00,0.00,129.89,0,-81.00,-9.00,0.00,0.00,58.00,0.00,0,138
308.05,1547729153,2902.45,51.51018323,7.46189410,168.13,0.00,0.00,129.89,0,-84.00,-11.00,0.00,0.00,58.00,0.00,0,139
309.05,1547729154,2902.45,51.51018323,7.46189410,168.08,0.00,0.00,129.89,0,-90.00,-10.00,0.00,0.00,51.00,0.00,0,441
309.05,1547729154,2902.45,51.51018323,7.46189410,168.08,0.00,0.00,129.89,0,-81.00,-9.00,0.00,0.00,58.00,0.00,0,138
309.05,1547729154,2902.45,51.51018323,7.46189410,168.08,0.00,0.00,129.89,0,-84.00,-11.00,0.00,0.00,58.00,0.00,0,139
310.05,1547729155,2902.45,51.51018323,7.46189410,168.02,0.00,0.00,129.89,0,-90.00,-11.00,0.00,0.00,52.00,0.00,0,441
310.05,1547729155,2902.45,51.51018323,7.46189410,168.02,0.00,0.00,129.89,0,-82.00,-11.00,0.00,0.00,60.00,0.00,0,138
310.05,1547729155,2902.45,51.51018323,7.46189410,168.02,0.00,0.00,129.89,0,-84.00,-13.00,0.00,0.00,60.00,0.00,0,139
311.05,1547729156,2902.45,51.51018323,7.46189410,167.98,0.00,0.00,129.89,0,-90.00,-11.00,0.00,0.00,52.00,0.00,0,441
311.05,1547729156,2902.45,51.51018323,7.46189410,167.98,0.00,0.00,129.89,0,-82.00,-11.00,0.00,0.00,60.00,0.00,0,138
311.05,1547729156,2902.45,51.51018323,7.46189410,167.98,0.00,0.00,129.89,0,-84.00,-13.00,0.00,0.00,60.00,0.00,0,139
312.04,1547729157,2902.45,51.50991830,7.46386080,167.95,0.00,0.00,129.89,0,-91.00,-11.00,0.00,0.00,52.00,0.00,0,441
312.04,1547729157,2902.45,51.50991830,7.46386080,167.95,0.00,0.00,129.89,0,-81.00,-10.00,0.00,0.00,59.00,0.00,0,138
312.04,1547729157,2902.45,51.50991830,7.46386080,167.95,0.00,0.00,129.89,0,-84.00,-13.00,0.00,0.00,59.00,0.00,0,139
313.04,1547729158,2902.45,51.51018323,7.46189410,167.91,0.00,0.00,129.89,0,-91.00,-11.00,0.00,0.00,52.00,0.00,0,441
313.04,1547729158,2902.45,51.51018323,7.46189410,167.91,0.00,0.00,129.89,0,-81.00,-10.00,0.00,0.00,59.00,0.00,0,138
313.04,1547729158,2902.45,51.51018323,7.46189410,167.91,0.00,0.00,129.89,0,-84.00,-13.00,0.00,0.00,59.00,0.00,0,139
314.04,1547729159,2902.45,51.51018323,7.46189410,167.87,0.00,0.00,129.89,0,-90.00,-14.00,0.00,0.00,56.00,0.00,0,441
314.04,1547729159,2902.45,51.51018323,7.46189410,167.87,0.00,0.00,129.89,0,-82.00,-11.00,0.00,0.00,60.00,0.00,0,138
314.04,1547729159,2902.45,51.51018323,7.46189410,167.87,0.00,0.00,129.89,0,-85.00,-14.00,0.00,0.00,60.00,0.00,0,139
315.04,1547729160,2902.45,51.51018323,7.46189410,167.83,0.00,0.00,129.89,0,-90.00,-14.00,0.00,0.00,56.00,0.00,0,441
315.04,1547729160,2902.45,51.51018323,7.46189410,167.83,0.00,0.00,129.89,0,-82.00,-11.00,0.00,0.00,60.00,0.00,0,138
315.04,1547729160,2902.45,51.51018323,7.46189410,167.83,0.00,0.00,129.89,0,-85.00,-14.00,0.00,0.00,60.00,0.00,0,139
316.05,1547729161,2902.45,51.51018323,7.46189410,167.80,0.00,0.00,129.89,0,-90.00,-11.00,0.00,0.00,52.00,0.00,0,441
316.05,1547729161,2902.45,51.51018323,7.46189410,167.80,0.00,0.00,129.89,0,-81.00,-9.00,0.00,0.00,58.00,0.00,0,138
316.05,1547729161,2902.45,51.51018323,7.46189410,167.80,0.00,0.00,129.89,0,-84.00,-12.00,0.00,0.00,58.00,0.00,0,139
317.05,1547729162,2902.45,51.51018323,7.46189410,167.61,0.00,0.00,129.89,0,-90.00,-11.00,0.00,0.00,52.00,0.00,0,441
317.05,1547729162,2902.45,51.51018323,7.46189410,167.61,0.00,0.00,129.89,0,-81.00,-9.00,0.00,0.00,58.00,0.00,0,138
317.05,1547729162,2902.45,51.51018323,7.46189410,167.61,0.00,0.00,129.89,0,-84.00,-12.00,0.00,0.00,58.00,0.00,0,139
318.05,1547729163,2902.45,51.51018323,7.46189410,167.49,0.00,0.00,130.89,0,-88.00,-9.00,0.00,0.00,53.00,0.00,0,441
318.05,1547729163,2902.45,51.51018323,7.46189410,167.49,0.00,0.00,130.89,0,-82.00,-11.00,0.00,0.00,60.00,0.00,0,138
318.05,1547729163,2902.45,51.51018323,7.46189410,167.49,0.00,0.00,130.89,0,-82.00,-11.00,0.00,0.00,60.00,0.00,0,139
319.05,1547729164,2902.45,51.51018323,7.46189410,167.49,0.00,0.00,123.63,0,-88.00,-9.00,0.00,0.00,53.00,0.00,0,441
319.05,1547729164,2902.45,51.51018323,7.46189410,167.49,0.00,0.00,123.63,0,-82.00,-11.00,0.00,0.00,60.00,0.00,0,138
319.05,1547729164,2902.45,51.51018323,7.46189410,167.49,0.00,0.00,123.63,0,-82.00,-11.00,0.00,0.00,60.00,0.00,0,139
320.05,1547729165,2902.46,51.51012773,7.46200244,167.55,3.43,0.00,125.52,0,-88.00,-10.00,0.00,0.00,54.00,0.00,0,441
320.05,1547729165,2902.46,51.51012773,7.46200244,167.55,3.43,0.00,125.52,0,-80.00,-10.00,0.00,0.00,62.00,0.00,0,138
320.05,1547729165,2902.46,51.51012773,7.46200244,167.55,3.43,0.00,125.52,0,-82.00,-13.00,0.00,0.00,62.00,0.00,0,139
321.05,1547729166,2905.90,51.51010417,7.46206334,167.45,4.69,0.00,123.17,0,-88.00,-10.00,0.00,0.00,54.00,0.00,0,441
321.05,1547729166,2905.90,51.51010417,7.46206334,167.45,4.69,0.00,123.17,0,-80.00,-10.00,0.00,0.00,62.00,0.00,0,138
321.05,1547729166,2905.90,51.51010417,7.46206334,167.45,4.69,0.00,123.17,0,-82.00,-13.00,0.00,0.00,62.00,0.00,0,139
322.05,1547729167,2910.59,51.51007583,7.46214209,168.40,6.16,0.00,122.11,0,-90.00,-13.00,0.00,0.00,54.00,0.00,0,441
322.05,1547729167,2910.59,51.51007583,7.46214209,168.40,6.16,0.00,122.11,0,-79.00,-9.00,0.00,0.00,60.00,0.00,0,138
322.05,1547729167,2910.60,51.51007583,7.46214209,168.40,6.16,0.00,122.11,0,-84.00,-14.00,0.00,0.00,61.00,0.00,0,139
323.05,1547729168,2916.75,51.51004640,7.46223463,169.25,6.73,0.00,120.49,0,-90.00,-13.00,0.00,0.00,54.00,0.00,0,441
323.05,1547729168,2916.76,51.51004640,7.46223463,169.25,6.73,0.00,120.49,0,-79.00,-9.00,0.00,0.00,60.00,0.00,0,138
323.05,1547729168,2916.76,51.51004640,7.46223463,169.25,6.73,0.00,120.49,0,-84.00,-14.00,0.00,0.00,61.00,0.00,0,139
324.05,1547729169,2923.48,51.51001335,7.46235627,169.16,8.30,0.00,121.66,0,-73.00,-7.00,0.00,0.00,63.00,0.00,0,138
325.05,1547729170,2931.78,51.50997458,7.46249584,168.72,9.19,0.00,120.13,0,-73.00,-7.00,0.00,0.00,63.00,0.00,0,138
326.06,1547729171,2941.06,51.50995441,7.46263732,167.03,7.14,0.00,104.52,0,-92.00,-10.00,0.00,0.00,49.00,0.00,0,441
326.06,1547729171,2941.06,51.50995441,7.46263732,167.03,7.14,0.00,104.52,0,-75.00,-8.00,0.00,0.00,63.00,0.00,0,138
326.06,1547729171,2941.07,51.50995441,7.46263732,167.03,7.14,0.00,104.52,0,-78.00,-10.00,0.00,0.00,63.00,0.00,0,139
327.05,1547729172,2948.13,51.50993493,7.46278304,164.84,7.03,0.00,105.98,0,-92.00,-10.00,0.00,0.00,49.00,0.00,0,441
327.05,1547729172,2948.14,51.50993493,7.46278304,164.84,7.03,0.00,105.98,0,-75.00,-8.00,0.00,0.00,63.00,0.00,0,138
327.05,1547729172,2948.14,51.50993493,7.46278304,164.84,7.03,0.00,105.98,0,-78.00,-10.00,0.00,0.00,63.00,0.00,0,139
328.05,1547729173,2955.16,51.50990878,7.46295301,163.38,9.07,0.00,102.79,0,-92.00,-10.00,0.00,0.00,49.00,0.00,0,441
328.05,1547729173,2955.16,51.50990878,7.46295301,163.38,9.07,0.00,102.79,0,-75.00,-8.00,0.00,0.00,63.00,0.00,0,138
328.05,1547729173,2955.17,51.50990878,7.46295301,163.38,9.07,0.00,102.79,0,-78.00,-10.00,0.00,0.00,63.00,0.00,0,139
329.05,1547729174,2964.22,51.50989249,7.46313872,162.22,10.36,0.00,99.56,0,-71.00,-7.00,0.00,0.00,63.00,0.00,0,138
330.05,1547729175,2974.57,51.50988502,7.46330404,160.67,9.26,0.00,97.02,0,-71.00,-7.00,0.00,0.00,63.00,0.00,0,138
331.06,1547729176,2983.93,51.50988306,7.46344824,158.90,7.74,0.00,96.20,0,-75.00,-7.00,0.00,0.00,63.00,0.00,0,138
332.05,1547729177,2991.58,51.51024300,7.46394820,157.87,7.33,0.00,94.98,0,-75.00,-7.00,0.00,0.00,63.00,0.00,0,138
333.04,1547729178,2998.90,51.50987785,7.46369054,157.51,6.53,0.00,93.30,0,-72.00,-7.00,0.00,0.00,63.00,0.00,0,138
334.04,1547729179,3005.43,51.50987908,7.46378977,157.25,5.43,0.00,92.89,0,-72.00,-7.00,0.00,0.00,63.00,0.00,0,138
335.05,1547729180,3010.86,51.50988325,7.46389227,156.75,4.95,0.00,91.44,0,-70.00,-7.00,0.00,0.00,63.00,0.00,0,138
336.04,1547729181,3015.80,51.50988103,7.46402798,155.96,4.95,0.00,93.09,0,-70.00,-7.00,0.00,0.00,63.00,0.00,0,138
337.05,1547729182,3020.76,51.50988099,7.46410932,155.01,5.04,0.00,92.31,0,-75.00,-7.00,0.00,0.00,62.00,0.00,0,138
338.05,1547729183,3025.80,51.50987966,7.46418388,154.60,4.87,0.00,93.19,0,-75.00,-7.00,0.00,0.00,62.00,0.00,0,138
339.05,1547729184,3030.67,51.50987858,7.46429358,154.79,4.87,0.00,92.73,0,-90.00,-8.00,0.00,0.00,49.00,0.00,0,199
339.05,1547729184,3030.67,51.50987858,7.46429358,154.79,4.87,0.00,92.73,0,-74.00,-6.00,0.00,0.00,62.00,0.00,0,138
340.05,1547729185,3035.54,51.50988432,7.46438559,154.91,7.12,0.00,89.03,0,-90.00,-8.00,0.00,0.00,49.00,0.00,0,199
340.05,1547729185,3035.55,51.50988432,7.46438559,154.91,7.12,0.00,89.03,0,-74.00,-6.00,0.00,0.00,62.00,0.00,0,138
341.05,1547729186,3042.67,51.50988248,7.46445177,155.53,7.12,0.00,90.57,0,-90.00,-6.00,0.00,0.00,47.00,0.00,0,199
341.05,1547729186,3042.68,51.50988248,7.46445177,155.53,7.12,0.00,90.57,0,-75.00,-7.00,0.00,0.00,62.00,0.00,0,138
342.05,1547729187,3049.76,51.50987954,7.46458669,155.90,9.12,0.00,95.62,0,-90.00,-6.00,0.00,0.00,47.00,0.00,0,199
342.05,1547729187,3049.77,51.50987954,7.46458669,155.90,9.12,0.00,95.62,0,-75.00,-7.00,0.00,0.00,62.00,0.00,0,138
343.05,1547729188,3058.89,51.50988410,7.46473161,155.37,9.08,0.00,94.12,0,-91.00,-9.00,0.00,0.00,52.00,0.00,0,199
343.05,1547729188,3058.89,51.50988410,7.46473161,155.37,9.08,0.00,94.12,0,-75.00,-6.00,0.00,0.00,61.00,0.00,0,138
344.05,1547729189,3067.96,51.50989172,7.46488059,154.95,9.19,0.00,93.66,0,-91.00,-9.00,0.00,0.00,52.00,0.00,0,199
344.05,1547729189,3067.96,51.50989172,7.46488059,154.95,9.19,0.00,93.66,0,-75.00,-6.00,0.00,0.00,61.00,0.00,0,138
345.05,1547729190,3077.19,51.50989401,7.46503182,154.72,9.47,0.00,94.09,0,-94.00,-7.00,0.00,0.00,45.00,0.00,0,199
345.05,1547729190,3077.20,51.50989401,7.46503182,154.72,9.47,0.00,94.09,0,-98.00,-11.00,0.00,0.00,45.00,0.00,0,441
345.05,1547729190,3077.20,51.50989401,7.46503182,154.72,9.47,0.00,94.09,0,-68.00,-5.00,0.00,0.00,63.00,0.00,0,138
346.05,1547729191,3086.64,51.50990233,7.46520281,154.40,9.47,0.00,94.12,0,-94.00,-7.00,0.00,0.00,45.00,0.00,0,199
346.05,1547729191,3086.65,51.50990233,7.46520281,154.40,9.47,0.00,94.12,0,-98.00,-11.00,0.00,0.00,45.00,0.00,0,441
346.05,1547729191,3086.66,51.50990233,7.46520281,154.40,9.47,0.00,94.12,0,-68.00,-5.00,0.00,0.00,63.00,0.00,0,138
347.06,1547729192,3096.20,51.50989937,7.46537298,154.02,10.63,0.00,93.50,0,-96.00,-7.00,0.00,0.00,43.00,0.00,0,199
347.06,1547729192,3096.21,51.50989937,7.46537298,154.02,10.63,0.00,93.50,0,-66.00,-5.00,0.00,0.00,63.00,0.00,0,138
348.05,1547729193,3106.75,51.50989430,7.46553052,153.74,9.94,0.00,92.93,0,-96.00,-7.00,0.00,0.00,43.00,0.00,0,199
348.05,1547729193,3106.75,51.50989430,7.46553052,153.74,9.94,0.00,92.93,0,-66.00,-5.00,0.00,0.00,63.00,0.00,0,138
349.05,1547729194,3116.69,51.50989171,7.46569545,153.27,10.38,0.00,93.43,0,-96.00,-7.00,0.00,0.00,43.00,0.00,0,199
349.05,1547729194,3116.70,51.50989171,7.46569545,153.27,10.38,0.00,93.43,0,-66.00,-5.00,0.00,0.00,63.00,0.00,0,138
350.05,1547729195,3127.07,51.50989009,7.46585765,152.57,10.76,0.00,93.78,0,-93.00,-7.00,0.00,0.00,45.00,0.00,0,199
350.05,1547729195,3127.07,51.50989009,7.46585765,152.57,10.76,0.00,93.78,0,-65.00,-5.00,0.00,0.00,63.00,0.00,0,138
351.05,1547729196,3137.84,51.50988289,7.46600870,152.40,10.50,0.00,93.98,0,-93.00,-7.00,0.00,0.00,45.00,0.00,0,199
351.05,1547729196,3137.84,51.50988289,7.46600870,152.40,10.50,0.00,93.98,0,-65.00,-5.00,0.00,0.00,63.00,0.00,0,138
352.05,1547729197,3148.31,51.51024300,7.46394820,152.34,9.55,0.00,94.88,0,-93.00,-9.00,0.00,0.00,47.00,0.00,0,199
352.05,1547729197,3148.31,51.51024300,7.46394820,152.34,9.55,0.00,94.88,0,-97.00,-12.00,0.00,0.00,46.00,0.00,0,324
352.05,1547729197,3148.32,51.51024300,7.46394820,152.34,9.55,0.00,94.88,0,-98.00,-12.00,0.00,0.00,46.00,0.00,0,374
352.05,1547729197,3148.32,51.51024300,7.46394820,152.34,9.55,0.00,94.88,0,-66.00,-6.00,0.00,0.00,63.00,0.00,0,138
353.04,1547729198,3157.85,51.50986926,7.46629308,152.48,9.83,0.00,94.50,0,-93.00,-9.00,0.00,0.00,47.00,0.00,0,199
353.05,1547729198,3157.86,51.50986926,7.46629308,152.48,9.83,0.00,94.50,0,-97.00,-12.00,0.00,0.00,46.00,0.00,0,324
353.05,1547729198,3157.86,51.50986926,7.46629308,152.48,9.83,0.00,94.50,0,-98.00,-12.00,0.00,0.00,46.00,0.00,0,374
353.05,1547729198,3157.86,51.50986926,7.46629308,152.48,9.83,0.00,94.50,0,-66.00,-6.00,0.00,0.00,63.00,0.00,0,138
354.04,1547729199,3167.67,51.50986334,7.46645319,152.64,11.06,0.00,94.08,0,-92.00,-9.00,0.00,0.00,48.00,0.00,0,199
354.04,1547729199,3167.68,51.50986334,7.46645319,152.64,11.06,0.00,94.08,0,-94.00,-10.00,0.00,0.00,48.00,0.00,0,324
354.04,1547729199,3167.68,51.50986334,7.46645319,152.64,11.06,0.00,94.08,0,-65.00,-4.00,0.00,0.00,63.00,0.00,0,138
355.05,1547729200,3178.84,51.50985790,7.46661949,152.69,11.78,0.00,93.16,0,-92.00,-9.00,0.00,0.00,48.00,0.00,0,199
355.05,1547729200,3178.85,51.50985790,7.46661949,152.69,11.78,0.00,93.16,0,-94.00,-10.00,0.00,0.00,48.00,0.00,0,324
355.05,1547729200,3178.85,51.50985790,7.46661949,152.69,11.78,0.00,93.16,0,-65.00,-4.00,0.00,0.00,63.00,0.00,0,138
356.05,1547729201,3190.54,51.50985164,7.46678933,152.73,11.93,0.00,93.78,0,-94.00,-15.00,0.00,0.00,52.00,0.00,0,324
356.05,1547729201,3190.54,51.50985164,7.46678933,152.73,11.93,0.00,93.78,0,-97.00,-17.00,0.00,0.00,52.00,0.00,0,326
356.05,1547729201,3190.54,51.50985164,7.46678933,152.73,11.93,0.00,93.78,0,-63.00,-6.00,0.00,0.00,63.00,0.00,0,138
