0.04,1547727611,0.00,51.50979057,7.46854058,148.71,7.01,0.00,55.16,1,-91.00,-7.00,13.00,2.00,48.00,4.00,26379013,199
1.04,1547727612,7.01,51.50983171,7.46866457,147.66,7.01,0.00,55.16,1,-90.00,-8.00,11.00,2.00,49.00,4.00,26379013,199
2.05,1547727613,14.03,51.50985584,7.46879548,147.02,9.47,2.45,69.69,1,-90.00,-8.00,11.00,2.00,49.00,4.00,26379013,199
3.05,1547727614,23.51,51.50988933,7.46893859,146.46,9.21,-0.26,66.61,1,-91.00,-8.00,12.00,2.00,47.00,4.00,26379013,199
4.05,1547727615,32.71,51.50992653,7.46906931,146.23,9.27,0.06,64.73,1,-91.00,-8.00,12.00,2.00,47.00,4.00,26379013,199
5.05,1547727616,41.98,51.50997293,7.46921183,146.70,10.44,1.17,63.43,1,-93.00,-8.00,7.00,2.00,45.00,4.00,26379013,199
6.04,1547727617,52.39,51.51003444,7.46936993,147.34,12.39,1.95,61.56,1,-93.00,-8.00,7.00,2.00,45.00,4.00,26379013,199
7.05,1547727618,64.79,51.51010292,7.46952896,147.81,13.17,0.79,60.31,1,-94.00,-8.00,4.00,2.00,44.00,4.00,26379013,199
8.05,1547727619,77.99,51.51017391,7.46969474,148.13,13.96,0.79,59.48,1,-94.00,-8.00,4.00,2.00,44.00,4.00,26379013,199
9.05,1547727620,91.95,51.51024490,7.46986476,148.47,14.58,0.62,58.57,1,-97.00,-8.00,0.00,2.00,41.00,4.00,26379013,199
10.05,1547727621,106.54,51.51031264,7.47003995,148.82,14.17,-0.41,57.90,1,-97.00,-8.00,0.00,2.00,41.00,4.00,26379013,199
11.05,1547727622,120.68,51.51038139,7.47021679,149.63,13.93,-0.24,56.65,1,-93.00,-7.00,-3.00,6.00,45.00,4.00,27256325,372
12.05,1547727623,134.64,51.51045345,7.47038903,149.88,14.12,0.19,55.71,1,-93.00,-7.00,-3.00,6.00,45.00,4.00,27256325,372
13.05,1547727624,148.77,51.51054113,7.47054379,149.39,14.12,0.00,57.14,1,-83.00,-6.00,12.00,15.00,53.00,4.00,27256325,372
14.05,1547727625,162.92,51.51062975,7.47069795,148.48,14.36,0.23,47.02,1,-83.00,-6.00,12.00,15.00,53.00,4.00,27256325,372
15.05,1547727626,177.26,51.51071997,7.47084318,147.65,14.00,-0.36,46.75,1,-91.00,-7.00,12.00,12.00,45.00,4.00,27256325,372
16.05,1547727627,191.25,51.51080793,7.47100589,148.23,14.19,0.19,45.23,1,-91.00,-7.00,12.00,12.00,45.00,4.00,27256325,372
17.05,1547727628,205.45,51.51091348,7.47115142,148.66,15.58,1.39,42.84,1,-89.00,-6.00,23.00,14.00,48.00,4.00,27256325,372
18.05,1547727629,221.01,51.51101590,7.47128457,148.60,14.47,-1.11,41.74,1,-89.00,-6.00,23.00,14.00,48.00,4.00,27256325,372
19.05,1547727630,235.57,51.51111717,7.47140849,148.42,13.87,-0.59,41.14,1,-87.00,-6.00,22.00,14.00,50.00,4.00,27256325,372
20.05,1547727631,249.34,51.51122118,7.47153721,147.98,14.44,0.58,40.45,1,-87.00,-6.00,22.00,14.00,50.00,4.00,27256325,372
21.05,1547727632,263.81,51.51132557,7.47166369,147.06,13.99,-0.45,39.85,1,-87.00,-6.00,22.00,14.00,50.00,4.00,27256325,372
22.05,1547727633,277.79,51.51142549,7.47178319,146.44,13.77,-0.22,39.44,1,-86.00,-6.00,25.00,15.00,51.00,4.00,27256325,372
23.05,1547727634,291.58,51.51152024,7.47189718,146.48,12.75,-1.02,39.86,1,-86.00,-6.00,25.00,15.00,51.00,4.00,27256325,372
24.04,1547727635,304.27,51.51160740,7.47200452,146.51,11.62,-1.13,41.09,1,-86.00,-6.00,13.00,15.00,51.00,4.00,27256325,372
25.05,1547727636,315.94,51.51169460,7.47211722,146.52,12.04,0.42,41.54,1,-86.00,-6.00,13.00,15.00,51.00,4.00,27256325,372
26.05,1547727637,328.00,51.51178177,7.47223048,146.40,12.14,0.10,40.66,1,-86.00,-5.00,29.00,15.00,50.00,4.00,27256325,372
27.05,1547727638,340.13,51.51186164,7.47232961,146.14,10.53,-1.61,41.46,1,-86.00,-5.00,29.00,15.00,50.00,4.00,27256325,372
28.05,1547727639,350.65,51.51194671,7.47242924,146.14,10.73,0.20,40.65,1,-82.00,-6.00,22.00,14.00,54.00,4.00,27256325,372
29.05,1547727640,361.39,51.51202160,7.47252044,146.20,9.89,-0.83,39.32,1,-82.00,-6.00,22.00,14.00,54.00,4.00,27256325,372
30.04,1547727641,371.23,51.51209021,7.47259668,146.41,8.79,-1.10,37.23,1,-81.00,-7.00,20.00,15.00,56.00,4.00,27256325,372
31.04,1547727642,380.03,51.51215954,7.47266337,146.42,8.14,-0.65,34.10,1,-81.00,-7.00,20.00,15.00,56.00,4.00,27256325,372
32.05,1547727643,388.19,51.51221751,7.47270911,146.58,6.34,-1.80,30.97,1,-83.00,-8.00,30.00,15.00,56.00,4.00,27256325,372
33.05,1547727644,394.53,51.51226292,7.47274169,146.27,4.40,-1.94,28.14,1,-83.00,-8.00,30.00,15.00,56.00,4.00,27256325,372
34.05,1547727645,398.94,51.51229162,7.47273241,146.29,1.90,-2.49,1.46,1,-86.00,-6.00,21.00,15.00,50.00,4.00,27256325,372
35.05,1547727646,400.84,51.51231890,7.47273323,146.28,1.86,-0.04,4.22,1,-86.00,-6.00,21.00,15.00,50.00,4.00,27256325,372
36.04,1547727647,402.70,51.51231902,7.47273320,146.26,0.47,-1.39,4.22,1,-89.00,-6.00,18.00,13.00,48.00,4.00,27256325,372
37.05,1547727648,403.17,51.51232811,7.47273814,146.34,0.83,0.35,4.22,1,-89.00,-6.00,18.00,13.00,48.00,4.00,27256325,372
38.05,1547727649,404.00,51.51232811,7.47273814,146.35,0.00,-0.83,4.22,1,-87.00,-5.00,20.00,12.00,49.00,4.00,27256325,372
39.05,1547727650,404.00,51.51232811,7.47273814,146.38,0.00,0.00,4.22,1,-87.00,-5.00,20.00,12.00,49.00,4.00,27256325,372
40.05,1547727651,404.00,51.51232811,7.47273814,146.43,0.00,0.00,4.22,1,-86.00,-5.00,18.00,12.00,51.00,4.00,27256325,372
41.04,1547727652,404.00,51.51232811,7.47273814,146.49,0.00,0.00,4.22,1,-86.00,-5.00,18.00,12.00,51.00,4.00,27256325,372
42.05,1547727653,404.00,51.51232811,7.47273814,146.56,0.00,0.00,4.22,1,-86.00,-5.00,18.00,12.00,51.00,4.00,27256325,372
43.05,1547727654,404.00,51.51232811,7.47273814,146.63,0.00,0.00,4.22,1,-87.00,-7.00,19.00,12.00,51.00,4.00,27256325,372
44.05,1547727655,404.00,51.51232811,7.47273814,146.69,0.00,0.00,4.22,1,-87.00,-7.00,19.00,12.00,51.00,4.00,27256325,372
45.05,1547727656,404.00,51.51232811,7.47273814,146.76,0.00,0.00,4.22,1,-87.00,-6.00,19.00,15.00,49.00,4.00,27256325,372
46.05,1547727657,404.00,51.51232811,7.47273814,146.82,0.00,0.00,4.22,1,-87.00,-6.00,19.00,15.00,49.00,4.00,27256325,372
47.05,1547727658,404.00,51.51232811,7.47273814,146.90,0.00,0.00,4.22,1,-87.00,-5.00,22.00,15.00,49.00,4.00,27256325,372
48.05,1547727659,404.00,51.51232811,7.47273814,146.95,0.00,0.00,4.22,1,-87.00,-5.00,22.00,15.00,49.00,4.00,27256325,372
49.05,1547727660,404.00,51.51232811,7.47273814,146.98,0.00,0.00,4.22,1,-86.00,-5.00,16.00,15.00,51.00,4.00,27256325,372
50.04,1547727661,404.00,51.51232811,7.47273814,147.01,0.00,0.00,4.22,1,-86.00,-5.00,16.00,15.00,51.00,4.00,27256325,372
51.05,1547727662,404.00,51.51232811,7.47273814,147.57,0.00,0.00,4.22,1,-86.00,-5.00,17.00,15.00,50.00,4.00,27256325,372
52.05,1547727663,404.00,51.51232811,7.47273814,148.17,0.00,0.00,4.46,1,-86.00,-5.00,17.00,15.00,50.00,4.00,27256325,372
53.05,1547727664,404.00,51.51232811,7.47273814,148.67,0.00,0.00,5.03,1,-88.00,-6.00,21.00,12.00,48.00,4.00,27256325,372
54.05,1547727665,404.00,51.51247067,7.47280822,153.44,5.16,0.00,5.97,1,-88.00,-6.00,21.00,12.00,48.00,4.00,27256325,372
55.05,1547727666,409.16,51.51253992,7.47281795,156.21,6.63,1.48,5.39,1,-88.00,-5.00,11.00,14.00,49.00,4.00,27256325,372
56.05,1547727667,415.79,51.51261082,7.47282960,157.67,7.35,0.72,4.90,1,-88.00,-5.00,11.00,14.00,49.00,4.00,27256325,372
57.05,1547727668,423.14,51.51268611,7.47282982,157.70,8.70,1.35,4.28,1,-90.00,-5.00,12.00,9.00,46.00,4.00,27256325,372
58.05,1547727669,431.84,51.51277217,7.47282856,156.75,10.03,1.32,3.62,1,-90.00,-5.00,12.00,9.00,46.00,4.00,27256325,372
59.05,1547727670,441.84,51.51285203,7.47284256,156.44,9.86,-0.17,3.78,1,-91.00,-6.00,13.00,9.00,44.00,4.00,27256325,372
60.05,1547727671,451.77,51.51292940,7.47284681,156.21,9.56,-0.30,4.13,1,-91.00,-6.00,13.00,9.00,44.00,4.00,27256325,372
61.05,1547727672,461.33,51.51301127,7.47285863,155.68,9.62,0.06,4.02,1,-90.00,-6.00,15.00,14.00,45.00,4.00,27256325,372
62.05,1547727673,470.89,51.51309440,7.47287786,155.97,9.99,0.37,3.46,1,-90.00,-6.00,15.00,14.00,45.00,4.00,27256325,372
63.05,1547727674,480.93,51.51318211,7.47290090,157.41,10.59,0.59,4.21,1,-90.00,-6.00,15.00,14.00,45.00,4.00,27256325,372
64.05,1547727675,491.47,51.51327479,7.47292217,159.82,10.89,0.30,4.31,1,-93.00,-7.00,10.00,12.00,45.00,4.00,27256325,372
65.05,1547727676,502.40,51.51337443,7.47293887,161.83,11.27,0.38,4.11,1,-93.00,-7.00,10.00,12.00,45.00,4.00,27256325,372
66.05,1547727677,513.65,51.51347662,7.47296024,163.57,10.85,-0.42,3.72,1,-92.00,-7.00,11.00,12.00,45.00,10.00,29398276,358
67.05,1547727678,524.50,51.51357746,7.47297724,165.92,11.11,0.26,3.13,1,-92.00,-7.00,11.00,12.00,45.00,10.00,29398276,358
68.05,1547727679,535.59,51.51368478,7.47298315,167.41,11.21,0.09,2.55,1,-86.00,-7.00,8.00,6.00,52.00,7.00,27299331,324
69.05,1547727680,546.79,51.51378795,7.47299134,169.12,11.31,0.10,2.76,1,-86.00,-7.00,8.00,6.00,52.00,7.00,27299331,324
70.05,1547727681,558.12,51.51389479,7.47299277,169.70,11.45,0.14,2.41,1,-92.00,-6.00,6.00,6.00,46.00,9.00,29398276,358
71.05,1547727682,569.59,51.51400199,7.47299774,170.51,11.37,-0.07,1.96,1,-92.00,-6.00,6.00,6.00,46.00,9.00,29398276,358
72.05,1547727683,580.97,51.51410078,7.47299943,171.11,10.94,-0.43,1.55,1,-88.00,-6.00,12.00,10.00,50.00,9.00,29398276,358
73.05,1547727684,591.87,51.51419003,7.47300170,171.68,10.62,-0.32,1.81,1,-88.00,-6.00,12.00,10.00,50.00,9.00,29398276,358
74.05,1547727685,602.52,51.51428302,7.47300232,172.17,10.87,0.25,2.33,1,-88.00,-6.00,24.00,12.00,48.00,9.00,29398276,358
75.05,1547727686,613.36,51.51438296,7.47300446,171.36,10.89,0.02,3.18,1,-88.00,-6.00,24.00,12.00,48.00,9.00,29398276,358
76.05,1547727687,624.24,51.51447545,7.47300547,169.20,9.95,-0.93,3.57,1,-91.00,-6.00,16.00,14.00,46.00,9.00,29398276,358
77.05,1547727688,634.19,51.51455466,7.47300712,166.27,8.03,-1.92,4.30,1,-91.00,-6.00,16.00,14.00,46.00,9.00,29398276,358
78.05,1547727689,642.23,51.51461190,7.47301518,163.66,5.80,-2.23,4.91,1,-91.00,-6.00,19.00,14.00,46.00,9.00,29398276,358
79.05,1547727690,648.03,51.51466414,7.47301699,161.35,5.24,-0.56,4.90,1,-91.00,-6.00,19.00,14.00,46.00,9.00,29398276,358
80.04,1547727691,653.25,51.51470517,7.47301689,161.11,3.78,-1.46,5.47,1,-90.00,-6.00,20.00,11.00,48.00,9.00,29398276,358
81.05,1547727692,657.04,51.51473072,7.47301741,160.81,2.43,-1.35,4.97,1,-90.00,-6.00,20.00,11.00,48.00,9.00,29398276,358
82.05,1547727693,659.48,51.51475064,7.47301790,160.48,1.82,-0.60,4.58,1,-90.00,-8.00,20.00,9.00,51.00,9.00,29398276,358
83.05,1547727694,661.30,51.51476510,7.47301915,160.12,0.94,-0.88,4.91,1,-90.00,-8.00,20.00,9.00,51.00,9.00,29398276,358
84.05,1547727695,662.24,51.51476510,7.47301915,160.08,0.00,-0.94,4.91,1,-90.00,-8.00,20.00,9.00,51.00,9.00,29398276,358
85.05,1547727696,662.24,51.51476510,7.47301915,160.04,0.00,0.00,4.91,1,-89.00,-5.00,21.00,15.00,49.00,9.00,29398276,358
86.05,1547727697,662.24,51.51476510,7.47301915,160.00,0.00,0.00,4.91,1,-89.00,-5.00,21.00,15.00,49.00,9.00,29398276,358
87.05,1547727698,662.24,51.51476510,7.47301915,159.96,0.00,0.00,4.91,1,-89.00,-6.00,22.00,15.00,50.00,9.00,29398276,358
88.05,1547727699,662.24,51.51476510,7.47301915,159.92,0.00,0.00,4.91,1,-89.00,-6.00,22.00,15.00,50.00,9.00,29398276,358
89.05,1547727700,662.24,51.51476510,7.47301915,159.88,0.00,0.00,4.91,1,-89.00,-6.00,23.00,15.00,50.00,9.00,29398276,358
90.04,1547727701,662.24,51.51476510,7.47301915,159.85,0.00,0.00,4.91,1,-89.00,-6.00,23.00,15.00,50.00,9.00,29398276,358
91.05,1547727702,662.24,51.51476510,7.47301915,159.82,0.00,0.00,4.91,1,-89.00,-6.00,19.00,12.00,49.00,9.00,29398276,358
92.05,1547727703,662.24,51.51476510,7.47301915,159.80,0.00,0.00,4.91,1,-89.00,-6.00,19.00,12.00,49.00,9.00,29398276,358
93.05,1547727704,662.24,51.51476510,7.47301915,159.79,0.00,0.00,4.91,1,-90.00,-6.00,20.00,9.00,49.00,9.00,29398276,358
94.05,1547727705,662.24,51.51476510,7.47301915,159.78,0.00,0.00,4.91,1,-90.00,-6.00,20.00,9.00,49.00,9.00,29398276,358
95.05,1547727706,662.24,51.51476510,7.47301915,159.77,0.00,0.00,4.91,1,-90.00,-9.00,20.00,10.00,51.00,9.00,29398276,358
96.05,1547727707,662.24,51.51476510,7.47301915,159.77,0.00,0.00,4.91,1,-90.00,-9.00,20.00,10.00,51.00,9.00,29398276,358
97.05,1547727708,662.24,51.51476510,7.47301915,159.77,0.00,0.00,4.91,1,-89.00,-5.00,22.00,10.00,49.00,9.00,29398276,358
98.05,1547727709,662.24,51.51476510,7.47301915,159.79,0.00,0.00,4.91,1,-89.00,-5.00,22.00,10.00,49.00,9.00,29398276,358
99.04,1547727710,662.24,51.51476510,7.47301915,159.69,0.00,0.00,5.63,1,-90.00,-5.00,13.00,11.00,47.00,9.00,29398276,358
100.05,1547727711,662.24,51.51476510,7.47301915,158.17,0.00,0.00,4.57,1,-90.00,-5.00,13.00,11.00,47.00,9.00,29398276,358
101.05,1547727712,662.24,51.51489615,7.47303088,155.66,6.22,0.00,3.94,1,-93.00,-6.00,17.00,10.00,45.00,9.00,29398276,358
102.05,1547727713,668.46,51.51496086,7.47303040,153.09,6.90,0.68,3.32,1,-93.00,-6.00,17.00,10.00,45.00,9.00,29398276,358
103.05,1547727714,675.41,51.51503349,7.47303563,150.96,8.11,1.20,2.40,1,-94.00,-6.00,17.00,11.00,44.00,9.00,29398276,358
104.05,1547727715,683.49,51.51511256,7.47303042,149.70,9.46,1.36,1.15,1,-94.00,-6.00,17.00,11.00,44.00,9.00,29398276,358
105.04,1547727716,692.90,51.51520143,7.47302545,148.52,10.16,0.70,359.76,1,-94.00,-6.00,17.00,11.00,44.00,9.00,29398276,358
106.05,1547727717,703.11,51.51528955,7.47301220,147.32,10.26,0.10,357.62,1,-94.00,-6.00,16.00,10.00,44.00,9.00,29398276,358
107.05,1547727718,713.36,51.51538456,7.47299122,146.08,11.17,0.91,354.84,1,-94.00,-6.00,16.00,10.00,44.00,9.00,29398276,358
108.05,1547727719,724.54,51.51548621,7.47295703,144.72,11.62,0.45,351.92,1,-91.00,-6.00,13.00,10.00,46.00,9.00,29398276,358
109.04,1547727720,736.12,51.51557913,7.47290883,143.29,10.42,-1.21,348.14,1,-91.00,-6.00,13.00,10.00,46.00,9.00,29398276,358
110.05,1547727721,746.59,51.51568814,7.47280545,142.61,10.42,0.00,351.15,1,-90.00,-6.00,14.00,10.00,45.00,9.00,29398276,358
111.05,1547727722,756.96,51.51579560,7.47270883,141.14,11.81,1.40,345.51,1,-90.00,-6.00,14.00,10.00,45.00,9.00,29398276,358
112.05,1547727723,768.77,51.51589135,7.47262293,139.58,11.88,0.07,333.81,1,-92.00,-6.00,22.00,9.00,45.00,9.00,29398276,358
113.05,1547727724,780.66,51.51598906,7.47253928,138.08,12.26,0.38,331.97,1,-92.00,-6.00,22.00,9.00,45.00,9.00,29398276,358
114.05,1547727725,792.96,51.51608704,7.47244862,137.51,12.39,0.12,329.29,1,-95.00,-7.00,17.00,10.00,43.00,9.00,29398276,358
115.05,1547727726,805.31,51.51617666,7.47233610,137.04,12.56,0.17,325.87,1,-95.00,-7.00,17.00,10.00,43.00,9.00,29398276,358
116.05,1547727727,817.87,51.51626452,7.47221215,136.63,12.89,0.33,322.62,1,-97.00,-7.00,27.00,11.00,40.00,9.00,29398276,358
117.05,1547727728,830.81,51.51632982,7.47205345,136.33,12.76,-0.13,308.48,1,-97.00,-7.00,27.00,11.00,40.00,9.00,29398276,358
118.05,1547727729,843.52,51.51638950,7.47190297,135.81,12.37,-0.39,306.74,1,-96.00,-6.00,12.00,11.00,41.00,9.00,29398276,358
119.05,1547727730,855.90,51.51644562,7.47174865,135.23,12.57,0.19,304.19,1,-96.00,-6.00,12.00,11.00,41.00,9.00,29398276,358
120.05,1547727731,868.53,51.51649682,7.47159897,134.35,12.40,-0.17,301.54,1,-95.00,-7.00,9.00,10.00,42.00,9.00,29398276,358
121.05,1547727732,880.86,51.51654336,7.47144008,133.57,12.80,0.40,298.70,1,-95.00,-7.00,9.00,10.00,42.00,9.00,29398276,358
122.05,1547727733,893.70,51.51658970,7.47128296,132.53,12.21,-0.59,296.84,1,-93.00,-9.00,13.00,10.00,46.00,9.00,29398276,358
123.05,1547727734,905.89,51.51663322,7.47111619,132.17,12.46,0.25,295.91,1,-93.00,-9.00,13.00,10.00,46.00,9.00,29398276,358
124.05,1547727735,918.42,51.51667547,7.47094912,131.82,12.68,0.23,295.35,1,-95.00,-10.00,12.00,8.00,45.00,9.00,29398276,358
125.05,1547727736,931.05,51.51672075,7.47078346,131.80,12.86,0.17,295.71,1,-95.00,-10.00,12.00,8.00,45.00,9.00,29398276,358
126.05,1547727737,943.90,51.51676783,7.47061563,131.50,13.06,0.21,296.31,1,-95.00,-10.00,12.00,8.00,45.00,9.00,29398276,358
127.05,1547727738,956.98,51.51681716,7.47044766,131.08,12.84,-0.23,295.47,1,-92.00,-6.00,12.00,11.00,44.00,9.00,29398276,358
128.05,1547727739,969.81,51.51686435,7.47027127,131.04,13.11,0.28,294.77,1,-92.00,-6.00,12.00,11.00,44.00,9.00,29398276,358
129.05,1547727740,982.92,51.51691046,7.47008090,131.11,14.03,0.92,293.63,1,-91.00,-6.00,12.00,9.00,45.00,9.00,29398276,358
130.05,1547727741,996.99,51.51695439,7.46988620,130.97,13.97,-0.06,292.59,1,-91.00,-6.00,12.00,9.00,45.00,9.00,29398276,358
131.05,1547727742,1010.91,51.51699374,7.46969676,130.70,13.53,-0.44,291.25,1,-94.00,-7.00,15.00,9.00,44.00,9.00,29398276,358
132.05,1547727743,1024.42,51.51703081,7.46950066,130.61,13.62,0.09,290.59,1,-94.00,-7.00,15.00,9.00,44.00,9.00,29398276,358
133.05,1547727744,1038.05,51.51706746,7.46930362,130.71,13.79,0.17,289.62,1,-95.00,-9.00,15.00,8.00,46.00,9.00,29398276,358
134.05,1547727745,1051.89,51.51710844,7.46910518,130.51,14.10,0.30,288.66,1,-95.00,-9.00,15.00,8.00,46.00,9.00,29398276,358
135.05,1547727746,1065.96,51.51714864,7.46892019,129.88,13.85,-0.25,289.39,1,-95.00,-7.00,29.00,9.00,43.00,9.00,29398276,358
136.05,1547727747,1079.77,51.51718743,7.46873086,129.36,13.44,-0.41,289.91,1,-95.00,-7.00,29.00,9.00,43.00,9.00,29398276,358
137.05,1547727748,1093.26,51.51722448,7.46855489,128.99,12.54,-0.89,290.53,1,-93.00,-6.00,13.00,8.00,43.00,9.00,29398276,358
138.05,1547727749,1105.79,51.51726231,7.46838312,128.94,12.01,-0.53,291.44,1,-93.00,-6.00,13.00,8.00,43.00,9.00,29398276,358
139.05,1547727750,1117.82,51.51729996,7.46822640,128.77,11.21,-0.80,292.69,1,-91.00,-6.00,10.00,9.00,43.00,9.00,29398276,358
140.05,1547727751,1129.08,51.51733242,7.46811474,128.92,7.76,-3.44,294.92,1,-91.00,-6.00,10.00,9.00,43.00,9.00,29398276,358
141.05,1547727752,1136.79,51.51736594,7.46800768,129.35,7.56,-0.21,295.54,1,-94.00,-7.00,12.00,15.00,44.00,9.00,29398276,358
142.05,1547727753,1144.36,51.51739715,7.46790577,130.01,7.26,-0.29,294.94,1,-94.00,-7.00,12.00,15.00,44.00,9.00,29398276,358
143.05,1547727754,1151.63,51.51742768,7.46780242,130.70,7.12,-0.14,296.11,1,-95.00,-7.00,13.00,8.00,43.00,9.00,29398276,358
144.05,1547727755,1158.75,51.51746083,7.46769122,131.45,7.53,0.41,295.77,1,-95.00,-7.00,13.00,8.00,43.00,9.00,29398276,358
145.06,1547727756,1166.34,51.51749413,7.46758737,132.11,7.43,-0.10,296.93,1,-94.00,-6.00,24.00,10.00,44.00,9.00,29398276,358
146.05,1547727757,1173.71,51.51752412,7.46750009,132.39,6.39,-1.04,297.52,1,-94.00,-6.00,24.00,10.00,44.00,9.00,29398276,358
147.05,1547727758,1180.08,51.51755133,7.46742212,132.49,5.71,-0.68,296.81,1,-94.00,-6.00,24.00,10.00,44.00,9.00,29398276,358
148.05,1547727759,1185.79,51.51757536,7.46735022,132.53,5.35,-0.37,297.70,1,-95.00,-7.00,10.00,9.00,43.00,9.00,29398276,358
149.05,1547727760,1191.16,51.51759821,7.46728670,132.41,5.29,-0.05,297.30,1,-95.00,-7.00,10.00,9.00,43.00,9.00,29398276,358
150.04,1547727761,1196.42,51.51762085,7.46720884,132.20,5.66,0.37,296.57,1,-93.00,-6.00,11.00,12.00,44.00,9.00,29398276,358
151.05,1547727762,1202.11,51.51764263,7.46712456,132.18,5.94,0.27,295.16,1,-93.00,-6.00,11.00,12.00,44.00,9.00,29398276,358
152.05,1547727763,1208.05,51.51766307,7.46705248,132.01,5.80,-0.13,293.59,1,-95.00,-6.00,10.00,12.00,42.00,9.00,29398276,358
153.05,1547727764,1213.85,51.51768080,7.46698150,131.75,5.74,-0.06,292.21,1,-95.00,-6.00,10.00,12.00,42.00,9.00,29398276,358
154.05,1547727765,1219.59,51.51769736,7.46690285,131.67,5.58,-0.16,291.25,1,-97.00,-7.00,9.00,10.00,40.00,9.00,29398276,358
155.04,1547727766,1225.15,51.51771328,7.46681666,131.66,5.75,0.17,290.48,1,-97.00,-7.00,9.00,10.00,40.00,9.00,29398276,358
156.05,1547727767,1230.93,51.51772767,7.46673943,131.53,5.94,0.19,289.07,1,-98.00,-7.00,8.00,10.00,40.00,9.00,29398276,358
157.05,1547727768,1236.87,51.51774286,7.46664957,131.40,6.40,0.46,288.19,1,-98.00,-7.00,8.00,10.00,40.00,9.00,29398276,358
158.05,1547727769,1243.25,51.51775803,7.46656928,131.14,6.38,-0.02,288.44,1,-97.00,-8.00,2.00,8.00,41.00,9.00,29398276,358
159.05,1547727770,1249.63,51.51777291,7.46648211,130.73,6.69,0.31,287.38,1,-97.00,-8.00,2.00,8.00,41.00,9.00,29398276,358
160.05,1547727771,1256.33,51.51778699,7.46639834,130.31,5.87,-0.82,286.99,1,-98.00,-8.00,6.00,8.00,41.00,9.00,29398276,358
161.05,1547727772,1262.20,51.51779950,7.46631478,129.96,5.73,-0.14,285.40,1,-98.00,-8.00,6.00,8.00,41.00,9.00,29398276,358
162.05,1547727773,1267.95,51.51781157,7.46622148,129.75,6.30,0.57,283.88,1,-101.00,-12.00,5.00,6.00,41.00,9.00,29398276,358
163.05,1547727774,1274.26,51.51782435,7.46611621,129.60,8.14,1.83,282.85,1,-101.00,-12.00,5.00,6.00,41.00,9.00,29398276,358
164.05,1547727775,1282.37,51.51783853,7.46599111,129.39,9.26,1.13,280.95,1,-91.00,-7.00,3.00,6.00,45.00,11.00,26376708,470
165.05,1547727776,1291.63,51.51785162,7.46585036,129.18,10.28,1.02,279.37,1,-91.00,-7.00,3.00,6.00,45.00,11.00,26376708,470
166.05,1547727777,1301.93,51.51786189,7.46570687,129.09,10.05,-0.23,277.47,1,-95.00,-7.00,9.00,10.00,42.00,11.00,26376708,470
167.04,1547727778,1311.93,51.51786925,7.46554978,128.90,10.06,0.00,275.92,1,-95.00,-7.00,9.00,10.00,42.00,11.00,26376708,470
168.06,1547727779,1322.12,51.51786385,7.46538730,129.01,10.06,0.00,275.92,1,-92.00,-8.00,6.00,9.00,47.00,11.00,26376708,470
169.05,1547727780,1332.09,51.51786454,7.46522790,129.49,10.36,0.31,275.39,1,-92.00,-8.00,6.00,9.00,47.00,11.00,26376708,470
170.05,1547727781,1342.45,51.51786564,7.46507059,129.88,10.36,-0.00,273.56,1,-92.00,-8.00,6.00,9.00,47.00,11.00,26376708,470
171.05,1547727782,1352.77,51.51786250,7.46491794,129.89,10.42,0.07,271.64,1,-98.00,-11.00,3.00,8.00,44.00,11.00,26376708,470
172.05,1547727783,1363.20,51.51785602,7.46475952,129.84,11.01,0.59,269.89,1,-98.00,-11.00,3.00,8.00,44.00,11.00,26376708,470
173.05,1547727784,1374.26,51.51784942,7.46458721,129.48,11.83,0.82,267.94,1,-98.00,-12.00,2.00,8.00,45.00,11.00,26376708,470
174.05,1547727785,1386.05,51.51783459,7.46441430,129.39,12.26,0.43,265.03,1,-98.00,-12.00,2.00,8.00,45.00,11.00,26376708,470
175.05,1547727786,1398.33,51.51781349,7.46424451,129.28,12.49,0.23,261.05,1,-88.00,-8.00,3.00,6.00,51.00,13.00,26796291,24
176.05,1547727787,1410.78,51.51778662,7.46406904,128.79,12.64,0.15,257.82,1,-88.00,-8.00,3.00,6.00,51.00,13.00,26796291,24
177.05,1547727788,1423.46,51.51775238,7.46390469,129.46,12.57,-0.07,255.32,1,-87.00,-7.00,11.00,9.00,52.00,13.00,26796291,24
178.05,1547727789,1435.97,51.51771048,7.46374401,130.78,13.15,0.58,253.06,1,-87.00,-7.00,11.00,9.00,52.00,13.00,26796291,24
179.05,1547727790,1449.16,51.51766625,7.46357928,133.49,12.98,-0.17,251.29,1,-90.00,-8.00,3.00,7.00,49.00,13.00,26796291,24
180.05,1547727791,1462.12,51.51761901,7.46340456,135.18,12.98,0.00,249.50,1,-90.00,-8.00,3.00,7.00,49.00,13.00,26796291,24
181.05,1547727792,1475.13,51.51757080,7.46322313,136.15,13.42,0.44,248.51,1,-88.00,-9.00,3.00,6.00,53.00,7.00,26378754,443
182.05,1547727793,1488.52,51.51752284,7.46304203,136.46,13.30,-0.13,247.78,1,-88.00,-9.00,3.00,6.00,53.00,7.00,26378754,443
183.05,1547727794,1501.81,51.51747350,7.46285995,136.96,13.81,0.52,246.99,1,-88.00,-11.00,5.00,11.00,54.00,7.00,26378754,443
184.05,1547727795,1515.65,51.51742034,7.46267843,137.48,14.01,0.19,245.86,1,-88.00,-11.00,5.00,11.00,54.00,7.00,26378754,443
185.05,1547727796,1529.67,51.51736665,7.46249603,138.20,14.29,0.28,246.37,1,-87.00,-7.00,15.00,10.00,52.00,7.00,26378754,443
186.05,1547727797,1543.92,51.51731891,7.46231638,138.91,13.70,-0.59,247.67,1,-87.00,-7.00,15.00,10.00,52.00,7.00,26378754,443
187.05,1547727798,1557.60,51.51727276,7.46213948,139.42,13.49,-0.21,248.28,1,-85.00,-7.00,14.00,10.00,54.00,7.00,26378754,443
188.05,1547727799,1571.14,51.51723207,7.46196248,140.35,13.23,-0.26,249.61,1,-85.00,-7.00,14.00,10.00,54.00,7.00,26378754,443
189.06,1547727800,1584.47,51.51722883,7.46174624,140.60,13.23,0.00,248.38,1,-85.00,-6.00,9.00,10.00,52.00,7.00,26378754,443
190.05,1547727801,1597.58,51.51719139,7.46156198,141.75,13.81,0.58,250.75,1,-85.00,-6.00,9.00,10.00,52.00,7.00,26378754,443
191.05,1547727802,1611.40,51.51714275,7.46137927,142.26,14.13,0.32,251.09,1,-85.00,-6.00,9.00,10.00,52.00,7.00,26378754,443
192.05,1547727803,1625.50,51.51709682,7.46119603,142.28,14.04,-0.09,250.76,1,-87.00,-8.00,13.00,9.00,52.00,7.00,26378754,443
193.05,1547727804,1639.57,51.51705161,7.46101971,142.74,13.75,-0.29,251.12,1,-87.00,-8.00,13.00,9.00,52.00,7.00,26378754,443
194.04,1547727805,1653.25,51.51701081,7.46083342,141.71,13.36,-0.39,251.47,1,-81.00,-6.00,12.00,9.00,57.00,7.00,26378754,443
195.05,1547727806,1666.66,51.51696896,7.46063432,139.86,14.03,0.66,251.55,1,-81.00,-6.00,12.00,9.00,57.00,7.00,26378754,443
196.05,1547727807,1680.70,51.51691976,7.46042392,138.21,14.03,0.00,250.75,1,-85.00,-7.00,7.00,10.00,54.00,7.00,26378754,443
197.05,1547727808,1694.70,51.51688585,7.46022299,136.43,14.30,0.27,253.59,1,-85.00,-7.00,7.00,10.00,54.00,7.00,26378754,443
198.05,1547727809,1709.02,51.51684280,7.46002286,134.91,14.40,0.10,253.78,1,-80.00,-6.00,19.00,13.00,57.00,7.00,26378754,443
199.05,1547727810,1723.40,51.51680586,7.45981858,133.35,14.66,0.26,254.60,1,-80.00,-6.00,19.00,13.00,57.00,7.00,26378754,443
200.05,1547727811,1738.03,51.51676893,7.45962087,133.00,14.88,0.22,255.26,1,-77.00,-5.00,25.00,15.00,61.00,7.00,26378754,443
201.05,1547727812,1752.92,51.51673856,7.45941276,132.26,14.75,-0.13,256.08,1,-77.00,-5.00,25.00,15.00,61.00,7.00,26378754,443
202.05,1547727813,1767.70,51.51670924,7.45920590,131.46,14.61,-0.14,256.67,1,-79.00,-7.00,23.00,12.00,59.00,7.00,26378754,443
203.05,1547727814,1782.34,51.51668194,7.45899919,131.04,14.82,0.21,257.47,1,-79.00,-7.00,23.00,12.00,59.00,7.00,26378754,443
204.05,1547727815,1797.13,51.51666014,7.45877965,130.24,14.82,0.00,256.78,1,-84.00,-6.00,20.00,8.00,53.00,7.00,26378754,443
205.05,1547727816,1811.97,51.51663045,7.45857471,129.80,14.29,-0.53,256.13,1,-84.00,-6.00,20.00,8.00,53.00,7.00,26378754,443
206.05,1547727817,1826.26,51.51660925,7.45837404,129.33,14.31,0.02,257.69,1,-86.00,-7.00,13.00,11.00,51.00,7.00,26378754,443
207.05,1547727818,1840.57,51.51657979,7.45817337,129.14,14.16,-0.15,258.42,1,-86.00,-7.00,13.00,11.00,51.00,7.00,26378754,443
208.05,1547727819,1854.69,51.51655118,7.45798864,129.62,13.88,-0.28,257.93,1,-87.00,-7.00,8.00,8.00,50.00,7.00,26378754,443
209.05,1547727820,1868.62,51.51652630,7.45779515,129.44,13.01,-0.86,257.37,1,-87.00,-7.00,8.00,8.00,50.00,7.00,26378754,443
210.06,1547727821,1881.74,51.51649945,7.45762163,130.09,11.88,-1.12,256.73,1,-86.00,-7.00,6.00,6.00,51.00,10.00,27029251,331
211.04,1547727822,1893.47,51.51647518,7.45747364,131.42,9.30,-2.61,257.73,1,-86.00,-7.00,6.00,6.00,51.00,10.00,27029251,331
212.05,1547727823,1902.78,51.51645289,7.45734584,132.56,7.54,-1.76,258.15,1,-86.00,-7.00,6.00,6.00,51.00,10.00,27029251,331
213.05,1547727824,1910.34,51.51643220,7.45723337,133.43,6.22,-1.32,257.24,1,-88.00,-7.00,14.00,11.00,50.00,10.00,27029251,331
214.05,1547727825,1916.56,51.51641741,7.45712321,133.67,6.28,0.06,256.69,1,-88.00,-7.00,14.00,11.00,50.00,10.00,27029251,331
215.05,1547727826,1922.84,51.51639960,7.45701919,133.34,6.18,-0.10,255.09,1,-87.00,-6.00,14.00,8.00,49.00,10.00,27029251,331
216.05,1547727827,1929.03,51.51638066,7.45692394,133.25,5.46,-0.72,253.09,1,-87.00,-6.00,14.00,8.00,49.00,10.00,27029251,331
217.05,1547727828,1934.49,51.51634920,7.45680706,133.62,6.55,1.09,251.01,1,-86.00,-7.00,13.00,10.00,49.00,10.00,27029251,331
218.05,1547727829,1941.04,51.51631729,7.45669025,134.97,6.88,0.33,248.62,1,-86.00,-7.00,13.00,10.00,49.00,10.00,27029251,331
219.05,1547727830,1947.93,51.51629251,7.45658896,135.50,6.93,0.05,247.21,1,-82.00,-6.00,16.00,15.00,53.00,10.00,27029251,331
220.05,1547727831,1954.83,51.51627028,7.45649777,135.08,6.72,-0.21,246.81,1,-82.00,-6.00,16.00,15.00,53.00,10.00,27029251,331
221.05,1547727832,1961.56,51.51623698,7.45638409,134.09,9.08,2.36,244.72,1,-85.00,-6.00,15.00,12.00,52.00,10.00,27029251,331
222.05,1547727833,1970.65,51.51619476,7.45626968,133.45,9.59,0.51,242.98,1,-85.00,-6.00,15.00,12.00,52.00,10.00,27029251,331
223.05,1547727834,1980.22,51.51615243,7.45614191,133.85,10.02,0.43,241.30,1,-89.00,-9.00,6.00,6.00,50.00,2.00,26378754,443
224.05,1547727835,1990.26,51.51611090,7.45602697,134.28,9.45,-0.57,239.12,1,-89.00,-9.00,6.00,6.00,50.00,2.00,26378754,443
225.05,1547727836,1999.72,51.51607325,7.45592484,134.46,8.32,-1.12,237.56,1,-90.00,-8.00,8.00,9.00,49.00,2.00,26378754,443
226.05,1547727837,2008.00,51.51603890,7.45582823,135.29,7.27,-1.05,233.77,1,-90.00,-8.00,8.00,9.00,49.00,2.00,26378754,443
227.05,1547727838,2015.28,51.51599981,7.45573816,136.58,7.92,0.65,232.16,1,-88.00,-8.00,12.00,10.00,51.00,2.00,26378754,443
228.05,1547727839,2023.23,51.51595439,7.45564534,137.45,8.06,0.13,230.58,1,-88.00,-8.00,12.00,10.00,51.00,2.00,26378754,443
229.05,1547727840,2031.25,51.51590825,7.45554648,138.64,8.65,0.59,229.02,1,-83.00,-8.00,26.00,10.00,56.00,2.00,26378754,443
230.05,1547727841,2039.94,51.51585313,7.45545122,140.09,9.40,0.75,226.23,1,-83.00,-8.00,26.00,10.00,56.00,2.00,26378754,443
231.05,1547727842,2049.32,51.51579498,7.45535009,142.32,9.95,0.55,223.86,1,-84.00,-6.00,13.00,11.00,54.00,2.00,26378754,443
232.05,1547727843,2059.27,51.51572039,7.45528533,144.77,9.53,-0.42,210.60,1,-84.00,-6.00,13.00,11.00,54.00,2.00,26378754,443
233.07,1547727844,2069.04,51.51564286,7.45523599,146.72,9.58,0.05,208.47,1,-85.00,-8.00,4.00,6.00,54.00,3.00,26796291,24
234.05,1547727845,2078.36,51.51556492,7.45519657,147.58,9.27,-0.32,205.32,1,-85.00,-8.00,4.00,6.00,54.00,3.00,26796291,24
235.05,1547727846,2087.63,51.51548316,7.45518524,148.12,8.31,-0.95,191.71,1,-85.00,-8.00,4.00,6.00,54.00,3.00,26796291,24
236.05,1547727847,2095.95,51.51539355,7.45517113,148.32,9.14,0.82,190.08,1,-89.00,-10.00,7.00,8.00,52.00,3.00,26796291,24
237.05,1547727848,2105.09,51.51529351,7.45516550,147.82,9.93,0.79,188.05,1,-89.00,-10.00,7.00,8.00,52.00,3.00,26796291,24
238.05,1547727849,2115.03,51.51519650,7.45516335,147.24,10.17,0.24,185.25,1,-81.00,-7.00,11.00,9.00,58.00,3.00,26796291,24
239.04,1547727850,2125.15,51.51508767,7.45517016,146.46,11.74,1.58,181.49,1,-81.00,-7.00,11.00,9.00,58.00,3.00,26796291,24
240.05,1547727851,2136.90,51.51497483,7.45518649,144.96,12.26,0.53,178.74,1,-73.00,-6.00,13.00,12.00,63.00,3.00,26796291,24
241.04,1547727852,2149.14,51.51485494,7.45521779,143.35,12.76,0.49,176.84,1,-73.00,-6.00,13.00,12.00,63.00,3.00,26796291,24
242.05,1547727853,2161.94,51.51472985,7.45525291,142.19,13.49,0.73,174.89,1,-72.00,-5.00,19.00,10.00,63.00,3.00,26796291,24
243.05,1547727854,2175.40,51.51460061,7.45529248,141.18,14.26,0.78,173.79,1,-72.00,-5.00,19.00,10.00,63.00,3.00,26796291,24
244.05,1547727855,2189.69,51.51447380,7.45532841,140.60,13.95,-0.31,173.09,1,-78.00,-6.00,14.00,11.00,58.00,3.00,26796291,24
245.05,1547727856,2203.63,51.51434306,7.45536258,139.72,14.30,0.35,172.62,1,-78.00,-6.00,14.00,11.00,58.00,3.00,26796291,24
246.05,1547727857,2217.91,51.51421490,7.45539079,138.84,13.81,-0.48,172.07,1,-71.00,-6.00,19.00,14.00,63.00,3.00,26796291,24
247.05,1547727858,2231.75,51.51409029,7.45542053,138.00,13.46,-0.35,172.21,1,-71.00,-6.00,19.00,14.00,63.00,3.00,26796291,24
248.05,1547727859,2245.23,51.51396535,7.45545209,138.06,13.21,-0.25,171.64,1,-76.00,-7.00,8.00,9.00,62.00,3.00,26796291,24
249.05,1547727860,2258.44,51.51384780,7.45548440,138.42,12.82,-0.40,170.79,1,-76.00,-7.00,8.00,9.00,62.00,3.00,26796291,24
250.04,1547727861,2271.21,51.51372492,7.45551745,140.24,12.77,-0.05,168.61,1,-71.00,-5.00,5.00,6.00,63.00,1.00,26796290,25
251.04,1547727862,2283.97,51.51360557,7.45555764,142.62,12.50,-0.27,166.46,1,-71.00,-5.00,5.00,6.00,63.00,1.00,26796290,25
252.05,1547727863,2296.50,51.51349327,7.45561548,145.03,12.34,-0.16,163.09,1,-84.00,-9.00,6.00,10.00,55.00,1.00,26796290,25
253.05,1547727864,2308.84,51.51338621,7.45568130,147.15,12.12,-0.22,160.55,1,-84.00,-9.00,6.00,10.00,55.00,1.00,26796290,25
254.06,1547727865,2321.11,51.51326514,7.45580077,149.67,12.12,0.00,163.20,1,-88.00,-10.00,1.00,8.00,54.00,1.00,26796290,25
255.05,1547727866,2333.07,51.51316011,7.45588217,150.94,12.33,0.22,166.43,1,-88.00,-10.00,1.00,8.00,54.00,1.00,26796290,25
256.05,1547727867,2345.47,51.51305096,7.45596447,152.04,13.61,1.27,167.00,1,-88.00,-10.00,1.00,8.00,54.00,1.00,26796290,25
257.05,1547727868,2359.03,51.51299224,7.45611952,153.00,12.32,-1.29,129.89,1,-85.00,-8.00,1.00,5.00,55.00,7.00,26796291,24
258.05,1547727869,2371.35,51.51293367,7.45629071,153.30,12.81,0.49,128.25,1,-85.00,-8.00,1.00,5.00,55.00,7.00,26796291,24
259.05,1547727870,2384.16,51.51286400,7.45644490,153.54,12.60,-0.21,127.91,1,-82.00,-8.00,2.00,8.00,57.00,2.00,26378755,441
260.05,1547727871,2396.77,51.51279433,7.45658610,153.47,12.60,0.00,128.25,1,-82.00,-8.00,2.00,8.00,57.00,2.00,26378755,441
261.05,1547727872,2409.37,51.51273599,7.45674875,153.35,12.93,0.33,130.43,1,-83.00,-6.00,7.00,8.00,54.00,2.00,26378755,441
262.04,1547727873,2422.26,51.51266182,7.45688954,153.69,13.32,0.39,129.92,1,-83.00,-6.00,7.00,8.00,54.00,2.00,26378755,441
263.05,1547727874,2435.59,51.51258449,7.45704192,153.92,13.43,0.11,127.94,1,-88.00,-7.00,9.00,8.00,49.00,2.00,26378755,441
264.05,1547727875,2449.07,51.51251985,7.45720293,153.90,12.44,-0.99,128.39,1,-88.00,-7.00,9.00,8.00,49.00,2.00,26378755,441
265.05,1547727876,2461.50,51.51244714,7.45736078,153.89,13.15,0.71,126.94,1,-87.00,-6.00,10.00,12.00,51.00,2.00,26378755,441
266.05,1547727877,2474.65,51.51237137,7.45752884,154.50,13.61,0.46,126.37,1,-87.00,-6.00,10.00,12.00,51.00,2.00,26378755,441
267.05,1547727878,2488.27,51.51228329,7.45768967,154.63,13.61,0.00,126.37,1,-89.00,-7.00,11.00,9.00,49.00,2.00,26378755,441
268.05,1547727879,2501.87,51.51221820,7.45786540,153.78,13.10,-0.51,124.48,1,-89.00,-7.00,11.00,9.00,49.00,2.00,26378755,441
269.05,1547727880,2514.95,51.51214396,7.45802732,153.62,13.06,-0.04,125.14,1,-87.00,-6.00,6.00,9.00,51.00,2.00,26378755,441
270.05,1547727881,2528.03,51.51207983,7.45819604,152.96,12.93,-0.14,125.86,1,-87.00,-6.00,6.00,9.00,51.00,2.00,26378755,441
271.04,1547727882,2540.91,51.51200829,7.45836734,152.75,13.94,1.02,127.21,1,-89.00,-7.00,14.00,9.00,50.00,2.00,26378755,441
272.05,1547727883,2554.90,51.51194357,7.45853537,152.39,13.92,-0.02,127.93,1,-89.00,-7.00,14.00,9.00,50.00,2.00,26378755,441
273.05,1547727884,2568.84,51.51186958,7.45869802,152.35,13.80,-0.12,128.34,1,-90.00,-7.00,13.00,9.00,48.00,2.00,26378755,441
274.05,1547727885,2582.64,51.51179661,7.45884479,152.60,12.58,-1.22,127.72,1,-90.00,-7.00,13.00,9.00,48.00,2.00,26378755,441
275.06,1547727886,2595.29,51.51172395,7.45899451,153.19,13.14,0.56,127.55,1,-91.00,-8.00,13.00,8.00,48.00,2.00,26378755,441
276.05,1547727887,2608.34,51.51165645,7.45914643,153.79,12.81,-0.32,126.73,1,-91.00,-8.00,13.00,8.00,48.00,2.00,26378755,441
277.05,1547727888,2621.15,51.51160431,7.45931600,153.62,12.81,0.00,126.73,1,-91.00,-8.00,13.00,8.00,48.00,2.00,26378755,441
278.05,1547727889,2633.96,51.51153082,7.45948577,153.05,13.66,0.85,129.04,1,-87.00,-8.00,12.00,8.00,52.00,2.00,26378755,441
279.05,1547727890,2647.64,51.51144293,7.45965245,152.65,14.38,0.72,129.30,1,-87.00,-8.00,12.00,8.00,52.00,2.00,26378755,441
280.05,1547727891,2661.99,51.51135445,7.45981095,153.24,14.34,-0.04,128.71,1,-88.00,-7.00,12.00,7.00,50.00,2.00,26378755,441
281.04,1547727892,2676.29,51.51127134,7.45998199,153.33,14.40,0.06,129.72,1,-88.00,-7.00,12.00,7.00,50.00,2.00,26378755,441
282.05,1547727893,2690.70,51.51118698,7.46014258,153.53,14.29,-0.11,130.07,1,-91.00,-8.00,12.00,9.00,47.00,2.00,26378755,441
283.05,1547727894,2705.04,51.51110354,7.46029569,153.57,13.98,-0.31,131.02,1,-91.00,-8.00,12.00,9.00,47.00,2.00,26378755,441
284.04,1547727895,2718.96,51.51101336,7.46045184,153.84,14.18,0.20,130.52,1,-90.00,-7.00,14.00,10.00,47.00,2.00,26378755,441
285.05,1547727896,2733.15,51.51092212,7.46059431,154.31,13.74,-0.44,130.84,1,-90.00,-7.00,14.00,10.00,47.00,2.00,26378755,441
286.05,1547727897,2746.92,51.51084108,7.46073342,155.48,12.45,-1.29,130.60,1,-89.00,-7.00,13.00,11.00,50.00,2.00,26378755,441
287.04,1547727898,2759.33,51.51076303,7.46087168,156.31,12.45,0.00,131.42,1,-89.00,-7.00,13.00,11.00,50.00,2.00,26378755,441
288.04,1547727899,2771.78,51.51068337,7.46100533,157.02,12.32,-0.13,132.15,1,-90.00,-8.00,13.00,8.00,49.00,2.00,26378755,441
289.05,1547727900,2784.15,51.51060569,7.46111640,157.76,11.08,-1.23,134.08,1,-90.00,-8.00,13.00,8.00,49.00,2.00,26378755,441
290.05,1547727901,2795.27,51.51052990,7.46122930,158.20,10.97,-0.11,133.94,1,-90.00,-8.00,10.00,8.00,49.00,2.00,26378755,441
291.05,1547727902,2806.17,51.51047686,7.46131466,158.63,7.40,-3.59,134.70,1,-90.00,-8.00,10.00,8.00,49.00,2.00,26378755,441
292.05,1547727903,2813.57,51.51041611,7.46141485,158.22,8.91,1.51,135.38,1,-90.00,-9.00,10.00,8.00,50.00,2.00,26378755,441
293.05,1547727904,2822.49,51.51035158,7.46153334,158.31,8.91,0.00,134.50,1,-90.00,-9.00,10.00,8.00,50.00,2.00,26378755,441
294.05,1547727905,2831.44,51.51028717,7.46165887,158.07,11.11,2.18,132.51,1,-89.00,-8.00,10.00,8.00,50.00,2.00,26378755,441
295.05,1547727906,2842.50,51.51022380,7.46180785,157.59,11.59,0.48,131.63,1,-89.00,-8.00,10.00,8.00,50.00,2.00,26378755,441
296.06,1547727907,2854.22,51.51015369,7.46192980,157.91,11.56,-0.03,129.67,1,-88.00,-8.00,8.00,12.00,53.00,2.00,26378755,441
297.05,1547727908,2865.68,51.51008117,7.46207808,158.33,11.56,0.00,130.62,1,-88.00,-8.00,8.00,12.00,53.00,2.00,26378755,441
298.05,1547727909,2877.24,51.51002560,7.46220919,159.44,11.17,-0.39,126.62,1,-88.00,-8.00,8.00,12.00,53.00,2.00,26378755,441
299.05,1547727910,2888.39,51.50998897,7.46234202,160.83,10.70,-0.47,120.64,1,-82.00,-6.00,3.00,6.00,56.00,4.00,27299332,326
300.05,1547727911,2899.08,51.50996392,7.46248148,161.01,10.53,-0.18,117.33,1,-82.00,-6.00,3.00,6.00,56.00,4.00,27299332,326
301.05,1547727912,2909.60,51.50996385,7.46263014,161.02,9.40,-1.13,95.47,1,-83.00,-7.00,11.00,13.00,54.00,4.00,27299332,326
302.04,1547727913,2918.99,51.50994945,7.46279281,160.46,10.23,0.83,96.83,1,-83.00,-7.00,11.00,13.00,54.00,4.00,27299332,326
303.05,1547727914,2929.26,51.50991789,7.46297437,160.39,10.22,-0.01,97.43,1,-86.00,-7.00,9.00,8.00,52.00,4.00,27299332,326
304.05,1547727915,2939.48,51.50989811,7.46315244,160.09,10.16,-0.06,96.99,1,-86.00,-7.00,9.00,8.00,52.00,4.00,27299332,326
305.05,1547727916,2949.63,51.50989086,7.46333917,159.53,11.28,1.12,95.28,1,-79.00,-6.00,18.00,9.00,57.00,4.00,27299332,326
306.05,1547727917,2960.92,51.50988229,7.46351045,159.15,10.42,-0.86,93.95,1,-79.00,-6.00,18.00,9.00,57.00,4.00,27299332,326
307.04,1547727918,2971.30,51.50988186,7.46365875,158.60,9.38,-1.04,92.24,1,-83.00,-6.00,10.00,10.00,54.00,4.00,27299332,326
308.05,1547727919,2980.71,51.50987739,7.46380423,158.49,8.73,-0.65,91.39,1,-83.00,-6.00,10.00,10.00,54.00,4.00,27299332,326
309.05,1547727920,2989.42,51.50987177,7.46393825,158.62,7.82,-0.92,92.09,1,-82.00,-6.00,16.00,10.00,55.00,4.00,27299332,326
310.04,1547727921,2997.23,51.50987182,7.46407100,158.70,8.00,0.18,91.57,1,-82.00,-6.00,16.00,10.00,55.00,4.00,27299332,326
311.04,1547727922,3005.23,51.50987101,7.46419435,158.62,7.80,-0.20,92.42,1,-84.00,-6.00,15.00,9.00,53.00,4.00,27299332,326
312.05,1547727923,3013.06,51.50986747,7.46433630,159.26,7.80,0.00,92.37,1,-84.00,-6.00,15.00,9.00,53.00,4.00,27299332,326
313.05,1547727924,3020.85,51.50986643,7.46448058,159.53,9.12,1.32,92.30,1,-89.00,-7.00,-4.00,12.00,49.00,4.00,27299332,326
314.05,1547727925,3029.97,51.50986410,7.46462726,159.78,10.33,1.22,92.89,1,-89.00,-7.00,-4.00,12.00,49.00,4.00,27299332,326
315.05,1547727926,3040.31,51.50986269,7.46477991,159.62,10.87,0.54,93.86,1,-92.00,-10.00,7.00,8.00,48.00,4.00,27299332,326
316.05,1547727927,3051.15,51.50986181,7.46491410,159.86,10.87,0.00,93.86,1,-92.00,-10.00,7.00,8.00,48.00,4.00,27299332,326
317.05,1547727928,3062.08,51.50986118,7.46508024,159.21,12.24,1.36,93.86,1,-92.00,-7.00,10.00,11.00,45.00,4.00,27299332,326
318.05,1547727929,3074.30,51.50985861,7.46525572,158.86,12.20,-0.04,93.87,1,-92.00,-7.00,10.00,11.00,45.00,4.00,27299332,326
319.05,1547727930,3086.46,51.50985271,7.46542730,158.49,11.51,-0.69,93.91,1,-92.00,-7.00,10.00,11.00,45.00,4.00,27299332,326
320.05,1547727931,3097.96,51.50984934,7.46558862,157.89,11.53,0.03,93.44,1,-91.00,-7.00,7.00,12.00,46.00,4.00,27299332,326
321.05,1547727932,3109.53,51.50984333,7.46575971,157.79,11.82,0.29,93.72,1,-91.00,-7.00,7.00,12.00,46.00,4.00,27299332,326
322.05,1547727933,3121.32,51.50983953,7.46593740,157.88,12.16,0.34,92.72,1,-91.00,-10.00,10.00,12.00,49.00,4.00,27299332,326
323.05,1547727934,3133.47,51.50983577,7.46611484,157.72,12.20,0.04,92.83,1,-91.00,-10.00,10.00,12.00,49.00,4.00,27299332,326
324.05,1547727935,3145.72,51.50983041,7.46629653,157.66,12.62,0.42,93.81,1,-93.00,-8.00,6.00,5.00,45.00,4.00,27299332,326
325.05,1547727936,3158.35,51.50982186,7.46648906,157.54,13.73,1.11,94.08,1,-93.00,-8.00,6.00,5.00,45.00,4.00,27299332,326
326.05,1547727937,3172.07,51.50981548,7.46669404,157.06,14.21,0.47,93.18,1,-96.00,-11.00,2.00,8.00,46.00,4.00,27299332,326
327.05,1547727938,3186.26,51.50981270,7.46689109,156.41,14.01,-0.20,92.45,1,-96.00,-11.00,2.00,8.00,46.00,4.00,27299332,326
