0.04,1547728393,0.01,51.50985201,7.46756768,156.29,11.35,0.00,94.60,0,-102.00,-11.00,0.00,0.00,30.00,0.00,0,90
0.04,1547728393,0.01,51.50985201,7.46756768,156.29,11.35,0.00,94.60,0,-103.00,-11.00,0.00,0.00,28.00,0.00,0,91
1.04,1547728394,11.40,51.50984286,7.46774727,155.38,12.39,0.00,94.94,0,-102.00,-11.00,0.00,0.00,30.00,0.00,0,90
1.04,1547728394,11.42,51.50984286,7.46774727,155.38,12.39,0.00,94.94,0,-103.00,-11.00,0.00,0.00,28.00,0.00,0,91
2.05,1547728395,23.91,51.50983871,7.46792300,154.72,12.48,0.00,94.49,0,-104.00,-11.00,0.00,0.00,28.00,0.00,0,91
2.05,1547728395,23.92,51.50983871,7.46792300,154.72,12.48,0.00,94.49,0,-105.00,-13.00,0.00,0.00,28.00,0.00,0,90
3.04,1547728396,36.28,51.50983567,7.46810311,154.08,12.33,0.00,92.90,0,-104.00,-11.00,0.00,0.00,28.00,0.00,0,91
3.04,1547728396,36.28,51.50983567,7.46810311,154.08,12.33,0.00,92.90,0,-105.00,-13.00,0.00,0.00,28.00,0.00,0,90
4.04,1547728397,48.61,51.50983182,7.46828492,153.79,12.11,0.00,90.23,0,-104.00,-11.00,0.00,0.00,28.00,0.00,0,91
4.04,1547728397,48.63,51.50983182,7.46828492,153.79,12.11,0.00,90.23,0,-105.00,-13.00,0.00,0.00,28.00,0.00,0,90
5.04,1547728398,60.72,51.50983876,7.46844334,153.25,11.25,0.00,88.18,0,-103.00,-10.00,0.00,0.00,27.00,0.00,0,91
5.04,1547728398,60.73,51.50983876,7.46844334,153.25,11.25,0.00,88.18,0,-104.00,-11.00,0.00,0.00,27.00,0.00,0,92
6.04,1547728399,71.97,51.50985467,7.46859392,152.81,10.66,0.00,86.14,0,-103.00,-10.00,0.00,0.00,27.00,0.00,0,91
6.04,1547728399,71.98,51.50985467,7.46859392,152.81,10.66,0.00,86.14,0,-104.00,-11.00,0.00,0.00,27.00,0.00,0,92
7.04,1547728400,82.63,51.50987481,7.46874648,152.54,10.72,0.00,83.24,0,-108.00,-12.00,0.00,0.00,23.00,0.00,0,90
7.04,1547728400,82.63,51.50987481,7.46874648,152.54,10.72,0.00,83.24,0,-109.00,-13.00,0.00,0.00,23.00,0.00,0,91
8.04,1547728401,93.35,51.50991509,7.46889000,151.95,11.12,0.00,68.34,0,-108.00,-12.00,0.00,0.00,23.00,0.00,0,90
8.04,1547728401,93.36,51.50991509,7.46889000,151.95,11.12,0.00,68.34,0,-109.00,-13.00,0.00,0.00,23.00,0.00,0,91
9.04,1547728402,104.47,51.50996352,7.46904222,151.52,11.12,0.00,75.65,0,-108.00,-13.00,0.00,0.00,24.00,0.00,0,90
9.04,1547728402,104.48,51.50996352,7.46904222,151.52,11.12,0.00,75.65,0,-109.00,-13.00,0.00,0.00,24.00,0.00,0,91
10.04,1547728403,115.59,51.51000589,7.46920617,151.77,11.28,0.00,68.04,0,-108.00,-13.00,0.00,0.00,24.00,0.00,0,90
10.04,1547728403,115.60,51.51000589,7.46920617,151.77,11.28,0.00,68.04,0,-109.00,-13.00,0.00,0.00,24.00,0.00,0,91
11.04,1547728404,126.88,51.51006665,7.46935125,151.77,11.19,0.00,60.16,0,-101.00,-10.00,0.00,0.00,28.00,0.00,0,66
11.04,1547728404,126.89,51.51006665,7.46935125,151.77,11.19,0.00,60.16,0,-105.00,-10.00,0.00,0.00,24.00,0.00,0,90
11.05,1547728404,126.91,51.51006665,7.46935125,151.77,11.19,0.00,60.16,0,-108.00,-12.00,0.00,0.00,24.00,0.00,0,203
12.04,1547728405,138.03,51.51013038,7.46950557,151.71,11.64,0.00,59.81,0,-101.00,-10.00,0.00,0.00,28.00,0.00,0,66
12.04,1547728405,138.03,51.51013038,7.46950557,151.71,11.64,0.00,59.81,0,-105.00,-10.00,0.00,0.00,24.00,0.00,0,90
12.04,1547728405,138.04,51.51013038,7.46950557,151.71,11.64,0.00,59.81,0,-108.00,-12.00,0.00,0.00,24.00,0.00,0,203
13.04,1547728406,149.73,51.51018763,7.46965106,151.60,12.07,0.00,58.87,0,-104.00,-14.00,0.00,0.00,30.00,0.00,0,66
13.05,1547728406,149.74,51.51018763,7.46965106,151.60,12.07,0.00,58.87,0,-108.00,-10.00,0.00,0.00,21.00,0.00,0,90
13.05,1547728406,149.76,51.51018763,7.46965106,151.60,12.07,0.00,58.87,0,-109.00,-11.00,0.00,0.00,22.00,0.00,0,203
14.04,1547728407,161.74,51.51025441,7.46979871,151.28,12.47,0.00,58.44,0,-104.00,-14.00,0.00,0.00,30.00,0.00,0,66
14.04,1547728407,161.74,51.51025441,7.46979871,151.28,12.47,0.00,58.44,0,-108.00,-10.00,0.00,0.00,21.00,0.00,0,90
14.04,1547728407,161.76,51.51025441,7.46979871,151.28,12.47,0.00,58.44,0,-109.00,-11.00,0.00,0.00,22.00,0.00,0,203
15.04,1547728408,174.22,51.51032097,7.46995604,151.00,12.77,0.00,58.19,0,-109.00,-10.00,0.00,0.00,21.00,0.00,0,90
15.04,1547728408,174.22,51.51032097,7.46995604,151.00,12.77,0.00,58.19,0,-111.00,-13.00,0.00,0.00,22.00,0.00,0,203
16.04,1547728409,187.03,51.51039587,7.47015598,151.80,12.77,0.00,58.87,0,-109.00,-10.00,0.00,0.00,21.00,0.00,0,90
16.04,1547728409,187.04,51.51039587,7.47015598,151.80,12.77,0.00,58.87,0,-111.00,-13.00,0.00,0.00,22.00,0.00,0,203
17.04,1547728410,199.81,51.51046468,7.47028804,151.48,11.95,0.00,54.58,0,-110.00,-12.00,0.00,0.00,22.00,0.00,0,90
17.04,1547728410,199.81,51.51046468,7.47028804,151.48,11.95,0.00,54.58,0,-111.00,-14.00,0.00,0.00,23.00,0.00,0,203
18.04,1547728411,211.73,51.51053866,7.47043601,150.52,12.70,0.00,54.14,0,-110.00,-12.00,0.00,0.00,22.00,0.00,0,90
18.04,1547728411,211.74,51.51053866,7.47043601,150.52,12.70,0.00,54.14,0,-111.00,-14.00,0.00,0.00,23.00,0.00,0,203
19.12,1547728412,225.44,51.51061134,7.47068356,151.28,12.70,0.00,55.66,0,-110.00,-13.00,0.00,0.00,23.00,0.00,0,90
19.12,1547728412,225.44,51.51061134,7.47068356,151.28,12.70,0.00,55.66,0,-110.00,-13.00,0.00,0.00,23.00,0.00,0,203
20.04,1547728413,237.16,51.51069571,7.47081577,152.01,13.02,0.00,44.61,0,-110.00,-13.00,0.00,0.00,23.00,0.00,0,90
20.04,1547728413,237.16,51.51069571,7.47081577,152.01,13.02,0.00,44.61,0,-110.00,-13.00,0.00,0.00,23.00,0.00,0,203
21.04,1547728414,250.18,51.51077120,7.47096560,152.38,12.91,0.00,43.85,0,-109.00,-13.00,0.00,0.00,26.00,0.00,0,66
21.04,1547728414,250.19,51.51077120,7.47096560,152.38,12.91,0.00,43.85,0,-108.00,-11.00,0.00,0.00,21.00,0.00,0,203
21.05,1547728414,250.21,51.51077120,7.47096560,152.38,12.91,0.00,43.85,0,-111.00,-12.00,0.00,0.00,20.00,0.00,0,90
22.04,1547728415,263.09,51.51084079,7.47107798,152.35,11.64,0.00,43.50,0,-109.00,-13.00,0.00,0.00,26.00,0.00,0,66
22.04,1547728415,263.09,51.51084079,7.47107798,152.35,11.64,0.00,43.50,0,-108.00,-11.00,0.00,0.00,21.00,0.00,0,203
22.04,1547728415,263.10,51.51084079,7.47107798,152.35,11.64,0.00,43.50,0,-111.00,-12.00,0.00,0.00,20.00,0.00,0,90
23.05,1547728416,274.84,51.51092306,7.47119803,151.05,13.25,0.00,42.51,0,-109.00,-12.00,0.00,0.00,23.00,0.00,0,66
23.05,1547728416,274.84,51.51092306,7.47119803,151.05,13.25,0.00,42.51,0,-109.00,-9.00,0.00,0.00,20.00,0.00,0,203
23.05,1547728416,274.85,51.51092306,7.47119803,151.05,13.25,0.00,42.51,0,-115.00,-13.00,0.00,0.00,18.00,0.00,0,90
24.04,1547728417,287.90,51.51101020,7.47130821,149.57,13.65,0.00,41.33,0,-109.00,-12.00,0.00,0.00,23.00,0.00,0,66
24.04,1547728417,287.90,51.51101020,7.47130821,149.57,13.65,0.00,41.33,0,-109.00,-9.00,0.00,0.00,20.00,0.00,0,203
24.04,1547728417,287.90,51.51101020,7.47130821,149.57,13.65,0.00,41.33,0,-115.00,-13.00,0.00,0.00,18.00,0.00,0,90
25.04,1547728418,301.56,51.51110499,7.47141532,148.13,13.85,0.00,40.67,0,-109.00,-12.00,0.00,0.00,23.00,0.00,0,66
25.04,1547728418,301.57,51.51110499,7.47141532,148.13,13.85,0.00,40.67,0,-109.00,-9.00,0.00,0.00,20.00,0.00,0,203
25.04,1547728418,301.57,51.51110499,7.47141532,148.13,13.85,0.00,40.67,0,-115.00,-13.00,0.00,0.00,18.00,0.00,0,90
26.04,1547728419,315.48,51.51120841,7.47152602,146.76,13.94,0.00,39.74,0,-108.00,-11.00,0.00,0.00,23.00,0.00,0,66
26.04,1547728419,315.49,51.51120841,7.47152602,146.76,13.94,0.00,39.74,0,-104.00,-10.00,0.00,0.00,27.00,0.00,0,203
26.05,1547728419,315.50,51.51120841,7.47152602,146.76,13.94,0.00,39.74,0,-110.00,-17.00,0.00,0.00,27.00,0.00,0,33
27.05,1547728420,329.44,51.51130621,7.47163577,145.30,13.80,0.00,40.28,0,-108.00,-11.00,0.00,0.00,23.00,0.00,0,66
27.05,1547728420,329.44,51.51130621,7.47163577,145.30,13.80,0.00,40.28,0,-104.00,-10.00,0.00,0.00,27.00,0.00,0,203
27.05,1547728420,329.46,51.51130621,7.47163577,145.30,13.80,0.00,40.28,0,-110.00,-17.00,0.00,0.00,27.00,0.00,0,33
34.04,1547728427,426.64,51.51200056,7.47246172,139.82,13.35,0.00,38.23,0,-107.00,-12.00,0.00,0.00,24.00,0.00,0,68
34.04,1547728427,426.65,51.51200056,7.47246172,139.82,13.35,0.00,38.23,0,-105.00,-16.00,0.00,0.00,30.00,0.00,0,90
35.04,1547728428,440.01,51.51209296,7.47256744,139.76,12.82,0.00,36.01,0,-107.00,-12.00,0.00,0.00,24.00,0.00,0,68
35.04,1547728428,440.01,51.51209296,7.47256744,139.76,12.82,0.00,36.01,0,-105.00,-16.00,0.00,0.00,30.00,0.00,0,90
36.04,1547728429,452.82,51.51218849,7.47265596,139.69,12.75,0.00,32.26,0,-100.00,-10.00,0.00,0.00,29.00,0.00,0,68
36.04,1547728429,452.84,51.51218849,7.47265596,139.69,12.75,0.00,32.26,0,-104.00,-15.00,0.00,0.00,30.00,0.00,0,202
36.04,1547728429,452.85,51.51218849,7.47265596,139.69,12.75,0.00,32.26,0,-106.00,-13.00,0.00,0.00,28.00,0.00,0,90
37.04,1547728430,465.57,51.51227908,7.47270078,140.46,10.61,0.00,17.36,0,-100.00,-10.00,0.00,0.00,29.00,0.00,0,68
37.04,1547728430,465.58,51.51227908,7.47270078,140.46,10.61,0.00,17.36,0,-104.00,-15.00,0.00,0.00,30.00,0.00,0,202
37.04,1547728430,465.59,51.51227908,7.47270078,140.46,10.61,0.00,17.36,0,-106.00,-13.00,0.00,0.00,28.00,0.00,0,90
38.04,1547728431,476.19,51.51238337,7.47274436,141.51,11.17,0.00,15.69,0,-99.00,-8.00,0.00,0.00,28.00,0.00,0,68
38.04,1547728431,476.21,51.51238337,7.47274436,141.51,11.17,0.00,15.69,0,-103.00,-9.00,0.00,0.00,25.00,0.00,0,486
38.04,1547728431,476.21,51.51238337,7.47274436,141.51,11.17,0.00,15.69,0,-105.00,-12.00,0.00,0.00,28.00,0.00,0,202
39.04,1547728432,487.31,51.51251047,7.47278521,142.09,13.68,0.00,12.25,0,-99.00,-8.00,0.00,0.00,28.00,0.00,0,68
39.04,1547728432,487.31,51.51251047,7.47278521,142.09,13.68,0.00,12.25,0,-103.00,-9.00,0.00,0.00,25.00,0.00,0,486
39.04,1547728432,487.31,51.51251047,7.47278521,142.09,13.68,0.00,12.25,0,-105.00,-12.00,0.00,0.00,28.00,0.00,0,202
40.04,1547728433,501.05,51.51263899,7.47281403,142.67,13.79,0.00,9.34,0,-98.00,-8.00,0.00,0.00,29.00,0.00,0,68
40.04,1547728433,501.07,51.51263899,7.47281403,142.67,13.79,0.00,9.34,0,-104.00,-10.00,0.00,0.00,24.00,0.00,0,322
40.04,1547728433,501.07,51.51263899,7.47281403,142.67,13.79,0.00,9.34,0,-105.00,-11.00,0.00,0.00,26.00,0.00,0,486
40.05,1547728433,501.08,51.51263899,7.47281403,142.67,13.79,0.00,9.34,0,-106.00,-15.00,0.00,0.00,28.00,0.00,0,202
41.06,1547728434,515.02,51.51276941,7.47283336,142.86,14.19,0.00,7.34,0,-98.00,-8.00,0.00,0.00,29.00,0.00,0,68
41.06,1547728434,515.04,51.51276941,7.47283336,142.86,14.19,0.00,7.34,0,-104.00,-10.00,0.00,0.00,24.00,0.00,0,322
41.06,1547728434,515.05,51.51276941,7.47283336,142.86,14.19,0.00,7.34,0,-105.00,-11.00,0.00,0.00,26.00,0.00,0,486
41.06,1547728434,515.05,51.51276941,7.47283336,142.86,14.19,0.00,7.34,0,-106.00,-15.00,0.00,0.00,28.00,0.00,0,202
42.04,1547728435,528.95,51.51290233,7.47285118,142.98,14.22,0.00,6.40,0,-102.00,-12.00,0.00,0.00,30.00,0.00,0,68
42.04,1547728435,528.95,51.51290233,7.47285118,142.98,14.22,0.00,6.40,0,-106.00,-16.00,0.00,0.00,30.00,0.00,0,322
43.04,1547728436,543.24,51.51303366,7.47286172,143.63,14.25,0.00,5.48,0,-102.00,-12.00,0.00,0.00,30.00,0.00,0,68
43.04,1547728436,543.25,51.51303366,7.47286172,143.63,14.25,0.00,5.48,0,-106.00,-16.00,0.00,0.00,30.00,0.00,0,322
44.05,1547728437,557.59,51.51315923,7.47286703,144.52,13.54,0.00,5.12,0,-98.00,-9.00,0.00,0.00,31.00,0.00,0,68
44.05,1547728437,557.60,51.51315923,7.47286703,144.52,13.54,0.00,5.12,0,-101.00,-9.00,0.00,0.00,28.00,0.00,0,322
45.04,1547728438,571.04,51.51327665,7.47287678,146.01,12.74,0.00,4.77,0,-98.00,-9.00,0.00,0.00,31.00,0.00,0,68
45.04,1547728438,571.04,51.51327665,7.47287678,146.01,12.74,0.00,4.77,0,-101.00,-9.00,0.00,0.00,28.00,0.00,0,322
46.04,1547728439,583.77,51.51337804,7.47288078,147.62,10.38,0.00,4.51,0,-98.00,-9.00,0.00,0.00,31.00,0.00,0,68
46.04,1547728439,583.77,51.51337804,7.47288078,147.62,10.38,0.00,4.51,0,-101.00,-9.00,0.00,0.00,28.00,0.00,0,322
47.04,1547728440,594.12,51.51346625,7.47287279,148.72,8.67,0.00,4.04,0,-95.00,-8.00,0.00,0.00,31.00,0.00,0,68
47.04,1547728440,594.12,51.51346625,7.47287279,148.72,8.67,0.00,4.04,0,-102.00,-7.00,0.00,0.00,25.00,0.00,0,322
47.04,1547728440,594.13,51.51346625,7.47287279,148.72,8.67,0.00,4.04,0,-93.00,-9.00,0.00,0.00,38.00,0.00,0,33
48.04,1547728441,602.82,51.51354871,7.47286543,149.90,8.34,0.00,3.92,0,-95.00,-8.00,0.00,0.00,31.00,0.00,0,68
48.04,1547728441,602.83,51.51354871,7.47286543,149.90,8.34,0.00,3.92,0,-102.00,-7.00,0.00,0.00,25.00,0.00,0,322
48.04,1547728441,602.83,51.51354871,7.47286543,149.90,8.34,0.00,3.92,0,-93.00,-9.00,0.00,0.00,38.00,0.00,0,33
49.04,1547728442,611.14,51.51361459,7.47284855,151.96,6.64,0.00,4.77,0,-94.00,-8.00,0.00,0.00,34.00,0.00,0,68
49.04,1547728442,611.15,51.51361459,7.47284855,151.96,6.64,0.00,4.77,0,-87.00,-7.00,0.00,0.00,39.00,0.00,0,33
49.04,1547728442,611.16,51.51361459,7.47284855,151.96,6.64,0.00,4.77,0,-94.00,-13.00,0.00,0.00,39.00,0.00,0,195
50.04,1547728443,617.79,51.51367848,7.47284063,153.79,5.58,0.00,4.12,0,-94.00,-8.00,0.00,0.00,34.00,0.00,0,68
50.04,1547728443,617.79,51.51367848,7.47284063,153.79,5.58,0.00,4.12,0,-87.00,-7.00,0.00,0.00,39.00,0.00,0,33
50.04,1547728443,617.80,51.51367848,7.47284063,153.79,5.58,0.00,4.12,0,-94.00,-13.00,0.00,0.00,39.00,0.00,0,195
51.04,1547728444,623.35,51.51372789,7.47283850,154.03,4.03,0.00,6.83,0,-93.00,-8.00,0.00,0.00,34.00,0.00,0,68
51.04,1547728444,623.35,51.51372789,7.47283850,154.03,4.03,0.00,6.83,0,-84.00,-8.00,0.00,0.00,43.00,0.00,0,33
52.04,1547728445,627.37,51.51376011,7.47284872,154.43,2.10,0.00,7.59,0,-93.00,-8.00,0.00,0.00,34.00,0.00,0,68
52.04,1547728445,627.37,51.51376011,7.47284872,154.43,2.10,0.00,7.59,0,-84.00,-8.00,0.00,0.00,43.00,0.00,0,33
53.04,1547728446,629.48,51.51376025,7.47284867,154.73,0.32,0.00,7.59,0,-93.00,-9.00,0.00,0.00,35.00,0.00,0,68
53.04,1547728446,629.48,51.51376025,7.47284867,154.73,0.32,0.00,7.59,0,-92.00,-13.00,0.00,0.00,42.00,0.00,0,33
54.04,1547728447,629.80,51.51376025,7.47284867,154.77,0.00,0.00,7.59,0,-93.00,-9.00,0.00,0.00,35.00,0.00,0,68
54.04,1547728447,629.80,51.51376025,7.47284867,154.77,0.00,0.00,7.59,0,-92.00,-13.00,0.00,0.00,42.00,0.00,0,33
55.04,1547728448,629.80,51.51376025,7.47284867,154.82,0.00,0.00,7.59,0,-95.00,-9.00,0.00,0.00,33.00,0.00,0,68
55.04,1547728448,629.80,51.51376025,7.47284867,154.82,0.00,0.00,7.59,0,-92.00,-12.00,0.00,0.00,42.00,0.00,0,33
56.04,1547728449,629.80,51.51376025,7.47284867,154.87,0.00,0.00,7.59,0,-95.00,-9.00,0.00,0.00,33.00,0.00,0,68
56.04,1547728449,629.80,51.51376025,7.47284867,154.87,0.00,0.00,7.59,0,-92.00,-12.00,0.00,0.00,42.00,0.00,0,33
57.04,1547728450,629.80,51.51376025,7.47284867,154.94,0.00,0.00,7.59,0,-95.00,-9.00,0.00,0.00,32.00,0.00,0,68
57.04,1547728450,629.80,51.51376025,7.47284867,154.94,0.00,0.00,7.59,0,-93.00,-11.00,0.00,0.00,40.00,0.00,0,33
58.04,1547728451,629.80,51.51376025,7.47284867,155.01,0.00,0.00,7.59,0,-95.00,-9.00,0.00,0.00,32.00,0.00,0,68
58.04,1547728451,629.80,51.51376025,7.47284867,155.01,0.00,0.00,7.59,0,-93.00,-11.00,0.00,0.00,40.00,0.00,0,33
59.04,1547728452,629.80,51.51376025,7.47284867,155.76,0.00,0.00,358.49,0,-94.00,-9.00,0.00,0.00,34.00,0.00,0,68
59.04,1547728452,629.80,51.51376025,7.47284867,155.76,0.00,0.00,358.49,0,-90.00,-9.00,0.00,0.00,41.00,0.00,0,33
60.06,1547728453,629.80,51.51376025,7.47284867,156.33,0.00,0.00,2.73,0,-94.00,-9.00,0.00,0.00,34.00,0.00,0,68
60.06,1547728453,629.80,51.51376025,7.47284867,156.33,0.00,0.00,2.73,0,-90.00,-9.00,0.00,0.00,41.00,0.00,0,33
61.04,1547728454,629.80,51.51388999,7.47283253,159.87,4.56,0.00,3.21,0,-93.00,-8.00,0.00,0.00,35.00,0.00,0,68
61.04,1547728454,629.81,51.51388999,7.47283253,159.87,4.56,0.00,3.21,0,-92.00,-9.00,0.00,0.00,40.00,0.00,0,33
62.04,1547728455,634.37,51.51396858,7.47283627,162.94,4.56,0.00,2.49,0,-93.00,-8.00,0.00,0.00,35.00,0.00,0,68
62.04,1547728455,634.37,51.51396858,7.47283627,162.94,4.56,0.00,2.49,0,-92.00,-9.00,0.00,0.00,40.00,0.00,0,33
63.04,1547728456,638.95,51.51405240,7.47283166,164.12,6.36,0.00,1.59,0,-92.00,-9.00,0.00,0.00,36.00,0.00,0,68
64.04,1547728457,645.31,51.51412293,7.47281806,163.96,6.16,0.00,1.32,0,-92.00,-9.00,0.00,0.00,36.00,0.00,0,68
65.04,1547728458,651.47,51.51420587,7.47280603,163.23,8.14,0.00,1.23,0,-93.00,-10.00,0.00,0.00,37.00,0.00,0,68
66.04,1547728459,659.62,51.51428614,7.47280451,162.23,8.67,0.00,1.70,0,-93.00,-10.00,0.00,0.00,37.00,0.00,0,68
67.05,1547728460,668.36,51.51433903,7.47282034,162.72,8.67,0.00,1.15,0,-91.00,-10.00,0.00,0.00,39.00,0.00,0,68
68.04,1547728461,676.96,51.51440511,7.47283635,164.01,8.38,0.00,3.26,0,-91.00,-10.00,0.00,0.00,39.00,0.00,0,68
69.04,1547728462,685.34,51.51448275,7.47282950,163.91,9.07,0.00,3.39,0,-91.00,-10.00,0.00,0.00,39.00,0.00,0,68
70.04,1547728463,694.40,51.51455489,7.47283974,162.92,7.08,0.00,3.96,0,-86.00,-9.00,0.00,0.00,43.00,0.00,0,68
71.04,1547728464,701.46,51.51461780,7.47286124,161.70,6.59,0.00,4.59,0,-86.00,-9.00,0.00,0.00,43.00,0.00,0,68
72.04,1547728465,708.07,51.51467080,7.47287819,160.50,5.44,0.00,3.69,0,-85.00,-12.00,0.00,0.00,48.00,0.00,0,68
72.04,1547728465,708.08,51.51467080,7.47287819,160.50,5.44,0.00,3.69,0,-93.00,-16.00,0.00,0.00,44.00,0.00,0,202
73.04,1547728466,713.51,51.51470637,7.47288438,160.39,3.54,0.00,3.22,0,-85.00,-12.00,0.00,0.00,48.00,0.00,0,68
73.04,1547728466,713.51,51.51470637,7.47288438,160.39,3.54,0.00,3.22,0,-93.00,-16.00,0.00,0.00,44.00,0.00,0,202
74.04,1547728467,717.05,51.51472799,7.47288943,160.21,2.19,0.00,2.89,0,-82.00,-10.00,0.00,0.00,46.00,0.00,0,68
74.04,1547728467,717.05,51.51472799,7.47288943,160.21,2.19,0.00,2.89,0,-92.00,-13.00,0.00,0.00,40.00,0.00,0,202
75.04,1547728468,719.23,51.51474071,7.47289247,159.99,1.54,0.00,5.44,0,-82.00,-10.00,0.00,0.00,46.00,0.00,0,68
75.04,1547728468,719.23,51.51474071,7.47289247,159.99,1.54,0.00,5.44,0,-92.00,-13.00,0.00,0.00,40.00,0.00,0,202
76.04,1547728469,720.77,51.51474076,7.47289251,159.76,0.50,0.00,5.44,0,-83.00,-12.00,0.00,0.00,49.00,0.00,0,68
76.04,1547728469,720.77,51.51474076,7.47289251,159.76,0.50,0.00,5.44,0,-89.00,-10.00,0.00,0.00,40.00,0.00,0,202
77.04,1547728470,721.27,51.51474076,7.47289251,159.73,0.00,0.00,5.44,0,-83.00,-12.00,0.00,0.00,49.00,0.00,0,68
77.04,1547728470,721.27,51.51474076,7.47289251,159.73,0.00,0.00,5.44,0,-89.00,-10.00,0.00,0.00,40.00,0.00,0,202
78.04,1547728471,721.27,51.51474076,7.47289251,159.71,0.00,0.00,5.44,0,-89.00,-11.00,0.00,0.00,43.00,0.00,0,202
79.04,1547728472,721.27,51.51474076,7.47289251,159.69,0.00,0.00,5.44,0,-89.00,-11.00,0.00,0.00,43.00,0.00,0,202
80.04,1547728473,721.27,51.51474076,7.47289251,159.68,0.00,0.00,5.44,0,-91.00,-12.00,0.00,0.00,41.00,0.00,0,202
81.04,1547728474,721.27,51.51474076,7.47289251,159.68,0.00,0.00,5.44,0,-91.00,-12.00,0.00,0.00,41.00,0.00,0,202
82.04,1547728475,721.27,51.51474076,7.47289251,159.69,0.00,0.00,5.44,0,-89.00,-11.00,0.00,0.00,43.00,0.00,0,202
83.04,1547728476,721.27,51.51474076,7.47289251,159.69,0.00,0.00,5.44,0,-89.00,-11.00,0.00,0.00,43.00,0.00,0,202
84.04,1547728477,721.27,51.51474076,7.47289251,159.69,0.00,0.00,5.44,0,-91.00,-11.00,0.00,0.00,40.00,0.00,0,202
85.04,1547728478,721.27,51.51474076,7.47289251,159.70,0.00,0.00,5.44,0,-91.00,-11.00,0.00,0.00,40.00,0.00,0,202
86.04,1547728479,721.27,51.51474076,7.47289251,159.70,0.00,0.00,5.44,0,-91.00,-12.00,0.00,0.00,41.00,0.00,0,202
87.04,1547728480,721.27,51.51474076,7.47289251,159.71,0.00,0.00,5.44,0,-91.00,-12.00,0.00,0.00,41.00,0.00,0,202
88.05,1547728481,721.27,51.51474076,7.47289251,159.72,0.00,0.00,5.44,0,-88.00,-9.00,0.00,0.00,41.00,0.00,0,202
89.04,1547728482,721.27,51.51474076,7.47289251,159.73,0.00,0.00,5.44,0,-88.00,-9.00,0.00,0.00,41.00,0.00,0,202
90.04,1547728483,721.27,51.51474076,7.47289251,159.75,0.00,0.00,5.44,0,-88.00,-9.00,0.00,0.00,41.00,0.00,0,202
91.04,1547728484,721.27,51.51474076,7.47289251,159.76,0.00,0.00,5.44,0,-88.00,-8.00,0.00,0.00,41.00,0.00,0,202
92.04,1547728485,721.27,51.51474076,7.47289251,159.77,0.00,0.00,5.44,0,-88.00,-8.00,0.00,0.00,41.00,0.00,0,202
93.04,1547728486,721.27,51.51474076,7.47289251,159.78,0.00,0.00,5.44,0,-90.00,-14.00,0.00,0.00,46.00,0.00,0,202
94.04,1547728487,721.27,51.51474076,7.47289251,159.79,0.00,0.00,5.44,0,-90.00,-14.00,0.00,0.00,46.00,0.00,0,202
95.04,1547728488,721.27,51.51474076,7.47289251,159.80,0.00,0.00,5.44,0,-90.00,-12.00,0.00,0.00,42.00,0.00,0,202
96.04,1547728489,721.27,51.51474076,7.47289251,159.81,0.00,0.00,5.44,0,-90.00,-12.00,0.00,0.00,42.00,0.00,0,202
97.04,1547728490,721.27,51.51474076,7.47289251,159.81,0.00,0.00,5.44,0,-89.00,-10.00,0.00,0.00,41.00,0.00,0,202
98.04,1547728491,721.27,51.51474076,7.47289251,159.82,0.00,0.00,5.44,0,-89.00,-10.00,0.00,0.00,41.00,0.00,0,202
99.04,1547728492,721.27,51.51474076,7.47289251,159.82,0.00,0.00,5.44,0,-90.00,-11.00,0.00,0.00,41.00,0.00,0,202
99.04,1547728492,721.27,51.51474076,7.47289251,159.82,0.00,0.00,5.44,0,-93.00,-14.00,0.00,0.00,40.00,0.00,0,128
100.08,1547728493,721.27,51.51474076,7.47289251,159.83,0.00,0.00,5.44,0,-90.00,-11.00,0.00,0.00,41.00,0.00,0,202
100.08,1547728493,721.27,51.51474076,7.47289251,159.83,0.00,0.00,5.44,0,-93.00,-14.00,0.00,0.00,40.00,0.00,0,128
101.04,1547728494,721.27,51.51474076,7.47289251,159.84,0.00,0.00,5.44,0,-89.00,-10.00,0.00,0.00,40.00,0.00,0,202
101.04,1547728494,721.27,51.51474076,7.47289251,159.84,0.00,0.00,5.44,0,-93.00,-14.00,0.00,0.00,40.00,0.00,0,128
102.04,1547728495,721.27,51.51474076,7.47289251,159.85,0.00,0.00,5.44,0,-89.00,-10.00,0.00,0.00,40.00,0.00,0,202
102.04,1547728495,721.27,51.51474076,7.47289251,159.85,0.00,0.00,5.44,0,-93.00,-14.00,0.00,0.00,40.00,0.00,0,128
103.04,1547728496,721.27,51.51474076,7.47289251,159.86,0.00,0.00,5.44,0,-90.00,-12.00,0.00,0.00,42.00,0.00,0,202
104.04,1547728497,721.27,51.51474076,7.47289251,159.87,0.00,0.00,5.44,0,-90.00,-12.00,0.00,0.00,42.00,0.00,0,202
105.04,1547728498,721.27,51.51474076,7.47289251,159.88,0.00,0.00,5.44,0,-90.00,-10.00,0.00,0.00,40.00,0.00,0,202
106.04,1547728499,721.27,51.51474076,7.47289251,159.88,0.00,0.00,5.44,0,-90.00,-10.00,0.00,0.00,40.00,0.00,0,202
107.04,1547728500,721.27,51.51474076,7.47289251,159.89,0.00,0.00,5.44,0,-90.00,-11.00,0.00,0.00,43.00,0.00,0,202
108.04,1547728501,721.27,51.51474076,7.47289251,159.91,0.00,0.00,5.44,0,-90.00,-11.00,0.00,0.00,43.00,0.00,0,202
109.05,1547728502,721.27,51.51474076,7.47289251,159.93,0.00,0.00,5.44,0,-88.00,-12.00,0.00,0.00,44.00,0.00,0,202
110.04,1547728503,721.27,51.51474076,7.47289251,159.95,0.00,0.00,5.44,0,-88.00,-12.00,0.00,0.00,44.00,0.00,0,202
111.04,1547728504,721.27,51.51474076,7.47289251,159.97,0.00,0.00,5.44,0,-88.00,-12.00,0.00,0.00,44.00,0.00,0,202
112.04,1547728505,721.27,51.51474076,7.47289251,159.99,0.00,0.00,5.44,0,-91.00,-11.00,0.00,0.00,45.00,0.00,0,202
113.04,1547728506,721.27,51.51474076,7.47289251,160.02,0.00,0.00,5.44,0,-91.00,-11.00,0.00,0.00,45.00,0.00,0,202
114.04,1547728507,721.27,51.51474076,7.47289251,160.04,0.00,0.00,5.44,0,-91.00,-11.00,0.00,0.00,40.00,0.00,0,202
115.04,1547728508,721.27,51.51474076,7.47289251,160.06,0.00,0.00,5.44,0,-91.00,-11.00,0.00,0.00,40.00,0.00,0,202
116.04,1547728509,721.27,51.51474076,7.47289251,160.08,0.00,0.00,5.44,0,-90.00,-12.00,0.00,0.00,42.00,0.00,0,202
117.04,1547728510,721.27,51.51474076,7.47289251,160.11,0.00,0.00,5.44,0,-90.00,-12.00,0.00,0.00,42.00,0.00,0,202
118.04,1547728511,721.27,51.51474076,7.47289251,160.13,0.00,0.00,5.44,0,-90.00,-11.00,0.00,0.00,40.00,0.00,0,202
119.04,1547728512,721.27,51.51474076,7.47289251,160.15,0.00,0.00,5.44,0,-90.00,-11.00,0.00,0.00,40.00,0.00,0,202
120.04,1547728513,721.27,51.51474076,7.47289251,160.18,0.00,0.00,5.44,0,-83.00,-12.00,0.00,0.00,49.00,0.00,0,68
120.04,1547728513,721.27,51.51474076,7.47289251,160.18,0.00,0.00,5.44,0,-90.00,-11.00,0.00,0.00,40.00,0.00,0,202
121.04,1547728514,721.27,51.51474076,7.47289251,160.20,0.00,0.00,5.44,0,-83.00,-12.00,0.00,0.00,49.00,0.00,0,68
121.04,1547728514,721.27,51.51474076,7.47289251,160.20,0.00,0.00,5.44,0,-90.00,-11.00,0.00,0.00,40.00,0.00,0,202
122.04,1547728515,721.27,51.51474076,7.47289251,160.23,0.00,0.00,5.44,0,-91.00,-14.00,0.00,0.00,46.00,0.00,0,202
123.04,1547728516,721.27,51.51474076,7.47289251,160.28,0.00,0.00,5.44,0,-91.00,-14.00,0.00,0.00,46.00,0.00,0,202
124.04,1547728517,721.27,51.51474076,7.47289251,160.33,0.00,0.00,5.44,0,-91.00,-14.00,0.00,0.00,46.00,0.00,0,202
125.04,1547728518,721.27,51.51474076,7.47289251,160.39,0.00,0.00,5.44,0,-91.00,-14.00,0.00,0.00,46.00,0.00,0,202
126.04,1547728519,721.27,51.51474076,7.47289251,160.45,0.00,0.00,5.44,0,-90.00,-12.00,0.00,0.00,43.00,0.00,0,202
127.04,1547728520,721.27,51.51474076,7.47289251,160.50,0.00,0.00,5.44,0,-90.00,-12.00,0.00,0.00,43.00,0.00,0,202
128.04,1547728521,721.27,51.51474076,7.47289251,160.56,0.00,0.00,5.44,0,-83.00,-13.00,0.00,0.00,49.00,0.00,0,68
128.04,1547728521,721.27,51.51474076,7.47289251,160.56,0.00,0.00,5.44,0,-89.00,-13.00,0.00,0.00,46.00,0.00,0,202
129.04,1547728522,721.27,51.51474076,7.47289251,160.99,0.00,0.00,5.44,0,-83.00,-13.00,0.00,0.00,49.00,0.00,0,68
129.04,1547728522,721.27,51.51474076,7.47289251,160.99,0.00,0.00,5.44,0,-89.00,-13.00,0.00,0.00,46.00,0.00,0,202
130.05,1547728523,721.27,51.51474076,7.47289251,161.35,0.00,0.00,12.36,0,-87.00,-9.00,0.00,0.00,41.00,0.00,0,202
131.04,1547728524,721.27,51.51474076,7.47289251,163.76,0.00,0.00,3.09,0,-87.00,-9.00,0.00,0.00,41.00,0.00,0,202
132.04,1547728525,721.28,51.51485311,7.47291129,164.09,5.98,0.00,3.49,0,-87.00,-9.00,0.00,0.00,41.00,0.00,0,202
133.04,1547728526,727.27,51.51492110,7.47292308,163.14,6.75,0.00,3.18,0,-90.00,-11.00,0.00,0.00,43.00,0.00,0,202
134.04,1547728527,734.04,51.51500003,7.47292814,161.41,8.25,0.00,2.48,0,-90.00,-11.00,0.00,0.00,43.00,0.00,0,202
135.04,1547728528,742.28,51.51506932,7.47293547,159.83,7.84,0.00,1.59,0,-86.00,-13.00,0.00,0.00,48.00,0.00,0,202
136.04,1547728529,750.12,51.51513944,7.47294269,158.02,8.16,0.00,0.32,0,-86.00,-13.00,0.00,0.00,48.00,0.00,0,202
137.04,1547728530,758.28,51.51520301,7.47297573,157.20,8.16,0.00,1.28,0,-85.00,-11.00,0.00,0.00,47.00,0.00,0,202
138.04,1547728531,766.44,51.51528119,7.47296612,156.45,9.18,0.00,358.69,0,-85.00,-11.00,0.00,0.00,47.00,0.00,0,202
139.04,1547728532,775.62,51.51536426,7.47295014,155.62,8.87,0.00,354.23,0,-81.00,-9.00,0.00,0.00,48.00,0.00,0,202
140.04,1547728533,784.50,51.51545196,7.47292013,154.43,10.74,0.00,352.02,0,-81.00,-9.00,0.00,0.00,48.00,0.00,0,202
141.04,1547728534,795.24,51.51554400,7.47288228,152.28,10.39,0.00,349.02,0,-78.00,-12.00,0.00,0.00,56.00,0.00,0,68
141.04,1547728534,795.24,51.51554400,7.47288228,152.28,10.39,0.00,349.02,0,-87.00,-12.00,0.00,0.00,45.00,0.00,0,203
142.04,1547728535,805.59,51.51563547,7.47283748,150.59,10.20,0.00,346.57,0,-78.00,-12.00,0.00,0.00,56.00,0.00,0,68
142.04,1547728535,805.60,51.51563547,7.47283748,150.59,10.20,0.00,346.57,0,-87.00,-12.00,0.00,0.00,45.00,0.00,0,203
143.04,1547728536,815.83,51.51572831,7.47278225,148.51,11.82,0.00,342.58,0,-79.00,-7.00,0.00,0.00,47.00,0.00,0,68
143.04,1547728536,815.84,51.51572831,7.47278225,148.51,11.82,0.00,342.58,0,-90.00,-13.00,0.00,0.00,44.00,0.00,0,203
144.04,1547728537,827.65,51.51582533,7.47271481,146.16,12.14,0.00,340.46,0,-79.00,-7.00,0.00,0.00,47.00,0.00,0,68
144.04,1547728537,827.67,51.51582533,7.47271481,146.16,12.14,0.00,340.46,0,-90.00,-13.00,0.00,0.00,44.00,0.00,0,203
145.04,1547728538,839.78,51.51590569,7.47262036,144.06,11.43,0.00,326.67,0,-79.00,-9.00,0.00,0.00,48.00,0.00,0,68
146.04,1547728539,851.22,51.51599967,7.47251999,142.25,12.23,0.00,326.14,0,-79.00,-9.00,0.00,0.00,48.00,0.00,0,68
147.04,1547728540,863.46,51.51609993,7.47240879,140.65,13.24,0.00,325.29,0,-80.00,-9.00,0.00,0.00,49.00,0.00,0,68
147.04,1547728540,863.46,51.51609993,7.47240879,140.65,13.24,0.00,325.29,0,-89.00,-15.00,0.00,0.00,46.00,0.00,0,203
148.04,1547728541,876.69,51.51619045,7.47228809,138.62,12.77,0.00,321.54,0,-80.00,-9.00,0.00,0.00,49.00,0.00,0,68
148.04,1547728541,876.70,51.51619045,7.47228809,138.62,12.77,0.00,321.54,0,-89.00,-15.00,0.00,0.00,46.00,0.00,0,203
162.04,1547728555,1051.53,51.51688794,7.46999403,141.01,12.57,0.00,292.19,0,-100.00,-20.00,0.00,0.00,39.00,0.00,0,107
163.04,1547728556,1064.16,51.51691904,7.46981720,143.86,11.90,0.00,291.32,0,-100.00,-20.00,0.00,0.00,39.00,0.00,0,107
164.04,1547728557,1076.06,51.51695783,7.46964965,144.20,12.06,0.00,289.17,0,-102.00,-11.00,0.00,0.00,30.00,0.00,0,107
165.04,1547728558,1088.12,51.51698913,7.46947262,145.15,12.41,0.00,288.57,0,-102.00,-11.00,0.00,0.00,30.00,0.00,0,107
168.04,1547728561,1126.11,51.51709922,7.46893862,144.29,13.70,0.00,286.50,0,-100.00,-12.00,0.00,0.00,32.00,0.00,0,347
168.04,1547728561,1126.13,51.51709922,7.46893862,144.29,13.70,0.00,286.50,0,-101.00,-13.00,0.00,0.00,32.00,0.00,0,345
169.04,1547728562,1139.81,51.51713746,7.46876378,143.09,12.66,0.00,286.89,0,-100.00,-12.00,0.00,0.00,32.00,0.00,0,347
169.04,1547728562,1139.83,51.51713746,7.46876378,143.09,12.66,0.00,286.89,0,-101.00,-13.00,0.00,0.00,32.00,0.00,0,345
170.04,1547728563,1152.48,51.51717300,7.46860367,141.79,11.21,0.00,288.10,0,-99.00,-14.00,0.00,0.00,34.00,0.00,0,347
170.04,1547728563,1152.49,51.51717300,7.46860367,141.79,11.21,0.00,288.10,0,-99.00,-14.00,0.00,0.00,34.00,0.00,0,345
171.05,1547728564,1163.75,51.51720680,7.46843778,140.85,11.30,0.00,288.88,0,-99.00,-14.00,0.00,0.00,34.00,0.00,0,347
171.05,1547728564,1163.76,51.51720680,7.46843778,140.85,11.30,0.00,288.88,0,-99.00,-14.00,0.00,0.00,34.00,0.00,0,345
172.04,1547728565,1174.94,51.51724290,7.46828709,140.01,10.53,0.00,290.21,0,-93.00,-10.00,0.00,0.00,37.00,0.00,0,345
172.04,1547728565,1174.95,51.51724290,7.46828709,140.01,10.53,0.00,290.21,0,-93.00,-10.00,0.00,0.00,37.00,0.00,0,347
173.04,1547728566,1185.51,51.51728040,7.46813845,139.44,10.51,0.00,291.85,0,-93.00,-10.00,0.00,0.00,37.00,0.00,0,345
173.04,1547728566,1185.52,51.51728040,7.46813845,139.44,10.51,0.00,291.85,0,-93.00,-10.00,0.00,0.00,37.00,0.00,0,347
177.04,1547728570,1227.09,51.51744060,7.46756392,142.76,10.41,0.00,297.15,0,-92.00,-11.00,0.00,0.00,40.00,0.00,0,345
178.04,1547728571,1237.49,51.51748206,7.46740639,144.02,10.86,0.00,297.09,0,-92.00,-11.00,0.00,0.00,40.00,0.00,0,345
179.04,1547728572,1248.36,51.51753180,7.46727437,144.39,11.20,0.00,296.20,0,-91.00,-13.00,0.00,0.00,43.00,0.00,0,345
180.04,1547728573,1259.57,51.51757622,7.46712237,144.74,11.40,0.00,295.82,0,-91.00,-13.00,0.00,0.00,43.00,0.00,0,345
183.04,1547728576,1292.60,51.51769645,7.46671538,141.14,11.07,0.00,290.60,0,-88.00,-10.00,0.00,0.00,41.00,0.00,0,345
183.04,1547728576,1292.61,51.51769645,7.46671538,141.14,11.07,0.00,290.60,0,-95.00,-16.00,0.00,0.00,40.00,0.00,0,218
183.04,1547728576,1292.61,51.51769645,7.46671538,141.14,11.07,0.00,290.60,0,-97.00,-14.00,0.00,0.00,38.00,0.00,0,217
183.04,1547728576,1292.61,51.51769645,7.46671538,141.14,11.07,0.00,290.60,0,-99.00,-16.00,0.00,0.00,38.00,0.00,0,322
183.04,1547728576,1292.62,51.51769645,7.46671538,141.14,11.07,0.00,290.60,0,-100.00,-17.00,0.00,0.00,37.00,0.00,0,321
184.04,1547728577,1303.72,51.51772946,7.46657170,139.73,10.82,0.00,288.77,0,-88.00,-10.00,0.00,0.00,41.00,0.00,0,345
184.05,1547728577,1303.73,51.51772946,7.46657170,139.73,10.82,0.00,288.77,0,-95.00,-16.00,0.00,0.00,40.00,0.00,0,218
184.05,1547728577,1303.73,51.51772946,7.46657170,139.73,10.82,0.00,288.77,0,-97.00,-14.00,0.00,0.00,38.00,0.00,0,217
184.05,1547728577,1303.74,51.51772946,7.46657170,139.73,10.82,0.00,288.77,0,-99.00,-16.00,0.00,0.00,38.00,0.00,0,322
184.05,1547728577,1303.75,51.51772946,7.46657170,139.73,10.82,0.00,288.77,0,-100.00,-17.00,0.00,0.00,37.00,0.00,0,321
185.04,1547728578,1314.51,51.51775554,7.46643659,138.26,10.27,0.00,287.17,0,-92.00,-13.00,0.00,0.00,53.00,0.00,0,347
186.04,1547728579,1324.78,51.51777632,7.46629347,137.48,9.87,0.00,285.63,0,-92.00,-13.00,0.00,0.00,53.00,0.00,0,347
187.04,1547728580,1334.66,51.51779683,7.46614581,137.10,9.89,0.00,284.86,0,-93.00,-12.00,0.00,0.00,40.00,0.00,0,218
187.04,1547728580,1334.67,51.51779683,7.46614581,137.10,9.89,0.00,284.86,0,-94.00,-13.00,0.00,0.00,40.00,0.00,0,217
188.04,1547728581,1344.55,51.51780687,7.46599111,137.69,10.04,0.00,283.14,0,-93.00,-12.00,0.00,0.00,40.00,0.00,0,218
188.04,1547728581,1344.56,51.51780687,7.46599111,137.69,10.04,0.00,283.14,0,-94.00,-13.00,0.00,0.00,40.00,0.00,0,217
189.04,1547728582,1354.58,51.51779874,7.46578757,139.34,10.04,0.00,283.14,0,-93.00,-11.00,0.00,0.00,38.00,0.00,0,217
189.04,1547728582,1354.59,51.51779874,7.46578757,139.34,10.04,0.00,283.14,0,-95.00,-12.00,0.00,0.00,38.00,0.00,0,218
190.04,1547728583,1364.63,51.51780097,7.46561090,141.75,11.03,0.00,274.31,0,-93.00,-11.00,0.00,0.00,38.00,0.00,0,217
190.04,1547728583,1364.63,51.51780097,7.46561090,141.75,11.03,0.00,274.31,0,-95.00,-12.00,0.00,0.00,38.00,0.00,0,218
191.04,1547728584,1375.65,51.51780965,7.46544355,143.43,10.42,0.00,273.92,0,-98.00,-10.00,0.00,0.00,34.00,0.00,0,217
191.04,1547728584,1375.67,51.51780965,7.46544355,143.43,10.42,0.00,273.92,0,-98.00,-12.00,0.00,0.00,34.00,0.00,0,218
192.04,1547728585,1386.09,51.51781629,7.46528691,143.89,9.84,0.00,273.12,0,-98.00,-10.00,0.00,0.00,34.00,0.00,0,217
192.04,1547728585,1386.10,51.51781629,7.46528691,143.89,9.84,0.00,273.12,0,-98.00,-12.00,0.00,0.00,34.00,0.00,0,218
193.04,1547728586,1395.90,51.51781747,7.46512876,144.14,10.27,0.00,271.62,0,-91.00,-19.00,0.00,0.00,48.00,0.00,0,181
193.04,1547728586,1395.90,51.51781747,7.46512876,144.14,10.27,0.00,271.62,0,-95.00,-12.00,0.00,0.00,37.00,0.00,0,218
193.04,1547728586,1395.90,51.51781747,7.46512876,144.14,10.27,0.00,271.62,0,-105.00,-23.00,0.00,0.00,37.00,0.00,0,68
194.04,1547728587,1406.19,51.51782347,7.46499071,143.03,10.59,0.00,270.01,0,-91.00,-19.00,0.00,0.00,48.00,0.00,0,181
194.04,1547728587,1406.20,51.51782347,7.46499071,143.03,10.59,0.00,270.01,0,-95.00,-12.00,0.00,0.00,37.00,0.00,0,218
194.04,1547728587,1406.20,51.51782347,7.46499071,143.03,10.59,0.00,270.01,0,-105.00,-23.00,0.00,0.00,37.00,0.00,0,68
195.04,1547728588,1416.79,51.51782067,7.46485043,142.02,10.55,0.00,268.38,0,-90.00,-8.00,0.00,0.00,39.00,0.00,0,68
195.04,1547728588,1416.80,51.51782067,7.46485043,142.02,10.55,0.00,268.38,0,-94.00,-11.00,0.00,0.00,37.00,0.00,0,218
196.04,1547728589,1427.33,51.51781847,7.46473406,140.77,10.63,0.00,266.48,0,-90.00,-8.00,0.00,0.00,39.00,0.00,0,68
196.04,1547728589,1427.34,51.51781847,7.46473406,140.77,10.63,0.00,266.48,0,-94.00,-11.00,0.00,0.00,37.00,0.00,0,218
197.04,1547728590,1437.96,51.51780974,7.46459205,139.50,11.08,0.00,264.81,0,-90.00,-8.00,0.00,0.00,39.00,0.00,0,68
197.04,1547728590,1437.97,51.51780974,7.46459205,139.50,11.08,0.00,264.81,0,-94.00,-11.00,0.00,0.00,37.00,0.00,0,218
198.04,1547728591,1449.04,51.51779499,7.46444226,138.38,11.18,0.00,262.89,0,-92.00,-9.00,0.00,0.00,41.00,0.00,0,68
198.04,1547728591,1449.05,51.51779499,7.46444226,138.38,11.18,0.00,262.89,0,-92.00,-11.00,0.00,0.00,41.00,0.00,0,218
199.04,1547728592,1460.21,51.51777738,7.46429639,137.51,11.13,0.00,261.04,0,-92.00,-9.00,0.00,0.00,41.00,0.00,0,68
199.04,1547728592,1460.22,51.51777738,7.46429639,137.51,11.13,0.00,261.04,0,-92.00,-11.00,0.00,0.00,41.00,0.00,0,218
200.04,1547728593,1471.36,51.51775324,7.46415433,137.12,11.22,0.00,258.99,0,-91.00,-11.00,0.00,0.00,40.00,0.00,0,218
200.04,1547728593,1471.36,51.51775324,7.46415433,137.12,11.22,0.00,258.99,0,-92.00,-8.00,0.00,0.00,38.00,0.00,0,68
201.04,1547728594,1482.58,51.51772151,7.46400021,137.25,11.76,0.00,256.45,0,-91.00,-11.00,0.00,0.00,40.00,0.00,0,218
201.04,1547728594,1482.58,51.51772151,7.46400021,137.25,11.76,0.00,256.45,0,-92.00,-8.00,0.00,0.00,38.00,0.00,0,68
202.04,1547728595,1494.29,51.51768169,7.46382049,137.57,11.76,0.00,258.41,0,-86.00,-9.00,0.00,0.00,43.00,0.00,0,218
203.04,1547728596,1506.11,51.51762744,7.46366411,138.89,12.34,0.00,253.67,0,-86.00,-9.00,0.00,0.00,43.00,0.00,0,218
204.04,1547728597,1518.43,51.51757372,7.46350118,140.17,12.34,0.00,247.23,0,-88.00,-10.00,0.00,0.00,42.00,0.00,0,218
205.04,1547728598,1530.78,51.51751079,7.46336712,143.27,11.80,0.00,247.03,0,-88.00,-10.00,0.00,0.00,42.00,0.00,0,218
206.04,1547728599,1542.60,51.51745696,7.46323909,147.20,11.34,0.00,247.03,0,-89.00,-10.00,0.00,0.00,43.00,0.00,0,218
206.04,1547728599,1542.60,51.51745696,7.46323909,147.20,11.34,0.00,247.03,0,-92.00,-15.00,0.00,0.00,42.00,0.00,0,67
207.04,1547728600,1553.94,51.51740687,7.46310609,151.24,11.05,0.00,247.78,0,-89.00,-10.00,0.00,0.00,43.00,0.00,0,218
207.04,1547728600,1553.95,51.51740687,7.46310609,151.24,11.05,0.00,247.78,0,-92.00,-15.00,0.00,0.00,42.00,0.00,0,67
208.04,1547728601,1564.98,51.51736274,7.46297680,154.68,10.61,0.00,248.18,0,-92.00,-12.00,0.00,0.00,39.00,0.00,0,218
209.04,1547728602,1575.58,51.51732372,7.46285825,157.46,10.85,0.00,248.52,0,-92.00,-12.00,0.00,0.00,39.00,0.00,0,218
210.05,1547728603,1586.51,51.51728732,7.46272730,159.26,10.66,0.00,249.21,0,-93.00,-12.00,0.00,0.00,40.00,0.00,0,218
211.05,1547728604,1597.15,51.51725191,7.46260236,160.38,10.19,0.00,249.19,0,-93.00,-12.00,0.00,0.00,40.00,0.00,0,218
212.04,1547728605,1607.28,51.51721848,7.46247437,161.44,9.87,0.00,250.29,0,-89.00,-12.00,0.00,0.00,43.00,0.00,0,218
213.04,1547728606,1617.13,51.51718291,7.46232471,161.72,10.64,0.00,251.06,0,-89.00,-12.00,0.00,0.00,43.00,0.00,0,218
214.04,1547728607,1627.80,51.51714664,7.46216467,161.30,11.18,0.00,250.52,0,-90.00,-11.00,0.00,0.00,42.00,0.00,0,218
215.04,1547728608,1638.98,51.51711728,7.46197785,160.66,12.04,0.00,251.60,0,-90.00,-11.00,0.00,0.00,42.00,0.00,0,218
216.05,1547728609,1651.12,51.51709359,7.46172268,161.51,12.04,0.00,251.60,0,-83.00,-8.00,0.00,0.00,45.00,0.00,0,105
217.04,1547728610,1663.08,51.51707306,7.46152935,162.26,12.74,0.00,255.10,0,-83.00,-8.00,0.00,0.00,45.00,0.00,0,105
218.04,1547728611,1675.82,51.51703024,7.46133300,164.70,12.84,0.00,254.82,0,-83.00,-8.00,0.00,0.00,45.00,0.00,0,105
219.04,1547728612,1688.65,51.51700002,7.46110554,165.61,13.35,0.00,253.48,0,-88.00,-10.00,0.00,0.00,43.00,0.00,0,105
220.04,1547728613,1702.01,51.51696994,7.46091061,165.12,13.99,0.00,253.00,0,-88.00,-10.00,0.00,0.00,43.00,0.00,0,105
221.04,1547728614,1715.98,51.51693950,7.46071870,163.94,13.60,0.00,253.10,0,-87.00,-10.00,0.00,0.00,43.00,0.00,0,105
222.04,1547728615,1729.59,51.51691246,7.46053029,161.88,13.58,0.00,252.53,0,-87.00,-10.00,0.00,0.00,43.00,0.00,0,105
225.04,1547728618,1771.04,51.51682156,7.45997790,150.85,14.11,0.00,253.18,0,-83.00,-9.00,0.00,0.00,46.00,0.00,0,460
225.04,1547728618,1771.06,51.51682156,7.45997790,150.85,14.11,0.00,253.18,0,-86.00,-11.00,0.00,0.00,45.00,0.00,0,375
226.04,1547728619,1785.16,51.51678189,7.45976693,148.52,14.53,0.00,253.88,0,-83.00,-9.00,0.00,0.00,46.00,0.00,0,460
226.04,1547728619,1785.17,51.51678189,7.45976693,148.52,14.53,0.00,253.88,0,-86.00,-11.00,0.00,0.00,45.00,0.00,0,375
227.04,1547728620,1799.61,51.51674718,7.45956827,146.39,14.41,0.00,254.97,0,-92.00,-20.00,0.00,0.00,47.00,0.00,0,181
228.04,1547728621,1814.08,51.51671513,7.45936840,144.33,14.56,0.00,256.06,0,-92.00,-20.00,0.00,0.00,47.00,0.00,0,181
229.04,1547728622,1828.64,51.51669125,7.45917191,141.77,14.77,0.00,257.11,0,-92.00,-19.00,0.00,0.00,48.00,0.00,0,181
230.04,1547728623,1843.43,51.51666261,7.45896855,140.07,14.63,0.00,257.65,0,-92.00,-19.00,0.00,0.00,48.00,0.00,0,181
233.04,1547728626,1886.81,51.51659305,7.45836116,135.79,14.02,0.00,258.88,0,-86.00,-11.00,0.00,0.00,45.00,0.00,0,460
233.04,1547728626,1886.82,51.51659305,7.45836116,135.79,14.02,0.00,258.88,0,-91.00,-15.00,0.00,0.00,45.00,0.00,0,375
234.04,1547728627,1900.81,51.51656978,7.45817212,134.50,13.03,0.00,257.94,0,-86.00,-11.00,0.00,0.00,45.00,0.00,0,460
234.04,1547728627,1900.82,51.51656978,7.45817212,134.50,13.03,0.00,257.94,0,-91.00,-15.00,0.00,0.00,45.00,0.00,0,375
235.04,1547728628,1913.83,51.51654603,7.45799718,133.91,12.14,0.00,258.54,0,-90.00,-15.00,0.00,0.00,48.00,0.00,0,375
236.04,1547728629,1925.96,51.51652667,7.45785229,134.11,9.94,0.00,258.11,0,-90.00,-15.00,0.00,0.00,48.00,0.00,0,375
237.04,1547728630,1935.90,51.51650601,7.45772652,135.77,7.90,0.00,258.02,0,-86.00,-15.00,0.00,0.00,49.00,0.00,0,375
238.04,1547728631,1943.81,51.51648654,7.45761712,137.59,6.88,0.00,257.56,0,-86.00,-15.00,0.00,0.00,49.00,0.00,0,375
239.05,1547728632,1950.75,51.51646978,7.45754762,140.40,4.41,0.00,255.71,0,-82.00,-15.00,0.00,0.00,52.00,0.00,0,375
240.04,1547728633,1955.11,51.51646108,7.45750778,140.64,2.08,0.00,256.36,0,-82.00,-15.00,0.00,0.00,52.00,0.00,0,375
241.05,1547728634,1957.19,51.51645756,7.45747905,140.88,0.77,0.00,256.36,0,-82.00,-15.00,0.00,0.00,52.00,0.00,0,375
242.04,1547728635,1957.96,51.51645756,7.45747905,140.90,0.00,0.00,256.36,0,-86.00,-16.00,0.00,0.00,53.00,0.00,0,375
243.04,1547728636,1957.96,51.51645756,7.45747905,140.94,0.00,0.00,256.36,0,-86.00,-16.00,0.00,0.00,53.00,0.00,0,375
250.04,1547728643,1957.96,51.51643653,7.45737377,145.57,0.00,0.00,254.28,0,-85.00,-17.00,0.00,0.00,53.00,0.00,0,375
251.04,1547728644,1957.96,51.51640552,7.45719254,147.37,0.00,0.00,253.96,0,-85.00,-17.00,0.00,0.00,53.00,0.00,0,375
273.04,1547728666,2167.18,51.51505281,7.45515683,134.98,11.51,0.00,178.44,0,-87.00,-17.00,0.00,0.00,49.00,0.00,0,375
274.04,1547728667,2178.65,51.51494433,7.45518927,135.19,11.59,0.00,176.54,0,-87.00,-17.00,0.00,0.00,49.00,0.00,0,375
292.04,1547728685,2402.47,51.51301731,7.45626216,154.47,13.12,0.00,134.09,0,-105.00,-20.00,0.00,0.00,34.00,0.00,0,487
292.04,1547728685,2402.48,51.51301731,7.45626216,154.47,13.12,0.00,134.09,0,-106.00,-20.00,0.00,0.00,33.00,0.00,0,482
293.04,1547728686,2415.59,51.51292977,7.45644282,154.72,15.61,0.00,131.79,0,-105.00,-20.00,0.00,0.00,34.00,0.00,0,487
293.04,1547728686,2415.61,51.51292977,7.45644282,154.72,15.61,0.00,131.79,0,-106.00,-20.00,0.00,0.00,33.00,0.00,0,482
294.05,1547728687,2431.23,51.51284317,7.45660674,155.65,15.38,0.00,129.80,0,-105.00,-16.00,0.00,0.00,33.00,0.00,0,487
294.05,1547728687,2431.23,51.51284317,7.45660674,155.65,15.38,0.00,129.80,0,-105.00,-19.00,0.00,0.00,34.00,0.00,0,268
294.05,1547728687,2431.24,51.51284317,7.45660674,155.65,15.38,0.00,129.80,0,-106.00,-20.00,0.00,0.00,34.00,0.00,0,482
294.05,1547728687,2431.26,51.51284317,7.45660674,155.65,15.38,0.00,129.80,0,-106.00,-20.00,0.00,0.00,34.00,0.00,0,267
295.04,1547728688,2446.60,51.51276455,7.45677196,156.57,15.16,0.00,129.27,0,-105.00,-16.00,0.00,0.00,33.00,0.00,0,487
295.05,1547728688,2446.61,51.51276455,7.45677196,156.57,15.16,0.00,129.27,0,-105.00,-19.00,0.00,0.00,34.00,0.00,0,268
295.05,1547728688,2446.63,51.51276455,7.45677196,156.57,15.16,0.00,129.27,0,-106.00,-20.00,0.00,0.00,34.00,0.00,0,482
295.05,1547728688,2446.64,51.51276455,7.45677196,156.57,15.16,0.00,129.27,0,-106.00,-20.00,0.00,0.00,34.00,0.00,0,267
296.04,1547728689,2461.76,51.51268954,7.45694299,156.84,14.70,0.00,128.08,0,-103.00,-17.00,0.00,0.00,35.00,0.00,0,482
296.04,1547728689,2461.76,51.51268954,7.45694299,156.84,14.70,0.00,128.08,0,-104.00,-16.00,0.00,0.00,35.00,0.00,0,487
296.05,1547728689,2461.77,51.51268954,7.45694299,156.84,14.70,0.00,128.08,0,-105.00,-20.00,0.00,0.00,35.00,0.00,0,268
297.04,1547728690,2476.44,51.51261262,7.45711403,156.81,14.85,0.00,127.13,0,-103.00,-17.00,0.00,0.00,35.00,0.00,0,482
297.04,1547728690,2476.45,51.51261262,7.45711403,156.81,14.85,0.00,127.13,0,-104.00,-16.00,0.00,0.00,35.00,0.00,0,487
297.05,1547728690,2476.47,51.51261262,7.45711403,156.81,14.85,0.00,127.13,0,-105.00,-20.00,0.00,0.00,35.00,0.00,0,268
298.04,1547728691,2491.28,51.51253568,7.45729617,155.98,14.72,0.00,126.84,0,-105.00,-17.00,0.00,0.00,35.00,0.00,0,482
298.04,1547728691,2491.30,51.51253568,7.45729617,155.98,14.72,0.00,126.84,0,-105.00,-16.00,0.00,0.00,34.00,0.00,0,460
298.04,1547728691,2491.30,51.51253568,7.45729617,155.98,14.72,0.00,126.84,0,-106.00,-20.00,0.00,0.00,34.00,0.00,0,481
298.05,1547728691,2491.31,51.51253568,7.45729617,155.98,14.72,0.00,126.84,0,-87.00,-11.00,0.00,0.00,43.00,0.00,0,216
299.04,1547728692,2506.02,51.51246077,7.45747428,155.15,14.53,0.00,127.51,0,-105.00,-17.00,0.00,0.00,35.00,0.00,0,482
299.05,1547728692,2506.03,51.51246077,7.45747428,155.15,14.53,0.00,127.51,0,-105.00,-16.00,0.00,0.00,34.00,0.00,0,460
299.05,1547728692,2506.05,51.51246077,7.45747428,155.15,14.53,0.00,127.51,0,-106.00,-20.00,0.00,0.00,34.00,0.00,0,481
299.05,1547728692,2506.05,51.51246077,7.45747428,155.15,14.53,0.00,127.51,0,-87.00,-11.00,0.00,0.00,43.00,0.00,0,216
300.04,1547728693,2520.53,51.51238078,7.45766868,155.25,14.53,0.00,126.84,0,-102.00,-14.00,0.00,0.00,34.00,0.00,0,482
300.04,1547728693,2520.54,51.51238078,7.45766868,155.25,14.53,0.00,126.84,0,-105.00,-17.00,0.00,0.00,34.00,0.00,0,481
300.04,1547728693,2520.54,51.51238078,7.45766868,155.25,14.53,0.00,126.84,0,-98.00,-9.00,0.00,0.00,30.00,0.00,0,182
300.05,1547728693,2520.56,51.51238078,7.45766868,155.25,14.53,0.00,126.84,0,-101.00,-11.00,0.00,0.00,30.00,0.00,0,180
301.05,1547728694,2535.11,51.51231174,7.45780173,156.45,12.02,0.00,123.38,0,-102.00,-14.00,0.00,0.00,34.00,0.00,0,482
301.05,1547728694,2535.12,51.51231174,7.45780173,156.45,12.02,0.00,123.38,0,-105.00,-17.00,0.00,0.00,34.00,0.00,0,481
301.05,1547728694,2535.14,51.51231174,7.45780173,156.45,12.02,0.00,123.38,0,-98.00,-9.00,0.00,0.00,30.00,0.00,0,182
301.05,1547728694,2535.15,51.51231174,7.45780173,156.45,12.02,0.00,123.38,0,-101.00,-11.00,0.00,0.00,30.00,0.00,0,180
302.05,1547728695,2547.20,51.51226616,7.45794401,156.46,9.29,0.00,123.81,0,-98.00,-14.00,0.00,0.00,35.00,0.00,0,482
302.05,1547728695,2547.20,51.51226616,7.45794401,156.46,9.29,0.00,123.81,0,-101.00,-17.00,0.00,0.00,35.00,0.00,0,481
302.05,1547728695,2547.21,51.51226616,7.45794401,156.46,9.29,0.00,123.81,0,-98.00,-9.00,0.00,0.00,30.00,0.00,0,182
302.06,1547728695,2547.22,51.51226616,7.45794401,156.46,9.29,0.00,123.81,0,-104.00,-15.00,0.00,0.00,30.00,0.00,0,180
303.04,1547728696,2556.40,51.51223198,7.45804934,157.01,6.32,0.00,127.63,0,-98.00,-14.00,0.00,0.00,35.00,0.00,0,482
303.05,1547728696,2556.41,51.51223198,7.45804934,157.01,6.32,0.00,127.63,0,-101.00,-17.00,0.00,0.00,35.00,0.00,0,481
303.05,1547728696,2556.41,51.51223198,7.45804934,157.01,6.32,0.00,127.63,0,-98.00,-9.00,0.00,0.00,30.00,0.00,0,182
303.05,1547728696,2556.42,51.51223198,7.45804934,157.01,6.32,0.00,127.63,0,-104.00,-15.00,0.00,0.00,30.00,0.00,0,180
304.05,1547728697,2562.72,51.51220052,7.45813159,157.14,5.08,0.00,129.29,0,-98.00,-14.00,0.00,0.00,35.00,0.00,0,482
304.05,1547728697,2562.73,51.51220052,7.45813159,157.14,5.08,0.00,129.29,0,-101.00,-17.00,0.00,0.00,35.00,0.00,0,481
304.05,1547728697,2562.73,51.51220052,7.45813159,157.14,5.08,0.00,129.29,0,-98.00,-9.00,0.00,0.00,30.00,0.00,0,182
304.05,1547728697,2562.73,51.51220052,7.45813159,157.14,5.08,0.00,129.29,0,-104.00,-15.00,0.00,0.00,30.00,0.00,0,180
305.04,1547728698,2567.79,51.51217188,7.45820853,157.16,3.93,0.00,128.34,0,-97.00,-13.00,0.00,0.00,34.00,0.00,0,482
305.04,1547728698,2567.79,51.51217188,7.45820853,157.16,3.93,0.00,128.34,0,-101.00,-15.00,0.00,0.00,34.00,0.00,0,481
305.04,1547728698,2567.80,51.51217188,7.45820853,157.16,3.93,0.00,128.34,0,-94.00,-7.00,0.00,0.00,34.00,0.00,0,182
306.04,1547728699,2571.72,51.51215259,7.45825624,157.13,3.39,0.00,126.41,0,-97.00,-13.00,0.00,0.00,34.00,0.00,0,482
306.04,1547728699,2571.72,51.51215259,7.45825624,157.13,3.39,0.00,126.41,0,-101.00,-15.00,0.00,0.00,34.00,0.00,0,481
306.05,1547728699,2571.73,51.51215259,7.45825624,157.13,3.39,0.00,126.41,0,-94.00,-7.00,0.00,0.00,34.00,0.00,0,182
309.04,1547728702,2584.22,51.51205715,7.45842892,154.85,7.68,0.00,131.01,0,-98.00,-14.00,0.00,0.00,35.00,0.00,0,481
309.04,1547728702,2584.23,51.51205715,7.45842892,154.85,7.68,0.00,131.01,0,-100.00,-16.00,0.00,0.00,36.00,0.00,0,487
309.05,1547728702,2584.23,51.51205715,7.45842892,154.85,7.68,0.00,131.01,0,-100.00,-10.00,0.00,0.00,31.00,0.00,0,182
309.05,1547728702,2584.24,51.51205715,7.45842892,154.85,7.68,0.00,131.01,0,-106.00,-17.00,0.00,0.00,31.00,0.00,0,493
310.04,1547728703,2591.90,51.51200865,7.45852548,153.49,9.20,0.00,130.10,0,-98.00,-14.00,0.00,0.00,35.00,0.00,0,481
310.04,1547728703,2591.91,51.51200865,7.45852548,153.49,9.20,0.00,130.10,0,-100.00,-16.00,0.00,0.00,36.00,0.00,0,487
310.04,1547728703,2591.91,51.51200865,7.45852548,153.49,9.20,0.00,130.10,0,-100.00,-10.00,0.00,0.00,31.00,0.00,0,182
310.05,1547728703,2591.93,51.51200865,7.45852548,153.49,9.20,0.00,130.10,0,-106.00,-17.00,0.00,0.00,31.00,0.00,0,493
311.05,1547728704,2601.13,51.51195659,7.45862987,152.34,9.97,0.00,129.75,0,-97.00,-12.00,0.00,0.00,36.00,0.00,0,481
311.05,1547728704,2601.13,51.51195659,7.45862987,152.34,9.97,0.00,129.75,0,-105.00,-13.00,0.00,0.00,29.00,0.00,0,182
311.05,1547728704,2601.14,51.51195659,7.45862987,152.34,9.97,0.00,129.75,0,-106.00,-14.00,0.00,0.00,30.00,0.00,0,493
312.04,1547728705,2611.03,51.51190327,7.45873182,151.46,9.51,0.00,128.85,0,-97.00,-12.00,0.00,0.00,36.00,0.00,0,481
312.04,1547728705,2611.03,51.51190327,7.45873182,151.46,9.51,0.00,128.85,0,-105.00,-13.00,0.00,0.00,29.00,0.00,0,182
312.04,1547728705,2611.04,51.51190327,7.45873182,151.46,9.51,0.00,128.85,0,-106.00,-14.00,0.00,0.00,30.00,0.00,0,493
313.04,1547728706,2620.54,51.51185620,7.45883363,151.18,8.88,0.00,128.63,0,-103.00,-16.00,0.00,0.00,33.00,0.00,0,481
313.04,1547728706,2620.54,51.51185620,7.45883363,151.18,8.88,0.00,128.63,0,-104.00,-17.00,0.00,0.00,33.00,0.00,0,487
313.04,1547728706,2620.55,51.51185620,7.45883363,151.18,8.88,0.00,128.63,0,-110.00,-16.00,0.00,0.00,26.00,0.00,0,182
313.04,1547728706,2620.55,51.51185620,7.45883363,151.18,8.88,0.00,128.63,0,-111.00,-17.00,0.00,0.00,26.00,0.00,0,493
314.04,1547728707,2629.45,51.51181614,7.45892605,150.67,7.50,0.00,128.02,0,-103.00,-16.00,0.00,0.00,33.00,0.00,0,481
314.04,1547728707,2629.46,51.51181614,7.45892605,150.67,7.50,0.00,128.02,0,-104.00,-17.00,0.00,0.00,33.00,0.00,0,487
314.04,1547728707,2629.46,51.51181614,7.45892605,150.67,7.50,0.00,128.02,0,-110.00,-16.00,0.00,0.00,26.00,0.00,0,182
314.05,1547728707,2629.47,51.51181614,7.45892605,150.67,7.50,0.00,128.02,0,-111.00,-17.00,0.00,0.00,26.00,0.00,0,493
315.04,1547728708,2636.95,51.51178404,7.45900917,150.08,6.33,0.00,126.88,0,-100.00,-14.00,0.00,0.00,33.00,0.00,0,481
315.04,1547728708,2636.96,51.51178404,7.45900917,150.08,6.33,0.00,126.88,0,-103.00,-15.00,0.00,0.00,33.00,0.00,0,487
315.05,1547728708,2636.96,51.51178404,7.45900917,150.08,6.33,0.00,126.88,0,-108.00,-13.00,0.00,0.00,25.00,0.00,0,493
315.05,1547728708,2636.96,51.51178404,7.45900917,150.08,6.33,0.00,126.88,0,-110.00,-14.00,0.00,0.00,25.00,0.00,0,182
316.04,1547728709,2643.28,51.51175311,7.45908170,150.38,5.12,0.00,129.74,0,-100.00,-14.00,0.00,0.00,33.00,0.00,0,481
316.04,1547728709,2643.29,51.51175311,7.45908170,150.38,5.12,0.00,129.74,0,-103.00,-15.00,0.00,0.00,33.00,0.00,0,487
316.05,1547728709,2643.29,51.51175311,7.45908170,150.38,5.12,0.00,129.74,0,-108.00,-13.00,0.00,0.00,25.00,0.00,0,493
316.05,1547728709,2643.29,51.51175311,7.45908170,150.38,5.12,0.00,129.74,0,-110.00,-14.00,0.00,0.00,25.00,0.00,0,182
317.04,1547728710,2648.41,51.51173481,7.45913439,150.43,3.19,0.00,130.97,0,-101.00,-12.00,0.00,0.00,29.00,0.00,0,487
317.05,1547728710,2648.41,51.51173481,7.45913439,150.43,3.19,0.00,130.97,0,-102.00,-13.00,0.00,0.00,30.00,0.00,0,481
317.05,1547728710,2648.41,51.51173481,7.45913439,150.43,3.19,0.00,130.97,0,-106.00,-11.00,0.00,0.00,23.00,0.00,0,493
317.05,1547728710,2648.42,51.51173481,7.45913439,150.43,3.19,0.00,130.97,0,-109.00,-14.00,0.00,0.00,25.00,0.00,0,180
318.04,1547728711,2651.60,51.51171767,7.45916539,150.54,1.61,0.00,129.44,0,-101.00,-12.00,0.00,0.00,29.00,0.00,0,487
318.04,1547728711,2651.60,51.51171767,7.45916539,150.54,1.61,0.00,129.44,0,-102.00,-13.00,0.00,0.00,30.00,0.00,0,481
318.05,1547728711,2651.60,51.51171767,7.45916539,150.54,1.61,0.00,129.44,0,-106.00,-11.00,0.00,0.00,23.00,0.00,0,493
318.05,1547728711,2651.60,51.51171767,7.45916539,150.54,1.61,0.00,129.44,0,-109.00,-14.00,0.00,0.00,25.00,0.00,0,180
319.04,1547728712,2653.21,51.51170746,7.45917852,150.59,0.79,0.00,129.44,0,-99.00,-9.00,0.00,0.00,30.00,0.00,0,487
319.04,1547728712,2653.21,51.51170746,7.45917852,150.59,0.79,0.00,129.44,0,-104.00,-13.00,0.00,0.00,29.00,0.00,0,481
319.05,1547728712,2653.21,51.51170746,7.45917852,150.59,0.79,0.00,129.44,0,-107.00,-12.00,0.00,0.00,25.00,0.00,0,493
319.05,1547728712,2653.21,51.51170746,7.45917852,150.59,0.79,0.00,129.44,0,-107.00,-14.00,0.00,0.00,26.00,0.00,0,182
320.04,1547728713,2654.00,51.51170746,7.45917852,150.60,0.00,0.00,129.44,0,-99.00,-9.00,0.00,0.00,30.00,0.00,0,487
320.04,1547728713,2654.00,51.51170746,7.45917852,150.60,0.00,0.00,129.44,0,-104.00,-13.00,0.00,0.00,29.00,0.00,0,481
320.05,1547728713,2654.00,51.51170746,7.45917852,150.60,0.00,0.00,129.44,0,-107.00,-12.00,0.00,0.00,25.00,0.00,0,493
320.05,1547728713,2654.00,51.51170746,7.45917852,150.60,0.00,0.00,129.44,0,-107.00,-14.00,0.00,0.00,26.00,0.00,0,182
321.05,1547728714,2654.00,51.51170746,7.45917852,150.59,0.00,0.00,129.44,0,-102.00,-12.00,0.00,0.00,31.00,0.00,0,487
321.05,1547728714,2654.00,51.51170746,7.45917852,150.59,0.00,0.00,129.44,0,-103.00,-14.00,0.00,0.00,32.00,0.00,0,481
321.05,1547728714,2654.00,51.51170746,7.45917852,150.59,0.00,0.00,129.44,0,-107.00,-20.00,0.00,0.00,33.00,0.00,0,460
321.05,1547728714,2654.00,51.51170746,7.45917852,150.59,0.00,0.00,129.44,0,-109.00,-12.00,0.00,0.00,23.00,0.00,0,493
321.05,1547728714,2654.00,51.51170746,7.45917852,150.59,0.00,0.00,129.44,0,-111.00,-13.00,0.00,0.00,22.00,0.00,0,210
322.04,1547728715,2654.00,51.51170746,7.45917852,150.58,0.00,0.00,129.44,0,-102.00,-12.00,0.00,0.00,31.00,0.00,0,487
322.04,1547728715,2654.00,51.51170746,7.45917852,150.58,0.00,0.00,129.44,0,-103.00,-14.00,0.00,0.00,32.00,0.00,0,481
322.04,1547728715,2654.00,51.51170746,7.45917852,150.58,0.00,0.00,129.44,0,-107.00,-20.00,0.00,0.00,33.00,0.00,0,460
322.04,1547728715,2654.00,51.51170746,7.45917852,150.58,0.00,0.00,129.44,0,-109.00,-12.00,0.00,0.00,23.00,0.00,0,493
322.04,1547728715,2654.00,51.51170746,7.45917852,150.58,0.00,0.00,129.44,0,-111.00,-13.00,0.00,0.00,22.00,0.00,0,210
323.06,1547728716,2654.00,51.51170746,7.45917852,150.56,0.00,0.00,129.44,0,-101.00,-14.00,0.00,0.00,33.00,0.00,0,487
323.06,1547728716,2654.00,51.51170746,7.45917852,150.56,0.00,0.00,129.44,0,-103.00,-15.00,0.00,0.00,32.00,0.00,0,481
323.06,1547728716,2654.00,51.51170746,7.45917852,150.56,0.00,0.00,129.44,0,-109.00,-14.00,0.00,0.00,24.00,0.00,0,493
323.06,1547728716,2654.00,51.51170746,7.45917852,150.56,0.00,0.00,129.44,0,-111.00,-15.00,0.00,0.00,24.00,0.00,0,212
323.06,1547728716,2654.00,51.51170746,7.45917852,150.56,0.00,0.00,129.44,0,-93.00,-8.00,0.00,0.00,34.00,0.00,0,218
323.06,1547728716,2654.00,51.51170746,7.45917852,150.56,0.00,0.00,129.44,0,-100.00,-14.00,0.00,0.00,34.00,0.00,0,323
323.06,1547728716,2654.00,51.51170746,7.45917852,150.56,0.00,0.00,129.44,0,-100.00,-15.00,0.00,0.00,34.00,0.00,0,321
324.05,1547728717,2654.00,51.51170746,7.45917852,150.53,0.00,0.00,129.44,0,-101.00,-14.00,0.00,0.00,33.00,0.00,0,487
324.05,1547728717,2654.00,51.51170746,7.45917852,150.53,0.00,0.00,129.44,0,-103.00,-15.00,0.00,0.00,32.00,0.00,0,481
324.05,1547728717,2654.00,51.51170746,7.45917852,150.53,0.00,0.00,129.44,0,-109.00,-14.00,0.00,0.00,24.00,0.00,0,493
324.05,1547728717,2654.00,51.51170746,7.45917852,150.53,0.00,0.00,129.44,0,-111.00,-15.00,0.00,0.00,24.00,0.00,0,212
324.05,1547728717,2654.00,51.51170746,7.45917852,150.53,0.00,0.00,129.44,0,-93.00,-8.00,0.00,0.00,34.00,0.00,0,218
324.05,1547728717,2654.00,51.51170746,7.45917852,150.53,0.00,0.00,129.44,0,-100.00,-14.00,0.00,0.00,34.00,0.00,0,323
324.05,1547728717,2654.00,51.51170746,7.45917852,150.53,0.00,0.00,129.44,0,-100.00,-15.00,0.00,0.00,34.00,0.00,0,321
325.05,1547728718,2654.00,51.51170746,7.45917852,150.50,0.00,0.00,129.44,0,-101.00,-14.00,0.00,0.00,33.00,0.00,0,487
325.05,1547728718,2654.00,51.51170746,7.45917852,150.50,0.00,0.00,129.44,0,-103.00,-15.00,0.00,0.00,32.00,0.00,0,481
325.05,1547728718,2654.00,51.51170746,7.45917852,150.50,0.00,0.00,129.44,0,-109.00,-14.00,0.00,0.00,24.00,0.00,0,493
325.05,1547728718,2654.00,51.51170746,7.45917852,150.50,0.00,0.00,129.44,0,-111.00,-15.00,0.00,0.00,24.00,0.00,0,212
325.05,1547728718,2654.00,51.51170746,7.45917852,150.50,0.00,0.00,129.44,0,-93.00,-8.00,0.00,0.00,34.00,0.00,0,218
325.05,1547728718,2654.00,51.51170746,7.45917852,150.50,0.00,0.00,129.44,0,-100.00,-14.00,0.00,0.00,34.00,0.00,0,323
325.05,1547728718,2654.00,51.51170746,7.45917852,150.50,0.00,0.00,129.44,0,-100.00,-15.00,0.00,0.00,34.00,0.00,0,321
326.05,1547728719,2654.00,51.51170746,7.45917852,150.47,0.00,0.00,129.44,0,-99.00,-11.00,0.00,0.00,30.00,0.00,0,487
326.05,1547728719,2654.00,51.51170746,7.45917852,150.47,0.00,0.00,129.44,0,-103.00,-14.00,0.00,0.00,30.00,0.00,0,481
326.05,1547728719,2654.00,51.51170746,7.45917852,150.47,0.00,0.00,129.44,0,-108.00,-11.00,0.00,0.00,22.00,0.00,0,493
326.05,1547728719,2654.00,51.51170746,7.45917852,150.47,0.00,0.00,129.44,0,-111.00,-11.00,0.00,0.00,19.00,0.00,0,210
326.05,1547728719,2654.00,51.51170746,7.45917852,150.47,0.00,0.00,129.44,0,-93.00,-8.00,0.00,0.00,36.00,0.00,0,218
326.05,1547728719,2654.00,51.51170746,7.45917852,150.47,0.00,0.00,129.44,0,-98.00,-14.00,0.00,0.00,36.00,0.00,0,323
326.05,1547728719,2654.00,51.51170746,7.45917852,150.47,0.00,0.00,129.44,0,-99.00,-14.00,0.00,0.00,35.00,0.00,0,321
327.05,1547728720,2654.00,51.51170746,7.45917852,150.44,0.00,0.00,129.44,0,-99.00,-11.00,0.00,0.00,30.00,0.00,0,487
327.05,1547728720,2654.00,51.51170746,7.45917852,150.44,0.00,0.00,129.44,0,-103.00,-14.00,0.00,0.00,30.00,0.00,0,481
327.05,1547728720,2654.00,51.51170746,7.45917852,150.44,0.00,0.00,129.44,0,-108.00,-11.00,0.00,0.00,22.00,0.00,0,493
327.05,1547728720,2654.00,51.51170746,7.45917852,150.44,0.00,0.00,129.44,0,-111.00,-11.00,0.00,0.00,19.00,0.00,0,210
327.05,1547728720,2654.00,51.51170746,7.45917852,150.44,0.00,0.00,129.44,0,-93.00,-8.00,0.00,0.00,36.00,0.00,0,218
327.05,1547728720,2654.00,51.51170746,7.45917852,150.44,0.00,0.00,129.44,0,-98.00,-14.00,0.00,0.00,36.00,0.00,0,323
327.05,1547728720,2654.00,51.51170746,7.45917852,150.44,0.00,0.00,129.44,0,-99.00,-14.00,0.00,0.00,35.00,0.00,0,321
328.05,1547728721,2654.00,51.51170746,7.45917852,150.41,0.00,0.00,129.44,0,-99.00,-11.00,0.00,0.00,31.00,0.00,0,487
328.05,1547728721,2654.00,51.51170746,7.45917852,150.41,0.00,0.00,129.44,0,-103.00,-14.00,0.00,0.00,31.00,0.00,0,481
328.05,1547728721,2654.00,51.51170746,7.45917852,150.41,0.00,0.00,129.44,0,-108.00,-12.00,0.00,0.00,23.00,0.00,0,493
328.05,1547728721,2654.00,51.51170746,7.45917852,150.41,0.00,0.00,129.44,0,-109.00,-11.00,0.00,0.00,22.00,0.00,0,210
328.05,1547728721,2654.00,51.51170746,7.45917852,150.41,0.00,0.00,129.44,0,-93.00,-7.00,0.00,0.00,34.00,0.00,0,218
328.05,1547728721,2654.00,51.51170746,7.45917852,150.41,0.00,0.00,129.44,0,-99.00,-14.00,0.00,0.00,34.00,0.00,0,323
329.05,1547728722,2654.00,51.51170746,7.45917852,150.38,0.00,0.00,129.44,0,-99.00,-11.00,0.00,0.00,31.00,0.00,0,487
329.05,1547728722,2654.00,51.51170746,7.45917852,150.38,0.00,0.00,129.44,0,-103.00,-14.00,0.00,0.00,31.00,0.00,0,481
329.05,1547728722,2654.00,51.51170746,7.45917852,150.38,0.00,0.00,129.44,0,-108.00,-12.00,0.00,0.00,23.00,0.00,0,493
329.05,1547728722,2654.00,51.51170746,7.45917852,150.38,0.00,0.00,129.44,0,-109.00,-11.00,0.00,0.00,22.00,0.00,0,210
329.05,1547728722,2654.00,51.51170746,7.45917852,150.38,0.00,0.00,129.44,0,-93.00,-7.00,0.00,0.00,34.00,0.00,0,218
329.05,1547728722,2654.00,51.51170746,7.45917852,150.38,0.00,0.00,129.44,0,-99.00,-14.00,0.00,0.00,34.00,0.00,0,323
330.05,1547728723,2654.00,51.51170746,7.45917852,150.36,0.00,0.00,129.44,0,-100.00,-10.00,0.00,0.00,30.00,0.00,0,487
330.05,1547728723,2654.00,51.51170746,7.45917852,150.36,0.00,0.00,129.44,0,-102.00,-13.00,0.00,0.00,30.00,0.00,0,481
330.05,1547728723,2654.00,51.51170746,7.45917852,150.36,0.00,0.00,129.44,0,-108.00,-12.00,0.00,0.00,25.00,0.00,0,493
330.05,1547728723,2654.00,51.51170746,7.45917852,150.36,0.00,0.00,129.44,0,-110.00,-14.00,0.00,0.00,25.00,0.00,0,210
330.05,1547728723,2654.00,51.51170746,7.45917852,150.36,0.00,0.00,129.44,0,-94.00,-9.00,0.00,0.00,36.00,0.00,0,218
330.05,1547728723,2654.00,51.51170746,7.45917852,150.36,0.00,0.00,129.44,0,-98.00,-15.00,0.00,0.00,36.00,0.00,0,323
330.05,1547728723,2654.00,51.51170746,7.45917852,150.36,0.00,0.00,129.44,0,-100.00,-15.00,0.00,0.00,36.00,0.00,0,321
331.05,1547728724,2654.00,51.51170746,7.45917852,150.34,0.00,0.00,129.44,0,-100.00,-10.00,0.00,0.00,30.00,0.00,0,487
331.05,1547728724,2654.00,51.51170746,7.45917852,150.34,0.00,0.00,129.44,0,-102.00,-13.00,0.00,0.00,30.00,0.00,0,481
331.05,1547728724,2654.00,51.51170746,7.45917852,150.34,0.00,0.00,129.44,0,-108.00,-12.00,0.00,0.00,25.00,0.00,0,493
331.05,1547728724,2654.00,51.51170746,7.45917852,150.34,0.00,0.00,129.44,0,-110.00,-14.00,0.00,0.00,25.00,0.00,0,210
331.05,1547728724,2654.00,51.51170746,7.45917852,150.34,0.00,0.00,129.44,0,-94.00,-9.00,0.00,0.00,36.00,0.00,0,218
331.05,1547728724,2654.00,51.51170746,7.45917852,150.34,0.00,0.00,129.44,0,-98.00,-15.00,0.00,0.00,36.00,0.00,0,323
331.05,1547728724,2654.00,51.51170746,7.45917852,150.34,0.00,0.00,129.44,0,-100.00,-15.00,0.00,0.00,36.00,0.00,0,321
332.05,1547728725,2654.00,51.51170746,7.45917852,150.32,0.00,0.00,129.44,0,-101.00,-13.00,0.00,0.00,33.00,0.00,0,487
332.05,1547728725,2654.00,51.51170746,7.45917852,150.32,0.00,0.00,129.44,0,-103.00,-14.00,0.00,0.00,32.00,0.00,0,481
332.05,1547728725,2654.00,51.51170746,7.45917852,150.32,0.00,0.00,129.44,0,-108.00,-12.00,0.00,0.00,25.00,0.00,0,493
332.05,1547728725,2654.00,51.51170746,7.45917852,150.32,0.00,0.00,129.44,0,-110.00,-15.00,0.00,0.00,24.00,0.00,0,210
332.05,1547728725,2654.00,51.51170746,7.45917852,150.32,0.00,0.00,129.44,0,-94.00,-9.00,0.00,0.00,35.00,0.00,0,218
332.05,1547728725,2654.00,51.51170746,7.45917852,150.32,0.00,0.00,129.44,0,-98.00,-14.00,0.00,0.00,35.00,0.00,0,321
332.05,1547728725,2654.00,51.51170746,7.45917852,150.32,0.00,0.00,129.44,0,-99.00,-14.00,0.00,0.00,35.00,0.00,0,323
333.05,1547728726,2654.00,51.51170746,7.45917852,150.29,0.00,0.00,129.44,0,-101.00,-13.00,0.00,0.00,33.00,0.00,0,487
333.05,1547728726,2654.00,51.51170746,7.45917852,150.29,0.00,0.00,129.44,0,-103.00,-14.00,0.00,0.00,32.00,0.00,0,481
333.05,1547728726,2654.00,51.51170746,7.45917852,150.29,0.00,0.00,129.44,0,-108.00,-12.00,0.00,0.00,25.00,0.00,0,493
333.05,1547728726,2654.00,51.51170746,7.45917852,150.29,0.00,0.00,129.44,0,-110.00,-15.00,0.00,0.00,24.00,0.00,0,210
333.05,1547728726,2654.00,51.51170746,7.45917852,150.29,0.00,0.00,129.44,0,-94.00,-9.00,0.00,0.00,35.00,0.00,0,218
333.05,1547728726,2654.00,51.51170746,7.45917852,150.29,0.00,0.00,129.44,0,-98.00,-14.00,0.00,0.00,35.00,0.00,0,321
333.05,1547728726,2654.00,51.51170746,7.45917852,150.29,0.00,0.00,129.44,0,-99.00,-14.00,0.00,0.00,35.00,0.00,0,323
334.05,1547728727,2654.00,51.51170746,7.45917852,150.23,0.00,0.00,129.44,0,-100.00,-11.00,0.00,0.00,30.00,0.00,0,487
334.05,1547728727,2654.00,51.51170746,7.45917852,150.23,0.00,0.00,129.44,0,-102.00,-13.00,0.00,0.00,31.00,0.00,0,481
334.05,1547728727,2654.00,51.51170746,7.45917852,150.23,0.00,0.00,129.44,0,-108.00,-12.00,0.00,0.00,23.00,0.00,0,493
334.05,1547728727,2654.00,51.51170746,7.45917852,150.23,0.00,0.00,129.44,0,-110.00,-11.00,0.00,0.00,21.00,0.00,0,210
334.05,1547728727,2654.00,51.51170746,7.45917852,150.23,0.00,0.00,129.44,0,-94.00,-8.00,0.00,0.00,34.00,0.00,0,218
334.05,1547728727,2654.00,51.51170746,7.45917852,150.23,0.00,0.00,129.44,0,-99.00,-14.00,0.00,0.00,34.00,0.00,0,321
334.05,1547728727,2654.00,51.51170746,7.45917852,150.23,0.00,0.00,129.44,0,-100.00,-14.00,0.00,0.00,34.00,0.00,0,323
335.05,1547728728,2654.00,51.51170746,7.45917852,150.16,0.00,0.00,129.44,0,-100.00,-11.00,0.00,0.00,30.00,0.00,0,487
335.05,1547728728,2654.00,51.51170746,7.45917852,150.16,0.00,0.00,129.44,0,-102.00,-13.00,0.00,0.00,31.00,0.00,0,481
335.05,1547728728,2654.00,51.51170746,7.45917852,150.16,0.00,0.00,129.44,0,-108.00,-12.00,0.00,0.00,23.00,0.00,0,493
335.05,1547728728,2654.00,51.51170746,7.45917852,150.16,0.00,0.00,129.44,0,-110.00,-11.00,0.00,0.00,21.00,0.00,0,210
335.05,1547728728,2654.00,51.51170746,7.45917852,150.16,0.00,0.00,129.44,0,-94.00,-8.00,0.00,0.00,34.00,0.00,0,218
335.05,1547728728,2654.00,51.51170746,7.45917852,150.16,0.00,0.00,129.44,0,-99.00,-14.00,0.00,0.00,34.00,0.00,0,321
335.05,1547728728,2654.00,51.51170746,7.45917852,150.16,0.00,0.00,129.44,0,-100.00,-14.00,0.00,0.00,34.00,0.00,0,323
336.05,1547728729,2654.00,51.51170746,7.45917852,150.08,0.00,0.00,129.44,0,-99.00,-11.00,0.00,0.00,31.00,0.00,0,487
336.05,1547728729,2654.00,51.51170746,7.45917852,150.08,0.00,0.00,129.44,0,-102.00,-14.00,0.00,0.00,31.00,0.00,0,481
336.05,1547728729,2654.00,51.51170746,7.45917852,150.08,0.00,0.00,129.44,0,-107.00,-14.00,0.00,0.00,26.00,0.00,0,493
336.05,1547728729,2654.00,51.51170746,7.45917852,150.08,0.00,0.00,129.44,0,-109.00,-15.00,0.00,0.00,26.00,0.00,0,180
336.05,1547728729,2654.00,51.51170746,7.45917852,150.08,0.00,0.00,129.44,0,-95.00,-10.00,0.00,0.00,35.00,0.00,0,218
336.05,1547728729,2654.00,51.51170746,7.45917852,150.08,0.00,0.00,129.44,0,-99.00,-14.00,0.00,0.00,35.00,0.00,0,321
336.05,1547728729,2654.00,51.51170746,7.45917852,150.08,0.00,0.00,129.44,0,-99.00,-15.00,0.00,0.00,35.00,0.00,0,323
337.05,1547728730,2654.00,51.51170746,7.45917852,150.00,0.00,0.00,129.44,0,-99.00,-11.00,0.00,0.00,31.00,0.00,0,487
337.05,1547728730,2654.00,51.51170746,7.45917852,150.00,0.00,0.00,129.44,0,-102.00,-14.00,0.00,0.00,31.00,0.00,0,481
337.05,1547728730,2654.00,51.51170746,7.45917852,150.00,0.00,0.00,129.44,0,-107.00,-14.00,0.00,0.00,26.00,0.00,0,493
337.05,1547728730,2654.00,51.51170746,7.45917852,150.00,0.00,0.00,129.44,0,-109.00,-15.00,0.00,0.00,26.00,0.00,0,180
337.05,1547728730,2654.00,51.51170746,7.45917852,150.00,0.00,0.00,129.44,0,-95.00,-10.00,0.00,0.00,35.00,0.00,0,218
337.05,1547728730,2654.00,51.51170746,7.45917852,150.00,0.00,0.00,129.44,0,-99.00,-14.00,0.00,0.00,35.00,0.00,0,321
337.05,1547728730,2654.00,51.51170746,7.45917852,150.00,0.00,0.00,129.44,0,-99.00,-15.00,0.00,0.00,35.00,0.00,0,323
338.05,1547728731,2654.00,51.51170746,7.45917852,149.92,0.00,0.00,129.44,0,-99.00,-11.00,0.00,0.00,31.00,0.00,0,487
338.05,1547728731,2654.00,51.51170746,7.45917852,149.92,0.00,0.00,129.44,0,-103.00,-14.00,0.00,0.00,32.00,0.00,0,481
338.05,1547728731,2654.00,51.51170746,7.45917852,149.92,0.00,0.00,129.44,0,-107.00,-13.00,0.00,0.00,25.00,0.00,0,493
338.05,1547728731,2654.00,51.51170746,7.45917852,149.92,0.00,0.00,129.44,0,-109.00,-15.00,0.00,0.00,25.00,0.00,0,182
338.05,1547728731,2654.00,51.51170746,7.45917852,149.92,0.00,0.00,129.44,0,-95.00,-9.00,0.00,0.00,36.00,0.00,0,218
338.05,1547728731,2654.00,51.51170746,7.45917852,149.92,0.00,0.00,129.44,0,-99.00,-13.00,0.00,0.00,36.00,0.00,0,321
338.05,1547728731,2654.00,51.51170746,7.45917852,149.92,0.00,0.00,129.44,0,-99.00,-14.00,0.00,0.00,36.00,0.00,0,323
339.05,1547728732,2654.00,51.51170746,7.45917852,149.83,0.00,0.00,129.44,0,-99.00,-11.00,0.00,0.00,31.00,0.00,0,487
339.05,1547728732,2654.00,51.51170746,7.45917852,149.83,0.00,0.00,129.44,0,-103.00,-14.00,0.00,0.00,32.00,0.00,0,481
339.05,1547728732,2654.00,51.51170746,7.45917852,149.83,0.00,0.00,129.44,0,-107.00,-13.00,0.00,0.00,25.00,0.00,0,493
339.05,1547728732,2654.00,51.51170746,7.45917852,149.83,0.00,0.00,129.44,0,-109.00,-15.00,0.00,0.00,25.00,0.00,0,182
339.05,1547728732,2654.00,51.51170746,7.45917852,149.83,0.00,0.00,129.44,0,-95.00,-9.00,0.00,0.00,36.00,0.00,0,218
339.05,1547728732,2654.00,51.51170746,7.45917852,149.83,0.00,0.00,129.44,0,-99.00,-13.00,0.00,0.00,36.00,0.00,0,321
339.05,1547728732,2654.00,51.51170746,7.45917852,149.83,0.00,0.00,129.44,0,-99.00,-14.00,0.00,0.00,36.00,0.00,0,323
340.05,1547728733,2654.00,51.51170746,7.45917852,149.75,0.00,0.00,129.44,0,-99.00,-11.00,0.00,0.00,31.00,0.00,0,487
340.05,1547728733,2654.00,51.51170746,7.45917852,149.75,0.00,0.00,129.44,0,-101.00,-13.00,0.00,0.00,31.00,0.00,0,481
340.05,1547728733,2654.00,51.51170746,7.45917852,149.75,0.00,0.00,129.44,0,-105.00,-11.00,0.00,0.00,25.00,0.00,0,493
340.05,1547728733,2654.00,51.51170746,7.45917852,149.75,0.00,0.00,129.44,0,-110.00,-16.00,0.00,0.00,25.00,0.00,0,182
340.05,1547728733,2654.00,51.51170746,7.45917852,149.75,0.00,0.00,129.44,0,-94.00,-11.00,0.00,0.00,36.00,0.00,0,218
340.05,1547728733,2654.00,51.51170746,7.45917852,149.75,0.00,0.00,129.44,0,-99.00,-15.00,0.00,0.00,36.00,0.00,0,321
340.05,1547728733,2654.00,51.51170746,7.45917852,149.75,0.00,0.00,129.44,0,-100.00,-16.00,0.00,0.00,36.00,0.00,0,329
341.05,1547728734,2654.00,51.51170746,7.45917852,149.67,0.00,0.00,129.44,0,-99.00,-11.00,0.00,0.00,31.00,0.00,0,487
341.05,1547728734,2654.00,51.51170746,7.45917852,149.67,0.00,0.00,129.44,0,-101.00,-13.00,0.00,0.00,31.00,0.00,0,481
341.05,1547728734,2654.00,51.51170746,7.45917852,149.67,0.00,0.00,129.44,0,-105.00,-11.00,0.00,0.00,25.00,0.00,0,493
341.05,1547728734,2654.00,51.51170746,7.45917852,149.67,0.00,0.00,129.44,0,-110.00,-16.00,0.00,0.00,25.00,0.00,0,182
341.05,1547728734,2654.00,51.51170746,7.45917852,149.67,0.00,0.00,129.44,0,-94.00,-11.00,0.00,0.00,36.00,0.00,0,218
341.05,1547728734,2654.00,51.51170746,7.45917852,149.67,0.00,0.00,129.44,0,-99.00,-15.00,0.00,0.00,36.00,0.00,0,321
341.05,1547728734,2654.00,51.51170746,7.45917852,149.67,0.00,0.00,129.44,0,-100.00,-16.00,0.00,0.00,36.00,0.00,0,329
342.05,1547728735,2654.00,51.51170746,7.45917852,149.60,0.00,0.00,129.44,0,-100.00,-13.00,0.00,0.00,33.00,0.00,0,487
342.05,1547728735,2654.00,51.51170746,7.45917852,149.60,0.00,0.00,129.44,0,-103.00,-15.00,0.00,0.00,33.00,0.00,0,481
342.05,1547728735,2654.00,51.51170746,7.45917852,149.60,0.00,0.00,129.44,0,-109.00,-14.00,0.00,0.00,24.00,0.00,0,493
342.05,1547728735,2654.00,51.51170746,7.45917852,149.60,0.00,0.00,129.44,0,-112.00,-16.00,0.00,0.00,24.00,0.00,0,182
342.05,1547728735,2654.00,51.51170746,7.45917852,149.60,0.00,0.00,129.44,0,-94.00,-9.00,0.00,0.00,34.00,0.00,0,218
342.05,1547728735,2654.00,51.51170746,7.45917852,149.60,0.00,0.00,129.44,0,-100.00,-14.00,0.00,0.00,34.00,0.00,0,329
342.05,1547728735,2654.00,51.51170746,7.45917852,149.60,0.00,0.00,129.44,0,-100.00,-14.00,0.00,0.00,34.00,0.00,0,323
343.05,1547728736,2654.00,51.51170746,7.45917852,149.53,0.00,0.00,129.44,0,-100.00,-13.00,0.00,0.00,33.00,0.00,0,487
343.05,1547728736,2654.00,51.51170746,7.45917852,149.53,0.00,0.00,129.44,0,-103.00,-15.00,0.00,0.00,33.00,0.00,0,481
343.05,1547728736,2654.00,51.51170746,7.45917852,149.53,0.00,0.00,129.44,0,-109.00,-14.00,0.00,0.00,24.00,0.00,0,493
343.05,1547728736,2654.00,51.51170746,7.45917852,149.53,0.00,0.00,129.44,0,-112.00,-16.00,0.00,0.00,24.00,0.00,0,182
343.05,1547728736,2654.00,51.51170746,7.45917852,149.53,0.00,0.00,129.44,0,-94.00,-9.00,0.00,0.00,34.00,0.00,0,218
343.05,1547728736,2654.00,51.51170746,7.45917852,149.53,0.00,0.00,129.44,0,-100.00,-14.00,0.00,0.00,34.00,0.00,0,329
343.05,1547728736,2654.00,51.51170746,7.45917852,149.53,0.00,0.00,129.44,0,-100.00,-14.00,0.00,0.00,34.00,0.00,0,323
344.06,1547728737,2654.00,51.51170746,7.45917852,149.46,0.00,0.00,129.44,0,-100.00,-14.00,0.00,0.00,35.00,0.00,0,487
344.06,1547728737,2654.00,51.51170746,7.45917852,149.46,0.00,0.00,129.44,0,-101.00,-15.00,0.00,0.00,34.00,0.00,0,481
344.06,1547728737,2654.00,51.51170746,7.45917852,149.46,0.00,0.00,129.44,0,-110.00,-14.00,0.00,0.00,24.00,0.00,0,493
344.06,1547728737,2654.00,51.51170746,7.45917852,149.46,0.00,0.00,129.44,0,-111.00,-15.00,0.00,0.00,24.00,0.00,0,182
344.06,1547728737,2654.00,51.51170746,7.45917852,149.46,0.00,0.00,129.44,0,-94.00,-8.00,0.00,0.00,34.00,0.00,0,218
344.06,1547728737,2654.00,51.51170746,7.45917852,149.46,0.00,0.00,129.44,0,-100.00,-14.00,0.00,0.00,34.00,0.00,0,323
344.06,1547728737,2654.00,51.51170746,7.45917852,149.46,0.00,0.00,129.44,0,-100.00,-14.00,0.00,0.00,34.00,0.00,0,329
345.04,1547728738,2654.00,51.51170746,7.45917852,149.39,0.00,0.00,129.44,0,-100.00,-14.00,0.00,0.00,35.00,0.00,0,487
345.04,1547728738,2654.00,51.51170746,7.45917852,149.39,0.00,0.00,129.44,0,-101.00,-15.00,0.00,0.00,34.00,0.00,0,481
345.04,1547728738,2654.00,51.51170746,7.45917852,149.39,0.00,0.00,129.44,0,-110.00,-14.00,0.00,0.00,24.00,0.00,0,493
345.04,1547728738,2654.00,51.51170746,7.45917852,149.39,0.00,0.00,129.44,0,-111.00,-15.00,0.00,0.00,24.00,0.00,0,182
345.04,1547728738,2654.00,51.51170746,7.45917852,149.39,0.00,0.00,129.44,0,-94.00,-8.00,0.00,0.00,34.00,0.00,0,218
345.04,1547728738,2654.00,51.51170746,7.45917852,149.39,0.00,0.00,129.44,0,-100.00,-14.00,0.00,0.00,34.00,0.00,0,323
345.04,1547728738,2654.00,51.51170746,7.45917852,149.39,0.00,0.00,129.44,0,-100.00,-14.00,0.00,0.00,34.00,0.00,0,329
346.05,1547728739,2654.00,51.51170746,7.45917852,149.33,0.00,0.00,129.44,0,-100.00,-14.00,0.00,0.00,35.00,0.00,0,487
346.05,1547728739,2654.00,51.51170746,7.45917852,149.33,0.00,0.00,129.44,0,-101.00,-15.00,0.00,0.00,34.00,0.00,0,481
346.05,1547728739,2654.00,51.51170746,7.45917852,149.33,0.00,0.00,129.44,0,-110.00,-14.00,0.00,0.00,24.00,0.00,0,493
346.05,1547728739,2654.00,51.51170746,7.45917852,149.33,0.00,0.00,129.44,0,-111.00,-15.00,0.00,0.00,24.00,0.00,0,182
346.05,1547728739,2654.00,51.51170746,7.45917852,149.33,0.00,0.00,129.44,0,-94.00,-8.00,0.00,0.00,34.00,0.00,0,218
346.05,1547728739,2654.00,51.51170746,7.45917852,149.33,0.00,0.00,129.44,0,-100.00,-14.00,0.00,0.00,34.00,0.00,0,323
346.05,1547728739,2654.00,51.51170746,7.45917852,149.33,0.00,0.00,129.44,0,-100.00,-14.00,0.00,0.00,34.00,0.00,0,329
347.04,1547728740,2654.00,51.51170746,7.45917852,149.27,0.00,0.00,129.44,0,-100.00,-14.00,0.00,0.00,34.00,0.00,0,487
347.04,1547728740,2654.00,51.51170746,7.45917852,149.27,0.00,0.00,129.44,0,-103.00,-16.00,0.00,0.00,33.00,0.00,0,481
347.04,1547728740,2654.00,51.51170746,7.45917852,149.27,0.00,0.00,129.44,0,-109.00,-13.00,0.00,0.00,24.00,0.00,0,493
347.04,1547728740,2654.00,51.51170746,7.45917852,149.27,0.00,0.00,129.44,0,-111.00,-16.00,0.00,0.00,24.00,0.00,0,182
347.04,1547728740,2654.00,51.51170746,7.45917852,149.27,0.00,0.00,129.44,0,-94.00,-8.00,0.00,0.00,33.00,0.00,0,218
347.04,1547728740,2654.00,51.51170746,7.45917852,149.27,0.00,0.00,129.44,0,-99.00,-13.00,0.00,0.00,33.00,0.00,0,323
347.04,1547728740,2654.00,51.51170746,7.45917852,149.27,0.00,0.00,129.44,0,-101.00,-14.00,0.00,0.00,33.00,0.00,0,329
348.05,1547728741,2654.00,51.51170746,7.45917852,149.22,0.00,0.00,129.44,0,-100.00,-14.00,0.00,0.00,34.00,0.00,0,487
348.05,1547728741,2654.00,51.51170746,7.45917852,149.22,0.00,0.00,129.44,0,-103.00,-16.00,0.00,0.00,33.00,0.00,0,481
348.05,1547728741,2654.00,51.51170746,7.45917852,149.22,0.00,0.00,129.44,0,-109.00,-13.00,0.00,0.00,24.00,0.00,0,493
348.05,1547728741,2654.00,51.51170746,7.45917852,149.22,0.00,0.00,129.44,0,-111.00,-16.00,0.00,0.00,24.00,0.00,0,182
348.05,1547728741,2654.00,51.51170746,7.45917852,149.22,0.00,0.00,129.44,0,-94.00,-8.00,0.00,0.00,33.00,0.00,0,218
348.05,1547728741,2654.00,51.51170746,7.45917852,149.22,0.00,0.00,129.44,0,-99.00,-13.00,0.00,0.00,33.00,0.00,0,323
348.05,1547728741,2654.00,51.51170746,7.45917852,149.22,0.00,0.00,129.44,0,-101.00,-14.00,0.00,0.00,33.00,0.00,0,329
349.05,1547728742,2654.00,51.51170746,7.45917852,149.18,0.00,0.00,129.44,0,-110.00,-16.00,0.00,0.00,27.00,0.00,0,492
349.05,1547728742,2654.00,51.51170746,7.45917852,149.18,0.00,0.00,129.44,0,-111.00,-18.00,0.00,0.00,27.00,0.00,0,180
349.05,1547728742,2654.00,51.51170746,7.45917852,149.18,0.00,0.00,129.44,0,-111.00,-17.00,0.00,0.00,27.00,0.00,0,210
349.05,1547728742,2654.00,51.51170746,7.45917852,149.18,0.00,0.00,129.44,0,-111.00,-18.00,0.00,0.00,27.00,0.00,0,212
349.05,1547728742,2654.00,51.51170746,7.45917852,149.18,0.00,0.00,129.44,0,-112.00,-17.00,0.00,0.00,27.00,0.00,0,182
349.05,1547728742,2654.00,51.51170746,7.45917852,149.18,0.00,0.00,129.44,0,-100.00,-15.00,0.00,0.00,33.00,0.00,0,482
349.05,1547728742,2654.00,51.51170746,7.45917852,149.18,0.00,0.00,129.44,0,-102.00,-14.00,0.00,0.00,33.00,0.00,0,487
350.05,1547728743,2654.00,51.51170746,7.45917852,149.15,0.00,0.00,129.44,0,-110.00,-16.00,0.00,0.00,27.00,0.00,0,492
350.05,1547728743,2654.00,51.51170746,7.45917852,149.15,0.00,0.00,129.44,0,-111.00,-18.00,0.00,0.00,27.00,0.00,0,180
350.05,1547728743,2654.00,51.51170746,7.45917852,149.15,0.00,0.00,129.44,0,-111.00,-17.00,0.00,0.00,27.00,0.00,0,210
350.05,1547728743,2654.00,51.51170746,7.45917852,149.15,0.00,0.00,129.44,0,-111.00,-18.00,0.00,0.00,27.00,0.00,0,212
350.05,1547728743,2654.00,51.51170746,7.45917852,149.15,0.00,0.00,129.44,0,-112.00,-17.00,0.00,0.00,27.00,0.00,0,182
350.05,1547728743,2654.00,51.51170746,7.45917852,149.15,0.00,0.00,129.44,0,-100.00,-15.00,0.00,0.00,33.00,0.00,0,482
350.05,1547728743,2654.00,51.51170746,7.45917852,149.15,0.00,0.00,129.44,0,-102.00,-14.00,0.00,0.00,33.00,0.00,0,487
351.05,1547728744,2654.00,51.51170746,7.45917852,149.12,0.00,0.00,129.44,0,-111.00,-15.00,0.00,0.00,25.00,0.00,0,492
351.05,1547728744,2654.00,51.51170746,7.45917852,149.12,0.00,0.00,129.44,0,-111.00,-15.00,0.00,0.00,25.00,0.00,0,180
351.05,1547728744,2654.00,51.51170746,7.45917852,149.12,0.00,0.00,129.44,0,-111.00,-14.00,0.00,0.00,23.00,0.00,0,212
351.05,1547728744,2654.00,51.51170746,7.45917852,149.12,0.00,0.00,129.44,0,-111.00,-14.00,0.00,0.00,24.00,0.00,0,182
351.05,1547728744,2654.00,51.51170746,7.45917852,149.12,0.00,0.00,129.44,0,-111.00,-12.00,0.00,0.00,21.00,0.00,0,210
351.05,1547728744,2654.00,51.51170746,7.45917852,149.12,0.00,0.00,129.44,0,-109.00,-12.00,0.00,0.00,25.00,0.00,0,487
351.05,1547728744,2654.00,51.51170746,7.45917852,149.12,0.00,0.00,129.44,0,-112.00,-15.00,0.00,0.00,25.00,0.00,0,482
352.05,1547728745,2654.00,51.51170746,7.45917852,149.10,0.00,0.00,129.44,0,-111.00,-15.00,0.00,0.00,25.00,0.00,0,492
352.05,1547728745,2654.00,51.51170746,7.45917852,149.10,0.00,0.00,129.44,0,-111.00,-15.00,0.00,0.00,25.00,0.00,0,180
352.05,1547728745,2654.00,51.51170746,7.45917852,149.10,0.00,0.00,129.44,0,-111.00,-14.00,0.00,0.00,23.00,0.00,0,212
352.05,1547728745,2654.00,51.51170746,7.45917852,149.10,0.00,0.00,129.44,0,-111.00,-14.00,0.00,0.00,24.00,0.00,0,182
352.05,1547728745,2654.00,51.51170746,7.45917852,149.10,0.00,0.00,129.44,0,-111.00,-12.00,0.00,0.00,21.00,0.00,0,210
352.05,1547728745,2654.00,51.51170746,7.45917852,149.10,0.00,0.00,129.44,0,-109.00,-12.00,0.00,0.00,25.00,0.00,0,487
352.05,1547728745,2654.00,51.51170746,7.45917852,149.10,0.00,0.00,129.44,0,-112.00,-15.00,0.00,0.00,25.00,0.00,0,482
353.05,1547728746,2654.00,51.51170746,7.45917852,149.09,0.00,0.00,129.44,0,-110.00,-12.00,0.00,0.00,22.00,0.00,0,210
353.05,1547728746,2654.00,51.51170746,7.45917852,149.09,0.00,0.00,129.44,0,-111.00,-16.00,0.00,0.00,24.00,0.00,0,492
353.05,1547728746,2654.00,51.51170746,7.45917852,149.09,0.00,0.00,129.44,0,-111.00,-15.00,0.00,0.00,23.00,0.00,0,212
353.05,1547728746,2654.00,51.51170746,7.45917852,149.09,0.00,0.00,129.44,0,-111.00,-15.00,0.00,0.00,24.00,0.00,0,182
353.05,1547728746,2654.00,51.51170746,7.45917852,149.09,0.00,0.00,129.44,0,-111.00,-17.00,0.00,0.00,25.00,0.00,0,180
353.05,1547728746,2654.00,51.51170746,7.45917852,149.09,0.00,0.00,129.44,0,-107.00,-11.00,0.00,0.00,25.00,0.00,0,487
353.05,1547728746,2654.00,51.51170746,7.45917852,149.09,0.00,0.00,129.44,0,-109.00,-13.00,0.00,0.00,25.00,0.00,0,482
354.05,1547728747,2654.00,51.51170746,7.45917852,149.02,0.00,0.00,129.44,0,-110.00,-12.00,0.00,0.00,22.00,0.00,0,210
354.05,1547728747,2654.00,51.51170746,7.45917852,149.02,0.00,0.00,129.44,0,-111.00,-16.00,0.00,0.00,24.00,0.00,0,492
354.05,1547728747,2654.00,51.51170746,7.45917852,149.02,0.00,0.00,129.44,0,-111.00,-15.00,0.00,0.00,23.00,0.00,0,212
354.05,1547728747,2654.00,51.51170746,7.45917852,149.02,0.00,0.00,129.44,0,-111.00,-15.00,0.00,0.00,24.00,0.00,0,182
354.05,1547728747,2654.00,51.51170746,7.45917852,149.02,0.00,0.00,129.44,0,-111.00,-17.00,0.00,0.00,25.00,0.00,0,180
354.05,1547728747,2654.00,51.51170746,7.45917852,149.02,0.00,0.00,129.44,0,-107.00,-11.00,0.00,0.00,25.00,0.00,0,487
354.05,1547728747,2654.00,51.51170746,7.45917852,149.02,0.00,0.00,129.44,0,-109.00,-13.00,0.00,0.00,25.00,0.00,0,482
355.05,1547728748,2654.00,51.51170746,7.45917852,148.92,0.00,0.00,130.22,0,-109.00,-14.00,0.00,0.00,24.00,0.00,0,182
355.05,1547728748,2654.00,51.51170746,7.45917852,148.92,0.00,0.00,130.22,0,-110.00,-14.00,0.00,0.00,24.00,0.00,0,492
355.05,1547728748,2654.00,51.51170746,7.45917852,148.92,0.00,0.00,130.22,0,-111.00,-16.00,0.00,0.00,24.00,0.00,0,180
355.05,1547728748,2654.00,51.51170746,7.45917852,148.92,0.00,0.00,130.22,0,-111.00,-13.00,0.00,0.00,21.00,0.00,0,212
355.05,1547728748,2654.00,51.51170746,7.45917852,148.92,0.00,0.00,130.22,0,-114.00,-13.00,0.00,0.00,22.00,0.00,0,210
355.05,1547728748,2654.00,51.51170746,7.45917852,148.92,0.00,0.00,130.22,0,-109.00,-10.00,0.00,0.00,24.00,0.00,0,487
355.05,1547728748,2654.00,51.51170746,7.45917852,148.92,0.00,0.00,130.22,0,-111.00,-13.00,0.00,0.00,24.00,0.00,0,482
356.05,1547728749,2654.00,51.51166988,7.45926467,148.80,0.00,0.00,129.63,0,-109.00,-14.00,0.00,0.00,24.00,0.00,0,182
356.05,1547728749,2654.00,51.51166988,7.45926467,148.80,0.00,0.00,129.63,0,-110.00,-14.00,0.00,0.00,24.00,0.00,0,492
356.05,1547728749,2654.00,51.51166988,7.45926467,148.80,0.00,0.00,129.63,0,-111.00,-16.00,0.00,0.00,24.00,0.00,0,180
356.05,1547728749,2654.00,51.51166988,7.45926467,148.80,0.00,0.00,129.63,0,-111.00,-13.00,0.00,0.00,21.00,0.00,0,212
356.05,1547728749,2654.00,51.51166988,7.45926467,148.80,0.00,0.00,129.63,0,-114.00,-13.00,0.00,0.00,22.00,0.00,0,210
356.05,1547728749,2654.00,51.51166988,7.45926467,148.80,0.00,0.00,129.63,0,-109.00,-10.00,0.00,0.00,24.00,0.00,0,487
356.05,1547728749,2654.00,51.51166988,7.45926467,148.80,0.00,0.00,129.63,0,-111.00,-13.00,0.00,0.00,24.00,0.00,0,482
357.05,1547728750,2654.01,51.51164317,7.45932353,147.54,4.84,0.00,128.29,0,-109.00,-15.00,0.00,0.00,24.00,0.00,0,182
357.05,1547728750,2654.02,51.51164317,7.45932353,147.54,4.84,0.00,128.29,0,-110.00,-15.00,0.00,0.00,25.00,0.00,0,492
357.05,1547728750,2654.02,51.51164317,7.45932353,147.54,4.84,0.00,128.29,0,-110.00,-15.00,0.00,0.00,24.00,0.00,0,212
357.05,1547728750,2654.02,51.51164317,7.45932353,147.54,4.84,0.00,128.29,0,-111.00,-15.00,0.00,0.00,24.00,0.00,0,210
357.05,1547728750,2654.03,51.51164317,7.45932353,147.54,4.84,0.00,128.29,0,-112.00,-17.00,0.00,0.00,25.00,0.00,0,180
357.05,1547728750,2654.03,51.51164317,7.45932353,147.54,4.84,0.00,128.29,0,-106.00,-11.00,0.00,0.00,25.00,0.00,0,487
357.05,1547728750,2654.03,51.51164317,7.45932353,147.54,4.84,0.00,128.29,0,-108.00,-13.00,0.00,0.00,26.00,0.00,0,482
358.05,1547728751,2658.85,51.51160077,7.45941826,146.76,6.43,0.00,127.16,0,-109.00,-15.00,0.00,0.00,24.00,0.00,0,182
358.05,1547728751,2658.86,51.51160077,7.45941826,146.76,6.43,0.00,127.16,0,-110.00,-15.00,0.00,0.00,25.00,0.00,0,492
358.05,1547728751,2658.86,51.51160077,7.45941826,146.76,6.43,0.00,127.16,0,-110.00,-15.00,0.00,0.00,24.00,0.00,0,212
358.05,1547728751,2658.87,51.51160077,7.45941826,146.76,6.43,0.00,127.16,0,-111.00,-15.00,0.00,0.00,24.00,0.00,0,210
358.05,1547728751,2658.87,51.51160077,7.45941826,146.76,6.43,0.00,127.16,0,-112.00,-17.00,0.00,0.00,25.00,0.00,0,180
358.05,1547728751,2658.87,51.51160077,7.45941826,146.76,6.43,0.00,127.16,0,-106.00,-11.00,0.00,0.00,25.00,0.00,0,487
358.05,1547728751,2658.88,51.51160077,7.45941826,146.76,6.43,0.00,127.16,0,-108.00,-13.00,0.00,0.00,26.00,0.00,0,482
359.05,1547728752,2665.29,51.51153601,7.45953434,146.50,6.43,0.00,127.65,0,-110.00,-14.00,0.00,0.00,23.00,0.00,0,492
359.05,1547728752,2665.29,51.51153601,7.45953434,146.50,6.43,0.00,127.65,0,-111.00,-13.00,0.00,0.00,21.00,0.00,0,210
359.05,1547728752,2665.30,51.51153601,7.45953434,146.50,6.43,0.00,127.65,0,-111.00,-12.00,0.00,0.00,22.00,0.00,0,212
359.05,1547728752,2665.30,51.51153601,7.45953434,146.50,6.43,0.00,127.65,0,-112.00,-14.00,0.00,0.00,23.00,0.00,0,182
359.05,1547728752,2665.30,51.51153601,7.45953434,146.50,6.43,0.00,127.65,0,-114.00,-17.00,0.00,0.00,23.00,0.00,0,180
359.05,1547728752,2665.31,51.51153601,7.45953434,146.50,6.43,0.00,127.65,0,-108.00,-13.00,0.00,0.00,26.00,0.00,0,482
359.05,1547728752,2665.31,51.51153601,7.45953434,146.50,6.43,0.00,127.65,0,-108.00,-16.00,0.00,0.00,27.00,0.00,0,64
360.05,1547728753,2671.73,51.51146067,7.45966933,146.37,10.03,0.00,126.28,0,-110.00,-14.00,0.00,0.00,23.00,0.00,0,492
360.05,1547728753,2671.74,51.51146067,7.45966933,146.37,10.03,0.00,126.28,0,-111.00,-13.00,0.00,0.00,21.00,0.00,0,210
360.05,1547728753,2671.74,51.51146067,7.45966933,146.37,10.03,0.00,126.28,0,-111.00,-12.00,0.00,0.00,22.00,0.00,0,212
360.05,1547728753,2671.75,51.51146067,7.45966933,146.37,10.03,0.00,126.28,0,-112.00,-14.00,0.00,0.00,23.00,0.00,0,182
360.05,1547728753,2671.76,51.51146067,7.45966933,146.37,10.03,0.00,126.28,0,-114.00,-17.00,0.00,0.00,23.00,0.00,0,180
360.05,1547728753,2671.76,51.51146067,7.45966933,146.37,10.03,0.00,126.28,0,-108.00,-13.00,0.00,0.00,26.00,0.00,0,482
360.05,1547728753,2671.77,51.51146067,7.45966933,146.37,10.03,0.00,126.28,0,-108.00,-16.00,0.00,0.00,27.00,0.00,0,64
361.05,1547728754,2681.75,51.51136769,7.45983196,145.84,12.86,0.00,127.02,0,-110.00,-10.00,0.00,0.00,19.00,0.00,0,210
361.05,1547728754,2681.76,51.51136769,7.45983196,145.84,12.86,0.00,127.02,0,-111.00,-12.00,0.00,0.00,19.00,0.00,0,212
361.05,1547728754,2681.78,51.51136769,7.45983196,145.84,12.86,0.00,127.02,0,-115.00,-16.00,0.00,0.00,20.00,0.00,0,182
361.05,1547728754,2681.78,51.51136769,7.45983196,145.84,12.86,0.00,127.02,0,-105.00,-9.00,0.00,0.00,24.00,0.00,0,487
361.05,1547728754,2681.79,51.51136769,7.45983196,145.84,12.86,0.00,127.02,0,-110.00,-18.00,0.00,0.00,29.00,0.00,0,70
362.04,1547728755,2694.52,51.51129250,7.46001017,145.84,13.80,0.00,129.00,0,-110.00,-10.00,0.00,0.00,19.00,0.00,0,210
362.04,1547728755,2694.54,51.51129250,7.46001017,145.84,13.80,0.00,129.00,0,-111.00,-12.00,0.00,0.00,19.00,0.00,0,212
362.04,1547728755,2694.54,51.51129250,7.46001017,145.84,13.80,0.00,129.00,0,-115.00,-16.00,0.00,0.00,20.00,0.00,0,182
362.04,1547728755,2694.55,51.51129250,7.46001017,145.84,13.80,0.00,129.00,0,-105.00,-9.00,0.00,0.00,24.00,0.00,0,487
362.04,1547728755,2694.55,51.51129250,7.46001017,145.84,13.80,0.00,129.00,0,-110.00,-18.00,0.00,0.00,29.00,0.00,0,70
363.04,1547728756,2708.32,51.51121356,7.46017931,145.85,13.69,0.00,130.60,0,-112.00,-18.00,0.00,0.00,26.00,0.00,0,212
363.04,1547728756,2708.34,51.51121356,7.46017931,145.85,13.69,0.00,130.60,0,-98.00,-12.00,0.00,0.00,33.00,0.00,0,323
363.04,1547728756,2708.34,51.51121356,7.46017931,145.85,13.69,0.00,130.60,0,-103.00,-16.00,0.00,0.00,33.00,0.00,0,321
364.04,1547728757,2722.06,51.51112883,7.46034913,146.35,14.44,0.00,131.58,0,-112.00,-18.00,0.00,0.00,26.00,0.00,0,212
364.04,1547728757,2722.06,51.51112883,7.46034913,146.35,14.44,0.00,131.58,0,-98.00,-12.00,0.00,0.00,33.00,0.00,0,323
364.04,1547728757,2722.07,51.51112883,7.46034913,146.35,14.44,0.00,131.58,0,-103.00,-16.00,0.00,0.00,33.00,0.00,0,321
365.05,1547728758,2736.57,51.51103217,7.46050889,148.35,14.62,0.00,132.04,0,-110.00,-16.00,0.00,0.00,25.00,0.00,0,493
365.05,1547728758,2736.58,51.51103217,7.46050889,148.35,14.62,0.00,132.04,0,-112.00,-17.00,0.00,0.00,24.00,0.00,0,212
365.05,1547728758,2736.58,51.51103217,7.46050889,148.35,14.62,0.00,132.04,0,-99.00,-13.00,0.00,0.00,34.00,0.00,0,218
365.05,1547728758,2736.58,51.51103217,7.46050889,148.35,14.62,0.00,132.04,0,-105.00,-18.00,0.00,0.00,34.00,0.00,0,216
366.04,1547728759,2751.10,51.51093242,7.46067120,151.11,14.65,0.00,132.57,0,-110.00,-16.00,0.00,0.00,25.00,0.00,0,493
366.04,1547728759,2751.11,51.51093242,7.46067120,151.11,14.65,0.00,132.57,0,-112.00,-17.00,0.00,0.00,24.00,0.00,0,212
366.04,1547728759,2751.11,51.51093242,7.46067120,151.11,14.65,0.00,132.57,0,-99.00,-13.00,0.00,0.00,34.00,0.00,0,218
366.04,1547728759,2751.11,51.51093242,7.46067120,151.11,14.65,0.00,132.57,0,-105.00,-18.00,0.00,0.00,34.00,0.00,0,216
367.05,1547728760,2765.82,51.51084354,7.46082878,152.40,14.21,0.00,131.69,0,-110.00,-16.00,0.00,0.00,25.00,0.00,0,493
367.05,1547728760,2765.83,51.51084354,7.46082878,152.40,14.21,0.00,131.69,0,-112.00,-17.00,0.00,0.00,24.00,0.00,0,212
367.05,1547728760,2765.83,51.51084354,7.46082878,152.40,14.21,0.00,131.69,0,-99.00,-13.00,0.00,0.00,34.00,0.00,0,218
367.05,1547728760,2765.86,51.51084354,7.46082878,152.40,14.21,0.00,131.69,0,-105.00,-18.00,0.00,0.00,34.00,0.00,0,216
368.04,1547728761,2780.02,51.51076217,7.46098704,151.96,13.98,0.00,132.19,0,-104.00,-9.00,0.00,0.00,24.00,0.00,0,493
368.05,1547728761,2780.03,51.51076217,7.46098704,151.96,13.98,0.00,132.19,0,-98.00,-10.00,0.00,0.00,32.00,0.00,0,218
368.05,1547728761,2780.05,51.51076217,7.46098704,151.96,13.98,0.00,132.19,0,-104.00,-15.00,0.00,0.00,32.00,0.00,0,216
369.04,1547728762,2793.99,51.51068156,7.46113640,151.02,13.71,0.00,133.27,0,-104.00,-9.00,0.00,0.00,24.00,0.00,0,493
369.05,1547728762,2794.01,51.51068156,7.46113640,151.02,13.71,0.00,133.27,0,-98.00,-10.00,0.00,0.00,32.00,0.00,0,218
369.05,1547728762,2794.01,51.51068156,7.46113640,151.02,13.71,0.00,133.27,0,-104.00,-15.00,0.00,0.00,32.00,0.00,0,216
370.10,1547728763,2808.38,51.51059745,7.46128588,150.22,13.44,0.00,132.71,0,-97.00,-11.00,0.00,0.00,34.00,0.00,0,218
371.04,1547728764,2821.07,51.51051627,7.46143470,149.64,12.96,0.00,132.09,0,-97.00,-11.00,0.00,0.00,34.00,0.00,0,218
372.04,1547728765,2834.06,51.51044365,7.46156498,149.38,11.35,0.00,132.93,0,-106.00,-14.00,0.00,0.00,34.00,0.00,0,493
372.04,1547728765,2834.07,51.51044365,7.46156498,149.38,11.35,0.00,132.93,0,-106.00,-16.00,0.00,0.00,33.00,0.00,0,212
372.04,1547728765,2834.07,51.51044365,7.46156498,149.38,11.35,0.00,132.93,0,-96.00,-11.00,0.00,0.00,36.00,0.00,0,218
372.04,1547728765,2834.08,51.51044365,7.46156498,149.38,11.35,0.00,132.93,0,-100.00,-17.00,0.00,0.00,36.00,0.00,0,216
373.04,1547728766,2845.39,51.51038045,7.46166967,149.74,9.53,0.00,132.24,0,-106.00,-14.00,0.00,0.00,34.00,0.00,0,493
373.04,1547728766,2845.40,51.51038045,7.46166967,149.74,9.53,0.00,132.24,0,-106.00,-16.00,0.00,0.00,33.00,0.00,0,212
373.04,1547728766,2845.40,51.51038045,7.46166967,149.74,9.53,0.00,132.24,0,-96.00,-11.00,0.00,0.00,36.00,0.00,0,218
373.04,1547728766,2845.40,51.51038045,7.46166967,149.74,9.53,0.00,132.24,0,-100.00,-17.00,0.00,0.00,36.00,0.00,0,216
374.04,1547728767,2854.96,51.51033281,7.46174705,149.65,7.41,0.00,132.55,0,-105.00,-11.00,0.00,0.00,25.00,0.00,0,212
374.05,1547728767,2854.97,51.51033281,7.46174705,149.65,7.41,0.00,132.55,0,-107.00,-10.00,0.00,0.00,22.00,0.00,0,493
374.05,1547728767,2854.97,51.51033281,7.46174705,149.65,7.41,0.00,132.55,0,-97.00,-11.00,0.00,0.00,36.00,0.00,0,218
375.04,1547728768,2862.37,51.51029033,7.46179956,150.24,5.46,0.00,132.99,0,-105.00,-11.00,0.00,0.00,25.00,0.00,0,212
375.05,1547728768,2862.37,51.51029033,7.46179956,150.24,5.46,0.00,132.99,0,-107.00,-10.00,0.00,0.00,22.00,0.00,0,493
375.05,1547728768,2862.37,51.51029033,7.46179956,150.24,5.46,0.00,132.99,0,-97.00,-11.00,0.00,0.00,36.00,0.00,0,218
376.04,1547728769,2867.78,51.51026336,7.46184274,150.30,3.83,0.00,130.16,0,-98.00,-13.00,0.00,0.00,35.00,0.00,0,218
377.04,1547728770,2871.63,51.51024296,7.46188625,150.40,3.03,0.00,127.60,0,-98.00,-13.00,0.00,0.00,35.00,0.00,0,218
378.04,1547728771,2874.65,51.51023273,7.46190759,150.47,1.18,0.00,128.60,0,-99.00,-13.00,0.00,0.00,34.00,0.00,0,218
379.04,1547728772,2875.83,51.51023265,7.46190761,150.40,0.42,0.00,128.60,0,-99.00,-13.00,0.00,0.00,34.00,0.00,0,218
380.04,1547728773,2876.25,51.51023265,7.46190761,150.40,0.00,0.00,128.60,0,-106.00,-9.00,0.00,0.00,23.00,0.00,0,493
381.04,1547728774,2876.25,51.51023265,7.46190761,150.39,0.00,0.00,128.60,0,-106.00,-9.00,0.00,0.00,23.00,0.00,0,493
384.04,1547728777,2876.25,51.51023265,7.46190761,150.32,0.00,0.00,128.60,0,-106.00,-11.00,0.00,0.00,27.00,0.00,0,493
385.04,1547728778,2876.25,51.51023265,7.46190761,150.28,0.00,0.00,128.60,0,-106.00,-11.00,0.00,0.00,27.00,0.00,0,493
399.04,1547728792,2876.25,51.51023265,7.46190761,150.13,0.00,0.00,128.60,0,-97.00,-17.00,0.00,0.00,39.00,0.00,0,216
400.04,1547728793,2876.25,51.51023265,7.46190761,150.14,0.00,0.00,128.60,0,-97.00,-17.00,0.00,0.00,39.00,0.00,0,216
412.04,1547728805,2876.25,51.51018180,7.46199357,150.81,0.00,0.00,128.36,0,-105.00,-19.00,0.00,0.00,34.00,0.00,0,212
413.04,1547728806,2876.26,51.51015709,7.46205202,151.19,4.38,0.00,125.88,0,-105.00,-19.00,0.00,0.00,34.00,0.00,0,212
414.04,1547728807,2880.64,51.51012533,7.46212435,151.80,5.60,0.00,123.42,0,-106.00,-13.00,0.00,0.00,28.00,0.00,0,493
414.04,1547728807,2880.65,51.51012533,7.46212435,151.80,5.60,0.00,123.42,0,-106.00,-16.00,0.00,0.00,30.00,0.00,0,212
414.04,1547728807,2880.65,51.51012533,7.46212435,151.80,5.60,0.00,123.42,0,-97.00,-16.00,0.00,0.00,40.00,0.00,0,218
415.04,1547728808,2886.26,51.51009529,7.46222043,151.81,5.60,0.00,123.42,0,-106.00,-13.00,0.00,0.00,28.00,0.00,0,493
415.04,1547728808,2886.26,51.51009529,7.46222043,151.81,5.60,0.00,123.42,0,-106.00,-16.00,0.00,0.00,30.00,0.00,0,212
415.04,1547728808,2886.27,51.51009529,7.46222043,151.81,5.60,0.00,123.42,0,-97.00,-16.00,0.00,0.00,40.00,0.00,0,218
416.04,1547728809,2891.86,51.51007473,7.46233014,151.49,7.88,0.00,116.25,0,-102.00,-14.00,0.00,0.00,31.00,0.00,0,212
417.04,1547728810,2899.74,51.51005712,7.46244318,151.58,7.98,0.00,115.83,0,-102.00,-14.00,0.00,0.00,31.00,0.00,0,212
420.04,1547728813,2924.70,51.50998416,7.46279360,152.84,8.84,0.00,102.69,0,-97.00,-11.00,0.00,0.00,34.00,0.00,0,212
421.04,1547728814,2933.55,51.50997229,7.46290979,152.63,8.46,0.00,101.30,0,-97.00,-11.00,0.00,0.00,34.00,0.00,0,212
424.04,1547728817,2957.36,51.50993783,7.46327505,153.10,8.06,0.00,98.24,0,-113.00,-19.00,0.00,0.00,26.00,0.00,0,212
424.04,1547728817,2957.36,51.50993783,7.46327505,153.10,8.06,0.00,98.24,0,-113.00,-20.00,0.00,0.00,26.00,0.00,0,493
425.04,1547728818,2965.42,51.50993280,7.46339880,152.91,7.90,0.00,97.45,0,-113.00,-19.00,0.00,0.00,26.00,0.00,0,212
425.04,1547728818,2965.42,51.50993280,7.46339880,152.91,7.90,0.00,97.45,0,-113.00,-20.00,0.00,0.00,26.00,0.00,0,493
426.04,1547728819,2973.33,51.50992985,7.46351305,152.95,7.61,0.00,94.93,0,-114.00,-15.00,0.00,0.00,20.00,0.00,0,486
426.04,1547728819,2973.34,51.50992985,7.46351305,152.95,7.61,0.00,94.93,0,-114.00,-13.00,0.00,0.00,18.00,0.00,0,493
426.04,1547728819,2973.34,51.50992985,7.46351305,152.95,7.61,0.00,94.93,0,-116.00,-17.00,0.00,0.00,20.00,0.00,0,212
427.04,1547728820,2980.94,51.50992647,7.46362125,153.39,7.01,0.00,93.43,0,-114.00,-15.00,0.00,0.00,20.00,0.00,0,486
427.04,1547728820,2980.95,51.50992647,7.46362125,153.39,7.01,0.00,93.43,0,-114.00,-13.00,0.00,0.00,18.00,0.00,0,493
427.04,1547728820,2980.95,51.50992647,7.46362125,153.39,7.01,0.00,93.43,0,-116.00,-17.00,0.00,0.00,20.00,0.00,0,212
428.05,1547728821,2988.00,51.50992406,7.46372971,154.13,6.98,0.00,92.35,0,-115.00,-14.00,0.00,0.00,18.00,0.00,0,493
429.04,1547728822,2994.92,51.50992319,7.46383965,155.25,6.69,0.00,91.54,0,-115.00,-14.00,0.00,0.00,18.00,0.00,0,493
430.07,1547728823,3001.81,51.50992127,7.46392488,156.70,5.09,0.00,93.52,0,-113.00,-14.00,0.00,0.00,21.00,0.00,0,486
430.07,1547728823,3001.81,51.50992127,7.46392488,156.70,5.09,0.00,93.52,0,-113.00,-10.00,0.00,0.00,16.00,0.00,0,493
431.04,1547728824,3006.76,51.50991177,7.46398693,156.83,3.92,0.00,106.09,0,-113.00,-14.00,0.00,0.00,21.00,0.00,0,486
431.04,1547728824,3006.76,51.50991177,7.46398693,156.83,3.92,0.00,106.09,0,-113.00,-10.00,0.00,0.00,16.00,0.00,0,493
432.04,1547728825,3010.65,51.50991326,7.46404812,156.95,3.45,0.00,88.73,0,-113.00,-14.00,0.00,0.00,21.00,0.00,0,486
432.04,1547728825,3010.65,51.50991326,7.46404812,156.95,3.45,0.00,88.73,0,-113.00,-10.00,0.00,0.00,16.00,0.00,0,493
435.04,1547728828,3023.19,51.50991320,7.46439524,158.83,6.61,0.00,93.82,0,-110.00,-15.00,0.00,0.00,22.00,0.00,0,212
435.04,1547728828,3023.20,51.50991320,7.46439524,158.83,6.61,0.00,93.82,0,-113.00,-15.00,0.00,0.00,22.00,0.00,0,486
436.04,1547728829,3029.81,51.50991451,7.46452258,160.02,8.27,0.00,93.18,0,-110.00,-15.00,0.00,0.00,22.00,0.00,0,212
436.04,1547728829,3029.82,51.50991451,7.46452258,160.02,8.27,0.00,93.18,0,-113.00,-15.00,0.00,0.00,22.00,0.00,0,486
439.04,1547728832,3054.95,51.50991094,7.46487467,161.44,6.78,0.00,95.54,0,-114.00,-14.00,0.00,0.00,20.00,0.00,0,493
440.04,1547728833,3061.73,51.50985970,7.46194440,160.94,6.78,0.00,94.42,0,-114.00,-14.00,0.00,0.00,20.00,0.00,0,493
441.04,1547728834,3068.53,51.50990151,7.46514806,160.27,8.84,0.00,98.17,0,-115.00,-15.00,0.00,0.00,19.00,0.00,0,493
442.04,1547728835,3077.37,51.50989276,7.46529020,159.49,8.62,0.00,98.71,0,-115.00,-15.00,0.00,0.00,19.00,0.00,0,493
443.04,1547728836,3085.99,51.50988864,7.46544114,159.44,8.38,0.00,97.87,0,-110.00,-10.00,0.00,0.00,19.00,0.00,0,493
444.04,1547728837,3094.37,51.50989666,7.46562458,158.93,8.38,0.00,97.75,0,-110.00,-10.00,0.00,0.00,19.00,0.00,0,493
445.04,1547728838,3102.74,51.50989261,7.46577912,158.79,9.92,0.00,97.98,0,-110.00,-9.00,0.00,0.00,18.00,0.00,0,493
446.04,1547728839,3112.67,51.50988805,7.46594437,158.49,10.10,0.00,96.65,0,-110.00,-9.00,0.00,0.00,18.00,0.00,0,493
447.04,1547728840,3122.77,51.50987499,7.46610816,158.85,9.61,0.00,97.81,0,-95.00,-13.00,0.00,0.00,37.00,0.00,0,326
448.04,1547728841,3132.38,51.50986576,7.46630062,158.96,11.72,0.00,96.72,0,-95.00,-13.00,0.00,0.00,37.00,0.00,0,326
449.04,1547728842,3144.10,51.50985479,7.46650568,159.01,11.72,0.00,97.09,0,-106.00,-10.00,0.00,0.00,24.00,0.00,0,203
449.04,1547728842,3144.11,51.50985479,7.46650568,159.01,11.72,0.00,97.09,0,-94.00,-13.00,0.00,0.00,40.00,0.00,0,326
450.04,1547728843,3155.84,51.50986133,7.46668484,158.92,12.26,0.00,94.31,0,-106.00,-10.00,0.00,0.00,24.00,0.00,0,203
450.04,1547728843,3155.85,51.50986133,7.46668484,158.92,12.26,0.00,94.31,0,-94.00,-13.00,0.00,0.00,40.00,0.00,0,326
