0.03,1547802461,0.01,51.50978188,7.46721004,149.47,12.95,0.00,92.65,0,-89.00,-8.00,0.00,0.00,50.00,0.00,0,324
0.03,1547802461,0.01,51.50978188,7.46721004,149.47,12.95,0.00,92.65,0,-64.00,-5.00,0.00,0.00,63.00,0.00,0,138
1.03,1547802462,13.03,51.50977666,7.46740667,149.27,12.57,0.00,94.05,0,-89.00,-8.00,0.00,0.00,50.00,0.00,0,324
1.03,1547802462,13.03,51.50977666,7.46740667,149.27,12.57,0.00,94.05,0,-64.00,-5.00,0.00,0.00,63.00,0.00,0,138
2.03,1547802463,25.58,51.50976843,7.46760169,148.87,12.70,0.00,95.46,0,-66.00,-5.00,0.00,0.00,63.00,0.00,0,138
3.03,1547802464,38.29,51.50975905,7.46778870,148.36,13.09,0.00,95.88,0,-66.00,-5.00,0.00,0.00,63.00,0.00,0,138
4.03,1547802465,51.38,51.50975745,7.46798545,148.12,12.76,0.00,95.18,0,-70.00,-5.00,0.00,0.00,63.00,0.00,0,138
5.03,1547802466,64.14,51.50975386,7.46814775,148.04,12.50,0.00,93.22,0,-70.00,-5.00,0.00,0.00,63.00,0.00,0,138
6.03,1547802467,76.65,51.50976247,7.46831362,147.75,12.18,0.00,90.60,0,-97.00,-11.00,0.00,0.00,45.00,0.00,0,326
6.03,1547802467,76.67,51.50976247,7.46831362,147.75,12.18,0.00,90.60,0,-71.00,-6.00,0.00,0.00,63.00,0.00,0,138
7.03,1547802468,88.83,51.50977671,7.46849753,147.52,12.24,0.00,87.72,0,-97.00,-11.00,0.00,0.00,45.00,0.00,0,326
7.03,1547802468,88.83,51.50977671,7.46849753,147.52,12.24,0.00,87.72,0,-71.00,-6.00,0.00,0.00,63.00,0.00,0,138
8.03,1547802469,101.06,51.50979198,7.46867124,147.42,12.76,0.00,85.17,0,-75.00,-6.00,0.00,0.00,61.00,0.00,0,138
9.03,1547802470,113.82,51.50983475,7.46885393,147.48,13.19,0.00,70.41,0,-75.00,-6.00,0.00,0.00,61.00,0.00,0,138
10.03,1547802471,127.03,51.50989040,7.46902889,147.43,14.09,0.00,66.48,0,-100.00,-10.00,0.00,0.00,42.00,0.00,0,374
10.03,1547802471,127.04,51.50989040,7.46902889,147.43,14.09,0.00,66.48,0,-75.00,-6.00,0.00,0.00,61.00,0.00,0,138
11.03,1547802472,141.04,51.50995852,7.46923664,147.63,13.76,0.00,63.93,0,-100.00,-10.00,0.00,0.00,42.00,0.00,0,374
11.03,1547802472,141.04,51.50995852,7.46923664,147.63,13.76,0.00,63.93,0,-75.00,-6.00,0.00,0.00,61.00,0.00,0,138
12.03,1547802473,154.81,51.51001648,7.46939897,147.92,13.86,0.00,62.02,0,-100.00,-13.00,0.00,0.00,46.00,0.00,0,374
12.03,1547802473,154.83,51.51001648,7.46939897,147.92,13.86,0.00,62.02,0,-100.00,-13.00,0.00,0.00,45.00,0.00,0,324
12.03,1547802473,154.83,51.51001648,7.46939897,147.92,13.86,0.00,62.02,0,-73.00,-5.00,0.00,0.00,62.00,0.00,0,138
13.03,1547802474,168.74,51.51007711,7.46955049,147.88,14.24,0.00,60.38,0,-100.00,-13.00,0.00,0.00,46.00,0.00,0,374
13.03,1547802474,168.76,51.51007711,7.46955049,147.88,14.24,0.00,60.38,0,-100.00,-13.00,0.00,0.00,45.00,0.00,0,324
13.04,1547802474,168.77,51.51007711,7.46955049,147.88,14.24,0.00,60.38,0,-73.00,-5.00,0.00,0.00,62.00,0.00,0,138
16.03,1547802477,211.55,51.51028595,7.47006226,146.61,14.27,0.00,59.06,0,-84.00,-7.00,0.00,0.00,53.00,0.00,0,138
17.03,1547802478,225.82,51.51036692,7.47024308,146.21,14.37,0.00,57.78,0,-84.00,-7.00,0.00,0.00,53.00,0.00,0,138
18.03,1547802479,240.17,51.51044241,7.47040918,145.99,13.43,0.00,56.64,0,-87.00,-8.00,0.00,0.00,51.00,0.00,0,138
19.03,1547802480,253.62,51.51052041,7.47056071,145.73,13.05,0.00,54.29,0,-87.00,-8.00,0.00,0.00,51.00,0.00,0,138
20.04,1547802481,266.80,51.51059556,7.47068190,145.92,10.75,0.00,52.24,0,-86.00,-9.00,0.00,0.00,54.00,0.00,0,138
21.03,1547802482,277.46,51.51066382,7.47078642,146.07,8.85,0.00,49.23,0,-86.00,-9.00,0.00,0.00,54.00,0.00,0,138
22.03,1547802483,286.24,51.51072635,7.47086590,146.14,7.49,0.00,46.53,0,-86.00,-9.00,0.00,0.00,54.00,0.00,0,138
23.03,1547802484,293.74,51.51078138,7.47092799,146.43,6.04,0.00,45.33,0,-89.00,-11.00,0.00,0.00,53.00,0.00,0,152
23.03,1547802484,293.74,51.51078138,7.47092799,146.43,6.04,0.00,45.33,0,-92.00,-13.00,0.00,0.00,53.00,0.00,0,138
24.03,1547802485,299.78,51.51081656,7.47096818,146.33,4.86,0.00,43.56,0,-89.00,-11.00,0.00,0.00,53.00,0.00,0,152
24.03,1547802485,299.78,51.51081656,7.47096818,146.33,4.86,0.00,43.56,0,-92.00,-13.00,0.00,0.00,53.00,0.00,0,138
25.03,1547802486,304.66,51.51085054,7.47100227,146.32,3.76,0.00,42.47,0,-91.00,-11.00,0.00,0.00,51.00,0.00,0,152
25.03,1547802486,304.66,51.51085054,7.47100227,146.32,3.76,0.00,42.47,0,-93.00,-12.00,0.00,0.00,51.00,0.00,0,138
26.03,1547802487,308.41,51.51087255,7.47102108,146.32,1.73,0.00,41.18,0,-91.00,-11.00,0.00,0.00,51.00,0.00,0,152
26.03,1547802487,308.42,51.51087255,7.47102108,146.32,1.73,0.00,41.18,0,-93.00,-12.00,0.00,0.00,51.00,0.00,0,138
27.03,1547802488,310.14,51.51087255,7.47102108,146.32,0.00,0.00,41.18,0,-90.00,-11.00,0.00,0.00,51.00,0.00,0,152
27.03,1547802488,310.14,51.51087255,7.47102108,146.32,0.00,0.00,41.18,0,-93.00,-14.00,0.00,0.00,51.00,0.00,0,150
28.03,1547802489,310.14,51.51087255,7.47102108,146.32,0.00,0.00,41.18,0,-90.00,-11.00,0.00,0.00,51.00,0.00,0,152
28.03,1547802489,310.14,51.51087255,7.47102108,146.32,0.00,0.00,41.18,0,-93.00,-14.00,0.00,0.00,51.00,0.00,0,150
29.03,1547802490,310.14,51.51087255,7.47102108,146.33,0.00,0.00,41.18,0,-90.00,-10.00,0.00,0.00,50.00,0.00,0,152
29.03,1547802490,310.14,51.51087255,7.47102108,146.33,0.00,0.00,41.18,0,-93.00,-11.00,0.00,0.00,50.00,0.00,0,138
30.03,1547802491,310.14,51.51087255,7.47102108,146.34,0.00,0.00,41.18,0,-90.00,-10.00,0.00,0.00,50.00,0.00,0,152
30.03,1547802491,310.14,51.51087255,7.47102108,146.34,0.00,0.00,41.18,0,-93.00,-11.00,0.00,0.00,50.00,0.00,0,138
31.04,1547802492,310.14,51.51087255,7.47102108,146.36,0.00,0.00,41.18,0,-92.00,-11.00,0.00,0.00,50.00,0.00,0,152
31.04,1547802492,310.14,51.51087255,7.47102108,146.36,0.00,0.00,41.18,0,-94.00,-12.00,0.00,0.00,50.00,0.00,0,138
32.03,1547802493,310.14,51.51087255,7.47102108,146.38,0.00,0.00,41.18,0,-92.00,-11.00,0.00,0.00,50.00,0.00,0,152
32.03,1547802493,310.14,51.51087255,7.47102108,146.38,0.00,0.00,41.18,0,-94.00,-12.00,0.00,0.00,50.00,0.00,0,138
33.03,1547802494,310.14,51.51087255,7.47102108,146.40,0.00,0.00,41.18,0,-92.00,-11.00,0.00,0.00,49.00,0.00,0,152
33.03,1547802494,310.14,51.51087255,7.47102108,146.40,0.00,0.00,41.18,0,-93.00,-12.00,0.00,0.00,49.00,0.00,0,138
34.03,1547802495,310.14,51.51087255,7.47102108,146.42,0.00,0.00,41.18,0,-92.00,-11.00,0.00,0.00,49.00,0.00,0,152
34.03,1547802495,310.14,51.51087255,7.47102108,146.42,0.00,0.00,41.18,0,-93.00,-12.00,0.00,0.00,49.00,0.00,0,138
35.03,1547802496,310.14,51.51087255,7.47102108,146.44,0.00,0.00,41.18,0,-91.00,-10.00,0.00,0.00,50.00,0.00,0,152
35.03,1547802496,310.14,51.51087255,7.47102108,146.44,0.00,0.00,41.18,0,-93.00,-12.00,0.00,0.00,50.00,0.00,0,138
36.03,1547802497,310.14,51.51087255,7.47102108,146.46,0.00,0.00,41.18,0,-91.00,-10.00,0.00,0.00,50.00,0.00,0,152
36.03,1547802497,310.14,51.51087255,7.47102108,146.46,0.00,0.00,41.18,0,-93.00,-12.00,0.00,0.00,50.00,0.00,0,138
37.03,1547802498,310.14,51.51198500,7.47287870,146.48,0.00,0.00,41.18,0,-90.00,-11.00,0.00,0.00,51.00,0.00,0,152
37.03,1547802498,310.14,51.51198500,7.47287870,146.48,0.00,0.00,41.18,0,-93.00,-13.00,0.00,0.00,51.00,0.00,0,138
38.03,1547802499,310.14,51.51087255,7.47102108,146.50,0.00,0.00,41.18,0,-90.00,-11.00,0.00,0.00,51.00,0.00,0,152
38.03,1547802499,310.14,51.51087255,7.47102108,146.50,0.00,0.00,41.18,0,-93.00,-13.00,0.00,0.00,51.00,0.00,0,138
39.03,1547802500,310.14,51.51087255,7.47102108,146.52,0.00,0.00,41.18,0,-90.00,-10.00,0.00,0.00,50.00,0.00,0,152
39.03,1547802500,310.14,51.51087255,7.47102108,146.52,0.00,0.00,41.18,0,-94.00,-13.00,0.00,0.00,50.00,0.00,0,138
40.03,1547802501,310.14,51.51087255,7.47102108,146.54,0.00,0.00,41.18,0,-90.00,-10.00,0.00,0.00,50.00,0.00,0,152
40.03,1547802501,310.14,51.51087255,7.47102108,146.54,0.00,0.00,41.18,0,-94.00,-13.00,0.00,0.00,50.00,0.00,0,138
41.03,1547802502,310.14,51.51087255,7.47102108,146.56,0.00,0.00,41.18,0,-90.00,-10.00,0.00,0.00,50.00,0.00,0,152
41.03,1547802502,310.14,51.51087255,7.47102108,146.56,0.00,0.00,41.18,0,-94.00,-13.00,0.00,0.00,50.00,0.00,0,138
42.03,1547802503,310.14,51.51087255,7.47102108,146.58,0.00,0.00,41.18,0,-90.00,-10.00,0.00,0.00,50.00,0.00,0,152
42.03,1547802503,310.14,51.51087255,7.47102108,146.58,0.00,0.00,41.18,0,-94.00,-13.00,0.00,0.00,50.00,0.00,0,138
43.03,1547802504,310.14,51.51087255,7.47102108,146.60,0.00,0.00,41.18,0,-90.00,-10.00,0.00,0.00,50.00,0.00,0,152
43.03,1547802504,310.14,51.51087255,7.47102108,146.60,0.00,0.00,41.18,0,-94.00,-13.00,0.00,0.00,50.00,0.00,0,138
44.03,1547802505,310.14,51.51087255,7.47102108,146.62,0.00,0.00,41.18,0,-91.00,-10.00,0.00,0.00,50.00,0.00,0,152
44.03,1547802505,310.14,51.51087255,7.47102108,146.62,0.00,0.00,41.18,0,-94.00,-14.00,0.00,0.00,50.00,0.00,0,150
45.03,1547802506,310.14,51.51087255,7.47102108,146.64,0.00,0.00,41.18,0,-91.00,-10.00,0.00,0.00,50.00,0.00,0,152
45.03,1547802506,310.14,51.51087255,7.47102108,146.64,0.00,0.00,41.18,0,-94.00,-14.00,0.00,0.00,50.00,0.00,0,150
46.03,1547802507,310.14,51.51087255,7.47102108,146.81,0.00,0.00,44.93,0,-90.00,-9.00,0.00,0.00,50.00,0.00,0,152
46.03,1547802507,310.14,51.51087255,7.47102108,146.81,0.00,0.00,44.93,0,-94.00,-14.00,0.00,0.00,50.00,0.00,0,150
47.03,1547802508,310.14,51.51093177,7.47109504,146.93,0.00,0.00,44.53,0,-90.00,-9.00,0.00,0.00,50.00,0.00,0,152
47.03,1547802508,310.14,51.51093177,7.47109504,146.93,0.00,0.00,44.53,0,-94.00,-14.00,0.00,0.00,50.00,0.00,0,150
48.03,1547802509,310.16,51.51098409,7.47115957,147.81,7.27,0.00,42.56,0,-90.00,-11.00,0.00,0.00,52.00,0.00,0,152
49.03,1547802510,317.42,51.51102877,7.47121674,148.14,7.74,0.00,41.70,0,-90.00,-11.00,0.00,0.00,52.00,0.00,0,152
50.03,1547802511,325.18,51.51108543,7.47128642,148.07,9.01,0.00,40.84,0,-91.00,-12.00,0.00,0.00,52.00,0.00,0,152
50.03,1547802511,325.18,51.51108543,7.47128642,148.07,9.01,0.00,40.84,0,-92.00,-14.00,0.00,0.00,52.00,0.00,0,150
51.03,1547802512,334.16,51.51115283,7.47137005,148.03,9.86,0.00,41.78,0,-91.00,-12.00,0.00,0.00,52.00,0.00,0,152
51.03,1547802512,334.16,51.51115283,7.47137005,148.03,9.86,0.00,41.78,0,-92.00,-14.00,0.00,0.00,52.00,0.00,0,150
52.03,1547802513,344.03,51.51122216,7.47145982,147.69,10.49,0.00,40.97,0,-88.00,-10.00,0.00,0.00,53.00,0.00,0,152
53.03,1547802514,354.51,51.51130116,7.47155782,147.48,10.90,0.00,40.43,0,-88.00,-10.00,0.00,0.00,53.00,0.00,0,152
54.03,1547802515,365.43,51.51137896,7.47165700,146.81,11.33,0.00,40.04,0,-87.00,-10.00,0.00,0.00,53.00,0.00,0,152
55.03,1547802516,376.76,51.51146301,7.47175837,146.46,11.34,0.00,39.82,0,-87.00,-10.00,0.00,0.00,53.00,0.00,0,152
58.03,1547802519,411.09,51.51170658,7.47206185,144.58,11.61,0.00,38.54,0,-86.00,-10.00,0.00,0.00,54.00,0.00,0,152
59.03,1547802520,422.70,51.51178590,7.47216646,143.96,11.41,0.00,39.24,0,-86.00,-10.00,0.00,0.00,54.00,0.00,0,152
60.03,1547802521,434.11,51.51186768,7.47227266,143.59,11.36,0.00,38.90,0,-86.00,-10.00,0.00,0.00,55.00,0.00,0,152
60.03,1547802521,434.12,51.51186768,7.47227266,143.59,11.36,0.00,38.90,0,-89.00,-14.00,0.00,0.00,55.00,0.00,0,150
61.03,1547802522,445.45,51.51194386,7.47237753,143.07,11.59,0.00,39.22,0,-86.00,-10.00,0.00,0.00,55.00,0.00,0,152
61.03,1547802522,445.46,51.51194386,7.47237753,143.07,11.59,0.00,39.22,0,-89.00,-14.00,0.00,0.00,55.00,0.00,0,150
62.04,1547802523,457.12,51.51202495,7.47248277,142.48,12.06,0.00,38.28,0,-87.00,-14.00,0.00,0.00,57.00,0.00,0,152
62.04,1547802523,457.12,51.51202495,7.47248277,142.48,12.06,0.00,38.28,0,-88.00,-13.00,0.00,0.00,56.00,0.00,0,150
63.03,1547802524,469.12,51.51211606,7.47258736,141.92,11.87,0.00,36.13,0,-87.00,-14.00,0.00,0.00,57.00,0.00,0,152
63.03,1547802524,469.12,51.51211606,7.47258736,141.92,11.87,0.00,36.13,0,-88.00,-13.00,0.00,0.00,56.00,0.00,0,150
64.03,1547802525,480.96,51.51221096,7.47267309,141.79,11.99,0.00,32.02,0,-87.00,-14.00,0.00,0.00,57.00,0.00,0,152
64.03,1547802525,480.96,51.51221096,7.47267309,141.79,11.99,0.00,32.02,0,-88.00,-13.00,0.00,0.00,56.00,0.00,0,150
65.03,1547802526,492.98,51.51231161,7.47271499,141.47,11.82,0.00,16.02,0,-80.00,-10.00,0.00,0.00,63.00,0.00,0,152
65.03,1547802526,493.00,51.51231161,7.47271499,141.47,11.82,0.00,16.02,0,-82.00,-12.00,0.00,0.00,63.00,0.00,0,150
66.03,1547802527,504.79,51.51241898,7.47275702,141.08,11.00,0.00,14.34,0,-80.00,-10.00,0.00,0.00,63.00,0.00,0,152
66.03,1547802527,504.80,51.51241898,7.47275702,141.08,11.00,0.00,14.34,0,-82.00,-12.00,0.00,0.00,63.00,0.00,0,150
67.03,1547802528,515.79,51.51251418,7.47278637,140.63,11.64,0.00,11.49,0,-80.00,-9.00,0.00,0.00,59.00,0.00,0,150
67.03,1547802528,515.80,51.51251418,7.47278637,140.63,11.64,0.00,11.49,0,-81.00,-10.00,0.00,0.00,59.00,0.00,0,152
68.03,1547802529,527.42,51.51261589,7.47280389,139.98,11.34,0.00,8.62,0,-80.00,-9.00,0.00,0.00,59.00,0.00,0,150
68.03,1547802529,527.43,51.51261589,7.47280389,139.98,11.34,0.00,8.62,0,-81.00,-10.00,0.00,0.00,59.00,0.00,0,152
69.03,1547802530,538.76,51.51271602,7.47281703,139.47,11.51,0.00,6.76,0,-82.00,-9.00,0.00,0.00,58.00,0.00,0,152
69.03,1547802530,538.77,51.51271602,7.47281703,139.47,11.51,0.00,6.76,0,-83.00,-10.00,0.00,0.00,58.00,0.00,0,150
70.03,1547802531,550.28,51.51282225,7.47283114,138.88,11.56,0.00,5.83,0,-82.00,-9.00,0.00,0.00,58.00,0.00,0,152
70.03,1547802531,550.29,51.51282225,7.47283114,138.88,11.56,0.00,5.83,0,-83.00,-10.00,0.00,0.00,58.00,0.00,0,150
71.03,1547802532,561.80,51.51293420,7.47284017,138.39,12.49,0.00,4.40,0,-96.00,-8.00,0.00,0.00,44.00,0.00,0,358
71.03,1547802532,561.80,51.51293420,7.47284017,138.39,12.49,0.00,4.40,0,-81.00,-9.00,0.00,0.00,58.00,0.00,0,152
71.03,1547802532,561.80,51.51293420,7.47284017,138.39,12.49,0.00,4.40,0,-82.00,-9.00,0.00,0.00,58.00,0.00,0,150
72.04,1547802533,574.37,51.51303472,7.47284832,138.00,11.57,0.00,3.55,0,-96.00,-8.00,0.00,0.00,44.00,0.00,0,358
72.04,1547802533,574.38,51.51303472,7.47284832,138.00,11.57,0.00,3.55,0,-81.00,-9.00,0.00,0.00,58.00,0.00,0,152
72.04,1547802533,574.39,51.51303472,7.47284832,138.00,11.57,0.00,3.55,0,-82.00,-9.00,0.00,0.00,58.00,0.00,0,150
73.03,1547802534,585.88,51.51313830,7.47285712,137.54,11.61,0.00,3.98,0,-92.00,-11.00,0.00,0.00,50.00,0.00,0,358
73.03,1547802534,585.88,51.51313830,7.47285712,137.54,11.61,0.00,3.98,0,-79.00,-9.00,0.00,0.00,59.00,0.00,0,150
73.03,1547802534,585.89,51.51313830,7.47285712,137.54,11.61,0.00,3.98,0,-80.00,-8.00,0.00,0.00,59.00,0.00,0,152
74.03,1547802535,597.48,51.51324499,7.47286190,137.11,11.59,0.00,3.57,0,-92.00,-11.00,0.00,0.00,50.00,0.00,0,358
74.03,1547802535,597.48,51.51324499,7.47286190,137.11,11.59,0.00,3.57,0,-79.00,-9.00,0.00,0.00,59.00,0.00,0,150
74.03,1547802535,597.49,51.51324499,7.47286190,137.11,11.59,0.00,3.57,0,-80.00,-8.00,0.00,0.00,59.00,0.00,0,152
75.03,1547802536,609.12,51.51335456,7.47286754,136.61,11.72,0.00,3.86,0,-98.00,-13.00,0.00,0.00,50.00,0.00,0,372
75.03,1547802536,609.13,51.51335456,7.47286754,136.61,11.72,0.00,3.86,0,-79.00,-7.00,0.00,0.00,58.00,0.00,0,152
76.03,1547802537,620.85,51.51346254,7.47286810,136.14,12.41,0.00,3.03,0,-98.00,-13.00,0.00,0.00,50.00,0.00,0,372
76.04,1547802537,620.86,51.51346254,7.47286810,136.14,12.41,0.00,3.03,0,-79.00,-7.00,0.00,0.00,58.00,0.00,0,152
77.03,1547802538,633.25,51.51356872,7.47287077,135.83,12.55,0.00,3.73,0,-92.00,-9.00,0.00,0.00,48.00,0.00,0,324
77.03,1547802538,633.26,51.51356872,7.47287077,135.83,12.55,0.00,3.73,0,-79.00,-7.00,0.00,0.00,60.00,0.00,0,152
78.03,1547802539,645.79,51.51368223,7.47287477,135.59,12.88,0.00,3.39,0,-92.00,-9.00,0.00,0.00,48.00,0.00,0,324
78.03,1547802539,645.80,51.51368223,7.47287477,135.59,12.88,0.00,3.39,0,-79.00,-7.00,0.00,0.00,60.00,0.00,0,152
79.03,1547802540,658.65,51.51378594,7.47288118,135.61,12.12,0.00,3.98,0,-76.00,-6.00,0.00,0.00,61.00,0.00,0,152
80.03,1547802541,670.79,51.51389168,7.47288996,135.76,12.82,0.00,3.27,0,-76.00,-6.00,0.00,0.00,61.00,0.00,0,152
81.03,1547802542,683.55,51.51401034,7.47289546,135.57,11.98,0.00,2.49,0,-77.00,-7.00,0.00,0.00,60.00,0.00,0,152
82.03,1547802543,695.57,51.51412012,7.47289980,135.53,11.96,0.00,2.76,0,-77.00,-7.00,0.00,0.00,60.00,0.00,0,152
83.04,1547802544,707.59,51.51422027,7.47290424,135.72,11.75,0.00,3.18,0,-78.00,-6.00,0.00,0.00,59.00,0.00,0,152
84.03,1547802545,719.26,51.51432640,7.47291051,135.84,11.43,0.00,3.46,0,-78.00,-6.00,0.00,0.00,59.00,0.00,0,152
85.03,1547802546,730.69,51.51442836,7.47292050,135.75,10.46,0.00,4.29,0,-78.00,-6.00,0.00,0.00,59.00,0.00,0,152
86.03,1547802547,741.18,51.51451917,7.47292959,135.64,9.27,0.00,4.41,0,-77.00,-6.00,0.00,0.00,60.00,0.00,0,152
87.03,1547802548,750.45,51.51459706,7.47293956,135.38,7.30,0.00,5.87,0,-77.00,-6.00,0.00,0.00,60.00,0.00,0,152
88.03,1547802549,757.73,51.51466983,7.47294615,134.94,6.95,0.00,5.53,0,-76.00,-6.00,0.00,0.00,61.00,0.00,0,152
89.03,1547802550,764.68,51.51472139,7.47295093,134.72,5.05,0.00,6.46,0,-76.00,-6.00,0.00,0.00,61.00,0.00,0,152
90.03,1547802551,769.73,51.51477619,7.47295394,134.67,3.93,0.00,5.71,0,-75.00,-6.00,0.00,0.00,61.00,0.00,0,152
91.03,1547802552,773.66,51.51480739,7.47295736,134.62,2.75,0.00,5.25,0,-75.00,-6.00,0.00,0.00,61.00,0.00,0,152
92.03,1547802553,776.40,51.51482170,7.47295762,134.62,1.52,0.00,5.81,0,-77.00,-6.00,0.00,0.00,59.00,0.00,0,152
93.03,1547802554,777.91,51.51482170,7.47295762,134.62,0.00,0.00,5.81,0,-77.00,-6.00,0.00,0.00,59.00,0.00,0,152
94.03,1547802555,777.91,51.51482170,7.47295762,134.63,0.00,0.00,5.81,0,-79.00,-6.00,0.00,0.00,58.00,0.00,0,152
95.03,1547802556,777.91,51.51482170,7.47295762,134.64,0.00,0.00,5.81,0,-79.00,-6.00,0.00,0.00,58.00,0.00,0,152
96.03,1547802557,777.91,51.51482170,7.47295762,134.65,0.00,0.00,5.81,0,-79.00,-6.00,0.00,0.00,59.00,0.00,0,152
97.03,1547802558,777.91,51.51363540,7.47290000,134.67,0.00,0.00,5.81,0,-79.00,-6.00,0.00,0.00,59.00,0.00,0,152
98.03,1547802559,777.91,51.51482170,7.47295762,134.68,0.00,0.00,5.81,0,-78.00,-5.00,0.00,0.00,58.00,0.00,0,152
99.03,1547802560,777.91,51.51482170,7.47295762,134.69,0.00,0.00,5.81,0,-78.00,-5.00,0.00,0.00,58.00,0.00,0,152
100.03,1547802561,777.91,51.51482170,7.47295762,134.70,0.00,0.00,5.81,0,-79.00,-6.00,0.00,0.00,59.00,0.00,0,152
101.03,1547802562,777.91,51.51482170,7.47295762,134.72,0.00,0.00,5.81,0,-79.00,-6.00,0.00,0.00,59.00,0.00,0,152
102.03,1547802563,777.91,51.51482170,7.47295762,134.73,0.00,0.00,5.81,0,-78.00,-6.00,0.00,0.00,60.00,0.00,0,152
103.03,1547802564,777.91,51.51482170,7.47295762,134.75,0.00,0.00,5.81,0,-78.00,-6.00,0.00,0.00,60.00,0.00,0,152
104.04,1547802565,777.91,51.51482170,7.47295762,134.77,0.00,0.00,5.81,0,-78.00,-6.00,0.00,0.00,58.00,0.00,0,152
105.03,1547802566,777.91,51.51482170,7.47295762,134.80,0.00,0.00,5.81,0,-78.00,-6.00,0.00,0.00,58.00,0.00,0,152
106.03,1547802567,777.91,51.51482170,7.47295762,134.82,0.00,0.00,5.81,0,-78.00,-6.00,0.00,0.00,58.00,0.00,0,152
107.03,1547802568,777.91,51.51482170,7.47295762,134.84,0.00,0.00,5.81,0,-78.00,-5.00,0.00,0.00,58.00,0.00,0,152
108.03,1547802569,777.91,51.51482170,7.47295762,134.87,0.00,0.00,5.81,0,-78.00,-5.00,0.00,0.00,58.00,0.00,0,152
109.03,1547802570,777.91,51.51482170,7.47295762,134.90,0.00,0.00,5.81,0,-78.00,-6.00,0.00,0.00,58.00,0.00,0,152
110.03,1547802571,777.91,51.51482170,7.47295762,134.93,0.00,0.00,5.81,0,-78.00,-6.00,0.00,0.00,58.00,0.00,0,152
111.03,1547802572,777.91,51.51482170,7.47295762,134.95,0.00,0.00,5.81,0,-78.00,-6.00,0.00,0.00,59.00,0.00,0,152
112.03,1547802573,777.91,51.51482170,7.47295762,134.98,0.00,0.00,5.81,0,-78.00,-6.00,0.00,0.00,59.00,0.00,0,152
113.03,1547802574,777.91,51.51482170,7.47295762,135.01,0.00,0.00,5.81,0,-79.00,-6.00,0.00,0.00,58.00,0.00,0,152
114.03,1547802575,777.91,51.51482170,7.47295762,135.04,0.00,0.00,5.81,0,-79.00,-6.00,0.00,0.00,58.00,0.00,0,152
115.03,1547802576,777.91,51.51482170,7.47295762,135.07,0.00,0.00,5.81,0,-79.00,-6.00,0.00,0.00,58.00,0.00,0,152
116.03,1547802577,777.91,51.51482170,7.47295762,135.11,0.00,0.00,5.81,0,-79.00,-6.00,0.00,0.00,58.00,0.00,0,152
117.03,1547802578,777.91,51.51363540,7.47290000,135.14,0.00,0.00,5.81,0,-79.00,-6.00,0.00,0.00,58.00,0.00,0,152
118.03,1547802579,777.91,51.51482170,7.47295762,135.17,0.00,0.00,5.81,0,-79.00,-6.00,0.00,0.00,58.00,0.00,0,152
119.03,1547802580,777.91,51.51482170,7.47295762,135.20,0.00,0.00,5.81,0,-78.00,-5.00,0.00,0.00,58.00,0.00,0,152
120.03,1547802581,777.91,51.51482170,7.47295762,135.23,0.00,0.00,5.81,0,-78.00,-5.00,0.00,0.00,58.00,0.00,0,152
121.03,1547802582,777.91,51.51482170,7.47295762,135.26,0.00,0.00,5.81,0,-79.00,-6.00,0.00,0.00,58.00,0.00,0,152
122.03,1547802583,777.91,51.51482170,7.47295762,135.29,0.00,0.00,5.81,0,-79.00,-6.00,0.00,0.00,58.00,0.00,0,152
123.03,1547802584,777.91,51.51482170,7.47295762,135.31,0.00,0.00,5.81,0,-78.00,-6.00,0.00,0.00,58.00,0.00,0,152
124.03,1547802585,777.91,51.51482170,7.47295762,135.34,0.00,0.00,5.81,0,-78.00,-6.00,0.00,0.00,58.00,0.00,0,152
125.03,1547802586,777.91,51.51482170,7.47295762,135.37,0.00,0.00,5.81,0,-78.00,-6.00,0.00,0.00,58.00,0.00,0,152
126.03,1547802587,777.91,51.51482170,7.47295762,135.41,0.00,0.00,5.81,0,-78.00,-6.00,0.00,0.00,58.00,0.00,0,152
127.03,1547802588,777.91,51.51482170,7.47295762,135.44,0.00,0.00,5.81,0,-78.00,-6.00,0.00,0.00,58.00,0.00,0,152
128.03,1547802589,777.91,51.51486425,7.47295724,135.74,0.00,0.00,358.02,0,-78.00,-6.00,0.00,0.00,58.00,0.00,0,152
129.03,1547802590,777.91,51.51486425,7.47295724,138.29,0.00,0.00,0.16,0,-78.00,-6.00,0.00,0.00,58.00,0.00,0,152
130.03,1547802591,777.93,51.51496861,7.47295799,139.91,8.19,0.00,1.26,0,-79.00,-7.00,0.00,0.00,58.00,0.00,0,152
131.03,1547802592,786.09,51.51504995,7.47296050,140.66,9.91,0.00,1.01,0,-79.00,-7.00,0.00,0.00,58.00,0.00,0,152
132.04,1547802593,796.08,51.51512987,7.47296534,140.82,10.40,0.00,0.63,0,-82.00,-7.00,0.00,0.00,55.00,0.00,0,152
133.03,1547802594,806.42,51.51521712,7.47296596,140.65,10.70,0.00,359.25,0,-82.00,-7.00,0.00,0.00,55.00,0.00,0,152
134.03,1547802595,817.11,51.51532615,7.47296359,140.16,11.08,0.00,357.10,0,-85.00,-7.00,0.00,0.00,53.00,0.00,0,152
135.03,1547802596,828.23,51.51543533,7.47294633,139.54,12.54,0.00,354.31,0,-85.00,-7.00,0.00,0.00,53.00,0.00,0,152
136.03,1547802597,840.77,51.51554443,7.47291690,138.96,13.81,0.00,351.01,0,-86.00,-8.00,0.00,0.00,52.00,0.00,0,152
136.03,1547802597,840.78,51.51554443,7.47291690,138.96,13.81,0.00,351.01,0,-92.00,-13.00,0.00,0.00,52.00,0.00,0,151
137.03,1547802598,854.58,51.51566167,7.47286552,137.68,13.93,0.00,346.93,0,-86.00,-8.00,0.00,0.00,52.00,0.00,0,152
137.03,1547802598,854.58,51.51566167,7.47286552,137.68,13.93,0.00,346.93,0,-92.00,-13.00,0.00,0.00,52.00,0.00,0,151
138.03,1547802599,868.49,51.51578168,7.47279505,136.43,14.19,0.00,343.34,0,-83.00,-7.00,0.00,0.00,55.00,0.00,0,152
139.03,1547802600,882.69,51.51590483,7.47271411,135.69,13.91,0.00,340.48,0,-83.00,-7.00,0.00,0.00,55.00,0.00,0,152
140.03,1547802601,896.61,51.51601873,7.47258215,135.54,14.95,0.00,326.94,0,-96.00,-7.00,0.00,0.00,43.00,0.00,0,372
140.03,1547802601,896.61,51.51601873,7.47258215,135.54,14.95,0.00,326.94,0,-82.00,-7.00,0.00,0.00,55.00,0.00,0,152
141.03,1547802602,911.56,51.51612038,7.47245760,135.20,15.06,0.00,325.00,0,-96.00,-7.00,0.00,0.00,43.00,0.00,0,372
141.03,1547802602,911.58,51.51612038,7.47245760,135.20,15.06,0.00,325.00,0,-82.00,-7.00,0.00,0.00,55.00,0.00,0,152
142.04,1547802603,926.66,51.51622564,7.47230929,134.37,14.85,0.00,321.40,0,-96.00,-10.00,0.00,0.00,46.00,0.00,0,372
142.04,1547802603,926.68,51.51622564,7.47230929,134.37,14.85,0.00,321.40,0,-87.00,-8.00,0.00,0.00,51.00,0.00,0,152
142.04,1547802603,926.75,51.51622564,7.47230929,134.37,14.85,0.00,321.40,0,-90.00,-12.00,0.00,0.00,52.00,0.00,0,151
143.03,1547802604,941.41,51.51632932,7.47215070,133.25,15.11,0.00,318.67,0,-96.00,-10.00,0.00,0.00,46.00,0.00,0,372
143.03,1547802604,941.41,51.51632932,7.47215070,133.25,15.11,0.00,318.67,0,-87.00,-8.00,0.00,0.00,51.00,0.00,0,152
143.03,1547802604,941.42,51.51632932,7.47215070,133.25,15.11,0.00,318.67,0,-90.00,-12.00,0.00,0.00,52.00,0.00,0,151
144.03,1547802605,956.57,51.51640966,7.47200358,131.78,13.16,0.00,314.87,0,-85.00,-9.00,0.00,0.00,54.00,0.00,0,151
144.03,1547802605,956.57,51.51640966,7.47200358,131.78,13.16,0.00,314.87,0,-86.00,-9.00,0.00,0.00,54.00,0.00,0,152
145.03,1547802606,969.74,51.51646693,7.47184182,130.03,12.43,0.00,301.70,0,-85.00,-9.00,0.00,0.00,54.00,0.00,0,151
145.03,1547802606,969.75,51.51646693,7.47184182,130.03,12.43,0.00,301.70,0,-86.00,-9.00,0.00,0.00,54.00,0.00,0,152
146.04,1547802607,982.26,51.51651337,7.47170457,128.69,11.30,0.00,300.69,0,-80.00,-7.00,0.00,0.00,57.00,0.00,0,151
147.03,1547802608,993.45,51.51655890,7.47154885,127.97,10.48,0.00,298.65,0,-80.00,-7.00,0.00,0.00,57.00,0.00,0,151
148.03,1547802609,1003.93,51.51658915,7.47142201,126.96,10.07,0.00,296.96,0,-80.00,-7.00,0.00,0.00,57.00,0.00,0,151
149.03,1547802610,1014.00,51.51662408,7.47127759,126.45,9.33,0.00,296.00,0,-84.00,-8.00,0.00,0.00,54.00,0.00,0,151
149.03,1547802610,1014.00,51.51662408,7.47127759,126.45,9.33,0.00,296.00,0,-89.00,-13.00,0.00,0.00,54.00,0.00,0,152
150.03,1547802611,1023.33,51.51665139,7.47113868,126.15,9.29,0.00,295.16,0,-84.00,-8.00,0.00,0.00,54.00,0.00,0,151
150.03,1547802611,1023.34,51.51665139,7.47113868,126.15,9.29,0.00,295.16,0,-89.00,-13.00,0.00,0.00,54.00,0.00,0,152
151.03,1547802612,1032.62,51.51667460,7.47101671,125.83,9.08,0.00,294.76,0,-87.00,-7.00,0.00,0.00,51.00,0.00,0,151
151.03,1547802612,1032.63,51.51667460,7.47101671,125.83,9.08,0.00,294.76,0,-93.00,-13.00,0.00,0.00,50.00,0.00,0,152
152.03,1547802613,1041.67,51.51670019,7.47090402,125.52,8.75,0.00,295.24,0,-87.00,-7.00,0.00,0.00,51.00,0.00,0,151
152.03,1547802613,1041.67,51.51670019,7.47090402,125.52,8.75,0.00,295.24,0,-93.00,-13.00,0.00,0.00,50.00,0.00,0,152
153.03,1547802614,1050.41,51.51672821,7.47078406,125.15,8.98,0.00,294.72,0,-98.00,-7.00,0.00,0.00,42.00,0.00,0,372
153.03,1547802614,1050.42,51.51672821,7.47078406,125.15,8.98,0.00,294.72,0,-87.00,-8.00,0.00,0.00,50.00,0.00,0,151
153.03,1547802614,1050.42,51.51672821,7.47078406,125.15,8.98,0.00,294.72,0,-93.00,-13.00,0.00,0.00,50.00,0.00,0,152
154.03,1547802615,1059.39,51.51675900,7.47065182,124.97,9.67,0.00,294.01,0,-98.00,-7.00,0.00,0.00,42.00,0.00,0,372
154.03,1547802615,1059.40,51.51675900,7.47065182,124.97,9.67,0.00,294.01,0,-87.00,-8.00,0.00,0.00,50.00,0.00,0,151
154.03,1547802615,1059.40,51.51675900,7.47065182,124.97,9.67,0.00,294.01,0,-93.00,-13.00,0.00,0.00,50.00,0.00,0,152
155.03,1547802616,1069.10,51.51679396,7.47050943,125.07,10.43,0.00,294.49,0,-90.00,-11.00,0.00,0.00,52.00,0.00,0,151
155.03,1547802616,1069.12,51.51679396,7.47050943,125.07,10.43,0.00,294.49,0,-93.00,-15.00,0.00,0.00,52.00,0.00,0,152
156.03,1547802617,1079.54,51.51683322,7.47035855,125.36,10.48,0.00,295.10,0,-90.00,-11.00,0.00,0.00,52.00,0.00,0,151
156.03,1547802617,1079.55,51.51683322,7.47035855,125.36,10.48,0.00,295.10,0,-93.00,-15.00,0.00,0.00,52.00,0.00,0,152
157.03,1547802618,1089.95,51.51641950,7.47068740,125.70,10.49,0.00,294.34,0,-93.00,-9.00,0.00,0.00,46.00,0.00,0,151
157.03,1547802618,1089.97,51.51641950,7.47068740,125.70,10.49,0.00,294.34,0,-94.00,-9.00,0.00,0.00,45.00,0.00,0,295
158.03,1547802619,1100.51,51.51690615,7.47006235,126.08,10.21,0.00,293.38,0,-93.00,-9.00,0.00,0.00,46.00,0.00,0,151
158.03,1547802619,1100.52,51.51690615,7.47006235,126.08,10.21,0.00,293.38,0,-94.00,-9.00,0.00,0.00,45.00,0.00,0,295
159.03,1547802620,1110.73,51.51693760,7.46992098,126.53,9.95,0.00,291.88,0,-96.00,-7.00,0.00,0.00,43.00,0.00,0,372
159.03,1547802620,1110.73,51.51693760,7.46992098,126.53,9.95,0.00,291.88,0,-94.00,-10.00,0.00,0.00,46.00,0.00,0,295
159.03,1547802620,1110.74,51.51693760,7.46992098,126.53,9.95,0.00,291.88,0,-95.00,-10.00,0.00,0.00,46.00,0.00,0,151
160.03,1547802621,1120.68,51.51696484,7.46980583,126.78,8.62,0.00,291.21,0,-96.00,-7.00,0.00,0.00,43.00,0.00,0,372
160.03,1547802621,1120.68,51.51696484,7.46980583,126.78,8.62,0.00,291.21,0,-94.00,-10.00,0.00,0.00,46.00,0.00,0,295
160.03,1547802621,1120.69,51.51696484,7.46980583,126.78,8.62,0.00,291.21,0,-95.00,-10.00,0.00,0.00,46.00,0.00,0,151
161.03,1547802622,1129.30,51.51699269,7.46967753,126.93,10.27,0.00,290.26,0,-89.00,-6.00,0.00,0.00,48.00,0.00,0,295
161.03,1547802622,1129.31,51.51699269,7.46967753,126.93,10.27,0.00,290.26,0,-95.00,-11.00,0.00,0.00,47.00,0.00,0,151
162.03,1547802623,1139.56,51.51702594,7.46951912,127.44,10.95,0.00,288.99,0,-89.00,-6.00,0.00,0.00,48.00,0.00,0,295
162.03,1547802623,1139.56,51.51702594,7.46951912,127.44,10.95,0.00,288.99,0,-95.00,-11.00,0.00,0.00,47.00,0.00,0,151
163.03,1547802624,1150.47,51.51705838,7.46936016,127.95,11.88,0.00,289.21,0,-95.00,-11.00,0.00,0.00,46.00,0.00,0,151
163.03,1547802624,1150.48,51.51705838,7.46936016,127.95,11.88,0.00,289.21,0,-97.00,-12.00,0.00,0.00,46.00,0.00,0,295
164.03,1547802625,1162.40,51.51709185,7.46919539,128.16,12.82,0.00,288.58,0,-95.00,-11.00,0.00,0.00,46.00,0.00,0,151
164.03,1547802625,1162.41,51.51709185,7.46919539,128.16,12.82,0.00,288.58,0,-97.00,-12.00,0.00,0.00,46.00,0.00,0,295
165.03,1547802626,1175.24,51.51712280,7.46902420,128.19,12.41,0.00,287.35,0,-92.00,-10.00,0.00,0.00,48.00,0.00,0,151
165.03,1547802626,1175.24,51.51712280,7.46902420,128.19,12.41,0.00,287.35,0,-93.00,-11.00,0.00,0.00,49.00,0.00,0,146
166.03,1547802627,1187.64,51.51715217,7.46885833,128.03,12.75,0.00,286.89,0,-92.00,-10.00,0.00,0.00,48.00,0.00,0,151
166.03,1547802627,1187.64,51.51715217,7.46885833,128.03,12.75,0.00,286.89,0,-93.00,-11.00,0.00,0.00,49.00,0.00,0,146
167.04,1547802628,1200.49,51.51718334,7.46867610,127.86,13.38,0.00,287.49,0,-97.00,-8.00,0.00,0.00,42.00,0.00,0,372
167.04,1547802628,1200.51,51.51718334,7.46867610,127.86,13.38,0.00,287.49,0,-89.00,-7.00,0.00,0.00,49.00,0.00,0,146
167.04,1547802628,1200.52,51.51718334,7.46867610,127.86,13.38,0.00,287.49,0,-92.00,-9.00,0.00,0.00,48.00,0.00,0,151
168.03,1547802629,1213.78,51.51721937,7.46849600,127.71,13.30,0.00,288.92,0,-97.00,-8.00,0.00,0.00,42.00,0.00,0,372
168.03,1547802629,1213.79,51.51721937,7.46849600,127.71,13.30,0.00,288.92,0,-89.00,-7.00,0.00,0.00,49.00,0.00,0,146
168.03,1547802629,1213.79,51.51721937,7.46849600,127.71,13.30,0.00,288.92,0,-92.00,-9.00,0.00,0.00,48.00,0.00,0,151
169.03,1547802630,1227.08,51.51725962,7.46831414,127.61,13.33,0.00,290.29,0,-97.00,-8.00,0.00,0.00,42.00,0.00,0,372
169.03,1547802630,1227.08,51.51725962,7.46831414,127.61,13.33,0.00,290.29,0,-89.00,-7.00,0.00,0.00,49.00,0.00,0,146
169.03,1547802630,1227.10,51.51725962,7.46831414,127.61,13.33,0.00,290.29,0,-92.00,-9.00,0.00,0.00,48.00,0.00,0,151
170.03,1547802631,1240.37,51.51730294,7.46813823,127.55,13.17,0.00,291.73,0,-84.00,-6.00,0.00,0.00,52.00,0.00,0,146
170.03,1547802631,1240.39,51.51730294,7.46813823,127.55,13.17,0.00,291.73,0,-89.00,-9.00,0.00,0.00,51.00,0.00,0,273
171.03,1547802632,1253.56,51.51734809,7.46796883,127.38,12.78,0.00,293.39,0,-84.00,-6.00,0.00,0.00,52.00,0.00,0,146
171.03,1547802632,1253.58,51.51734809,7.46796883,127.38,12.78,0.00,293.39,0,-89.00,-9.00,0.00,0.00,51.00,0.00,0,273
172.03,1547802633,1266.29,51.51739750,7.46780395,127.09,13.24,0.00,294.56,0,-88.00,-7.00,0.00,0.00,49.00,0.00,0,146
173.03,1547802634,1279.52,51.51745157,7.46763792,126.77,13.08,0.00,295.87,0,-88.00,-7.00,0.00,0.00,49.00,0.00,0,146
174.03,1547802635,1292.66,51.51750560,7.46747125,126.51,13.14,0.00,296.85,0,-90.00,-8.00,0.00,0.00,47.00,0.00,0,146
174.03,1547802635,1292.67,51.51750560,7.46747125,126.51,13.14,0.00,296.85,0,-94.00,-9.00,0.00,0.00,46.00,0.00,0,151
175.03,1547802636,1305.80,51.51755788,7.46730347,126.16,12.94,0.00,296.35,0,-90.00,-8.00,0.00,0.00,47.00,0.00,0,146
175.03,1547802636,1305.82,51.51755788,7.46730347,126.16,12.94,0.00,296.35,0,-94.00,-9.00,0.00,0.00,46.00,0.00,0,151
176.03,1547802637,1318.76,51.51761148,7.46713226,126.12,13.17,0.00,295.05,0,-101.00,-11.00,0.00,0.00,41.00,0.00,0,470
176.03,1547802637,1318.77,51.51761148,7.46713226,126.12,13.17,0.00,295.05,0,-95.00,-9.00,0.00,0.00,46.00,0.00,0,151
176.04,1547802637,1318.78,51.51761148,7.46713226,126.12,13.17,0.00,295.05,0,-96.00,-10.00,0.00,0.00,45.00,0.00,0,146
177.03,1547802638,1331.93,51.51641950,7.47068740,126.17,13.73,0.00,293.36,0,-101.00,-11.00,0.00,0.00,41.00,0.00,0,470
177.03,1547802638,1331.93,51.51641950,7.47068740,126.17,13.73,0.00,293.36,0,-95.00,-9.00,0.00,0.00,46.00,0.00,0,151
177.03,1547802638,1331.95,51.51641950,7.47068740,126.17,13.73,0.00,293.36,0,-96.00,-10.00,0.00,0.00,45.00,0.00,0,146
178.03,1547802639,1345.65,51.51770873,7.46675584,126.80,13.46,0.00,291.35,0,-95.00,-10.00,0.00,0.00,45.00,0.00,0,146
178.03,1547802639,1345.66,51.51770873,7.46675584,126.80,13.46,0.00,291.35,0,-97.00,-12.00,0.00,0.00,45.00,0.00,0,151
179.03,1547802640,1359.11,51.51774638,7.46657903,127.39,13.31,0.00,289.35,0,-95.00,-10.00,0.00,0.00,45.00,0.00,0,146
179.03,1547802640,1359.12,51.51774638,7.46657903,127.39,13.31,0.00,289.35,0,-97.00,-12.00,0.00,0.00,45.00,0.00,0,151
180.03,1547802641,1372.44,51.51778138,7.46639657,127.94,12.98,0.00,287.26,0,-99.00,-9.00,0.00,0.00,42.00,0.00,0,470
180.04,1547802641,1372.45,51.51778138,7.46639657,127.94,12.98,0.00,287.26,0,-102.00,-11.00,0.00,0.00,40.00,0.00,0,201
180.04,1547802641,1372.45,51.51778138,7.46639657,127.94,12.98,0.00,287.26,0,-104.00,-12.00,0.00,0.00,40.00,0.00,0,331
180.04,1547802641,1372.47,51.51778138,7.46639657,127.94,12.98,0.00,287.26,0,-95.00,-10.00,0.00,0.00,46.00,0.00,0,146
180.04,1547802641,1372.48,51.51778138,7.46639657,127.94,12.98,0.00,287.26,0,-96.00,-13.00,0.00,0.00,48.00,0.00,0,151
181.03,1547802642,1385.41,51.51781229,7.46621498,128.31,12.80,0.00,285.49,0,-99.00,-9.00,0.00,0.00,42.00,0.00,0,470
181.03,1547802642,1385.41,51.51781229,7.46621498,128.31,12.80,0.00,285.49,0,-102.00,-11.00,0.00,0.00,40.00,0.00,0,201
181.03,1547802642,1385.43,51.51781229,7.46621498,128.31,12.80,0.00,285.49,0,-104.00,-12.00,0.00,0.00,40.00,0.00,0,331
181.03,1547802642,1385.43,51.51781229,7.46621498,128.31,12.80,0.00,285.49,0,-95.00,-10.00,0.00,0.00,46.00,0.00,0,146
181.03,1547802642,1385.43,51.51781229,7.46621498,128.31,12.80,0.00,285.49,0,-96.00,-13.00,0.00,0.00,48.00,0.00,0,151
184.03,1547802645,1419.39,51.51786703,7.46576363,128.26,8.52,0.00,280.03,0,-98.00,-11.00,0.00,0.00,45.00,0.00,0,358
184.03,1547802645,1419.40,51.51786703,7.46576363,128.26,8.52,0.00,280.03,0,-86.00,-7.00,0.00,0.00,52.00,0.00,0,189
185.03,1547802646,1427.91,51.51787428,7.46564318,127.96,8.12,0.00,278.24,0,-98.00,-11.00,0.00,0.00,45.00,0.00,0,358
185.03,1547802646,1427.92,51.51787428,7.46564318,127.96,8.12,0.00,278.24,0,-86.00,-7.00,0.00,0.00,52.00,0.00,0,189
186.03,1547802647,1436.05,51.51787814,7.46552524,127.83,8.53,0.00,276.03,0,-96.00,-9.00,0.00,0.00,45.00,0.00,0,443
186.04,1547802647,1436.06,51.51787814,7.46552524,127.83,8.53,0.00,276.03,0,-100.00,-12.00,0.00,0.00,43.00,0.00,0,358
186.04,1547802647,1436.06,51.51787814,7.46552524,127.83,8.53,0.00,276.03,0,-101.00,-14.00,0.00,0.00,45.00,0.00,0,24
186.04,1547802647,1436.06,51.51787814,7.46552524,127.83,8.53,0.00,276.03,0,-90.00,-7.00,0.00,0.00,48.00,0.00,0,189
186.04,1547802647,1436.07,51.51787814,7.46552524,127.83,8.53,0.00,276.03,0,-95.00,-12.00,0.00,0.00,47.00,0.00,0,141
187.03,1547802648,1444.58,51.51788012,7.46539762,127.60,8.93,0.00,274.61,0,-96.00,-9.00,0.00,0.00,45.00,0.00,0,443
187.04,1547802648,1444.59,51.51788012,7.46539762,127.60,8.93,0.00,274.61,0,-100.00,-12.00,0.00,0.00,43.00,0.00,0,358
187.04,1547802648,1444.60,51.51788012,7.46539762,127.60,8.93,0.00,274.61,0,-101.00,-14.00,0.00,0.00,45.00,0.00,0,24
187.04,1547802648,1444.61,51.51788012,7.46539762,127.60,8.93,0.00,274.61,0,-90.00,-7.00,0.00,0.00,48.00,0.00,0,189
187.04,1547802648,1444.61,51.51788012,7.46539762,127.60,8.93,0.00,274.61,0,-95.00,-12.00,0.00,0.00,47.00,0.00,0,141
188.04,1547802649,1453.57,51.51787806,7.46526937,127.81,8.84,0.00,273.39,0,-96.00,-12.00,0.00,0.00,47.00,0.00,0,24
188.04,1547802649,1453.57,51.51787806,7.46526937,127.81,8.84,0.00,273.39,0,-98.00,-11.00,0.00,0.00,45.00,0.00,0,443
188.04,1547802649,1453.58,51.51787806,7.46526937,127.81,8.84,0.00,273.39,0,-89.00,-7.00,0.00,0.00,49.00,0.00,0,189
189.03,1547802650,1462.33,51.51787078,7.46512401,128.66,9.06,0.00,270.98,0,-96.00,-12.00,0.00,0.00,47.00,0.00,0,24
189.03,1547802650,1462.34,51.51787078,7.46512401,128.66,9.06,0.00,270.98,0,-98.00,-11.00,0.00,0.00,45.00,0.00,0,443
189.03,1547802650,1462.35,51.51787078,7.46512401,128.66,9.06,0.00,270.98,0,-89.00,-7.00,0.00,0.00,49.00,0.00,0,189
190.03,1547802651,1471.41,51.51786359,7.46498238,129.77,8.83,0.00,269.47,0,-96.00,-12.00,0.00,0.00,47.00,0.00,0,24
190.03,1547802651,1471.41,51.51786359,7.46498238,129.77,8.83,0.00,269.47,0,-98.00,-11.00,0.00,0.00,45.00,0.00,0,443
190.03,1547802651,1471.42,51.51786359,7.46498238,129.77,8.83,0.00,269.47,0,-89.00,-7.00,0.00,0.00,49.00,0.00,0,189
191.03,1547802652,1480.25,51.51785569,7.46485250,131.17,8.85,0.00,268.10,0,-96.00,-10.00,0.00,0.00,45.00,0.00,0,443
191.04,1547802652,1480.26,51.51785569,7.46485250,131.17,8.85,0.00,268.10,0,-98.00,-12.00,0.00,0.00,45.00,0.00,0,24
191.04,1547802652,1480.27,51.51785569,7.46485250,131.17,8.85,0.00,268.10,0,-98.00,-11.00,0.00,0.00,45.00,0.00,0,201
191.04,1547802652,1480.27,51.51785569,7.46485250,131.17,8.85,0.00,268.10,0,-87.00,-7.00,0.00,0.00,52.00,0.00,0,189
191.04,1547802652,1480.28,51.51785569,7.46485250,131.17,8.85,0.00,268.10,0,-91.00,-11.00,0.00,0.00,50.00,0.00,0,455
192.03,1547802653,1489.10,51.51784644,7.46474114,132.89,7.48,0.00,266.02,0,-96.00,-10.00,0.00,0.00,45.00,0.00,0,443
192.04,1547802653,1489.10,51.51784644,7.46474114,132.89,7.48,0.00,266.02,0,-98.00,-12.00,0.00,0.00,45.00,0.00,0,24
192.04,1547802653,1489.11,51.51784644,7.46474114,132.89,7.48,0.00,266.02,0,-98.00,-11.00,0.00,0.00,45.00,0.00,0,201
192.04,1547802653,1489.11,51.51784644,7.46474114,132.89,7.48,0.00,266.02,0,-87.00,-7.00,0.00,0.00,52.00,0.00,0,189
192.04,1547802653,1489.12,51.51784644,7.46474114,132.89,7.48,0.00,266.02,0,-91.00,-11.00,0.00,0.00,50.00,0.00,0,455
195.03,1547802656,1509.81,51.51782081,7.46444589,134.33,6.10,0.00,262.34,0,-96.00,-9.00,0.00,0.00,45.00,0.00,0,443
195.03,1547802656,1509.82,51.51782081,7.46444589,134.33,6.10,0.00,262.34,0,-90.00,-8.00,0.00,0.00,49.00,0.00,0,189
196.03,1547802657,1515.91,51.51780736,7.46433061,133.95,7.81,0.00,260.90,0,-96.00,-9.00,0.00,0.00,45.00,0.00,0,443
196.03,1547802657,1515.92,51.51780736,7.46433061,133.95,7.81,0.00,260.90,0,-90.00,-8.00,0.00,0.00,49.00,0.00,0,189
197.03,1547802658,1523.74,51.51779242,7.46421549,133.62,8.19,0.00,259.58,0,-96.00,-10.00,0.00,0.00,46.00,0.00,0,470
197.04,1547802658,1523.75,51.51779242,7.46421549,133.62,8.19,0.00,259.58,0,-96.00,-9.00,0.00,0.00,45.00,0.00,0,443
197.04,1547802658,1523.76,51.51779242,7.46421549,133.62,8.19,0.00,259.58,0,-101.00,-12.00,0.00,0.00,42.00,0.00,0,358
197.04,1547802658,1523.76,51.51779242,7.46421549,133.62,8.19,0.00,259.58,0,-92.00,-9.00,0.00,0.00,47.00,0.00,0,189
197.04,1547802658,1523.76,51.51779242,7.46421549,133.62,8.19,0.00,259.58,0,-97.00,-12.00,0.00,0.00,46.00,0.00,0,141
198.03,1547802659,1531.93,51.51777408,7.46409643,133.29,8.78,0.00,256.75,0,-96.00,-10.00,0.00,0.00,46.00,0.00,0,470
198.03,1547802659,1531.93,51.51777408,7.46409643,133.29,8.78,0.00,256.75,0,-96.00,-9.00,0.00,0.00,45.00,0.00,0,443
198.04,1547802659,1531.94,51.51777408,7.46409643,133.29,8.78,0.00,256.75,0,-101.00,-12.00,0.00,0.00,42.00,0.00,0,358
198.04,1547802659,1531.94,51.51777408,7.46409643,133.29,8.78,0.00,256.75,0,-92.00,-9.00,0.00,0.00,47.00,0.00,0,189
198.04,1547802659,1531.94,51.51777408,7.46409643,133.29,8.78,0.00,256.75,0,-97.00,-12.00,0.00,0.00,46.00,0.00,0,141
199.03,1547802660,1540.70,51.51775145,7.46397107,133.03,9.39,0.00,255.01,0,-95.00,-8.00,0.00,0.00,44.00,0.00,0,443
199.04,1547802660,1540.71,51.51775145,7.46397107,133.03,9.39,0.00,255.01,0,-100.00,-13.00,0.00,0.00,44.00,0.00,0,470
199.04,1547802660,1540.71,51.51775145,7.46397107,133.03,9.39,0.00,255.01,0,-100.00,-10.00,0.00,0.00,41.00,0.00,0,358
199.04,1547802660,1540.72,51.51775145,7.46397107,133.03,9.39,0.00,255.01,0,-93.00,-9.00,0.00,0.00,47.00,0.00,0,189
199.04,1547802660,1540.72,51.51775145,7.46397107,133.03,9.39,0.00,255.01,0,-96.00,-11.00,0.00,0.00,45.00,0.00,0,151
200.03,1547802661,1550.10,51.51771951,7.46381673,132.94,10.85,0.00,252.16,0,-95.00,-8.00,0.00,0.00,44.00,0.00,0,443
200.04,1547802661,1550.11,51.51771951,7.46381673,132.94,10.85,0.00,252.16,0,-100.00,-13.00,0.00,0.00,44.00,0.00,0,470
200.04,1547802661,1550.11,51.51771951,7.46381673,132.94,10.85,0.00,252.16,0,-100.00,-10.00,0.00,0.00,41.00,0.00,0,358
200.04,1547802661,1550.12,51.51771951,7.46381673,132.94,10.85,0.00,252.16,0,-93.00,-9.00,0.00,0.00,47.00,0.00,0,189
200.04,1547802661,1550.13,51.51771951,7.46381673,132.94,10.85,0.00,252.16,0,-96.00,-11.00,0.00,0.00,45.00,0.00,0,151
201.03,1547802662,1560.89,51.51768818,7.46365208,133.10,12.28,0.00,252.60,0,-91.00,-8.00,0.00,0.00,48.00,0.00,0,443
201.03,1547802662,1560.89,51.51768818,7.46365208,133.10,12.28,0.00,252.60,0,-95.00,-10.00,0.00,0.00,46.00,0.00,0,141
201.03,1547802662,1560.91,51.51768818,7.46365208,133.10,12.28,0.00,252.60,0,-96.00,-11.00,0.00,0.00,45.00,0.00,0,189
202.03,1547802663,1573.23,51.51765007,7.46349010,133.32,13.06,0.00,251.55,0,-91.00,-8.00,0.00,0.00,48.00,0.00,0,443
202.03,1547802663,1573.23,51.51765007,7.46349010,133.32,13.06,0.00,251.55,0,-95.00,-10.00,0.00,0.00,46.00,0.00,0,141
202.03,1547802663,1573.24,51.51765007,7.46349010,133.32,13.06,0.00,251.55,0,-96.00,-11.00,0.00,0.00,45.00,0.00,0,189
203.03,1547802664,1586.29,51.51760735,7.46332139,133.41,14.02,0.00,250.35,0,-88.00,-7.00,0.00,0.00,50.00,0.00,0,443
203.03,1547802664,1586.29,51.51760735,7.46332139,133.41,14.02,0.00,250.35,0,-91.00,-9.00,0.00,0.00,47.00,0.00,0,141
203.03,1547802664,1586.30,51.51760735,7.46332139,133.41,14.02,0.00,250.35,0,-95.00,-11.00,0.00,0.00,47.00,0.00,0,189
204.03,1547802665,1600.31,51.51756272,7.46314443,133.32,14.19,0.00,249.30,0,-88.00,-7.00,0.00,0.00,50.00,0.00,0,443
204.03,1547802665,1600.31,51.51756272,7.46314443,133.32,14.19,0.00,249.30,0,-91.00,-9.00,0.00,0.00,47.00,0.00,0,141
204.03,1547802665,1600.32,51.51756272,7.46314443,133.32,14.19,0.00,249.30,0,-95.00,-11.00,0.00,0.00,47.00,0.00,0,189
205.03,1547802666,1614.48,51.51751595,7.46297696,133.17,12.80,0.00,248.24,0,-86.00,-7.00,0.00,0.00,53.00,0.00,0,443
205.03,1547802666,1614.49,51.51751595,7.46297696,133.17,12.80,0.00,248.24,0,-90.00,-8.00,0.00,0.00,49.00,0.00,0,141
205.03,1547802666,1614.51,51.51751595,7.46297696,133.17,12.80,0.00,248.24,0,-93.00,-11.00,0.00,0.00,49.00,0.00,0,189
206.03,1547802667,1627.29,51.51746806,7.46280559,133.48,11.51,0.00,247.81,0,-86.00,-7.00,0.00,0.00,53.00,0.00,0,443
206.03,1547802667,1627.31,51.51746806,7.46280559,133.48,11.51,0.00,247.81,0,-90.00,-8.00,0.00,0.00,49.00,0.00,0,141
206.04,1547802667,1627.32,51.51746806,7.46280559,133.48,11.51,0.00,247.81,0,-93.00,-11.00,0.00,0.00,49.00,0.00,0,189
207.03,1547802668,1638.79,51.51742305,7.46265335,133.95,10.43,0.00,248.78,0,-90.00,-11.00,0.00,0.00,54.00,0.00,0,24
207.03,1547802668,1638.80,51.51742305,7.46265335,133.95,10.43,0.00,248.78,0,-90.00,-9.00,0.00,0.00,50.00,0.00,0,189
207.03,1547802668,1638.81,51.51742305,7.46265335,133.95,10.43,0.00,248.78,0,-91.00,-9.00,0.00,0.00,49.00,0.00,0,274
208.03,1547802669,1649.21,51.51738634,7.46249161,134.51,9.68,0.00,250.08,0,-90.00,-11.00,0.00,0.00,54.00,0.00,0,24
208.03,1547802669,1649.22,51.51738634,7.46249161,134.51,9.68,0.00,250.08,0,-90.00,-9.00,0.00,0.00,50.00,0.00,0,189
208.03,1547802669,1649.23,51.51738634,7.46249161,134.51,9.68,0.00,250.08,0,-91.00,-9.00,0.00,0.00,49.00,0.00,0,274
209.04,1547802670,1658.97,51.51735699,7.46235491,134.61,9.96,0.00,250.60,0,-89.00,-8.00,0.00,0.00,49.00,0.00,0,274
209.04,1547802670,1658.98,51.51735699,7.46235491,134.61,9.96,0.00,250.60,0,-90.00,-10.00,0.00,0.00,51.00,0.00,0,189
210.03,1547802671,1668.85,51.51733380,7.46221040,134.26,10.96,0.00,251.18,0,-89.00,-8.00,0.00,0.00,49.00,0.00,0,274
210.03,1547802671,1668.86,51.51733380,7.46221040,134.26,10.96,0.00,251.18,0,-90.00,-10.00,0.00,0.00,51.00,0.00,0,189
211.03,1547802672,1679.83,51.51730515,7.46204718,133.88,11.71,0.00,252.27,0,-89.00,-8.00,0.00,0.00,49.00,0.00,0,274
211.03,1547802672,1679.84,51.51730515,7.46204718,133.88,11.71,0.00,252.27,0,-90.00,-10.00,0.00,0.00,51.00,0.00,0,189
212.03,1547802673,1691.52,51.51727285,7.46190523,133.58,12.37,0.00,251.33,0,-84.00,-7.00,0.00,0.00,54.00,0.00,0,274
212.03,1547802673,1691.54,51.51727285,7.46190523,133.58,12.37,0.00,251.33,0,-88.00,-11.00,0.00,0.00,54.00,0.00,0,189
213.03,1547802674,1703.85,51.51723172,7.46174649,133.00,12.60,0.00,251.27,0,-84.00,-7.00,0.00,0.00,54.00,0.00,0,274
213.03,1547802674,1703.85,51.51723172,7.46174649,133.00,12.60,0.00,251.27,0,-88.00,-11.00,0.00,0.00,54.00,0.00,0,189
214.03,1547802675,1716.45,51.51718534,7.46156387,132.82,12.91,0.00,252.01,0,-82.00,-9.00,0.00,0.00,58.00,0.00,0,189
214.03,1547802675,1716.45,51.51718534,7.46156387,132.82,12.91,0.00,252.01,0,-82.00,-9.00,0.00,0.00,58.00,0.00,0,274
215.03,1547802676,1729.41,51.51714599,7.46139481,132.63,12.93,0.00,252.17,0,-82.00,-9.00,0.00,0.00,58.00,0.00,0,189
215.03,1547802676,1729.43,51.51714599,7.46139481,132.63,12.93,0.00,252.17,0,-82.00,-9.00,0.00,0.00,58.00,0.00,0,274
216.03,1547802677,1742.34,51.51710346,7.46120970,133.07,12.60,0.00,252.67,0,-78.00,-6.00,0.00,0.00,60.00,0.00,0,274
216.03,1547802677,1742.35,51.51710346,7.46120970,133.07,12.60,0.00,252.67,0,-82.00,-10.00,0.00,0.00,60.00,0.00,0,189
217.03,1547802678,1754.94,51.51646030,7.45969680,133.21,12.26,0.00,252.08,0,-78.00,-6.00,0.00,0.00,60.00,0.00,0,274
217.03,1547802678,1754.95,51.51646030,7.45969680,133.21,12.26,0.00,252.08,0,-82.00,-10.00,0.00,0.00,60.00,0.00,0,189
218.03,1547802679,1767.18,51.51702927,7.46088174,133.57,11.50,0.00,251.86,0,-70.00,-4.00,0.00,0.00,63.00,0.00,0,274
219.03,1547802680,1778.68,51.51699286,7.46071196,133.85,11.17,0.00,252.31,0,-70.00,-4.00,0.00,0.00,63.00,0.00,0,274
220.03,1547802681,1789.88,51.51695751,7.46056416,133.79,10.99,0.00,251.63,0,-87.00,-5.00,0.00,0.00,50.00,0.00,0,331
220.04,1547802681,1789.89,51.51695751,7.46056416,133.79,10.99,0.00,251.63,0,-71.00,-7.00,0.00,0.00,63.00,0.00,0,189
220.04,1547802681,1789.89,51.51695751,7.46056416,133.79,10.99,0.00,251.63,0,-76.00,-10.00,0.00,0.00,63.00,0.00,0,274
221.03,1547802682,1800.85,51.51693126,7.46042937,133.35,10.77,0.00,252.16,0,-87.00,-5.00,0.00,0.00,50.00,0.00,0,331
221.03,1547802682,1800.86,51.51693126,7.46042937,133.35,10.77,0.00,252.16,0,-71.00,-7.00,0.00,0.00,63.00,0.00,0,189
221.03,1547802682,1800.87,51.51693126,7.46042937,133.35,10.77,0.00,252.16,0,-76.00,-10.00,0.00,0.00,63.00,0.00,0,274
222.03,1547802683,1811.58,51.51690631,7.46030055,132.96,11.00,0.00,252.49,0,-77.00,-8.00,0.00,0.00,61.00,0.00,0,189
223.03,1547802684,1822.60,51.51687515,7.46013556,132.59,10.36,0.00,253.14,0,-77.00,-8.00,0.00,0.00,61.00,0.00,0,189
228.03,1547802689,1876.12,51.51675809,7.45936695,130.19,11.25,0.00,257.11,0,-86.00,-12.00,0.00,0.00,56.00,0.00,0,189
229.03,1547802690,1887.35,51.51673706,7.45920925,129.74,10.87,0.00,257.68,0,-86.00,-12.00,0.00,0.00,56.00,0.00,0,189
230.04,1547802691,1898.32,51.51671412,7.45905749,129.92,10.63,0.00,258.27,0,-87.00,-11.00,0.00,0.00,55.00,0.00,0,189
231.03,1547802692,1908.81,51.51669192,7.45889591,130.02,10.15,0.00,258.73,0,-87.00,-11.00,0.00,0.00,55.00,0.00,0,189
232.03,1547802693,1918.97,51.51667397,7.45875222,130.17,9.56,0.00,259.10,0,-87.00,-11.00,0.00,0.00,55.00,0.00,0,189
233.03,1547802694,1928.51,51.51665641,7.45861599,130.17,8.75,0.00,259.29,0,-77.00,-8.00,0.00,0.00,63.00,0.00,0,189
234.03,1547802695,1937.28,51.51663914,7.45847057,130.41,8.19,0.00,259.69,0,-77.00,-8.00,0.00,0.00,63.00,0.00,0,189
235.03,1547802696,1945.50,51.51662111,7.45834852,130.67,7.76,0.00,258.98,0,-86.00,-10.00,0.00,0.00,56.00,0.00,0,331
235.03,1547802696,1945.50,51.51662111,7.45834852,130.67,7.76,0.00,258.98,0,-83.00,-10.00,0.00,0.00,58.00,0.00,0,189
236.03,1547802697,1953.26,51.51660651,7.45824240,131.06,7.32,0.00,258.80,0,-86.00,-10.00,0.00,0.00,56.00,0.00,0,331
236.03,1547802697,1953.26,51.51660651,7.45824240,131.06,7.32,0.00,258.80,0,-83.00,-10.00,0.00,0.00,58.00,0.00,0,189
237.03,1547802698,1960.56,51.51605590,7.46085740,131.36,7.03,0.00,258.41,0,-86.00,-6.00,0.00,0.00,52.00,0.00,0,331
237.03,1547802698,1960.57,51.51605590,7.46085740,131.36,7.03,0.00,258.41,0,-86.00,-11.00,0.00,0.00,56.00,0.00,0,189
238.03,1547802699,1967.59,51.51657895,7.45804159,131.12,6.58,0.00,257.42,0,-86.00,-6.00,0.00,0.00,52.00,0.00,0,331
238.03,1547802699,1967.60,51.51657895,7.45804159,131.12,6.58,0.00,257.42,0,-86.00,-11.00,0.00,0.00,56.00,0.00,0,189
239.03,1547802700,1974.18,51.51657121,7.45794513,130.91,5.95,0.00,258.01,0,-85.00,-6.00,0.00,0.00,53.00,0.00,0,331
239.03,1547802700,1974.18,51.51657121,7.45794513,130.91,5.95,0.00,258.01,0,-88.00,-12.00,0.00,0.00,56.00,0.00,0,189
239.03,1547802700,1974.18,51.51657121,7.45794513,130.91,5.95,0.00,258.01,0,-90.00,-13.00,0.00,0.00,54.00,0.00,0,307
240.03,1547802701,1980.13,51.51656248,7.45785562,130.89,5.54,0.00,257.18,0,-85.00,-6.00,0.00,0.00,53.00,0.00,0,331
240.03,1547802701,1980.13,51.51656248,7.45785562,130.89,5.54,0.00,257.18,0,-88.00,-12.00,0.00,0.00,56.00,0.00,0,189
240.04,1547802701,1980.14,51.51656248,7.45785562,130.89,5.54,0.00,257.18,0,-90.00,-13.00,0.00,0.00,54.00,0.00,0,307
243.03,1547802704,1992.15,51.51654461,7.45772852,130.74,0.76,0.00,254.38,0,-89.00,-8.00,0.00,0.00,51.00,0.00,0,443
243.03,1547802704,1992.15,51.51654461,7.45772852,130.74,0.76,0.00,254.38,0,-84.00,-9.00,0.00,0.00,56.00,0.00,0,141
243.03,1547802704,1992.15,51.51654461,7.45772852,130.74,0.76,0.00,254.38,0,-89.00,-13.00,0.00,0.00,55.00,0.00,0,189
244.03,1547802705,1992.91,51.51654461,7.45772852,130.74,0.00,0.00,254.38,0,-89.00,-8.00,0.00,0.00,51.00,0.00,0,443
244.03,1547802705,1992.91,51.51654461,7.45772852,130.74,0.00,0.00,254.38,0,-84.00,-9.00,0.00,0.00,56.00,0.00,0,141
244.03,1547802705,1992.91,51.51654461,7.45772852,130.74,0.00,0.00,254.38,0,-89.00,-13.00,0.00,0.00,55.00,0.00,0,189
245.03,1547802706,1992.91,51.51654461,7.45772852,130.74,0.00,0.00,254.38,0,-91.00,-10.00,0.00,0.00,51.00,0.00,0,443
245.03,1547802706,1992.91,51.51654461,7.45772852,130.74,0.00,0.00,254.38,0,-86.00,-9.00,0.00,0.00,55.00,0.00,0,141
245.03,1547802706,1992.91,51.51654461,7.45772852,130.74,0.00,0.00,254.38,0,-89.00,-12.00,0.00,0.00,54.00,0.00,0,189
246.03,1547802707,1992.91,51.51654461,7.45772852,130.74,0.00,0.00,254.38,0,-91.00,-10.00,0.00,0.00,51.00,0.00,0,443
246.03,1547802707,1992.91,51.51654461,7.45772852,130.74,0.00,0.00,254.38,0,-86.00,-9.00,0.00,0.00,55.00,0.00,0,141
246.03,1547802707,1992.91,51.51654461,7.45772852,130.74,0.00,0.00,254.38,0,-89.00,-12.00,0.00,0.00,54.00,0.00,0,189
247.03,1547802708,1992.91,51.51654461,7.45772852,130.79,0.00,0.00,245.75,0,-90.00,-9.00,0.00,0.00,50.00,0.00,0,443
247.03,1547802708,1992.91,51.51654461,7.45772852,130.79,0.00,0.00,245.75,0,-85.00,-8.00,0.00,0.00,54.00,0.00,0,141
247.03,1547802708,1992.91,51.51654461,7.45772852,130.79,0.00,0.00,245.75,0,-87.00,-9.00,0.00,0.00,52.00,0.00,0,189
248.03,1547802709,1992.91,51.51651975,7.45763400,130.84,0.00,0.00,249.31,0,-90.00,-9.00,0.00,0.00,50.00,0.00,0,443
248.03,1547802709,1992.91,51.51651975,7.45763400,130.84,0.00,0.00,249.31,0,-85.00,-8.00,0.00,0.00,54.00,0.00,0,141
248.03,1547802709,1992.91,51.51651975,7.45763400,130.84,0.00,0.00,249.31,0,-87.00,-9.00,0.00,0.00,52.00,0.00,0,189
249.03,1547802710,1992.91,51.51650662,7.45758317,130.91,2.17,0.00,250.76,0,-91.00,-9.00,0.00,0.00,50.00,0.00,0,443
249.03,1547802710,1992.91,51.51650662,7.45758317,130.91,2.17,0.00,250.76,0,-87.00,-10.00,0.00,0.00,54.00,0.00,0,141
249.03,1547802710,1992.92,51.51650662,7.45758317,130.91,2.17,0.00,250.76,0,-88.00,-10.00,0.00,0.00,54.00,0.00,0,189
250.03,1547802711,1995.08,51.51649721,7.45753976,130.99,1.86,0.00,253.48,0,-91.00,-9.00,0.00,0.00,50.00,0.00,0,443
250.03,1547802711,1995.08,51.51649721,7.45753976,130.99,1.86,0.00,253.48,0,-87.00,-10.00,0.00,0.00,54.00,0.00,0,141
250.03,1547802711,1995.08,51.51649721,7.45753976,130.99,1.86,0.00,253.48,0,-88.00,-10.00,0.00,0.00,54.00,0.00,0,189
251.04,1547802712,1996.95,51.51649522,7.45752652,130.99,2.55,0.00,252.70,0,-91.00,-10.00,0.00,0.00,51.00,0.00,0,443
251.04,1547802712,1996.95,51.51649522,7.45752652,130.99,2.55,0.00,252.70,0,-87.00,-10.00,0.00,0.00,53.00,0.00,0,141
251.04,1547802712,1996.95,51.51649522,7.45752652,130.99,2.55,0.00,252.70,0,-87.00,-10.00,0.00,0.00,52.00,0.00,0,189
252.03,1547802713,1999.49,51.51648733,7.45748140,131.05,4.30,0.00,254.71,0,-91.00,-10.00,0.00,0.00,51.00,0.00,0,443
252.03,1547802713,1999.49,51.51648733,7.45748140,131.05,4.30,0.00,254.71,0,-87.00,-10.00,0.00,0.00,53.00,0.00,0,141
252.03,1547802713,1999.49,51.51648733,7.45748140,131.05,4.30,0.00,254.71,0,-87.00,-10.00,0.00,0.00,52.00,0.00,0,189
253.03,1547802714,2003.79,51.51647752,7.45741443,131.07,3.89,0.00,255.68,0,-91.00,-10.00,0.00,0.00,51.00,0.00,0,443
253.03,1547802714,2003.79,51.51647752,7.45741443,131.07,3.89,0.00,255.68,0,-87.00,-10.00,0.00,0.00,53.00,0.00,0,141
253.03,1547802714,2003.79,51.51647752,7.45741443,131.07,3.89,0.00,255.68,0,-87.00,-10.00,0.00,0.00,52.00,0.00,0,189
254.03,1547802715,2007.68,51.51646750,7.45734735,131.19,3.45,0.00,255.28,0,-87.00,-10.00,0.00,0.00,53.00,0.00,0,141
254.03,1547802715,2007.68,51.51646750,7.45734735,131.19,3.45,0.00,255.28,0,-88.00,-10.00,0.00,0.00,53.00,0.00,0,189
255.03,1547802716,2011.12,51.51645847,7.45728962,131.32,4.04,0.00,254.15,0,-87.00,-10.00,0.00,0.00,53.00,0.00,0,141
255.03,1547802716,2011.12,51.51645847,7.45728962,131.32,4.04,0.00,254.15,0,-88.00,-10.00,0.00,0.00,53.00,0.00,0,189
256.03,1547802717,2015.18,51.51644667,7.45722064,132.63,5.51,0.00,254.37,0,-92.00,-12.00,0.00,0.00,52.00,0.00,0,469
256.03,1547802717,2015.18,51.51644667,7.45722064,132.63,5.51,0.00,254.37,0,-93.00,-12.00,0.00,0.00,51.00,0.00,0,443
256.04,1547802717,2015.19,51.51644667,7.45722064,132.63,5.51,0.00,254.37,0,-88.00,-11.00,0.00,0.00,54.00,0.00,0,141
256.04,1547802717,2015.20,51.51644667,7.45722064,132.63,5.51,0.00,254.37,0,-90.00,-12.00,0.00,0.00,54.00,0.00,0,189
257.03,1547802718,2020.68,51.51872730,7.45522890,133.56,5.73,0.00,255.14,0,-92.00,-12.00,0.00,0.00,52.00,0.00,0,469
257.03,1547802718,2020.69,51.51872730,7.45522890,133.56,5.73,0.00,255.14,0,-93.00,-12.00,0.00,0.00,51.00,0.00,0,443
257.04,1547802718,2020.70,51.51872730,7.45522890,133.56,5.73,0.00,255.14,0,-88.00,-11.00,0.00,0.00,54.00,0.00,0,141
257.04,1547802718,2020.70,51.51872730,7.45522890,133.56,5.73,0.00,255.14,0,-90.00,-12.00,0.00,0.00,54.00,0.00,0,189
258.03,1547802719,2026.41,51.51641862,7.45705905,134.14,7.29,0.00,255.24,0,-92.00,-8.00,0.00,0.00,47.00,0.00,0,443
258.03,1547802719,2026.42,51.51641862,7.45705905,134.14,7.29,0.00,255.24,0,-86.00,-9.00,0.00,0.00,55.00,0.00,0,189
258.03,1547802719,2026.42,51.51641862,7.45705905,134.14,7.29,0.00,255.24,0,-86.00,-10.00,0.00,0.00,55.00,0.00,0,141
259.03,1547802720,2033.67,51.51639956,7.45694988,134.68,8.25,0.00,253.50,0,-92.00,-8.00,0.00,0.00,47.00,0.00,0,443
259.03,1547802720,2033.67,51.51639956,7.45694988,134.68,8.25,0.00,253.50,0,-86.00,-9.00,0.00,0.00,55.00,0.00,0,189
259.03,1547802720,2033.67,51.51639956,7.45694988,134.68,8.25,0.00,253.50,0,-86.00,-10.00,0.00,0.00,55.00,0.00,0,141
260.03,1547802721,2041.95,51.51637610,7.45682546,135.66,9.34,0.00,251.58,0,-93.00,-9.00,0.00,0.00,48.00,0.00,0,443
260.03,1547802721,2041.96,51.51637610,7.45682546,135.66,9.34,0.00,251.58,0,-86.00,-9.00,0.00,0.00,54.00,0.00,0,141
260.03,1547802721,2041.97,51.51637610,7.45682546,135.66,9.34,0.00,251.58,0,-88.00,-10.00,0.00,0.00,54.00,0.00,0,189
261.03,1547802722,2051.26,51.51635564,7.45672157,136.10,9.10,0.00,249.49,0,-93.00,-9.00,0.00,0.00,48.00,0.00,0,443
261.03,1547802722,2051.27,51.51635564,7.45672157,136.10,9.10,0.00,249.49,0,-86.00,-9.00,0.00,0.00,54.00,0.00,0,141
261.03,1547802722,2051.27,51.51635564,7.45672157,136.10,9.10,0.00,249.49,0,-88.00,-10.00,0.00,0.00,54.00,0.00,0,189
262.03,1547802723,2060.35,51.51632630,7.45661340,136.14,7.95,0.00,245.83,0,-85.00,-9.00,0.00,0.00,54.00,0.00,0,141
262.03,1547802723,2060.35,51.51632630,7.45661340,136.14,7.95,0.00,245.83,0,-88.00,-12.00,0.00,0.00,54.00,0.00,0,189
263.03,1547802724,2068.30,51.51629091,7.45649476,135.64,7.91,0.00,242.31,0,-85.00,-9.00,0.00,0.00,54.00,0.00,0,141
263.03,1547802724,2068.31,51.51629091,7.45649476,135.64,7.91,0.00,242.31,0,-88.00,-12.00,0.00,0.00,54.00,0.00,0,189
264.03,1547802725,2076.22,51.51625911,7.45638446,135.35,8.10,0.00,242.59,0,-85.00,-12.00,0.00,0.00,57.00,0.00,0,141
264.03,1547802725,2076.23,51.51625911,7.45638446,135.35,8.10,0.00,242.59,0,-87.00,-13.00,0.00,0.00,57.00,0.00,0,189
265.03,1547802726,2084.36,51.51622213,7.45627355,135.14,9.33,0.00,240.05,0,-85.00,-12.00,0.00,0.00,57.00,0.00,0,141
265.03,1547802726,2084.36,51.51622213,7.45627355,135.14,9.33,0.00,240.05,0,-87.00,-13.00,0.00,0.00,57.00,0.00,0,189
266.03,1547802727,2093.68,51.51618517,7.45615765,134.97,9.46,0.00,238.59,0,-90.00,-7.00,0.00,0.00,49.00,0.00,0,24
266.03,1547802727,2093.68,51.51618517,7.45615765,134.97,9.46,0.00,238.59,0,-86.00,-10.00,0.00,0.00,56.00,0.00,0,455
266.03,1547802727,2093.69,51.51618517,7.45615765,134.97,9.46,0.00,238.59,0,-88.00,-11.00,0.00,0.00,55.00,0.00,0,189
267.03,1547802728,2103.13,51.51613798,7.45603149,134.86,9.22,0.00,236.42,0,-90.00,-7.00,0.00,0.00,49.00,0.00,0,24
267.03,1547802728,2103.14,51.51613798,7.45603149,134.86,9.22,0.00,236.42,0,-86.00,-10.00,0.00,0.00,56.00,0.00,0,455
267.03,1547802728,2103.15,51.51613798,7.45603149,134.86,9.22,0.00,236.42,0,-88.00,-11.00,0.00,0.00,55.00,0.00,0,189
268.03,1547802729,2112.35,51.51610101,7.45591703,135.08,7.74,0.00,236.07,0,-88.00,-7.00,0.00,0.00,51.00,0.00,0,24
268.03,1547802729,2112.36,51.51610101,7.45591703,135.08,7.74,0.00,236.07,0,-85.00,-9.00,0.00,0.00,55.00,0.00,0,455
268.03,1547802729,2112.37,51.51610101,7.45591703,135.08,7.74,0.00,236.07,0,-91.00,-14.00,0.00,0.00,54.00,0.00,0,189
269.03,1547802730,2120.09,51.51606857,7.45581026,134.56,7.61,0.00,235.33,0,-88.00,-7.00,0.00,0.00,51.00,0.00,0,24
269.03,1547802730,2120.10,51.51606857,7.45581026,134.56,7.61,0.00,235.33,0,-85.00,-9.00,0.00,0.00,55.00,0.00,0,455
269.03,1547802730,2120.11,51.51606857,7.45581026,134.56,7.61,0.00,235.33,0,-91.00,-14.00,0.00,0.00,54.00,0.00,0,189
270.03,1547802731,2127.70,51.51603223,7.45569926,134.31,8.15,0.00,235.69,0,-86.00,-7.00,0.00,0.00,53.00,0.00,0,24
270.03,1547802731,2127.71,51.51603223,7.45569926,134.31,8.15,0.00,235.69,0,-83.00,-10.00,0.00,0.00,56.00,0.00,0,455
270.03,1547802731,2127.72,51.51603223,7.45569926,134.31,8.15,0.00,235.69,0,-85.00,-10.00,0.00,0.00,55.00,0.00,0,189
271.03,1547802732,2135.82,51.51598331,7.45556609,133.72,8.47,0.00,233.90,0,-86.00,-7.00,0.00,0.00,53.00,0.00,0,24
271.03,1547802732,2135.82,51.51598331,7.45556609,133.72,8.47,0.00,233.90,0,-83.00,-10.00,0.00,0.00,56.00,0.00,0,455
271.03,1547802732,2135.82,51.51598331,7.45556609,133.72,8.47,0.00,233.90,0,-85.00,-10.00,0.00,0.00,55.00,0.00,0,189
272.04,1547802733,2144.37,51.51592668,7.45544414,133.21,8.70,0.00,231.30,0,-87.00,-9.00,0.00,0.00,54.00,0.00,0,24
272.04,1547802733,2144.37,51.51592668,7.45544414,133.21,8.70,0.00,231.30,0,-82.00,-10.00,0.00,0.00,59.00,0.00,0,455
272.04,1547802733,2144.38,51.51592668,7.45544414,133.21,8.70,0.00,231.30,0,-85.00,-12.00,0.00,0.00,59.00,0.00,0,189
273.03,1547802734,2153.01,51.51587380,7.45535054,133.23,8.15,0.00,228.72,0,-87.00,-9.00,0.00,0.00,54.00,0.00,0,24
273.03,1547802734,2153.01,51.51587380,7.45535054,133.23,8.15,0.00,228.72,0,-82.00,-10.00,0.00,0.00,59.00,0.00,0,455
273.03,1547802734,2153.02,51.51587380,7.45535054,133.23,8.15,0.00,228.72,0,-85.00,-12.00,0.00,0.00,59.00,0.00,0,189
274.03,1547802735,2161.16,51.51580830,7.45527384,132.68,8.44,0.00,215.88,0,-87.00,-9.00,0.00,0.00,54.00,0.00,0,24
274.03,1547802735,2161.17,51.51580830,7.45527384,132.68,8.44,0.00,215.88,0,-82.00,-10.00,0.00,0.00,59.00,0.00,0,455
274.03,1547802735,2161.17,51.51580830,7.45527384,132.68,8.44,0.00,215.88,0,-85.00,-12.00,0.00,0.00,59.00,0.00,0,189
275.03,1547802736,2169.63,51.51574006,7.45519744,132.34,9.10,0.00,215.17,0,-84.00,-8.00,0.00,0.00,56.00,0.00,0,24
275.03,1547802736,2169.63,51.51574006,7.45519744,132.34,9.10,0.00,215.17,0,-81.00,-8.00,0.00,0.00,57.00,0.00,0,455
275.04,1547802736,2169.64,51.51574006,7.45519744,132.34,9.10,0.00,215.17,0,-84.00,-11.00,0.00,0.00,57.00,0.00,0,189
276.03,1547802737,2178.73,51.51565463,7.45511919,132.12,9.71,0.00,214.12,0,-84.00,-8.00,0.00,0.00,56.00,0.00,0,24
276.04,1547802737,2178.74,51.51565463,7.45511919,132.12,9.71,0.00,214.12,0,-81.00,-8.00,0.00,0.00,57.00,0.00,0,455
276.04,1547802737,2178.75,51.51565463,7.45511919,132.12,9.71,0.00,214.12,0,-84.00,-11.00,0.00,0.00,57.00,0.00,0,189
277.03,1547802738,2188.43,51.51634770,7.45628190,132.87,10.67,0.00,192.86,0,-93.00,-10.00,0.00,0.00,48.00,0.00,0,443
278.03,1547802739,2199.09,51.51541091,7.45505269,133.12,11.74,0.00,190.59,0,-93.00,-10.00,0.00,0.00,48.00,0.00,0,443
279.03,1547802740,2210.83,51.51528711,7.45507280,133.31,12.36,0.00,177.25,0,-87.00,-9.00,0.00,0.00,55.00,0.00,0,443
280.03,1547802741,2223.19,51.51517058,7.45509741,133.42,12.43,0.00,176.09,0,-87.00,-9.00,0.00,0.00,55.00,0.00,0,443
281.03,1547802742,2235.58,51.51505864,7.45512601,133.63,12.32,0.00,175.63,0,-83.00,-9.00,0.00,0.00,58.00,0.00,0,443
281.03,1547802742,2235.59,51.51505864,7.45512601,133.63,12.32,0.00,175.63,0,-83.00,-13.00,0.00,0.00,61.00,0.00,0,25
282.03,1547802743,2247.93,51.51492383,7.45516911,134.10,13.91,0.00,174.29,0,-83.00,-9.00,0.00,0.00,58.00,0.00,0,443
282.03,1547802743,2247.93,51.51492383,7.45516911,134.10,13.91,0.00,174.29,0,-83.00,-13.00,0.00,0.00,61.00,0.00,0,25
287.03,1547802748,2320.03,51.51425443,7.45536620,135.34,13.00,0.00,171.01,0,-77.00,-7.00,0.00,0.00,59.00,0.00,0,275
288.03,1547802749,2333.02,51.51415539,7.45539167,136.09,10.77,0.00,171.35,0,-77.00,-7.00,0.00,0.00,59.00,0.00,0,275
291.03,1547802752,2363.58,51.51388022,7.45546239,136.98,9.70,0.00,170.67,0,-81.00,-10.00,0.00,0.00,61.00,0.00,0,441
291.03,1547802752,2363.59,51.51388022,7.45546239,136.98,9.70,0.00,170.67,0,-85.00,-12.00,0.00,0.00,57.00,0.00,0,455
291.03,1547802752,2363.59,51.51388022,7.45546239,136.98,9.70,0.00,170.67,0,-89.00,-14.00,0.00,0.00,56.00,0.00,0,142
292.03,1547802753,2373.27,51.51377961,7.45550378,136.68,10.82,0.00,168.62,0,-81.00,-10.00,0.00,0.00,61.00,0.00,0,441
292.03,1547802753,2373.28,51.51377961,7.45550378,136.68,10.82,0.00,168.62,0,-85.00,-12.00,0.00,0.00,57.00,0.00,0,455
292.03,1547802753,2373.28,51.51377961,7.45550378,136.68,10.82,0.00,168.62,0,-89.00,-14.00,0.00,0.00,56.00,0.00,0,142
293.03,1547802754,2384.06,51.51367304,7.45555148,136.53,11.80,0.00,166.85,0,-88.00,-12.00,0.00,0.00,57.00,0.00,0,24
293.03,1547802754,2384.07,51.51367304,7.45555148,136.53,11.80,0.00,166.85,0,-90.00,-14.00,0.00,0.00,56.00,0.00,0,441
293.03,1547802754,2384.07,51.51367304,7.45555148,136.53,11.80,0.00,166.85,0,-86.00,-14.00,0.00,0.00,59.00,0.00,0,455
294.03,1547802755,2395.92,51.51356196,7.45560966,136.47,12.73,0.00,164.44,0,-88.00,-12.00,0.00,0.00,57.00,0.00,0,24
294.04,1547802755,2395.93,51.51356196,7.45560966,136.47,12.73,0.00,164.44,0,-90.00,-14.00,0.00,0.00,56.00,0.00,0,441
294.04,1547802755,2395.93,51.51356196,7.45560966,136.47,12.73,0.00,164.44,0,-86.00,-14.00,0.00,0.00,59.00,0.00,0,455
295.04,1547802756,2408.75,51.51345771,7.45569981,136.61,12.71,0.00,151.02,0,-82.00,-10.00,0.00,0.00,60.00,0.00,0,24
295.04,1547802756,2408.76,51.51345771,7.45569981,136.61,12.71,0.00,151.02,0,-82.00,-9.00,0.00,0.00,59.00,0.00,0,441
295.04,1547802756,2408.76,51.51345771,7.45569981,136.61,12.71,0.00,151.02,0,-82.00,-10.00,0.00,0.00,59.00,0.00,0,455
295.04,1547802756,2408.78,51.51345771,7.45569981,136.61,12.71,0.00,151.02,0,-86.00,-12.00,0.00,0.00,56.00,0.00,0,142
296.03,1547802757,2421.35,51.51335145,7.45579984,137.53,12.26,0.00,151.84,0,-82.00,-10.00,0.00,0.00,60.00,0.00,0,24
296.03,1547802757,2421.36,51.51335145,7.45579984,137.53,12.26,0.00,151.84,0,-82.00,-9.00,0.00,0.00,59.00,0.00,0,441
296.04,1547802757,2421.37,51.51335145,7.45579984,137.53,12.26,0.00,151.84,0,-82.00,-10.00,0.00,0.00,59.00,0.00,0,455
296.04,1547802757,2421.37,51.51335145,7.45579984,137.53,12.26,0.00,151.84,0,-86.00,-12.00,0.00,0.00,56.00,0.00,0,142
297.03,1547802758,2433.61,51.51260950,7.45273960,138.37,11.36,0.00,150.63,0,-82.00,-10.00,0.00,0.00,60.00,0.00,0,24
297.03,1547802758,2433.61,51.51260950,7.45273960,138.37,11.36,0.00,150.63,0,-82.00,-9.00,0.00,0.00,59.00,0.00,0,441
297.03,1547802758,2433.62,51.51260950,7.45273960,138.37,11.36,0.00,150.63,0,-82.00,-10.00,0.00,0.00,59.00,0.00,0,455
297.04,1547802758,2433.63,51.51260950,7.45273960,138.37,11.36,0.00,150.63,0,-86.00,-12.00,0.00,0.00,56.00,0.00,0,142
300.03,1547802761,2468.47,51.51300779,7.45627104,139.05,13.60,0.00,126.65,0,-91.00,-11.00,0.00,0.00,51.00,0.00,0,24
300.03,1547802761,2468.48,51.51300779,7.45627104,139.05,13.60,0.00,126.65,0,-92.00,-11.00,0.00,0.00,51.00,0.00,0,25
300.03,1547802761,2468.48,51.51300779,7.45627104,139.05,13.60,0.00,126.65,0,-85.00,-9.00,0.00,0.00,55.00,0.00,0,143
301.03,1547802762,2482.03,51.51293592,7.45643167,138.57,12.65,0.00,127.44,0,-91.00,-11.00,0.00,0.00,51.00,0.00,0,24
301.03,1547802762,2482.04,51.51293592,7.45643167,138.57,12.65,0.00,127.44,0,-92.00,-11.00,0.00,0.00,51.00,0.00,0,25
301.03,1547802762,2482.04,51.51293592,7.45643167,138.57,12.65,0.00,127.44,0,-85.00,-9.00,0.00,0.00,55.00,0.00,0,143
302.03,1547802763,2494.72,51.51287481,7.45657158,138.14,11.34,0.00,128.30,0,-87.00,-9.00,0.00,0.00,53.00,0.00,0,25
302.03,1547802763,2494.72,51.51287481,7.45657158,138.14,11.34,0.00,128.30,0,-81.00,-8.00,0.00,0.00,59.00,0.00,0,143
303.03,1547802764,2506.02,51.51280758,7.45672884,137.89,11.97,0.00,127.92,0,-87.00,-9.00,0.00,0.00,53.00,0.00,0,25
303.03,1547802764,2506.02,51.51280758,7.45672884,137.89,11.97,0.00,127.92,0,-81.00,-8.00,0.00,0.00,59.00,0.00,0,143
304.03,1547802765,2517.99,51.51273369,7.45689416,137.92,13.17,0.00,128.82,0,-84.00,-10.00,0.00,0.00,59.00,0.00,0,25
304.03,1547802765,2518.00,51.51273369,7.45689416,137.92,13.17,0.00,128.82,0,-79.00,-10.00,0.00,0.00,63.00,0.00,0,143
305.03,1547802766,2531.21,51.51265830,7.45706266,138.18,13.57,0.00,128.02,0,-84.00,-10.00,0.00,0.00,59.00,0.00,0,25
305.03,1547802766,2531.23,51.51265830,7.45706266,138.18,13.57,0.00,128.02,0,-79.00,-10.00,0.00,0.00,63.00,0.00,0,143
306.03,1547802767,2544.77,51.51257993,7.45723780,138.03,13.78,0.00,128.30,0,-92.00,-11.00,0.00,0.00,51.00,0.00,0,25
306.03,1547802767,2544.77,51.51257993,7.45723780,138.03,13.78,0.00,128.30,0,-84.00,-10.00,0.00,0.00,57.00,0.00,0,143
307.03,1547802768,2558.55,51.51249992,7.45741189,138.23,15.14,0.00,127.88,0,-92.00,-11.00,0.00,0.00,51.00,0.00,0,25
307.03,1547802768,2558.57,51.51249992,7.45741189,138.23,15.14,0.00,127.88,0,-84.00,-10.00,0.00,0.00,57.00,0.00,0,143
308.03,1547802769,2573.69,51.51241579,7.45759535,138.98,15.95,0.00,127.24,0,-92.00,-13.00,0.00,0.00,53.00,0.00,0,25
308.03,1547802769,2573.71,51.51241579,7.45759535,138.98,15.95,0.00,127.24,0,-83.00,-14.00,0.00,0.00,61.00,0.00,0,143
309.03,1547802770,2589.63,51.51233531,7.45778108,139.69,15.68,0.00,126.10,0,-92.00,-13.00,0.00,0.00,53.00,0.00,0,25
309.03,1547802770,2589.64,51.51233531,7.45778108,139.69,15.68,0.00,126.10,0,-83.00,-14.00,0.00,0.00,61.00,0.00,0,143
310.03,1547802771,2605.30,51.51226598,7.45795388,140.58,15.27,0.00,124.76,0,-92.00,-15.00,0.00,0.00,53.00,0.00,0,25
311.03,1547802772,2620.58,51.51220085,7.45812430,141.66,14.37,0.00,124.24,0,-92.00,-15.00,0.00,0.00,53.00,0.00,0,25
312.03,1547802773,2634.88,51.51212968,7.45830030,142.67,14.89,0.00,125.30,0,-96.00,-13.00,0.00,0.00,50.00,0.00,0,25
312.03,1547802773,2634.89,51.51212968,7.45830030,142.67,14.89,0.00,125.30,0,-89.00,-11.00,0.00,0.00,55.00,0.00,0,139
312.03,1547802773,2634.89,51.51212968,7.45830030,142.67,14.89,0.00,125.30,0,-91.00,-12.00,0.00,0.00,54.00,0.00,0,143
313.03,1547802774,2649.85,51.51205527,7.45847000,143.10,14.42,0.00,127.04,0,-96.00,-13.00,0.00,0.00,50.00,0.00,0,25
313.03,1547802774,2649.86,51.51205527,7.45847000,143.10,14.42,0.00,127.04,0,-89.00,-11.00,0.00,0.00,55.00,0.00,0,139
313.03,1547802774,2649.88,51.51205527,7.45847000,143.10,14.42,0.00,127.04,0,-91.00,-12.00,0.00,0.00,54.00,0.00,0,143
314.03,1547802775,2664.25,51.51197482,7.45864489,143.17,13.42,0.00,127.49,0,-85.00,-7.00,0.00,0.00,53.00,0.00,0,139
315.03,1547802776,2677.68,51.51190118,7.45879801,142.82,11.98,0.00,126.54,0,-85.00,-7.00,0.00,0.00,53.00,0.00,0,139
316.04,1547802777,2689.74,51.51183959,7.45893448,142.06,9.53,0.00,127.10,0,-82.00,-7.00,0.00,0.00,55.00,0.00,0,139
317.03,1547802778,2699.18,51.51145610,7.46046700,141.56,6.67,0.00,128.03,0,-82.00,-7.00,0.00,0.00,55.00,0.00,0,139
318.03,1547802779,2705.84,51.51176637,7.45909038,141.39,4.92,0.00,126.71,0,-82.00,-7.00,0.00,0.00,55.00,0.00,0,139
319.03,1547802780,2710.76,51.51174066,7.45915448,141.41,3.61,0.00,127.21,0,-81.00,-7.00,0.00,0.00,57.00,0.00,0,139
320.03,1547802781,2714.37,51.51172559,7.45920211,141.41,0.99,0.00,127.21,0,-81.00,-7.00,0.00,0.00,57.00,0.00,0,139
321.03,1547802782,2715.36,51.51172559,7.45920211,141.41,0.00,0.00,127.21,0,-81.00,-7.00,0.00,0.00,57.00,0.00,0,139
322.03,1547802783,2715.36,51.51172559,7.45920211,141.42,0.00,0.00,127.21,0,-81.00,-7.00,0.00,0.00,57.00,0.00,0,139
323.03,1547802784,2715.36,51.51172559,7.45920211,141.42,0.00,0.00,127.21,0,-81.00,-6.00,0.00,0.00,56.00,0.00,0,139
324.03,1547802785,2715.36,51.51172559,7.45920211,141.40,0.00,0.00,127.21,0,-81.00,-6.00,0.00,0.00,56.00,0.00,0,139
325.03,1547802786,2715.36,51.51172559,7.45920211,141.38,0.00,0.00,127.21,0,-82.00,-7.00,0.00,0.00,55.00,0.00,0,139
326.03,1547802787,2715.36,51.51172559,7.45920211,141.36,0.00,0.00,127.21,0,-82.00,-7.00,0.00,0.00,55.00,0.00,0,139
327.03,1547802788,2715.36,51.51172559,7.45920211,141.34,0.00,0.00,127.21,0,-81.00,-7.00,0.00,0.00,56.00,0.00,0,139
328.03,1547802789,2715.36,51.51172559,7.45920211,141.32,0.00,0.00,127.21,0,-81.00,-7.00,0.00,0.00,56.00,0.00,0,139
329.03,1547802790,2715.36,51.51172559,7.45920211,141.30,0.00,0.00,127.21,0,-81.00,-6.00,0.00,0.00,56.00,0.00,0,139
330.03,1547802791,2715.36,51.51172559,7.45920211,141.29,0.00,0.00,127.21,0,-81.00,-6.00,0.00,0.00,56.00,0.00,0,139
331.03,1547802792,2715.36,51.51172559,7.45920211,141.29,0.00,0.00,127.21,0,-81.00,-6.00,0.00,0.00,56.00,0.00,0,139
332.03,1547802793,2715.36,51.51172559,7.45920211,141.28,0.00,0.00,127.21,0,-81.00,-6.00,0.00,0.00,56.00,0.00,0,139
333.03,1547802794,2715.36,51.51172559,7.45920211,141.28,0.00,0.00,127.21,0,-81.00,-7.00,0.00,0.00,56.00,0.00,0,139
334.03,1547802795,2715.36,51.51172559,7.45920211,141.31,0.00,0.00,127.21,0,-81.00,-7.00,0.00,0.00,56.00,0.00,0,139
335.03,1547802796,2715.36,51.51172559,7.45920211,141.34,0.00,0.00,127.21,0,-81.00,-7.00,0.00,0.00,56.00,0.00,0,139
336.03,1547802797,2715.36,51.51172559,7.45920211,141.38,0.00,0.00,127.21,0,-81.00,-7.00,0.00,0.00,56.00,0.00,0,139
337.04,1547802798,2715.36,51.51145610,7.46046700,141.42,0.00,0.00,127.21,0,-81.00,-7.00,0.00,0.00,57.00,0.00,0,139
338.03,1547802799,2715.36,51.51172559,7.45920211,141.46,0.00,0.00,127.21,0,-81.00,-7.00,0.00,0.00,57.00,0.00,0,139
339.03,1547802800,2715.36,51.51172559,7.45920211,141.49,0.00,0.00,127.21,0,-81.00,-7.00,0.00,0.00,57.00,0.00,0,139
340.03,1547802801,2715.36,51.51172559,7.45920211,141.52,0.00,0.00,127.21,0,-81.00,-7.00,0.00,0.00,56.00,0.00,0,139
341.03,1547802802,2715.36,51.51172559,7.45920211,141.55,0.00,0.00,127.21,0,-81.00,-7.00,0.00,0.00,56.00,0.00,0,139
342.03,1547802803,2715.36,51.51172559,7.45920211,141.56,0.00,0.00,127.21,0,-81.00,-7.00,0.00,0.00,56.00,0.00,0,139
343.03,1547802804,2715.36,51.51172559,7.45920211,141.57,0.00,0.00,127.21,0,-81.00,-7.00,0.00,0.00,56.00,0.00,0,139
344.03,1547802805,2715.36,51.51172559,7.45920211,141.57,0.00,0.00,127.21,0,-82.00,-7.00,0.00,0.00,56.00,0.00,0,139
345.03,1547802806,2715.36,51.51172559,7.45920211,141.58,0.00,0.00,127.21,0,-82.00,-7.00,0.00,0.00,56.00,0.00,0,139
346.03,1547802807,2715.36,51.51172559,7.45920211,141.58,0.00,0.00,127.21,0,-82.00,-7.00,0.00,0.00,56.00,0.00,0,139
347.03,1547802808,2715.36,51.51172559,7.45920211,141.58,0.00,0.00,127.21,0,-82.00,-7.00,0.00,0.00,56.00,0.00,0,139
348.03,1547802809,2715.36,51.51172559,7.45920211,141.58,0.00,0.00,127.21,0,-82.00,-7.00,0.00,0.00,55.00,0.00,0,139
349.03,1547802810,2715.36,51.51172559,7.45920211,141.58,0.00,0.00,127.21,0,-82.00,-7.00,0.00,0.00,55.00,0.00,0,139
350.03,1547802811,2715.36,51.51172559,7.45920211,141.58,0.00,0.00,127.21,0,-82.00,-7.00,0.00,0.00,55.00,0.00,0,139
351.03,1547802812,2715.36,51.51172559,7.45920211,141.58,0.00,0.00,127.21,0,-82.00,-7.00,0.00,0.00,55.00,0.00,0,139
352.03,1547802813,2715.36,51.51172559,7.45920211,141.58,0.00,0.00,127.21,0,-82.00,-7.00,0.00,0.00,55.00,0.00,0,139
353.03,1547802814,2715.36,51.51172559,7.45920211,141.58,0.00,0.00,127.21,0,-82.00,-7.00,0.00,0.00,55.00,0.00,0,139
354.03,1547802815,2715.36,51.51172559,7.45920211,141.59,0.00,0.00,127.21,0,-82.00,-7.00,0.00,0.00,55.00,0.00,0,139
355.03,1547802816,2715.36,51.51172559,7.45920211,141.59,0.00,0.00,127.21,0,-82.00,-7.00,0.00,0.00,55.00,0.00,0,139
356.03,1547802817,2715.36,51.51172559,7.45920211,141.59,0.00,0.00,127.21,0,-82.00,-6.00,0.00,0.00,55.00,0.00,0,139
357.03,1547802818,2715.36,51.51145610,7.46046700,141.74,0.00,0.00,128.14,0,-82.00,-6.00,0.00,0.00,55.00,0.00,0,139
358.04,1547802819,2715.36,51.51168380,7.45928160,142.86,0.00,0.00,128.95,0,-81.00,-7.00,0.00,0.00,56.00,0.00,0,139
359.03,1547802820,2715.37,51.51165990,7.45932605,143.97,5.76,0.00,127.98,0,-81.00,-7.00,0.00,0.00,56.00,0.00,0,139
360.03,1547802821,2721.13,51.51160768,7.45943293,144.17,8.47,0.00,128.53,0,-81.00,-7.00,0.00,0.00,56.00,0.00,0,139
361.04,1547802822,2729.65,51.51154366,7.45955726,144.17,9.42,0.00,129.28,0,-92.00,-11.00,0.00,0.00,51.00,0.00,0,326
361.04,1547802822,2729.67,51.51154366,7.45955726,144.17,9.42,0.00,129.28,0,-79.00,-7.00,0.00,0.00,58.00,0.00,0,139
362.03,1547802823,2739.01,51.51147280,7.45969796,143.76,9.41,0.00,128.72,0,-92.00,-11.00,0.00,0.00,51.00,0.00,0,326
362.03,1547802823,2739.01,51.51147280,7.45969796,143.76,9.41,0.00,128.72,0,-79.00,-7.00,0.00,0.00,58.00,0.00,0,139
363.03,1547802824,2748.43,51.51139686,7.45984195,143.17,10.47,0.00,130.15,0,-78.00,-6.00,0.00,0.00,59.00,0.00,0,139
364.03,1547802825,2758.90,51.51131349,7.45999362,142.63,11.87,0.00,131.68,0,-78.00,-6.00,0.00,0.00,59.00,0.00,0,139
365.03,1547802826,2770.76,51.51122787,7.46014617,142.30,12.15,0.00,132.93,0,-76.00,-6.00,0.00,0.00,61.00,0.00,0,139
366.03,1547802827,2782.94,51.51114631,7.46028563,142.23,12.57,0.00,133.47,0,-76.00,-6.00,0.00,0.00,61.00,0.00,0,139
367.03,1547802828,2795.49,51.51104405,7.46045880,142.20,13.58,0.00,133.06,0,-74.00,-6.00,0.00,0.00,62.00,0.00,0,139
368.03,1547802829,2809.06,51.51095010,7.46061686,141.98,12.51,0.00,133.60,0,-74.00,-6.00,0.00,0.00,62.00,0.00,0,139
369.03,1547802830,2821.57,51.51086025,7.46076322,141.63,12.50,0.00,134.54,0,-79.00,-7.00,0.00,0.00,59.00,0.00,0,139
370.03,1547802831,2834.09,51.51077193,7.46091605,141.71,13.67,0.00,133.68,0,-79.00,-7.00,0.00,0.00,59.00,0.00,0,139
371.03,1547802832,2847.75,51.51069075,7.46105188,141.86,12.40,0.00,134.45,0,-82.00,-8.00,0.00,0.00,57.00,0.00,0,139
371.03,1547802832,2847.75,51.51069075,7.46105188,141.86,12.40,0.00,134.45,0,-84.00,-11.00,0.00,0.00,57.00,0.00,0,138
372.03,1547802833,2860.18,51.51060913,7.46118520,141.78,12.10,0.00,135.01,0,-82.00,-8.00,0.00,0.00,57.00,0.00,0,139
372.04,1547802833,2860.19,51.51060913,7.46118520,141.78,12.10,0.00,135.01,0,-84.00,-11.00,0.00,0.00,57.00,0.00,0,138
373.03,1547802834,2872.20,51.51052879,7.46131294,142.16,11.17,0.00,134.49,0,-93.00,-14.00,0.00,0.00,53.00,0.00,0,326
373.03,1547802834,2872.20,51.51052879,7.46131294,142.16,11.17,0.00,134.49,0,-80.00,-8.00,0.00,0.00,59.00,0.00,0,139
373.03,1547802834,2872.22,51.51052879,7.46131294,142.16,11.17,0.00,134.49,0,-82.00,-10.00,0.00,0.00,59.00,0.00,0,138
374.03,1547802835,2883.37,51.51047573,7.46140564,142.50,7.88,0.00,133.46,0,-93.00,-14.00,0.00,0.00,53.00,0.00,0,326
374.03,1547802835,2883.38,51.51047573,7.46140564,142.50,7.88,0.00,133.46,0,-80.00,-8.00,0.00,0.00,59.00,0.00,0,139
374.03,1547802835,2883.38,51.51047573,7.46140564,142.50,7.88,0.00,133.46,0,-82.00,-10.00,0.00,0.00,59.00,0.00,0,138
375.03,1547802836,2891.28,51.51041617,7.46151494,143.29,9.34,0.00,131.43,0,-75.00,-7.00,0.00,0.00,63.00,0.00,0,139
375.03,1547802836,2891.29,51.51041617,7.46151494,143.29,9.34,0.00,131.43,0,-80.00,-11.00,0.00,0.00,63.00,0.00,0,138
376.03,1547802837,2900.62,51.51035010,7.46162935,144.41,10.66,0.00,130.55,0,-75.00,-7.00,0.00,0.00,63.00,0.00,0,139
376.03,1547802837,2900.63,51.51035010,7.46162935,144.41,10.66,0.00,130.55,0,-80.00,-11.00,0.00,0.00,63.00,0.00,0,138
377.03,1547802838,2911.30,51.51248350,7.45989710,145.16,9.00,0.00,131.47,0,-90.00,-10.00,0.00,0.00,52.00,0.00,0,326
377.03,1547802838,2911.30,51.51248350,7.45989710,145.16,9.00,0.00,131.47,0,-94.00,-12.00,0.00,0.00,51.00,0.00,0,199
377.04,1547802838,2911.31,51.51248350,7.45989710,145.16,9.00,0.00,131.47,0,-81.00,-9.00,0.00,0.00,58.00,0.00,0,138
377.04,1547802838,2911.32,51.51248350,7.45989710,145.16,9.00,0.00,131.47,0,-82.00,-9.00,0.00,0.00,58.00,0.00,0,139
378.03,1547802839,2920.29,51.51023048,7.46184388,145.92,6.94,0.00,131.92,0,-90.00,-10.00,0.00,0.00,52.00,0.00,0,326
378.03,1547802839,2920.30,51.51023048,7.46184388,145.92,6.94,0.00,131.92,0,-94.00,-12.00,0.00,0.00,51.00,0.00,0,199
378.04,1547802839,2920.31,51.51023048,7.46184388,145.92,6.94,0.00,131.92,0,-81.00,-9.00,0.00,0.00,58.00,0.00,0,138
378.04,1547802839,2920.31,51.51023048,7.46184388,145.92,6.94,0.00,131.92,0,-82.00,-9.00,0.00,0.00,58.00,0.00,0,139
379.04,1547802840,2927.28,51.51019791,7.46191159,146.53,4.42,0.00,131.01,0,-85.00,-9.00,0.00,0.00,56.00,0.00,0,326
379.04,1547802840,2927.28,51.51019791,7.46191159,146.53,4.42,0.00,131.01,0,-80.00,-9.00,0.00,0.00,60.00,0.00,0,138
379.04,1547802840,2927.28,51.51019791,7.46191159,146.53,4.42,0.00,131.01,0,-81.00,-10.00,0.00,0.00,60.00,0.00,0,139
380.03,1547802841,2931.67,51.51017677,7.46196548,146.66,3.97,0.00,129.08,0,-85.00,-9.00,0.00,0.00,56.00,0.00,0,326
380.03,1547802841,2931.67,51.51017677,7.46196548,146.66,3.97,0.00,129.08,0,-80.00,-9.00,0.00,0.00,60.00,0.00,0,138
380.03,1547802841,2931.67,51.51017677,7.46196548,146.66,3.97,0.00,129.08,0,-81.00,-10.00,0.00,0.00,60.00,0.00,0,139
381.04,1547802842,2935.67,51.51015858,7.46201292,146.82,3.05,0.00,127.22,0,-85.00,-9.00,0.00,0.00,56.00,0.00,0,326
381.04,1547802842,2935.67,51.51015858,7.46201292,146.82,3.05,0.00,127.22,0,-80.00,-9.00,0.00,0.00,60.00,0.00,0,138
381.04,1547802842,2935.67,51.51015858,7.46201292,146.82,3.05,0.00,127.22,0,-81.00,-10.00,0.00,0.00,60.00,0.00,0,139
384.03,1547802845,2939.32,51.51015028,7.46203963,146.96,0.00,0.00,127.22,0,-85.00,-9.00,0.00,0.00,55.00,0.00,0,441
384.03,1547802845,2939.32,51.51015028,7.46203963,146.96,0.00,0.00,127.22,0,-77.00,-9.00,0.00,0.00,63.00,0.00,0,138
384.03,1547802845,2939.32,51.51015028,7.46203963,146.96,0.00,0.00,127.22,0,-82.00,-13.00,0.00,0.00,63.00,0.00,0,139
385.03,1547802846,2939.32,51.51015028,7.46203963,146.98,0.00,0.00,127.22,0,-85.00,-9.00,0.00,0.00,55.00,0.00,0,441
385.03,1547802846,2939.32,51.51015028,7.46203963,146.98,0.00,0.00,127.22,0,-77.00,-9.00,0.00,0.00,63.00,0.00,0,138
385.03,1547802846,2939.32,51.51015028,7.46203963,146.98,0.00,0.00,127.22,0,-82.00,-13.00,0.00,0.00,63.00,0.00,0,139
386.03,1547802847,2939.32,51.51015028,7.46203963,147.01,0.00,0.00,127.22,0,-85.00,-8.00,0.00,0.00,54.00,0.00,0,441
386.04,1547802847,2939.32,51.51015028,7.46203963,147.01,0.00,0.00,127.22,0,-76.00,-9.00,0.00,0.00,63.00,0.00,0,138
386.04,1547802847,2939.32,51.51015028,7.46203963,147.01,0.00,0.00,127.22,0,-83.00,-13.00,0.00,0.00,63.00,0.00,0,139
387.03,1547802848,2939.32,51.51015028,7.46203963,147.03,0.00,0.00,127.22,0,-85.00,-8.00,0.00,0.00,54.00,0.00,0,441
387.03,1547802848,2939.32,51.51015028,7.46203963,147.03,0.00,0.00,127.22,0,-76.00,-9.00,0.00,0.00,63.00,0.00,0,138
387.03,1547802848,2939.32,51.51015028,7.46203963,147.03,0.00,0.00,127.22,0,-83.00,-13.00,0.00,0.00,63.00,0.00,0,139
388.03,1547802849,2939.32,51.51015028,7.46203963,147.06,0.00,0.00,127.22,0,-85.00,-7.00,0.00,0.00,54.00,0.00,0,441
388.03,1547802849,2939.32,51.51015028,7.46203963,147.06,0.00,0.00,127.22,0,-76.00,-8.00,0.00,0.00,62.00,0.00,0,138
388.03,1547802849,2939.32,51.51015028,7.46203963,147.06,0.00,0.00,127.22,0,-83.00,-13.00,0.00,0.00,62.00,0.00,0,139
389.03,1547802850,2939.32,51.51015028,7.46203963,147.08,0.00,0.00,127.22,0,-85.00,-7.00,0.00,0.00,54.00,0.00,0,441
389.03,1547802850,2939.32,51.51015028,7.46203963,147.08,0.00,0.00,127.22,0,-76.00,-8.00,0.00,0.00,62.00,0.00,0,138
389.03,1547802850,2939.32,51.51015028,7.46203963,147.08,0.00,0.00,127.22,0,-83.00,-13.00,0.00,0.00,62.00,0.00,0,139
390.03,1547802851,2939.32,51.51015028,7.46203963,147.10,0.00,0.00,127.22,0,-85.00,-8.00,0.00,0.00,55.00,0.00,0,441
390.03,1547802851,2939.32,51.51015028,7.46203963,147.10,0.00,0.00,127.22,0,-76.00,-8.00,0.00,0.00,62.00,0.00,0,138
390.03,1547802851,2939.32,51.51015028,7.46203963,147.10,0.00,0.00,127.22,0,-83.00,-13.00,0.00,0.00,62.00,0.00,0,139
391.03,1547802852,2939.32,51.51015028,7.46203963,147.12,0.00,0.00,127.22,0,-85.00,-8.00,0.00,0.00,55.00,0.00,0,441
391.03,1547802852,2939.32,51.51015028,7.46203963,147.12,0.00,0.00,127.22,0,-76.00,-8.00,0.00,0.00,62.00,0.00,0,138
391.03,1547802852,2939.32,51.51015028,7.46203963,147.12,0.00,0.00,127.22,0,-83.00,-13.00,0.00,0.00,62.00,0.00,0,139
392.03,1547802853,2939.32,51.51015028,7.46203963,147.14,0.00,0.00,127.22,0,-85.00,-11.00,0.00,0.00,58.00,0.00,0,441
392.03,1547802853,2939.32,51.51015028,7.46203963,147.14,0.00,0.00,127.22,0,-77.00,-9.00,0.00,0.00,63.00,0.00,0,138
392.03,1547802853,2939.32,51.51015028,7.46203963,147.14,0.00,0.00,127.22,0,-82.00,-14.00,0.00,0.00,63.00,0.00,0,139
393.03,1547802854,2939.32,51.51015028,7.46203963,147.15,0.00,0.00,127.22,0,-85.00,-11.00,0.00,0.00,58.00,0.00,0,441
393.03,1547802854,2939.32,51.51015028,7.46203963,147.15,0.00,0.00,127.22,0,-77.00,-9.00,0.00,0.00,63.00,0.00,0,138
393.03,1547802854,2939.32,51.51015028,7.46203963,147.15,0.00,0.00,127.22,0,-82.00,-14.00,0.00,0.00,63.00,0.00,0,139
394.03,1547802855,2939.32,51.51015028,7.46203963,147.15,0.00,0.00,127.22,0,-85.00,-9.00,0.00,0.00,56.00,0.00,0,441
394.03,1547802855,2939.32,51.51015028,7.46203963,147.15,0.00,0.00,127.22,0,-77.00,-9.00,0.00,0.00,62.00,0.00,0,138
394.03,1547802855,2939.32,51.51015028,7.46203963,147.15,0.00,0.00,127.22,0,-82.00,-13.00,0.00,0.00,62.00,0.00,0,139
395.03,1547802856,2939.32,51.51015028,7.46203963,147.13,0.00,0.00,127.22,0,-85.00,-9.00,0.00,0.00,56.00,0.00,0,441
395.03,1547802856,2939.32,51.51015028,7.46203963,147.13,0.00,0.00,127.22,0,-77.00,-9.00,0.00,0.00,62.00,0.00,0,138
395.03,1547802856,2939.32,51.51015028,7.46203963,147.13,0.00,0.00,127.22,0,-82.00,-13.00,0.00,0.00,62.00,0.00,0,139
396.03,1547802857,2939.32,51.51015028,7.46203963,147.11,0.00,0.00,127.22,0,-85.00,-8.00,0.00,0.00,54.00,0.00,0,441
396.03,1547802857,2939.32,51.51015028,7.46203963,147.11,0.00,0.00,127.22,0,-76.00,-8.00,0.00,0.00,62.00,0.00,0,138
396.03,1547802857,2939.32,51.51015028,7.46203963,147.11,0.00,0.00,127.22,0,-82.00,-13.00,0.00,0.00,62.00,0.00,0,139
397.03,1547802858,2939.32,51.50991830,7.46386080,147.09,0.00,0.00,127.22,0,-85.00,-8.00,0.00,0.00,54.00,0.00,0,441
397.03,1547802858,2939.32,51.50991830,7.46386080,147.09,0.00,0.00,127.22,0,-76.00,-8.00,0.00,0.00,62.00,0.00,0,138
397.03,1547802858,2939.32,51.50991830,7.46386080,147.09,0.00,0.00,127.22,0,-82.00,-13.00,0.00,0.00,62.00,0.00,0,139
398.03,1547802859,2939.32,51.51015028,7.46203963,147.07,0.00,0.00,127.22,0,-85.00,-8.00,0.00,0.00,54.00,0.00,0,441
398.03,1547802859,2939.32,51.51015028,7.46203963,147.07,0.00,0.00,127.22,0,-76.00,-8.00,0.00,0.00,62.00,0.00,0,138
398.03,1547802859,2939.32,51.51015028,7.46203963,147.07,0.00,0.00,127.22,0,-82.00,-13.00,0.00,0.00,62.00,0.00,0,139
399.03,1547802860,2939.32,51.51015028,7.46203963,147.04,0.00,0.00,127.22,0,-85.00,-8.00,0.00,0.00,54.00,0.00,0,441
399.03,1547802860,2939.32,51.51015028,7.46203963,147.04,0.00,0.00,127.22,0,-76.00,-8.00,0.00,0.00,62.00,0.00,0,138
399.03,1547802860,2939.32,51.51015028,7.46203963,147.04,0.00,0.00,127.22,0,-82.00,-13.00,0.00,0.00,62.00,0.00,0,139
400.04,1547802861,2939.32,51.51015028,7.46203963,147.01,0.00,0.00,127.22,0,-85.00,-8.00,0.00,0.00,54.00,0.00,0,441
400.04,1547802861,2939.32,51.51015028,7.46203963,147.01,0.00,0.00,127.22,0,-76.00,-8.00,0.00,0.00,62.00,0.00,0,138
400.04,1547802861,2939.32,51.51015028,7.46203963,147.01,0.00,0.00,127.22,0,-83.00,-13.00,0.00,0.00,62.00,0.00,0,139
401.03,1547802862,2939.32,51.51015028,7.46203963,146.99,0.00,0.00,127.22,0,-85.00,-8.00,0.00,0.00,54.00,0.00,0,441
401.03,1547802862,2939.32,51.51015028,7.46203963,146.99,0.00,0.00,127.22,0,-76.00,-8.00,0.00,0.00,62.00,0.00,0,138
401.03,1547802862,2939.32,51.51015028,7.46203963,146.99,0.00,0.00,127.22,0,-83.00,-13.00,0.00,0.00,62.00,0.00,0,139
402.03,1547802863,2939.32,51.51015028,7.46203963,146.97,0.00,0.00,127.22,0,-85.00,-8.00,0.00,0.00,54.00,0.00,0,441
402.03,1547802863,2939.32,51.51015028,7.46203963,146.97,0.00,0.00,127.22,0,-76.00,-8.00,0.00,0.00,62.00,0.00,0,138
402.03,1547802863,2939.32,51.51015028,7.46203963,146.97,0.00,0.00,127.22,0,-83.00,-13.00,0.00,0.00,62.00,0.00,0,139
403.03,1547802864,2939.32,51.51015028,7.46203963,146.95,0.00,0.00,127.22,0,-85.00,-8.00,0.00,0.00,55.00,0.00,0,441
403.03,1547802864,2939.32,51.51015028,7.46203963,146.95,0.00,0.00,127.22,0,-76.00,-9.00,0.00,0.00,63.00,0.00,0,138
403.03,1547802864,2939.32,51.51015028,7.46203963,146.95,0.00,0.00,127.22,0,-82.00,-14.00,0.00,0.00,63.00,0.00,0,139
404.04,1547802865,2939.32,51.51015028,7.46203963,146.93,0.00,0.00,127.22,0,-85.00,-8.00,0.00,0.00,55.00,0.00,0,441
404.04,1547802865,2939.32,51.51015028,7.46203963,146.93,0.00,0.00,127.22,0,-76.00,-9.00,0.00,0.00,63.00,0.00,0,138
404.04,1547802865,2939.32,51.51015028,7.46203963,146.93,0.00,0.00,127.22,0,-82.00,-14.00,0.00,0.00,63.00,0.00,0,139
405.03,1547802866,2939.32,51.51015028,7.46203963,146.91,0.00,0.00,127.22,0,-85.00,-10.00,0.00,0.00,57.00,0.00,0,441
405.03,1547802866,2939.32,51.51015028,7.46203963,146.91,0.00,0.00,127.22,0,-76.00,-9.00,0.00,0.00,63.00,0.00,0,138
405.03,1547802866,2939.32,51.51015028,7.46203963,146.91,0.00,0.00,127.22,0,-82.00,-13.00,0.00,0.00,63.00,0.00,0,139
406.03,1547802867,2939.32,51.51015028,7.46203963,146.89,0.00,0.00,127.22,0,-85.00,-10.00,0.00,0.00,57.00,0.00,0,441
406.04,1547802867,2939.32,51.51015028,7.46203963,146.89,0.00,0.00,127.22,0,-76.00,-9.00,0.00,0.00,63.00,0.00,0,138
406.04,1547802867,2939.32,51.51015028,7.46203963,146.89,0.00,0.00,127.22,0,-82.00,-13.00,0.00,0.00,63.00,0.00,0,139
407.03,1547802868,2939.32,51.51015028,7.46203963,146.87,0.00,0.00,127.22,0,-85.00,-8.00,0.00,0.00,54.00,0.00,0,441
407.03,1547802868,2939.32,51.51015028,7.46203963,146.87,0.00,0.00,127.22,0,-76.00,-8.00,0.00,0.00,62.00,0.00,0,138
407.03,1547802868,2939.32,51.51015028,7.46203963,146.87,0.00,0.00,127.22,0,-83.00,-13.00,0.00,0.00,62.00,0.00,0,139
408.03,1547802869,2939.32,51.51015028,7.46203963,146.85,0.00,0.00,127.22,0,-85.00,-8.00,0.00,0.00,54.00,0.00,0,441
408.03,1547802869,2939.32,51.51015028,7.46203963,146.85,0.00,0.00,127.22,0,-76.00,-8.00,0.00,0.00,62.00,0.00,0,138
408.03,1547802869,2939.32,51.51015028,7.46203963,146.85,0.00,0.00,127.22,0,-83.00,-13.00,0.00,0.00,62.00,0.00,0,139
409.03,1547802870,2939.32,51.51015028,7.46203963,146.68,0.00,0.00,104.85,0,-85.00,-8.00,0.00,0.00,55.00,0.00,0,441
409.03,1547802870,2939.32,51.51015028,7.46203963,146.68,0.00,0.00,104.85,0,-76.00,-8.00,0.00,0.00,62.00,0.00,0,138
409.03,1547802870,2939.32,51.51015028,7.46203963,146.68,0.00,0.00,104.85,0,-83.00,-13.00,0.00,0.00,62.00,0.00,0,139
410.03,1547802871,2939.32,51.51011353,7.46218232,145.22,0.00,0.00,119.91,0,-85.00,-8.00,0.00,0.00,55.00,0.00,0,441
410.03,1547802871,2939.32,51.51011353,7.46218232,145.22,0.00,0.00,119.91,0,-76.00,-8.00,0.00,0.00,62.00,0.00,0,138
410.03,1547802871,2939.32,51.51011353,7.46218232,145.22,0.00,0.00,119.91,0,-83.00,-13.00,0.00,0.00,62.00,0.00,0,139
411.03,1547802872,2939.33,51.51007833,7.46227113,144.56,9.06,0.00,119.08,0,-78.00,-9.00,0.00,0.00,61.00,0.00,0,138
411.03,1547802872,2939.34,51.51007833,7.46227113,144.56,9.06,0.00,119.08,0,-82.00,-11.00,0.00,0.00,60.00,0.00,0,139
412.03,1547802873,2948.37,51.51003347,7.46240261,145.16,9.06,0.00,119.45,0,-78.00,-9.00,0.00,0.00,61.00,0.00,0,138
412.03,1547802873,2948.37,51.51003347,7.46240261,145.16,9.06,0.00,119.45,0,-82.00,-11.00,0.00,0.00,60.00,0.00,0,139
413.03,1547802874,2957.42,51.50996609,7.46261334,147.20,10.67,0.00,112.22,0,-73.00,-7.00,0.00,0.00,63.00,0.00,0,138
414.03,1547802875,2968.15,51.50992080,7.46278583,150.00,11.55,0.00,110.31,0,-73.00,-7.00,0.00,0.00,63.00,0.00,0,138
415.03,1547802876,2979.69,51.50988577,7.46291005,152.19,11.47,0.00,108.50,0,-92.00,-12.00,0.00,0.00,51.00,0.00,0,441
415.03,1547802876,2979.71,51.50988577,7.46291005,152.19,11.47,0.00,108.50,0,-73.00,-7.00,0.00,0.00,63.00,0.00,0,138
416.03,1547802877,2991.17,51.50985303,7.46305993,153.08,12.08,0.00,106.30,0,-92.00,-12.00,0.00,0.00,51.00,0.00,0,441
416.03,1547802877,2991.18,51.50985303,7.46305993,153.08,12.08,0.00,106.30,0,-73.00,-7.00,0.00,0.00,63.00,0.00,0,138
417.03,1547802878,3003.25,51.51024300,7.46394820,152.80,12.63,0.00,103.43,0,-77.00,-8.00,0.00,0.00,62.00,0.00,0,138
418.03,1547802879,3015.87,51.50980088,7.46340974,151.95,12.63,0.00,103.43,0,-77.00,-8.00,0.00,0.00,62.00,0.00,0,138
419.03,1547802880,3028.50,51.50979211,7.46358400,150.33,13.01,0.00,96.84,0,-71.00,-6.00,0.00,0.00,63.00,0.00,0,138
420.03,1547802881,3041.51,51.50978021,7.46374523,149.00,12.59,0.00,94.47,0,-71.00,-6.00,0.00,0.00,63.00,0.00,0,138
421.03,1547802882,3054.10,51.50977958,7.46391753,147.82,11.53,0.00,94.92,0,-72.00,-7.00,0.00,0.00,63.00,0.00,0,138
422.03,1547802883,3065.66,51.50978884,7.46403269,147.52,7.95,0.00,94.50,0,-72.00,-7.00,0.00,0.00,63.00,0.00,0,138
423.04,1547802884,3073.62,51.50980208,7.46412255,147.94,5.91,0.00,98.03,0,-74.00,-7.00,0.00,0.00,63.00,0.00,0,138
424.03,1547802885,3079.49,51.50980295,7.46418704,149.80,4.46,0.00,110.75,0,-74.00,-7.00,0.00,0.00,63.00,0.00,0,138
425.03,1547802886,3083.94,51.50981760,7.46423640,149.94,2.76,0.00,96.45,0,-74.00,-7.00,0.00,0.00,63.00,0.00,0,138
426.03,1547802887,3086.71,51.50982663,7.46427126,150.13,1.39,0.00,96.45,0,-91.00,-8.00,0.00,0.00,51.00,0.00,0,199
426.03,1547802887,3086.71,51.50982663,7.46427126,150.13,1.39,0.00,96.45,0,-74.00,-6.00,0.00,0.00,63.00,0.00,0,138
427.03,1547802888,3088.11,51.50982342,7.46431607,150.44,2.62,0.00,112.92,0,-91.00,-8.00,0.00,0.00,51.00,0.00,0,199
427.03,1547802888,3088.11,51.50982342,7.46431607,150.44,2.62,0.00,112.92,0,-74.00,-6.00,0.00,0.00,63.00,0.00,0,138
428.03,1547802889,3090.73,51.50983662,7.46437185,150.75,3.36,0.00,94.24,0,-87.00,-6.00,0.00,0.00,51.00,0.00,0,199
428.03,1547802889,3090.73,51.50983662,7.46437185,150.75,3.36,0.00,94.24,0,-78.00,-7.00,0.00,0.00,59.00,0.00,0,138
429.03,1547802890,3094.09,51.50984418,7.46443553,151.09,3.36,0.00,94.24,0,-87.00,-6.00,0.00,0.00,51.00,0.00,0,199
429.03,1547802890,3094.09,51.50984418,7.46443553,151.09,3.36,0.00,94.24,0,-78.00,-7.00,0.00,0.00,59.00,0.00,0,138
430.03,1547802891,3097.46,51.50986245,7.46452788,153.67,5.65,0.00,94.24,0,-88.00,-6.00,0.00,0.00,49.00,0.00,0,199
430.03,1547802891,3097.46,51.50986245,7.46452788,153.67,5.65,0.00,94.24,0,-76.00,-7.00,0.00,0.00,61.00,0.00,0,138
431.03,1547802892,3103.12,51.50986518,7.46463102,156.34,6.03,0.00,92.90,0,-88.00,-6.00,0.00,0.00,49.00,0.00,0,199
431.03,1547802892,3103.12,51.50986518,7.46463102,156.34,6.03,0.00,92.90,0,-76.00,-7.00,0.00,0.00,61.00,0.00,0,138
432.03,1547802893,3109.15,51.50986893,7.46481291,157.16,6.03,0.00,93.47,0,-91.00,-9.00,0.00,0.00,50.00,0.00,0,199
432.03,1547802893,3109.16,51.50986893,7.46481291,157.16,6.03,0.00,93.47,0,-72.00,-5.00,0.00,0.00,63.00,0.00,0,138
433.03,1547802894,3115.18,51.50986778,7.46498154,156.86,8.20,0.00,96.18,0,-91.00,-9.00,0.00,0.00,50.00,0.00,0,199
433.03,1547802894,3115.19,51.50986778,7.46498154,156.86,8.20,0.00,96.18,0,-72.00,-5.00,0.00,0.00,63.00,0.00,0,138
434.03,1547802895,3123.35,51.50985643,7.46512363,156.59,9.70,0.00,97.75,0,-93.00,-13.00,0.00,0.00,52.00,0.00,0,199
434.03,1547802895,3123.35,51.50985643,7.46512363,156.59,9.70,0.00,97.75,0,-97.00,-16.00,0.00,0.00,51.00,0.00,0,441
434.03,1547802895,3123.35,51.50985643,7.46512363,156.59,9.70,0.00,97.75,0,-68.00,-5.00,0.00,0.00,63.00,0.00,0,138
435.03,1547802896,3133.06,51.50985686,7.46525038,155.71,9.79,0.00,95.60,0,-93.00,-13.00,0.00,0.00,52.00,0.00,0,199
435.03,1547802896,3133.06,51.50985686,7.46525038,155.71,9.79,0.00,95.60,0,-97.00,-16.00,0.00,0.00,51.00,0.00,0,441
435.03,1547802896,3133.06,51.50985686,7.46525038,155.71,9.79,0.00,95.60,0,-68.00,-5.00,0.00,0.00,63.00,0.00,0,138
436.03,1547802897,3142.88,51.50985371,7.46538925,155.40,11.33,0.00,96.10,0,-95.00,-9.00,0.00,0.00,46.00,0.00,0,199
436.03,1547802897,3142.88,51.50985371,7.46538925,155.40,11.33,0.00,96.10,0,-68.00,-5.00,0.00,0.00,63.00,0.00,0,138
437.03,1547802898,3154.21,51.51024300,7.46394820,155.26,12.17,0.00,95.95,0,-95.00,-9.00,0.00,0.00,46.00,0.00,0,199
437.03,1547802898,3154.21,51.51024300,7.46394820,155.26,12.17,0.00,95.95,0,-68.00,-5.00,0.00,0.00,63.00,0.00,0,138
438.03,1547802899,3166.38,51.50984084,7.46573163,154.39,11.82,0.00,94.04,0,-94.00,-8.00,0.00,0.00,46.00,0.00,0,199
438.03,1547802899,3166.39,51.50984084,7.46573163,154.39,11.82,0.00,94.04,0,-68.00,-5.00,0.00,0.00,63.00,0.00,0,138
439.03,1547802900,3178.21,51.50983997,7.46590858,153.39,11.76,0.00,93.63,0,-94.00,-8.00,0.00,0.00,46.00,0.00,0,199
439.03,1547802900,3178.22,51.50983997,7.46590858,153.39,11.76,0.00,93.63,0,-68.00,-5.00,0.00,0.00,63.00,0.00,0,138
440.03,1547802901,3189.97,51.50983744,7.46606829,152.07,12.09,0.00,95.45,0,-93.00,-9.00,0.00,0.00,47.00,0.00,0,199
440.03,1547802901,3189.98,51.50983744,7.46606829,152.07,12.09,0.00,95.45,0,-99.00,-14.00,0.00,0.00,47.00,0.00,0,374
440.03,1547802901,3189.98,51.50983744,7.46606829,152.07,12.09,0.00,95.45,0,-100.00,-15.00,0.00,0.00,47.00,0.00,0,441
440.04,1547802901,3189.99,51.50983744,7.46606829,152.07,12.09,0.00,95.45,0,-68.00,-5.00,0.00,0.00,63.00,0.00,0,138
441.04,1547802902,3202.08,51.50983189,7.46625495,150.80,12.29,0.00,97.50,0,-93.00,-9.00,0.00,0.00,47.00,0.00,0,199
441.04,1547802902,3202.09,51.50983189,7.46625495,150.80,12.29,0.00,97.50,0,-99.00,-14.00,0.00,0.00,47.00,0.00,0,374
441.04,1547802902,3202.11,51.50983189,7.46625495,150.80,12.29,0.00,97.50,0,-100.00,-15.00,0.00,0.00,47.00,0.00,0,441
441.04,1547802902,3202.12,51.50983189,7.46625495,150.80,12.29,0.00,97.50,0,-68.00,-5.00,0.00,0.00,63.00,0.00,0,138
442.04,1547802903,3214.39,51.50983118,7.46639503,149.90,11.92,0.00,96.93,0,-91.00,-9.00,0.00,0.00,50.00,0.00,0,324
442.04,1547802903,3214.41,51.50983118,7.46639503,149.90,11.92,0.00,96.93,0,-96.00,-14.00,0.00,0.00,50.00,0.00,0,326
442.04,1547802903,3214.42,51.50983118,7.46639503,149.90,11.92,0.00,96.93,0,-66.00,-5.00,0.00,0.00,63.00,0.00,0,138
443.03,1547802904,3226.23,51.50982693,7.46656922,149.07,11.82,0.00,95.76,0,-91.00,-9.00,0.00,0.00,50.00,0.00,0,324
443.03,1547802904,3226.23,51.50982693,7.46656922,149.07,11.82,0.00,95.76,0,-96.00,-14.00,0.00,0.00,50.00,0.00,0,326
443.03,1547802904,3226.24,51.50982693,7.46656922,149.07,11.82,0.00,95.76,0,-66.00,-5.00,0.00,0.00,63.00,0.00,0,138
444.04,1547802905,3238.14,51.50981910,7.46672667,148.56,11.50,0.00,95.14,0,-94.00,-11.00,0.00,0.00,50.00,0.00,0,324
444.04,1547802905,3238.14,51.50981910,7.46672667,148.56,11.50,0.00,95.14,0,-97.00,-14.00,0.00,0.00,50.00,0.00,0,326
444.04,1547802905,3238.14,51.50981910,7.46672667,148.56,11.50,0.00,95.14,0,-68.00,-5.00,0.00,0.00,63.00,0.00,0,138
