0.05,1547802108,0.01,51.50978132,7.46794163,149.18,12.10,0.00,95.11,0,-92.00,-12.00,0.00,0.00,41.00,0.00,0,224
0.05,1547802108,0.01,51.50978132,7.46794163,149.18,12.10,0.00,95.11,0,-96.00,-15.00,0.00,0.00,40.00,0.00,0,60
9.06,1547802117,114.37,51.51008325,7.46946561,148.65,14.41,0.00,61.09,0,-96.00,-8.00,0.00,0.00,30.00,0.00,0,66
10.05,1547802118,128.73,51.51015013,7.46963315,148.40,14.24,0.00,59.89,0,-96.00,-8.00,0.00,0.00,30.00,0.00,0,66
11.05,1547802119,142.88,51.51021975,7.46980447,148.15,14.20,0.00,59.20,0,-96.00,-8.00,0.00,0.00,30.00,0.00,0,66
12.05,1547802120,157.11,51.51029155,7.46997695,147.89,14.25,0.00,58.33,0,-103.00,-10.00,0.00,0.00,29.00,0.00,0,66
13.05,1547802121,171.33,51.51036592,7.47015425,147.60,14.22,0.00,57.53,0,-103.00,-10.00,0.00,0.00,29.00,0.00,0,66
14.05,1547802122,185.57,51.51044310,7.47033787,147.44,14.08,0.00,56.75,0,-108.00,-18.00,0.00,0.00,30.00,0.00,0,66
14.05,1547802122,185.57,51.51044310,7.47033787,147.44,14.08,0.00,56.75,0,-110.00,-12.00,0.00,0.00,21.00,0.00,0,203
14.05,1547802122,185.58,51.51044310,7.47033787,147.44,14.08,0.00,56.75,0,-112.00,-12.00,0.00,0.00,21.00,0.00,0,34
15.05,1547802123,199.70,51.51051921,7.47049054,147.30,14.14,0.00,54.60,0,-108.00,-18.00,0.00,0.00,30.00,0.00,0,66
15.05,1547802123,199.72,51.51051921,7.47049054,147.30,14.14,0.00,54.60,0,-110.00,-12.00,0.00,0.00,21.00,0.00,0,203
15.05,1547802123,199.73,51.51051921,7.47049054,147.30,14.14,0.00,54.60,0,-112.00,-12.00,0.00,0.00,21.00,0.00,0,34
16.05,1547802124,213.84,51.51060454,7.47064105,147.05,13.94,0.00,52.16,0,-105.00,-11.00,0.00,0.00,27.00,0.00,0,218
16.05,1547802124,213.84,51.51060454,7.47064105,147.05,13.94,0.00,52.16,0,-92.00,-11.00,0.00,0.00,39.00,0.00,0,60
16.05,1547802124,213.85,51.51060454,7.47064105,147.05,13.94,0.00,52.16,0,-96.00,-12.00,0.00,0.00,38.00,0.00,0,68
17.05,1547802125,227.79,51.51069357,7.47077337,146.79,13.90,0.00,50.12,0,-105.00,-11.00,0.00,0.00,27.00,0.00,0,218
17.05,1547802125,227.79,51.51069357,7.47077337,146.79,13.90,0.00,50.12,0,-92.00,-11.00,0.00,0.00,39.00,0.00,0,60
17.05,1547802125,227.81,51.51069357,7.47077337,146.79,13.90,0.00,50.12,0,-96.00,-12.00,0.00,0.00,38.00,0.00,0,68
18.05,1547802126,241.70,51.51077200,7.47089339,146.28,13.78,0.00,47.96,0,-108.00,-10.00,0.00,0.00,21.00,0.00,0,66
18.05,1547802126,241.70,51.51077200,7.47089339,146.28,13.78,0.00,47.96,0,-111.00,-13.00,0.00,0.00,21.00,0.00,0,218
18.05,1547802126,241.71,51.51077200,7.47089339,146.28,13.78,0.00,47.96,0,-96.00,-9.00,0.00,0.00,35.00,0.00,0,60
19.05,1547802127,255.47,51.51087570,7.47103546,145.83,13.76,0.00,45.98,0,-108.00,-10.00,0.00,0.00,21.00,0.00,0,66
19.05,1547802127,255.48,51.51087570,7.47103546,145.83,13.76,0.00,45.98,0,-111.00,-13.00,0.00,0.00,21.00,0.00,0,218
19.05,1547802127,255.49,51.51087570,7.47103546,145.83,13.76,0.00,45.98,0,-96.00,-9.00,0.00,0.00,35.00,0.00,0,60
20.05,1547802128,269.23,51.51099145,7.47117493,145.60,15.34,0.00,42.96,0,-108.00,-9.00,0.00,0.00,21.00,0.00,0,66
20.05,1547802128,269.25,51.51099145,7.47117493,145.60,15.34,0.00,42.96,0,-96.00,-8.00,0.00,0.00,32.00,0.00,0,60
21.05,1547802129,284.57,51.51111524,7.47132372,145.15,14.82,0.00,41.57,0,-108.00,-9.00,0.00,0.00,21.00,0.00,0,66
21.05,1547802129,284.59,51.51111524,7.47132372,145.15,14.82,0.00,41.57,0,-96.00,-8.00,0.00,0.00,32.00,0.00,0,60
22.05,1547802130,299.34,51.51121770,7.47144569,144.85,14.28,0.00,41.09,0,-97.00,-11.00,0.00,0.00,34.00,0.00,0,68
22.05,1547802130,299.35,51.51121770,7.47144569,144.85,14.28,0.00,41.09,0,-113.00,-12.00,0.00,0.00,18.00,0.00,0,323
23.05,1547802131,313.62,51.51132726,7.47157647,143.70,14.91,0.00,40.51,0,-97.00,-11.00,0.00,0.00,34.00,0.00,0,68
23.05,1547802131,313.62,51.51132726,7.47157647,143.70,14.91,0.00,40.51,0,-113.00,-12.00,0.00,0.00,18.00,0.00,0,323
26.05,1547802134,358.10,51.51162742,7.47194309,140.33,14.30,0.00,39.40,0,-110.00,-14.00,0.00,0.00,24.00,0.00,0,323
26.05,1547802134,358.11,51.51162742,7.47194309,140.33,14.30,0.00,39.40,0,-111.00,-14.00,0.00,0.00,24.00,0.00,0,322
27.05,1547802135,372.41,51.51174450,7.47209245,139.46,14.51,0.00,38.93,0,-110.00,-14.00,0.00,0.00,24.00,0.00,0,323
27.05,1547802135,372.43,51.51174450,7.47209245,139.46,14.51,0.00,38.93,0,-111.00,-14.00,0.00,0.00,24.00,0.00,0,322
30.06,1547802138,415.36,51.51207643,7.47249315,138.34,13.26,0.00,39.44,0,-97.00,-11.00,0.00,0.00,34.00,0.00,0,223
30.06,1547802138,415.36,51.51207643,7.47249315,138.34,13.26,0.00,39.44,0,-106.00,-14.00,0.00,0.00,29.00,0.00,0,322
30.06,1547802138,415.37,51.51207643,7.47249315,138.34,13.26,0.00,39.44,0,-107.00,-16.00,0.00,0.00,29.00,0.00,0,323
30.06,1547802138,415.38,51.51207643,7.47249315,138.34,13.26,0.00,39.44,0,-108.00,-16.00,0.00,0.00,29.00,0.00,0,116
31.05,1547802139,428.46,51.51218343,7.47261082,138.11,13.25,0.00,36.59,0,-97.00,-11.00,0.00,0.00,34.00,0.00,0,223
31.05,1547802139,428.46,51.51218343,7.47261082,138.11,13.25,0.00,36.59,0,-106.00,-14.00,0.00,0.00,29.00,0.00,0,322
31.05,1547802139,428.48,51.51218343,7.47261082,138.11,13.25,0.00,36.59,0,-107.00,-16.00,0.00,0.00,29.00,0.00,0,323
31.05,1547802139,428.49,51.51218343,7.47261082,138.11,13.25,0.00,36.59,0,-108.00,-16.00,0.00,0.00,29.00,0.00,0,116
32.05,1547802140,441.71,51.51229787,7.47267788,137.88,13.08,0.00,21.55,0,-97.00,-11.00,0.00,0.00,34.00,0.00,0,223
32.05,1547802140,441.72,51.51229787,7.47267788,137.88,13.08,0.00,21.55,0,-106.00,-14.00,0.00,0.00,29.00,0.00,0,322
32.05,1547802140,441.72,51.51229787,7.47267788,137.88,13.08,0.00,21.55,0,-107.00,-16.00,0.00,0.00,29.00,0.00,0,323
32.05,1547802140,441.72,51.51229787,7.47267788,137.88,13.08,0.00,21.55,0,-108.00,-16.00,0.00,0.00,29.00,0.00,0,116
33.05,1547802141,454.77,51.51240292,7.47273719,137.34,11.95,0.00,18.53,0,-96.00,-16.00,0.00,0.00,40.00,0.00,0,223
33.05,1547802141,454.78,51.51240292,7.47273719,137.34,11.95,0.00,18.53,0,-99.00,-19.00,0.00,0.00,40.00,0.00,0,68
33.05,1547802141,454.78,51.51240292,7.47273719,137.34,11.95,0.00,18.53,0,-103.00,-15.00,0.00,0.00,34.00,0.00,0,66
34.05,1547802142,466.78,51.51250264,7.47277545,136.40,13.39,0.00,14.80,0,-96.00,-16.00,0.00,0.00,40.00,0.00,0,223
34.05,1547802142,466.80,51.51250264,7.47277545,136.40,13.39,0.00,14.80,0,-99.00,-19.00,0.00,0.00,40.00,0.00,0,68
34.06,1547802142,466.81,51.51250264,7.47277545,136.40,13.39,0.00,14.80,0,-103.00,-15.00,0.00,0.00,34.00,0.00,0,66
35.05,1547802143,480.17,51.51260592,7.47280165,135.97,13.16,0.00,11.55,0,-94.00,-11.00,0.00,0.00,35.00,0.00,0,68
35.05,1547802143,480.19,51.51260592,7.47280165,135.97,13.16,0.00,11.55,0,-97.00,-12.00,0.00,0.00,32.00,0.00,0,223
35.06,1547802143,480.20,51.51260592,7.47280165,135.97,13.16,0.00,11.55,0,-105.00,-14.00,0.00,0.00,29.00,0.00,0,66
35.06,1547802143,480.20,51.51260592,7.47280165,135.97,13.16,0.00,11.55,0,-106.00,-16.00,0.00,0.00,29.00,0.00,0,322
36.05,1547802144,493.34,51.51271638,7.47281966,135.00,13.36,0.00,8.52,0,-94.00,-11.00,0.00,0.00,35.00,0.00,0,68
36.05,1547802144,493.35,51.51271638,7.47281966,135.00,13.36,0.00,8.52,0,-97.00,-12.00,0.00,0.00,32.00,0.00,0,223
36.06,1547802144,493.36,51.51271638,7.47281966,135.00,13.36,0.00,8.52,0,-105.00,-14.00,0.00,0.00,29.00,0.00,0,66
36.06,1547802144,493.36,51.51271638,7.47281966,135.00,13.36,0.00,8.52,0,-106.00,-16.00,0.00,0.00,29.00,0.00,0,322
37.05,1547802145,506.68,51.51283132,7.47283159,134.55,13.67,0.00,6.56,0,-93.00,-13.00,0.00,0.00,38.00,0.00,0,68
37.05,1547802145,506.68,51.51283132,7.47283159,134.55,13.67,0.00,6.56,0,-103.00,-12.00,0.00,0.00,30.00,0.00,0,322
38.05,1547802146,520.28,51.51294967,7.47284145,134.12,13.50,0.00,5.33,0,-93.00,-13.00,0.00,0.00,38.00,0.00,0,68
38.05,1547802146,520.28,51.51294967,7.47284145,134.12,13.50,0.00,5.33,0,-103.00,-12.00,0.00,0.00,30.00,0.00,0,322
39.05,1547802147,533.83,51.51307518,7.47285322,134.38,13.79,0.00,4.89,0,-95.00,-11.00,0.00,0.00,36.00,0.00,0,68
39.05,1547802147,533.83,51.51307518,7.47285322,134.38,13.79,0.00,4.89,0,-99.00,-12.00,0.00,0.00,32.00,0.00,0,66
39.05,1547802147,533.84,51.51307518,7.47285322,134.38,13.79,0.00,4.89,0,-100.00,-12.00,0.00,0.00,32.00,0.00,0,322
39.05,1547802147,533.84,51.51307518,7.47285322,134.38,13.79,0.00,4.89,0,-105.00,-16.00,0.00,0.00,31.00,0.00,0,323
40.05,1547802148,547.62,51.51320266,7.47286426,134.69,13.88,0.00,4.56,0,-95.00,-11.00,0.00,0.00,36.00,0.00,0,68
40.05,1547802148,547.63,51.51320266,7.47286426,134.69,13.88,0.00,4.56,0,-99.00,-12.00,0.00,0.00,32.00,0.00,0,66
40.05,1547802148,547.65,51.51320266,7.47286426,134.69,13.88,0.00,4.56,0,-100.00,-12.00,0.00,0.00,32.00,0.00,0,322
40.05,1547802148,547.66,51.51320266,7.47286426,134.69,13.88,0.00,4.56,0,-105.00,-16.00,0.00,0.00,31.00,0.00,0,323
41.05,1547802149,561.50,51.51333081,7.47287110,135.46,13.97,0.00,3.98,0,-91.00,-11.00,0.00,0.00,38.00,0.00,0,68
41.05,1547802149,561.52,51.51333081,7.47287110,135.46,13.97,0.00,3.98,0,-98.00,-11.00,0.00,0.00,35.00,0.00,0,66
41.05,1547802149,561.52,51.51333081,7.47287110,135.46,13.97,0.00,3.98,0,-99.00,-13.00,0.00,0.00,35.00,0.00,0,322
41.05,1547802149,561.53,51.51333081,7.47287110,135.46,13.97,0.00,3.98,0,-102.00,-15.00,0.00,0.00,34.00,0.00,0,116
42.05,1547802150,575.44,51.51346348,7.47287614,135.90,13.15,0.00,3.61,0,-91.00,-11.00,0.00,0.00,38.00,0.00,0,68
42.05,1547802150,575.44,51.51346348,7.47287614,135.90,13.15,0.00,3.61,0,-98.00,-11.00,0.00,0.00,35.00,0.00,0,66
42.05,1547802150,575.46,51.51346348,7.47287614,135.90,13.15,0.00,3.61,0,-99.00,-13.00,0.00,0.00,35.00,0.00,0,322
42.05,1547802150,575.46,51.51346348,7.47287614,135.90,13.15,0.00,3.61,0,-102.00,-15.00,0.00,0.00,34.00,0.00,0,116
43.05,1547802151,588.59,51.51360080,7.47288342,137.27,13.51,0.00,2.92,0,-90.00,-18.00,0.00,0.00,49.00,0.00,0,68
43.05,1547802151,588.60,51.51360080,7.47288342,137.27,13.51,0.00,2.92,0,-97.00,-16.00,0.00,0.00,40.00,0.00,0,66
44.05,1547802152,602.13,51.51371735,7.47288998,138.39,13.10,0.00,3.03,0,-90.00,-18.00,0.00,0.00,49.00,0.00,0,68
44.05,1547802152,602.15,51.51371735,7.47288998,138.39,13.10,0.00,3.03,0,-97.00,-16.00,0.00,0.00,40.00,0.00,0,66
45.05,1547802153,615.23,51.51382512,7.47289596,139.02,12.33,0.00,2.65,0,-84.00,-10.00,0.00,0.00,44.00,0.00,0,68
45.05,1547802153,615.23,51.51382512,7.47289596,139.02,12.33,0.00,2.65,0,-92.00,-12.00,0.00,0.00,41.00,0.00,0,66
45.05,1547802153,615.24,51.51382512,7.47289596,139.02,12.33,0.00,2.65,0,-96.00,-15.00,0.00,0.00,40.00,0.00,0,322
45.05,1547802153,615.25,51.51382512,7.47289596,139.02,12.33,0.00,2.65,0,-96.00,-16.00,0.00,0.00,41.00,0.00,0,218
45.05,1547802153,615.25,51.51382512,7.47289596,139.02,12.33,0.00,2.65,0,-96.00,-16.00,0.00,0.00,40.00,0.00,0,116
46.05,1547802154,627.59,51.51393256,7.47289405,139.63,12.06,0.00,1.89,0,-84.00,-10.00,0.00,0.00,44.00,0.00,0,68
46.05,1547802154,627.60,51.51393256,7.47289405,139.63,12.06,0.00,1.89,0,-92.00,-12.00,0.00,0.00,41.00,0.00,0,66
46.06,1547802154,627.61,51.51393256,7.47289405,139.63,12.06,0.00,1.89,0,-96.00,-15.00,0.00,0.00,40.00,0.00,0,322
46.06,1547802154,627.61,51.51393256,7.47289405,139.63,12.06,0.00,1.89,0,-96.00,-16.00,0.00,0.00,41.00,0.00,0,218
46.06,1547802154,627.62,51.51393256,7.47289405,139.63,12.06,0.00,1.89,0,-96.00,-16.00,0.00,0.00,40.00,0.00,0,116
47.05,1547802155,639.58,51.51403222,7.47289157,139.88,11.83,0.00,0.96,0,-88.00,-9.00,0.00,0.00,39.00,0.00,0,66
48.05,1547802156,651.46,51.51413493,7.47289393,139.65,12.17,0.00,1.36,0,-88.00,-9.00,0.00,0.00,39.00,0.00,0,66
49.05,1547802157,663.63,51.51424816,7.47289881,139.23,12.50,0.00,1.69,0,-91.00,-9.00,0.00,0.00,41.00,0.00,0,66
50.05,1547802158,676.13,51.51436322,7.47290305,139.09,12.16,0.00,2.36,0,-91.00,-9.00,0.00,0.00,41.00,0.00,0,66
51.06,1547802159,688.43,51.51447069,7.47291067,138.98,12.02,0.00,3.04,0,-87.00,-9.00,0.00,0.00,44.00,0.00,0,66
51.06,1547802159,688.44,51.51447069,7.47291067,138.98,12.02,0.00,3.04,0,-91.00,-16.00,0.00,0.00,45.00,0.00,0,114
51.06,1547802159,688.45,51.51447069,7.47291067,138.98,12.02,0.00,3.04,0,-93.00,-17.00,0.00,0.00,43.00,0.00,0,218
52.05,1547802160,700.29,51.51457959,7.47291920,139.05,12.05,0.00,3.69,0,-87.00,-9.00,0.00,0.00,44.00,0.00,0,66
52.05,1547802160,700.29,51.51457959,7.47291920,139.05,12.05,0.00,3.69,0,-91.00,-16.00,0.00,0.00,45.00,0.00,0,114
52.05,1547802160,700.31,51.51457959,7.47291920,139.05,12.05,0.00,3.69,0,-93.00,-17.00,0.00,0.00,43.00,0.00,0,218
53.05,1547802161,712.41,51.51469422,7.47293008,138.87,12.22,0.00,3.31,0,-87.00,-9.00,0.00,0.00,44.00,0.00,0,66
53.06,1547802161,712.42,51.51469422,7.47293008,138.87,12.22,0.00,3.31,0,-91.00,-16.00,0.00,0.00,45.00,0.00,0,114
53.06,1547802161,712.42,51.51469422,7.47293008,138.87,12.22,0.00,3.31,0,-93.00,-17.00,0.00,0.00,43.00,0.00,0,218
54.05,1547802162,724.60,51.51480563,7.47293959,138.79,12.60,0.00,3.84,0,-82.00,-8.00,0.00,0.00,47.00,0.00,0,66
55.05,1547802163,737.17,51.51491601,7.47294804,138.97,12.50,0.00,3.31,0,-82.00,-8.00,0.00,0.00,47.00,0.00,0,66
56.05,1547802164,749.70,51.51502758,7.47295622,139.10,12.37,0.00,2.61,0,-65.00,-14.00,0.00,0.00,63.00,0.00,0,62
57.05,1547802165,762.06,51.51513749,7.47295937,138.98,11.90,0.00,1.41,0,-65.00,-14.00,0.00,0.00,63.00,0.00,0,62
58.05,1547802166,773.98,51.51524097,7.47295618,138.31,11.72,0.00,359.37,0,-62.00,-9.00,0.00,0.00,63.00,0.00,0,62
59.05,1547802167,785.70,51.51535239,7.47294196,137.66,12.09,0.00,356.96,0,-62.00,-9.00,0.00,0.00,63.00,0.00,0,62
60.05,1547802168,797.75,51.51546777,7.47291642,136.22,13.50,0.00,353.51,0,-72.00,-9.00,0.00,0.00,58.00,0.00,0,62
61.05,1547802169,811.29,51.51558702,7.47288154,135.12,14.07,0.00,349.65,0,-72.00,-9.00,0.00,0.00,58.00,0.00,0,62
62.05,1547802170,825.32,51.51570591,7.47282587,134.37,13.26,0.00,346.06,0,-76.00,-9.00,0.00,0.00,53.00,0.00,0,62
62.05,1547802170,825.32,51.51570591,7.47282587,134.37,13.26,0.00,346.06,0,-75.00,-10.00,0.00,0.00,57.00,0.00,0,68
63.05,1547802171,838.61,51.51581319,7.47275842,132.76,13.44,0.00,343.00,0,-76.00,-9.00,0.00,0.00,53.00,0.00,0,62
63.05,1547802171,838.63,51.51581319,7.47275842,132.76,13.44,0.00,343.00,0,-75.00,-10.00,0.00,0.00,57.00,0.00,0,68
64.05,1547802172,852.09,51.51591879,7.47267624,131.18,13.24,0.00,339.51,0,-77.00,-9.00,0.00,0.00,50.00,0.00,0,62
64.05,1547802172,852.09,51.51591879,7.47267624,131.18,13.24,0.00,339.51,0,-75.00,-7.00,0.00,0.00,53.00,0.00,0,68
65.05,1547802173,865.33,51.51603086,7.47257368,130.14,13.49,0.00,335.62,0,-77.00,-9.00,0.00,0.00,50.00,0.00,0,62
65.05,1547802173,865.33,51.51603086,7.47257368,130.14,13.49,0.00,335.62,0,-75.00,-7.00,0.00,0.00,53.00,0.00,0,68
66.05,1547802174,878.83,51.51613629,7.47242237,129.53,13.59,0.00,321.20,0,-79.00,-9.00,0.00,0.00,49.00,0.00,0,62
66.06,1547802174,878.84,51.51613629,7.47242237,129.53,13.59,0.00,321.20,0,-86.00,-13.00,0.00,0.00,48.00,0.00,0,363
66.06,1547802174,878.85,51.51613629,7.47242237,129.53,13.59,0.00,321.20,0,-77.00,-7.00,0.00,0.00,52.00,0.00,0,68
67.05,1547802175,892.37,51.51622159,7.47228162,129.53,13.52,0.00,319.38,0,-79.00,-9.00,0.00,0.00,49.00,0.00,0,62
67.05,1547802175,892.39,51.51622159,7.47228162,129.53,13.52,0.00,319.38,0,-86.00,-13.00,0.00,0.00,48.00,0.00,0,363
67.05,1547802175,892.39,51.51622159,7.47228162,129.53,13.52,0.00,319.38,0,-77.00,-7.00,0.00,0.00,52.00,0.00,0,68
68.05,1547802176,905.91,51.51630918,7.47213095,129.95,13.21,0.00,316.73,0,-84.00,-10.00,0.00,0.00,45.00,0.00,0,62
68.05,1547802176,905.93,51.51630918,7.47213095,129.95,13.21,0.00,316.73,0,-78.00,-10.00,0.00,0.00,52.00,0.00,0,68
69.05,1547802177,919.07,51.51638703,7.47198050,130.69,12.78,0.00,313.02,0,-84.00,-10.00,0.00,0.00,45.00,0.00,0,62
69.05,1547802177,919.07,51.51638703,7.47198050,130.69,12.78,0.00,313.02,0,-78.00,-10.00,0.00,0.00,52.00,0.00,0,68
70.05,1547802178,931.89,51.51645848,7.47182286,131.07,14.07,0.00,309.27,0,-82.00,-10.00,0.00,0.00,49.00,0.00,0,62
71.05,1547802179,945.92,51.51651267,7.47162303,131.56,14.65,0.00,295.93,0,-82.00,-10.00,0.00,0.00,49.00,0.00,0,62
72.06,1547802180,960.67,51.51655949,7.47144624,130.82,14.79,0.00,294.88,0,-82.00,-9.00,0.00,0.00,46.00,0.00,0,62
73.05,1547802181,975.35,51.51661301,7.47124786,130.24,14.41,0.00,294.50,0,-82.00,-9.00,0.00,0.00,46.00,0.00,0,62
74.05,1547802182,989.80,51.51666319,7.47104985,129.71,13.98,0.00,294.33,0,-82.00,-9.00,0.00,0.00,46.00,0.00,0,62
75.05,1547802183,1003.78,51.51671156,7.47086091,129.06,13.76,0.00,295.26,0,-89.00,-14.00,0.00,0.00,44.00,0.00,0,363
76.05,1547802184,1017.56,51.51675983,7.47068184,128.48,13.30,0.00,295.75,0,-89.00,-14.00,0.00,0.00,44.00,0.00,0,363
77.05,1547802185,1030.83,51.51681122,7.47049212,128.63,13.01,0.00,295.29,0,-87.00,-13.00,0.00,0.00,46.00,0.00,0,363
77.05,1547802185,1030.84,51.51681122,7.47049212,128.63,13.01,0.00,295.29,0,-88.00,-15.00,0.00,0.00,46.00,0.00,0,289
78.05,1547802186,1043.81,51.51685315,7.47033521,128.37,12.70,0.00,294.76,0,-87.00,-13.00,0.00,0.00,46.00,0.00,0,363
78.05,1547802186,1043.81,51.51685315,7.47033521,128.37,12.70,0.00,294.76,0,-88.00,-15.00,0.00,0.00,46.00,0.00,0,289
79.05,1547802187,1056.50,51.51689089,7.47016867,127.73,12.63,0.00,291.96,0,-84.00,-11.00,0.00,0.00,46.00,0.00,0,363
80.05,1547802188,1069.13,51.51690644,7.46999674,127.23,11.18,0.00,278.63,0,-84.00,-11.00,0.00,0.00,46.00,0.00,0,363
81.05,1547802189,1080.31,51.51692466,7.46982456,126.83,11.02,0.00,280.49,0,-86.00,-12.00,0.00,0.00,47.00,0.00,0,363
82.05,1547802190,1091.32,51.51694314,7.46965037,126.55,10.05,0.00,282.32,0,-86.00,-12.00,0.00,0.00,47.00,0.00,0,363
83.05,1547802191,1101.38,51.51696711,7.46950789,127.04,7.79,0.00,284.96,0,-88.00,-12.00,0.00,0.00,42.00,0.00,0,363
83.05,1547802191,1101.39,51.51696711,7.46950789,127.04,7.79,0.00,284.96,0,-92.00,-14.00,0.00,0.00,42.00,0.00,0,364
83.05,1547802191,1101.39,51.51696711,7.46950789,127.04,7.79,0.00,284.96,0,-93.00,-16.00,0.00,0.00,42.00,0.00,0,289
84.05,1547802192,1109.18,51.51697856,7.46942679,127.40,5.51,0.00,285.36,0,-88.00,-12.00,0.00,0.00,42.00,0.00,0,363
84.05,1547802192,1109.18,51.51697856,7.46942679,127.40,5.51,0.00,285.36,0,-92.00,-14.00,0.00,0.00,42.00,0.00,0,364
84.05,1547802192,1109.18,51.51697856,7.46942679,127.40,5.51,0.00,285.36,0,-93.00,-16.00,0.00,0.00,42.00,0.00,0,289
85.05,1547802193,1114.72,51.51699098,7.46935991,127.42,3.96,0.00,285.78,0,-84.00,-11.00,0.00,0.00,47.00,0.00,0,363
85.05,1547802193,1114.72,51.51699098,7.46935991,127.42,3.96,0.00,285.78,0,-89.00,-13.00,0.00,0.00,46.00,0.00,0,289
85.05,1547802193,1114.72,51.51699098,7.46935991,127.42,3.96,0.00,285.78,0,-90.00,-17.00,0.00,0.00,47.00,0.00,0,364
86.05,1547802194,1118.67,51.51699972,7.46932692,127.42,2.39,0.00,286.62,0,-84.00,-11.00,0.00,0.00,47.00,0.00,0,363
86.05,1547802194,1118.67,51.51699972,7.46932692,127.42,2.39,0.00,286.62,0,-89.00,-13.00,0.00,0.00,46.00,0.00,0,289
86.05,1547802194,1118.67,51.51699972,7.46932692,127.42,2.39,0.00,286.62,0,-90.00,-17.00,0.00,0.00,47.00,0.00,0,364
87.05,1547802195,1121.04,51.51699972,7.46932692,127.42,0.00,0.00,286.62,0,-100.00,-10.00,0.00,0.00,40.00,0.00,0,202
87.05,1547802195,1121.04,51.51699972,7.46932692,127.42,0.00,0.00,286.62,0,-102.00,-13.00,0.00,0.00,43.00,0.00,0,347
87.05,1547802195,1121.04,51.51699972,7.46932692,127.42,0.00,0.00,286.62,0,-105.00,-14.00,0.00,0.00,40.00,0.00,0,486
88.05,1547802196,1121.04,51.51699972,7.46932692,127.42,0.00,0.00,286.62,0,-100.00,-10.00,0.00,0.00,40.00,0.00,0,202
88.05,1547802196,1121.04,51.51699972,7.46932692,127.42,0.00,0.00,286.62,0,-102.00,-13.00,0.00,0.00,43.00,0.00,0,347
88.06,1547802196,1121.04,51.51699972,7.46932692,127.42,0.00,0.00,286.62,0,-105.00,-14.00,0.00,0.00,40.00,0.00,0,486
89.05,1547802197,1121.04,51.51699972,7.46932692,127.41,0.00,0.00,286.62,0,-103.00,-11.00,0.00,0.00,27.00,0.00,0,347
89.05,1547802197,1121.04,51.51699972,7.46932692,127.41,0.00,0.00,286.62,0,-103.00,-11.00,0.00,0.00,27.00,0.00,0,202
89.05,1547802197,1121.04,51.51699972,7.46932692,127.41,0.00,0.00,286.62,0,-106.00,-15.00,0.00,0.00,28.00,0.00,0,486
89.06,1547802197,1121.04,51.51699972,7.46932692,127.41,0.00,0.00,286.62,0,-108.00,-13.00,0.00,0.00,25.00,0.00,0,107
90.05,1547802198,1121.04,51.51699972,7.46932692,127.40,0.00,0.00,286.62,0,-103.00,-11.00,0.00,0.00,27.00,0.00,0,347
90.05,1547802198,1121.04,51.51699972,7.46932692,127.40,0.00,0.00,286.62,0,-103.00,-11.00,0.00,0.00,27.00,0.00,0,202
90.06,1547802198,1121.04,51.51699972,7.46932692,127.40,0.00,0.00,286.62,0,-106.00,-15.00,0.00,0.00,28.00,0.00,0,486
90.06,1547802198,1121.04,51.51699972,7.46932692,127.40,0.00,0.00,286.62,0,-108.00,-13.00,0.00,0.00,25.00,0.00,0,107
91.06,1547802199,1121.04,51.51699972,7.46932692,127.39,0.00,0.00,286.62,0,-102.00,-13.00,0.00,0.00,33.00,0.00,0,347
91.06,1547802199,1121.04,51.51699972,7.46932692,127.39,0.00,0.00,286.62,0,-103.00,-13.00,0.00,0.00,33.00,0.00,0,202
91.06,1547802199,1121.04,51.51699972,7.46932692,127.39,0.00,0.00,286.62,0,-106.00,-17.00,0.00,0.00,33.00,0.00,0,486
91.06,1547802199,1121.04,51.51699972,7.46932692,127.39,0.00,0.00,286.62,0,-91.00,-14.00,0.00,0.00,43.00,0.00,0,363
91.06,1547802199,1121.04,51.51699972,7.46932692,127.39,0.00,0.00,286.62,0,-91.00,-12.00,0.00,0.00,43.00,0.00,0,289
92.05,1547802200,1121.04,51.51699972,7.46932692,127.38,0.00,0.00,286.62,0,-102.00,-13.00,0.00,0.00,33.00,0.00,0,347
92.05,1547802200,1121.04,51.51699972,7.46932692,127.38,0.00,0.00,286.62,0,-103.00,-13.00,0.00,0.00,33.00,0.00,0,202
92.05,1547802200,1121.04,51.51699972,7.46932692,127.38,0.00,0.00,286.62,0,-106.00,-17.00,0.00,0.00,33.00,0.00,0,486
92.05,1547802200,1121.04,51.51699972,7.46932692,127.38,0.00,0.00,286.62,0,-91.00,-14.00,0.00,0.00,43.00,0.00,0,363
92.05,1547802200,1121.04,51.51699972,7.46932692,127.38,0.00,0.00,286.62,0,-91.00,-12.00,0.00,0.00,43.00,0.00,0,289
93.05,1547802201,1121.04,51.51699972,7.46932692,127.37,0.00,0.00,286.62,0,-101.00,-13.00,0.00,0.00,32.00,0.00,0,347
93.06,1547802201,1121.04,51.51699972,7.46932692,127.37,0.00,0.00,286.62,0,-103.00,-14.00,0.00,0.00,31.00,0.00,0,202
93.06,1547802201,1121.04,51.51699972,7.46932692,127.37,0.00,0.00,286.62,0,-106.00,-18.00,0.00,0.00,32.00,0.00,0,486
93.06,1547802201,1121.04,51.51699972,7.46932692,127.37,0.00,0.00,286.62,0,-91.00,-13.00,0.00,0.00,43.00,0.00,0,289
93.06,1547802201,1121.04,51.51699972,7.46932692,127.37,0.00,0.00,286.62,0,-91.00,-13.00,0.00,0.00,43.00,0.00,0,363
94.05,1547802202,1121.04,51.51699972,7.46932692,127.36,0.00,0.00,286.62,0,-101.00,-13.00,0.00,0.00,32.00,0.00,0,347
94.06,1547802202,1121.04,51.51699972,7.46932692,127.36,0.00,0.00,286.62,0,-103.00,-14.00,0.00,0.00,31.00,0.00,0,202
94.06,1547802202,1121.04,51.51699972,7.46932692,127.36,0.00,0.00,286.62,0,-106.00,-18.00,0.00,0.00,32.00,0.00,0,486
94.06,1547802202,1121.04,51.51699972,7.46932692,127.36,0.00,0.00,286.62,0,-91.00,-13.00,0.00,0.00,43.00,0.00,0,289
94.06,1547802202,1121.04,51.51699972,7.46932692,127.36,0.00,0.00,286.62,0,-91.00,-13.00,0.00,0.00,43.00,0.00,0,363
95.05,1547802203,1121.04,51.51699972,7.46932692,127.35,0.00,0.00,286.62,0,-101.00,-13.00,0.00,0.00,32.00,0.00,0,347
95.06,1547802203,1121.04,51.51699972,7.46932692,127.35,0.00,0.00,286.62,0,-103.00,-14.00,0.00,0.00,31.00,0.00,0,202
95.06,1547802203,1121.04,51.51699972,7.46932692,127.35,0.00,0.00,286.62,0,-106.00,-18.00,0.00,0.00,32.00,0.00,0,486
95.06,1547802203,1121.04,51.51699972,7.46932692,127.35,0.00,0.00,286.62,0,-91.00,-13.00,0.00,0.00,43.00,0.00,0,289
95.06,1547802203,1121.04,51.51699972,7.46932692,127.35,0.00,0.00,286.62,0,-91.00,-13.00,0.00,0.00,43.00,0.00,0,363
96.05,1547802204,1121.04,51.51699972,7.46932692,127.35,0.00,0.00,286.62,0,-102.00,-13.00,0.00,0.00,30.00,0.00,0,347
96.05,1547802204,1121.04,51.51699972,7.46932692,127.35,0.00,0.00,286.62,0,-103.00,-13.00,0.00,0.00,29.00,0.00,0,202
96.05,1547802204,1121.04,51.51699972,7.46932692,127.35,0.00,0.00,286.62,0,-106.00,-16.00,0.00,0.00,30.00,0.00,0,486
96.05,1547802204,1121.04,51.51699972,7.46932692,127.35,0.00,0.00,286.62,0,-91.00,-15.00,0.00,0.00,44.00,0.00,0,363
96.05,1547802204,1121.04,51.51699972,7.46932692,127.35,0.00,0.00,286.62,0,-91.00,-13.00,0.00,0.00,44.00,0.00,0,289
97.05,1547802205,1121.04,51.51699972,7.46932692,127.35,0.00,0.00,286.62,0,-102.00,-13.00,0.00,0.00,30.00,0.00,0,347
97.05,1547802205,1121.04,51.51699972,7.46932692,127.35,0.00,0.00,286.62,0,-103.00,-13.00,0.00,0.00,29.00,0.00,0,202
97.06,1547802205,1121.04,51.51699972,7.46932692,127.35,0.00,0.00,286.62,0,-106.00,-16.00,0.00,0.00,30.00,0.00,0,486
97.06,1547802205,1121.04,51.51699972,7.46932692,127.35,0.00,0.00,286.62,0,-91.00,-15.00,0.00,0.00,44.00,0.00,0,363
97.06,1547802205,1121.04,51.51699972,7.46932692,127.35,0.00,0.00,286.62,0,-91.00,-13.00,0.00,0.00,44.00,0.00,0,289
98.06,1547802206,1121.04,51.51699972,7.46932692,127.34,0.00,0.00,286.62,0,-102.00,-12.00,0.00,0.00,29.00,0.00,0,347
98.06,1547802206,1121.04,51.51699972,7.46932692,127.34,0.00,0.00,286.62,0,-103.00,-12.00,0.00,0.00,29.00,0.00,0,202
98.06,1547802206,1121.04,51.51699972,7.46932692,127.34,0.00,0.00,286.62,0,-106.00,-16.00,0.00,0.00,29.00,0.00,0,486
98.06,1547802206,1121.04,51.51699972,7.46932692,127.34,0.00,0.00,286.62,0,-108.00,-12.00,0.00,0.00,24.00,0.00,0,107
98.06,1547802206,1121.04,51.51699972,7.46932692,127.34,0.00,0.00,286.62,0,-91.00,-13.00,0.00,0.00,42.00,0.00,0,363
98.06,1547802206,1121.04,51.51699972,7.46932692,127.34,0.00,0.00,286.62,0,-92.00,-11.00,0.00,0.00,42.00,0.00,0,289
99.05,1547802207,1121.04,51.51699972,7.46932692,127.33,0.00,0.00,286.62,0,-102.00,-12.00,0.00,0.00,29.00,0.00,0,347
99.05,1547802207,1121.04,51.51699972,7.46932692,127.33,0.00,0.00,286.62,0,-103.00,-12.00,0.00,0.00,29.00,0.00,0,202
99.05,1547802207,1121.04,51.51699972,7.46932692,127.33,0.00,0.00,286.62,0,-106.00,-16.00,0.00,0.00,29.00,0.00,0,486
99.05,1547802207,1121.04,51.51699972,7.46932692,127.33,0.00,0.00,286.62,0,-108.00,-12.00,0.00,0.00,24.00,0.00,0,107
99.05,1547802207,1121.04,51.51699972,7.46932692,127.33,0.00,0.00,286.62,0,-91.00,-13.00,0.00,0.00,42.00,0.00,0,363
99.05,1547802207,1121.04,51.51699972,7.46932692,127.33,0.00,0.00,286.62,0,-92.00,-11.00,0.00,0.00,42.00,0.00,0,289
100.05,1547802208,1121.04,51.51699972,7.46932692,127.33,0.00,0.00,286.62,0,-103.00,-11.00,0.00,0.00,27.00,0.00,0,202
100.06,1547802208,1121.04,51.51699972,7.46932692,127.33,0.00,0.00,286.62,0,-103.00,-11.00,0.00,0.00,28.00,0.00,0,347
100.06,1547802208,1121.04,51.51699972,7.46932692,127.33,0.00,0.00,286.62,0,-105.00,-15.00,0.00,0.00,28.00,0.00,0,486
100.06,1547802208,1121.04,51.51699972,7.46932692,127.33,0.00,0.00,286.62,0,-108.00,-15.00,0.00,0.00,25.00,0.00,0,107
100.06,1547802208,1121.04,51.51699972,7.46932692,127.33,0.00,0.00,286.62,0,-90.00,-13.00,0.00,0.00,41.00,0.00,0,363
100.06,1547802208,1121.04,51.51699972,7.46932692,127.33,0.00,0.00,286.62,0,-92.00,-12.00,0.00,0.00,41.00,0.00,0,289
101.05,1547802209,1121.04,51.51699972,7.46932692,127.31,0.00,0.00,286.62,0,-103.00,-11.00,0.00,0.00,27.00,0.00,0,202
101.05,1547802209,1121.04,51.51699972,7.46932692,127.31,0.00,0.00,286.62,0,-103.00,-11.00,0.00,0.00,28.00,0.00,0,347
101.05,1547802209,1121.04,51.51699972,7.46932692,127.31,0.00,0.00,286.62,0,-105.00,-15.00,0.00,0.00,28.00,0.00,0,486
101.05,1547802209,1121.04,51.51699972,7.46932692,127.31,0.00,0.00,286.62,0,-108.00,-15.00,0.00,0.00,25.00,0.00,0,107
101.05,1547802209,1121.04,51.51699972,7.46932692,127.31,0.00,0.00,286.62,0,-90.00,-13.00,0.00,0.00,41.00,0.00,0,363
101.05,1547802209,1121.04,51.51699972,7.46932692,127.31,0.00,0.00,286.62,0,-92.00,-12.00,0.00,0.00,41.00,0.00,0,289
102.05,1547802210,1121.04,51.51699972,7.46932692,127.30,0.00,0.00,286.62,0,-101.00,-12.00,0.00,0.00,33.00,0.00,0,347
102.05,1547802210,1121.04,51.51699972,7.46932692,127.30,0.00,0.00,286.62,0,-103.00,-15.00,0.00,0.00,33.00,0.00,0,202
102.05,1547802210,1121.04,51.51699972,7.46932692,127.30,0.00,0.00,286.62,0,-106.00,-18.00,0.00,0.00,33.00,0.00,0,486
102.05,1547802210,1121.04,51.51699972,7.46932692,127.30,0.00,0.00,286.62,0,-90.00,-13.00,0.00,0.00,45.00,0.00,0,363
102.05,1547802210,1121.04,51.51699972,7.46932692,127.30,0.00,0.00,286.62,0,-91.00,-14.00,0.00,0.00,45.00,0.00,0,289
103.05,1547802211,1121.04,51.51699972,7.46932692,127.28,0.00,0.00,286.62,0,-101.00,-12.00,0.00,0.00,33.00,0.00,0,347
103.05,1547802211,1121.04,51.51699972,7.46932692,127.28,0.00,0.00,286.62,0,-103.00,-15.00,0.00,0.00,33.00,0.00,0,202
103.05,1547802211,1121.04,51.51699972,7.46932692,127.28,0.00,0.00,286.62,0,-106.00,-18.00,0.00,0.00,33.00,0.00,0,486
103.05,1547802211,1121.04,51.51699972,7.46932692,127.28,0.00,0.00,286.62,0,-90.00,-13.00,0.00,0.00,45.00,0.00,0,363
103.05,1547802211,1121.04,51.51699972,7.46932692,127.28,0.00,0.00,286.62,0,-91.00,-14.00,0.00,0.00,45.00,0.00,0,289
104.05,1547802212,1121.04,51.51699972,7.46932692,127.26,0.00,0.00,286.62,0,-101.00,-12.00,0.00,0.00,32.00,0.00,0,347
104.05,1547802212,1121.04,51.51699972,7.46932692,127.26,0.00,0.00,286.62,0,-104.00,-16.00,0.00,0.00,32.00,0.00,0,202
104.05,1547802212,1121.04,51.51699972,7.46932692,127.26,0.00,0.00,286.62,0,-106.00,-18.00,0.00,0.00,32.00,0.00,0,486
104.05,1547802212,1121.04,51.51699972,7.46932692,127.26,0.00,0.00,286.62,0,-108.00,-20.00,0.00,0.00,32.00,0.00,0,107
104.05,1547802212,1121.04,51.51699972,7.46932692,127.26,0.00,0.00,286.62,0,-90.00,-15.00,0.00,0.00,45.00,0.00,0,289
104.05,1547802212,1121.04,51.51699972,7.46932692,127.26,0.00,0.00,286.62,0,-91.00,-14.00,0.00,0.00,45.00,0.00,0,363
105.05,1547802213,1121.04,51.51699972,7.46932692,127.24,0.00,0.00,286.62,0,-101.00,-12.00,0.00,0.00,32.00,0.00,0,347
105.05,1547802213,1121.04,51.51699972,7.46932692,127.24,0.00,0.00,286.62,0,-104.00,-16.00,0.00,0.00,32.00,0.00,0,202
105.05,1547802213,1121.04,51.51699972,7.46932692,127.24,0.00,0.00,286.62,0,-106.00,-18.00,0.00,0.00,32.00,0.00,0,486
105.05,1547802213,1121.04,51.51699972,7.46932692,127.24,0.00,0.00,286.62,0,-108.00,-20.00,0.00,0.00,32.00,0.00,0,107
105.05,1547802213,1121.04,51.51699972,7.46932692,127.24,0.00,0.00,286.62,0,-90.00,-15.00,0.00,0.00,45.00,0.00,0,289
105.05,1547802213,1121.04,51.51699972,7.46932692,127.24,0.00,0.00,286.62,0,-91.00,-14.00,0.00,0.00,45.00,0.00,0,363
106.06,1547802214,1121.04,51.51699972,7.46932692,127.21,0.00,0.00,286.62,0,-101.00,-11.00,0.00,0.00,29.00,0.00,0,347
106.06,1547802214,1121.04,51.51699972,7.46932692,127.21,0.00,0.00,286.62,0,-103.00,-12.00,0.00,0.00,28.00,0.00,0,202
106.06,1547802214,1121.04,51.51699972,7.46932692,127.21,0.00,0.00,286.62,0,-106.00,-16.00,0.00,0.00,29.00,0.00,0,486
106.06,1547802214,1121.04,51.51699972,7.46932692,127.21,0.00,0.00,286.62,0,-91.00,-13.00,0.00,0.00,43.00,0.00,0,289
106.06,1547802214,1121.04,51.51699972,7.46932692,127.21,0.00,0.00,286.62,0,-92.00,-14.00,0.00,0.00,43.00,0.00,0,363
107.05,1547802215,1121.04,51.51699972,7.46932692,127.19,0.00,0.00,286.62,0,-101.00,-11.00,0.00,0.00,29.00,0.00,0,347
107.05,1547802215,1121.04,51.51699972,7.46932692,127.19,0.00,0.00,286.62,0,-103.00,-12.00,0.00,0.00,28.00,0.00,0,202
107.05,1547802215,1121.04,51.51699972,7.46932692,127.19,0.00,0.00,286.62,0,-106.00,-16.00,0.00,0.00,29.00,0.00,0,486
107.05,1547802215,1121.04,51.51699972,7.46932692,127.19,0.00,0.00,286.62,0,-91.00,-13.00,0.00,0.00,43.00,0.00,0,289
107.05,1547802215,1121.04,51.51699972,7.46932692,127.19,0.00,0.00,286.62,0,-92.00,-14.00,0.00,0.00,43.00,0.00,0,363
108.05,1547802216,1121.04,51.51699972,7.46932692,127.17,0.00,0.00,286.62,0,-102.00,-11.00,0.00,0.00,29.00,0.00,0,347
108.05,1547802216,1121.04,51.51699972,7.46932692,127.17,0.00,0.00,286.62,0,-103.00,-12.00,0.00,0.00,28.00,0.00,0,202
108.06,1547802216,1121.04,51.51699972,7.46932692,127.17,0.00,0.00,286.62,0,-106.00,-15.00,0.00,0.00,29.00,0.00,0,486
108.06,1547802216,1121.04,51.51699972,7.46932692,127.17,0.00,0.00,286.62,0,-91.00,-14.00,0.00,0.00,44.00,0.00,0,363
108.06,1547802216,1121.04,51.51699972,7.46932692,127.17,0.00,0.00,286.62,0,-92.00,-14.00,0.00,0.00,44.00,0.00,0,289
109.05,1547802217,1121.04,51.51699972,7.46932692,127.14,0.00,0.00,286.62,0,-102.00,-11.00,0.00,0.00,29.00,0.00,0,347
109.05,1547802217,1121.04,51.51699972,7.46932692,127.14,0.00,0.00,286.62,0,-103.00,-12.00,0.00,0.00,28.00,0.00,0,202
109.06,1547802217,1121.04,51.51699972,7.46932692,127.14,0.00,0.00,286.62,0,-106.00,-15.00,0.00,0.00,29.00,0.00,0,486
109.06,1547802217,1121.04,51.51699972,7.46932692,127.14,0.00,0.00,286.62,0,-91.00,-14.00,0.00,0.00,44.00,0.00,0,363
109.06,1547802217,1121.04,51.51699972,7.46932692,127.14,0.00,0.00,286.62,0,-92.00,-14.00,0.00,0.00,44.00,0.00,0,289
110.05,1547802218,1121.04,51.51699972,7.46932692,127.11,0.00,0.00,286.62,0,-102.00,-11.00,0.00,0.00,30.00,0.00,0,347
110.06,1547802218,1121.04,51.51699972,7.46932692,127.11,0.00,0.00,286.62,0,-102.00,-11.00,0.00,0.00,30.00,0.00,0,202
110.06,1547802218,1121.04,51.51699972,7.46932692,127.11,0.00,0.00,286.62,0,-106.00,-16.00,0.00,0.00,29.00,0.00,0,486
110.06,1547802218,1121.04,51.51699972,7.46932692,127.11,0.00,0.00,286.62,0,-89.00,-13.00,0.00,0.00,43.00,0.00,0,363
110.06,1547802218,1121.04,51.51699972,7.46932692,127.11,0.00,0.00,286.62,0,-91.00,-12.00,0.00,0.00,44.00,0.00,0,289
111.06,1547802219,1121.04,51.51699972,7.46932692,127.08,0.00,0.00,286.62,0,-102.00,-11.00,0.00,0.00,30.00,0.00,0,347
111.06,1547802219,1121.04,51.51699972,7.46932692,127.08,0.00,0.00,286.62,0,-102.00,-11.00,0.00,0.00,30.00,0.00,0,202
111.06,1547802219,1121.04,51.51699972,7.46932692,127.08,0.00,0.00,286.62,0,-106.00,-16.00,0.00,0.00,29.00,0.00,0,486
111.06,1547802219,1121.04,51.51699972,7.46932692,127.08,0.00,0.00,286.62,0,-89.00,-13.00,0.00,0.00,43.00,0.00,0,363
111.06,1547802219,1121.04,51.51699972,7.46932692,127.08,0.00,0.00,286.62,0,-91.00,-12.00,0.00,0.00,44.00,0.00,0,289
112.05,1547802220,1121.04,51.51699972,7.46932692,127.05,0.00,0.00,286.62,0,-102.00,-14.00,0.00,0.00,33.00,0.00,0,347
112.05,1547802220,1121.04,51.51699972,7.46932692,127.05,0.00,0.00,286.62,0,-103.00,-15.00,0.00,0.00,34.00,0.00,0,202
112.05,1547802220,1121.04,51.51699972,7.46932692,127.05,0.00,0.00,286.62,0,-106.00,-19.00,0.00,0.00,33.00,0.00,0,486
112.05,1547802220,1121.04,51.51699972,7.46932692,127.05,0.00,0.00,286.62,0,-90.00,-12.00,0.00,0.00,44.00,0.00,0,289
112.05,1547802220,1121.04,51.51699972,7.46932692,127.05,0.00,0.00,286.62,0,-91.00,-13.00,0.00,0.00,44.00,0.00,0,363
113.05,1547802221,1121.04,51.51699972,7.46932692,127.02,0.00,0.00,286.62,0,-102.00,-14.00,0.00,0.00,33.00,0.00,0,347
113.05,1547802221,1121.04,51.51699972,7.46932692,127.02,0.00,0.00,286.62,0,-103.00,-15.00,0.00,0.00,34.00,0.00,0,202
113.05,1547802221,1121.04,51.51699972,7.46932692,127.02,0.00,0.00,286.62,0,-106.00,-19.00,0.00,0.00,33.00,0.00,0,486
113.05,1547802221,1121.04,51.51699972,7.46932692,127.02,0.00,0.00,286.62,0,-90.00,-12.00,0.00,0.00,44.00,0.00,0,289
113.05,1547802221,1121.04,51.51699972,7.46932692,127.02,0.00,0.00,286.62,0,-91.00,-13.00,0.00,0.00,44.00,0.00,0,363
114.06,1547802222,1121.04,51.51699972,7.46932692,126.99,0.00,0.00,286.62,0,-101.00,-11.00,0.00,0.00,29.00,0.00,0,347
114.06,1547802222,1121.04,51.51699972,7.46932692,126.99,0.00,0.00,286.62,0,-101.00,-11.00,0.00,0.00,28.00,0.00,0,202
114.06,1547802222,1121.04,51.51699972,7.46932692,126.99,0.00,0.00,286.62,0,-105.00,-15.00,0.00,0.00,29.00,0.00,0,486
114.07,1547802222,1121.04,51.51699972,7.46932692,126.99,0.00,0.00,286.62,0,-108.00,-14.00,0.00,0.00,26.00,0.00,0,107
114.07,1547802222,1121.04,51.51699972,7.46932692,126.99,0.00,0.00,286.62,0,-90.00,-13.00,0.00,0.00,43.00,0.00,0,363
114.07,1547802222,1121.04,51.51699972,7.46932692,126.99,0.00,0.00,286.62,0,-91.00,-12.00,0.00,0.00,42.00,0.00,0,289
115.05,1547802223,1121.04,51.51699972,7.46932692,126.96,0.00,0.00,286.62,0,-101.00,-11.00,0.00,0.00,29.00,0.00,0,347
115.06,1547802223,1121.04,51.51699972,7.46932692,126.96,0.00,0.00,286.62,0,-101.00,-11.00,0.00,0.00,28.00,0.00,0,202
115.06,1547802223,1121.04,51.51699972,7.46932692,126.96,0.00,0.00,286.62,0,-105.00,-15.00,0.00,0.00,29.00,0.00,0,486
115.06,1547802223,1121.04,51.51699972,7.46932692,126.96,0.00,0.00,286.62,0,-108.00,-14.00,0.00,0.00,26.00,0.00,0,107
115.06,1547802223,1121.04,51.51699972,7.46932692,126.96,0.00,0.00,286.62,0,-90.00,-13.00,0.00,0.00,43.00,0.00,0,363
115.06,1547802223,1121.04,51.51699972,7.46932692,126.96,0.00,0.00,286.62,0,-91.00,-12.00,0.00,0.00,42.00,0.00,0,289
116.06,1547802224,1121.04,51.51699972,7.46932692,126.92,0.00,0.00,286.62,0,-101.00,-11.00,0.00,0.00,29.00,0.00,0,347
116.06,1547802224,1121.04,51.51699972,7.46932692,126.92,0.00,0.00,286.62,0,-101.00,-11.00,0.00,0.00,28.00,0.00,0,202
116.06,1547802224,1121.04,51.51699972,7.46932692,126.92,0.00,0.00,286.62,0,-105.00,-15.00,0.00,0.00,29.00,0.00,0,486
116.06,1547802224,1121.04,51.51699972,7.46932692,126.92,0.00,0.00,286.62,0,-108.00,-14.00,0.00,0.00,26.00,0.00,0,107
116.06,1547802224,1121.04,51.51699972,7.46932692,126.92,0.00,0.00,286.62,0,-90.00,-13.00,0.00,0.00,43.00,0.00,0,363
116.06,1547802224,1121.04,51.51699972,7.46932692,126.92,0.00,0.00,286.62,0,-91.00,-12.00,0.00,0.00,42.00,0.00,0,289
117.05,1547802225,1121.04,51.51699972,7.46932692,126.89,0.00,0.00,286.62,0,-101.00,-11.00,0.00,0.00,31.00,0.00,0,347
117.06,1547802225,1121.04,51.51699972,7.46932692,126.89,0.00,0.00,286.62,0,-101.00,-12.00,0.00,0.00,31.00,0.00,0,202
117.06,1547802225,1121.04,51.51699972,7.46932692,126.89,0.00,0.00,286.62,0,-106.00,-16.00,0.00,0.00,29.00,0.00,0,486
117.06,1547802225,1121.04,51.51699972,7.46932692,126.89,0.00,0.00,286.62,0,-90.00,-13.00,0.00,0.00,43.00,0.00,0,363
117.06,1547802225,1121.04,51.51699972,7.46932692,126.89,0.00,0.00,286.62,0,-91.00,-11.00,0.00,0.00,43.00,0.00,0,289
118.05,1547802226,1121.04,51.51699972,7.46932692,126.86,0.00,0.00,286.62,0,-101.00,-11.00,0.00,0.00,31.00,0.00,0,347
118.06,1547802226,1121.04,51.51699972,7.46932692,126.86,0.00,0.00,286.62,0,-101.00,-12.00,0.00,0.00,31.00,0.00,0,202
118.06,1547802226,1121.04,51.51699972,7.46932692,126.86,0.00,0.00,286.62,0,-106.00,-16.00,0.00,0.00,29.00,0.00,0,486
118.06,1547802226,1121.04,51.51699972,7.46932692,126.86,0.00,0.00,286.62,0,-90.00,-13.00,0.00,0.00,43.00,0.00,0,363
118.06,1547802226,1121.04,51.51699972,7.46932692,126.86,0.00,0.00,286.62,0,-91.00,-11.00,0.00,0.00,43.00,0.00,0,289
119.05,1547802227,1121.04,51.51699972,7.46932692,126.82,0.00,0.00,286.62,0,-103.00,-11.00,0.00,0.00,28.00,0.00,0,202
119.05,1547802227,1121.04,51.51699972,7.46932692,126.82,0.00,0.00,286.62,0,-104.00,-12.00,0.00,0.00,28.00,0.00,0,347
119.06,1547802227,1121.04,51.51699972,7.46932692,126.82,0.00,0.00,286.62,0,-106.00,-14.00,0.00,0.00,28.00,0.00,0,486
119.06,1547802227,1121.04,51.51699972,7.46932692,126.82,0.00,0.00,286.62,0,-90.00,-12.00,0.00,0.00,41.00,0.00,0,363
119.06,1547802227,1121.04,51.51699972,7.46932692,126.82,0.00,0.00,286.62,0,-92.00,-10.00,0.00,0.00,40.00,0.00,0,289
120.05,1547802228,1121.04,51.51699972,7.46932692,126.79,0.00,0.00,286.62,0,-103.00,-11.00,0.00,0.00,28.00,0.00,0,202
120.05,1547802228,1121.04,51.51699972,7.46932692,126.79,0.00,0.00,286.62,0,-104.00,-12.00,0.00,0.00,28.00,0.00,0,347
120.05,1547802228,1121.04,51.51699972,7.46932692,126.79,0.00,0.00,286.62,0,-106.00,-14.00,0.00,0.00,28.00,0.00,0,486
120.05,1547802228,1121.04,51.51699972,7.46932692,126.79,0.00,0.00,286.62,0,-90.00,-12.00,0.00,0.00,41.00,0.00,0,363
120.05,1547802228,1121.04,51.51699972,7.46932692,126.79,0.00,0.00,286.62,0,-92.00,-10.00,0.00,0.00,40.00,0.00,0,289
121.06,1547802229,1121.04,51.51699972,7.46932692,126.76,0.00,0.00,286.62,0,-100.00,-10.00,0.00,0.00,29.00,0.00,0,347
121.06,1547802229,1121.04,51.51699972,7.46932692,126.76,0.00,0.00,286.62,0,-102.00,-11.00,0.00,0.00,28.00,0.00,0,202
121.06,1547802229,1121.04,51.51699972,7.46932692,126.76,0.00,0.00,286.62,0,-106.00,-16.00,0.00,0.00,29.00,0.00,0,486
121.06,1547802229,1121.04,51.51699972,7.46932692,126.76,0.00,0.00,286.62,0,-90.00,-13.00,0.00,0.00,43.00,0.00,0,363
121.06,1547802229,1121.04,51.51699972,7.46932692,126.76,0.00,0.00,286.62,0,-91.00,-12.00,0.00,0.00,43.00,0.00,0,289
122.05,1547802230,1121.04,51.51699972,7.46932692,126.72,0.00,0.00,286.62,0,-100.00,-10.00,0.00,0.00,29.00,0.00,0,347
122.05,1547802230,1121.04,51.51699972,7.46932692,126.72,0.00,0.00,286.62,0,-102.00,-11.00,0.00,0.00,28.00,0.00,0,202
122.05,1547802230,1121.04,51.51699972,7.46932692,126.72,0.00,0.00,286.62,0,-106.00,-16.00,0.00,0.00,29.00,0.00,0,486
122.05,1547802230,1121.04,51.51699972,7.46932692,126.72,0.00,0.00,286.62,0,-90.00,-13.00,0.00,0.00,43.00,0.00,0,363
122.05,1547802230,1121.04,51.51699972,7.46932692,126.72,0.00,0.00,286.62,0,-91.00,-12.00,0.00,0.00,43.00,0.00,0,289
123.05,1547802231,1121.04,51.51699972,7.46932692,126.69,0.00,0.00,286.62,0,-101.00,-14.00,0.00,0.00,33.00,0.00,0,347
123.05,1547802231,1121.04,51.51699972,7.46932692,126.69,0.00,0.00,286.62,0,-102.00,-16.00,0.00,0.00,33.00,0.00,0,202
123.05,1547802231,1121.04,51.51699972,7.46932692,126.69,0.00,0.00,286.62,0,-106.00,-20.00,0.00,0.00,33.00,0.00,0,486
123.05,1547802231,1121.04,51.51699972,7.46932692,126.69,0.00,0.00,286.62,0,-90.00,-14.00,0.00,0.00,45.00,0.00,0,363
123.05,1547802231,1121.04,51.51699972,7.46932692,126.69,0.00,0.00,286.62,0,-91.00,-16.00,0.00,0.00,45.00,0.00,0,289
124.05,1547802232,1121.04,51.51699972,7.46932692,126.66,0.00,0.00,286.62,0,-101.00,-14.00,0.00,0.00,33.00,0.00,0,347
124.05,1547802232,1121.04,51.51699972,7.46932692,126.66,0.00,0.00,286.62,0,-102.00,-16.00,0.00,0.00,33.00,0.00,0,202
124.06,1547802232,1121.04,51.51699972,7.46932692,126.66,0.00,0.00,286.62,0,-106.00,-20.00,0.00,0.00,33.00,0.00,0,486
124.06,1547802232,1121.04,51.51699972,7.46932692,126.66,0.00,0.00,286.62,0,-90.00,-14.00,0.00,0.00,45.00,0.00,0,363
124.06,1547802232,1121.04,51.51699972,7.46932692,126.66,0.00,0.00,286.62,0,-91.00,-16.00,0.00,0.00,45.00,0.00,0,289
125.05,1547802233,1121.04,51.51699972,7.46932692,126.63,0.00,0.00,286.62,0,-102.00,-10.00,0.00,0.00,28.00,0.00,0,347
125.06,1547802233,1121.04,51.51699972,7.46932692,126.63,0.00,0.00,286.62,0,-103.00,-11.00,0.00,0.00,27.00,0.00,0,202
125.06,1547802233,1121.04,51.51699972,7.46932692,126.63,0.00,0.00,286.62,0,-106.00,-15.00,0.00,0.00,28.00,0.00,0,486
125.06,1547802233,1121.04,51.51699972,7.46932692,126.63,0.00,0.00,286.62,0,-90.00,-12.00,0.00,0.00,43.00,0.00,0,289
125.06,1547802233,1121.04,51.51699972,7.46932692,126.63,0.00,0.00,286.62,0,-92.00,-13.00,0.00,0.00,43.00,0.00,0,363
126.05,1547802234,1121.04,51.51699972,7.46932692,126.60,0.00,0.00,286.62,0,-102.00,-10.00,0.00,0.00,28.00,0.00,0,347
126.05,1547802234,1121.04,51.51699972,7.46932692,126.60,0.00,0.00,286.62,0,-103.00,-11.00,0.00,0.00,27.00,0.00,0,202
126.05,1547802234,1121.04,51.51699972,7.46932692,126.60,0.00,0.00,286.62,0,-106.00,-15.00,0.00,0.00,28.00,0.00,0,486
126.05,1547802234,1121.04,51.51699972,7.46932692,126.60,0.00,0.00,286.62,0,-90.00,-12.00,0.00,0.00,43.00,0.00,0,289
126.05,1547802234,1121.04,51.51699972,7.46932692,126.60,0.00,0.00,286.62,0,-92.00,-13.00,0.00,0.00,43.00,0.00,0,363
127.05,1547802235,1121.04,51.51699972,7.46932692,126.57,0.00,0.00,286.62,0,-101.00,-11.00,0.00,0.00,29.00,0.00,0,347
127.06,1547802235,1121.04,51.51699972,7.46932692,126.57,0.00,0.00,286.62,0,-102.00,-11.00,0.00,0.00,28.00,0.00,0,202
127.06,1547802235,1121.04,51.51699972,7.46932692,126.57,0.00,0.00,286.62,0,-106.00,-15.00,0.00,0.00,29.00,0.00,0,486
127.06,1547802235,1121.04,51.51699972,7.46932692,126.57,0.00,0.00,286.62,0,-91.00,-13.00,0.00,0.00,43.00,0.00,0,363
127.06,1547802235,1121.04,51.51699972,7.46932692,126.57,0.00,0.00,286.62,0,-93.00,-13.00,0.00,0.00,43.00,0.00,0,289
128.05,1547802236,1121.04,51.51699972,7.46932692,126.54,0.00,0.00,286.62,0,-101.00,-11.00,0.00,0.00,29.00,0.00,0,347
128.05,1547802236,1121.04,51.51699972,7.46932692,126.54,0.00,0.00,286.62,0,-102.00,-11.00,0.00,0.00,28.00,0.00,0,202
128.05,1547802236,1121.04,51.51699972,7.46932692,126.54,0.00,0.00,286.62,0,-106.00,-15.00,0.00,0.00,29.00,0.00,0,486
128.06,1547802236,1121.04,51.51699972,7.46932692,126.54,0.00,0.00,286.62,0,-91.00,-13.00,0.00,0.00,43.00,0.00,0,363
128.06,1547802236,1121.04,51.51699972,7.46932692,126.54,0.00,0.00,286.62,0,-93.00,-13.00,0.00,0.00,43.00,0.00,0,289
129.05,1547802237,1121.04,51.51699972,7.46932692,126.51,0.00,0.00,286.62,0,-102.00,-11.00,0.00,0.00,29.00,0.00,0,347
129.06,1547802237,1121.04,51.51699972,7.46932692,126.51,0.00,0.00,286.62,0,-102.00,-12.00,0.00,0.00,28.00,0.00,0,202
129.06,1547802237,1121.04,51.51699972,7.46932692,126.51,0.00,0.00,286.62,0,-105.00,-15.00,0.00,0.00,29.00,0.00,0,486
129.06,1547802237,1121.04,51.51699972,7.46932692,126.51,0.00,0.00,286.62,0,-90.00,-13.00,0.00,0.00,44.00,0.00,0,363
129.06,1547802237,1121.04,51.51699972,7.46932692,126.51,0.00,0.00,286.62,0,-92.00,-13.00,0.00,0.00,44.00,0.00,0,289
130.06,1547802238,1121.04,51.51699972,7.46932692,126.49,0.00,0.00,286.62,0,-102.00,-11.00,0.00,0.00,29.00,0.00,0,347
130.06,1547802238,1121.04,51.51699972,7.46932692,126.49,0.00,0.00,286.62,0,-102.00,-12.00,0.00,0.00,28.00,0.00,0,202
130.06,1547802238,1121.04,51.51699972,7.46932692,126.49,0.00,0.00,286.62,0,-105.00,-15.00,0.00,0.00,29.00,0.00,0,486
130.06,1547802238,1121.04,51.51699972,7.46932692,126.49,0.00,0.00,286.62,0,-90.00,-13.00,0.00,0.00,44.00,0.00,0,363
130.06,1547802238,1121.04,51.51699972,7.46932692,126.49,0.00,0.00,286.62,0,-92.00,-13.00,0.00,0.00,44.00,0.00,0,289
131.06,1547802239,1121.04,51.51699972,7.46932692,126.46,0.00,0.00,286.62,0,-102.00,-11.00,0.00,0.00,31.00,0.00,0,347
131.06,1547802239,1121.04,51.51699972,7.46932692,126.46,0.00,0.00,286.62,0,-103.00,-13.00,0.00,0.00,30.00,0.00,0,202
131.06,1547802239,1121.04,51.51699972,7.46932692,126.46,0.00,0.00,286.62,0,-104.00,-15.00,0.00,0.00,31.00,0.00,0,486
131.06,1547802239,1121.04,51.51699972,7.46932692,126.46,0.00,0.00,286.62,0,-108.00,-12.00,0.00,0.00,29.00,0.00,0,107
132.05,1547802240,1121.04,51.51699972,7.46932692,126.45,0.00,0.00,286.62,0,-102.00,-11.00,0.00,0.00,31.00,0.00,0,347
132.05,1547802240,1121.04,51.51699972,7.46932692,126.45,0.00,0.00,286.62,0,-103.00,-13.00,0.00,0.00,30.00,0.00,0,202
132.05,1547802240,1121.04,51.51699972,7.46932692,126.45,0.00,0.00,286.62,0,-104.00,-15.00,0.00,0.00,31.00,0.00,0,486
132.05,1547802240,1121.04,51.51699972,7.46932692,126.45,0.00,0.00,286.62,0,-108.00,-12.00,0.00,0.00,29.00,0.00,0,107
133.05,1547802241,1121.04,51.51699972,7.46932692,126.43,0.00,0.00,286.62,0,-103.00,-16.00,0.00,0.00,34.00,0.00,0,347
133.05,1547802241,1121.04,51.51699972,7.46932692,126.43,0.00,0.00,286.62,0,-103.00,-17.00,0.00,0.00,35.00,0.00,0,202
133.05,1547802241,1121.04,51.51699972,7.46932692,126.43,0.00,0.00,286.62,0,-105.00,-18.00,0.00,0.00,34.00,0.00,0,486
133.05,1547802241,1121.04,51.51699972,7.46932692,126.43,0.00,0.00,286.62,0,-91.00,-17.00,0.00,0.00,46.00,0.00,0,289
133.05,1547802241,1121.04,51.51699972,7.46932692,126.43,0.00,0.00,286.62,0,-91.00,-16.00,0.00,0.00,46.00,0.00,0,363
134.05,1547802242,1121.04,51.51699972,7.46932692,126.41,0.00,0.00,286.62,0,-103.00,-16.00,0.00,0.00,34.00,0.00,0,347
134.05,1547802242,1121.04,51.51699972,7.46932692,126.41,0.00,0.00,286.62,0,-103.00,-17.00,0.00,0.00,35.00,0.00,0,202
134.05,1547802242,1121.04,51.51699972,7.46932692,126.41,0.00,0.00,286.62,0,-105.00,-18.00,0.00,0.00,34.00,0.00,0,486
134.05,1547802242,1121.04,51.51699972,7.46932692,126.41,0.00,0.00,286.62,0,-91.00,-17.00,0.00,0.00,46.00,0.00,0,289
134.05,1547802242,1121.04,51.51699972,7.46932692,126.41,0.00,0.00,286.62,0,-91.00,-16.00,0.00,0.00,46.00,0.00,0,363
135.06,1547802243,1121.04,51.51699972,7.46932692,126.40,0.00,0.00,286.62,0,-101.00,-11.00,0.00,0.00,29.00,0.00,0,347
135.06,1547802243,1121.04,51.51699972,7.46932692,126.40,0.00,0.00,286.62,0,-102.00,-11.00,0.00,0.00,28.00,0.00,0,202
135.06,1547802243,1121.04,51.51699972,7.46932692,126.40,0.00,0.00,286.62,0,-104.00,-15.00,0.00,0.00,29.00,0.00,0,486
135.07,1547802243,1121.04,51.51699972,7.46932692,126.40,0.00,0.00,286.62,0,-107.00,-15.00,0.00,0.00,26.00,0.00,0,107
135.07,1547802243,1121.04,51.51699972,7.46932692,126.40,0.00,0.00,286.62,0,-89.00,-16.00,0.00,0.00,47.00,0.00,0,363
135.07,1547802243,1121.04,51.51699972,7.46932692,126.40,0.00,0.00,286.62,0,-90.00,-18.00,0.00,0.00,47.00,0.00,0,62
136.06,1547802244,1121.04,51.51699972,7.46932692,126.38,0.00,0.00,286.62,0,-101.00,-11.00,0.00,0.00,29.00,0.00,0,347
136.06,1547802244,1121.04,51.51699972,7.46932692,126.38,0.00,0.00,286.62,0,-102.00,-11.00,0.00,0.00,28.00,0.00,0,202
136.06,1547802244,1121.04,51.51699972,7.46932692,126.38,0.00,0.00,286.62,0,-104.00,-15.00,0.00,0.00,29.00,0.00,0,486
136.06,1547802244,1121.04,51.51699972,7.46932692,126.38,0.00,0.00,286.62,0,-107.00,-15.00,0.00,0.00,26.00,0.00,0,107
136.06,1547802244,1121.04,51.51699972,7.46932692,126.38,0.00,0.00,286.62,0,-89.00,-16.00,0.00,0.00,47.00,0.00,0,363
136.06,1547802244,1121.04,51.51699972,7.46932692,126.38,0.00,0.00,286.62,0,-90.00,-18.00,0.00,0.00,47.00,0.00,0,62
137.06,1547802245,1121.04,51.51699972,7.46932692,126.37,0.00,0.00,286.62,0,-101.00,-11.00,0.00,0.00,29.00,0.00,0,347
137.06,1547802245,1121.04,51.51699972,7.46932692,126.37,0.00,0.00,286.62,0,-102.00,-11.00,0.00,0.00,28.00,0.00,0,202
137.06,1547802245,1121.04,51.51699972,7.46932692,126.37,0.00,0.00,286.62,0,-104.00,-15.00,0.00,0.00,29.00,0.00,0,486
137.06,1547802245,1121.04,51.51699972,7.46932692,126.37,0.00,0.00,286.62,0,-107.00,-15.00,0.00,0.00,26.00,0.00,0,107
137.06,1547802245,1121.04,51.51699972,7.46932692,126.37,0.00,0.00,286.62,0,-89.00,-16.00,0.00,0.00,47.00,0.00,0,363
137.06,1547802245,1121.04,51.51699972,7.46932692,126.37,0.00,0.00,286.62,0,-90.00,-18.00,0.00,0.00,47.00,0.00,0,62
138.06,1547802246,1121.04,51.51699972,7.46932692,126.36,0.00,0.00,286.62,0,-101.00,-11.00,0.00,0.00,27.00,0.00,0,202
138.06,1547802246,1121.04,51.51699972,7.46932692,126.36,0.00,0.00,286.62,0,-102.00,-11.00,0.00,0.00,28.00,0.00,0,347
138.06,1547802246,1121.04,51.51699972,7.46932692,126.36,0.00,0.00,286.62,0,-105.00,-15.00,0.00,0.00,29.00,0.00,0,486
138.06,1547802246,1121.04,51.51699972,7.46932692,126.36,0.00,0.00,286.62,0,-108.00,-15.00,0.00,0.00,25.00,0.00,0,107
138.06,1547802246,1121.04,51.51699972,7.46932692,126.36,0.00,0.00,286.62,0,-89.00,-15.00,0.00,0.00,47.00,0.00,0,363
138.06,1547802246,1121.04,51.51699972,7.46932692,126.36,0.00,0.00,286.62,0,-89.00,-15.00,0.00,0.00,47.00,0.00,0,289
139.06,1547802247,1121.04,51.51699972,7.46932692,126.35,0.00,0.00,286.62,0,-101.00,-11.00,0.00,0.00,27.00,0.00,0,202
139.06,1547802247,1121.04,51.51699972,7.46932692,126.35,0.00,0.00,286.62,0,-102.00,-11.00,0.00,0.00,28.00,0.00,0,347
139.06,1547802247,1121.04,51.51699972,7.46932692,126.35,0.00,0.00,286.62,0,-105.00,-15.00,0.00,0.00,29.00,0.00,0,486
139.06,1547802247,1121.04,51.51699972,7.46932692,126.35,0.00,0.00,286.62,0,-108.00,-15.00,0.00,0.00,25.00,0.00,0,107
139.06,1547802247,1121.04,51.51699972,7.46932692,126.35,0.00,0.00,286.62,0,-89.00,-15.00,0.00,0.00,47.00,0.00,0,363
139.06,1547802247,1121.04,51.51699972,7.46932692,126.35,0.00,0.00,286.62,0,-89.00,-15.00,0.00,0.00,47.00,0.00,0,289
140.05,1547802248,1121.04,51.51699972,7.46932692,126.27,0.00,0.00,286.62,0,-102.00,-12.00,0.00,0.00,30.00,0.00,0,347
140.06,1547802248,1121.04,51.51699972,7.46932692,126.27,0.00,0.00,286.62,0,-103.00,-13.00,0.00,0.00,30.00,0.00,0,202
140.06,1547802248,1121.04,51.51699972,7.46932692,126.27,0.00,0.00,286.62,0,-105.00,-15.00,0.00,0.00,30.00,0.00,0,486
140.06,1547802248,1121.04,51.51699972,7.46932692,126.27,0.00,0.00,286.62,0,-91.00,-14.00,0.00,0.00,43.00,0.00,0,363
140.06,1547802248,1121.04,51.51699972,7.46932692,126.27,0.00,0.00,286.62,0,-92.00,-14.00,0.00,0.00,43.00,0.00,0,289
141.05,1547802249,1121.04,51.51699972,7.46932692,125.69,0.00,0.00,289.13,0,-102.00,-12.00,0.00,0.00,30.00,0.00,0,347
141.05,1547802249,1121.04,51.51699972,7.46932692,125.69,0.00,0.00,289.13,0,-103.00,-13.00,0.00,0.00,30.00,0.00,0,202
141.05,1547802249,1121.04,51.51699972,7.46932692,125.69,0.00,0.00,289.13,0,-105.00,-15.00,0.00,0.00,30.00,0.00,0,486
141.05,1547802249,1121.04,51.51699972,7.46932692,125.69,0.00,0.00,289.13,0,-91.00,-14.00,0.00,0.00,43.00,0.00,0,363
141.05,1547802249,1121.04,51.51699972,7.46932692,125.69,0.00,0.00,289.13,0,-92.00,-14.00,0.00,0.00,43.00,0.00,0,289
142.05,1547802250,1121.04,51.51699972,7.46932692,125.37,0.00,0.00,292.08,0,-101.00,-12.00,0.00,0.00,30.00,0.00,0,347
142.05,1547802250,1121.04,51.51699972,7.46932692,125.37,0.00,0.00,292.08,0,-102.00,-12.00,0.00,0.00,29.00,0.00,0,202
142.05,1547802250,1121.04,51.51699972,7.46932692,125.37,0.00,0.00,292.08,0,-106.00,-15.00,0.00,0.00,30.00,0.00,0,486
142.05,1547802250,1121.04,51.51699972,7.46932692,125.37,0.00,0.00,292.08,0,-91.00,-14.00,0.00,0.00,45.00,0.00,0,289
142.05,1547802250,1121.04,51.51699972,7.46932692,125.37,0.00,0.00,292.08,0,-91.00,-16.00,0.00,0.00,46.00,0.00,0,363
143.05,1547802251,1121.05,51.51706327,7.46909737,125.57,9.73,0.00,291.10,0,-101.00,-12.00,0.00,0.00,30.00,0.00,0,347
143.05,1547802251,1121.06,51.51706327,7.46909737,125.57,9.73,0.00,291.10,0,-102.00,-12.00,0.00,0.00,29.00,0.00,0,202
143.05,1547802251,1121.06,51.51706327,7.46909737,125.57,9.73,0.00,291.10,0,-106.00,-15.00,0.00,0.00,30.00,0.00,0,486
143.05,1547802251,1121.06,51.51706327,7.46909737,125.57,9.73,0.00,291.10,0,-91.00,-14.00,0.00,0.00,45.00,0.00,0,289
143.05,1547802251,1121.07,51.51706327,7.46909737,125.57,9.73,0.00,291.10,0,-91.00,-16.00,0.00,0.00,46.00,0.00,0,363
144.05,1547802252,1130.78,51.51709827,7.46892910,126.18,11.38,0.00,290.67,0,-102.00,-15.00,0.00,0.00,30.00,0.00,0,202
144.05,1547802252,1130.78,51.51709827,7.46892910,126.18,11.38,0.00,290.67,0,-102.00,-15.00,0.00,0.00,30.00,0.00,0,347
144.05,1547802252,1130.79,51.51709827,7.46892910,126.18,11.38,0.00,290.67,0,-103.00,-14.00,0.00,0.00,30.00,0.00,0,486
144.05,1547802252,1130.79,51.51709827,7.46892910,126.18,11.38,0.00,290.67,0,-82.00,-10.00,0.00,0.00,46.00,0.00,0,289
145.05,1547802253,1142.20,51.51713751,7.46875466,126.57,12.58,0.00,289.97,0,-102.00,-15.00,0.00,0.00,30.00,0.00,0,202
145.05,1547802253,1142.22,51.51713751,7.46875466,126.57,12.58,0.00,289.97,0,-102.00,-15.00,0.00,0.00,30.00,0.00,0,347
145.06,1547802253,1142.23,51.51713751,7.46875466,126.57,12.58,0.00,289.97,0,-103.00,-14.00,0.00,0.00,30.00,0.00,0,486
145.06,1547802253,1142.24,51.51713751,7.46875466,126.57,12.58,0.00,289.97,0,-82.00,-10.00,0.00,0.00,46.00,0.00,0,289
146.05,1547802254,1154.78,51.51717780,7.46858193,126.77,13.46,0.00,290.65,0,-98.00,-11.00,0.00,0.00,32.00,0.00,0,347
146.05,1547802254,1154.78,51.51717780,7.46858193,126.77,13.46,0.00,290.65,0,-103.00,-14.00,0.00,0.00,32.00,0.00,0,486
146.05,1547802254,1154.80,51.51717780,7.46858193,126.77,13.46,0.00,290.65,0,-103.00,-13.00,0.00,0.00,31.00,0.00,0,202
146.06,1547802254,1154.81,51.51717780,7.46858193,126.77,13.46,0.00,290.65,0,-76.00,-8.00,0.00,0.00,52.00,0.00,0,289
147.05,1547802255,1168.25,51.51722323,7.46838885,126.59,14.71,0.00,291.23,0,-98.00,-11.00,0.00,0.00,32.00,0.00,0,347
147.05,1547802255,1168.26,51.51722323,7.46838885,126.59,14.71,0.00,291.23,0,-103.00,-14.00,0.00,0.00,32.00,0.00,0,486
147.06,1547802255,1168.28,51.51722323,7.46838885,126.59,14.71,0.00,291.23,0,-103.00,-13.00,0.00,0.00,31.00,0.00,0,202
147.06,1547802255,1168.28,51.51722323,7.46838885,126.59,14.71,0.00,291.23,0,-76.00,-8.00,0.00,0.00,52.00,0.00,0,289
148.05,1547802256,1182.94,51.51727771,7.46816738,127.04,15.69,0.00,292.17,0,-92.00,-10.00,0.00,0.00,38.00,0.00,0,347
148.05,1547802256,1182.96,51.51727771,7.46816738,127.04,15.69,0.00,292.17,0,-83.00,-13.00,0.00,0.00,50.00,0.00,0,363
148.05,1547802256,1182.96,51.51727771,7.46816738,127.04,15.69,0.00,292.17,0,-87.00,-17.00,0.00,0.00,51.00,0.00,0,289
149.05,1547802257,1198.63,51.51732496,7.46798294,127.01,15.39,0.00,293.14,0,-92.00,-10.00,0.00,0.00,38.00,0.00,0,347
149.05,1547802257,1198.65,51.51732496,7.46798294,127.01,15.39,0.00,293.14,0,-83.00,-13.00,0.00,0.00,50.00,0.00,0,363
149.05,1547802257,1198.65,51.51732496,7.46798294,127.01,15.39,0.00,293.14,0,-87.00,-17.00,0.00,0.00,51.00,0.00,0,289
150.05,1547802258,1214.03,51.51738608,7.46778562,126.85,15.62,0.00,294.37,0,-85.00,-7.00,0.00,0.00,41.00,0.00,0,347
150.05,1547802258,1214.04,51.51738608,7.46778562,126.85,15.62,0.00,294.37,0,-79.00,-10.00,0.00,0.00,51.00,0.00,0,363
151.05,1547802259,1229.60,51.51744678,7.46758149,126.76,15.82,0.00,295.22,0,-85.00,-7.00,0.00,0.00,41.00,0.00,0,347
151.05,1547802259,1229.61,51.51744678,7.46758149,126.76,15.82,0.00,295.22,0,-79.00,-10.00,0.00,0.00,51.00,0.00,0,363
156.06,1547802264,1307.68,51.51773772,7.46656762,126.77,15.62,0.00,289.80,0,-87.00,-8.00,0.00,0.00,43.00,0.00,0,345
156.06,1547802264,1307.70,51.51773772,7.46656762,126.77,15.62,0.00,289.80,0,-78.00,-11.00,0.00,0.00,51.00,0.00,0,364
157.05,1547802265,1323.19,51.51777968,7.46634223,126.89,15.33,0.00,287.72,0,-87.00,-8.00,0.00,0.00,43.00,0.00,0,345
157.05,1547802265,1323.21,51.51777968,7.46634223,126.89,15.33,0.00,287.72,0,-78.00,-11.00,0.00,0.00,51.00,0.00,0,364
158.05,1547802266,1338.50,51.51781439,7.46612226,127.44,14.56,0.00,285.68,0,-87.00,-8.00,0.00,0.00,43.00,0.00,0,345
158.05,1547802266,1338.52,51.51781439,7.46612226,127.44,14.56,0.00,285.68,0,-78.00,-11.00,0.00,0.00,51.00,0.00,0,364
169.05,1547802277,1399.53,51.51786546,7.46533763,128.91,0.00,0.00,272.75,0,-91.00,-17.00,0.00,0.00,46.00,0.00,0,363
170.05,1547802278,1399.53,51.51786546,7.46533763,128.94,0.00,0.00,272.75,0,-91.00,-17.00,0.00,0.00,46.00,0.00,0,363
182.05,1547802290,1416.50,51.51785176,7.46498677,134.01,6.64,0.00,267.50,0,-86.00,-18.00,0.00,0.00,52.00,0.00,0,376
182.05,1547802290,1416.50,51.51785176,7.46498677,134.01,6.64,0.00,267.50,0,-88.00,-19.00,0.00,0.00,52.00,0.00,0,375
183.05,1547802291,1423.14,51.51784647,7.46490240,133.91,7.34,0.00,266.52,0,-86.00,-18.00,0.00,0.00,52.00,0.00,0,376
183.05,1547802291,1423.15,51.51784647,7.46490240,133.91,7.34,0.00,266.52,0,-88.00,-19.00,0.00,0.00,52.00,0.00,0,375
203.05,1547802311,1625.61,51.51733000,7.46205576,130.12,12.75,0.00,263.32,0,-91.00,-12.00,0.00,0.00,43.00,0.00,0,375
203.05,1547802311,1625.61,51.51733000,7.46205576,130.12,12.75,0.00,263.32,0,-92.00,-17.00,0.00,0.00,45.00,0.00,0,268
204.05,1547802312,1638.37,51.51731695,7.46186519,129.69,12.90,0.00,262.43,0,-91.00,-12.00,0.00,0.00,43.00,0.00,0,375
204.05,1547802312,1638.39,51.51731695,7.46186519,129.69,12.90,0.00,262.43,0,-92.00,-17.00,0.00,0.00,45.00,0.00,0,268
205.05,1547802313,1651.27,51.51729611,7.46168302,129.19,12.31,0.00,259.42,0,-90.00,-11.00,0.00,0.00,43.00,0.00,0,375
205.05,1547802313,1651.28,51.51729611,7.46168302,129.19,12.31,0.00,259.42,0,-92.00,-16.00,0.00,0.00,45.00,0.00,0,397
206.05,1547802314,1663.57,51.51726782,7.46150756,128.69,12.55,0.00,256.49,0,-90.00,-11.00,0.00,0.00,43.00,0.00,0,375
206.05,1547802314,1663.58,51.51726782,7.46150756,128.69,12.55,0.00,256.49,0,-92.00,-16.00,0.00,0.00,45.00,0.00,0,397
207.05,1547802315,1676.13,51.51723644,7.46133583,128.26,12.34,0.00,255.27,0,-87.00,-8.00,0.00,0.00,41.00,0.00,0,105
207.05,1547802315,1676.15,51.51723644,7.46133583,128.26,12.34,0.00,255.27,0,-80.00,-9.00,0.00,0.00,48.00,0.00,0,375
208.05,1547802316,1688.46,51.51720169,7.46115261,128.41,11.99,0.00,253.73,0,-87.00,-8.00,0.00,0.00,41.00,0.00,0,105
208.05,1547802316,1688.47,51.51720169,7.46115261,128.41,11.99,0.00,253.73,0,-80.00,-9.00,0.00,0.00,48.00,0.00,0,375
209.05,1547802317,1700.40,51.51717014,7.46100248,128.62,11.37,0.00,252.32,0,-86.00,-8.00,0.00,0.00,40.00,0.00,0,105
209.05,1547802317,1700.42,51.51717014,7.46100248,128.62,11.37,0.00,252.32,0,-85.00,-12.00,0.00,0.00,50.00,0.00,0,375
209.05,1547802317,1700.42,51.51717014,7.46100248,128.62,11.37,0.00,252.32,0,-87.00,-14.00,0.00,0.00,49.00,0.00,0,364
210.05,1547802318,1711.83,51.51713774,7.46085453,129.22,11.62,0.00,251.68,0,-86.00,-8.00,0.00,0.00,40.00,0.00,0,105
210.05,1547802318,1711.83,51.51713774,7.46085453,129.22,11.62,0.00,251.68,0,-85.00,-12.00,0.00,0.00,50.00,0.00,0,375
210.05,1547802318,1711.85,51.51713774,7.46085453,129.22,11.62,0.00,251.68,0,-87.00,-14.00,0.00,0.00,49.00,0.00,0,364
211.05,1547802319,1723.40,51.51709963,7.46069069,130.00,11.74,0.00,252.22,0,-82.00,-7.00,0.00,0.00,44.00,0.00,0,105
211.05,1547802319,1723.41,51.51709963,7.46069069,130.00,11.74,0.00,252.22,0,-82.00,-12.00,0.00,0.00,51.00,0.00,0,375
212.05,1547802320,1735.14,51.51705675,7.46052492,131.15,11.86,0.00,251.80,0,-82.00,-7.00,0.00,0.00,44.00,0.00,0,105
212.05,1547802320,1735.15,51.51705675,7.46052492,131.15,11.86,0.00,251.80,0,-82.00,-12.00,0.00,0.00,51.00,0.00,0,375
213.05,1547802321,1747.00,51.51701348,7.46037824,131.70,12.22,0.00,251.34,0,-86.00,-11.00,0.00,0.00,47.00,0.00,0,105
213.05,1547802321,1747.01,51.51701348,7.46037824,131.70,12.22,0.00,251.34,0,-81.00,-10.00,0.00,0.00,51.00,0.00,0,375
213.05,1547802321,1747.01,51.51701348,7.46037824,131.70,12.22,0.00,251.34,0,-87.00,-13.00,0.00,0.00,51.00,0.00,0,364
214.05,1547802322,1759.26,51.51697309,7.46020901,132.10,12.72,0.00,253.99,0,-86.00,-11.00,0.00,0.00,47.00,0.00,0,105
214.05,1547802322,1759.28,51.51697309,7.46020901,132.10,12.72,0.00,253.99,0,-81.00,-10.00,0.00,0.00,51.00,0.00,0,375
214.05,1547802322,1759.29,51.51697309,7.46020901,132.10,12.72,0.00,253.99,0,-87.00,-13.00,0.00,0.00,51.00,0.00,0,364
215.05,1547802323,1771.99,51.51693658,7.46002483,132.52,13.65,0.00,253.30,0,-85.00,-6.00,0.00,0.00,41.00,0.00,0,105
215.05,1547802323,1772.00,51.51693658,7.46002483,132.52,13.65,0.00,253.30,0,-83.00,-13.00,0.00,0.00,50.00,0.00,0,375
216.05,1547802324,1785.64,51.51689586,7.45984892,132.98,13.29,0.00,253.72,0,-85.00,-6.00,0.00,0.00,41.00,0.00,0,105
216.05,1547802324,1785.65,51.51689586,7.45984892,132.98,13.29,0.00,253.72,0,-83.00,-13.00,0.00,0.00,50.00,0.00,0,375
217.05,1547802325,1798.92,51.51686260,7.45967762,133.61,13.34,0.00,255.16,0,-89.00,-15.00,0.00,0.00,45.00,0.00,0,171
218.05,1547802326,1812.23,51.51682789,7.45950132,133.96,13.42,0.00,256.09,0,-89.00,-15.00,0.00,0.00,45.00,0.00,0,171
219.06,1547802327,1825.78,51.51679243,7.45931792,134.26,13.42,0.00,256.56,0,-92.00,-10.00,0.00,0.00,38.00,0.00,0,181
219.06,1547802327,1825.78,51.51679243,7.45931792,134.26,13.42,0.00,256.56,0,-84.00,-10.00,0.00,0.00,46.00,0.00,0,375
220.05,1547802328,1839.14,51.51676030,7.45912994,134.15,13.04,0.00,256.94,0,-92.00,-10.00,0.00,0.00,38.00,0.00,0,181
220.06,1547802328,1839.15,51.51676030,7.45912994,134.15,13.04,0.00,256.94,0,-84.00,-10.00,0.00,0.00,46.00,0.00,0,375
221.05,1547802329,1852.14,51.51673714,7.45897271,134.21,12.57,0.00,257.67,0,-92.00,-10.00,0.00,0.00,38.00,0.00,0,181
221.05,1547802329,1852.16,51.51673714,7.45897271,134.21,12.57,0.00,257.67,0,-84.00,-10.00,0.00,0.00,46.00,0.00,0,375
222.05,1547802330,1864.70,51.51671261,7.45881245,134.21,12.43,0.00,258.48,0,-94.00,-12.00,0.00,0.00,37.00,0.00,0,181
222.05,1547802330,1864.72,51.51671261,7.45881245,134.21,12.43,0.00,258.48,0,-86.00,-13.00,0.00,0.00,50.00,0.00,0,375
223.05,1547802331,1877.10,51.51668700,7.45863100,133.77,12.31,0.00,258.89,0,-94.00,-12.00,0.00,0.00,37.00,0.00,0,181
223.05,1547802331,1877.11,51.51668700,7.45863100,133.77,12.31,0.00,258.89,0,-86.00,-13.00,0.00,0.00,50.00,0.00,0,375
224.05,1547802332,1889.40,51.51666049,7.45843355,133.33,12.36,0.00,257.92,0,-78.00,-10.00,0.00,0.00,51.00,0.00,0,375
225.05,1547802333,1901.84,51.51663127,7.45824170,133.17,12.06,0.00,258.27,0,-78.00,-10.00,0.00,0.00,51.00,0.00,0,375
226.05,1547802334,1913.87,51.51660778,7.45808820,133.15,11.45,0.00,258.43,0,-83.00,-12.00,0.00,0.00,48.00,0.00,0,375
227.05,1547802335,1925.27,51.51658658,7.45791998,133.13,10.94,0.00,258.07,0,-83.00,-12.00,0.00,0.00,48.00,0.00,0,375
234.05,1547802342,1979.10,51.51646703,7.45721669,135.54,2.62,0.00,256.04,0,-84.00,-16.00,0.00,0.00,52.00,0.00,0,375
235.05,1547802343,1981.71,51.51646077,7.45719695,135.76,2.03,0.00,256.75,0,-84.00,-16.00,0.00,0.00,52.00,0.00,0,375
238.05,1547802346,1985.81,51.51644177,7.45715242,136.41,0.93,0.00,238.59,0,-90.00,-16.00,0.00,0.00,46.00,0.00,0,216
239.05,1547802347,1986.74,51.51643451,7.45714191,136.57,0.39,0.00,238.59,0,-90.00,-16.00,0.00,0.00,46.00,0.00,0,216
240.06,1547802348,1987.14,51.51643451,7.45714191,136.59,0.00,0.00,238.59,0,-89.00,-17.00,0.00,0.00,47.00,0.00,0,216
241.05,1547802349,1987.14,51.51642641,7.45712931,136.68,2.11,0.00,227.53,0,-89.00,-17.00,0.00,0.00,47.00,0.00,0,216
242.05,1547802350,1989.24,51.51642179,7.45710291,136.75,3.04,0.00,250.53,0,-89.00,-17.00,0.00,0.00,47.00,0.00,0,216
243.05,1547802351,1992.28,51.51642437,7.45707599,136.78,3.09,0.00,271.46,0,-90.00,-16.00,0.00,0.00,47.00,0.00,0,216
244.05,1547802352,1995.37,51.51641356,7.45705002,136.76,1.93,0.00,239.66,0,-90.00,-16.00,0.00,0.00,47.00,0.00,0,216
245.05,1547802353,1997.31,51.51640395,7.45702736,136.77,0.85,0.00,239.66,0,-87.00,-14.00,0.00,0.00,48.00,0.00,0,216
246.05,1547802354,1998.16,51.51640267,7.45701921,136.87,0.73,0.00,239.66,0,-87.00,-14.00,0.00,0.00,48.00,0.00,0,216
247.05,1547802355,1998.88,51.51640267,7.45701921,136.90,0.00,0.00,239.66,0,-89.00,-15.00,0.00,0.00,47.00,0.00,0,216
248.05,1547802356,1998.88,51.51640267,7.45701921,136.98,0.00,0.00,239.66,0,-89.00,-15.00,0.00,0.00,47.00,0.00,0,216
257.05,1547802365,2041.96,51.51620427,7.45622098,138.39,9.43,0.00,240.87,0,-88.00,-13.00,0.00,0.00,45.00,0.00,0,216
258.05,1547802366,2051.40,51.51616816,7.45609167,138.31,9.91,0.00,238.89,0,-88.00,-13.00,0.00,0.00,45.00,0.00,0,216
264.05,1547802372,2113.06,51.51579744,7.45528583,134.57,11.13,0.00,220.35,0,-86.00,-10.00,0.00,0.00,47.00,0.00,0,216
265.05,1547802373,2124.18,51.51568109,7.45519746,134.27,11.60,0.00,206.89,0,-86.00,-10.00,0.00,0.00,47.00,0.00,0,216
266.05,1547802374,2135.77,51.51557124,7.45512829,134.04,10.89,0.00,205.43,0,-82.00,-8.00,0.00,0.00,49.00,0.00,0,216
267.05,1547802375,2146.62,51.51546478,7.45510830,134.48,11.96,0.00,190.15,0,-82.00,-8.00,0.00,0.00,49.00,0.00,0,216
268.05,1547802376,2158.63,51.51536618,7.45510335,135.27,12.05,0.00,188.29,0,-76.00,-8.00,0.00,0.00,52.00,0.00,0,216
269.05,1547802377,2170.70,51.51524980,7.45513069,136.15,12.89,0.00,174.07,0,-76.00,-8.00,0.00,0.00,52.00,0.00,0,216
270.05,1547802378,2183.59,51.51512933,7.45515346,137.75,13.01,0.00,174.25,0,-79.00,-7.00,0.00,0.00,50.00,0.00,0,216
271.05,1547802379,2196.60,51.51500307,7.45518123,138.89,14.26,0.00,173.58,0,-79.00,-7.00,0.00,0.00,50.00,0.00,0,216
272.05,1547802380,2210.80,51.51486950,7.45521239,139.19,15.15,0.00,173.08,0,-71.00,-7.00,0.00,0.00,56.00,0.00,0,216
273.05,1547802381,2226.01,51.51472143,7.45525773,139.26,15.40,0.00,172.44,0,-71.00,-7.00,0.00,0.00,56.00,0.00,0,216
289.05,1547802397,2449.16,51.51290248,7.45659650,147.04,14.96,0.00,128.20,0,-104.00,-14.00,0.00,0.00,30.00,0.00,0,487
290.05,1547802398,2464.18,51.51281625,7.45677424,146.42,14.54,0.00,127.54,0,-104.00,-14.00,0.00,0.00,30.00,0.00,0,487
291.05,1547802399,2478.74,51.51274808,7.45692877,146.26,14.27,0.00,127.85,0,-103.00,-13.00,0.00,0.00,29.00,0.00,0,487
291.05,1547802399,2478.77,51.51274808,7.45692877,146.26,14.27,0.00,127.85,0,-105.00,-13.00,0.00,0.00,30.00,0.00,0,482
292.05,1547802400,2493.01,51.51267122,7.45710666,146.02,14.54,0.00,128.14,0,-103.00,-13.00,0.00,0.00,29.00,0.00,0,487
292.05,1547802400,2493.03,51.51267122,7.45710666,146.02,14.54,0.00,128.14,0,-105.00,-13.00,0.00,0.00,30.00,0.00,0,482
293.05,1547802401,2507.58,51.51259597,7.45728491,145.46,13.83,0.00,125.52,0,-103.00,-15.00,0.00,0.00,32.00,0.00,0,487
293.06,1547802401,2507.59,51.51259597,7.45728491,145.46,13.83,0.00,125.52,0,-104.00,-16.00,0.00,0.00,32.00,0.00,0,482
293.06,1547802401,2507.61,51.51259597,7.45728491,145.46,13.83,0.00,125.52,0,-106.00,-19.00,0.00,0.00,35.00,0.00,0,275
293.06,1547802401,2507.62,51.51259597,7.45728491,145.46,13.83,0.00,125.52,0,-88.00,-10.00,0.00,0.00,42.00,0.00,0,218
294.05,1547802402,2521.41,51.51252504,7.45745779,144.91,14.47,0.00,124.99,0,-103.00,-15.00,0.00,0.00,32.00,0.00,0,487
294.06,1547802402,2521.43,51.51252504,7.45745779,144.91,14.47,0.00,124.99,0,-104.00,-16.00,0.00,0.00,32.00,0.00,0,482
294.06,1547802402,2521.44,51.51252504,7.45745779,144.91,14.47,0.00,124.99,0,-106.00,-19.00,0.00,0.00,35.00,0.00,0,275
294.06,1547802402,2521.44,51.51252504,7.45745779,144.91,14.47,0.00,124.99,0,-88.00,-10.00,0.00,0.00,42.00,0.00,0,218
297.05,1547802405,2565.12,51.51232420,7.45796394,143.08,13.13,0.00,124.54,0,-98.00,-13.00,0.00,0.00,33.00,0.00,0,482
297.05,1547802405,2565.13,51.51232420,7.45796394,143.08,13.13,0.00,124.54,0,-101.00,-16.00,0.00,0.00,33.00,0.00,0,481
297.05,1547802405,2565.14,51.51232420,7.45796394,143.08,13.13,0.00,124.54,0,-92.00,-10.00,0.00,0.00,39.00,0.00,0,216
298.05,1547802406,2578.26,51.51226568,7.45811328,142.34,13.00,0.00,123.21,0,-98.00,-13.00,0.00,0.00,33.00,0.00,0,482
298.05,1547802406,2578.27,51.51226568,7.45811328,142.34,13.00,0.00,123.21,0,-101.00,-16.00,0.00,0.00,33.00,0.00,0,481
298.05,1547802406,2578.27,51.51226568,7.45811328,142.34,13.00,0.00,123.21,0,-92.00,-10.00,0.00,0.00,39.00,0.00,0,216
299.05,1547802407,2591.25,51.51219482,7.45829000,141.66,12.78,0.00,124.36,0,-95.00,-11.00,0.00,0.00,36.00,0.00,0,482
299.05,1547802407,2591.26,51.51219482,7.45829000,141.66,12.78,0.00,124.36,0,-98.00,-13.00,0.00,0.00,36.00,0.00,0,481
300.05,1547802408,2604.03,51.51213651,7.45843637,141.29,13.74,0.00,126.33,0,-95.00,-11.00,0.00,0.00,36.00,0.00,0,482
300.05,1547802408,2604.03,51.51213651,7.45843637,141.29,13.74,0.00,126.33,0,-98.00,-13.00,0.00,0.00,36.00,0.00,0,481
301.05,1547802409,2617.72,51.51200800,7.45832360,142.50,13.84,0.00,127.30,0,-97.00,-10.00,0.00,0.00,35.00,0.00,0,482
301.05,1547802409,2617.72,51.51200800,7.45832360,142.50,13.84,0.00,127.30,0,-97.00,-11.00,0.00,0.00,35.00,0.00,0,481
301.05,1547802409,2617.72,51.51200800,7.45832360,142.50,13.84,0.00,127.30,0,-94.00,-12.00,0.00,0.00,37.00,0.00,0,216
302.05,1547802410,2631.56,51.51198701,7.45876834,140.94,14.41,0.00,126.81,0,-97.00,-10.00,0.00,0.00,35.00,0.00,0,482
302.05,1547802410,2631.57,51.51198701,7.45876834,140.94,14.41,0.00,126.81,0,-97.00,-11.00,0.00,0.00,35.00,0.00,0,481
302.05,1547802410,2631.57,51.51198701,7.45876834,140.94,14.41,0.00,126.81,0,-94.00,-12.00,0.00,0.00,37.00,0.00,0,216
303.05,1547802411,2646.01,51.51191542,7.45892902,140.69,14.24,0.00,126.37,0,-103.00,-15.00,0.00,0.00,32.00,0.00,0,481
303.05,1547802411,2646.01,51.51191542,7.45892902,140.69,14.24,0.00,126.37,0,-104.00,-17.00,0.00,0.00,33.00,0.00,0,487
303.05,1547802411,2646.01,51.51191542,7.45892902,140.69,14.24,0.00,126.37,0,-110.00,-16.00,0.00,0.00,25.00,0.00,0,182
303.05,1547802411,2646.03,51.51191542,7.45892902,140.69,14.24,0.00,126.37,0,-110.00,-17.00,0.00,0.00,26.00,0.00,0,210
304.05,1547802412,2660.24,51.51183355,7.45910494,140.87,15.04,0.00,126.83,0,-103.00,-15.00,0.00,0.00,32.00,0.00,0,481
304.05,1547802412,2660.24,51.51183355,7.45910494,140.87,15.04,0.00,126.83,0,-104.00,-17.00,0.00,0.00,33.00,0.00,0,487
304.05,1547802412,2660.25,51.51183355,7.45910494,140.87,15.04,0.00,126.83,0,-110.00,-16.00,0.00,0.00,25.00,0.00,0,182
304.05,1547802412,2660.25,51.51183355,7.45910494,140.87,15.04,0.00,126.83,0,-110.00,-17.00,0.00,0.00,26.00,0.00,0,210
305.06,1547802413,2675.49,51.51174402,7.45928215,140.83,14.91,0.00,127.22,0,-102.00,-15.00,0.00,0.00,31.00,0.00,0,481
305.06,1547802413,2675.49,51.51174402,7.45928215,140.83,14.91,0.00,127.22,0,-102.00,-15.00,0.00,0.00,31.00,0.00,0,487
305.07,1547802413,2675.51,51.51174402,7.45928215,140.83,14.91,0.00,127.22,0,-107.00,-19.00,0.00,0.00,30.00,0.00,0,486
305.07,1547802413,2675.52,51.51174402,7.45928215,140.83,14.91,0.00,127.22,0,-110.00,-14.00,0.00,0.00,24.00,0.00,0,493
305.07,1547802413,2675.54,51.51174402,7.45928215,140.83,14.91,0.00,127.22,0,-110.00,-15.00,0.00,0.00,24.00,0.00,0,182
306.06,1547802414,2690.28,51.51166895,7.45944089,141.41,14.11,0.00,126.43,0,-102.00,-15.00,0.00,0.00,31.00,0.00,0,481
306.06,1547802414,2690.31,51.51166895,7.45944089,141.41,14.11,0.00,126.43,0,-102.00,-15.00,0.00,0.00,31.00,0.00,0,487
306.06,1547802414,2690.32,51.51166895,7.45944089,141.41,14.11,0.00,126.43,0,-107.00,-19.00,0.00,0.00,30.00,0.00,0,486
306.06,1547802414,2690.33,51.51166895,7.45944089,141.41,14.11,0.00,126.43,0,-110.00,-14.00,0.00,0.00,24.00,0.00,0,493
306.06,1547802414,2690.35,51.51166895,7.45944089,141.41,14.11,0.00,126.43,0,-110.00,-15.00,0.00,0.00,24.00,0.00,0,182
307.05,1547802415,2704.29,51.51158324,7.45960657,142.55,14.79,0.00,126.83,0,-102.00,-15.00,0.00,0.00,31.00,0.00,0,481
307.05,1547802415,2704.29,51.51158324,7.45960657,142.55,14.79,0.00,126.83,0,-102.00,-15.00,0.00,0.00,31.00,0.00,0,487
307.05,1547802415,2704.30,51.51158324,7.45960657,142.55,14.79,0.00,126.83,0,-107.00,-19.00,0.00,0.00,30.00,0.00,0,486
307.05,1547802415,2704.30,51.51158324,7.45960657,142.55,14.79,0.00,126.83,0,-110.00,-14.00,0.00,0.00,24.00,0.00,0,493
307.05,1547802415,2704.30,51.51158324,7.45960657,142.55,14.79,0.00,126.83,0,-110.00,-15.00,0.00,0.00,24.00,0.00,0,182
308.05,1547802416,2719.14,51.51149599,7.45977807,143.24,12.88,0.00,128.02,0,-96.00,-10.00,0.00,0.00,34.00,0.00,0,487
308.05,1547802416,2719.15,51.51149599,7.45977807,143.24,12.88,0.00,128.02,0,-108.00,-12.00,0.00,0.00,24.00,0.00,0,493
308.05,1547802416,2719.15,51.51149599,7.45977807,143.24,12.88,0.00,128.02,0,-109.00,-14.00,0.00,0.00,26.00,0.00,0,182
309.05,1547802417,2732.02,51.51141871,7.45993218,144.14,13.30,0.00,128.85,0,-96.00,-10.00,0.00,0.00,34.00,0.00,0,487
309.05,1547802417,2732.03,51.51141871,7.45993218,144.14,13.30,0.00,128.85,0,-108.00,-12.00,0.00,0.00,24.00,0.00,0,493
309.05,1547802417,2732.03,51.51141871,7.45993218,144.14,13.30,0.00,128.85,0,-109.00,-14.00,0.00,0.00,26.00,0.00,0,182
310.05,1547802418,2745.29,51.51132100,7.46010660,144.76,13.71,0.00,129.30,0,-105.00,-15.00,0.00,0.00,39.00,0.00,0,482
311.05,1547802419,2758.99,51.51123570,7.46025935,145.26,13.85,0.00,130.30,0,-105.00,-15.00,0.00,0.00,39.00,0.00,0,482
312.05,1547802420,2772.89,51.51114558,7.46043125,145.43,14.38,0.00,129.72,0,-99.00,-13.00,0.00,0.00,33.00,0.00,0,486
312.05,1547802420,2772.90,51.51114558,7.46043125,145.43,14.38,0.00,129.72,0,-93.00,-8.00,0.00,0.00,36.00,0.00,0,323
312.05,1547802420,2772.90,51.51114558,7.46043125,145.43,14.38,0.00,129.72,0,-99.00,-13.00,0.00,0.00,36.00,0.00,0,321
313.05,1547802421,2787.27,51.51106313,7.46058390,145.51,14.58,0.00,130.37,0,-99.00,-13.00,0.00,0.00,33.00,0.00,0,486
313.05,1547802421,2787.28,51.51106313,7.46058390,145.51,14.58,0.00,130.37,0,-93.00,-8.00,0.00,0.00,36.00,0.00,0,323
313.06,1547802421,2787.30,51.51106313,7.46058390,145.51,14.58,0.00,130.37,0,-99.00,-13.00,0.00,0.00,36.00,0.00,0,321
314.05,1547802422,2801.87,51.51097520,7.46073920,145.03,14.38,0.00,131.63,0,-96.00,-13.00,0.00,0.00,36.00,0.00,0,486
314.06,1547802422,2801.88,51.51097520,7.46073920,145.03,14.38,0.00,131.63,0,-102.00,-19.00,0.00,0.00,36.00,0.00,0,481
314.06,1547802422,2801.89,51.51097520,7.46073920,145.03,14.38,0.00,131.63,0,-98.00,-11.00,0.00,0.00,36.00,0.00,0,323
314.06,1547802422,2801.89,51.51097520,7.46073920,145.03,14.38,0.00,131.63,0,-100.00,-16.00,0.00,0.00,36.00,0.00,0,440
315.05,1547802423,2816.23,51.51089003,7.46088876,144.35,13.89,0.00,132.33,0,-96.00,-13.00,0.00,0.00,36.00,0.00,0,486
315.05,1547802423,2816.24,51.51089003,7.46088876,144.35,13.89,0.00,132.33,0,-102.00,-19.00,0.00,0.00,36.00,0.00,0,481
315.05,1547802423,2816.24,51.51089003,7.46088876,144.35,13.89,0.00,132.33,0,-98.00,-11.00,0.00,0.00,36.00,0.00,0,323
315.06,1547802423,2816.26,51.51089003,7.46088876,144.35,13.89,0.00,132.33,0,-100.00,-16.00,0.00,0.00,36.00,0.00,0,440
316.05,1547802424,2830.12,51.51080568,7.46102985,144.14,13.78,0.00,131.67,0,-99.00,-15.00,0.00,0.00,44.00,0.00,0,487
317.05,1547802425,2843.85,51.51072672,7.46116738,144.04,13.47,0.00,131.98,0,-99.00,-15.00,0.00,0.00,44.00,0.00,0,487
318.05,1547802426,2857.31,51.51062904,7.46132818,143.84,13.72,0.00,132.64,0,-99.00,-15.00,0.00,0.00,35.00,0.00,0,487
319.05,1547802427,2871.08,51.51053245,7.46148291,143.74,13.04,0.00,133.46,0,-99.00,-15.00,0.00,0.00,35.00,0.00,0,487
320.05,1547802428,2884.09,51.51044351,7.46160746,144.52,12.20,0.00,132.61,0,-98.00,-14.00,0.00,0.00,35.00,0.00,0,487
320.05,1547802428,2884.10,51.51044351,7.46160746,144.52,12.20,0.00,132.61,0,-101.00,-15.00,0.00,0.00,35.00,0.00,0,481
321.05,1547802429,2896.28,51.51053190,7.46219320,144.72,12.23,0.00,131.80,0,-98.00,-14.00,0.00,0.00,35.00,0.00,0,487
321.05,1547802429,2896.28,51.51053190,7.46219320,144.72,12.23,0.00,131.80,0,-101.00,-15.00,0.00,0.00,35.00,0.00,0,481
322.05,1547802430,2908.56,51.51027837,7.46188244,144.61,12.44,0.00,130.60,0,-95.00,-13.00,0.00,0.00,38.00,0.00,0,487
322.05,1547802430,2908.57,51.51027837,7.46188244,144.61,12.44,0.00,130.60,0,-105.00,-13.00,0.00,0.00,29.00,0.00,0,212
323.05,1547802431,2920.99,51.51019025,7.46204755,144.81,13.09,0.00,128.83,0,-95.00,-13.00,0.00,0.00,38.00,0.00,0,487
323.05,1547802431,2921.00,51.51019025,7.46204755,144.81,13.09,0.00,128.83,0,-105.00,-13.00,0.00,0.00,29.00,0.00,0,212
324.05,1547802432,2934.07,51.51010711,7.46222024,145.41,13.88,0.00,125.20,0,-94.00,-13.00,0.00,0.00,41.00,0.00,0,487
325.05,1547802433,2947.94,51.51004081,7.46238242,146.48,13.33,0.00,122.26,0,-94.00,-13.00,0.00,0.00,41.00,0.00,0,487
326.05,1547802434,2961.27,51.50998622,7.46254311,147.19,13.05,0.00,120.88,0,-98.00,-10.00,0.00,0.00,31.00,0.00,0,212
327.05,1547802435,2974.32,51.50996609,7.46271077,147.96,12.58,0.00,103.89,0,-98.00,-10.00,0.00,0.00,31.00,0.00,0,212
328.06,1547802436,2987.01,51.50993702,7.46290384,148.70,13.61,0.00,103.07,0,-96.00,-11.00,0.00,0.00,37.00,0.00,0,212
329.05,1547802437,3000.44,51.50990822,7.46310585,148.94,13.36,0.00,102.49,0,-96.00,-11.00,0.00,0.00,37.00,0.00,0,212
330.05,1547802438,3013.85,51.50988887,7.46329316,148.82,12.26,0.00,100.06,0,-96.00,-11.00,0.00,0.00,37.00,0.00,0,212
333.05,1547802441,3043.53,51.50985416,7.46370495,148.38,5.28,0.00,96.10,0,-102.00,-19.00,0.00,0.00,36.00,0.00,0,475
333.05,1547802441,3043.53,51.50985416,7.46370495,148.38,5.28,0.00,96.10,0,-103.00,-18.00,0.00,0.00,35.00,0.00,0,487
333.05,1547802441,3043.53,51.50985416,7.46370495,148.38,5.28,0.00,96.10,0,-115.00,-19.00,0.00,0.00,23.00,0.00,0,493
334.05,1547802442,3048.83,51.50984528,7.46378932,148.01,5.02,0.00,100.00,0,-102.00,-19.00,0.00,0.00,36.00,0.00,0,475
334.06,1547802442,3048.84,51.50984528,7.46378932,148.01,5.02,0.00,100.00,0,-103.00,-18.00,0.00,0.00,35.00,0.00,0,487
334.06,1547802442,3048.84,51.50984528,7.46378932,148.01,5.02,0.00,100.00,0,-115.00,-19.00,0.00,0.00,23.00,0.00,0,493
335.05,1547802443,3053.85,51.50983902,7.46385301,147.59,5.97,0.00,100.82,0,-113.00,-12.00,0.00,0.00,20.00,0.00,0,486
336.05,1547802444,3059.78,51.50983123,7.46395642,146.99,7.10,0.00,98.53,0,-113.00,-12.00,0.00,0.00,20.00,0.00,0,486
337.05,1547802445,3066.93,51.50982378,7.46404648,146.21,8.33,0.00,99.93,0,-103.00,-18.00,0.00,0.00,33.00,0.00,0,60
337.06,1547802445,3066.93,51.50982378,7.46404648,146.21,8.33,0.00,99.93,0,-104.00,-17.00,0.00,0.00,32.00,0.00,0,475
338.05,1547802446,3075.24,51.50980143,7.46421779,145.19,10.69,0.00,102.60,0,-103.00,-18.00,0.00,0.00,33.00,0.00,0,60
338.05,1547802446,3075.25,51.50980143,7.46421779,145.19,10.69,0.00,102.60,0,-104.00,-17.00,0.00,0.00,32.00,0.00,0,475
339.05,1547802447,3085.95,51.50978262,7.46437417,144.57,12.39,0.00,102.69,0,-103.00,-17.00,0.00,0.00,34.00,0.00,0,60
339.05,1547802447,3085.96,51.50978262,7.46437417,144.57,12.39,0.00,102.69,0,-104.00,-17.00,0.00,0.00,34.00,0.00,0,475
339.05,1547802447,3085.96,51.50978262,7.46437417,144.57,12.39,0.00,102.69,0,-111.00,-9.00,0.00,0.00,18.00,0.00,0,486
340.05,1547802448,3098.33,51.50975357,7.46456726,144.41,14.31,0.00,104.24,0,-103.00,-17.00,0.00,0.00,34.00,0.00,0,60
340.05,1547802448,3098.34,51.50975357,7.46456726,144.41,14.31,0.00,104.24,0,-104.00,-17.00,0.00,0.00,34.00,0.00,0,475
340.05,1547802448,3098.36,51.50975357,7.46456726,144.41,14.31,0.00,104.24,0,-111.00,-9.00,0.00,0.00,18.00,0.00,0,486
341.05,1547802449,3112.59,51.50987610,7.46288630,143.90,14.32,0.00,101.88,0,-102.00,-15.00,0.00,0.00,33.00,0.00,0,475
341.05,1547802449,3112.61,51.50987610,7.46288630,143.90,14.32,0.00,101.88,0,-103.00,-17.00,0.00,0.00,33.00,0.00,0,60
341.05,1547802449,3112.61,51.50987610,7.46288630,143.90,14.32,0.00,101.88,0,-113.00,-14.00,0.00,0.00,21.00,0.00,0,228
341.05,1547802449,3112.61,51.50987610,7.46288630,143.90,14.32,0.00,101.88,0,-113.00,-15.00,0.00,0.00,22.00,0.00,0,114
342.05,1547802450,3126.93,51.50971775,7.46499064,143.87,14.03,0.00,99.92,0,-102.00,-15.00,0.00,0.00,33.00,0.00,0,475
342.05,1547802450,3126.95,51.50971775,7.46499064,143.87,14.03,0.00,99.92,0,-103.00,-17.00,0.00,0.00,33.00,0.00,0,60
342.05,1547802450,3126.95,51.50971775,7.46499064,143.87,14.03,0.00,99.92,0,-113.00,-14.00,0.00,0.00,21.00,0.00,0,228
342.05,1547802450,3126.96,51.50971775,7.46499064,143.87,14.03,0.00,99.92,0,-113.00,-15.00,0.00,0.00,22.00,0.00,0,114
343.05,1547802451,3140.94,51.50970964,7.46520943,143.83,14.48,0.00,98.89,0,-89.00,-6.00,0.00,0.00,37.00,0.00,0,323
344.05,1547802452,3155.43,51.50970152,7.46542851,143.51,14.15,0.00,99.82,0,-89.00,-6.00,0.00,0.00,37.00,0.00,0,323
345.05,1547802453,3169.64,51.50969267,7.46563713,143.26,13.84,0.00,98.31,0,-111.00,-16.00,0.00,0.00,25.00,0.00,0,203
345.05,1547802453,3169.64,51.50969267,7.46563713,143.26,13.84,0.00,98.31,0,-114.00,-17.00,0.00,0.00,25.00,0.00,0,493
346.05,1547802454,3183.46,51.50969115,7.46584002,143.51,14.01,0.00,97.71,0,-111.00,-16.00,0.00,0.00,25.00,0.00,0,203
346.05,1547802454,3183.47,51.50969115,7.46584002,143.51,14.01,0.00,97.71,0,-114.00,-17.00,0.00,0.00,25.00,0.00,0,493
347.05,1547802455,3197.47,51.50968608,7.46604694,143.98,13.92,0.00,97.26,0,-107.00,-17.00,0.00,0.00,27.00,0.00,0,203
348.05,1547802456,3211.34,51.50968038,7.46626023,144.30,13.82,0.00,98.01,0,-107.00,-17.00,0.00,0.00,27.00,0.00,0,203
349.06,1547802457,3225.27,51.50968229,7.46645458,144.65,13.86,0.00,95.99,0,-108.00,-13.00,0.00,0.00,25.00,0.00,0,203
350.05,1547802458,3239.06,51.50968365,7.46665503,144.97,13.76,0.00,94.31,0,-108.00,-13.00,0.00,0.00,25.00,0.00,0,203
