0.06,1547728391,0.00,51.50981318,7.46738821,153.40,11.96,0.00,92.92,1,-85.00,-7.00,22.00,11.00,53.00,7.00,26379013,199
1.06,1547728392,12.02,51.50980610,7.46757735,152.64,12.16,0.21,94.24,1,-85.00,-7.00,22.00,11.00,53.00,7.00,26379013,199
2.06,1547728393,24.18,51.50979403,7.46776108,151.88,12.37,0.20,94.91,1,-84.00,-6.00,25.00,12.00,52.00,7.00,26379013,199
3.06,1547728394,36.55,51.50978218,7.46794261,150.84,12.36,-0.01,95.61,1,-84.00,-6.00,25.00,12.00,52.00,7.00,26379013,199
4.06,1547728395,48.90,51.50977610,7.46812359,149.57,12.20,-0.15,93.42,1,-92.00,-8.00,15.00,9.00,46.00,7.00,26379013,199
5.06,1547728396,61.10,51.50977285,7.46830421,149.31,12.23,0.03,90.97,1,-92.00,-8.00,15.00,9.00,46.00,7.00,26379013,199
6.06,1547728397,73.34,51.50978067,7.46846256,149.07,11.62,-0.61,87.81,1,-90.00,-6.00,18.00,10.00,47.00,7.00,26379013,199
7.06,1547728398,84.96,51.50980717,7.46861502,148.83,11.05,-0.58,75.04,1,-90.00,-6.00,18.00,10.00,47.00,7.00,26379013,199
8.06,1547728399,96.01,51.50983693,7.46876253,148.30,10.44,-0.60,75.23,1,-94.00,-7.00,13.00,9.00,43.00,7.00,26379013,199
9.06,1547728400,106.45,51.50987776,7.46891069,148.13,10.44,0.00,78.94,1,-94.00,-7.00,13.00,9.00,43.00,7.00,26379013,199
10.07,1547728401,116.96,51.50994124,7.46906179,147.83,11.43,0.98,72.89,1,-96.00,-7.00,4.00,10.00,41.00,7.00,26379013,199
11.06,1547728402,128.28,51.51000483,7.46920561,148.10,11.57,0.15,66.29,1,-96.00,-7.00,4.00,10.00,41.00,7.00,26379013,199
12.06,1547728403,139.90,51.51007041,7.46935775,147.86,12.21,0.64,56.16,1,-95.00,-8.00,3.00,6.00,41.00,5.00,27256324,374
13.06,1547728404,152.04,51.51012444,7.46950760,147.60,11.83,-0.39,56.75,1,-95.00,-8.00,3.00,6.00,41.00,5.00,27256324,374
14.06,1547728405,163.98,51.51018013,7.46966536,147.31,12.22,0.39,57.41,1,-91.00,-7.00,7.00,10.00,47.00,5.00,27256324,374
15.06,1547728406,176.18,51.51024532,7.46981642,147.48,12.43,0.20,57.45,1,-91.00,-7.00,7.00,10.00,47.00,5.00,27256324,374
16.06,1547728407,188.60,51.51031045,7.46997902,147.84,13.07,0.64,57.07,1,-91.00,-7.00,7.00,10.00,47.00,5.00,27256324,374
17.06,1547728408,201.64,51.51037069,7.47014876,148.79,12.73,-0.34,57.75,1,-91.00,-6.00,7.00,6.00,45.00,4.00,27256325,372
18.06,1547728409,214.37,51.51043464,7.47030964,148.63,12.64,-0.09,55.47,1,-91.00,-6.00,7.00,6.00,45.00,4.00,27256325,372
19.06,1547728410,227.01,51.51050404,7.47045975,148.36,12.94,0.30,54.36,1,-92.00,-7.00,10.00,10.00,46.00,4.00,27256325,372
20.06,1547728411,240.00,51.51057335,7.47063300,147.98,13.23,0.29,52.62,1,-92.00,-7.00,10.00,10.00,46.00,4.00,27256325,372
21.06,1547728412,253.14,51.51065062,7.47078774,148.05,13.15,-0.08,50.00,1,-91.00,-7.00,11.00,12.00,46.00,4.00,27256325,372
22.06,1547728413,266.35,51.51073429,7.47093009,148.50,12.93,-0.22,47.67,1,-91.00,-7.00,11.00,12.00,46.00,4.00,27256325,372
23.06,1547728414,279.24,51.51082492,7.47104624,148.54,13.41,0.48,45.17,1,-92.00,-8.00,21.00,10.00,47.00,4.00,27256325,372
24.06,1547728415,292.69,51.51091768,7.47115501,148.01,13.23,-0.18,43.34,1,-92.00,-8.00,21.00,10.00,47.00,4.00,27256325,372
25.06,1547728416,305.92,51.51101748,7.47126112,146.97,13.91,0.68,42.14,1,-88.00,-6.00,19.00,12.00,48.00,4.00,27256325,372
26.06,1547728417,319.81,51.51111401,7.47136957,146.14,13.67,-0.24,41.22,1,-88.00,-6.00,19.00,12.00,48.00,4.00,27256325,372
27.06,1547728418,333.48,51.51121836,7.47149124,145.82,14.14,0.47,40.49,1,-87.00,-6.00,24.00,12.00,49.00,4.00,27256325,372
28.06,1547728419,347.61,51.51132113,7.47162120,145.70,14.21,0.07,39.68,1,-87.00,-6.00,24.00,12.00,49.00,4.00,27256325,372
29.06,1547728420,361.82,51.51142326,7.47173446,145.43,13.88,-0.32,39.39,1,-85.00,-6.00,18.00,11.00,52.00,4.00,27256325,372
30.06,1547728421,375.76,51.51152602,7.47185530,145.27,14.23,0.34,39.33,1,-85.00,-6.00,18.00,11.00,52.00,4.00,27256325,372
31.06,1547728422,389.94,51.51162875,7.47197452,144.90,14.16,-0.07,39.46,1,-86.00,-6.00,15.00,12.00,51.00,4.00,27256325,372
32.06,1547728423,404.11,51.51173175,7.47210325,144.78,14.29,0.13,39.69,1,-86.00,-6.00,15.00,12.00,51.00,4.00,27256325,372
33.06,1547728424,418.38,51.51183219,7.47222790,144.59,14.01,-0.28,38.79,1,-85.00,-5.00,19.00,12.00,51.00,4.00,27256325,372
34.06,1547728425,432.39,51.51193112,7.47235475,144.51,13.78,-0.23,39.51,1,-85.00,-5.00,19.00,12.00,51.00,4.00,27256325,372
35.07,1547728426,446.28,51.51203160,7.47247525,144.58,13.59,-0.19,38.21,1,-82.00,-6.00,24.00,13.00,54.00,4.00,27256325,372
36.06,1547728427,459.76,51.51212656,7.47258836,144.86,13.07,-0.52,35.87,1,-82.00,-6.00,24.00,13.00,54.00,4.00,27256325,372
37.06,1547728428,472.83,51.51221978,7.47268251,145.12,12.32,-0.75,32.70,1,-82.00,-6.00,24.00,13.00,54.00,4.00,27256325,372
38.06,1547728429,485.16,51.51231919,7.47274288,145.74,12.04,-0.28,19.66,1,-84.00,-5.00,19.00,12.00,51.00,4.00,27256325,372
39.06,1547728430,497.20,51.51242168,7.47280533,147.16,11.97,-0.07,16.69,1,-84.00,-5.00,19.00,12.00,51.00,4.00,27256325,372
40.06,1547728431,509.22,51.51254446,7.47285437,147.90,13.61,1.63,13.47,1,-87.00,-5.00,11.00,9.00,49.00,4.00,27256325,372
41.06,1547728432,522.76,51.51266924,7.47289580,149.27,13.61,0.00,14.98,1,-87.00,-5.00,11.00,9.00,49.00,4.00,27256325,372
42.06,1547728433,536.36,51.51280779,7.47290751,151.00,14.55,0.94,2.77,1,-90.00,-6.00,10.00,10.00,46.00,4.00,27256325,372
43.06,1547728434,550.92,51.51294204,7.47290918,152.58,14.64,0.09,3.56,1,-90.00,-6.00,10.00,10.00,46.00,4.00,27256325,372
44.06,1547728435,565.55,51.51307588,7.47292236,154.02,14.35,-0.29,3.61,1,-92.00,-7.00,11.00,9.00,46.00,4.00,27256325,372
45.06,1547728436,579.97,51.51320222,7.47293039,155.39,13.60,-0.75,3.57,1,-92.00,-7.00,11.00,9.00,46.00,4.00,27256325,372
46.06,1547728437,593.52,51.51331781,7.47294125,156.58,12.30,-1.30,3.63,1,-94.00,-10.00,7.00,6.00,45.00,10.00,29398276,358
47.06,1547728438,605.84,51.51342045,7.47294683,157.54,10.80,-1.49,3.67,1,-94.00,-10.00,7.00,6.00,45.00,10.00,29398276,358
48.06,1547728439,616.64,51.51350673,7.47295169,158.62,9.11,-1.69,3.81,1,-93.00,-6.00,14.00,11.00,43.00,10.00,29398276,358
49.06,1547728440,625.75,51.51358836,7.47296549,160.07,8.81,-0.31,4.47,1,-93.00,-6.00,14.00,11.00,43.00,10.00,29398276,358
50.07,1547728441,634.59,51.51365745,7.47297432,161.45,7.05,-1.75,3.93,1,-84.00,-6.00,12.00,6.00,53.00,7.00,27299331,324
51.06,1547728442,641.61,51.51371356,7.47298157,163.25,5.75,-1.31,3.38,1,-84.00,-6.00,12.00,6.00,53.00,7.00,27299331,324
52.06,1547728443,647.35,51.51375191,7.47298677,163.46,3.75,-2.01,3.05,1,-93.00,-7.00,4.00,6.00,45.00,9.00,29398276,358
53.06,1547728444,651.09,51.51377734,7.47298652,163.68,1.72,-2.02,2.33,1,-93.00,-7.00,4.00,6.00,45.00,9.00,29398276,358
54.06,1547728445,652.82,51.51377741,7.47298647,163.81,0.30,-1.42,2.33,1,-92.00,-8.00,16.00,11.00,48.00,9.00,29398276,358
55.06,1547728446,653.12,51.51377741,7.47298647,163.82,0.00,-0.30,2.33,1,-92.00,-8.00,16.00,11.00,48.00,9.00,29398276,358
56.07,1547728447,653.12,51.51377741,7.47298647,163.83,0.00,0.00,2.33,1,-92.00,-6.00,14.00,10.00,45.00,9.00,29398276,358
57.06,1547728448,653.12,51.51377741,7.47298647,163.84,0.00,0.00,2.33,1,-92.00,-6.00,14.00,10.00,45.00,9.00,29398276,358
58.06,1547728449,653.12,51.51377741,7.47298647,163.86,0.00,0.00,2.33,1,-92.00,-6.00,14.00,10.00,45.00,9.00,29398276,358
59.06,1547728450,653.12,51.51377741,7.47298647,163.89,0.00,0.00,2.33,1,-92.00,-8.00,19.00,12.00,47.00,9.00,29398276,358
60.06,1547728451,653.12,51.51377741,7.47298647,164.24,0.00,0.00,2.33,1,-92.00,-8.00,19.00,12.00,47.00,9.00,29398276,358
61.06,1547728452,653.12,51.51377741,7.47298647,164.55,0.00,0.00,2.33,1,-90.00,-6.00,34.00,12.00,48.00,9.00,29398276,358
62.06,1547728453,653.12,51.51377741,7.47298647,167.86,0.00,0.00,10.78,1,-90.00,-6.00,34.00,12.00,48.00,9.00,29398276,358
63.06,1547728454,653.12,51.51391829,7.47294196,169.66,0.00,0.00,359.78,1,-90.00,-5.00,16.00,11.00,46.00,9.00,29398276,358
64.06,1547728455,653.12,51.51400130,7.47295924,169.96,4.94,0.00,3.59,1,-90.00,-5.00,16.00,11.00,46.00,9.00,29398276,358
65.06,1547728456,658.06,51.51407618,7.47295034,168.78,6.96,2.02,2.14,1,-92.00,-6.00,19.00,11.00,45.00,9.00,29398276,358
66.06,1547728457,665.01,51.51414965,7.47293642,166.66,7.21,0.25,0.91,1,-92.00,-6.00,19.00,11.00,45.00,9.00,29398276,358
67.06,1547728458,672.22,51.51422135,7.47293054,164.61,8.17,0.96,1.69,1,-87.00,-6.00,20.00,10.00,49.00,9.00,29398276,358
68.06,1547728459,680.38,51.51429738,7.47292673,163.11,8.17,0.00,1.51,1,-87.00,-6.00,20.00,10.00,49.00,9.00,29398276,358
69.06,1547728460,688.55,51.51437400,7.47293183,162.01,8.72,0.55,3.19,1,-89.00,-7.00,19.00,11.00,49.00,9.00,29398276,358
70.06,1547728461,697.31,51.51444586,7.47293150,160.51,8.44,-0.27,4.51,1,-89.00,-7.00,19.00,11.00,49.00,9.00,29398276,358
71.06,1547728462,705.68,51.51451758,7.47294387,159.07,7.69,-0.76,4.59,1,-91.00,-6.00,22.00,11.00,46.00,9.00,29398276,358
72.06,1547728463,713.38,51.51458158,7.47294831,157.43,6.50,-1.19,5.09,1,-91.00,-6.00,22.00,11.00,46.00,9.00,29398276,358
73.06,1547728464,719.90,51.51464061,7.47295716,155.75,6.24,-0.26,5.37,1,-91.00,-8.00,19.00,9.00,49.00,9.00,29398276,358
74.06,1547728465,726.14,51.51467557,7.47296424,155.63,3.48,-2.76,4.90,1,-91.00,-8.00,19.00,9.00,49.00,9.00,29398276,358
75.06,1547728466,729.62,51.51470283,7.47296564,155.52,2.31,-1.17,5.98,1,-90.00,-5.00,20.00,9.00,48.00,9.00,29398276,358
76.06,1547728467,731.92,51.51472825,7.47296221,155.41,1.83,-0.47,5.09,1,-90.00,-5.00,20.00,9.00,48.00,9.00,29398276,358
77.06,1547728468,733.76,51.51472825,7.47296221,155.39,0.00,-1.83,5.09,1,-90.00,-5.00,19.00,9.00,48.00,9.00,29398276,358
78.06,1547728469,733.76,51.51472825,7.47296221,155.38,0.00,0.00,5.09,1,-90.00,-5.00,19.00,9.00,48.00,9.00,29398276,358
79.07,1547728470,733.76,51.51472825,7.47296221,155.36,0.00,0.00,5.09,1,-91.00,-6.00,16.00,11.00,47.00,9.00,29398276,358
80.07,1547728471,733.76,51.51472825,7.47296221,155.36,0.00,0.00,5.09,1,-91.00,-6.00,16.00,11.00,47.00,9.00,29398276,358
81.06,1547728472,733.76,51.51472825,7.47296221,155.35,0.00,0.00,5.09,1,-91.00,-6.00,16.00,11.00,47.00,9.00,29398276,358
82.06,1547728473,733.76,51.51472825,7.47296221,155.35,0.00,0.00,5.09,1,-90.00,-6.00,15.00,11.00,48.00,9.00,29398276,358
83.06,1547728474,733.76,51.51472825,7.47296221,155.35,0.00,0.00,5.09,1,-90.00,-6.00,15.00,11.00,48.00,9.00,29398276,358
84.06,1547728475,733.76,51.51472825,7.47296221,155.35,0.00,0.00,5.09,1,-91.00,-5.00,20.00,10.00,47.00,9.00,29398276,358
85.06,1547728476,733.76,51.51472825,7.47296221,155.35,0.00,0.00,5.09,1,-91.00,-5.00,20.00,10.00,47.00,9.00,29398276,358
86.06,1547728477,733.76,51.51472825,7.47296221,155.35,0.00,0.00,5.09,1,-90.00,-6.00,21.00,10.00,47.00,9.00,29398276,358
87.06,1547728478,733.76,51.51472825,7.47296221,155.35,0.00,0.00,5.09,1,-90.00,-6.00,21.00,10.00,47.00,9.00,29398276,358
88.06,1547728479,733.76,51.51472825,7.47296221,155.35,0.00,0.00,5.09,1,-91.00,-6.00,21.00,10.00,47.00,9.00,29398276,358
89.06,1547728480,733.76,51.51472825,7.47296221,155.35,0.00,0.00,5.09,1,-91.00,-6.00,21.00,10.00,47.00,9.00,29398276,358
90.06,1547728481,733.76,51.51472825,7.47296221,155.35,0.00,0.00,5.09,1,-91.00,-6.00,19.00,1.00,46.00,9.00,29398276,358
91.06,1547728482,733.76,51.51472825,7.47296221,155.34,0.00,0.00,5.09,1,-91.00,-6.00,19.00,1.00,46.00,9.00,29398276,358
92.06,1547728483,733.76,51.51472825,7.47296221,155.34,0.00,0.00,5.09,1,-91.00,-6.00,20.00,10.00,47.00,9.00,29398276,358
93.06,1547728484,733.76,51.51472825,7.47296221,155.33,0.00,0.00,5.09,1,-91.00,-6.00,20.00,10.00,47.00,9.00,29398276,358
94.06,1547728485,733.76,51.51472825,7.47296221,155.32,0.00,0.00,5.09,1,-91.00,-8.00,20.00,9.00,49.00,9.00,29398276,358
95.06,1547728486,733.76,51.51472825,7.47296221,155.31,0.00,0.00,5.09,1,-91.00,-8.00,20.00,9.00,49.00,9.00,29398276,358
96.06,1547728487,733.76,51.51472825,7.47296221,155.29,0.00,0.00,5.09,1,-91.00,-5.00,21.00,10.00,47.00,9.00,29398276,358
97.06,1547728488,733.76,51.51472825,7.47296221,155.27,0.00,0.00,5.09,1,-91.00,-5.00,21.00,10.00,47.00,9.00,29398276,358
98.06,1547728489,733.76,51.51472825,7.47296221,155.24,0.00,0.00,5.09,1,-91.00,-6.00,19.00,9.00,47.00,9.00,29398276,358
99.06,1547728490,733.76,51.51472825,7.47296221,155.22,0.00,0.00,5.09,1,-91.00,-6.00,19.00,9.00,47.00,9.00,29398276,358
100.07,1547728491,733.76,51.51472825,7.47296221,155.19,0.00,0.00,5.09,1,-91.00,-6.00,14.00,10.00,47.00,9.00,29398276,358
101.06,1547728492,733.76,51.51472825,7.47296221,155.16,0.00,0.00,5.09,1,-91.00,-6.00,14.00,10.00,47.00,9.00,29398276,358
102.06,1547728493,733.76,51.51472825,7.47296221,155.12,0.00,0.00,5.09,1,-91.00,-6.00,14.00,10.00,47.00,9.00,29398276,358
103.06,1547728494,733.76,51.51472825,7.47296221,155.08,0.00,0.00,5.09,1,-91.00,-6.00,17.00,9.00,47.00,9.00,29398276,358
104.06,1547728495,733.76,51.51472825,7.47296221,155.03,0.00,0.00,5.09,1,-91.00,-6.00,17.00,9.00,47.00,9.00,29398276,358
105.06,1547728496,733.76,51.51472825,7.47296221,155.00,0.00,0.00,5.09,1,-91.00,-6.00,20.00,10.00,47.00,9.00,29398276,358
106.06,1547728497,733.76,51.51363540,7.47290000,154.96,0.00,0.00,5.09,1,-91.00,-6.00,20.00,10.00,47.00,9.00,29398276,358
107.06,1547728498,733.76,51.51472825,7.47296221,154.92,0.00,0.00,5.09,1,-91.00,-6.00,18.00,10.00,47.00,9.00,29398276,358
108.06,1547728499,733.76,51.51472825,7.47296221,154.88,0.00,0.00,5.09,1,-91.00,-6.00,18.00,10.00,47.00,9.00,29398276,358
109.06,1547728500,733.76,51.51472825,7.47296221,154.83,0.00,0.00,5.09,1,-91.00,-7.00,13.00,9.00,48.00,9.00,29398276,358
110.06,1547728501,733.76,51.51472825,7.47296221,154.79,0.00,0.00,5.09,1,-91.00,-7.00,13.00,9.00,48.00,9.00,29398276,358
111.06,1547728502,733.76,51.51472825,7.47296221,154.75,0.00,0.00,5.09,1,-91.00,-6.00,13.00,10.00,48.00,9.00,29398276,358
112.06,1547728503,733.76,51.51472825,7.47296221,154.70,0.00,0.00,5.09,1,-91.00,-6.00,13.00,10.00,48.00,9.00,29398276,358
113.06,1547728504,733.76,51.51472825,7.47296221,154.65,0.00,0.00,5.09,1,-91.00,-7.00,14.00,9.00,48.00,9.00,29398276,358
114.06,1547728505,733.76,51.51472825,7.47296221,154.60,0.00,0.00,5.09,1,-91.00,-7.00,14.00,9.00,48.00,9.00,29398276,358
115.06,1547728506,733.76,51.51472825,7.47296221,154.55,0.00,0.00,5.09,1,-91.00,-9.00,18.00,9.00,51.00,9.00,29398276,358
116.06,1547728507,733.76,51.51472825,7.47296221,154.50,0.00,0.00,5.09,1,-91.00,-9.00,18.00,9.00,51.00,9.00,29398276,358
117.06,1547728508,733.76,51.51472825,7.47296221,154.46,0.00,0.00,5.09,1,-90.00,-6.00,21.00,9.00,48.00,9.00,29398276,358
118.06,1547728509,733.76,51.51472825,7.47296221,154.41,0.00,0.00,5.09,1,-90.00,-6.00,21.00,9.00,48.00,9.00,29398276,358
119.06,1547728510,733.76,51.51472825,7.47296221,154.37,0.00,0.00,5.09,1,-90.00,-5.00,20.00,8.00,47.00,9.00,29398276,358
120.07,1547728511,733.76,51.51472825,7.47296221,154.33,0.00,0.00,5.09,1,-90.00,-5.00,20.00,8.00,47.00,9.00,29398276,358
121.07,1547728512,733.76,51.51472825,7.47296221,154.30,0.00,0.00,5.09,1,-91.00,-6.00,19.00,9.00,47.00,9.00,29398276,358
122.06,1547728513,733.76,51.51472825,7.47296221,154.28,0.00,0.00,5.09,1,-91.00,-6.00,19.00,9.00,47.00,9.00,29398276,358
123.06,1547728514,733.76,51.51472825,7.47296221,154.26,0.00,0.00,5.09,1,-91.00,-6.00,19.00,9.00,47.00,9.00,29398276,358
124.06,1547728515,733.76,51.51472825,7.47296221,154.25,0.00,0.00,5.09,1,-91.00,-7.00,20.00,12.00,48.00,9.00,29398276,358
125.06,1547728516,733.76,51.51472825,7.47296221,154.25,0.00,0.00,5.09,1,-91.00,-7.00,20.00,12.00,48.00,9.00,29398276,358
126.06,1547728517,733.76,51.51472825,7.47296221,154.25,0.00,0.00,5.09,1,-91.00,-8.00,18.00,9.00,50.00,9.00,29398276,358
127.06,1547728518,733.76,51.51472825,7.47296221,154.24,0.00,0.00,5.09,1,-91.00,-8.00,18.00,9.00,50.00,9.00,29398276,358
128.06,1547728519,733.76,51.51472825,7.47296221,154.24,0.00,0.00,5.09,1,-90.00,-5.00,31.00,9.00,46.00,9.00,29398276,358
129.06,1547728520,733.76,51.51472825,7.47296221,154.26,0.00,0.00,5.09,1,-90.00,-5.00,31.00,9.00,46.00,9.00,29398276,358
130.07,1547728521,733.76,51.51472825,7.47296221,154.28,0.00,0.00,5.09,1,-91.00,-6.00,18.00,9.00,47.00,9.00,29398276,358
131.06,1547728522,733.76,51.51472825,7.47296221,154.43,0.00,0.00,356.39,1,-91.00,-6.00,18.00,9.00,47.00,9.00,29398276,358
132.06,1547728523,733.76,51.51472825,7.47296221,156.58,0.00,0.00,358.83,1,-90.00,-8.00,20.00,8.00,50.00,9.00,29398276,358
133.06,1547728524,733.76,51.51484361,7.47295191,157.71,6.20,0.00,0.59,1,-90.00,-8.00,20.00,8.00,50.00,9.00,29398276,358
134.06,1547728525,739.96,51.51490851,7.47295249,157.70,7.12,0.92,1.39,1,-91.00,-9.00,19.00,8.00,50.00,9.00,29398276,358
135.06,1547728526,747.10,51.51497746,7.47296465,157.05,7.64,0.52,1.59,1,-91.00,-9.00,19.00,8.00,50.00,9.00,29398276,358
136.06,1547728527,754.75,51.51504381,7.47295953,157.15,8.09,0.45,1.71,1,-90.00,-6.00,18.00,12.00,49.00,9.00,29398276,358
137.06,1547728528,762.84,51.51511008,7.47295949,157.90,8.62,0.53,1.11,1,-90.00,-6.00,18.00,12.00,49.00,9.00,29398276,358
138.06,1547728529,771.44,51.51518814,7.47296584,157.78,9.07,0.46,359.85,1,-95.00,-6.00,12.00,8.00,42.00,9.00,29398276,358
139.06,1547728530,780.53,51.51526728,7.47296283,156.77,8.93,-0.14,357.94,1,-95.00,-6.00,12.00,8.00,42.00,9.00,29398276,358
140.06,1547728531,789.49,51.51535048,7.47295144,155.13,9.26,0.33,355.02,1,-91.00,-5.00,18.00,8.00,46.00,9.00,29398276,358
141.06,1547728532,798.71,51.51544296,7.47293106,153.30,10.84,1.58,352.68,1,-91.00,-5.00,18.00,8.00,46.00,9.00,29398276,358
142.06,1547728533,809.58,51.51553040,7.47290916,151.23,10.05,-0.79,349.80,1,-91.00,-8.00,12.00,8.00,48.00,9.00,29398276,358
143.06,1547728534,819.58,51.51561055,7.47285075,149.77,9.46,-0.59,333.39,1,-91.00,-8.00,12.00,8.00,48.00,9.00,29398276,358
144.06,1547728535,829.07,51.51570178,7.47277791,147.64,11.65,2.18,333.95,1,-91.00,-8.00,12.00,8.00,48.00,9.00,29398276,358
145.07,1547728536,840.86,51.51579707,7.47270420,144.95,12.11,0.45,333.57,1,-93.00,-8.00,14.00,9.00,46.00,9.00,29398276,358
146.06,1547728537,852.79,51.51466280,7.47233030,141.41,12.36,0.25,332.22,1,-93.00,-8.00,14.00,9.00,46.00,9.00,29398276,358
147.06,1547728538,865.21,51.51599224,7.47253262,138.21,12.78,0.42,329.71,1,-94.00,-7.00,16.00,8.00,44.00,9.00,29398276,358
148.06,1547728539,877.98,51.51608812,7.47242160,135.59,12.84,0.06,326.44,1,-94.00,-7.00,16.00,8.00,44.00,9.00,29398276,358
149.06,1547728540,890.82,51.51616807,7.47228234,133.37,12.96,0.12,313.83,1,-97.00,-8.00,10.00,7.00,42.00,9.00,29398276,358
150.07,1547728541,903.84,51.51624671,7.47214972,132.04,12.77,-0.19,312.92,1,-97.00,-8.00,10.00,7.00,42.00,9.00,29398276,358
151.06,1547728542,916.50,51.51632055,7.47199654,130.68,12.77,0.00,313.83,1,-96.00,-7.00,6.00,8.00,42.00,9.00,29398276,358
152.06,1547728543,929.27,51.51638595,7.47183006,130.32,12.69,-0.08,309.64,1,-96.00,-7.00,6.00,8.00,42.00,9.00,29398276,358
153.06,1547728544,941.96,51.51643906,7.47166685,129.87,12.64,-0.04,295.46,1,-95.00,-10.00,10.00,10.00,45.00,9.00,29398276,358
154.06,1547728545,954.64,51.51648808,7.47150037,128.86,12.96,0.32,294.95,1,-95.00,-10.00,10.00,10.00,45.00,9.00,29398276,358
155.06,1547728546,967.61,51.51653302,7.47134151,127.94,12.49,-0.47,294.06,1,-92.00,-7.00,11.00,9.00,45.00,9.00,29398276,358
156.06,1547728547,980.09,51.51657693,7.47117800,127.81,12.81,0.32,293.87,1,-92.00,-7.00,11.00,9.00,45.00,9.00,29398276,358
157.06,1547728548,992.92,51.51661939,7.47101560,128.01,12.59,-0.22,294.25,1,-95.00,-6.00,11.00,9.00,42.00,9.00,29398276,358
158.06,1547728549,1005.51,51.51666257,7.47086220,128.02,11.92,-0.67,294.72,1,-95.00,-6.00,11.00,9.00,42.00,9.00,29398276,358
159.06,1547728550,1017.42,51.51670774,7.47070573,128.37,12.18,0.26,295.25,1,-93.00,-7.00,9.00,7.00,44.00,9.00,29398276,358
160.07,1547728551,1029.65,51.51674875,7.47055589,129.44,11.75,-0.43,294.81,1,-93.00,-7.00,9.00,7.00,44.00,9.00,29398276,358
161.06,1547728552,1041.32,51.51679604,7.47038879,130.75,12.32,0.58,295.27,1,-83.00,-6.00,30.00,10.00,50.00,9.00,29398276,358
162.06,1547728553,1053.64,51.51684368,7.47021679,132.09,12.68,0.36,294.68,1,-83.00,-6.00,30.00,10.00,50.00,9.00,29398276,358
163.07,1547728554,1066.45,51.51689063,7.47003631,132.09,12.80,0.12,293.28,1,-94.00,-9.00,16.00,6.00,45.00,9.00,29398276,358
164.06,1547728555,1079.14,51.51693491,7.46985538,131.90,12.76,-0.04,292.85,1,-94.00,-9.00,16.00,6.00,45.00,9.00,29398276,358
165.06,1547728556,1091.92,51.51697360,7.46968238,131.45,11.90,-0.86,291.90,1,-94.00,-9.00,16.00,6.00,45.00,9.00,29398276,358
166.06,1547728557,1103.80,51.51700493,7.46948463,131.26,12.47,0.57,290.24,1,-90.00,-6.00,13.00,10.00,47.00,9.00,29398276,358
167.06,1547728558,1116.26,51.51704223,7.46928761,131.49,13.22,0.75,289.34,1,-90.00,-6.00,13.00,10.00,47.00,9.00,29398276,358
168.06,1547728559,1129.50,51.51708111,7.46908932,131.67,13.49,0.27,288.52,1,-95.00,-7.00,14.00,9.00,43.00,9.00,29398276,358
169.06,1547728560,1142.99,51.51712118,7.46889749,132.06,13.58,0.08,287.74,1,-95.00,-7.00,14.00,9.00,43.00,9.00,29398276,358
170.07,1547728561,1156.64,51.51715873,7.46872957,132.10,12.46,-1.11,287.96,1,-94.00,-6.00,10.00,11.00,43.00,9.00,29398276,358
171.06,1547728562,1169.02,51.51719682,7.46857101,131.93,11.44,-1.03,288.80,1,-94.00,-6.00,10.00,11.00,43.00,9.00,29398276,358
172.06,1547728563,1180.44,51.51723739,7.46842480,131.65,10.35,-1.08,290.00,1,-93.00,-8.00,10.00,8.00,46.00,9.00,29398276,358
173.06,1547728564,1190.80,51.51727063,7.46828763,131.91,10.08,-0.28,290.69,1,-93.00,-8.00,10.00,8.00,46.00,9.00,29398276,358
174.06,1547728565,1200.91,51.51729562,7.46815466,132.69,10.08,0.00,289.61,1,-92.00,-6.00,15.00,9.00,46.00,9.00,29398276,358
175.06,1547728566,1210.98,51.51732895,7.46801849,133.92,10.55,0.47,293.04,1,-92.00,-6.00,15.00,9.00,46.00,9.00,29398276,358
176.06,1547728567,1221.52,51.51736653,7.46788611,135.39,10.13,-0.42,297.04,1,-93.00,-6.00,16.00,10.00,44.00,9.00,29398276,358
177.06,1547728568,1231.66,51.51740650,7.46774836,136.62,9.90,-0.23,297.61,1,-93.00,-6.00,16.00,10.00,44.00,9.00,29398276,358
178.06,1547728569,1241.54,51.51745179,7.46760052,137.48,10.33,0.43,298.17,1,-95.00,-7.00,10.00,12.00,43.00,9.00,29398276,358
179.06,1547728570,1251.88,51.51749937,7.46744505,138.14,11.02,0.69,297.80,1,-95.00,-7.00,10.00,12.00,43.00,9.00,29398276,358
180.07,1547728571,1262.94,51.51754837,7.46729984,137.65,11.24,0.22,297.24,1,-96.00,-7.00,11.00,6.00,42.00,9.00,29398276,358
181.06,1547728572,1274.13,51.51759307,7.46715600,137.94,10.67,-0.57,296.83,1,-96.00,-7.00,11.00,6.00,42.00,9.00,29398276,358
182.06,1547728573,1284.79,51.51763981,7.46702205,138.18,10.95,0.28,295.27,1,-95.00,-7.00,11.00,6.00,42.00,9.00,29398276,358
183.06,1547728574,1295.74,51.51768186,7.46688572,138.20,10.92,-0.03,292.41,1,-95.00,-7.00,11.00,6.00,42.00,9.00,29398276,358
184.07,1547728575,1306.77,51.51771571,7.46673468,137.59,10.86,-0.05,290.51,1,-97.00,-7.00,8.00,5.00,41.00,9.00,29398276,358
185.06,1547728576,1317.54,51.51774575,7.46658032,136.99,10.39,-0.47,288.85,1,-97.00,-7.00,8.00,5.00,41.00,9.00,29398276,358
186.06,1547728577,1327.93,51.51777056,7.46643421,136.39,10.25,-0.14,287.33,1,-97.00,-7.00,8.00,5.00,41.00,9.00,29398276,358
187.06,1547728578,1338.21,51.51779354,7.46628555,135.52,10.24,-0.01,285.87,1,-98.00,-8.00,0.00,5.00,41.00,9.00,29398276,358
188.06,1547728579,1348.45,51.51781412,7.46614378,134.88,10.48,0.24,284.57,1,-98.00,-8.00,0.00,5.00,41.00,9.00,29398276,358
189.06,1547728580,1358.88,51.51782782,7.46598687,134.72,10.59,0.11,283.18,1,-94.00,-7.00,1.00,6.00,43.00,11.00,26376708,470
190.06,1547728581,1369.51,51.51784016,7.46580996,134.84,10.93,0.35,281.17,1,-94.00,-7.00,1.00,6.00,43.00,11.00,26376708,470
191.06,1547728582,1380.42,51.51784664,7.46563936,135.12,10.66,-0.28,279.32,1,-96.00,-10.00,1.00,5.00,44.00,11.00,26376708,470
192.06,1547728583,1391.04,51.51785025,7.46547613,135.65,10.64,-0.02,277.22,1,-96.00,-10.00,1.00,5.00,44.00,11.00,26376708,470
193.06,1547728584,1401.67,51.51784778,7.46532277,135.84,10.09,-0.55,275.25,1,-94.00,-11.00,3.00,5.00,47.00,11.00,26376708,470
194.06,1547728585,1411.79,51.51784799,7.46517601,135.88,10.38,0.30,273.27,1,-94.00,-11.00,3.00,5.00,47.00,11.00,26376708,470
195.06,1547728586,1422.18,51.51784647,7.46503215,135.80,10.51,0.12,271.30,1,-98.00,-11.00,2.00,5.00,44.00,11.00,26376708,470
196.06,1547728587,1432.70,51.51784154,7.46488759,135.02,10.57,0.07,269.29,1,-98.00,-11.00,2.00,5.00,44.00,11.00,26376708,470
197.06,1547728588,1443.24,51.51783571,7.46474222,133.57,10.76,0.19,267.31,1,-92.00,-9.00,-4.00,6.00,49.00,13.00,26796291,24
198.06,1547728589,1454.00,51.51782369,7.46459495,132.27,10.95,0.18,265.27,1,-92.00,-9.00,-4.00,6.00,49.00,13.00,26796291,24
199.06,1547728590,1464.98,51.51780745,7.46443635,130.95,11.17,0.22,263.08,1,-91.00,-8.00,2.00,6.00,48.00,13.00,26796291,24
200.07,1547728591,1476.19,51.51778948,7.46428333,129.65,10.77,-0.40,261.15,1,-91.00,-8.00,2.00,6.00,48.00,13.00,26796291,24
201.06,1547728592,1486.86,51.51776405,7.46412177,128.31,11.29,0.53,258.67,1,-88.00,-8.00,9.00,11.00,51.00,13.00,26796291,24
202.06,1547728593,1498.15,51.51773245,7.46395117,126.89,12.05,0.77,256.62,1,-88.00,-8.00,9.00,11.00,51.00,13.00,26796291,24
203.06,1547728594,1510.29,51.51769423,7.46377793,125.90,12.41,0.36,254.59,1,-92.00,-11.00,5.00,8.00,51.00,13.00,26796291,24
204.06,1547728595,1522.69,51.51765376,7.46360547,125.70,12.51,0.10,252.88,1,-92.00,-11.00,5.00,8.00,51.00,13.00,26796291,24
205.07,1547728596,1535.28,51.51761095,7.46343913,125.78,12.40,-0.12,251.39,1,-86.00,-10.00,3.00,11.00,55.00,13.00,26796291,24
206.06,1547728597,1547.55,51.51663930,7.45170670,127.42,11.84,-0.56,249.93,1,-86.00,-10.00,3.00,11.00,55.00,13.00,26796291,24
207.06,1547728598,1559.43,51.51752628,7.46314534,128.50,11.51,-0.33,248.98,1,-86.00,-10.00,3.00,11.00,55.00,13.00,26796291,24
208.06,1547728599,1570.92,51.51748671,7.46300309,129.32,11.16,-0.34,248.49,1,-88.00,-8.00,-1.00,7.00,53.00,13.00,26796291,24
209.06,1547728600,1582.08,51.51744249,7.46287279,131.39,10.63,-0.53,248.11,1,-88.00,-8.00,-1.00,7.00,53.00,13.00,26796291,24
210.07,1547728601,1592.75,51.51739733,7.46272149,133.72,11.36,0.73,248.07,1,-88.00,-8.00,7.00,12.00,51.00,13.00,26796291,24
211.06,1547728602,1604.07,51.51735871,7.46257795,134.92,10.50,-0.85,248.66,1,-88.00,-8.00,7.00,12.00,51.00,13.00,26796291,24
212.06,1547728603,1614.53,51.51732970,7.46244979,135.51,9.54,-0.97,248.24,1,-84.00,-8.00,-2.00,6.00,56.00,7.00,26378754,443
213.06,1547728604,1624.06,51.51730578,7.46232388,136.33,9.33,-0.20,250.02,1,-84.00,-8.00,-2.00,6.00,56.00,7.00,26378754,443
214.06,1547728605,1633.45,51.51727506,7.46218539,137.13,9.98,0.64,249.59,1,-87.00,-9.00,15.00,9.00,54.00,7.00,26378754,443
215.06,1547728606,1643.40,51.51724301,7.46203313,137.86,10.55,0.57,250.30,1,-87.00,-9.00,15.00,9.00,54.00,7.00,26378754,443
216.06,1547728607,1653.96,51.51719959,7.46185936,138.18,12.28,1.73,250.53,1,-85.00,-8.00,9.00,11.00,54.00,7.00,26378754,443
217.06,1547728608,1666.24,51.51716226,7.46167216,137.90,12.53,0.25,251.32,1,-85.00,-8.00,9.00,11.00,54.00,7.00,26378754,443
218.06,1547728609,1678.75,51.51712085,7.46149389,137.97,12.31,-0.22,252.16,1,-87.00,-8.00,8.00,10.00,52.00,7.00,26378754,443
219.06,1547728610,1691.06,51.51708296,7.46131721,137.89,13.03,0.72,253.02,1,-87.00,-8.00,8.00,10.00,52.00,7.00,26378754,443
220.07,1547728611,1704.16,51.51704376,7.46113967,136.99,12.97,-0.06,253.55,1,-85.00,-6.00,11.00,9.00,53.00,7.00,26378754,443
221.06,1547728612,1717.08,51.51700321,7.46094720,135.91,13.77,0.80,252.74,1,-85.00,-6.00,11.00,9.00,53.00,7.00,26378754,443
222.06,1547728613,1730.79,51.51696645,7.46075983,134.14,13.68,-0.09,252.02,1,-84.00,-8.00,13.00,10.00,55.00,7.00,26378754,443
223.06,1547728614,1744.49,51.51692725,7.46056694,132.55,13.58,-0.10,251.16,1,-84.00,-8.00,13.00,10.00,55.00,7.00,26378754,443
224.06,1547728615,1758.08,51.51688374,7.46037626,131.33,13.58,0.00,252.09,1,-83.00,-10.00,14.00,10.00,58.00,7.00,26378754,443
225.07,1547728616,1771.74,51.51684839,7.46019166,130.46,13.30,-0.28,254.24,1,-83.00,-10.00,14.00,10.00,58.00,7.00,26378754,443
226.07,1547728617,1785.06,51.51680871,7.45998971,129.87,13.87,0.57,254.23,1,-78.00,-9.00,12.00,12.00,62.00,7.00,26378754,443
227.06,1547728618,1798.85,51.51677503,7.45979789,129.76,14.38,0.52,255.21,1,-78.00,-9.00,12.00,12.00,62.00,7.00,26378754,443
228.06,1547728619,1813.21,51.51674463,7.45959692,129.59,14.43,0.04,255.81,1,-78.00,-9.00,12.00,12.00,62.00,7.00,26378754,443
229.06,1547728620,1827.65,51.51671675,7.45938342,129.20,14.73,0.31,256.59,1,-77.00,-6.00,23.00,12.00,62.00,7.00,26378754,443
230.07,1547728621,1842.46,51.51669277,7.45917944,129.12,14.91,0.18,257.75,1,-77.00,-6.00,23.00,12.00,62.00,7.00,26378754,443
231.06,1547728622,1857.31,51.51666626,7.45897351,129.22,15.19,0.28,258.65,1,-83.00,-6.00,12.00,11.00,54.00,7.00,26378754,443
232.06,1547728623,1872.48,51.51664236,7.45877352,128.97,14.95,-0.24,258.49,1,-83.00,-6.00,12.00,11.00,54.00,7.00,26378754,443
233.06,1547728624,1887.43,51.51662403,7.45858323,129.27,13.95,-1.00,258.92,1,-78.00,-6.00,33.00,11.00,59.00,7.00,26378754,443
234.06,1547728625,1901.39,51.51660555,7.45838886,129.11,13.63,-0.32,259.45,1,-78.00,-6.00,33.00,11.00,59.00,7.00,26378754,443
235.06,1547728626,1915.03,51.51658169,7.45819018,128.73,13.00,-0.63,259.22,1,-86.00,-9.00,4.00,4.00,54.00,10.00,27029251,331
236.06,1547728627,1928.04,51.51655467,7.45801274,129.06,12.14,-0.87,258.77,1,-86.00,-9.00,4.00,4.00,54.00,10.00,27029251,331
237.06,1547728628,1940.17,51.51653294,7.45785129,128.46,9.88,-2.26,258.39,1,-85.00,-6.00,25.00,11.00,53.00,10.00,27029251,331
238.06,1547728629,1950.05,51.51651776,7.45773471,128.91,7.67,-2.20,259.37,1,-85.00,-6.00,25.00,11.00,53.00,10.00,27029251,331
239.06,1547728630,1957.72,51.51650157,7.45762581,130.08,6.50,-1.17,258.67,1,-85.00,-6.00,25.00,11.00,52.00,10.00,27029251,331
240.07,1547728631,1964.25,51.51648997,7.45754788,131.18,4.36,-2.13,257.96,1,-85.00,-6.00,25.00,11.00,52.00,10.00,27029251,331
241.06,1547728632,1968.60,51.51648104,7.45749848,131.32,1.77,-2.59,260.39,1,-86.00,-7.00,18.00,9.00,52.00,10.00,27029251,331
242.06,1547728633,1970.36,51.51647266,7.45748142,131.59,0.69,-1.09,260.39,1,-86.00,-7.00,18.00,9.00,52.00,10.00,27029251,331
243.06,1547728634,1971.05,51.51647266,7.45748142,131.62,0.00,-0.69,260.39,1,-88.00,-11.00,12.00,7.00,52.00,10.00,27029251,331
244.06,1547728635,1971.05,51.51647266,7.45748142,131.65,0.00,0.00,260.39,1,-88.00,-11.00,12.00,7.00,52.00,10.00,27029251,331
245.06,1547728636,1971.05,51.51647266,7.45748142,131.70,0.00,0.00,260.39,1,-89.00,-7.00,13.00,9.00,48.00,10.00,27029251,331
246.06,1547728637,1971.05,51.51872730,7.45522890,131.75,0.00,0.00,260.39,1,-89.00,-7.00,13.00,9.00,48.00,10.00,27029251,331
247.07,1547728638,1971.05,51.51647266,7.45748142,131.81,0.00,0.00,260.39,1,-89.00,-8.00,4.00,8.00,50.00,10.00,27029251,331
248.06,1547728639,1971.05,51.51647266,7.45748142,132.45,0.00,0.00,260.39,1,-89.00,-8.00,4.00,8.00,50.00,10.00,27029251,331
249.06,1547728640,1971.05,51.51647266,7.45748142,132.96,0.00,0.00,257.02,1,-89.00,-8.00,4.00,8.00,50.00,10.00,27029251,331
250.07,1547728641,1971.05,51.51647266,7.45748142,137.21,0.00,0.00,257.07,1,-87.00,-7.00,8.00,8.00,50.00,10.00,27029251,331
251.06,1547728642,1971.05,51.51645712,7.45728195,139.09,4.45,0.00,257.11,1,-87.00,-7.00,8.00,8.00,50.00,10.00,27029251,331
252.06,1547728643,1975.49,51.51644509,7.45717889,139.53,5.59,1.15,255.42,1,-87.00,-6.00,12.00,12.00,50.00,10.00,27029251,331
253.06,1547728644,1981.08,51.51642302,7.45706952,139.39,5.58,-0.01,254.44,1,-87.00,-6.00,12.00,12.00,50.00,10.00,27029251,331
254.06,1547728645,1986.66,51.51639424,7.45698925,139.42,4.76,-0.82,238.09,1,-87.00,-6.00,13.00,10.00,49.00,10.00,27029251,331
255.06,1547728646,1991.42,51.51636458,7.45689960,139.14,5.03,0.27,240.37,1,-87.00,-6.00,13.00,10.00,49.00,10.00,27029251,331
256.06,1547728647,1996.46,51.51633538,7.45680757,138.92,6.38,1.35,242.95,1,-88.00,-7.00,15.00,10.00,49.00,10.00,27029251,331
257.06,1547728648,2002.84,51.51630860,7.45671035,138.46,7.01,0.63,243.41,1,-88.00,-7.00,15.00,10.00,49.00,10.00,27029251,331
258.06,1547728649,2009.86,51.51627842,7.45660259,137.82,7.87,0.86,242.36,1,-85.00,-7.00,2.00,8.00,54.00,10.00,27029251,331
259.06,1547728650,2017.73,51.51623691,7.45646298,136.90,10.42,2.55,241.34,1,-85.00,-7.00,2.00,8.00,54.00,10.00,27029251,331
260.06,1547728651,2028.17,51.51618822,7.45632645,136.72,10.81,0.39,240.36,1,-90.00,-8.00,7.00,6.00,50.00,4.00,26378754,443
261.06,1547728652,2038.93,51.51614243,7.45618622,135.66,10.39,-0.42,238.42,1,-90.00,-8.00,7.00,6.00,50.00,4.00,26378754,443
262.06,1547728653,2049.31,51.51609011,7.45604758,134.50,10.80,0.41,236.71,1,-88.00,-8.00,8.00,6.00,53.00,4.00,26378754,443
263.06,1547728654,2060.14,51.51602413,7.45587064,133.08,10.80,0.00,236.71,1,-88.00,-8.00,8.00,6.00,53.00,4.00,26378754,443
264.06,1547728655,2070.96,51.51595364,7.45571737,132.21,11.40,0.61,232.65,1,-89.00,-10.00,7.00,10.00,52.00,4.00,26378754,443
265.06,1547728656,2082.36,51.51587959,7.45557971,132.26,11.49,0.09,223.74,1,-89.00,-10.00,7.00,10.00,52.00,4.00,26378754,443
266.06,1547728657,2093.84,51.51646030,7.45969680,132.76,11.45,-0.04,222.64,1,-85.00,-7.00,14.00,11.00,53.00,4.00,26378754,443
267.06,1547728658,2105.29,51.51572416,7.45535338,132.34,11.29,-0.16,220.50,1,-85.00,-7.00,14.00,11.00,53.00,4.00,26378754,443
268.07,1547728659,2116.64,51.51564611,7.45525134,132.24,11.24,-0.05,217.12,1,-84.00,-7.00,3.00,6.00,53.00,2.00,26796291,24
269.06,1547728660,2127.79,51.51557388,7.45516366,131.19,11.16,-0.08,214.00,1,-84.00,-7.00,3.00,6.00,53.00,2.00,26796291,24
270.06,1547728661,2139.00,51.51549327,7.45509544,130.54,10.76,-0.39,210.91,1,-84.00,-7.00,3.00,6.00,53.00,2.00,26796291,24
271.06,1547728662,2149.71,51.51538745,7.45509473,130.38,10.85,0.09,183.27,1,-86.00,-7.00,22.00,9.00,53.00,2.00,26796291,24
272.06,1547728663,2160.54,51.51528128,7.45509252,131.13,11.12,0.27,182.17,1,-86.00,-7.00,22.00,9.00,53.00,2.00,26796291,24
273.06,1547728664,2171.64,51.51517946,7.45510524,131.68,11.14,0.02,179.63,1,-81.00,-7.00,11.00,11.00,57.00,2.00,26796291,24
274.06,1547728665,2182.83,51.51507530,7.45512619,132.07,11.47,0.32,177.92,1,-81.00,-7.00,11.00,11.00,57.00,2.00,26796291,24
275.06,1547728666,2194.31,51.51496812,7.45515367,132.23,11.67,0.21,176.51,1,-74.00,-6.00,27.00,8.00,63.00,2.00,26796291,24
276.06,1547728667,2205.97,51.51485782,7.45518326,132.85,11.78,0.10,174.75,1,-74.00,-6.00,27.00,8.00,63.00,2.00,26796291,24
277.06,1547728668,2217.73,51.51474064,7.45521620,134.04,12.28,0.51,173.87,1,-73.00,-6.00,31.00,10.00,63.00,2.00,26796291,24
278.06,1547728669,2230.02,51.51462268,7.45525631,134.54,13.00,0.71,172.90,1,-73.00,-6.00,31.00,10.00,63.00,2.00,26796291,24
279.06,1547728670,2243.01,51.51450840,7.45529426,134.66,12.56,-0.43,172.43,1,-76.00,-5.00,25.00,14.00,58.00,2.00,26796291,24
280.06,1547728671,2255.63,51.51440497,7.45533282,134.82,11.44,-1.12,170.93,1,-76.00,-5.00,25.00,14.00,58.00,2.00,26796291,24
281.06,1547728672,2267.03,51.51429536,7.45537246,135.02,12.25,0.82,171.57,1,-70.00,-6.00,24.00,14.00,63.00,2.00,26796291,24
282.06,1547728673,2279.25,51.51417915,7.45540798,135.04,13.16,0.91,171.53,1,-70.00,-6.00,24.00,14.00,63.00,2.00,26796291,24
283.06,1547728674,2292.40,51.51406237,7.45543994,135.05,13.19,0.02,170.81,1,-68.00,-10.00,14.00,15.00,63.00,2.00,26796291,24
284.06,1547728675,2305.62,51.51394823,7.45546749,135.42,12.63,-0.56,171.27,1,-68.00,-10.00,14.00,15.00,63.00,2.00,26796291,24
285.06,1547728676,2318.27,51.51382966,7.45549002,136.43,12.67,0.04,170.01,1,-84.00,-11.00,6.00,6.00,57.00,1.00,26796290,25
286.06,1547728677,2330.94,51.51260950,7.45273960,137.51,13.47,0.80,167.79,1,-84.00,-11.00,6.00,6.00,57.00,1.00,26796290,25
287.06,1547728678,2344.40,51.51359484,7.45558511,138.55,13.01,-0.46,165.36,1,-83.00,-8.00,6.00,10.00,55.00,1.00,26796290,25
288.06,1547728679,2357.42,51.51348921,7.45564899,139.89,12.07,-0.94,162.48,1,-83.00,-8.00,6.00,10.00,55.00,1.00,26796290,25
289.07,1547728680,2369.60,51.51337772,7.45573426,141.96,12.28,0.21,159.29,1,-79.00,-9.00,-2.00,4.00,61.00,1.00,26796290,25
290.07,1547728681,2381.84,51.51327012,7.45582516,144.57,12.63,0.35,155.89,1,-79.00,-9.00,-2.00,4.00,61.00,1.00,26796290,25
291.06,1547728682,2394.42,51.51318920,7.45594748,146.32,11.73,-0.90,139.03,1,-79.00,-9.00,-2.00,4.00,61.00,1.00,26796290,25
292.06,1547728683,2406.17,51.51309818,7.45607595,148.35,13.08,1.35,136.96,1,-91.00,-12.00,-2.00,4.00,53.00,1.00,26796290,25
293.06,1547728684,2419.17,51.51301360,7.45621701,149.33,13.61,0.53,133.54,1,-91.00,-12.00,-2.00,4.00,53.00,1.00,26796290,25
294.06,1547728685,2432.83,51.51293165,7.45637083,149.82,13.77,0.16,131.44,1,-84.00,-11.00,1.00,8.00,59.00,1.00,26796290,25
295.06,1547728686,2446.60,51.51285389,7.45652501,150.63,12.85,-0.92,129.29,1,-84.00,-11.00,1.00,8.00,59.00,1.00,26796290,25
296.06,1547728687,2459.43,51.51277344,7.45670073,152.14,14.23,1.39,129.15,1,-88.00,-8.00,-6.00,2.00,52.00,1.00,26796290,25
297.06,1547728688,2473.67,51.51268988,7.45687812,153.38,14.91,0.67,128.19,1,-88.00,-8.00,-6.00,2.00,52.00,1.00,26796290,25
298.06,1547728689,2488.59,51.51260882,7.45705363,154.74,14.97,0.06,127.10,1,-90.00,-8.00,8.00,9.00,49.00,1.00,26796290,25
299.06,1547728690,2503.54,51.51252900,7.45723074,155.22,14.32,-0.65,127.48,1,-90.00,-8.00,8.00,9.00,49.00,1.00,26796290,25
300.07,1547728691,2517.93,51.51244960,7.45740484,156.58,14.53,0.21,126.83,1,-91.00,-8.00,6.00,9.00,48.00,1.00,26796290,25
301.06,1547728692,2532.35,51.51236899,7.45758324,157.16,14.79,0.26,126.26,1,-91.00,-8.00,6.00,9.00,48.00,1.00,26796290,25
302.06,1547728693,2547.17,51.51230304,7.45774085,157.42,12.55,-2.24,124.54,1,-89.00,-7.00,14.00,6.00,49.00,3.00,26378755,441
303.06,1547728694,2559.74,51.51225466,7.45786504,158.14,8.83,-3.71,123.52,1,-89.00,-7.00,14.00,6.00,49.00,3.00,26378755,441
304.06,1547728695,2568.54,51.51221200,7.45795303,158.61,6.68,-2.16,123.12,1,-87.00,-10.00,11.00,7.00,55.00,3.00,26378755,441
305.06,1547728696,2575.24,51.51217850,7.45803120,158.44,5.00,-1.67,123.69,1,-87.00,-10.00,11.00,7.00,55.00,3.00,26378755,441
306.06,1547728697,2580.23,51.51248350,7.45989710,158.43,3.60,-1.40,122.86,1,-88.00,-6.00,16.00,9.00,48.00,3.00,26378755,441
307.06,1547728698,2583.83,51.51213112,7.45814863,158.40,2.94,-0.66,122.42,1,-88.00,-6.00,16.00,9.00,48.00,3.00,26378755,441
308.06,1547728699,2586.78,51.51209876,7.45823649,158.35,2.94,0.00,123.38,1,-88.00,-6.00,11.00,9.00,49.00,3.00,26378755,441
309.06,1547728700,2589.72,51.51207164,7.45829971,157.84,5.92,2.98,126.92,1,-88.00,-6.00,11.00,9.00,49.00,3.00,26378755,441
310.07,1547728701,2595.71,51.51203383,7.45839207,157.22,7.82,1.88,131.30,1,-89.00,-6.00,14.00,8.00,48.00,3.00,26378755,441
311.07,1547728702,2603.47,51.51199037,7.45849650,156.33,9.16,1.35,131.19,1,-89.00,-6.00,14.00,8.00,48.00,3.00,26378755,441
312.06,1547728703,2612.57,51.51193827,7.45860453,155.61,9.85,0.69,130.09,1,-89.00,-6.00,14.00,8.00,48.00,3.00,26378755,441
313.06,1547728704,2622.43,51.51188331,7.45870828,155.19,9.61,-0.24,127.83,1,-91.00,-7.00,19.00,12.00,47.00,3.00,26378755,441
314.06,1547728705,2632.04,51.51182904,7.45881445,155.42,9.26,-0.35,127.17,1,-91.00,-7.00,19.00,12.00,47.00,3.00,26378755,441
315.06,1547728706,2641.29,51.51178110,7.45890549,155.01,7.92,-1.34,128.01,1,-91.00,-8.00,14.00,8.00,49.00,3.00,26378755,441
316.06,1547728707,2649.23,51.51173670,7.45899587,154.95,7.60,-0.32,130.40,1,-91.00,-8.00,14.00,8.00,49.00,3.00,26378755,441
317.06,1547728708,2656.83,51.51171483,7.45906264,155.45,4.36,-3.24,128.92,1,-91.00,-7.00,24.00,8.00,46.00,3.00,26378755,441
318.06,1547728709,2661.19,51.51169805,7.45911140,155.54,2.82,-1.54,128.53,1,-91.00,-7.00,24.00,8.00,46.00,3.00,26378755,441
319.06,1547728710,2664.01,51.51168248,7.45914265,155.66,1.85,-0.97,132.24,1,-89.00,-9.00,13.00,7.00,51.00,3.00,26378755,441
320.06,1547728711,2665.87,51.51167412,7.45916751,155.76,0.84,-1.00,132.24,1,-89.00,-9.00,13.00,7.00,51.00,3.00,26378755,441
321.06,1547728712,2666.70,51.51167412,7.45916751,155.76,0.00,-0.85,132.24,1,-88.00,-7.00,24.00,9.00,50.00,3.00,26378755,441
322.06,1547728713,2666.70,51.51167412,7.45916751,155.76,0.00,0.00,132.24,1,-88.00,-7.00,24.00,9.00,50.00,3.00,26378755,441
323.06,1547728714,2666.70,51.51167412,7.45916751,155.77,0.00,0.00,132.24,1,-87.00,-8.00,18.00,12.00,52.00,3.00,26378755,441
324.06,1547728715,2666.70,51.51167412,7.45916751,155.80,0.00,0.00,132.24,1,-87.00,-8.00,18.00,12.00,52.00,3.00,26378755,441
325.06,1547728716,2666.70,51.51167412,7.45916751,155.85,0.00,0.00,132.24,1,-87.00,-7.00,27.00,9.00,51.00,3.00,26378755,441
326.06,1547728717,2666.70,51.51248350,7.45989710,155.91,0.00,0.00,132.24,1,-87.00,-7.00,27.00,9.00,51.00,3.00,26378755,441
327.06,1547728718,2666.70,51.51167412,7.45916751,155.97,0.00,0.00,132.24,1,-87.00,-6.00,16.00,10.00,50.00,3.00,26378755,441
328.06,1547728719,2666.70,51.51167412,7.45916751,156.03,0.00,0.00,132.24,1,-87.00,-6.00,16.00,10.00,50.00,3.00,26378755,441
329.06,1547728720,2666.70,51.51167412,7.45916751,156.09,0.00,0.00,132.24,1,-87.00,-6.00,13.00,10.00,50.00,3.00,26378755,441
330.06,1547728721,2666.70,51.51167412,7.45916751,156.15,0.00,0.00,132.24,1,-87.00,-6.00,13.00,10.00,50.00,3.00,26378755,441
331.07,1547728722,2666.70,51.51167412,7.45916751,156.22,0.00,0.00,132.24,1,-87.00,-6.00,28.00,10.00,50.00,3.00,26378755,441
332.06,1547728723,2666.70,51.51167412,7.45916751,156.28,0.00,0.00,132.24,1,-87.00,-6.00,28.00,10.00,50.00,3.00,26378755,441
333.06,1547728724,2666.70,51.51167412,7.45916751,156.34,0.00,0.00,132.24,1,-87.00,-6.00,28.00,10.00,50.00,3.00,26378755,441
334.06,1547728725,2666.70,51.51167412,7.45916751,156.41,0.00,0.00,132.24,1,-87.00,-7.00,16.00,13.00,50.00,3.00,26378755,441
335.06,1547728726,2666.70,51.51167412,7.45916751,156.46,0.00,0.00,132.24,1,-87.00,-7.00,16.00,13.00,50.00,3.00,26378755,441
336.06,1547728727,2666.70,51.51167412,7.45916751,156.51,0.00,0.00,132.24,1,-87.00,-6.00,27.00,9.00,50.00,3.00,26378755,441
337.06,1547728728,2666.70,51.51167412,7.45916751,156.56,0.00,0.00,132.24,1,-87.00,-6.00,27.00,9.00,50.00,3.00,26378755,441
338.06,1547728729,2666.70,51.51167412,7.45916751,156.60,0.00,0.00,132.24,1,-87.00,-7.00,28.00,10.00,51.00,3.00,26378755,441
339.06,1547728730,2666.70,51.51167412,7.45916751,156.63,0.00,0.00,132.24,1,-87.00,-7.00,28.00,10.00,51.00,3.00,26378755,441
340.06,1547728731,2666.70,51.51167412,7.45916751,156.67,0.00,0.00,132.24,1,-86.00,-6.00,27.00,9.00,51.00,3.00,26378755,441
341.06,1547728732,2666.70,51.51167412,7.45916751,156.72,0.00,0.00,132.24,1,-86.00,-6.00,27.00,9.00,51.00,3.00,26378755,441
342.06,1547728733,2666.70,51.51167412,7.45916751,156.75,0.00,0.00,132.24,1,-86.00,-6.00,13.00,11.00,51.00,3.00,26378755,441
343.06,1547728734,2666.70,51.51167412,7.45916751,156.78,0.00,0.00,132.24,1,-86.00,-6.00,13.00,11.00,51.00,3.00,26378755,441
344.06,1547728735,2666.70,51.51167412,7.45916751,156.82,0.00,0.00,132.24,1,-87.00,-7.00,14.00,9.00,50.00,3.00,26378755,441
345.06,1547728736,2666.70,51.51167412,7.45916751,156.83,0.00,0.00,132.24,1,-87.00,-7.00,14.00,9.00,50.00,3.00,26378755,441
346.06,1547728737,2666.70,51.51248350,7.45989710,156.83,0.00,0.00,132.24,1,-87.00,-6.00,12.00,10.00,50.00,3.00,26378755,441
347.06,1547728738,2666.70,51.51167412,7.45916751,156.83,0.00,0.00,132.24,1,-87.00,-6.00,12.00,10.00,50.00,3.00,26378755,441
348.06,1547728739,2666.70,51.51167412,7.45916751,156.82,0.00,0.00,132.24,1,-87.00,-6.00,26.00,9.00,50.00,3.00,26378755,441
349.06,1547728740,2666.70,51.51167412,7.45916751,156.81,0.00,0.00,132.24,1,-87.00,-6.00,26.00,9.00,50.00,3.00,26378755,441
350.06,1547728741,2666.70,51.51167412,7.45916751,156.80,0.00,0.00,132.24,1,-87.00,-6.00,24.00,10.00,51.00,3.00,26378755,441
351.06,1547728742,2666.70,51.51167412,7.45916751,156.79,0.00,0.00,132.24,1,-87.00,-6.00,24.00,10.00,51.00,3.00,26378755,441
352.07,1547728743,2666.70,51.51167412,7.45916751,156.78,0.00,0.00,132.24,1,-87.00,-7.00,13.00,10.00,51.00,3.00,26378755,441
353.07,1547728744,2666.70,51.51167412,7.45916751,156.76,0.00,0.00,132.24,1,-87.00,-7.00,13.00,10.00,51.00,3.00,26378755,441
354.06,1547728745,2666.70,51.51167412,7.45916751,156.75,0.00,0.00,132.24,1,-87.00,-7.00,13.00,10.00,51.00,3.00,26378755,441
355.06,1547728746,2666.70,51.51167412,7.45916751,156.74,0.00,0.00,132.24,1,-88.00,-9.00,13.00,14.00,53.00,3.00,26378755,441
356.06,1547728747,2666.70,51.51167412,7.45916751,156.57,0.00,0.00,132.24,1,-88.00,-9.00,13.00,14.00,53.00,3.00,26378755,441
357.06,1547728748,2666.70,51.51167412,7.45916751,156.30,0.00,0.00,102.69,1,-88.00,-7.00,10.00,9.00,51.00,3.00,26378755,441
358.06,1547728749,2666.70,51.51167412,7.45916751,153.28,0.00,0.00,119.02,1,-88.00,-7.00,10.00,9.00,51.00,3.00,26378755,441
359.06,1547728750,2666.70,51.51158737,7.45940685,151.97,3.43,0.00,119.02,1,-88.00,-7.00,29.00,8.00,50.00,3.00,26378755,441
360.07,1547728751,2670.15,51.51150824,7.45952659,150.99,7.94,4.49,124.57,1,-88.00,-7.00,29.00,8.00,50.00,3.00,26378755,441
361.06,1547728752,2678.03,51.51141641,7.45969103,150.64,10.85,2.93,122.87,1,-89.00,-7.00,22.00,9.00,49.00,3.00,26378755,441
362.06,1547728753,2688.87,51.51133967,7.45984590,151.12,12.59,1.74,124.54,1,-89.00,-7.00,22.00,9.00,49.00,3.00,26378755,441
363.06,1547728754,2701.50,51.51125119,7.46000965,152.44,13.94,1.34,127.69,1,-90.00,-10.00,17.00,9.00,51.00,3.00,26378755,441
364.06,1547728755,2715.44,51.51116164,7.46016212,153.70,14.14,0.21,129.71,1,-90.00,-10.00,17.00,9.00,51.00,3.00,26378755,441
365.06,1547728756,2729.58,51.51107200,7.46031879,154.82,14.35,0.20,130.14,1,-91.00,-7.00,23.00,9.00,47.00,3.00,26378755,441
366.06,1547728757,2743.93,51.51145610,7.46046700,155.96,14.30,-0.05,130.97,1,-91.00,-7.00,23.00,9.00,47.00,3.00,26378755,441
367.06,1547728758,2758.21,51.51088708,7.46061747,157.34,14.28,-0.01,130.31,1,-88.00,-7.00,27.00,10.00,51.00,3.00,26378755,441
368.06,1547728759,2772.51,51.51080052,7.46076937,158.47,13.65,-0.63,130.99,1,-88.00,-7.00,27.00,10.00,51.00,3.00,26378755,441
369.06,1547728760,2786.15,51.51071562,7.46092110,159.47,13.70,0.04,132.33,1,-88.00,-7.00,27.00,10.00,51.00,3.00,26378755,441
370.06,1547728761,2799.91,51.51062980,7.46107419,160.85,13.58,-0.11,132.63,1,-88.00,-7.00,27.00,10.00,51.00,3.00,26378755,441
371.06,1547728762,2813.42,51.51054319,7.46122510,161.56,13.42,-0.17,132.25,1,-88.00,-7.00,14.00,12.00,50.00,3.00,26378755,441
372.06,1547728763,2826.82,51.51045990,7.46135892,162.00,12.64,-0.78,132.78,1,-88.00,-7.00,14.00,12.00,50.00,3.00,26378755,441
373.07,1547728764,2839.59,51.51038402,7.46149129,162.36,11.57,-1.05,133.49,1,-86.00,-8.00,12.00,12.00,53.00,3.00,26378755,441
374.06,1547728765,2851.05,51.51032473,7.46159990,162.09,9.18,-2.42,132.77,1,-86.00,-8.00,12.00,12.00,53.00,3.00,26378755,441
375.06,1547728766,2860.26,51.51027393,7.46168910,162.11,7.52,-1.65,131.76,1,-86.00,-8.00,12.00,12.00,53.00,3.00,26378755,441
376.06,1547728767,2867.80,51.51023746,7.46175974,162.09,5.50,-2.03,131.67,1,-87.00,-10.00,9.00,7.00,55.00,3.00,26378755,441
377.06,1547728768,2873.29,51.51021171,7.46182126,162.15,3.66,-1.84,129.92,1,-87.00,-10.00,9.00,7.00,55.00,3.00,26378755,441
378.06,1547728769,2876.94,51.51019908,7.46186257,162.26,2.55,-1.11,130.72,1,-88.00,-9.00,17.00,7.00,53.00,3.00,26378755,441
379.06,1547728770,2879.49,51.51019440,7.46189807,162.27,1.35,-1.20,130.72,1,-88.00,-9.00,17.00,7.00,53.00,3.00,26378755,441
380.07,1547728771,2880.85,51.51019440,7.46189807,162.28,0.00,-1.34,130.72,1,-85.00,-8.00,25.00,12.00,54.00,3.00,26378755,441
381.06,1547728772,2880.85,51.51019440,7.46189807,162.29,0.00,0.00,130.72,1,-85.00,-8.00,25.00,12.00,54.00,3.00,26378755,441
382.06,1547728773,2880.85,51.51019440,7.46189807,162.30,0.00,0.00,130.72,1,-85.00,-8.00,25.00,9.00,55.00,3.00,26378755,441
383.06,1547728774,2880.85,51.51019440,7.46189807,162.32,0.00,0.00,130.72,1,-85.00,-8.00,25.00,9.00,55.00,3.00,26378755,441
384.06,1547728775,2880.85,51.51019440,7.46189807,162.33,0.00,0.00,130.72,1,-85.00,-8.00,24.00,12.00,54.00,3.00,26378755,441
385.06,1547728776,2880.85,51.51019440,7.46189807,162.36,0.00,0.00,130.72,1,-85.00,-8.00,24.00,12.00,54.00,3.00,26378755,441
386.06,1547728777,2880.85,51.51248350,7.45989710,162.40,0.00,0.00,130.72,1,-85.00,-8.00,24.00,11.00,55.00,3.00,26378755,441
387.06,1547728778,2880.85,51.51019440,7.46189807,162.43,0.00,0.00,130.72,1,-85.00,-8.00,24.00,11.00,55.00,3.00,26378755,441
388.06,1547728779,2880.85,51.51019440,7.46189807,162.46,0.00,0.00,130.72,1,-85.00,-7.00,11.00,8.00,54.00,3.00,26378755,441
389.06,1547728780,2880.85,51.51019440,7.46189807,162.48,0.00,0.00,130.72,1,-85.00,-7.00,11.00,8.00,54.00,3.00,26378755,441
390.07,1547728781,2880.85,51.51019440,7.46189807,162.49,0.00,0.00,130.72,1,-85.00,-8.00,25.00,12.00,55.00,3.00,26378755,441
391.06,1547728782,2880.85,51.51019440,7.46189807,162.50,0.00,0.00,130.72,1,-85.00,-8.00,25.00,12.00,55.00,3.00,26378755,441
392.07,1547728783,2880.85,51.51019440,7.46189807,162.50,0.00,0.00,130.72,1,-85.00,-7.00,11.00,12.00,54.00,3.00,26378755,441
393.06,1547728784,2880.85,51.51019440,7.46189807,162.49,0.00,0.00,130.72,1,-85.00,-7.00,11.00,12.00,54.00,3.00,26378755,441
394.07,1547728785,2880.85,51.51019440,7.46189807,162.48,0.00,0.00,130.72,1,-85.00,-8.00,27.00,8.00,55.00,3.00,26378755,441
395.06,1547728786,2880.85,51.51019440,7.46189807,162.46,0.00,0.00,130.72,1,-85.00,-8.00,27.00,8.00,55.00,3.00,26378755,441
396.06,1547728787,2880.85,51.51019440,7.46189807,162.45,0.00,0.00,130.72,1,-85.00,-8.00,27.00,8.00,55.00,3.00,26378755,441
397.06,1547728788,2880.85,51.51019440,7.46189807,162.43,0.00,0.00,130.72,1,-85.00,-8.00,11.00,8.00,54.00,3.00,26378755,441
398.06,1547728789,2880.85,51.51019440,7.46189807,162.42,0.00,0.00,130.72,1,-85.00,-8.00,11.00,8.00,54.00,3.00,26378755,441
399.06,1547728790,2880.85,51.51019440,7.46189807,162.40,0.00,0.00,130.72,1,-85.00,-7.00,26.00,8.00,54.00,3.00,26378755,441
400.07,1547728791,2880.85,51.51019440,7.46189807,162.38,0.00,0.00,130.72,1,-85.00,-7.00,26.00,8.00,54.00,3.00,26378755,441
401.07,1547728792,2880.85,51.51019440,7.46189807,162.37,0.00,0.00,130.72,1,-85.00,-7.00,27.00,8.00,54.00,3.00,26378755,441
402.07,1547728793,2880.85,51.51019440,7.46189807,162.35,0.00,0.00,130.72,1,-85.00,-7.00,27.00,8.00,54.00,3.00,26378755,441
403.06,1547728794,2880.85,51.51019440,7.46189807,162.34,0.00,0.00,130.72,1,-85.00,-8.00,18.00,7.00,55.00,3.00,26378755,441
404.06,1547728795,2880.85,51.51019440,7.46189807,162.33,0.00,0.00,130.72,1,-85.00,-8.00,18.00,7.00,55.00,3.00,26378755,441
405.06,1547728796,2880.85,51.51019440,7.46189807,162.31,0.00,0.00,130.72,1,-85.00,-10.00,11.00,7.00,57.00,3.00,26378755,441
406.06,1547728797,2880.85,51.51248350,7.45989710,162.29,0.00,0.00,130.72,1,-85.00,-10.00,11.00,7.00,57.00,3.00,26378755,441
407.06,1547728798,2880.85,51.51019440,7.46189807,162.28,0.00,0.00,130.72,1,-85.00,-7.00,15.00,7.00,54.00,3.00,26378755,441
408.06,1547728799,2880.85,51.51019440,7.46189807,162.26,0.00,0.00,130.72,1,-85.00,-7.00,15.00,7.00,54.00,3.00,26378755,441
409.06,1547728800,2880.85,51.51019440,7.46189807,162.24,0.00,0.00,130.72,1,-85.00,-7.00,27.00,12.00,54.00,3.00,26378755,441
410.07,1547728801,2880.85,51.51019440,7.46189807,162.22,0.00,0.00,130.72,1,-85.00,-7.00,27.00,12.00,54.00,3.00,26378755,441
411.06,1547728802,2880.85,51.51019440,7.46189807,162.20,0.00,0.00,130.72,1,-84.00,-8.00,21.00,11.00,55.00,3.00,26378755,441
412.06,1547728803,2880.85,51.51019440,7.46189807,162.19,0.00,0.00,130.72,1,-84.00,-8.00,21.00,11.00,55.00,3.00,26378755,441
413.07,1547728804,2880.85,51.51019440,7.46189807,162.19,0.00,0.00,138.12,1,-86.00,-9.00,10.00,7.00,55.00,3.00,26378755,441
414.06,1547728805,2880.85,51.51019440,7.46189807,162.64,0.00,0.00,124.74,1,-86.00,-9.00,10.00,7.00,55.00,3.00,26378755,441
415.07,1547728806,2880.85,51.51008986,7.46210029,163.48,6.97,0.00,123.30,1,-84.00,-8.00,6.00,6.00,56.00,4.00,27299332,326
416.06,1547728807,2887.76,51.51005389,7.46217306,164.53,7.13,0.16,122.16,1,-84.00,-8.00,6.00,6.00,56.00,4.00,27299332,326
417.06,1547728808,2894.88,51.51002265,7.46226724,164.49,7.58,0.45,120.28,1,-84.00,-8.00,6.00,6.00,56.00,4.00,27299332,326
418.06,1547728809,2902.46,51.51000430,7.46234378,163.98,7.58,0.00,121.69,1,-84.00,-7.00,8.00,13.00,53.00,4.00,27299332,326
419.06,1547728810,2910.04,51.50998459,7.46243775,163.65,8.25,0.67,115.42,1,-84.00,-7.00,8.00,13.00,53.00,4.00,27299332,326
420.06,1547728811,2918.32,51.50995047,7.46257319,163.62,9.02,0.76,114.82,1,-84.00,-6.00,10.00,8.00,53.00,4.00,27299332,326
421.06,1547728812,2927.30,51.50991394,7.46270146,163.62,8.83,-0.19,111.55,1,-84.00,-6.00,10.00,8.00,53.00,4.00,27299332,326
422.06,1547728813,2936.12,51.50988901,7.46283560,163.29,8.06,-0.77,107.59,1,-88.00,-7.00,9.00,8.00,51.00,4.00,27299332,326
423.06,1547728814,2944.17,51.50988736,7.46297077,163.56,7.72,-0.33,92.75,1,-88.00,-7.00,9.00,8.00,51.00,4.00,27299332,326
424.06,1547728815,2951.89,51.50988391,7.46310195,163.46,7.25,-0.47,94.49,1,-87.00,-9.00,11.00,7.00,53.00,4.00,27299332,326
425.06,1547728816,2959.17,51.50988422,7.46322343,162.98,7.25,-0.00,94.10,1,-87.00,-9.00,11.00,7.00,53.00,4.00,27299332,326
426.06,1547728817,2966.41,51.51024300,7.46394820,161.66,7.45,0.20,93.34,1,-83.00,-6.00,16.00,15.00,54.00,4.00,27299332,326
427.06,1547728818,2973.86,51.50988952,7.46347469,160.33,7.40,-0.05,92.59,1,-83.00,-6.00,16.00,15.00,54.00,4.00,27299332,326
428.06,1547728819,2981.26,51.50989079,7.46359399,159.30,7.56,0.16,91.46,1,-86.00,-10.00,10.00,12.00,55.00,4.00,27299332,326
429.06,1547728820,2988.81,51.50989082,7.46371857,158.74,7.65,0.10,90.55,1,-86.00,-10.00,10.00,12.00,55.00,4.00,27299332,326
430.06,1547728821,2996.50,51.50989154,7.46383067,158.83,6.67,-0.98,90.09,1,-81.00,-9.00,12.00,11.00,58.00,4.00,27299332,326
431.06,1547728822,3003.13,51.50988808,7.46392214,159.47,5.30,-1.38,90.83,1,-81.00,-9.00,12.00,11.00,58.00,4.00,27299332,326
432.06,1547728823,3008.44,51.50988626,7.46399474,159.31,4.21,-1.09,93.37,1,-84.00,-8.00,18.00,10.00,55.00,4.00,27299332,326
433.06,1547728824,3012.65,51.50988434,7.46406821,159.04,4.48,0.27,94.59,1,-84.00,-8.00,18.00,10.00,55.00,4.00,27299332,326
434.06,1547728825,3017.14,51.50987939,7.46416053,158.76,4.48,0.00,93.02,1,-84.00,-7.00,22.00,15.00,54.00,4.00,27299332,326
435.06,1547728826,3021.61,51.50987414,7.46427707,158.37,6.48,2.01,92.18,1,-84.00,-7.00,22.00,15.00,54.00,4.00,27299332,326
436.06,1547728827,3028.10,51.50986894,7.46437938,157.53,6.80,0.32,91.21,1,-88.00,-11.00,10.00,12.00,52.00,4.00,27299332,326
437.06,1547728828,3034.89,51.50986370,7.46449867,156.83,8.15,1.35,89.68,1,-88.00,-11.00,10.00,12.00,52.00,4.00,27299332,326
438.07,1547728829,3043.12,51.50986671,7.46462174,156.03,9.04,0.88,91.30,1,-91.00,-8.00,9.00,15.00,47.00,4.00,27299332,326
439.06,1547728830,3052.08,51.50987921,7.46473527,155.05,9.04,0.00,90.41,1,-91.00,-8.00,9.00,15.00,47.00,4.00,27299332,326
440.07,1547728831,3061.16,51.50987846,7.46486073,154.24,8.39,-0.64,94.88,1,-91.00,-8.00,9.00,15.00,47.00,4.00,27299332,326
441.06,1547728832,3069.50,51.50988507,7.46502579,153.87,8.39,0.00,92.56,1,-93.00,-9.00,4.00,12.00,46.00,4.00,27299332,326
442.06,1547728833,3077.88,51.50988910,7.46517296,153.47,9.66,1.27,92.97,1,-93.00,-9.00,4.00,12.00,46.00,4.00,27299332,326
443.06,1547728834,3087.54,51.50988890,7.46531684,153.17,9.58,-0.07,93.16,1,-92.00,-10.00,6.00,12.00,47.00,4.00,27299332,326
444.06,1547728835,3097.14,51.50988906,7.46546151,152.77,8.50,-1.08,91.96,1,-92.00,-10.00,6.00,12.00,47.00,4.00,27299332,326
445.06,1547728836,3105.65,51.50988640,7.46561980,153.00,10.06,1.56,92.61,1,-91.00,-9.00,7.00,12.00,47.00,4.00,27299332,326
446.06,1547728837,3115.70,51.51024300,7.46394820,152.83,11.79,1.73,93.33,1,-91.00,-9.00,7.00,12.00,47.00,4.00,27299332,326
447.06,1547728838,3127.49,51.50987026,7.46597154,152.59,12.26,0.47,92.61,1,-91.00,-7.00,-1.00,6.00,46.00,4.00,27299332,326
448.06,1547728839,3139.76,51.50986599,7.46614395,152.35,11.73,-0.54,92.06,1,-91.00,-7.00,-1.00,6.00,46.00,4.00,27299332,326
449.06,1547728840,3151.50,51.50986146,7.46632223,151.99,12.34,0.61,92.47,1,-92.00,-7.00,5.00,15.00,45.00,7.00,26379013,199
450.07,1547728841,3163.89,51.50985748,7.46649943,150.93,12.80,0.46,91.82,1,-92.00,-7.00,5.00,15.00,45.00,7.00,26379013,199
