3.10,1547727947,35.10,51.50986601,7.46892998,153.25,12.54,0.00,67.83,0,-98.00,-15.00,0.00,0.00,48.00,0.00,0,399
3.10,1547727947,35.10,51.50986601,7.46892998,153.25,12.54,0.00,67.83,0,-85.00,-11.00,0.00,0.00,56.00,0.00,0,320
4.10,1547727948,47.64,51.50991975,7.46909547,152.61,12.97,0.00,65.28,0,-98.00,-15.00,0.00,0.00,48.00,0.00,0,399
4.10,1547727948,47.65,51.50991975,7.46909547,152.61,12.97,0.00,65.28,0,-85.00,-11.00,0.00,0.00,56.00,0.00,0,320
7.10,1547727951,87.83,51.51011923,7.46961651,152.06,13.80,0.00,59.90,0,-90.00,-10.00,0.00,0.00,51.00,0.00,0,399
8.10,1547727952,101.55,51.51018860,7.46978633,152.10,13.86,0.00,59.02,0,-90.00,-10.00,0.00,0.00,51.00,0.00,0,399
9.10,1547727953,115.41,51.51026106,7.46995453,152.12,13.93,0.00,58.30,0,-90.00,-10.00,0.00,0.00,51.00,0.00,0,399
10.11,1547727954,129.56,51.51026106,7.46995453,152.12,13.93,0.00,58.30,0,-94.00,-10.00,0.00,0.00,47.00,0.00,0,399
11.09,1547727955,143.26,51.51038465,7.47026425,154.26,11.77,0.00,58.73,0,-94.00,-10.00,0.00,0.00,47.00,0.00,0,399
12.10,1547727956,155.06,51.51044743,7.47040776,155.20,11.64,0.00,56.53,0,-106.00,-17.00,0.00,0.00,44.00,0.00,0,21
13.10,1547727957,166.68,51.51052595,7.47059065,156.96,11.64,0.00,57.45,0,-106.00,-17.00,0.00,0.00,44.00,0.00,0,21
14.10,1547727958,178.33,51.51058957,7.47072115,158.90,10.17,0.00,46.65,0,-105.00,-12.00,0.00,0.00,39.00,0.00,0,21
14.10,1547727958,178.34,51.51058957,7.47072115,158.90,10.17,0.00,46.65,0,-90.00,-15.00,0.00,0.00,54.00,0.00,0,441
14.10,1547727958,178.34,51.51058957,7.47072115,158.90,10.17,0.00,46.65,0,-92.00,-16.00,0.00,0.00,54.00,0.00,0,443
15.10,1547727959,188.50,51.51064183,7.47082395,160.24,8.12,0.00,45.37,0,-105.00,-12.00,0.00,0.00,39.00,0.00,0,21
15.10,1547727959,188.50,51.51064183,7.47082395,160.24,8.12,0.00,45.37,0,-90.00,-15.00,0.00,0.00,54.00,0.00,0,441
15.10,1547727959,188.50,51.51064183,7.47082395,160.24,8.12,0.00,45.37,0,-92.00,-16.00,0.00,0.00,54.00,0.00,0,443
16.10,1547727960,196.64,51.51068664,7.47087768,159.88,6.31,0.00,43.26,0,-110.00,-12.00,0.00,0.00,34.00,0.00,0,21
16.10,1547727960,196.65,51.51068664,7.47087768,159.88,6.31,0.00,43.26,0,-89.00,-15.00,0.00,0.00,55.00,0.00,0,441
16.10,1547727960,196.65,51.51068664,7.47087768,159.88,6.31,0.00,43.26,0,-92.00,-18.00,0.00,0.00,55.00,0.00,0,31
17.10,1547727961,202.93,51.51072120,7.47091476,158.50,5.02,0.00,42.56,0,-110.00,-12.00,0.00,0.00,34.00,0.00,0,21
17.10,1547727961,202.93,51.51072120,7.47091476,158.50,5.02,0.00,42.56,0,-89.00,-15.00,0.00,0.00,55.00,0.00,0,441
17.10,1547727961,202.93,51.51072120,7.47091476,158.50,5.02,0.00,42.56,0,-92.00,-18.00,0.00,0.00,55.00,0.00,0,31
18.10,1547727962,207.96,51.51075469,7.47094787,156.75,4.72,0.00,41.70,0,-104.00,-9.00,0.00,0.00,37.00,0.00,0,21
18.10,1547727962,207.96,51.51075469,7.47094787,156.75,4.72,0.00,41.70,0,-89.00,-12.00,0.00,0.00,52.00,0.00,0,441
18.10,1547727962,207.96,51.51075469,7.47094787,156.75,4.72,0.00,41.70,0,-91.00,-15.00,0.00,0.00,52.00,0.00,0,31
19.10,1547727963,212.67,51.51078187,7.47097091,156.58,3.43,0.00,42.07,0,-104.00,-9.00,0.00,0.00,37.00,0.00,0,21
19.10,1547727963,212.67,51.51078187,7.47097091,156.58,3.43,0.00,42.07,0,-89.00,-12.00,0.00,0.00,52.00,0.00,0,441
19.10,1547727963,212.67,51.51078187,7.47097091,156.58,3.43,0.00,42.07,0,-91.00,-15.00,0.00,0.00,52.00,0.00,0,31
20.10,1547727964,216.10,51.51080869,7.47099680,156.43,3.01,0.00,41.34,0,-105.00,-11.00,0.00,0.00,38.00,0.00,0,21
20.10,1547727964,216.10,51.51080869,7.47099680,156.43,3.01,0.00,41.34,0,-89.00,-12.00,0.00,0.00,51.00,0.00,0,441
20.10,1547727964,216.10,51.51080869,7.47099680,156.43,3.01,0.00,41.34,0,-92.00,-14.00,0.00,0.00,51.00,0.00,0,443
21.10,1547727965,219.10,51.51082716,7.47101587,156.23,2.50,0.00,40.36,0,-105.00,-11.00,0.00,0.00,38.00,0.00,0,21
21.10,1547727965,219.10,51.51082716,7.47101587,156.23,2.50,0.00,40.36,0,-89.00,-12.00,0.00,0.00,51.00,0.00,0,441
21.10,1547727965,219.10,51.51082716,7.47101587,156.23,2.50,0.00,40.36,0,-92.00,-14.00,0.00,0.00,51.00,0.00,0,443
22.10,1547727966,221.61,51.51084084,7.47102971,156.02,1.94,0.00,40.75,0,-105.00,-11.00,0.00,0.00,39.00,0.00,0,21
22.10,1547727966,221.61,51.51084084,7.47102971,156.02,1.94,0.00,40.75,0,-89.00,-14.00,0.00,0.00,54.00,0.00,0,441
23.10,1547727967,223.54,51.51084556,7.47103767,155.85,1.05,0.00,40.17,0,-105.00,-11.00,0.00,0.00,39.00,0.00,0,21
23.10,1547727967,223.54,51.51084556,7.47103767,155.85,1.05,0.00,40.17,0,-89.00,-14.00,0.00,0.00,54.00,0.00,0,441
24.10,1547727968,224.59,51.51084556,7.47103767,155.83,0.00,0.00,40.17,0,-88.00,-13.00,0.00,0.00,54.00,0.00,0,441
24.10,1547727968,224.59,51.51084556,7.47103767,155.83,0.00,0.00,40.17,0,-94.00,-19.00,0.00,0.00,54.00,0.00,0,31
25.10,1547727969,224.59,51.51084556,7.47103767,155.80,0.00,0.00,40.17,0,-88.00,-13.00,0.00,0.00,54.00,0.00,0,441
25.10,1547727969,224.59,51.51084556,7.47103767,155.80,0.00,0.00,40.17,0,-94.00,-19.00,0.00,0.00,54.00,0.00,0,31
26.10,1547727970,224.59,51.51084556,7.47103767,155.76,0.00,0.00,40.17,0,-110.00,-13.00,0.00,0.00,35.00,0.00,0,21
26.10,1547727970,224.59,51.51084556,7.47103767,155.76,0.00,0.00,40.17,0,-90.00,-11.00,0.00,0.00,50.00,0.00,0,441
26.10,1547727970,224.59,51.51084556,7.47103767,155.76,0.00,0.00,40.17,0,-95.00,-16.00,0.00,0.00,50.00,0.00,0,31
27.10,1547727971,224.59,51.51084556,7.47103767,155.71,0.00,0.00,40.17,0,-110.00,-13.00,0.00,0.00,35.00,0.00,0,21
27.10,1547727971,224.59,51.51084556,7.47103767,155.71,0.00,0.00,40.17,0,-90.00,-11.00,0.00,0.00,50.00,0.00,0,441
27.10,1547727971,224.59,51.51084556,7.47103767,155.71,0.00,0.00,40.17,0,-95.00,-16.00,0.00,0.00,50.00,0.00,0,31
28.10,1547727972,224.59,51.51084556,7.47103767,155.66,0.00,0.00,40.17,0,-108.00,-13.00,0.00,0.00,37.00,0.00,0,21
28.10,1547727972,224.59,51.51084556,7.47103767,155.66,0.00,0.00,40.17,0,-89.00,-13.00,0.00,0.00,52.00,0.00,0,441
29.10,1547727973,224.59,51.51084556,7.47103767,155.61,0.00,0.00,40.17,0,-108.00,-13.00,0.00,0.00,37.00,0.00,0,21
29.10,1547727973,224.59,51.51084556,7.47103767,155.61,0.00,0.00,40.17,0,-89.00,-13.00,0.00,0.00,52.00,0.00,0,441
30.10,1547727974,224.59,51.51084556,7.47103767,155.56,0.00,0.00,40.17,0,-108.00,-13.00,0.00,0.00,37.00,0.00,0,21
30.10,1547727974,224.59,51.51084556,7.47103767,155.56,0.00,0.00,40.17,0,-89.00,-13.00,0.00,0.00,52.00,0.00,0,441
31.10,1547727975,224.59,51.51084556,7.47103767,155.52,0.00,0.00,40.17,0,-109.00,-12.00,0.00,0.00,35.00,0.00,0,21
31.10,1547727975,224.59,51.51084556,7.47103767,155.52,0.00,0.00,40.17,0,-88.00,-10.00,0.00,0.00,51.00,0.00,0,441
32.10,1547727976,224.59,51.51084556,7.47103767,155.11,0.00,0.00,40.17,0,-109.00,-12.00,0.00,0.00,35.00,0.00,0,21
32.10,1547727976,224.59,51.51084556,7.47103767,155.11,0.00,0.00,40.17,0,-88.00,-10.00,0.00,0.00,51.00,0.00,0,441
33.10,1547727977,224.59,51.51084556,7.47103767,154.71,0.00,0.00,42.56,0,-87.00,-13.00,0.00,0.00,55.00,0.00,0,441
33.10,1547727977,224.59,51.51084556,7.47103767,154.71,0.00,0.00,42.56,0,-94.00,-20.00,0.00,0.00,55.00,0.00,0,31
34.10,1547727978,224.59,51.51084556,7.47103767,154.37,0.00,0.00,42.56,0,-87.00,-13.00,0.00,0.00,55.00,0.00,0,441
34.10,1547727978,224.59,51.51084556,7.47103767,154.37,0.00,0.00,42.56,0,-94.00,-20.00,0.00,0.00,55.00,0.00,0,31
35.10,1547727979,224.59,51.51098534,7.47114680,150.71,6.39,0.00,39.52,0,-89.00,-11.00,0.00,0.00,51.00,0.00,0,441
35.10,1547727979,224.59,51.51098534,7.47114680,150.71,6.39,0.00,39.52,0,-94.00,-16.00,0.00,0.00,51.00,0.00,0,31
36.10,1547727980,230.99,51.51103376,7.47120344,147.68,7.17,0.00,40.11,0,-89.00,-11.00,0.00,0.00,51.00,0.00,0,441
36.10,1547727980,230.99,51.51103376,7.47120344,147.68,7.17,0.00,40.11,0,-94.00,-16.00,0.00,0.00,51.00,0.00,0,31
37.10,1547727981,238.15,51.51108854,7.47126975,145.03,8.49,0.00,39.44,0,-88.00,-12.00,0.00,0.00,53.00,0.00,0,441
38.10,1547727982,246.65,51.51115535,7.47135734,142.70,10.56,0.00,38.99,0,-88.00,-12.00,0.00,0.00,53.00,0.00,0,441
39.10,1547727983,257.20,51.51123537,7.47145963,140.97,12.28,0.00,38.74,0,-86.00,-10.00,0.00,0.00,52.00,0.00,0,441
40.10,1547727984,269.52,51.51132543,7.47157502,139.49,13.35,0.00,38.89,0,-86.00,-10.00,0.00,0.00,52.00,0.00,0,441
41.10,1547727985,282.84,51.51141502,7.47168914,138.13,13.15,0.00,38.75,0,-84.00,-9.00,0.00,0.00,53.00,0.00,0,441
42.10,1547727986,295.99,51.51150174,7.47180251,137.20,12.65,0.00,38.18,0,-84.00,-9.00,0.00,0.00,53.00,0.00,0,441
43.10,1547727987,308.64,51.51158621,7.47191818,136.29,12.58,0.00,38.62,0,-83.00,-9.00,0.00,0.00,55.00,0.00,0,441
44.10,1547727988,321.22,51.51167399,7.47203506,135.58,12.52,0.00,39.54,0,-83.00,-9.00,0.00,0.00,55.00,0.00,0,441
45.10,1547727989,333.74,51.51176261,7.47215765,134.55,12.85,0.00,39.00,0,-87.00,-14.00,0.00,0.00,56.00,0.00,0,441
46.10,1547727990,346.59,51.51184778,7.47227457,134.12,12.72,0.00,38.84,0,-87.00,-14.00,0.00,0.00,56.00,0.00,0,441
47.10,1547727991,359.35,51.51193044,7.47238161,134.15,12.04,0.00,38.20,0,-83.00,-14.00,0.00,0.00,60.00,0.00,0,441
48.10,1547727992,371.35,51.51201471,7.47247814,134.43,11.31,0.00,36.52,0,-83.00,-14.00,0.00,0.00,60.00,0.00,0,441
49.10,1547727993,382.77,51.51210031,7.47256746,134.66,10.98,0.00,33.28,0,-83.00,-15.00,0.00,0.00,61.00,0.00,0,441
50.10,1547727994,393.64,51.51218127,7.47263414,135.45,9.35,0.00,30.05,0,-83.00,-15.00,0.00,0.00,61.00,0.00,0,441
51.10,1547727995,403.04,51.51224528,7.47268386,136.26,6.75,0.00,26.00,0,-83.00,-15.00,0.00,0.00,61.00,0.00,0,441
52.10,1547727996,409.77,51.51229369,7.47269679,137.32,4.67,0.00,11.73,0,-79.00,-14.00,0.00,0.00,63.00,0.00,0,441
53.10,1547727997,414.43,51.51233958,7.47270857,138.43,4.41,0.00,11.14,0,-79.00,-14.00,0.00,0.00,63.00,0.00,0,441
54.10,1547727998,418.84,51.51236749,7.47271494,138.56,2.20,0.00,10.06,0,-78.00,-15.00,0.00,0.00,63.00,0.00,0,441
55.10,1547727999,421.04,51.51236756,7.47271499,138.72,0.45,0.00,10.06,0,-78.00,-15.00,0.00,0.00,63.00,0.00,0,441
56.10,1547728000,421.49,51.51236757,7.47271499,138.88,0.28,0.00,10.06,0,-81.00,-14.00,0.00,0.00,62.00,0.00,0,441
57.09,1547728001,421.77,51.51236757,7.47271499,138.89,0.00,0.00,10.06,0,-81.00,-14.00,0.00,0.00,62.00,0.00,0,441
58.10,1547728002,421.77,51.51236757,7.47271499,138.91,0.00,0.00,10.06,0,-77.00,-14.00,0.00,0.00,63.00,0.00,0,441
59.10,1547728003,421.77,51.51236757,7.47271499,138.93,0.00,0.00,10.06,0,-77.00,-14.00,0.00,0.00,63.00,0.00,0,441
60.10,1547728004,421.77,51.51236757,7.47271499,138.95,0.00,0.00,10.06,0,-78.00,-13.00,0.00,0.00,63.00,0.00,0,441
61.10,1547728005,421.77,51.51236757,7.47271499,138.97,0.00,0.00,10.06,0,-78.00,-13.00,0.00,0.00,63.00,0.00,0,441
62.10,1547728006,421.77,51.51236757,7.47271499,138.98,0.00,0.00,10.06,0,-78.00,-12.00,0.00,0.00,63.00,0.00,0,441
63.10,1547728007,421.77,51.51236757,7.47271499,139.00,0.00,0.00,10.06,0,-78.00,-12.00,0.00,0.00,63.00,0.00,0,441
64.10,1547728008,421.77,51.51236757,7.47271499,139.02,0.00,0.00,10.06,0,-79.00,-12.00,0.00,0.00,63.00,0.00,0,441
65.10,1547728009,421.77,51.51236757,7.47271499,139.04,0.00,0.00,10.06,0,-79.00,-12.00,0.00,0.00,63.00,0.00,0,441
66.10,1547728010,421.77,51.51236757,7.47271499,139.06,0.00,0.00,10.06,0,-78.00,-11.00,0.00,0.00,62.00,0.00,0,441
67.10,1547728011,421.77,51.51236757,7.47271499,139.08,0.00,0.00,10.06,0,-78.00,-11.00,0.00,0.00,62.00,0.00,0,441
68.10,1547728012,421.77,51.51236757,7.47271499,139.10,0.00,0.00,10.06,0,-78.00,-10.00,0.00,0.00,61.00,0.00,0,441
69.10,1547728013,421.77,51.51236757,7.47271499,139.12,0.00,0.00,10.06,0,-78.00,-10.00,0.00,0.00,61.00,0.00,0,441
70.10,1547728014,421.77,51.51236757,7.47271499,139.14,0.00,0.00,10.06,0,-78.00,-9.00,0.00,0.00,59.00,0.00,0,441
71.10,1547728015,421.77,51.51236757,7.47271499,139.17,0.00,0.00,10.06,0,-78.00,-9.00,0.00,0.00,59.00,0.00,0,441
72.10,1547728016,421.77,51.51236757,7.47271499,139.20,0.00,0.00,10.06,0,-78.00,-9.00,0.00,0.00,59.00,0.00,0,441
73.10,1547728017,421.77,51.51236757,7.47271499,139.22,0.00,0.00,10.06,0,-78.00,-11.00,0.00,0.00,62.00,0.00,0,441
74.10,1547728018,421.77,51.51236757,7.47271499,139.25,0.00,0.00,10.06,0,-78.00,-11.00,0.00,0.00,62.00,0.00,0,441
75.10,1547728019,421.77,51.51236757,7.47271499,139.29,0.00,0.00,10.06,0,-78.00,-11.00,0.00,0.00,61.00,0.00,0,441
76.10,1547728020,421.77,51.51236757,7.47271499,139.33,0.00,0.00,10.06,0,-78.00,-11.00,0.00,0.00,61.00,0.00,0,441
77.10,1547728021,421.77,51.51236757,7.47271499,139.37,0.00,0.00,10.06,0,-78.00,-12.00,0.00,0.00,63.00,0.00,0,441
78.10,1547728022,421.77,51.51236757,7.47271499,139.40,0.00,0.00,10.06,0,-78.00,-12.00,0.00,0.00,63.00,0.00,0,441
79.10,1547728023,421.77,51.51236757,7.47271499,139.44,0.00,0.00,10.06,0,-79.00,-9.00,0.00,0.00,58.00,0.00,0,441
80.10,1547728024,421.77,51.51236757,7.47271499,139.47,0.00,0.00,10.06,0,-79.00,-9.00,0.00,0.00,58.00,0.00,0,441
81.10,1547728025,421.77,51.51236757,7.47271499,139.51,0.00,0.00,10.06,0,-78.00,-10.00,0.00,0.00,61.00,0.00,0,441
82.10,1547728026,421.77,51.51236757,7.47271499,139.54,0.00,0.00,10.06,0,-78.00,-10.00,0.00,0.00,61.00,0.00,0,441
83.10,1547728027,421.77,51.51236757,7.47271499,139.57,0.00,0.00,10.06,0,-78.00,-15.00,0.00,0.00,63.00,0.00,0,441
84.10,1547728028,421.77,51.51236757,7.47271499,139.89,0.00,0.00,10.06,0,-78.00,-15.00,0.00,0.00,63.00,0.00,0,441
85.10,1547728029,421.77,51.51236757,7.47271499,140.19,0.00,0.00,10.06,0,-81.00,-17.00,0.00,0.00,63.00,0.00,0,441
86.10,1547728030,421.77,51.51252527,7.47269640,143.08,0.00,0.00,354.73,0,-81.00,-17.00,0.00,0.00,63.00,0.00,0,441
96.10,1547728040,503.83,51.51340546,7.47283191,151.29,9.06,0.00,3.69,0,-105.00,-14.00,0.00,0.00,41.00,0.00,0,400
96.10,1547728040,503.84,51.51340546,7.47283191,151.29,9.06,0.00,3.69,0,-94.00,-17.00,0.00,0.00,52.00,0.00,0,318
96.10,1547728040,503.84,51.51340546,7.47283191,151.29,9.06,0.00,3.69,0,-94.00,-18.00,0.00,0.00,52.00,0.00,0,301
97.10,1547728041,512.89,51.51348622,7.47285122,151.20,8.59,0.00,3.55,0,-105.00,-14.00,0.00,0.00,41.00,0.00,0,400
97.10,1547728041,512.89,51.51348622,7.47285122,151.20,8.59,0.00,3.55,0,-94.00,-17.00,0.00,0.00,52.00,0.00,0,318
97.10,1547728041,512.89,51.51348622,7.47285122,151.20,8.59,0.00,3.55,0,-94.00,-18.00,0.00,0.00,52.00,0.00,0,301
98.10,1547728042,521.48,51.51356181,7.47287816,152.59,8.41,0.00,3.42,0,-103.00,-13.00,0.00,0.00,41.00,0.00,0,400
98.10,1547728042,521.49,51.51356181,7.47287816,152.59,8.41,0.00,3.42,0,-92.00,-16.00,0.00,0.00,52.00,0.00,0,318
98.10,1547728042,521.49,51.51356181,7.47287816,152.59,8.41,0.00,3.42,0,-93.00,-17.00,0.00,0.00,52.00,0.00,0,301
99.10,1547728043,529.89,51.51363043,7.47289951,153.14,7.57,0.00,3.56,0,-103.00,-13.00,0.00,0.00,41.00,0.00,0,400
99.10,1547728043,529.90,51.51363043,7.47289951,153.14,7.57,0.00,3.56,0,-92.00,-16.00,0.00,0.00,52.00,0.00,0,318
99.10,1547728043,529.90,51.51363043,7.47289951,153.14,7.57,0.00,3.56,0,-93.00,-17.00,0.00,0.00,52.00,0.00,0,301
100.10,1547728044,537.45,51.51370185,7.47291636,154.14,7.96,0.00,3.99,0,-100.00,-12.00,0.00,0.00,44.00,0.00,0,400
100.10,1547728044,537.45,51.51370185,7.47291636,154.14,7.96,0.00,3.99,0,-89.00,-14.00,0.00,0.00,54.00,0.00,0,301
100.10,1547728044,537.45,51.51370185,7.47291636,154.14,7.96,0.00,3.99,0,-90.00,-15.00,0.00,0.00,54.00,0.00,0,318
101.10,1547728045,545.42,51.51376089,7.47293250,155.25,7.04,0.00,3.17,0,-100.00,-12.00,0.00,0.00,44.00,0.00,0,400
101.10,1547728045,545.42,51.51376089,7.47293250,155.25,7.04,0.00,3.17,0,-89.00,-14.00,0.00,0.00,54.00,0.00,0,301
101.10,1547728045,545.43,51.51376089,7.47293250,155.25,7.04,0.00,3.17,0,-90.00,-15.00,0.00,0.00,54.00,0.00,0,318
102.10,1547728046,552.45,51.51380861,7.47294043,156.41,5.87,0.00,3.49,0,-87.00,-14.00,0.00,0.00,57.00,0.00,0,301
103.10,1547728047,558.33,51.51385317,7.47294154,156.77,5.19,0.00,2.82,0,-87.00,-14.00,0.00,0.00,57.00,0.00,0,301
104.10,1547728048,563.51,51.51389074,7.47294281,156.78,4.14,0.00,2.42,0,-105.00,-17.00,0.00,0.00,45.00,0.00,0,399
104.10,1547728048,563.51,51.51389074,7.47294281,156.78,4.14,0.00,2.42,0,-83.00,-12.00,0.00,0.00,58.00,0.00,0,301
105.10,1547728049,567.65,51.51390738,7.47293939,156.81,1.56,0.00,3.08,0,-105.00,-17.00,0.00,0.00,45.00,0.00,0,399
105.10,1547728049,567.65,51.51390738,7.47293939,156.81,1.56,0.00,3.08,0,-83.00,-12.00,0.00,0.00,58.00,0.00,0,301
106.10,1547728050,569.21,51.51390738,7.47293939,156.80,0.00,0.00,3.08,0,-106.00,-17.00,0.00,0.00,43.00,0.00,0,399
106.10,1547728050,569.21,51.51390738,7.47293939,156.80,0.00,0.00,3.08,0,-90.00,-15.00,0.00,0.00,54.00,0.00,0,301
106.10,1547728050,569.21,51.51390738,7.47293939,156.80,0.00,0.00,3.08,0,-93.00,-18.00,0.00,0.00,54.00,0.00,0,127
107.10,1547728051,569.21,51.51390738,7.47293939,156.79,0.00,0.00,3.08,0,-106.00,-17.00,0.00,0.00,43.00,0.00,0,399
107.10,1547728051,569.21,51.51390738,7.47293939,156.79,0.00,0.00,3.08,0,-90.00,-15.00,0.00,0.00,54.00,0.00,0,301
107.10,1547728051,569.21,51.51390738,7.47293939,156.79,0.00,0.00,3.08,0,-93.00,-18.00,0.00,0.00,54.00,0.00,0,127
108.10,1547728052,569.21,51.51390738,7.47293939,156.78,0.00,0.00,3.08,0,-106.00,-18.00,0.00,0.00,44.00,0.00,0,399
108.10,1547728052,569.21,51.51390738,7.47293939,156.78,0.00,0.00,3.08,0,-90.00,-17.00,0.00,0.00,55.00,0.00,0,301
108.10,1547728052,569.21,51.51390738,7.47293939,156.78,0.00,0.00,3.08,0,-91.00,-16.00,0.00,0.00,54.00,0.00,0,127
109.10,1547728053,569.21,51.51390738,7.47293939,156.79,0.00,0.00,3.08,0,-106.00,-18.00,0.00,0.00,44.00,0.00,0,399
109.10,1547728053,569.21,51.51390738,7.47293939,156.79,0.00,0.00,3.08,0,-90.00,-17.00,0.00,0.00,55.00,0.00,0,301
109.10,1547728053,569.21,51.51390738,7.47293939,156.79,0.00,0.00,3.08,0,-91.00,-16.00,0.00,0.00,54.00,0.00,0,127
110.10,1547728054,569.21,51.51390738,7.47293939,156.80,0.00,0.00,3.08,0,-106.00,-18.00,0.00,0.00,45.00,0.00,0,399
110.10,1547728054,569.21,51.51390738,7.47293939,156.80,0.00,0.00,3.08,0,-90.00,-15.00,0.00,0.00,54.00,0.00,0,301
110.10,1547728054,569.21,51.51390738,7.47293939,156.80,0.00,0.00,3.08,0,-91.00,-16.00,0.00,0.00,54.00,0.00,0,127
111.10,1547728055,569.21,51.51390738,7.47293939,156.82,0.00,0.00,3.08,0,-106.00,-18.00,0.00,0.00,45.00,0.00,0,399
111.10,1547728055,569.21,51.51390738,7.47293939,156.82,0.00,0.00,3.08,0,-90.00,-15.00,0.00,0.00,54.00,0.00,0,301
111.10,1547728055,569.21,51.51390738,7.47293939,156.82,0.00,0.00,3.08,0,-91.00,-16.00,0.00,0.00,54.00,0.00,0,127
112.10,1547728056,569.21,51.51390738,7.47293939,156.99,0.00,0.00,3.08,0,-106.00,-16.00,0.00,0.00,44.00,0.00,0,399
112.10,1547728056,569.21,51.51390738,7.47293939,156.99,0.00,0.00,3.08,0,-90.00,-15.00,0.00,0.00,54.00,0.00,0,127
112.10,1547728056,569.21,51.51390738,7.47293939,156.99,0.00,0.00,3.08,0,-92.00,-18.00,0.00,0.00,54.00,0.00,0,301
113.10,1547728057,569.21,51.51390738,7.47293939,157.09,0.00,0.00,3.08,0,-106.00,-16.00,0.00,0.00,44.00,0.00,0,399
113.10,1547728057,569.21,51.51390738,7.47293939,157.09,0.00,0.00,3.08,0,-90.00,-15.00,0.00,0.00,54.00,0.00,0,127
113.10,1547728057,569.21,51.51390738,7.47293939,157.09,0.00,0.00,3.08,0,-92.00,-18.00,0.00,0.00,54.00,0.00,0,301
114.10,1547728058,569.21,51.51390738,7.47293939,157.15,0.00,0.00,3.08,0,-107.00,-15.00,0.00,0.00,41.00,0.00,0,399
114.10,1547728058,569.21,51.51390738,7.47293939,157.15,0.00,0.00,3.08,0,-91.00,-15.00,0.00,0.00,53.00,0.00,0,127
114.10,1547728058,569.21,51.51390738,7.47293939,157.15,0.00,0.00,3.08,0,-94.00,-18.00,0.00,0.00,54.00,0.00,0,301
115.10,1547728059,569.21,51.51403880,7.47297621,156.56,0.00,0.00,1.10,0,-107.00,-15.00,0.00,0.00,41.00,0.00,0,399
115.10,1547728059,569.21,51.51403880,7.47297621,156.56,0.00,0.00,1.10,0,-91.00,-15.00,0.00,0.00,53.00,0.00,0,127
115.10,1547728059,569.21,51.51403880,7.47297621,156.56,0.00,0.00,1.10,0,-94.00,-18.00,0.00,0.00,54.00,0.00,0,301
116.10,1547728060,569.21,51.51403880,7.47297621,154.80,0.00,0.00,1.46,0,-107.00,-15.00,0.00,0.00,41.00,0.00,0,399
116.10,1547728060,569.21,51.51403880,7.47297621,154.80,0.00,0.00,1.46,0,-91.00,-15.00,0.00,0.00,53.00,0.00,0,127
116.10,1547728060,569.21,51.51403880,7.47297621,154.80,0.00,0.00,1.46,0,-94.00,-18.00,0.00,0.00,54.00,0.00,0,301
117.10,1547728061,569.21,51.51420264,7.47297469,152.54,8.96,0.00,2.00,0,-89.00,-15.00,0.00,0.00,54.00,0.00,0,127
117.10,1547728061,569.22,51.51420264,7.47297469,152.54,8.96,0.00,2.00,0,-93.00,-19.00,0.00,0.00,55.00,0.00,0,320
118.10,1547728062,578.17,51.51429338,7.47297261,150.32,8.69,0.00,2.38,0,-89.00,-15.00,0.00,0.00,54.00,0.00,0,127
118.10,1547728062,578.18,51.51429338,7.47297261,150.32,8.69,0.00,2.38,0,-93.00,-19.00,0.00,0.00,55.00,0.00,0,320
119.10,1547728063,586.87,51.51437571,7.47296664,148.85,8.18,0.00,2.94,0,-91.00,-15.00,0.00,0.00,53.00,0.00,0,127
120.10,1547728064,595.04,51.51444982,7.47296232,147.89,7.61,0.00,3.29,0,-91.00,-15.00,0.00,0.00,53.00,0.00,0,127
121.10,1547728065,602.65,51.51451729,7.47296568,147.04,6.71,0.00,4.16,0,-90.00,-15.00,0.00,0.00,54.00,0.00,0,127
122.10,1547728066,609.36,51.51458096,7.47296923,146.76,6.78,0.00,4.53,0,-90.00,-15.00,0.00,0.00,54.00,0.00,0,127
123.10,1547728067,616.13,51.51464859,7.47297350,146.37,7.08,0.00,4.89,0,-92.00,-17.00,0.00,0.00,54.00,0.00,0,127
124.10,1547728068,623.23,51.51473069,7.47297988,146.37,9.40,0.00,4.22,0,-92.00,-17.00,0.00,0.00,54.00,0.00,0,127
125.10,1547728069,632.61,51.51482630,7.47299384,145.90,10.69,0.00,4.16,0,-91.00,-18.00,0.00,0.00,56.00,0.00,0,127
126.10,1547728070,643.30,51.51493135,7.47300518,145.18,11.72,0.00,3.71,0,-91.00,-18.00,0.00,0.00,56.00,0.00,0,127
127.10,1547728071,655.07,51.51504288,7.47300773,144.52,12.62,0.00,2.71,0,-104.00,-11.00,0.00,0.00,39.00,0.00,0,20
127.10,1547728071,655.07,51.51504288,7.47300773,144.52,12.62,0.00,2.71,0,-90.00,-13.00,0.00,0.00,52.00,0.00,0,44
128.10,1547728072,667.64,51.51515461,7.47300855,143.65,12.84,0.00,1.03,0,-104.00,-11.00,0.00,0.00,39.00,0.00,0,20
128.10,1547728072,667.65,51.51515461,7.47300855,143.65,12.84,0.00,1.03,0,-90.00,-13.00,0.00,0.00,52.00,0.00,0,44
129.10,1547728073,680.50,51.51526162,7.47300397,142.72,12.72,0.00,358.94,0,-91.00,-17.00,0.00,0.00,53.00,0.00,0,44
129.10,1547728073,680.50,51.51526162,7.47300397,142.72,12.72,0.00,358.94,0,-93.00,-18.00,0.00,0.00,54.00,0.00,0,127
130.10,1547728074,693.21,51.51536926,7.47299096,141.35,12.94,0.00,356.21,0,-91.00,-17.00,0.00,0.00,53.00,0.00,0,44
130.10,1547728074,693.21,51.51536926,7.47299096,141.35,12.94,0.00,356.21,0,-93.00,-18.00,0.00,0.00,54.00,0.00,0,127
131.10,1547728075,706.14,51.51547949,7.47296462,139.93,12.98,0.00,352.72,0,-92.00,-16.00,0.00,0.00,53.00,0.00,0,127
132.10,1547728076,719.13,51.51558956,7.47290678,139.16,12.98,0.00,352.72,0,-92.00,-16.00,0.00,0.00,53.00,0.00,0,127
133.10,1547728077,732.12,51.51568604,7.47282097,138.98,13.12,0.00,348.66,0,-92.00,-17.00,0.00,0.00,54.00,0.00,0,127
134.10,1547728078,745.23,51.51579540,7.47270602,139.60,14.09,0.00,332.85,0,-92.00,-17.00,0.00,0.00,54.00,0.00,0,127
135.10,1547728079,759.40,51.51590782,7.47262232,139.73,13.70,0.00,331.79,0,-90.00,-15.00,0.00,0.00,54.00,0.00,0,127
136.10,1547728080,773.04,51.51600868,7.47251855,138.93,13.24,0.00,329.91,0,-90.00,-15.00,0.00,0.00,54.00,0.00,0,127
137.10,1547728081,786.27,51.51611243,7.47240065,137.66,13.52,0.00,327.31,0,-90.00,-15.00,0.00,0.00,54.00,0.00,0,127
138.10,1547728082,799.83,51.51620847,7.47227846,136.06,13.78,0.00,325.13,0,-93.00,-17.00,0.00,0.00,53.00,0.00,0,127
139.10,1547728083,813.58,51.51629598,7.47215028,134.93,13.42,0.00,321.23,0,-93.00,-17.00,0.00,0.00,53.00,0.00,0,127
140.10,1547728084,827.01,51.51635832,7.47197233,134.30,13.48,0.00,302.59,0,-88.00,-16.00,0.00,0.00,56.00,0.00,0,127
140.10,1547728084,827.03,51.51635832,7.47197233,134.30,13.48,0.00,302.59,0,-91.00,-18.00,0.00,0.00,56.00,0.00,0,302
141.10,1547728085,840.51,51.51642058,7.47178949,134.02,13.96,0.00,301.35,0,-88.00,-16.00,0.00,0.00,56.00,0.00,0,127
141.10,1547728085,840.51,51.51642058,7.47178949,134.02,13.96,0.00,301.35,0,-91.00,-18.00,0.00,0.00,56.00,0.00,0,302
142.10,1547728086,854.44,51.51648235,7.47160302,133.77,14.37,0.00,299.15,0,-87.00,-14.00,0.00,0.00,55.00,0.00,0,127
143.10,1547728087,868.82,51.51654099,7.47141353,132.89,14.64,0.00,297.48,0,-87.00,-14.00,0.00,0.00,55.00,0.00,0,127
144.10,1547728088,883.46,51.51659854,7.47122114,131.54,14.78,0.00,296.91,0,-81.00,-13.00,0.00,0.00,61.00,0.00,0,127
145.10,1547728089,898.24,51.51665262,7.47103125,130.67,14.47,0.00,295.88,0,-81.00,-13.00,0.00,0.00,61.00,0.00,0,127
146.10,1547728090,912.71,51.51670265,7.47084600,130.02,13.91,0.00,295.93,0,-74.00,-12.00,0.00,0.00,63.00,0.00,0,127
147.10,1547728091,926.63,51.51675400,7.47065575,129.22,13.99,0.00,295.82,0,-74.00,-12.00,0.00,0.00,63.00,0.00,0,127
148.10,1547728092,940.61,51.51680541,7.47047128,128.89,13.80,0.00,295.49,0,-80.00,-13.00,0.00,0.00,61.00,0.00,0,127
149.10,1547728093,954.41,51.51685215,7.47028949,129.00,13.38,0.00,294.56,0,-80.00,-13.00,0.00,0.00,61.00,0.00,0,127
150.10,1547728094,967.80,51.51689514,7.47010279,129.08,13.53,0.00,293.09,0,-113.00,-17.00,0.00,0.00,35.00,0.00,0,15
150.10,1547728094,967.80,51.51689514,7.47010279,129.08,13.53,0.00,293.09,0,-80.00,-13.00,0.00,0.00,60.00,0.00,0,127
150.10,1547728094,967.80,51.51689514,7.47010279,129.08,13.53,0.00,293.09,0,-87.00,-19.00,0.00,0.00,60.00,0.00,0,128
151.10,1547728095,981.33,51.51694217,7.46992027,129.08,13.17,0.00,292.63,0,-113.00,-17.00,0.00,0.00,35.00,0.00,0,15
151.10,1547728095,981.35,51.51694217,7.46992027,129.08,13.17,0.00,292.63,0,-80.00,-13.00,0.00,0.00,60.00,0.00,0,127
151.10,1547728095,981.35,51.51694217,7.46992027,129.08,13.17,0.00,292.63,0,-87.00,-19.00,0.00,0.00,60.00,0.00,0,128
152.10,1547728096,994.50,51.51698496,7.46972940,128.67,13.47,0.00,290.48,0,-82.00,-14.00,0.00,0.00,60.00,0.00,0,127
152.10,1547728096,994.50,51.51698496,7.46972940,128.67,13.47,0.00,290.48,0,-85.00,-17.00,0.00,0.00,60.00,0.00,0,128
153.10,1547728097,1007.97,51.51702716,7.46954374,128.84,12.94,0.00,289.76,0,-82.00,-14.00,0.00,0.00,60.00,0.00,0,127
153.10,1547728097,1007.97,51.51702716,7.46954374,128.84,12.94,0.00,289.76,0,-85.00,-17.00,0.00,0.00,60.00,0.00,0,128
156.10,1547728100,1046.64,51.51713459,7.46900890,130.74,12.23,0.00,289.67,0,-80.00,-14.00,0.00,0.00,59.00,0.00,0,127
156.10,1547728100,1046.64,51.51713459,7.46900890,130.74,12.23,0.00,289.67,0,-83.00,-15.00,0.00,0.00,60.00,0.00,0,128
157.10,1547728101,1058.80,51.51716749,7.46884631,131.00,11.95,0.00,289.48,0,-80.00,-14.00,0.00,0.00,59.00,0.00,0,127
157.10,1547728101,1058.81,51.51716749,7.46884631,131.00,11.95,0.00,289.48,0,-83.00,-15.00,0.00,0.00,60.00,0.00,0,128
158.10,1547728102,1070.73,51.51720231,7.46867995,130.80,12.15,0.00,289.32,0,-80.00,-14.00,0.00,0.00,59.00,0.00,0,127
158.10,1547728102,1070.75,51.51720231,7.46867995,130.80,12.15,0.00,289.32,0,-83.00,-15.00,0.00,0.00,60.00,0.00,0,128
159.10,1547728103,1082.94,51.51723951,7.46850660,130.84,13.00,0.00,288.48,0,-98.00,-19.00,0.00,0.00,45.00,0.00,0,176
159.10,1547728103,1082.95,51.51723951,7.46850660,130.84,13.00,0.00,288.48,0,-99.00,-19.00,0.00,0.00,46.00,0.00,0,461
159.10,1547728103,1082.95,51.51723951,7.46850660,130.84,13.00,0.00,288.48,0,-99.00,-20.00,0.00,0.00,46.00,0.00,0,440
160.10,1547728104,1095.93,51.51727638,7.46831667,130.82,13.86,0.00,288.84,0,-98.00,-19.00,0.00,0.00,45.00,0.00,0,176
160.10,1547728104,1095.94,51.51727638,7.46831667,130.82,13.86,0.00,288.84,0,-99.00,-19.00,0.00,0.00,46.00,0.00,0,461
160.10,1547728104,1095.94,51.51727638,7.46831667,130.82,13.86,0.00,288.84,0,-99.00,-20.00,0.00,0.00,46.00,0.00,0,440
161.10,1547728105,1109.76,51.51731724,7.46813824,130.93,13.40,0.00,290.62,0,-95.00,-16.00,0.00,0.00,47.00,0.00,0,18
161.10,1547728105,1109.77,51.51731724,7.46813824,130.93,13.40,0.00,290.62,0,-96.00,-18.00,0.00,0.00,47.00,0.00,0,461
161.10,1547728105,1109.77,51.51731724,7.46813824,130.93,13.40,0.00,290.62,0,-97.00,-19.00,0.00,0.00,47.00,0.00,0,218
162.10,1547728106,1123.18,51.51736176,7.46796102,131.37,13.06,0.00,292.13,0,-95.00,-16.00,0.00,0.00,47.00,0.00,0,18
162.10,1547728106,1123.18,51.51736176,7.46796102,131.37,13.06,0.00,292.13,0,-96.00,-18.00,0.00,0.00,47.00,0.00,0,461
162.10,1547728106,1123.18,51.51736176,7.46796102,131.37,13.06,0.00,292.13,0,-97.00,-19.00,0.00,0.00,47.00,0.00,0,218
163.10,1547728107,1136.27,51.51740765,7.46779419,131.80,12.44,0.00,293.64,0,-98.00,-16.00,0.00,0.00,44.00,0.00,0,218
163.10,1547728107,1136.27,51.51740765,7.46779419,131.80,12.44,0.00,293.64,0,-100.00,-18.00,0.00,0.00,43.00,0.00,0,461
163.10,1547728107,1136.28,51.51740765,7.46779419,131.80,12.44,0.00,293.64,0,-101.00,-18.00,0.00,0.00,43.00,0.00,0,18
164.10,1547728108,1148.66,51.51745675,7.46763223,131.98,12.14,0.00,294.96,0,-98.00,-16.00,0.00,0.00,44.00,0.00,0,218
164.10,1547728108,1148.66,51.51745675,7.46763223,131.98,12.14,0.00,294.96,0,-100.00,-18.00,0.00,0.00,43.00,0.00,0,461
164.10,1547728108,1148.68,51.51745675,7.46763223,131.98,12.14,0.00,294.96,0,-101.00,-18.00,0.00,0.00,43.00,0.00,0,18
165.10,1547728109,1160.84,51.51750134,7.46747251,132.46,11.78,0.00,295.61,0,-96.00,-17.00,0.00,0.00,47.00,0.00,0,461
165.10,1547728109,1160.85,51.51750134,7.46747251,132.46,11.78,0.00,295.61,0,-97.00,-18.00,0.00,0.00,47.00,0.00,0,139
165.10,1547728109,1160.87,51.51750134,7.46747251,132.46,11.78,0.00,295.61,0,-97.00,-18.00,0.00,0.00,46.00,0.00,0,191
166.10,1547728110,1172.61,51.51754763,7.46732099,132.43,11.76,0.00,295.43,0,-96.00,-17.00,0.00,0.00,47.00,0.00,0,461
166.10,1547728110,1172.62,51.51754763,7.46732099,132.43,11.76,0.00,295.43,0,-97.00,-18.00,0.00,0.00,47.00,0.00,0,139
166.10,1547728110,1172.64,51.51754763,7.46732099,132.43,11.76,0.00,295.43,0,-97.00,-18.00,0.00,0.00,46.00,0.00,0,191
169.10,1547728113,1208.18,51.51769185,7.46687789,131.59,12.20,0.00,293.21,0,-94.00,-17.00,0.00,0.00,48.00,0.00,0,461
169.10,1547728113,1208.18,51.51769185,7.46687789,131.59,12.20,0.00,293.21,0,-96.00,-18.00,0.00,0.00,48.00,0.00,0,15
169.10,1547728113,1208.19,51.51769185,7.46687789,131.59,12.20,0.00,293.21,0,-96.00,-18.00,0.00,0.00,48.00,0.00,0,176
170.10,1547728114,1220.41,51.51773205,7.46671831,130.91,11.78,0.00,291.14,0,-94.00,-17.00,0.00,0.00,48.00,0.00,0,461
170.10,1547728114,1220.41,51.51773205,7.46671831,130.91,11.78,0.00,291.14,0,-96.00,-18.00,0.00,0.00,48.00,0.00,0,15
170.10,1547728114,1220.42,51.51773205,7.46671831,130.91,11.78,0.00,291.14,0,-96.00,-18.00,0.00,0.00,48.00,0.00,0,176
171.10,1547728115,1232.18,51.51776093,7.46655809,130.77,11.47,0.00,288.93,0,-89.00,-14.00,0.00,0.00,51.00,0.00,0,218
171.10,1547728115,1232.19,51.51776093,7.46655809,130.77,11.47,0.00,288.93,0,-90.00,-16.00,0.00,0.00,51.00,0.00,0,176
171.10,1547728115,1232.19,51.51776093,7.46655809,130.77,11.47,0.00,288.93,0,-94.00,-19.00,0.00,0.00,51.00,0.00,0,15
172.10,1547728116,1243.66,51.51778982,7.46638948,130.08,11.86,0.00,287.15,0,-89.00,-14.00,0.00,0.00,51.00,0.00,0,218
172.10,1547728116,1243.66,51.51778982,7.46638948,130.08,11.86,0.00,287.15,0,-90.00,-16.00,0.00,0.00,51.00,0.00,0,176
172.10,1547728116,1243.66,51.51778982,7.46638948,130.08,11.86,0.00,287.15,0,-94.00,-19.00,0.00,0.00,51.00,0.00,0,15
173.10,1547728117,1255.50,51.51781178,7.46622543,130.24,11.77,0.00,285.10,0,-92.00,-17.00,0.00,0.00,50.00,0.00,0,176
173.10,1547728117,1255.51,51.51781178,7.46622543,130.24,11.77,0.00,285.10,0,-94.00,-20.00,0.00,0.00,51.00,0.00,0,18
173.10,1547728117,1255.51,51.51781178,7.46622543,130.24,11.77,0.00,285.10,0,-94.00,-20.00,0.00,0.00,50.00,0.00,0,15
173.10,1547728117,1255.51,51.51781178,7.46622543,130.24,11.77,0.00,285.10,0,-113.00,-13.00,0.00,0.00,31.00,0.00,0,15
173.10,1547728117,1255.53,51.51781178,7.46622543,130.24,11.77,0.00,285.10,0,-116.00,-15.00,0.00,0.00,31.00,0.00,0,16
173.10,1547728117,1255.53,51.51781178,7.46622543,130.24,11.77,0.00,285.10,0,-119.00,-18.00,0.00,0.00,30.00,0.00,0,33
174.10,1547728118,1267.33,51.51782596,7.46606830,130.27,10.23,0.00,283.49,0,-92.00,-17.00,0.00,0.00,50.00,0.00,0,176
174.10,1547728118,1267.33,51.51782596,7.46606830,130.27,10.23,0.00,283.49,0,-94.00,-20.00,0.00,0.00,51.00,0.00,0,18
174.10,1547728118,1267.34,51.51782596,7.46606830,130.27,10.23,0.00,283.49,0,-94.00,-20.00,0.00,0.00,50.00,0.00,0,15
174.10,1547728118,1267.34,51.51782596,7.46606830,130.27,10.23,0.00,283.49,0,-113.00,-13.00,0.00,0.00,31.00,0.00,0,15
174.10,1547728118,1267.35,51.51782596,7.46606830,130.27,10.23,0.00,283.49,0,-116.00,-15.00,0.00,0.00,31.00,0.00,0,16
174.10,1547728118,1267.35,51.51782596,7.46606830,130.27,10.23,0.00,283.49,0,-119.00,-18.00,0.00,0.00,30.00,0.00,0,33
175.10,1547728119,1277.54,51.51783460,7.46592002,130.91,9.39,0.00,281.47,0,-94.00,-18.00,0.00,0.00,50.00,0.00,0,176
175.10,1547728119,1277.55,51.51783460,7.46592002,130.91,9.39,0.00,281.47,0,-96.00,-20.00,0.00,0.00,49.00,0.00,0,139
175.10,1547728119,1277.55,51.51783460,7.46592002,130.91,9.39,0.00,281.47,0,-96.00,-20.00,0.00,0.00,49.00,0.00,0,15
175.10,1547728119,1277.56,51.51783460,7.46592002,130.91,9.39,0.00,281.47,0,-73.00,-10.00,0.00,0.00,63.00,0.00,0,128
175.10,1547728119,1277.56,51.51783460,7.46592002,130.91,9.39,0.00,281.47,0,-225.00,-225.00,0.00,0.00,63.00,0.00,0,327
176.10,1547728120,1286.94,51.51783345,7.46579625,132.37,7.79,0.00,279.48,0,-94.00,-18.00,0.00,0.00,50.00,0.00,0,176
176.10,1547728120,1286.94,51.51783345,7.46579625,132.37,7.79,0.00,279.48,0,-96.00,-20.00,0.00,0.00,49.00,0.00,0,139
176.10,1547728120,1286.94,51.51783345,7.46579625,132.37,7.79,0.00,279.48,0,-96.00,-20.00,0.00,0.00,49.00,0.00,0,15
176.10,1547728120,1286.95,51.51783345,7.46579625,132.37,7.79,0.00,279.48,0,-73.00,-10.00,0.00,0.00,63.00,0.00,0,128
176.10,1547728120,1286.95,51.51783345,7.46579625,132.37,7.79,0.00,279.48,0,-225.00,-225.00,0.00,0.00,63.00,0.00,0,327
177.10,1547728121,1294.74,51.51783521,7.46569180,133.60,6.42,0.00,278.56,0,-91.00,-16.00,0.00,0.00,51.00,0.00,0,18
177.10,1547728121,1294.74,51.51783521,7.46569180,133.60,6.42,0.00,278.56,0,-91.00,-15.00,0.00,0.00,50.00,0.00,0,139
177.10,1547728121,1294.74,51.51783521,7.46569180,133.60,6.42,0.00,278.56,0,-121.00,-15.00,0.00,0.00,25.00,0.00,0,488
177.10,1547728121,1294.74,51.51783521,7.46569180,133.60,6.42,0.00,278.56,0,-122.00,-16.00,0.00,0.00,25.00,0.00,0,15
177.11,1547728121,1294.74,51.51783521,7.46569180,133.60,6.42,0.00,278.56,0,-123.00,-17.00,0.00,0.00,25.00,0.00,0,16
178.10,1547728122,1301.13,51.51783312,7.46560428,134.94,5.26,0.00,277.16,0,-91.00,-16.00,0.00,0.00,51.00,0.00,0,18
178.10,1547728122,1301.13,51.51783312,7.46560428,134.94,5.26,0.00,277.16,0,-91.00,-15.00,0.00,0.00,50.00,0.00,0,139
178.10,1547728122,1301.13,51.51783312,7.46560428,134.94,5.26,0.00,277.16,0,-121.00,-15.00,0.00,0.00,25.00,0.00,0,488
178.10,1547728122,1301.13,51.51783312,7.46560428,134.94,5.26,0.00,277.16,0,-122.00,-16.00,0.00,0.00,25.00,0.00,0,15
178.10,1547728122,1301.13,51.51783312,7.46560428,134.94,5.26,0.00,277.16,0,-123.00,-17.00,0.00,0.00,25.00,0.00,0,16
179.10,1547728123,1306.39,51.51783310,7.46552019,136.39,5.09,0.00,275.55,0,-91.00,-16.00,0.00,0.00,51.00,0.00,0,18
179.10,1547728123,1306.39,51.51783310,7.46552019,136.39,5.09,0.00,275.55,0,-91.00,-15.00,0.00,0.00,50.00,0.00,0,139
179.10,1547728123,1306.39,51.51783310,7.46552019,136.39,5.09,0.00,275.55,0,-121.00,-15.00,0.00,0.00,25.00,0.00,0,488
179.10,1547728123,1306.39,51.51783310,7.46552019,136.39,5.09,0.00,275.55,0,-122.00,-16.00,0.00,0.00,25.00,0.00,0,15
179.10,1547728123,1306.40,51.51783310,7.46552019,136.39,5.09,0.00,275.55,0,-123.00,-17.00,0.00,0.00,25.00,0.00,0,16
180.10,1547728124,1311.49,51.51783165,7.46543647,138.06,4.83,0.00,274.83,0,-89.00,-13.00,0.00,0.00,49.00,0.00,0,139
180.10,1547728124,1311.49,51.51783165,7.46543647,138.06,4.83,0.00,274.83,0,-95.00,-19.00,0.00,0.00,49.00,0.00,0,461
180.10,1547728124,1311.50,51.51783165,7.46543647,138.06,4.83,0.00,274.83,0,-95.00,-18.00,0.00,0.00,49.00,0.00,0,191
180.10,1547728124,1311.50,51.51783165,7.46543647,138.06,4.83,0.00,274.83,0,-119.00,-14.00,0.00,0.00,26.00,0.00,0,488
180.10,1547728124,1311.50,51.51783165,7.46543647,138.06,4.83,0.00,274.83,0,-120.00,-15.00,0.00,0.00,26.00,0.00,0,15
180.10,1547728124,1311.50,51.51783165,7.46543647,138.06,4.83,0.00,274.83,0,-122.00,-17.00,0.00,0.00,26.00,0.00,0,16
181.10,1547728125,1316.30,51.51782879,7.46534640,139.15,5.46,0.00,273.87,0,-89.00,-13.00,0.00,0.00,49.00,0.00,0,139
181.10,1547728125,1316.30,51.51782879,7.46534640,139.15,5.46,0.00,273.87,0,-95.00,-19.00,0.00,0.00,49.00,0.00,0,461
181.10,1547728125,1316.30,51.51782879,7.46534640,139.15,5.46,0.00,273.87,0,-95.00,-18.00,0.00,0.00,49.00,0.00,0,191
181.10,1547728125,1316.30,51.51782879,7.46534640,139.15,5.46,0.00,273.87,0,-119.00,-14.00,0.00,0.00,26.00,0.00,0,488
181.10,1547728125,1316.30,51.51782879,7.46534640,139.15,5.46,0.00,273.87,0,-120.00,-15.00,0.00,0.00,26.00,0.00,0,15
181.10,1547728125,1316.31,51.51782879,7.46534640,139.15,5.46,0.00,273.87,0,-122.00,-17.00,0.00,0.00,26.00,0.00,0,16
182.10,1547728126,1321.76,51.51782754,7.46525902,139.83,5.51,0.00,273.27,0,-92.00,-18.00,0.00,0.00,50.00,0.00,0,461
182.10,1547728126,1321.76,51.51782754,7.46525902,139.83,5.51,0.00,273.27,0,-94.00,-19.00,0.00,0.00,51.00,0.00,0,18
182.10,1547728126,1321.76,51.51782754,7.46525902,139.83,5.51,0.00,273.27,0,-95.00,-20.00,0.00,0.00,50.00,0.00,0,191
182.10,1547728126,1321.76,51.51782754,7.46525902,139.83,5.51,0.00,273.27,0,-73.00,-11.00,0.00,0.00,63.00,0.00,0,128
183.10,1547728127,1327.27,51.51782722,7.46515386,139.56,7.01,0.00,271.56,0,-92.00,-18.00,0.00,0.00,50.00,0.00,0,461
183.10,1547728127,1327.27,51.51782722,7.46515386,139.56,7.01,0.00,271.56,0,-94.00,-19.00,0.00,0.00,51.00,0.00,0,18
183.10,1547728127,1327.28,51.51782722,7.46515386,139.56,7.01,0.00,271.56,0,-95.00,-20.00,0.00,0.00,50.00,0.00,0,191
183.10,1547728127,1327.28,51.51782722,7.46515386,139.56,7.01,0.00,271.56,0,-73.00,-11.00,0.00,0.00,63.00,0.00,0,128
184.10,1547728128,1334.28,51.51782768,7.46503708,139.52,8.15,0.00,270.22,0,-94.00,-18.00,0.00,0.00,49.00,0.00,0,461
184.10,1547728128,1334.28,51.51782768,7.46503708,139.52,8.15,0.00,270.22,0,-95.00,-19.00,0.00,0.00,50.00,0.00,0,18
184.10,1547728128,1334.28,51.51782768,7.46503708,139.52,8.15,0.00,270.22,0,-96.00,-19.00,0.00,0.00,49.00,0.00,0,176
185.10,1547728129,1342.44,51.51782570,7.46490878,139.35,8.87,0.00,268.39,0,-94.00,-18.00,0.00,0.00,49.00,0.00,0,461
185.10,1547728129,1342.44,51.51782570,7.46490878,139.35,8.87,0.00,268.39,0,-95.00,-19.00,0.00,0.00,50.00,0.00,0,18
185.10,1547728129,1342.44,51.51782570,7.46490878,139.35,8.87,0.00,268.39,0,-96.00,-19.00,0.00,0.00,49.00,0.00,0,176
186.10,1547728130,1351.29,51.51782643,7.46478202,138.17,9.23,0.00,267.09,0,-95.00,-17.00,0.00,0.00,47.00,0.00,0,461
187.10,1547728131,1360.56,51.51782124,7.46465074,136.74,9.73,0.00,265.33,0,-95.00,-17.00,0.00,0.00,47.00,0.00,0,461
188.10,1547728132,1370.30,51.51780925,7.46451204,135.68,10.39,0.00,263.68,0,-93.00,-19.00,0.00,0.00,51.00,0.00,0,461
189.10,1547728133,1380.67,51.51779349,7.46436737,134.78,10.39,0.00,261.92,0,-93.00,-19.00,0.00,0.00,51.00,0.00,0,461
190.10,1547728134,1391.04,51.51777496,7.46422808,133.98,10.23,0.00,259.18,0,-70.00,-12.00,0.00,0.00,63.00,0.00,0,128
191.10,1547728135,1401.27,51.51774787,7.46409040,134.17,10.17,0.00,257.49,0,-70.00,-12.00,0.00,0.00,63.00,0.00,0,128
192.10,1547728136,1411.45,51.51771739,7.46394288,134.38,10.58,0.00,255.74,0,-96.00,-20.00,0.00,0.00,50.00,0.00,0,461
192.10,1547728136,1411.46,51.51771739,7.46394288,134.38,10.58,0.00,255.74,0,-74.00,-11.00,0.00,0.00,63.00,0.00,0,128
193.10,1547728137,1422.04,51.51768659,7.46378890,134.69,10.58,0.00,254.98,0,-96.00,-20.00,0.00,0.00,50.00,0.00,0,461
193.10,1547728137,1422.04,51.51768659,7.46378890,134.69,10.58,0.00,254.98,0,-74.00,-11.00,0.00,0.00,63.00,0.00,0,128
194.10,1547728138,1432.61,51.51764787,7.46363529,136.06,11.47,0.00,252.85,0,-95.00,-19.00,0.00,0.00,50.00,0.00,0,461
195.10,1547728139,1444.08,51.51760403,7.46348518,138.38,11.48,0.00,251.29,0,-95.00,-19.00,0.00,0.00,50.00,0.00,0,461
196.10,1547728140,1455.57,51.51755968,7.46333540,141.08,11.54,0.00,250.41,0,-95.00,-17.00,0.00,0.00,47.00,0.00,0,218
196.10,1547728140,1455.58,51.51755968,7.46333540,141.08,11.54,0.00,250.41,0,-97.00,-18.00,0.00,0.00,47.00,0.00,0,18
196.10,1547728140,1455.58,51.51755968,7.46333540,141.08,11.54,0.00,250.41,0,-98.00,-19.00,0.00,0.00,47.00,0.00,0,461
197.10,1547728141,1467.16,51.51751579,7.46319060,143.82,11.42,0.00,249.26,0,-95.00,-17.00,0.00,0.00,47.00,0.00,0,218
197.10,1547728141,1467.17,51.51751579,7.46319060,143.82,11.42,0.00,249.26,0,-97.00,-18.00,0.00,0.00,47.00,0.00,0,18
197.10,1547728141,1467.17,51.51751579,7.46319060,143.82,11.42,0.00,249.26,0,-98.00,-19.00,0.00,0.00,47.00,0.00,0,461
198.10,1547728142,1478.59,51.51747772,7.46304434,145.57,11.10,0.00,248.44,0,-97.00,-18.00,0.00,0.00,47.00,0.00,0,19
198.10,1547728142,1478.59,51.51747772,7.46304434,145.57,11.10,0.00,248.44,0,-97.00,-18.00,0.00,0.00,47.00,0.00,0,218
198.10,1547728142,1478.59,51.51747772,7.46304434,145.57,11.10,0.00,248.44,0,-97.00,-19.00,0.00,0.00,47.00,0.00,0,461
199.10,1547728143,1489.62,51.51743931,7.46289906,146.12,10.88,0.00,248.56,0,-97.00,-18.00,0.00,0.00,47.00,0.00,0,19
199.10,1547728143,1489.64,51.51743931,7.46289906,146.12,10.88,0.00,248.56,0,-97.00,-18.00,0.00,0.00,47.00,0.00,0,218
199.10,1547728143,1489.64,51.51743931,7.46289906,146.12,10.88,0.00,248.56,0,-97.00,-19.00,0.00,0.00,47.00,0.00,0,461
200.10,1547728144,1500.52,51.51740198,7.46275519,145.59,10.41,0.00,248.16,0,-97.00,-18.00,0.00,0.00,47.00,0.00,0,19
200.10,1547728144,1500.54,51.51740198,7.46275519,145.59,10.41,0.00,248.16,0,-97.00,-18.00,0.00,0.00,47.00,0.00,0,218
200.10,1547728144,1500.55,51.51740198,7.46275519,145.59,10.41,0.00,248.16,0,-97.00,-19.00,0.00,0.00,47.00,0.00,0,461
201.10,1547728145,1510.93,51.51740198,7.46275519,145.59,10.41,0.00,248.16,0,-95.00,-18.00,0.00,0.00,48.00,0.00,0,19
201.10,1547728145,1510.93,51.51740198,7.46275519,145.59,10.41,0.00,248.16,0,-97.00,-20.00,0.00,0.00,48.00,0.00,0,18
201.10,1547728145,1510.93,51.51740198,7.46275519,145.59,10.41,0.00,248.16,0,-97.00,-20.00,0.00,0.00,48.00,0.00,0,461
201.10,1547728145,1510.94,51.51740198,7.46275519,145.59,10.41,0.00,248.16,0,-225.00,-225.00,0.00,0.00,63.00,0.00,0,327
202.10,1547728146,1521.33,51.51732936,7.46248181,145.91,10.16,0.00,249.17,0,-95.00,-18.00,0.00,0.00,48.00,0.00,0,19
202.10,1547728146,1521.33,51.51732936,7.46248181,145.91,10.16,0.00,249.17,0,-97.00,-20.00,0.00,0.00,48.00,0.00,0,18
202.10,1547728146,1521.34,51.51732936,7.46248181,145.91,10.16,0.00,249.17,0,-97.00,-20.00,0.00,0.00,48.00,0.00,0,461
202.10,1547728146,1521.34,51.51732936,7.46248181,145.91,10.16,0.00,249.17,0,-225.00,-225.00,0.00,0.00,63.00,0.00,0,327
203.10,1547728147,1531.48,51.51729033,7.46233286,147.23,11.07,0.00,249.80,0,-89.00,-18.00,0.00,0.00,54.00,0.00,0,176
203.10,1547728147,1531.49,51.51729033,7.46233286,147.23,11.07,0.00,249.80,0,-91.00,-19.00,0.00,0.00,54.00,0.00,0,18
203.10,1547728147,1531.49,51.51729033,7.46233286,147.23,11.07,0.00,249.80,0,-91.00,-19.00,0.00,0.00,54.00,0.00,0,139
203.10,1547728147,1531.49,51.51729033,7.46233286,147.23,11.07,0.00,249.80,0,-101.00,-9.00,0.00,0.00,39.00,0.00,0,488
203.10,1547728147,1531.51,51.51729033,7.46233286,147.23,11.07,0.00,249.80,0,-104.00,-12.00,0.00,0.00,39.00,0.00,0,16
204.10,1547728148,1542.55,51.51724847,7.46216404,147.90,12.43,0.00,249.63,0,-89.00,-18.00,0.00,0.00,54.00,0.00,0,176
204.10,1547728148,1542.56,51.51724847,7.46216404,147.90,12.43,0.00,249.63,0,-91.00,-19.00,0.00,0.00,54.00,0.00,0,18
204.10,1547728148,1542.56,51.51724847,7.46216404,147.90,12.43,0.00,249.63,0,-91.00,-19.00,0.00,0.00,54.00,0.00,0,139
204.10,1547728148,1542.56,51.51724847,7.46216404,147.90,12.43,0.00,249.63,0,-101.00,-9.00,0.00,0.00,39.00,0.00,0,488
204.10,1547728148,1542.57,51.51724847,7.46216404,147.90,12.43,0.00,249.63,0,-104.00,-12.00,0.00,0.00,39.00,0.00,0,16
207.10,1547728151,1582.27,51.51711939,7.46159246,149.34,13.91,0.00,251.58,0,-100.00,-13.00,0.00,0.00,44.00,0.00,0,16
207.10,1547728151,1582.28,51.51711939,7.46159246,149.34,13.91,0.00,251.58,0,-72.00,-12.00,0.00,0.00,63.00,0.00,0,348
208.10,1547728152,1596.18,51.51707531,7.46139502,149.36,14.28,0.00,252.21,0,-100.00,-13.00,0.00,0.00,44.00,0.00,0,16
208.10,1547728152,1596.18,51.51707531,7.46139502,149.36,14.28,0.00,252.21,0,-72.00,-12.00,0.00,0.00,63.00,0.00,0,348
209.10,1547728153,1610.48,51.51703075,7.46119538,148.79,13.98,0.00,252.67,0,-101.00,-13.00,0.00,0.00,45.00,0.00,0,16
209.10,1547728153,1610.48,51.51703075,7.46119538,148.79,13.98,0.00,252.67,0,-74.00,-12.00,0.00,0.00,63.00,0.00,0,348
210.10,1547728154,1624.46,51.51703075,7.46119538,148.79,13.98,0.00,252.67,0,-101.00,-13.00,0.00,0.00,45.00,0.00,0,16
210.10,1547728154,1624.46,51.51703075,7.46119538,148.79,13.98,0.00,252.67,0,-74.00,-12.00,0.00,0.00,63.00,0.00,0,348
211.10,1547728155,1638.48,51.51694635,7.46079109,148.40,14.27,0.00,251.76,0,-95.00,-11.00,0.00,0.00,48.00,0.00,0,16
211.10,1547728155,1638.49,51.51694635,7.46079109,148.40,14.27,0.00,251.76,0,-67.00,-12.00,0.00,0.00,63.00,0.00,0,348
212.10,1547728156,1652.76,51.51691123,7.46059327,147.64,14.07,0.00,251.66,0,-95.00,-11.00,0.00,0.00,48.00,0.00,0,16
212.10,1547728156,1652.79,51.51691123,7.46059327,147.64,14.07,0.00,251.66,0,-67.00,-12.00,0.00,0.00,63.00,0.00,0,348
213.10,1547728157,1666.83,51.51687526,7.46039642,146.84,13.86,0.00,252.13,0,-99.00,-17.00,0.00,0.00,50.00,0.00,0,488
213.10,1547728157,1666.83,51.51687526,7.46039642,146.84,13.86,0.00,252.13,0,-66.00,-9.00,0.00,0.00,63.00,0.00,0,348
214.10,1547728158,1680.66,51.51683415,7.46020714,146.92,13.69,0.00,251.81,0,-99.00,-17.00,0.00,0.00,50.00,0.00,0,488
214.10,1547728158,1680.66,51.51683415,7.46020714,146.92,13.69,0.00,251.81,0,-66.00,-9.00,0.00,0.00,63.00,0.00,0,348
215.10,1547728159,1694.37,51.51679300,7.46000747,146.53,14.00,0.00,252.62,0,-101.00,-16.00,0.00,0.00,47.00,0.00,0,488
215.10,1547728159,1694.38,51.51679300,7.46000747,146.53,14.00,0.00,252.62,0,-71.00,-10.00,0.00,0.00,63.00,0.00,0,348
216.10,1547728160,1708.33,51.51676065,7.45982530,145.99,13.31,0.00,253.66,0,-101.00,-16.00,0.00,0.00,47.00,0.00,0,488
216.10,1547728160,1708.33,51.51676065,7.45982530,145.99,13.31,0.00,253.66,0,-71.00,-10.00,0.00,0.00,63.00,0.00,0,348
217.10,1547728161,1721.65,51.51672997,7.45963654,145.52,13.52,0.00,254.76,0,-73.00,-12.00,0.00,0.00,63.00,0.00,0,348
218.10,1547728162,1735.15,51.51670815,7.45945569,144.41,12.74,0.00,255.79,0,-73.00,-12.00,0.00,0.00,63.00,0.00,0,348
219.10,1547728163,1747.95,51.51668872,7.45928181,143.16,12.76,0.00,256.42,0,-75.00,-12.00,0.00,0.00,63.00,0.00,0,348
220.09,1547728164,1760.64,51.51667533,7.45911506,141.05,12.39,0.00,256.90,0,-75.00,-12.00,0.00,0.00,63.00,0.00,0,348
221.10,1547728165,1773.05,51.51665568,7.45894577,139.19,12.28,0.00,257.75,0,-75.00,-12.00,0.00,0.00,63.00,0.00,0,348
222.10,1547728166,1785.35,51.51663768,7.45878363,137.94,11.84,0.00,258.50,0,-75.00,-11.00,0.00,0.00,63.00,0.00,0,348
223.10,1547728167,1797.20,51.51662423,7.45863470,137.15,11.26,0.00,258.47,0,-75.00,-11.00,0.00,0.00,63.00,0.00,0,348
224.10,1547728168,1808.43,51.51661047,7.45849131,136.68,10.84,0.00,257.73,0,-74.00,-11.00,0.00,0.00,63.00,0.00,0,348
225.10,1547728169,1819.27,51.51659290,7.45834619,136.47,10.45,0.00,258.17,0,-74.00,-11.00,0.00,0.00,63.00,0.00,0,348
226.10,1547728170,1829.72,51.51657287,7.45819889,136.15,10.06,0.00,257.48,0,-74.00,-13.00,0.00,0.00,63.00,0.00,0,348
227.10,1547728171,1839.78,51.51655111,7.45806282,136.21,9.84,0.00,256.67,0,-74.00,-13.00,0.00,0.00,63.00,0.00,0,348
228.10,1547728172,1849.62,51.51652865,7.45793724,136.83,8.85,0.00,256.31,0,-73.00,-15.00,0.00,0.00,63.00,0.00,0,348
229.10,1547728173,1858.47,51.51651324,7.45783065,137.22,7.69,0.00,255.52,0,-73.00,-15.00,0.00,0.00,63.00,0.00,0,348
230.09,1547728174,1866.16,51.51651324,7.45783065,137.22,7.69,0.00,255.52,0,-76.00,-15.00,0.00,0.00,63.00,0.00,0,348
231.10,1547728175,1873.86,51.51649108,7.45762541,137.05,5.86,0.00,258.26,0,-76.00,-15.00,0.00,0.00,63.00,0.00,0,348
232.10,1547728176,1879.73,51.51648077,7.45752574,137.45,5.47,0.00,257.22,0,-78.00,-16.00,0.00,0.00,63.00,0.00,0,348
233.10,1547728177,1885.20,51.51646880,7.45744947,138.28,4.63,0.00,253.83,0,-78.00,-16.00,0.00,0.00,63.00,0.00,0,348
253.10,1547728197,1939.26,51.51625851,7.45641575,138.37,9.97,0.00,245.83,0,-93.00,-13.00,0.00,0.00,53.00,0.00,0,488
253.10,1547728197,1939.26,51.51625851,7.45641575,138.37,9.97,0.00,245.83,0,-84.00,-17.00,0.00,0.00,62.00,0.00,0,330
254.10,1547728198,1949.20,51.51621900,7.45629719,137.72,9.69,0.00,243.92,0,-93.00,-13.00,0.00,0.00,53.00,0.00,0,488
254.10,1547728198,1949.21,51.51621900,7.45629719,137.72,9.69,0.00,243.92,0,-84.00,-17.00,0.00,0.00,62.00,0.00,0,330
257.10,1547728201,1977.51,51.51609153,7.45595449,135.05,9.71,0.00,238.18,0,-83.00,-11.00,0.00,0.00,59.00,0.00,0,488
257.10,1547728201,1977.51,51.51609153,7.45595449,135.05,9.71,0.00,238.18,0,-76.00,-13.00,0.00,0.00,63.00,0.00,0,330
258.10,1547728202,1987.21,51.51604276,7.45584108,134.29,9.52,0.00,235.30,0,-83.00,-11.00,0.00,0.00,59.00,0.00,0,488
258.10,1547728202,1987.22,51.51604276,7.45584108,134.29,9.52,0.00,235.30,0,-76.00,-13.00,0.00,0.00,63.00,0.00,0,330
259.10,1547728203,1996.73,51.51598871,7.45572032,134.28,9.89,0.00,233.42,0,-78.00,-13.00,0.00,0.00,63.00,0.00,0,46
260.10,1547728204,2006.61,51.51593282,7.45561569,134.12,9.31,0.00,229.72,0,-78.00,-13.00,0.00,0.00,63.00,0.00,0,46
297.10,1547728241,2208.81,51.51419666,7.45538783,144.21,0.00,0.00,170.99,0,-86.00,-15.00,0.00,0.00,60.00,0.00,0,486
298.10,1547728242,2208.81,51.51419666,7.45538783,144.16,0.00,0.00,170.99,0,-86.00,-15.00,0.00,0.00,60.00,0.00,0,486
312.10,1547728256,2208.81,51.51419666,7.45538783,143.53,0.00,0.00,170.99,0,-86.00,-15.00,0.00,0.00,60.00,0.00,0,486
313.10,1547728257,2208.81,51.51419666,7.45538783,143.51,0.00,0.00,170.99,0,-86.00,-15.00,0.00,0.00,60.00,0.00,0,486
314.10,1547728258,2208.81,51.51419666,7.45538783,143.49,0.00,0.00,170.99,0,-86.00,-14.00,0.00,0.00,60.00,0.00,0,486
315.10,1547728259,2208.81,51.51419666,7.45538783,143.47,0.00,0.00,170.99,0,-86.00,-14.00,0.00,0.00,60.00,0.00,0,486
316.10,1547728260,2208.81,51.51419666,7.45538783,143.45,0.00,0.00,170.99,0,-86.00,-15.00,0.00,0.00,60.00,0.00,0,486
317.10,1547728261,2208.81,51.51419666,7.45538783,143.44,0.00,0.00,170.99,0,-86.00,-15.00,0.00,0.00,60.00,0.00,0,486
318.10,1547728262,2208.81,51.51419666,7.45538783,143.42,0.00,0.00,170.99,0,-86.00,-15.00,0.00,0.00,60.00,0.00,0,486
319.10,1547728263,2208.81,51.51419666,7.45538783,143.41,0.00,0.00,170.99,0,-86.00,-15.00,0.00,0.00,60.00,0.00,0,486
320.10,1547728264,2208.81,51.51419666,7.45538783,143.40,0.00,0.00,170.99,0,-86.00,-15.00,0.00,0.00,60.00,0.00,0,486
321.10,1547728265,2208.81,51.51419666,7.45538783,143.39,0.00,0.00,170.99,0,-86.00,-15.00,0.00,0.00,60.00,0.00,0,486
322.10,1547728266,2208.81,51.51419666,7.45538783,143.38,0.00,0.00,170.99,0,-85.00,-15.00,0.00,0.00,61.00,0.00,0,486
323.10,1547728267,2208.81,51.51419666,7.45538783,143.37,0.00,0.00,170.99,0,-85.00,-15.00,0.00,0.00,61.00,0.00,0,486
324.10,1547728268,2208.81,51.51419666,7.45538783,143.35,0.00,0.00,170.99,0,-86.00,-17.00,0.00,0.00,62.00,0.00,0,486
325.10,1547728269,2208.81,51.51419666,7.45538783,143.34,0.00,0.00,170.99,0,-86.00,-17.00,0.00,0.00,62.00,0.00,0,486
329.10,1547728273,2208.81,51.51419666,7.45538783,143.27,0.00,0.00,170.99,0,-86.00,-15.00,0.00,0.00,61.00,0.00,0,486
330.10,1547728274,2208.81,51.51419666,7.45538783,143.25,0.00,0.00,170.99,0,-86.00,-15.00,0.00,0.00,61.00,0.00,0,486
333.10,1547728277,2208.81,51.51419666,7.45538783,143.19,0.00,0.00,170.99,0,-85.00,-17.00,0.00,0.00,63.00,0.00,0,486
334.10,1547728278,2208.81,51.51419666,7.45538783,143.16,0.00,0.00,170.99,0,-85.00,-17.00,0.00,0.00,63.00,0.00,0,486
335.10,1547728279,2208.81,51.51419666,7.45538783,143.14,0.00,0.00,170.99,0,-86.00,-17.00,0.00,0.00,62.00,0.00,0,486
336.10,1547728280,2208.81,51.51419666,7.45538783,143.11,0.00,0.00,170.99,0,-86.00,-17.00,0.00,0.00,62.00,0.00,0,486
339.10,1547728283,2208.81,51.51419666,7.45538783,143.03,0.00,0.00,170.99,0,-85.00,-17.00,0.00,0.00,62.00,0.00,0,486
340.10,1547728284,2208.81,51.51419666,7.45538783,143.01,0.00,0.00,170.99,0,-85.00,-17.00,0.00,0.00,62.00,0.00,0,486
350.10,1547728294,2208.82,51.51407581,7.45534648,141.23,5.57,0.00,184.93,0,-85.00,-15.00,0.00,0.00,61.00,0.00,0,486
351.10,1547728295,2214.37,51.51400502,7.45535710,140.81,7.04,0.00,182.50,0,-85.00,-15.00,0.00,0.00,61.00,0.00,0,486
354.10,1547728298,2239.57,51.51369828,7.45552968,141.93,11.78,0.00,164.04,0,-81.00,-12.00,0.00,0.00,63.00,0.00,0,486
355.10,1547728299,2251.36,51.51358293,7.45560757,143.55,12.32,0.00,162.77,0,-81.00,-12.00,0.00,0.00,63.00,0.00,0,486
356.10,1547728300,2263.68,51.51347675,7.45567585,144.66,12.80,0.00,160.68,0,-84.00,-12.00,0.00,0.00,60.00,0.00,0,486
356.10,1547728300,2263.68,51.51347675,7.45567585,144.66,12.80,0.00,160.68,0,-69.00,-13.00,0.00,0.00,63.00,0.00,0,334
357.10,1547728301,2276.48,51.51337058,7.45575349,145.42,13.44,0.00,157.95,0,-84.00,-12.00,0.00,0.00,60.00,0.00,0,486
357.10,1547728301,2276.49,51.51337058,7.45575349,145.42,13.44,0.00,157.95,0,-69.00,-13.00,0.00,0.00,63.00,0.00,0,334
358.10,1547728302,2289.92,51.51327009,7.45587072,146.06,13.85,0.00,145.20,0,-76.00,-10.00,0.00,0.00,63.00,0.00,0,486
358.10,1547728302,2289.94,51.51327009,7.45587072,146.06,13.85,0.00,145.20,0,-70.00,-10.00,0.00,0.00,63.00,0.00,0,334
359.10,1547728303,2303.78,51.51317424,7.45599247,146.29,13.46,0.00,142.19,0,-76.00,-10.00,0.00,0.00,63.00,0.00,0,486
359.10,1547728303,2303.78,51.51317424,7.45599247,146.29,13.46,0.00,142.19,0,-70.00,-10.00,0.00,0.00,63.00,0.00,0,334
360.10,1547728304,2317.23,51.51309089,7.45614574,146.58,13.95,0.00,128.67,0,-84.00,-12.00,0.00,0.00,60.00,0.00,0,488
360.10,1547728304,2317.25,51.51309089,7.45614574,146.58,13.95,0.00,128.67,0,-71.00,-11.00,0.00,0.00,63.00,0.00,0,330
361.10,1547728305,2331.20,51.51300634,7.45631932,146.90,15.05,0.00,128.02,0,-84.00,-12.00,0.00,0.00,60.00,0.00,0,488
361.10,1547728305,2331.20,51.51300634,7.45631932,146.90,15.05,0.00,128.02,0,-71.00,-11.00,0.00,0.00,63.00,0.00,0,330
379.10,1547728323,2601.75,51.51154968,7.45949311,150.35,14.42,0.00,126.93,0,-93.00,-12.00,0.00,0.00,51.00,0.00,0,23
380.10,1547728324,2616.17,51.51147059,7.45966529,150.26,13.96,0.00,127.07,0,-93.00,-12.00,0.00,0.00,51.00,0.00,0,23
381.10,1547728325,2630.11,51.51138921,7.45982995,150.87,13.82,0.00,128.01,0,-90.00,-12.00,0.00,0.00,56.00,0.00,0,23
382.10,1547728326,2643.94,51.51130892,7.45998672,150.99,13.24,0.00,130.29,0,-90.00,-12.00,0.00,0.00,56.00,0.00,0,23
383.10,1547728327,2657.20,51.51122472,7.46014497,150.54,13.32,0.00,131.93,0,-91.00,-14.00,0.00,0.00,55.00,0.00,0,23
383.10,1547728327,2657.20,51.51122472,7.46014497,150.54,13.32,0.00,131.93,0,-84.00,-15.00,0.00,0.00,60.00,0.00,0,332
384.10,1547728328,2670.49,51.51114248,7.46029374,149.25,12.96,0.00,132.80,0,-91.00,-14.00,0.00,0.00,55.00,0.00,0,23
384.10,1547728328,2670.51,51.51114248,7.46029374,149.25,12.96,0.00,132.80,0,-84.00,-15.00,0.00,0.00,60.00,0.00,0,332
385.10,1547728329,2683.49,51.51104947,7.46043843,149.13,13.55,0.00,133.28,0,-93.00,-15.00,0.00,0.00,54.00,0.00,0,23
385.10,1547728329,2683.51,51.51104947,7.46043843,149.13,13.55,0.00,133.28,0,-84.00,-14.00,0.00,0.00,59.00,0.00,0,332
385.10,1547728329,2683.52,51.51104947,7.46043843,149.13,13.55,0.00,133.28,0,-86.00,-17.00,0.00,0.00,59.00,0.00,0,21
386.10,1547728330,2697.04,51.51095824,7.46057287,150.05,12.64,0.00,134.43,0,-93.00,-15.00,0.00,0.00,54.00,0.00,0,23
386.10,1547728330,2697.05,51.51095824,7.46057287,150.05,12.64,0.00,134.43,0,-84.00,-14.00,0.00,0.00,59.00,0.00,0,332
386.10,1547728330,2697.05,51.51095824,7.46057287,150.05,12.64,0.00,134.43,0,-86.00,-17.00,0.00,0.00,59.00,0.00,0,21
387.10,1547728331,2709.69,51.51086775,7.46069888,151.82,12.58,0.00,133.74,0,-93.00,-12.00,0.00,0.00,52.00,0.00,0,23
387.10,1547728331,2709.69,51.51086775,7.46069888,151.82,12.58,0.00,133.74,0,-87.00,-14.00,0.00,0.00,56.00,0.00,0,21
387.10,1547728331,2709.70,51.51086775,7.46069888,151.82,12.58,0.00,133.74,0,-87.00,-15.00,0.00,0.00,56.00,0.00,0,332
388.10,1547728332,2722.23,51.51078478,7.46083605,152.56,12.31,0.00,133.29,0,-93.00,-12.00,0.00,0.00,52.00,0.00,0,23
388.10,1547728332,2722.23,51.51078478,7.46083605,152.56,12.31,0.00,133.29,0,-87.00,-14.00,0.00,0.00,56.00,0.00,0,21
388.10,1547728332,2722.24,51.51078478,7.46083605,152.56,12.31,0.00,133.29,0,-87.00,-15.00,0.00,0.00,56.00,0.00,0,332
389.10,1547728333,2734.59,51.51070355,7.46096909,153.39,12.30,0.00,134.12,0,-91.00,-12.00,0.00,0.00,54.00,0.00,0,21
389.10,1547728333,2734.61,51.51070355,7.46096909,153.39,12.30,0.00,134.12,0,-85.00,-13.00,0.00,0.00,56.00,0.00,0,21
389.10,1547728333,2734.61,51.51070355,7.46096909,153.39,12.30,0.00,134.12,0,-89.00,-17.00,0.00,0.00,56.00,0.00,0,332
390.10,1547728334,2746.84,51.51062498,7.46108883,154.45,11.39,0.00,135.34,0,-91.00,-12.00,0.00,0.00,54.00,0.00,0,21
390.10,1547728334,2746.84,51.51062498,7.46108883,154.45,11.39,0.00,135.34,0,-85.00,-13.00,0.00,0.00,56.00,0.00,0,21
390.10,1547728334,2746.85,51.51062498,7.46108883,154.45,11.39,0.00,135.34,0,-89.00,-17.00,0.00,0.00,56.00,0.00,0,332
391.10,1547728335,2758.23,51.51055079,7.46121178,155.12,11.36,0.00,136.02,0,-91.00,-12.00,0.00,0.00,54.00,0.00,0,21
391.10,1547728335,2758.23,51.51055079,7.46121178,155.12,11.36,0.00,136.02,0,-85.00,-13.00,0.00,0.00,56.00,0.00,0,21
391.10,1547728335,2758.23,51.51055079,7.46121178,155.12,11.36,0.00,136.02,0,-89.00,-17.00,0.00,0.00,56.00,0.00,0,332
400.10,1547728344,2821.57,51.51021398,7.46187610,154.53,0.00,0.00,127.84,0,-86.00,-14.00,0.00,0.00,58.00,0.00,0,328
401.10,1547728345,2821.57,51.51021398,7.46187610,154.54,0.00,0.00,127.84,0,-86.00,-14.00,0.00,0.00,58.00,0.00,0,328
404.10,1547728348,2821.57,51.51021398,7.46187610,154.72,0.00,0.00,127.84,0,-88.00,-17.00,0.00,0.00,59.00,0.00,0,328
405.10,1547728349,2821.57,51.51021398,7.46187610,154.85,0.00,0.00,116.35,0,-88.00,-17.00,0.00,0.00,59.00,0.00,0,328
408.10,1547728352,2826.89,51.51011622,7.46215207,158.77,9.60,0.00,120.14,0,-86.00,-16.00,0.00,0.00,58.00,0.00,0,328
408.10,1547728352,2826.90,51.51011622,7.46215207,158.77,9.60,0.00,120.14,0,-87.00,-17.00,0.00,0.00,58.00,0.00,0,332
409.10,1547728353,2836.49,51.51007574,7.46230853,160.85,9.60,0.00,119.42,0,-86.00,-16.00,0.00,0.00,58.00,0.00,0,328
409.10,1547728353,2836.50,51.51007574,7.46230853,160.85,9.60,0.00,119.42,0,-87.00,-17.00,0.00,0.00,58.00,0.00,0,332
410.10,1547728354,2846.09,51.51006501,7.46247042,163.40,10.23,0.00,98.11,0,-93.00,-18.00,0.00,0.00,56.00,0.00,0,23
410.10,1547728354,2846.09,51.51006501,7.46247042,163.40,10.23,0.00,98.11,0,-86.00,-17.00,0.00,0.00,59.00,0.00,0,332
411.10,1547728355,2856.32,51.51004257,7.46262672,165.72,10.39,0.00,101.62,0,-93.00,-18.00,0.00,0.00,56.00,0.00,0,23
411.10,1547728355,2856.32,51.51004257,7.46262672,165.72,10.39,0.00,101.62,0,-86.00,-17.00,0.00,0.00,59.00,0.00,0,332
412.10,1547728356,2866.74,51.51001032,7.46279061,167.30,11.15,0.00,102.62,0,-79.00,-14.00,0.00,0.00,63.00,0.00,0,332
412.10,1547728356,2866.74,51.51001032,7.46279061,167.30,11.15,0.00,102.62,0,-80.00,-15.00,0.00,0.00,63.00,0.00,0,328
413.10,1547728357,2877.87,51.50997814,7.46297567,166.84,11.46,0.00,100.45,0,-79.00,-14.00,0.00,0.00,63.00,0.00,0,332
413.10,1547728357,2877.88,51.50997814,7.46297567,166.84,11.46,0.00,100.45,0,-80.00,-15.00,0.00,0.00,63.00,0.00,0,328
414.10,1547728358,2889.31,51.50995696,7.46314114,166.06,11.13,0.00,99.03,0,-79.00,-14.00,0.00,0.00,63.00,0.00,0,332
414.10,1547728358,2889.32,51.50995696,7.46314114,166.06,11.13,0.00,99.03,0,-80.00,-15.00,0.00,0.00,63.00,0.00,0,328
415.10,1547728359,2900.43,51.50994336,7.46330575,164.36,10.73,0.00,97.28,0,-79.00,-12.00,0.00,0.00,62.00,0.00,0,466
415.10,1547728359,2900.44,51.50994336,7.46330575,164.36,10.73,0.00,97.28,0,-84.00,-17.00,0.00,0.00,62.00,0.00,0,332
416.10,1547728360,2911.16,51.50993325,7.46345635,162.61,9.69,0.00,95.30,0,-79.00,-12.00,0.00,0.00,62.00,0.00,0,466
416.10,1547728360,2911.17,51.50993325,7.46345635,162.61,9.69,0.00,95.30,0,-84.00,-17.00,0.00,0.00,62.00,0.00,0,332
419.10,1547728363,2938.47,51.50991820,7.46381865,159.62,6.32,0.00,92.51,0,-85.00,-16.00,0.00,0.00,60.00,0.00,0,328
419.10,1547728363,2938.47,51.50991820,7.46381865,159.62,6.32,0.00,92.51,0,-87.00,-18.00,0.00,0.00,60.00,0.00,0,332
420.10,1547728364,2944.79,51.50991280,7.46389906,159.93,4.82,0.00,91.51,0,-85.00,-16.00,0.00,0.00,60.00,0.00,0,328
420.10,1547728364,2944.80,51.50991280,7.46389906,159.93,4.82,0.00,91.51,0,-87.00,-18.00,0.00,0.00,60.00,0.00,0,332
