0.09,1547801772,0.02,51.50980428,7.46855825,147.49,8.25,0.00,56.61,0,-98.00,-11.00,0.00,0.00,44.00,0.00,0,324
6.09,1547801778,62.64,51.51013248,7.46945338,145.95,14.91,0.00,58.80,0,-98.00,-10.00,0.00,0.00,43.00,0.00,0,374
7.09,1547801779,77.53,51.51019668,7.46964374,145.31,15.18,0.00,58.25,0,-98.00,-10.00,0.00,0.00,43.00,0.00,0,374
8.09,1547801780,92.72,51.51026679,7.46982613,144.67,15.07,0.00,57.79,0,-97.00,-8.00,0.00,0.00,43.00,0.00,0,374
9.09,1547801781,107.80,51.51033341,7.47001251,144.12,14.95,0.00,57.49,0,-97.00,-8.00,0.00,0.00,43.00,0.00,0,374
12.09,1547801784,150.47,51.51054952,7.47051534,142.63,13.84,0.00,53.39,0,-86.00,-10.00,0.00,0.00,55.00,0.00,0,296
12.09,1547801784,150.49,51.51054952,7.47051534,142.63,13.84,0.00,53.39,0,-86.00,-10.00,0.00,0.00,55.00,0.00,0,138
13.09,1547801785,164.31,51.51063086,7.47066811,142.19,13.71,0.00,51.01,0,-86.00,-10.00,0.00,0.00,55.00,0.00,0,296
13.09,1547801785,164.31,51.51063086,7.47066811,142.19,13.71,0.00,51.01,0,-86.00,-10.00,0.00,0.00,55.00,0.00,0,138
14.09,1547801786,178.06,51.51071961,7.47080509,142.09,13.46,0.00,48.22,0,-86.00,-9.00,0.00,0.00,53.00,0.00,0,138
15.09,1547801787,191.53,51.51080931,7.47093539,142.02,13.24,0.00,45.67,0,-86.00,-9.00,0.00,0.00,53.00,0.00,0,138
16.09,1547801788,204.78,51.51090391,7.47106099,141.95,13.22,0.00,43.58,0,-89.00,-12.00,0.00,0.00,54.00,0.00,0,152
16.09,1547801788,204.79,51.51090391,7.47106099,141.95,13.22,0.00,43.58,0,-91.00,-15.00,0.00,0.00,54.00,0.00,0,150
17.09,1547801789,217.99,51.51100175,7.47118544,141.74,13.66,0.00,42.14,0,-89.00,-12.00,0.00,0.00,54.00,0.00,0,152
17.09,1547801789,217.99,51.51100175,7.47118544,141.74,13.66,0.00,42.14,0,-91.00,-15.00,0.00,0.00,54.00,0.00,0,150
18.09,1547801790,231.66,51.51110242,7.47130930,141.45,13.91,0.00,40.94,0,-89.00,-13.00,0.00,0.00,55.00,0.00,0,152
18.09,1547801790,231.67,51.51110242,7.47130930,141.45,13.91,0.00,40.94,0,-90.00,-15.00,0.00,0.00,55.00,0.00,0,150
19.09,1547801791,245.57,51.51120376,7.47143734,141.13,14.29,0.00,40.03,0,-89.00,-13.00,0.00,0.00,55.00,0.00,0,152
19.09,1547801791,245.58,51.51120376,7.47143734,141.13,14.29,0.00,40.03,0,-90.00,-15.00,0.00,0.00,55.00,0.00,0,150
20.09,1547801792,259.84,51.51130929,7.47156375,140.77,14.62,0.00,39.21,0,-88.00,-12.00,0.00,0.00,55.00,0.00,0,152
20.09,1547801792,259.86,51.51130929,7.47156375,140.77,14.62,0.00,39.21,0,-91.00,-15.00,0.00,0.00,54.00,0.00,0,150
21.10,1547801793,274.58,51.51141371,7.47169204,140.48,14.77,0.00,39.34,0,-88.00,-12.00,0.00,0.00,55.00,0.00,0,152
21.10,1547801793,274.59,51.51141371,7.47169204,140.48,14.77,0.00,39.34,0,-91.00,-15.00,0.00,0.00,54.00,0.00,0,150
24.09,1547801796,317.78,51.51170812,7.47206209,139.30,13.76,0.00,39.67,0,-88.00,-13.00,0.00,0.00,56.00,0.00,0,152
24.09,1547801796,317.79,51.51170812,7.47206209,139.30,13.76,0.00,39.67,0,-88.00,-13.00,0.00,0.00,56.00,0.00,0,150
25.09,1547801797,331.52,51.51180367,7.47217802,138.97,13.55,0.00,39.61,0,-88.00,-13.00,0.00,0.00,56.00,0.00,0,152
25.09,1547801797,331.53,51.51180367,7.47217802,138.97,13.55,0.00,39.61,0,-88.00,-13.00,0.00,0.00,56.00,0.00,0,150
26.10,1547801798,345.21,51.51189972,7.47229948,138.60,13.70,0.00,39.10,0,-86.00,-13.00,0.00,0.00,57.00,0.00,0,152
26.10,1547801798,345.22,51.51189972,7.47229948,138.60,13.70,0.00,39.10,0,-88.00,-15.00,0.00,0.00,57.00,0.00,0,150
27.09,1547801799,358.77,51.51199752,7.47241249,138.82,13.24,0.00,38.55,0,-86.00,-13.00,0.00,0.00,57.00,0.00,0,152
27.09,1547801799,358.78,51.51199752,7.47241249,138.82,13.24,0.00,38.55,0,-88.00,-15.00,0.00,0.00,57.00,0.00,0,150
28.09,1547801800,372.01,51.51208563,7.47251299,139.10,11.96,0.00,36.65,0,-86.00,-13.00,0.00,0.00,57.00,0.00,0,152
28.09,1547801800,372.02,51.51208563,7.47251299,139.10,11.96,0.00,36.65,0,-88.00,-15.00,0.00,0.00,57.00,0.00,0,150
29.09,1547801801,383.97,51.51217374,7.47259664,139.33,10.97,0.00,33.27,0,-87.00,-13.00,0.00,0.00,57.00,0.00,0,152
29.09,1547801801,383.98,51.51217374,7.47259664,139.33,10.97,0.00,33.27,0,-87.00,-14.00,0.00,0.00,57.00,0.00,0,150
30.09,1547801802,394.93,51.51224806,7.47264143,139.28,8.10,0.00,19.88,0,-87.00,-13.00,0.00,0.00,57.00,0.00,0,152
30.09,1547801802,394.94,51.51224806,7.47264143,139.28,8.10,0.00,19.88,0,-87.00,-14.00,0.00,0.00,57.00,0.00,0,150
31.09,1547801803,403.01,51.51229710,7.47267080,138.84,4.81,0.00,17.03,0,-80.00,-12.00,0.00,0.00,63.00,0.00,0,150
31.09,1547801803,403.02,51.51229710,7.47267080,138.84,4.81,0.00,17.03,0,-81.00,-13.00,0.00,0.00,63.00,0.00,0,152
32.09,1547801804,407.82,51.51233554,7.47269820,138.82,3.91,0.00,15.93,0,-80.00,-12.00,0.00,0.00,63.00,0.00,0,150
32.09,1547801804,407.82,51.51233554,7.47269820,138.82,3.91,0.00,15.93,0,-81.00,-13.00,0.00,0.00,63.00,0.00,0,152
33.09,1547801805,411.71,51.51236350,7.47271431,138.70,2.69,0.00,15.12,0,-81.00,-12.00,0.00,0.00,62.00,0.00,0,152
33.09,1547801805,411.72,51.51236350,7.47271431,138.70,2.69,0.00,15.12,0,-81.00,-13.00,0.00,0.00,62.00,0.00,0,150
34.10,1547801806,414.42,51.51238025,7.47273078,138.59,0.96,0.00,15.12,0,-81.00,-12.00,0.00,0.00,62.00,0.00,0,152
34.10,1547801806,414.42,51.51238025,7.47273078,138.59,0.96,0.00,15.12,0,-81.00,-13.00,0.00,0.00,62.00,0.00,0,150
35.09,1547801807,415.38,51.51239386,7.47274049,138.52,0.71,0.00,15.12,0,-83.00,-11.00,0.00,0.00,59.00,0.00,0,150
35.09,1547801807,415.38,51.51239386,7.47274049,138.52,0.71,0.00,15.12,0,-84.00,-12.00,0.00,0.00,59.00,0.00,0,152
36.09,1547801808,416.09,51.51239386,7.47274049,138.52,0.00,0.00,15.12,0,-83.00,-11.00,0.00,0.00,59.00,0.00,0,150
36.09,1547801808,416.09,51.51239386,7.47274049,138.52,0.00,0.00,15.12,0,-84.00,-12.00,0.00,0.00,59.00,0.00,0,152
37.09,1547801809,416.09,51.51239386,7.47274049,138.52,0.00,0.00,15.12,0,-82.00,-10.00,0.00,0.00,59.00,0.00,0,152
37.09,1547801809,416.09,51.51239386,7.47274049,138.52,0.00,0.00,15.12,0,-85.00,-13.00,0.00,0.00,59.00,0.00,0,150
38.09,1547801810,416.09,51.51239386,7.47274049,138.53,0.00,0.00,15.12,0,-82.00,-10.00,0.00,0.00,59.00,0.00,0,152
38.09,1547801810,416.09,51.51239386,7.47274049,138.53,0.00,0.00,15.12,0,-85.00,-13.00,0.00,0.00,59.00,0.00,0,150
39.09,1547801811,416.09,51.51239386,7.47274049,138.53,0.00,0.00,15.12,0,-82.00,-10.00,0.00,0.00,59.00,0.00,0,152
39.09,1547801811,416.09,51.51239386,7.47274049,138.53,0.00,0.00,15.12,0,-85.00,-13.00,0.00,0.00,59.00,0.00,0,150
40.09,1547801812,416.09,51.51239386,7.47274049,138.53,0.00,0.00,15.12,0,-82.00,-10.00,0.00,0.00,59.00,0.00,0,152
40.09,1547801812,416.09,51.51239386,7.47274049,138.53,0.00,0.00,15.12,0,-85.00,-13.00,0.00,0.00,59.00,0.00,0,150
41.09,1547801813,416.09,51.51239386,7.47274049,138.53,0.00,0.00,15.12,0,-82.00,-10.00,0.00,0.00,59.00,0.00,0,152
41.09,1547801813,416.09,51.51239386,7.47274049,138.53,0.00,0.00,15.12,0,-83.00,-12.00,0.00,0.00,59.00,0.00,0,150
42.09,1547801814,416.09,51.51239386,7.47274049,138.53,0.00,0.00,15.12,0,-82.00,-10.00,0.00,0.00,59.00,0.00,0,152
42.09,1547801814,416.09,51.51239386,7.47274049,138.53,0.00,0.00,15.12,0,-83.00,-12.00,0.00,0.00,59.00,0.00,0,150
43.09,1547801815,416.09,51.51239386,7.47274049,138.52,0.00,0.00,15.12,0,-83.00,-11.00,0.00,0.00,58.00,0.00,0,150
43.09,1547801815,416.09,51.51239386,7.47274049,138.52,0.00,0.00,15.12,0,-83.00,-10.00,0.00,0.00,58.00,0.00,0,152
44.09,1547801816,416.09,51.51239386,7.47274049,138.52,0.00,0.00,15.12,0,-83.00,-11.00,0.00,0.00,58.00,0.00,0,150
44.09,1547801816,416.09,51.51239386,7.47274049,138.52,0.00,0.00,15.12,0,-83.00,-10.00,0.00,0.00,58.00,0.00,0,152
45.09,1547801817,416.09,51.51239386,7.47274049,138.52,0.00,0.00,15.12,0,-83.00,-10.00,0.00,0.00,57.00,0.00,0,150
45.09,1547801817,416.09,51.51239386,7.47274049,138.52,0.00,0.00,15.12,0,-84.00,-9.00,0.00,0.00,57.00,0.00,0,152
46.09,1547801818,416.09,51.51239386,7.47274049,138.52,0.00,0.00,15.12,0,-83.00,-10.00,0.00,0.00,57.00,0.00,0,150
46.09,1547801818,416.09,51.51239386,7.47274049,138.52,0.00,0.00,15.12,0,-84.00,-9.00,0.00,0.00,57.00,0.00,0,152
47.10,1547801819,416.09,51.51239386,7.47274049,138.52,0.00,0.00,15.12,0,-84.00,-9.00,0.00,0.00,57.00,0.00,0,150
47.10,1547801819,416.09,51.51239386,7.47274049,138.52,0.00,0.00,15.12,0,-84.00,-9.00,0.00,0.00,57.00,0.00,0,152
48.09,1547801820,416.09,51.51239386,7.47274049,138.52,0.00,0.00,15.12,0,-84.00,-9.00,0.00,0.00,57.00,0.00,0,150
48.09,1547801820,416.09,51.51239386,7.47274049,138.52,0.00,0.00,15.12,0,-84.00,-9.00,0.00,0.00,57.00,0.00,0,152
49.09,1547801821,416.09,51.51239386,7.47274049,138.53,0.00,0.00,15.12,0,-84.00,-9.00,0.00,0.00,57.00,0.00,0,150
49.09,1547801821,416.09,51.51239386,7.47274049,138.53,0.00,0.00,15.12,0,-84.00,-9.00,0.00,0.00,57.00,0.00,0,152
50.09,1547801822,416.09,51.51239386,7.47274049,138.54,0.00,0.00,15.12,0,-84.00,-10.00,0.00,0.00,57.00,0.00,0,150
50.09,1547801822,416.09,51.51239386,7.47274049,138.54,0.00,0.00,15.12,0,-84.00,-9.00,0.00,0.00,57.00,0.00,0,152
51.09,1547801823,416.09,51.51239386,7.47274049,138.55,0.00,0.00,15.12,0,-84.00,-10.00,0.00,0.00,57.00,0.00,0,150
51.09,1547801823,416.09,51.51239386,7.47274049,138.55,0.00,0.00,15.12,0,-84.00,-9.00,0.00,0.00,57.00,0.00,0,152
52.09,1547801824,416.09,51.51239386,7.47274049,138.56,0.00,0.00,15.12,0,-84.00,-10.00,0.00,0.00,57.00,0.00,0,150
52.09,1547801824,416.09,51.51239386,7.47274049,138.56,0.00,0.00,15.12,0,-84.00,-10.00,0.00,0.00,57.00,0.00,0,152
53.09,1547801825,416.09,51.51239386,7.47274049,138.57,0.00,0.00,15.12,0,-84.00,-10.00,0.00,0.00,57.00,0.00,0,150
53.09,1547801825,416.09,51.51239386,7.47274049,138.57,0.00,0.00,15.12,0,-84.00,-10.00,0.00,0.00,57.00,0.00,0,152
54.09,1547801826,416.09,51.51239386,7.47274049,138.58,0.00,0.00,15.12,0,-83.00,-11.00,0.00,0.00,58.00,0.00,0,150
54.09,1547801826,416.09,51.51239386,7.47274049,138.58,0.00,0.00,15.12,0,-84.00,-11.00,0.00,0.00,58.00,0.00,0,152
55.09,1547801827,416.09,51.51239386,7.47274049,138.58,0.00,0.00,15.12,0,-83.00,-11.00,0.00,0.00,58.00,0.00,0,150
55.09,1547801827,416.09,51.51239386,7.47274049,138.58,0.00,0.00,15.12,0,-84.00,-11.00,0.00,0.00,58.00,0.00,0,152
56.09,1547801828,416.09,51.51239386,7.47274049,138.59,0.00,0.00,15.12,0,-83.00,-10.00,0.00,0.00,58.00,0.00,0,150
56.09,1547801828,416.09,51.51239386,7.47274049,138.59,0.00,0.00,15.12,0,-84.00,-10.00,0.00,0.00,58.00,0.00,0,152
57.09,1547801829,416.09,51.51239386,7.47274049,138.61,0.00,0.00,15.12,0,-83.00,-10.00,0.00,0.00,58.00,0.00,0,150
57.09,1547801829,416.09,51.51239386,7.47274049,138.61,0.00,0.00,15.12,0,-84.00,-10.00,0.00,0.00,58.00,0.00,0,152
58.09,1547801830,416.09,51.51239386,7.47274049,138.62,0.00,0.00,15.12,0,-84.00,-10.00,0.00,0.00,57.00,0.00,0,150
58.09,1547801830,416.09,51.51239386,7.47274049,138.62,0.00,0.00,15.12,0,-84.00,-10.00,0.00,0.00,57.00,0.00,0,152
59.09,1547801831,416.09,51.51239386,7.47274049,138.64,0.00,0.00,15.12,0,-84.00,-10.00,0.00,0.00,57.00,0.00,0,150
59.09,1547801831,416.09,51.51239386,7.47274049,138.64,0.00,0.00,15.12,0,-84.00,-10.00,0.00,0.00,57.00,0.00,0,152
60.09,1547801832,416.09,51.51239386,7.47274049,138.66,0.00,0.00,15.12,0,-84.00,-10.00,0.00,0.00,57.00,0.00,0,150
60.09,1547801832,416.09,51.51239386,7.47274049,138.66,0.00,0.00,15.12,0,-84.00,-9.00,0.00,0.00,57.00,0.00,0,152
61.09,1547801833,416.09,51.51239386,7.47274049,138.69,0.00,0.00,15.12,0,-84.00,-10.00,0.00,0.00,57.00,0.00,0,150
61.09,1547801833,416.09,51.51239386,7.47274049,138.69,0.00,0.00,15.12,0,-84.00,-9.00,0.00,0.00,57.00,0.00,0,152
62.09,1547801834,416.09,51.51239386,7.47274049,138.74,0.00,0.00,15.12,0,-84.00,-11.00,0.00,0.00,58.00,0.00,0,150
62.09,1547801834,416.09,51.51239386,7.47274049,138.74,0.00,0.00,15.12,0,-84.00,-11.00,0.00,0.00,58.00,0.00,0,152
63.09,1547801835,416.09,51.51239386,7.47274049,138.78,0.00,0.00,15.12,0,-84.00,-11.00,0.00,0.00,58.00,0.00,0,150
63.09,1547801835,416.09,51.51239386,7.47274049,138.78,0.00,0.00,15.12,0,-84.00,-11.00,0.00,0.00,58.00,0.00,0,152
64.09,1547801836,416.09,51.51239386,7.47274049,138.83,0.00,0.00,15.12,0,-82.00,-10.00,0.00,0.00,59.00,0.00,0,152
64.09,1547801836,416.09,51.51239386,7.47274049,138.83,0.00,0.00,15.12,0,-82.00,-10.00,0.00,0.00,59.00,0.00,0,150
65.09,1547801837,416.09,51.51239386,7.47274049,139.27,0.00,0.00,15.12,0,-82.00,-10.00,0.00,0.00,59.00,0.00,0,152
65.09,1547801837,416.09,51.51239386,7.47274049,139.27,0.00,0.00,15.12,0,-82.00,-10.00,0.00,0.00,59.00,0.00,0,150
66.09,1547801838,416.09,51.51239386,7.47274049,143.19,0.00,0.00,4.53,0,-83.00,-9.00,0.00,0.00,57.00,0.00,0,150
66.09,1547801838,416.09,51.51239386,7.47274049,143.19,0.00,0.00,4.53,0,-84.00,-10.00,0.00,0.00,57.00,0.00,0,152
67.09,1547801839,416.09,51.51252559,7.47274230,143.78,0.00,0.00,4.65,0,-83.00,-9.00,0.00,0.00,57.00,0.00,0,150
67.09,1547801839,416.09,51.51252559,7.47274230,143.78,0.00,0.00,4.65,0,-84.00,-10.00,0.00,0.00,57.00,0.00,0,152
68.10,1547801840,416.10,51.51260362,7.47275050,143.24,8.10,0.00,3.98,0,-84.00,-9.00,0.00,0.00,56.00,0.00,0,152
68.10,1547801840,416.11,51.51260362,7.47275050,143.24,8.10,0.00,3.98,0,-84.00,-9.00,0.00,0.00,56.00,0.00,0,150
69.09,1547801841,424.13,51.51267573,7.47275539,142.33,9.05,0.00,3.64,0,-84.00,-9.00,0.00,0.00,56.00,0.00,0,152
69.09,1547801841,424.14,51.51267573,7.47275539,142.33,9.05,0.00,3.64,0,-84.00,-9.00,0.00,0.00,56.00,0.00,0,150
70.09,1547801842,433.18,51.51276468,7.47276329,141.33,9.50,0.00,3.50,0,-84.00,-9.00,0.00,0.00,56.00,0.00,0,152
70.09,1547801842,433.19,51.51276468,7.47276329,141.33,9.50,0.00,3.50,0,-84.00,-9.00,0.00,0.00,56.00,0.00,0,150
71.09,1547801843,442.69,51.51286095,7.47277201,140.60,10.48,0.00,4.34,0,-82.00,-9.00,0.00,0.00,57.00,0.00,0,152
71.09,1547801843,442.70,51.51286095,7.47277201,140.60,10.48,0.00,4.34,0,-82.00,-10.00,0.00,0.00,57.00,0.00,0,150
72.09,1547801844,453.15,51.51296259,7.47278061,139.92,11.46,0.00,3.90,0,-82.00,-9.00,0.00,0.00,57.00,0.00,0,152
72.09,1547801844,453.15,51.51296259,7.47278061,139.92,11.46,0.00,3.90,0,-82.00,-10.00,0.00,0.00,57.00,0.00,0,150
73.09,1547801845,464.62,51.51306589,7.47278969,139.50,11.21,0.00,3.35,0,-81.00,-10.00,0.00,0.00,58.00,0.00,0,152
73.09,1547801845,464.63,51.51306589,7.47278969,139.50,11.21,0.00,3.35,0,-81.00,-9.00,0.00,0.00,58.00,0.00,0,150
74.09,1547801846,475.83,51.51315852,7.47280341,138.99,11.10,0.00,3.68,0,-81.00,-10.00,0.00,0.00,58.00,0.00,0,152
74.09,1547801846,475.83,51.51315852,7.47280341,138.99,11.10,0.00,3.68,0,-81.00,-9.00,0.00,0.00,58.00,0.00,0,150
75.09,1547801847,486.98,51.51324400,7.47281723,138.40,10.29,0.00,4.68,0,-92.00,-10.00,0.00,0.00,51.00,0.00,0,358
75.09,1547801847,486.98,51.51324400,7.47281723,138.40,10.29,0.00,4.68,0,-78.00,-9.00,0.00,0.00,60.00,0.00,0,150
75.09,1547801847,486.99,51.51324400,7.47281723,138.40,10.29,0.00,4.68,0,-81.00,-10.00,0.00,0.00,60.00,0.00,0,152
76.09,1547801848,497.26,51.51332276,7.47283132,137.86,9.63,0.00,4.15,0,-92.00,-10.00,0.00,0.00,51.00,0.00,0,358
76.09,1547801848,497.27,51.51332276,7.47283132,137.86,9.63,0.00,4.15,0,-78.00,-9.00,0.00,0.00,60.00,0.00,0,150
76.09,1547801848,497.28,51.51332276,7.47283132,137.86,9.63,0.00,4.15,0,-81.00,-10.00,0.00,0.00,60.00,0.00,0,152
77.09,1547801849,506.87,51.51340168,7.47284067,137.22,8.70,0.00,4.48,0,-98.00,-9.00,0.00,0.00,44.00,0.00,0,372
77.09,1547801849,506.88,51.51340168,7.47284067,137.22,8.70,0.00,4.48,0,-80.00,-7.00,0.00,0.00,58.00,0.00,0,152
77.09,1547801849,506.89,51.51340168,7.47284067,137.22,8.70,0.00,4.48,0,-86.00,-13.00,0.00,0.00,58.00,0.00,0,150
78.09,1547801850,515.57,51.51347235,7.47284386,136.38,7.89,0.00,4.46,0,-98.00,-9.00,0.00,0.00,44.00,0.00,0,372
78.09,1547801850,515.58,51.51347235,7.47284386,136.38,7.89,0.00,4.46,0,-80.00,-7.00,0.00,0.00,58.00,0.00,0,152
78.09,1547801850,515.58,51.51347235,7.47284386,136.38,7.89,0.00,4.46,0,-86.00,-13.00,0.00,0.00,58.00,0.00,0,150
79.09,1547801851,523.46,51.51354084,7.47284457,135.77,6.76,0.00,3.57,0,-94.00,-7.00,0.00,0.00,44.00,0.00,0,324
79.09,1547801851,523.46,51.51354084,7.47284457,135.77,6.76,0.00,3.57,0,-78.00,-8.00,0.00,0.00,60.00,0.00,0,152
80.09,1547801852,530.21,51.51358286,7.47284767,135.33,4.84,0.00,3.23,0,-94.00,-7.00,0.00,0.00,44.00,0.00,0,324
80.09,1547801852,530.21,51.51358286,7.47284767,135.33,4.84,0.00,3.23,0,-78.00,-8.00,0.00,0.00,60.00,0.00,0,152
81.09,1547801853,535.06,51.51361195,7.47285137,135.26,3.38,0.00,2.88,0,-89.00,-9.00,0.00,0.00,51.00,0.00,0,358
81.09,1547801853,535.06,51.51361195,7.47285137,135.26,3.38,0.00,2.88,0,-79.00,-7.00,0.00,0.00,60.00,0.00,0,152
82.09,1547801854,538.42,51.51362970,7.47285374,135.17,2.11,0.00,3.32,0,-89.00,-9.00,0.00,0.00,51.00,0.00,0,358
82.09,1547801854,538.42,51.51362970,7.47285374,135.17,2.11,0.00,3.32,0,-79.00,-7.00,0.00,0.00,60.00,0.00,0,152
83.09,1547801855,540.53,51.51364409,7.47285659,135.06,1.81,0.00,2.87,0,-94.00,-9.00,0.00,0.00,47.00,0.00,0,324
83.09,1547801855,540.53,51.51364409,7.47285659,135.06,1.81,0.00,2.87,0,-74.00,-6.00,0.00,0.00,63.00,0.00,0,152
84.09,1547801856,542.35,51.51366266,7.47286112,134.93,3.02,0.00,3.36,0,-94.00,-9.00,0.00,0.00,47.00,0.00,0,324
84.09,1547801856,542.35,51.51366266,7.47286112,134.93,3.02,0.00,3.36,0,-74.00,-6.00,0.00,0.00,63.00,0.00,0,152
85.09,1547801857,545.37,51.51369175,7.47286726,133.66,4.69,0.00,3.22,0,-76.00,-7.00,0.00,0.00,61.00,0.00,0,152
86.09,1547801858,550.05,51.51374800,7.47287183,132.64,5.67,0.00,4.30,0,-76.00,-7.00,0.00,0.00,61.00,0.00,0,152
87.09,1547801859,555.73,51.51380035,7.47287808,131.67,6.51,0.00,4.43,0,-80.00,-6.00,0.00,0.00,56.00,0.00,0,152
88.09,1547801860,562.24,51.51385326,7.47288007,131.29,5.38,0.00,4.51,0,-80.00,-6.00,0.00,0.00,56.00,0.00,0,152
89.10,1547801861,567.67,51.51392721,7.47288033,131.70,6.08,0.00,3.18,0,-77.00,-6.00,0.00,0.00,60.00,0.00,0,152
90.09,1547801862,573.70,51.51400072,7.47288341,132.14,6.75,0.00,2.28,0,-77.00,-6.00,0.00,0.00,60.00,0.00,0,152
91.09,1547801863,580.46,51.51407173,7.47288663,132.60,7.16,0.00,2.51,0,-77.00,-6.00,0.00,0.00,60.00,0.00,0,152
92.09,1547801864,587.61,51.51413341,7.47289167,132.89,7.45,0.00,3.15,0,-76.00,-7.00,0.00,0.00,61.00,0.00,0,152
93.09,1547801865,595.07,51.51417773,7.47289691,132.90,3.94,0.00,3.49,0,-76.00,-7.00,0.00,0.00,61.00,0.00,0,152
94.09,1547801866,599.01,51.51421641,7.47289718,132.92,2.36,0.00,3.66,0,-76.00,-7.00,0.00,0.00,62.00,0.00,0,152
95.09,1547801867,601.36,51.51422662,7.47289864,132.91,0.99,0.00,3.10,0,-76.00,-7.00,0.00,0.00,62.00,0.00,0,152
96.09,1547801868,602.36,51.51422999,7.47290486,132.85,0.92,0.00,3.10,0,-77.00,-7.00,0.00,0.00,61.00,0.00,0,152
97.09,1547801869,603.28,51.51424419,7.47290869,132.80,2.10,0.00,3.59,0,-77.00,-7.00,0.00,0.00,61.00,0.00,0,152
98.09,1547801870,605.38,51.51426729,7.47291435,132.75,3.22,0.00,5.28,0,-78.00,-7.00,0.00,0.00,60.00,0.00,0,152
99.09,1547801871,608.60,51.51431593,7.47292517,132.34,5.19,0.00,6.87,0,-78.00,-7.00,0.00,0.00,60.00,0.00,0,152
100.09,1547801872,613.77,51.51438182,7.47293653,132.00,7.52,0.00,5.57,0,-73.00,-7.00,0.00,0.00,63.00,0.00,0,152
101.09,1547801873,621.32,51.51445992,7.47294705,131.97,8.65,0.00,4.76,0,-73.00,-7.00,0.00,0.00,63.00,0.00,0,152
102.09,1547801874,629.96,51.51455854,7.47295574,132.23,9.85,0.00,4.38,0,-78.00,-7.00,0.00,0.00,59.00,0.00,0,152
103.09,1547801875,639.81,51.51465931,7.47296638,132.83,11.80,0.00,4.76,0,-78.00,-7.00,0.00,0.00,59.00,0.00,0,152
104.09,1547801876,651.60,51.51475229,7.47297630,133.66,12.34,0.00,4.75,0,-78.00,-7.00,0.00,0.00,59.00,0.00,0,152
105.09,1547801877,664.00,51.51486508,7.47298723,134.28,13.48,0.00,4.38,0,-78.00,-7.00,0.00,0.00,59.00,0.00,0,152
106.09,1547801878,677.45,51.51498858,7.47299818,134.72,13.32,0.00,3.43,0,-77.00,-6.00,0.00,0.00,60.00,0.00,0,152
107.08,1547801879,690.69,51.51510934,7.47300261,135.23,13.03,0.00,1.90,0,-77.00,-6.00,0.00,0.00,60.00,0.00,0,152
108.09,1547801880,703.75,51.51522553,7.47299718,135.82,12.63,0.00,359.60,0,-87.00,-9.00,0.00,0.00,52.00,0.00,0,152
108.09,1547801880,703.76,51.51522553,7.47299718,135.82,12.63,0.00,359.60,0,-93.00,-14.00,0.00,0.00,50.00,0.00,0,273
109.09,1547801881,716.43,51.51534496,7.47298037,136.26,12.90,0.00,356.80,0,-87.00,-9.00,0.00,0.00,52.00,0.00,0,152
109.09,1547801881,716.45,51.51534496,7.47298037,136.26,12.90,0.00,356.80,0,-93.00,-14.00,0.00,0.00,50.00,0.00,0,273
110.09,1547801882,729.32,51.51545955,7.47295607,136.41,14.00,0.00,353.80,0,-86.00,-8.00,0.00,0.00,52.00,0.00,0,152
111.09,1547801883,743.39,51.51556765,7.47291326,135.84,13.09,0.00,350.20,0,-86.00,-8.00,0.00,0.00,52.00,0.00,0,152
112.10,1547801884,756.50,51.51568444,7.47285054,135.87,12.90,0.00,346.37,0,-84.00,-9.00,0.00,0.00,55.00,0.00,0,152
112.10,1547801884,756.50,51.51568444,7.47285054,135.87,12.90,0.00,346.37,0,-91.00,-15.00,0.00,0.00,55.00,0.00,0,151
113.09,1547801885,769.30,51.51579163,7.47278134,136.02,12.93,0.00,342.73,0,-84.00,-9.00,0.00,0.00,55.00,0.00,0,152
113.09,1547801885,769.32,51.51579163,7.47278134,136.02,12.93,0.00,342.73,0,-91.00,-15.00,0.00,0.00,55.00,0.00,0,151
114.09,1547801886,782.27,51.51590124,7.47269958,136.55,13.27,0.00,338.75,0,-84.00,-9.00,0.00,0.00,55.00,0.00,0,152
114.09,1547801886,782.29,51.51590124,7.47269958,136.55,13.27,0.00,338.75,0,-91.00,-15.00,0.00,0.00,55.00,0.00,0,151
115.09,1547801887,795.55,51.51599498,7.47258638,137.09,13.20,0.00,325.59,0,-95.00,-7.00,0.00,0.00,44.00,0.00,0,372
115.09,1547801887,795.56,51.51599498,7.47258638,137.09,13.20,0.00,325.59,0,-84.00,-8.00,0.00,0.00,53.00,0.00,0,152
116.09,1547801888,808.74,51.51609632,7.47245343,137.38,14.22,0.00,323.73,0,-95.00,-7.00,0.00,0.00,44.00,0.00,0,372
116.09,1547801888,808.75,51.51609632,7.47245343,137.38,14.22,0.00,323.73,0,-84.00,-8.00,0.00,0.00,53.00,0.00,0,152
117.09,1547801889,822.99,51.51620782,7.47229884,137.77,14.65,0.00,320.76,0,-96.00,-7.00,0.00,0.00,43.00,0.00,0,372
117.09,1547801889,822.99,51.51620782,7.47229884,137.77,14.65,0.00,320.76,0,-88.00,-9.00,0.00,0.00,52.00,0.00,0,152
117.09,1547801889,823.01,51.51620782,7.47229884,137.77,14.65,0.00,320.76,0,-90.00,-10.00,0.00,0.00,51.00,0.00,0,273
118.08,1547801890,837.53,51.51631026,7.47214256,137.69,14.26,0.00,317.14,0,-96.00,-7.00,0.00,0.00,43.00,0.00,0,372
118.09,1547801890,837.55,51.51631026,7.47214256,137.69,14.26,0.00,317.14,0,-88.00,-9.00,0.00,0.00,52.00,0.00,0,152
118.09,1547801890,837.55,51.51631026,7.47214256,137.69,14.26,0.00,317.14,0,-90.00,-10.00,0.00,0.00,51.00,0.00,0,273
119.09,1547801891,851.81,51.51638992,7.47199445,136.81,14.39,0.00,313.29,0,-95.00,-7.00,0.00,0.00,44.00,0.00,0,372
119.09,1547801891,851.81,51.51638992,7.47199445,136.81,14.39,0.00,313.29,0,-87.00,-9.00,0.00,0.00,53.00,0.00,0,152
119.09,1547801891,851.81,51.51638992,7.47199445,136.81,14.39,0.00,313.29,0,-91.00,-12.00,0.00,0.00,52.00,0.00,0,295
120.09,1547801892,866.27,51.51645091,7.47180177,136.02,14.22,0.00,299.67,0,-95.00,-7.00,0.00,0.00,44.00,0.00,0,372
120.09,1547801892,866.29,51.51645091,7.47180177,136.02,14.22,0.00,299.67,0,-87.00,-9.00,0.00,0.00,53.00,0.00,0,152
120.09,1547801892,866.30,51.51645091,7.47180177,136.02,14.22,0.00,299.67,0,-91.00,-12.00,0.00,0.00,52.00,0.00,0,295
121.09,1547801893,880.52,51.51650486,7.47162595,135.09,14.19,0.00,298.61,0,-83.00,-10.00,0.00,0.00,59.00,0.00,0,151
121.09,1547801893,880.52,51.51650486,7.47162595,135.09,14.19,0.00,298.61,0,-87.00,-14.00,0.00,0.00,59.00,0.00,0,152
122.09,1547801894,894.61,51.51656466,7.47142330,134.58,14.76,0.00,297.52,0,-83.00,-10.00,0.00,0.00,59.00,0.00,0,151
122.09,1547801894,894.63,51.51656466,7.47142330,134.58,14.76,0.00,297.52,0,-87.00,-14.00,0.00,0.00,59.00,0.00,0,152
123.09,1547801895,909.39,51.51662122,7.47122217,133.71,15.23,0.00,296.74,0,-83.00,-8.00,0.00,0.00,56.00,0.00,0,151
123.09,1547801895,909.39,51.51662122,7.47122217,133.71,15.23,0.00,296.74,0,-90.00,-15.00,0.00,0.00,56.00,0.00,0,152
124.09,1547801896,924.69,51.51666745,7.47103056,132.72,15.00,0.00,296.22,0,-83.00,-8.00,0.00,0.00,56.00,0.00,0,151
124.09,1547801896,924.71,51.51666745,7.47103056,132.72,15.00,0.00,296.22,0,-90.00,-15.00,0.00,0.00,56.00,0.00,0,152
125.09,1547801897,939.68,51.51671840,7.47083646,131.63,14.60,0.00,295.72,0,-96.00,-7.00,0.00,0.00,43.00,0.00,0,372
125.09,1547801897,939.68,51.51671840,7.47083646,131.63,14.60,0.00,295.72,0,-82.00,-9.00,0.00,0.00,57.00,0.00,0,151
126.09,1547801898,954.30,51.51676952,7.47064089,130.69,15.04,0.00,295.42,0,-96.00,-7.00,0.00,0.00,43.00,0.00,0,372
126.09,1547801898,954.30,51.51676952,7.47064089,130.69,15.04,0.00,295.42,0,-82.00,-9.00,0.00,0.00,57.00,0.00,0,151
127.09,1547801899,969.33,51.51682434,7.47042987,129.93,15.19,0.00,294.48,0,-89.00,-10.00,0.00,0.00,52.00,0.00,0,151
127.09,1547801899,969.34,51.51682434,7.47042987,129.93,15.19,0.00,294.48,0,-92.00,-14.00,0.00,0.00,52.00,0.00,0,152
128.09,1547801900,984.51,51.51687170,7.47022179,129.06,15.27,0.00,292.37,0,-89.00,-10.00,0.00,0.00,52.00,0.00,0,151
128.09,1547801900,984.53,51.51687170,7.47022179,129.06,15.27,0.00,292.37,0,-92.00,-14.00,0.00,0.00,52.00,0.00,0,152
129.09,1547801901,999.78,51.51691376,7.47002387,128.10,14.29,0.00,289.83,0,-92.00,-11.00,0.00,0.00,50.00,0.00,0,295
129.09,1547801901,999.80,51.51691376,7.47002387,128.10,14.29,0.00,289.83,0,-93.00,-12.00,0.00,0.00,50.00,0.00,0,151
130.09,1547801902,1014.06,51.51695071,7.46983482,127.16,11.04,0.00,290.31,0,-92.00,-11.00,0.00,0.00,50.00,0.00,0,295
130.09,1547801902,1014.07,51.51695071,7.46983482,127.16,11.04,0.00,290.31,0,-93.00,-12.00,0.00,0.00,50.00,0.00,0,151
131.09,1547801903,1025.08,51.51698532,7.46968339,126.84,10.15,0.00,290.95,0,-92.00,-9.00,0.00,0.00,50.00,0.00,0,372
131.09,1547801903,1025.08,51.51698532,7.46968339,126.84,10.15,0.00,290.95,0,-88.00,-9.00,0.00,0.00,51.00,0.00,0,295
131.09,1547801903,1025.08,51.51698532,7.46968339,126.84,10.15,0.00,290.95,0,-93.00,-14.00,0.00,0.00,51.00,0.00,0,151
132.09,1547801904,1035.25,51.51701354,7.46954583,126.95,9.20,0.00,290.15,0,-92.00,-9.00,0.00,0.00,50.00,0.00,0,372
132.09,1547801904,1035.26,51.51701354,7.46954583,126.95,9.20,0.00,290.15,0,-88.00,-9.00,0.00,0.00,51.00,0.00,0,295
132.09,1547801904,1035.26,51.51701354,7.46954583,126.95,9.20,0.00,290.15,0,-93.00,-14.00,0.00,0.00,51.00,0.00,0,151
133.10,1547801905,1044.56,51.51704730,7.46938794,127.30,8.69,0.00,291.03,0,-95.00,-12.00,0.00,0.00,49.00,0.00,0,372
133.10,1547801905,1044.57,51.51704730,7.46938794,127.30,8.69,0.00,291.03,0,-91.00,-10.00,0.00,0.00,49.00,0.00,0,295
133.10,1547801905,1044.58,51.51704730,7.46938794,127.30,8.69,0.00,291.03,0,-93.00,-11.00,0.00,0.00,49.00,0.00,0,151
134.09,1547801906,1053.14,51.51707240,7.46924654,127.24,10.04,0.00,289.78,0,-95.00,-12.00,0.00,0.00,49.00,0.00,0,372
134.09,1547801906,1053.14,51.51707240,7.46924654,127.24,10.04,0.00,289.78,0,-91.00,-10.00,0.00,0.00,49.00,0.00,0,295
134.09,1547801906,1053.15,51.51707240,7.46924654,127.24,10.04,0.00,289.78,0,-93.00,-11.00,0.00,0.00,49.00,0.00,0,151
135.09,1547801907,1063.21,51.51709890,7.46909261,126.96,11.83,0.00,288.97,0,-95.00,-12.00,0.00,0.00,49.00,0.00,0,372
135.09,1547801907,1063.22,51.51709890,7.46909261,126.96,11.83,0.00,288.97,0,-91.00,-10.00,0.00,0.00,49.00,0.00,0,295
135.09,1547801907,1063.23,51.51709890,7.46909261,126.96,11.83,0.00,288.97,0,-93.00,-11.00,0.00,0.00,49.00,0.00,0,151
136.09,1547801908,1075.03,51.51712745,7.46893396,126.31,13.09,0.00,288.34,0,-84.00,-7.00,0.00,0.00,54.00,0.00,0,295
137.09,1547801909,1088.11,51.51716415,7.46874585,125.74,13.88,0.00,288.94,0,-84.00,-7.00,0.00,0.00,54.00,0.00,0,295
138.09,1547801910,1102.02,51.51720394,7.46855669,125.49,14.48,0.00,290.26,0,-95.00,-7.00,0.00,0.00,43.00,0.00,0,372
138.09,1547801910,1102.03,51.51720394,7.46855669,125.49,14.48,0.00,290.26,0,-87.00,-8.00,0.00,0.00,52.00,0.00,0,295
138.09,1547801910,1102.03,51.51720394,7.46855669,125.49,14.48,0.00,290.26,0,-92.00,-13.00,0.00,0.00,51.00,0.00,0,151
139.09,1547801911,1116.48,51.51724830,7.46836542,125.60,15.12,0.00,291.29,0,-95.00,-7.00,0.00,0.00,43.00,0.00,0,372
139.09,1547801911,1116.50,51.51724830,7.46836542,125.60,15.12,0.00,291.29,0,-87.00,-8.00,0.00,0.00,52.00,0.00,0,295
139.09,1547801911,1116.50,51.51724830,7.46836542,125.60,15.12,0.00,291.29,0,-92.00,-13.00,0.00,0.00,51.00,0.00,0,151
140.09,1547801912,1131.59,51.51729666,7.46816143,125.79,15.49,0.00,291.75,0,-84.00,-7.00,0.00,0.00,53.00,0.00,0,146
141.09,1547801913,1147.06,51.51735336,7.46793972,125.62,15.47,0.00,292.09,0,-84.00,-7.00,0.00,0.00,53.00,0.00,0,146
142.09,1547801914,1162.52,51.51741845,7.46771667,125.06,15.46,0.00,293.87,0,-98.00,-7.00,0.00,0.00,42.00,0.00,0,372
142.09,1547801914,1162.53,51.51741845,7.46771667,125.06,15.46,0.00,293.87,0,-89.00,-9.00,0.00,0.00,51.00,0.00,0,146
142.09,1547801914,1162.53,51.51741845,7.46771667,125.06,15.46,0.00,293.87,0,-95.00,-13.00,0.00,0.00,50.00,0.00,0,273
143.09,1547801915,1178.04,51.51747979,7.46752271,124.62,15.03,0.00,295.22,0,-98.00,-7.00,0.00,0.00,42.00,0.00,0,372
143.09,1547801915,1178.05,51.51747979,7.46752271,124.62,15.03,0.00,295.22,0,-89.00,-9.00,0.00,0.00,51.00,0.00,0,146
143.09,1547801915,1178.07,51.51747979,7.46752271,124.62,15.03,0.00,295.22,0,-95.00,-13.00,0.00,0.00,50.00,0.00,0,273
144.09,1547801916,1193.06,51.51754018,7.46733721,124.37,14.60,0.00,295.85,0,-94.00,-11.00,0.00,0.00,48.00,0.00,0,151
144.09,1547801916,1193.07,51.51754018,7.46733721,124.37,14.60,0.00,295.85,0,-95.00,-13.00,0.00,0.00,48.00,0.00,0,146
145.09,1547801917,1207.64,51.51759734,7.46715557,124.24,14.29,0.00,295.09,0,-94.00,-11.00,0.00,0.00,48.00,0.00,0,151
145.09,1547801917,1207.66,51.51759734,7.46715557,124.24,14.29,0.00,295.09,0,-95.00,-13.00,0.00,0.00,48.00,0.00,0,146
146.09,1547801918,1221.95,51.51765435,7.46696128,124.24,14.49,0.00,293.77,0,-95.00,-11.00,0.00,0.00,48.00,0.00,0,146
146.09,1547801918,1221.95,51.51765435,7.46696128,124.24,14.49,0.00,293.77,0,-96.00,-13.00,0.00,0.00,48.00,0.00,0,151
147.09,1547801919,1236.45,51.51770011,7.46677635,124.37,14.62,0.00,291.92,0,-95.00,-11.00,0.00,0.00,48.00,0.00,0,146
147.09,1547801919,1236.45,51.51770011,7.46677635,124.37,14.62,0.00,291.92,0,-96.00,-13.00,0.00,0.00,48.00,0.00,0,151
148.09,1547801920,1251.06,51.51774027,7.46658591,124.60,14.44,0.00,289.72,0,-99.00,-9.00,0.00,0.00,43.00,0.00,0,470
148.09,1547801920,1251.08,51.51774027,7.46658591,124.60,14.44,0.00,289.72,0,-96.00,-11.00,0.00,0.00,46.00,0.00,0,146
148.09,1547801920,1251.08,51.51774027,7.46658591,124.60,14.44,0.00,289.72,0,-97.00,-13.00,0.00,0.00,46.00,0.00,0,151
149.09,1547801921,1265.50,51.51777387,7.46639049,124.74,13.97,0.00,287.29,0,-99.00,-9.00,0.00,0.00,43.00,0.00,0,470
149.09,1547801921,1265.51,51.51777387,7.46639049,124.74,13.97,0.00,287.29,0,-96.00,-11.00,0.00,0.00,46.00,0.00,0,146
149.09,1547801921,1265.53,51.51777387,7.46639049,124.74,13.97,0.00,287.29,0,-97.00,-13.00,0.00,0.00,46.00,0.00,0,151
150.09,1547801922,1279.48,51.51780427,7.46619921,125.04,13.37,0.00,285.40,0,-99.00,-10.00,0.00,0.00,43.00,0.00,0,470
150.09,1547801922,1279.50,51.51780427,7.46619921,125.04,13.37,0.00,285.40,0,-101.00,-10.00,0.00,0.00,41.00,0.00,0,201
150.09,1547801922,1279.51,51.51780427,7.46619921,125.04,13.37,0.00,285.40,0,-103.00,-14.00,0.00,0.00,43.00,0.00,0,24
150.09,1547801922,1279.51,51.51780427,7.46619921,125.04,13.37,0.00,285.40,0,-95.00,-11.00,0.00,0.00,47.00,0.00,0,146
150.09,1547801922,1279.52,51.51780427,7.46619921,125.04,13.37,0.00,285.40,0,-98.00,-14.00,0.00,0.00,48.00,0.00,0,151
151.09,1547801923,1292.81,51.51782952,7.46600407,125.41,13.23,0.00,283.48,0,-99.00,-10.00,0.00,0.00,43.00,0.00,0,470
151.09,1547801923,1292.82,51.51782952,7.46600407,125.41,13.23,0.00,283.48,0,-101.00,-10.00,0.00,0.00,41.00,0.00,0,201
151.09,1547801923,1292.82,51.51782952,7.46600407,125.41,13.23,0.00,283.48,0,-103.00,-14.00,0.00,0.00,43.00,0.00,0,24
151.09,1547801923,1292.82,51.51782952,7.46600407,125.41,13.23,0.00,283.48,0,-95.00,-11.00,0.00,0.00,47.00,0.00,0,146
151.09,1547801923,1292.84,51.51782952,7.46600407,125.41,13.23,0.00,283.48,0,-98.00,-14.00,0.00,0.00,48.00,0.00,0,151
152.09,1547801924,1306.06,51.51784841,7.46580479,126.21,13.01,0.00,281.26,0,-88.00,-8.00,0.00,0.00,50.00,0.00,0,189
153.09,1547801925,1319.05,51.51786136,7.46562621,126.75,12.61,0.00,279.23,0,-88.00,-8.00,0.00,0.00,50.00,0.00,0,189
154.09,1547801926,1331.70,51.51787119,7.46544137,127.43,12.56,0.00,276.80,0,-99.00,-11.00,0.00,0.00,44.00,0.00,0,443
154.09,1547801926,1331.70,51.51787119,7.46544137,127.43,12.56,0.00,276.80,0,-99.00,-11.00,0.00,0.00,43.00,0.00,0,358
154.09,1547801926,1331.72,51.51787119,7.46544137,127.43,12.56,0.00,276.80,0,-89.00,-8.00,0.00,0.00,49.00,0.00,0,189
155.09,1547801927,1344.25,51.51787422,7.46523404,128.25,12.61,0.00,273.84,0,-99.00,-11.00,0.00,0.00,44.00,0.00,0,443
155.09,1547801927,1344.25,51.51787422,7.46523404,128.25,12.61,0.00,273.84,0,-99.00,-11.00,0.00,0.00,43.00,0.00,0,358
155.09,1547801927,1344.26,51.51787422,7.46523404,128.25,12.61,0.00,273.84,0,-89.00,-8.00,0.00,0.00,49.00,0.00,0,189
156.10,1547801928,1356.95,51.51787384,7.46504990,128.88,12.50,0.00,271.83,0,-96.00,-9.00,0.00,0.00,46.00,0.00,0,443
156.10,1547801928,1356.97,51.51787384,7.46504990,128.88,12.50,0.00,271.83,0,-96.00,-11.00,0.00,0.00,47.00,0.00,0,24
156.10,1547801928,1356.98,51.51787384,7.46504990,128.88,12.50,0.00,271.83,0,-99.00,-11.00,0.00,0.00,44.00,0.00,0,358
156.10,1547801928,1356.98,51.51787384,7.46504990,128.88,12.50,0.00,271.83,0,-86.00,-7.00,0.00,0.00,52.00,0.00,0,189
157.09,1547801929,1369.34,51.51786967,7.46485850,129.20,12.23,0.00,269.90,0,-96.00,-9.00,0.00,0.00,46.00,0.00,0,443
157.09,1547801929,1369.35,51.51786967,7.46485850,129.20,12.23,0.00,269.90,0,-96.00,-11.00,0.00,0.00,47.00,0.00,0,24
157.09,1547801929,1369.36,51.51786967,7.46485850,129.20,12.23,0.00,269.90,0,-99.00,-11.00,0.00,0.00,44.00,0.00,0,358
157.09,1547801929,1369.37,51.51786967,7.46485850,129.20,12.23,0.00,269.90,0,-86.00,-7.00,0.00,0.00,52.00,0.00,0,189
158.09,1547801930,1381.58,51.51785995,7.46468083,128.88,12.48,0.00,267.51,0,-96.00,-9.00,0.00,0.00,46.00,0.00,0,443
158.09,1547801930,1381.59,51.51785995,7.46468083,128.88,12.48,0.00,267.51,0,-96.00,-11.00,0.00,0.00,47.00,0.00,0,24
158.09,1547801930,1381.59,51.51785995,7.46468083,128.88,12.48,0.00,267.51,0,-99.00,-11.00,0.00,0.00,44.00,0.00,0,358
158.09,1547801930,1381.61,51.51785995,7.46468083,128.88,12.48,0.00,267.51,0,-86.00,-7.00,0.00,0.00,52.00,0.00,0,189
159.09,1547801931,1394.06,51.51784640,7.46451307,128.27,12.80,0.00,265.28,0,-94.00,-9.00,0.00,0.00,48.00,0.00,0,443
159.09,1547801931,1394.07,51.51784640,7.46451307,128.27,12.80,0.00,265.28,0,-96.00,-11.00,0.00,0.00,49.00,0.00,0,470
159.09,1547801931,1394.09,51.51784640,7.46451307,128.27,12.80,0.00,265.28,0,-98.00,-11.00,0.00,0.00,46.00,0.00,0,358
159.09,1547801931,1394.09,51.51784640,7.46451307,128.27,12.80,0.00,265.28,0,-85.00,-8.00,0.00,0.00,53.00,0.00,0,189
160.09,1547801932,1406.86,51.51782605,7.46433819,127.52,12.64,0.00,262.67,0,-94.00,-9.00,0.00,0.00,48.00,0.00,0,443
160.09,1547801932,1406.87,51.51782605,7.46433819,127.52,12.64,0.00,262.67,0,-96.00,-11.00,0.00,0.00,49.00,0.00,0,470
160.09,1547801932,1406.88,51.51782605,7.46433819,127.52,12.64,0.00,262.67,0,-98.00,-11.00,0.00,0.00,46.00,0.00,0,358
160.09,1547801932,1406.90,51.51782605,7.46433819,127.52,12.64,0.00,262.67,0,-85.00,-8.00,0.00,0.00,53.00,0.00,0,189
161.09,1547801933,1419.44,51.51780310,7.46414283,126.77,12.82,0.00,260.32,0,-95.00,-10.00,0.00,0.00,46.00,0.00,0,443
161.09,1547801933,1419.44,51.51780310,7.46414283,126.77,12.82,0.00,260.32,0,-95.00,-12.00,0.00,0.00,48.00,0.00,0,470
161.09,1547801933,1419.44,51.51780310,7.46414283,126.77,12.82,0.00,260.32,0,-90.00,-10.00,0.00,0.00,49.00,0.00,0,189
161.09,1547801933,1419.45,51.51780310,7.46414283,126.77,12.82,0.00,260.32,0,-96.00,-14.00,0.00,0.00,49.00,0.00,0,141
162.09,1547801934,1432.31,51.51777458,7.46395461,125.86,12.85,0.00,258.09,0,-95.00,-10.00,0.00,0.00,46.00,0.00,0,443
162.09,1547801934,1432.31,51.51777458,7.46395461,125.86,12.85,0.00,258.09,0,-95.00,-12.00,0.00,0.00,48.00,0.00,0,470
162.09,1547801934,1432.32,51.51777458,7.46395461,125.86,12.85,0.00,258.09,0,-90.00,-10.00,0.00,0.00,49.00,0.00,0,189
162.09,1547801934,1432.33,51.51777458,7.46395461,125.86,12.85,0.00,258.09,0,-96.00,-14.00,0.00,0.00,49.00,0.00,0,141
163.09,1547801935,1445.11,51.51774010,7.46377025,125.38,13.40,0.00,254.54,0,-93.00,-15.00,0.00,0.00,54.00,0.00,0,443
164.09,1547801936,1458.51,51.51770621,7.46357617,125.92,13.54,0.00,253.49,0,-93.00,-15.00,0.00,0.00,54.00,0.00,0,443
165.09,1547801937,1472.07,51.51767473,7.46337326,126.82,14.17,0.00,253.17,0,-90.00,-13.00,0.00,0.00,54.00,0.00,0,443
165.09,1547801937,1472.08,51.51767473,7.46337326,126.82,14.17,0.00,253.17,0,-93.00,-12.00,0.00,0.00,49.00,0.00,0,141
166.09,1547801938,1486.26,51.51764592,7.46317061,127.73,13.95,0.00,253.70,0,-90.00,-13.00,0.00,0.00,54.00,0.00,0,443
166.09,1547801938,1486.28,51.51764592,7.46317061,127.73,13.95,0.00,253.70,0,-93.00,-12.00,0.00,0.00,49.00,0.00,0,141
167.09,1547801939,1500.24,51.51762008,7.46296850,128.59,13.69,0.00,254.33,0,-88.00,-8.00,0.00,0.00,51.00,0.00,0,443
167.09,1547801939,1500.25,51.51762008,7.46296850,128.59,13.69,0.00,254.33,0,-92.00,-10.00,0.00,0.00,49.00,0.00,0,141
167.09,1547801939,1500.25,51.51762008,7.46296850,128.59,13.69,0.00,254.33,0,-94.00,-13.00,0.00,0.00,49.00,0.00,0,189
168.09,1547801940,1513.93,51.51758635,7.46278402,129.64,13.41,0.00,253.95,0,-88.00,-8.00,0.00,0.00,51.00,0.00,0,443
168.09,1547801940,1513.93,51.51758635,7.46278402,129.64,13.41,0.00,253.95,0,-92.00,-10.00,0.00,0.00,49.00,0.00,0,141
168.09,1547801940,1513.95,51.51758635,7.46278402,129.64,13.41,0.00,253.95,0,-94.00,-13.00,0.00,0.00,49.00,0.00,0,189
169.09,1547801941,1527.34,51.51754441,7.46260716,130.09,12.63,0.00,251.90,0,-87.00,-8.00,0.00,0.00,52.00,0.00,0,443
169.09,1547801941,1527.35,51.51754441,7.46260716,130.09,12.63,0.00,251.90,0,-89.00,-9.00,0.00,0.00,51.00,0.00,0,141
169.09,1547801941,1527.35,51.51754441,7.46260716,130.09,12.63,0.00,251.90,0,-93.00,-12.00,0.00,0.00,51.00,0.00,0,189
170.09,1547801942,1539.96,51.51750628,7.46242584,130.10,13.48,0.00,252.61,0,-87.00,-8.00,0.00,0.00,52.00,0.00,0,443
170.09,1547801942,1539.98,51.51750628,7.46242584,130.10,13.48,0.00,252.61,0,-89.00,-9.00,0.00,0.00,51.00,0.00,0,141
170.09,1547801942,1539.99,51.51750628,7.46242584,130.10,13.48,0.00,252.61,0,-93.00,-12.00,0.00,0.00,51.00,0.00,0,189
173.09,1547801945,1580.53,51.51740010,7.46188326,128.21,14.08,0.00,251.82,0,-86.00,-8.00,0.00,0.00,53.00,0.00,0,274
173.09,1547801945,1580.53,51.51740010,7.46188326,128.21,14.08,0.00,251.82,0,-87.00,-10.00,0.00,0.00,54.00,0.00,0,189
174.09,1547801946,1594.61,51.51736151,7.46168168,127.97,14.00,0.00,251.31,0,-86.00,-8.00,0.00,0.00,53.00,0.00,0,274
174.09,1547801946,1594.63,51.51736151,7.46168168,127.97,14.00,0.00,251.31,0,-87.00,-10.00,0.00,0.00,54.00,0.00,0,189
175.09,1547801947,1608.62,51.51732100,7.46147791,127.74,14.04,0.00,251.94,0,-82.00,-7.00,0.00,0.00,56.00,0.00,0,274
175.09,1547801947,1608.64,51.51732100,7.46147791,127.74,14.04,0.00,251.94,0,-86.00,-10.00,0.00,0.00,55.00,0.00,0,189
176.09,1547801948,1622.65,51.51725802,7.46135483,127.96,14.30,0.00,252.49,0,-82.00,-7.00,0.00,0.00,56.00,0.00,0,274
176.09,1547801948,1622.67,51.51725802,7.46135483,127.96,14.30,0.00,252.49,0,-86.00,-10.00,0.00,0.00,55.00,0.00,0,189
177.10,1547801949,1637.05,51.51718446,7.46119207,128.35,14.26,0.00,251.63,0,-74.00,-5.00,0.00,0.00,63.00,0.00,0,274
178.09,1547801950,1651.19,51.51712213,7.46099860,129.20,13.46,0.00,252.52,0,-74.00,-5.00,0.00,0.00,63.00,0.00,0,274
179.09,1547801951,1664.66,51.51707468,7.46081217,130.29,13.60,0.00,253.16,0,-74.00,-5.00,0.00,0.00,63.00,0.00,0,274
180.09,1547801952,1678.28,51.51702710,7.46061627,131.08,14.39,0.00,253.52,0,-74.00,-7.00,0.00,0.00,63.00,0.00,0,274
180.09,1547801952,1678.29,51.51702710,7.46061627,131.08,14.39,0.00,253.52,0,-79.00,-12.00,0.00,0.00,63.00,0.00,0,189
181.09,1547801953,1692.59,51.51698100,7.46041567,131.72,14.63,0.00,253.07,0,-74.00,-7.00,0.00,0.00,63.00,0.00,0,274
181.09,1547801953,1692.59,51.51698100,7.46041567,131.72,14.63,0.00,253.07,0,-79.00,-12.00,0.00,0.00,63.00,0.00,0,189
182.09,1547801954,1707.31,51.51693251,7.46020183,132.03,14.89,0.00,253.25,0,-80.00,-9.00,0.00,0.00,58.00,0.00,0,189
182.09,1547801954,1707.31,51.51693251,7.46020183,132.03,14.89,0.00,253.25,0,-83.00,-9.00,0.00,0.00,57.00,0.00,0,274
183.09,1547801955,1722.15,51.51688943,7.46000089,131.81,14.84,0.00,253.91,0,-80.00,-9.00,0.00,0.00,58.00,0.00,0,189
183.09,1547801955,1722.17,51.51688943,7.46000089,131.81,14.84,0.00,253.91,0,-83.00,-9.00,0.00,0.00,57.00,0.00,0,274
186.09,1547801958,1766.65,51.51677060,7.45938460,130.41,14.53,0.00,256.08,0,-86.00,-10.00,0.00,0.00,56.00,0.00,0,189
187.09,1547801959,1781.18,51.51673777,7.45918345,129.42,14.75,0.00,257.69,0,-86.00,-10.00,0.00,0.00,56.00,0.00,0,189
188.09,1547801960,1795.93,51.51670707,7.45896991,128.52,15.38,0.00,258.33,0,-86.00,-11.00,0.00,0.00,55.00,0.00,0,189
189.09,1547801961,1811.29,51.51667989,7.45875717,128.04,15.64,0.00,258.84,0,-86.00,-11.00,0.00,0.00,55.00,0.00,0,189
190.09,1547801962,1826.95,51.51665138,7.45854044,127.37,15.35,0.00,259.67,0,-82.00,-11.00,0.00,0.00,59.00,0.00,0,189
191.09,1547801963,1842.30,51.51662269,7.45832232,127.07,15.01,0.00,259.25,0,-82.00,-11.00,0.00,0.00,59.00,0.00,0,189
192.09,1547801964,1857.35,51.51659342,7.45810748,127.28,14.38,0.00,258.81,0,-86.00,-7.00,0.00,0.00,53.00,0.00,0,331
192.09,1547801964,1857.36,51.51659342,7.45810748,127.28,14.38,0.00,258.81,0,-85.00,-11.00,0.00,0.00,57.00,0.00,0,189
193.09,1547801965,1871.68,51.51656587,7.45790979,127.51,14.12,0.00,258.01,0,-86.00,-7.00,0.00,0.00,53.00,0.00,0,331
193.09,1547801965,1871.68,51.51656587,7.45790979,127.51,14.12,0.00,258.01,0,-85.00,-11.00,0.00,0.00,57.00,0.00,0,189
194.09,1547801966,1885.79,51.51653781,7.45771608,128.01,13.55,0.00,257.49,0,-87.00,-9.00,0.00,0.00,54.00,0.00,0,331
194.09,1547801966,1885.80,51.51653781,7.45771608,128.01,13.55,0.00,257.49,0,-88.00,-12.00,0.00,0.00,56.00,0.00,0,189
194.09,1547801966,1885.80,51.51653781,7.45771608,128.01,13.55,0.00,257.49,0,-91.00,-14.00,0.00,0.00,55.00,0.00,0,307
195.09,1547801967,1899.38,51.51650797,7.45752593,128.32,12.58,0.00,256.50,0,-87.00,-9.00,0.00,0.00,54.00,0.00,0,331
195.09,1547801967,1899.39,51.51650797,7.45752593,128.32,12.58,0.00,256.50,0,-88.00,-12.00,0.00,0.00,56.00,0.00,0,189
195.09,1547801967,1899.40,51.51650797,7.45752593,128.32,12.58,0.00,256.50,0,-91.00,-14.00,0.00,0.00,55.00,0.00,0,307
196.09,1547801968,1911.95,51.51648088,7.45736135,128.85,10.09,0.00,255.74,0,-84.00,-8.00,0.00,0.00,54.00,0.00,0,189
196.09,1547801968,1911.95,51.51648088,7.45736135,128.85,10.09,0.00,255.74,0,-87.00,-10.00,0.00,0.00,53.00,0.00,0,141
196.09,1547801968,1911.96,51.51648088,7.45736135,128.85,10.09,0.00,255.74,0,-90.00,-11.00,0.00,0.00,52.00,0.00,0,455
197.09,1547801969,1922.03,51.51646102,7.45723368,129.59,6.91,0.00,255.32,0,-84.00,-8.00,0.00,0.00,54.00,0.00,0,189
197.09,1547801969,1922.04,51.51646102,7.45723368,129.59,6.91,0.00,255.32,0,-87.00,-10.00,0.00,0.00,53.00,0.00,0,141
197.09,1547801969,1922.04,51.51646102,7.45723368,129.59,6.91,0.00,255.32,0,-90.00,-11.00,0.00,0.00,52.00,0.00,0,455
198.10,1547801970,1929.01,51.51644261,7.45711958,130.48,5.91,0.00,254.89,0,-92.00,-8.00,0.00,0.00,48.00,0.00,0,443
198.10,1547801970,1929.01,51.51644261,7.45711958,130.48,5.91,0.00,254.89,0,-93.00,-9.00,0.00,0.00,48.00,0.00,0,469
198.10,1547801970,1929.01,51.51644261,7.45711958,130.48,5.91,0.00,254.89,0,-85.00,-10.00,0.00,0.00,55.00,0.00,0,189
198.10,1547801970,1929.02,51.51644261,7.45711958,130.48,5.91,0.00,254.89,0,-86.00,-9.00,0.00,0.00,54.00,0.00,0,141
198.10,1547801970,1929.02,51.51644261,7.45711958,130.48,5.91,0.00,254.89,0,-88.00,-11.00,0.00,0.00,53.00,0.00,0,455
199.09,1547801971,1934.87,51.51643237,7.45704613,131.04,4.47,0.00,253.78,0,-92.00,-8.00,0.00,0.00,48.00,0.00,0,443
199.09,1547801971,1934.87,51.51643237,7.45704613,131.04,4.47,0.00,253.78,0,-93.00,-9.00,0.00,0.00,48.00,0.00,0,469
199.09,1547801971,1934.88,51.51643237,7.45704613,131.04,4.47,0.00,253.78,0,-85.00,-10.00,0.00,0.00,55.00,0.00,0,189
199.10,1547801971,1934.88,51.51643237,7.45704613,131.04,4.47,0.00,253.78,0,-86.00,-9.00,0.00,0.00,54.00,0.00,0,141
199.10,1547801971,1934.88,51.51643237,7.45704613,131.04,4.47,0.00,253.78,0,-88.00,-11.00,0.00,0.00,53.00,0.00,0,455
200.09,1547801972,1939.34,51.51641757,7.45698077,131.10,2.33,0.00,254.94,0,-92.00,-8.00,0.00,0.00,48.00,0.00,0,443
200.09,1547801972,1939.34,51.51641757,7.45698077,131.10,2.33,0.00,254.94,0,-93.00,-9.00,0.00,0.00,48.00,0.00,0,469
200.09,1547801972,1939.34,51.51641757,7.45698077,131.10,2.33,0.00,254.94,0,-85.00,-10.00,0.00,0.00,55.00,0.00,0,189
200.09,1547801972,1939.34,51.51641757,7.45698077,131.10,2.33,0.00,254.94,0,-86.00,-9.00,0.00,0.00,54.00,0.00,0,141
200.09,1547801972,1939.34,51.51641757,7.45698077,131.10,2.33,0.00,254.94,0,-88.00,-11.00,0.00,0.00,53.00,0.00,0,455
201.09,1547801973,1941.67,51.51639750,7.45690210,131.11,1.69,0.00,254.40,0,-92.00,-9.00,0.00,0.00,49.00,0.00,0,443
201.09,1547801973,1941.67,51.51639750,7.45690210,131.11,1.69,0.00,254.40,0,-86.00,-9.00,0.00,0.00,54.00,0.00,0,189
201.09,1547801973,1941.67,51.51639750,7.45690210,131.11,1.69,0.00,254.40,0,-87.00,-10.00,0.00,0.00,53.00,0.00,0,141
201.09,1547801973,1941.67,51.51639750,7.45690210,131.11,1.69,0.00,254.40,0,-88.00,-10.00,0.00,0.00,53.00,0.00,0,455
202.09,1547801974,1943.36,51.51638799,7.45689139,131.22,1.20,0.00,223.17,0,-92.00,-9.00,0.00,0.00,49.00,0.00,0,443
202.09,1547801974,1943.36,51.51638799,7.45689139,131.22,1.20,0.00,223.17,0,-86.00,-9.00,0.00,0.00,54.00,0.00,0,189
202.09,1547801974,1943.36,51.51638799,7.45689139,131.22,1.20,0.00,223.17,0,-87.00,-10.00,0.00,0.00,53.00,0.00,0,141
202.09,1547801974,1943.36,51.51638799,7.45689139,131.22,1.20,0.00,223.17,0,-88.00,-10.00,0.00,0.00,53.00,0.00,0,455
203.09,1547801975,1944.56,51.51638799,7.45689139,131.22,0.00,0.00,223.17,0,-93.00,-9.00,0.00,0.00,47.00,0.00,0,443
203.09,1547801975,1944.56,51.51638799,7.45689139,131.22,0.00,0.00,223.17,0,-87.00,-9.00,0.00,0.00,54.00,0.00,0,141
203.09,1547801975,1944.56,51.51638799,7.45689139,131.22,0.00,0.00,223.17,0,-87.00,-10.00,0.00,0.00,53.00,0.00,0,455
203.09,1547801975,1944.56,51.51638799,7.45689139,131.22,0.00,0.00,223.17,0,-89.00,-11.00,0.00,0.00,53.00,0.00,0,189
204.09,1547801976,1944.56,51.51638799,7.45689139,131.21,0.00,0.00,223.17,0,-93.00,-9.00,0.00,0.00,47.00,0.00,0,443
204.09,1547801976,1944.56,51.51638799,7.45689139,131.21,0.00,0.00,223.17,0,-87.00,-9.00,0.00,0.00,54.00,0.00,0,141
204.09,1547801976,1944.56,51.51638799,7.45689139,131.21,0.00,0.00,223.17,0,-87.00,-10.00,0.00,0.00,53.00,0.00,0,455
204.09,1547801976,1944.56,51.51638799,7.45689139,131.21,0.00,0.00,223.17,0,-89.00,-11.00,0.00,0.00,53.00,0.00,0,189
205.09,1547801977,1944.56,51.51638799,7.45689139,131.20,0.00,0.00,223.17,0,-92.00,-10.00,0.00,0.00,50.00,0.00,0,443
205.09,1547801977,1944.56,51.51638799,7.45689139,131.20,0.00,0.00,223.17,0,-87.00,-9.00,0.00,0.00,54.00,0.00,0,141
205.09,1547801977,1944.56,51.51638799,7.45689139,131.20,0.00,0.00,223.17,0,-88.00,-10.00,0.00,0.00,53.00,0.00,0,455
205.09,1547801977,1944.56,51.51638799,7.45689139,131.20,0.00,0.00,223.17,0,-91.00,-12.00,0.00,0.00,53.00,0.00,0,189
206.09,1547801978,1944.56,51.51638799,7.45689139,131.18,0.00,0.00,223.17,0,-92.00,-10.00,0.00,0.00,50.00,0.00,0,443
206.09,1547801978,1944.56,51.51638799,7.45689139,131.18,0.00,0.00,223.17,0,-87.00,-9.00,0.00,0.00,54.00,0.00,0,141
206.09,1547801978,1944.56,51.51638799,7.45689139,131.18,0.00,0.00,223.17,0,-88.00,-10.00,0.00,0.00,53.00,0.00,0,455
206.09,1547801978,1944.56,51.51638799,7.45689139,131.18,0.00,0.00,223.17,0,-91.00,-12.00,0.00,0.00,53.00,0.00,0,189
207.09,1547801979,1944.56,51.51638799,7.45689139,131.16,0.00,0.00,223.17,0,-92.00,-8.00,0.00,0.00,47.00,0.00,0,443
207.09,1547801979,1944.56,51.51638799,7.45689139,131.16,0.00,0.00,223.17,0,-87.00,-8.00,0.00,0.00,52.00,0.00,0,141
207.09,1547801979,1944.56,51.51638799,7.45689139,131.16,0.00,0.00,223.17,0,-88.00,-9.00,0.00,0.00,51.00,0.00,0,455
207.09,1547801979,1944.56,51.51638799,7.45689139,131.16,0.00,0.00,223.17,0,-91.00,-11.00,0.00,0.00,51.00,0.00,0,189
208.09,1547801980,1944.56,51.51638799,7.45689139,131.14,0.00,0.00,223.17,0,-92.00,-8.00,0.00,0.00,47.00,0.00,0,443
208.09,1547801980,1944.56,51.51638799,7.45689139,131.14,0.00,0.00,223.17,0,-87.00,-8.00,0.00,0.00,52.00,0.00,0,141
208.09,1547801980,1944.56,51.51638799,7.45689139,131.14,0.00,0.00,223.17,0,-88.00,-9.00,0.00,0.00,51.00,0.00,0,455
208.09,1547801980,1944.56,51.51638799,7.45689139,131.14,0.00,0.00,223.17,0,-91.00,-11.00,0.00,0.00,51.00,0.00,0,189
209.09,1547801981,1944.56,51.51638799,7.45689139,131.11,0.00,0.00,223.17,0,-91.00,-8.00,0.00,0.00,48.00,0.00,0,443
209.09,1547801981,1944.56,51.51638799,7.45689139,131.11,0.00,0.00,223.17,0,-87.00,-8.00,0.00,0.00,52.00,0.00,0,141
209.09,1547801981,1944.56,51.51638799,7.45689139,131.11,0.00,0.00,223.17,0,-88.00,-9.00,0.00,0.00,52.00,0.00,0,455
209.09,1547801981,1944.56,51.51638799,7.45689139,131.11,0.00,0.00,223.17,0,-91.00,-11.00,0.00,0.00,52.00,0.00,0,189
210.09,1547801982,1944.56,51.51638799,7.45689139,131.07,0.00,0.00,223.17,0,-91.00,-8.00,0.00,0.00,48.00,0.00,0,443
210.09,1547801982,1944.56,51.51638799,7.45689139,131.07,0.00,0.00,223.17,0,-87.00,-8.00,0.00,0.00,52.00,0.00,0,141
210.09,1547801982,1944.56,51.51638799,7.45689139,131.07,0.00,0.00,223.17,0,-88.00,-9.00,0.00,0.00,52.00,0.00,0,455
210.09,1547801982,1944.56,51.51638799,7.45689139,131.07,0.00,0.00,223.17,0,-91.00,-11.00,0.00,0.00,52.00,0.00,0,189
211.09,1547801983,1944.56,51.51638799,7.45689139,131.04,0.00,0.00,223.17,0,-91.00,-8.00,0.00,0.00,48.00,0.00,0,443
211.09,1547801983,1944.56,51.51638799,7.45689139,131.04,0.00,0.00,223.17,0,-86.00,-8.00,0.00,0.00,52.00,0.00,0,141
211.09,1547801983,1944.56,51.51638799,7.45689139,131.04,0.00,0.00,223.17,0,-88.00,-9.00,0.00,0.00,51.00,0.00,0,455
211.09,1547801983,1944.56,51.51638799,7.45689139,131.04,0.00,0.00,223.17,0,-91.00,-11.00,0.00,0.00,51.00,0.00,0,189
212.09,1547801984,1944.56,51.51638799,7.45689139,130.78,0.00,0.00,240.63,0,-91.00,-8.00,0.00,0.00,48.00,0.00,0,443
212.09,1547801984,1944.56,51.51638799,7.45689139,130.78,0.00,0.00,240.63,0,-86.00,-8.00,0.00,0.00,52.00,0.00,0,141
212.09,1547801984,1944.56,51.51638799,7.45689139,130.78,0.00,0.00,240.63,0,-88.00,-9.00,0.00,0.00,51.00,0.00,0,455
212.09,1547801984,1944.56,51.51638799,7.45689139,130.78,0.00,0.00,240.63,0,-91.00,-11.00,0.00,0.00,51.00,0.00,0,189
213.09,1547801985,1944.56,51.51638799,7.45689139,130.61,0.00,0.00,241.92,0,-93.00,-8.00,0.00,0.00,47.00,0.00,0,443
213.09,1547801985,1944.56,51.51638799,7.45689139,130.61,0.00,0.00,241.92,0,-86.00,-8.00,0.00,0.00,53.00,0.00,0,141
213.09,1547801985,1944.56,51.51638799,7.45689139,130.61,0.00,0.00,241.92,0,-88.00,-10.00,0.00,0.00,52.00,0.00,0,455
213.09,1547801985,1944.56,51.51638799,7.45689139,130.61,0.00,0.00,241.92,0,-89.00,-11.00,0.00,0.00,52.00,0.00,0,189
214.09,1547801986,1944.57,51.51634966,7.45676811,130.78,5.92,0.00,241.32,0,-93.00,-8.00,0.00,0.00,47.00,0.00,0,443
214.09,1547801986,1944.57,51.51634966,7.45676811,130.78,5.92,0.00,241.32,0,-86.00,-8.00,0.00,0.00,53.00,0.00,0,141
214.09,1547801986,1944.58,51.51634966,7.45676811,130.78,5.92,0.00,241.32,0,-88.00,-10.00,0.00,0.00,52.00,0.00,0,455
214.09,1547801986,1944.58,51.51634966,7.45676811,130.78,5.92,0.00,241.32,0,-89.00,-11.00,0.00,0.00,52.00,0.00,0,189
215.09,1547801987,1950.48,51.51632175,7.45667742,129.99,5.82,0.00,244.41,0,-86.00,-9.00,0.00,0.00,53.00,0.00,0,141
215.09,1547801987,1950.48,51.51632175,7.45667742,129.99,5.82,0.00,244.41,0,-86.00,-9.00,0.00,0.00,53.00,0.00,0,455
215.09,1547801987,1950.49,51.51632175,7.45667742,129.99,5.82,0.00,244.41,0,-89.00,-12.00,0.00,0.00,53.00,0.00,0,189
216.09,1547801988,1956.30,51.51629869,7.45658514,130.34,7.36,0.00,246.17,0,-86.00,-9.00,0.00,0.00,53.00,0.00,0,141
216.09,1547801988,1956.31,51.51629869,7.45658514,130.34,7.36,0.00,246.17,0,-86.00,-9.00,0.00,0.00,53.00,0.00,0,455
216.09,1547801988,1956.32,51.51629869,7.45658514,130.34,7.36,0.00,246.17,0,-89.00,-12.00,0.00,0.00,53.00,0.00,0,189
217.09,1547801989,1963.68,51.51627257,7.45649635,130.85,8.84,0.00,242.41,0,-84.00,-7.00,0.00,0.00,54.00,0.00,0,443
217.09,1547801989,1963.69,51.51627257,7.45649635,130.85,8.84,0.00,242.41,0,-87.00,-9.00,0.00,0.00,54.00,0.00,0,24
217.09,1547801989,1963.70,51.51627257,7.45649635,130.85,8.84,0.00,242.41,0,-85.00,-8.00,0.00,0.00,54.00,0.00,0,141
217.09,1547801989,1963.70,51.51627257,7.45649635,130.85,8.84,0.00,242.41,0,-86.00,-9.00,0.00,0.00,53.00,0.00,0,455
217.10,1547801989,1963.71,51.51627257,7.45649635,130.85,8.84,0.00,242.41,0,-87.00,-10.00,0.00,0.00,54.00,0.00,0,189
218.09,1547801990,1972.52,51.51623991,7.45638863,130.33,9.92,0.00,241.85,0,-84.00,-7.00,0.00,0.00,54.00,0.00,0,443
218.09,1547801990,1972.53,51.51623991,7.45638863,130.33,9.92,0.00,241.85,0,-87.00,-9.00,0.00,0.00,54.00,0.00,0,24
218.09,1547801990,1972.54,51.51623991,7.45638863,130.33,9.92,0.00,241.85,0,-85.00,-8.00,0.00,0.00,54.00,0.00,0,141
218.09,1547801990,1972.54,51.51623991,7.45638863,130.33,9.92,0.00,241.85,0,-86.00,-9.00,0.00,0.00,53.00,0.00,0,455
218.10,1547801990,1972.55,51.51623991,7.45638863,130.33,9.92,0.00,241.85,0,-87.00,-10.00,0.00,0.00,54.00,0.00,0,189
219.11,1547801991,1982.65,51.51620467,7.45625533,129.93,11.00,0.00,241.66,0,-89.00,-7.00,0.00,0.00,50.00,0.00,0,443
219.11,1547801991,1982.66,51.51620467,7.45625533,129.93,11.00,0.00,241.66,0,-92.00,-10.00,0.00,0.00,50.00,0.00,0,24
219.12,1547801991,1982.67,51.51620467,7.45625533,129.93,11.00,0.00,241.66,0,-86.00,-9.00,0.00,0.00,54.00,0.00,0,141
219.12,1547801991,1982.67,51.51620467,7.45625533,129.93,11.00,0.00,241.66,0,-87.00,-9.00,0.00,0.00,53.00,0.00,0,455
219.12,1547801991,1982.68,51.51620467,7.45625533,129.93,11.00,0.00,241.66,0,-90.00,-12.00,0.00,0.00,54.00,0.00,0,189
220.09,1547801992,1993.42,51.51615720,7.45611312,129.77,12.07,0.00,238.73,0,-89.00,-7.00,0.00,0.00,50.00,0.00,0,443
220.09,1547801992,1993.42,51.51615720,7.45611312,129.77,12.07,0.00,238.73,0,-92.00,-10.00,0.00,0.00,50.00,0.00,0,24
220.09,1547801992,1993.43,51.51615720,7.45611312,129.77,12.07,0.00,238.73,0,-86.00,-9.00,0.00,0.00,54.00,0.00,0,141
220.09,1547801992,1993.44,51.51615720,7.45611312,129.77,12.07,0.00,238.73,0,-87.00,-9.00,0.00,0.00,53.00,0.00,0,455
220.09,1547801992,1993.44,51.51615720,7.45611312,129.77,12.07,0.00,238.73,0,-90.00,-12.00,0.00,0.00,54.00,0.00,0,189
221.09,1547801993,2005.47,51.51610530,7.45595751,129.52,12.22,0.00,238.12,0,-89.00,-7.00,0.00,0.00,50.00,0.00,0,443
221.09,1547801993,2005.48,51.51610530,7.45595751,129.52,12.22,0.00,238.12,0,-92.00,-10.00,0.00,0.00,50.00,0.00,0,24
221.09,1547801993,2005.50,51.51610530,7.45595751,129.52,12.22,0.00,238.12,0,-86.00,-9.00,0.00,0.00,54.00,0.00,0,141
221.09,1547801993,2005.50,51.51610530,7.45595751,129.52,12.22,0.00,238.12,0,-87.00,-9.00,0.00,0.00,53.00,0.00,0,455
221.09,1547801993,2005.51,51.51610530,7.45595751,129.52,12.22,0.00,238.12,0,-90.00,-12.00,0.00,0.00,54.00,0.00,0,189
222.09,1547801994,2017.69,51.51605367,7.45579907,128.47,11.69,0.00,237.11,0,-90.00,-8.00,0.00,0.00,50.00,0.00,0,24
222.09,1547801994,2017.69,51.51605367,7.45579907,128.47,11.69,0.00,237.11,0,-85.00,-10.00,0.00,0.00,56.00,0.00,0,455
222.09,1547801994,2017.70,51.51605367,7.45579907,128.47,11.69,0.00,237.11,0,-86.00,-11.00,0.00,0.00,56.00,0.00,0,189
223.09,1547801995,2029.32,51.51600157,7.45565787,127.62,10.55,0.00,234.31,0,-90.00,-8.00,0.00,0.00,50.00,0.00,0,24
223.09,1547801995,2029.33,51.51600157,7.45565787,127.62,10.55,0.00,234.31,0,-85.00,-10.00,0.00,0.00,56.00,0.00,0,455
223.09,1547801995,2029.33,51.51600157,7.45565787,127.62,10.55,0.00,234.31,0,-86.00,-11.00,0.00,0.00,56.00,0.00,0,189
224.09,1547801996,2039.92,51.51593417,7.45550624,127.10,11.38,0.00,230.83,0,-85.00,-8.00,0.00,0.00,55.00,0.00,0,24
224.09,1547801996,2039.93,51.51593417,7.45550624,127.10,11.38,0.00,230.83,0,-84.00,-9.00,0.00,0.00,56.00,0.00,0,455
224.09,1547801996,2039.94,51.51593417,7.45550624,127.10,11.38,0.00,230.83,0,-84.00,-10.00,0.00,0.00,56.00,0.00,0,189
225.09,1547801997,2051.30,51.51584764,7.45538239,127.03,11.27,0.00,215.85,0,-85.00,-8.00,0.00,0.00,55.00,0.00,0,24
225.09,1547801997,2051.31,51.51584764,7.45538239,127.03,11.27,0.00,215.85,0,-84.00,-9.00,0.00,0.00,56.00,0.00,0,455
225.09,1547801997,2051.32,51.51584764,7.45538239,127.03,11.27,0.00,215.85,0,-84.00,-10.00,0.00,0.00,56.00,0.00,0,189
226.09,1547801998,2062.56,51.51575524,7.45527876,127.92,11.19,0.00,213.16,0,-84.00,-7.00,0.00,0.00,54.00,0.00,0,24
226.09,1547801998,2062.58,51.51575524,7.45527876,127.92,11.19,0.00,213.16,0,-81.00,-8.00,0.00,0.00,57.00,0.00,0,455
226.09,1547801998,2062.58,51.51575524,7.45527876,127.92,11.19,0.00,213.16,0,-86.00,-11.00,0.00,0.00,56.00,0.00,0,189
227.09,1547801999,2073.76,51.51564589,7.45517838,129.27,11.44,0.00,210.58,0,-84.00,-7.00,0.00,0.00,54.00,0.00,0,24
227.09,1547801999,2073.76,51.51564589,7.45517838,129.27,11.44,0.00,210.58,0,-81.00,-8.00,0.00,0.00,57.00,0.00,0,455
227.09,1547801999,2073.77,51.51564589,7.45517838,129.27,11.44,0.00,210.58,0,-86.00,-11.00,0.00,0.00,56.00,0.00,0,189
228.09,1547802000,2085.18,51.51555423,7.45511053,130.52,11.05,0.00,207.79,0,-92.00,-10.00,0.00,0.00,49.00,0.00,0,443
229.09,1547802001,2096.24,51.51541912,7.45509846,131.52,12.68,0.00,183.32,0,-92.00,-10.00,0.00,0.00,49.00,0.00,0,443
232.09,1547802004,2133.67,51.51504038,7.45513647,133.72,13.48,0.00,176.96,0,-80.00,-14.00,0.00,0.00,63.00,0.00,0,443
233.09,1547802005,2147.16,51.51490615,7.45517420,134.48,14.42,0.00,175.30,0,-80.00,-14.00,0.00,0.00,63.00,0.00,0,443
240.10,1547802012,2246.85,51.51402733,7.45542791,140.22,13.88,0.00,171.88,0,-82.00,-12.00,0.00,0.00,61.00,0.00,0,25
240.10,1547802012,2246.85,51.51402733,7.45542791,140.22,13.88,0.00,171.88,0,-78.00,-10.00,0.00,0.00,62.00,0.00,0,143
241.09,1547802013,2260.63,51.51390400,7.45547108,140.60,13.36,0.00,170.87,0,-82.00,-12.00,0.00,0.00,61.00,0.00,0,25
241.09,1547802013,2260.64,51.51390400,7.45547108,140.60,13.36,0.00,170.87,0,-78.00,-10.00,0.00,0.00,62.00,0.00,0,143
242.09,1547802014,2273.97,51.51342470,7.45549660,141.00,13.75,0.00,168.66,0,-82.00,-12.00,0.00,0.00,61.00,0.00,0,25
242.09,1547802014,2273.99,51.51342470,7.45549660,141.00,13.75,0.00,168.66,0,-78.00,-10.00,0.00,0.00,62.00,0.00,0,143
243.09,1547802015,2287.67,51.51364803,7.45557725,141.47,14.06,0.00,166.29,0,-85.00,-11.00,0.00,0.00,57.00,0.00,0,455
244.09,1547802016,2301.74,51.51352883,7.45564234,141.64,13.88,0.00,163.99,0,-85.00,-11.00,0.00,0.00,57.00,0.00,0,455
245.09,1547802017,2315.70,51.51340547,7.45571779,142.12,12.86,0.00,161.08,0,-85.00,-11.00,0.00,0.00,58.00,0.00,0,24
245.09,1547802017,2315.72,51.51340547,7.45571779,142.12,12.86,0.00,161.08,0,-89.00,-15.00,0.00,0.00,58.00,0.00,0,443
245.09,1547802017,2315.72,51.51340547,7.45571779,142.12,12.86,0.00,161.08,0,-89.00,-15.00,0.00,0.00,58.00,0.00,0,441
245.10,1547802017,2315.73,51.51340547,7.45571779,142.12,12.86,0.00,161.08,0,-85.00,-14.00,0.00,0.00,61.00,0.00,0,455
246.09,1547802018,2328.55,51.51330233,7.45583774,142.42,12.97,0.00,143.65,0,-85.00,-11.00,0.00,0.00,58.00,0.00,0,24
246.09,1547802018,2328.55,51.51330233,7.45583774,142.42,12.97,0.00,143.65,0,-89.00,-15.00,0.00,0.00,58.00,0.00,0,443
246.09,1547802018,2328.57,51.51330233,7.45583774,142.42,12.97,0.00,143.65,0,-89.00,-15.00,0.00,0.00,58.00,0.00,0,441
246.09,1547802018,2328.58,51.51330233,7.45583774,142.42,12.97,0.00,143.65,0,-85.00,-14.00,0.00,0.00,61.00,0.00,0,455
247.09,1547802019,2341.52,51.51319329,7.45597127,142.69,13.06,0.00,142.85,0,-86.00,-8.00,0.00,0.00,54.00,0.00,0,441
247.09,1547802019,2341.52,51.51319329,7.45597127,142.69,13.06,0.00,142.85,0,-87.00,-9.00,0.00,0.00,54.00,0.00,0,24
247.09,1547802019,2341.53,51.51319329,7.45597127,142.69,13.06,0.00,142.85,0,-90.00,-10.00,0.00,0.00,51.00,0.00,0,331
247.09,1547802019,2341.55,51.51319329,7.45597127,142.69,13.06,0.00,142.85,0,-82.00,-9.00,0.00,0.00,58.00,0.00,0,142
248.09,1547802020,2354.57,51.51308969,7.45611870,142.89,13.98,0.00,139.24,0,-86.00,-8.00,0.00,0.00,54.00,0.00,0,441
248.09,1547802020,2354.58,51.51308969,7.45611870,142.89,13.98,0.00,139.24,0,-87.00,-9.00,0.00,0.00,54.00,0.00,0,24
248.09,1547802020,2354.60,51.51308969,7.45611870,142.89,13.98,0.00,139.24,0,-90.00,-10.00,0.00,0.00,51.00,0.00,0,331
248.09,1547802020,2354.61,51.51308969,7.45611870,142.89,13.98,0.00,139.24,0,-82.00,-9.00,0.00,0.00,58.00,0.00,0,142
249.09,1547802021,2368.53,51.51299294,7.45628560,143.00,14.03,0.00,135.38,0,-81.00,-7.00,0.00,0.00,57.00,0.00,0,441
249.09,1547802021,2368.54,51.51299294,7.45628560,143.00,14.03,0.00,135.38,0,-80.00,-8.00,0.00,0.00,58.00,0.00,0,142
250.09,1547802022,2382.56,51.51290340,7.45646594,143.28,14.59,0.00,132.57,0,-81.00,-7.00,0.00,0.00,57.00,0.00,0,441
250.09,1547802022,2382.58,51.51290340,7.45646594,143.28,14.59,0.00,132.57,0,-80.00,-8.00,0.00,0.00,58.00,0.00,0,142
251.09,1547802023,2397.14,51.51281929,7.45664385,143.12,14.76,0.00,130.66,0,-87.00,-9.00,0.00,0.00,53.00,0.00,0,25
251.09,1547802023,2397.20,51.51281929,7.45664385,143.12,14.76,0.00,130.66,0,-81.00,-8.00,0.00,0.00,57.00,0.00,0,143
252.09,1547802024,2411.87,51.51273983,7.45682372,143.03,14.90,0.00,129.58,0,-87.00,-9.00,0.00,0.00,53.00,0.00,0,25
252.09,1547802024,2411.87,51.51273983,7.45682372,143.03,14.90,0.00,129.58,0,-81.00,-8.00,0.00,0.00,57.00,0.00,0,143
253.08,1547802025,2426.73,51.51266096,7.45700002,142.70,16.31,0.00,128.77,0,-92.00,-13.00,0.00,0.00,54.00,0.00,0,25
253.09,1547802025,2426.75,51.51266096,7.45700002,142.70,16.31,0.00,128.77,0,-85.00,-12.00,0.00,0.00,59.00,0.00,0,143
254.09,1547802026,2443.12,51.51258082,7.45718276,141.92,15.79,0.00,127.53,0,-92.00,-13.00,0.00,0.00,54.00,0.00,0,25
254.09,1547802026,2443.13,51.51258082,7.45718276,141.92,15.79,0.00,127.53,0,-85.00,-12.00,0.00,0.00,59.00,0.00,0,143
255.09,1547802027,2458.93,51.51250171,7.45735689,141.32,14.71,0.00,127.03,0,-91.00,-8.00,0.00,0.00,49.00,0.00,0,25
255.09,1547802027,2458.94,51.51250171,7.45735689,141.32,14.71,0.00,127.03,0,-84.00,-9.00,0.00,0.00,56.00,0.00,0,143
256.09,1547802028,2473.64,51.51241910,7.45754335,141.41,15.57,0.00,126.51,0,-91.00,-8.00,0.00,0.00,49.00,0.00,0,25
256.09,1547802028,2473.64,51.51241910,7.45754335,141.41,15.57,0.00,126.51,0,-84.00,-9.00,0.00,0.00,56.00,0.00,0,143
257.09,1547802029,2489.19,51.51233400,7.45774418,141.93,15.37,0.00,125.89,0,-94.00,-9.00,0.00,0.00,47.00,0.00,0,25
258.09,1547802030,2504.56,51.51225543,7.45793813,141.92,14.92,0.00,125.29,0,-94.00,-9.00,0.00,0.00,47.00,0.00,0,25
259.09,1547802031,2519.49,51.51217799,7.45813076,142.26,15.24,0.00,124.63,0,-93.00,-10.00,0.00,0.00,48.00,0.00,0,25
259.09,1547802031,2519.49,51.51217799,7.45813076,142.26,15.24,0.00,124.63,0,-88.00,-9.00,0.00,0.00,52.00,0.00,0,143
260.09,1547802032,2534.74,51.51210033,7.45831934,142.71,15.29,0.00,125.57,0,-93.00,-10.00,0.00,0.00,48.00,0.00,0,25
260.09,1547802032,2534.74,51.51210033,7.45831934,142.71,15.29,0.00,125.57,0,-88.00,-9.00,0.00,0.00,52.00,0.00,0,143
261.10,1547802033,2550.16,51.51202011,7.45850401,143.34,15.31,0.00,126.90,0,-95.00,-9.00,0.00,0.00,46.00,0.00,0,25
261.10,1547802033,2550.16,51.51202011,7.45850401,143.34,15.31,0.00,126.90,0,-88.00,-10.00,0.00,0.00,53.00,0.00,0,139
262.09,1547802034,2565.26,51.51193795,7.45868821,143.98,15.20,0.00,127.41,0,-95.00,-9.00,0.00,0.00,46.00,0.00,0,25
262.09,1547802034,2565.26,51.51193795,7.45868821,143.98,15.20,0.00,127.41,0,-88.00,-10.00,0.00,0.00,53.00,0.00,0,139
263.09,1547802035,2580.48,51.51185452,7.45886121,144.36,15.32,0.00,128.14,0,-95.00,-9.00,0.00,0.00,46.00,0.00,0,25
263.09,1547802035,2580.48,51.51185452,7.45886121,144.36,15.32,0.00,128.14,0,-88.00,-10.00,0.00,0.00,53.00,0.00,0,139
264.09,1547802036,2595.84,51.51177417,7.45903227,144.23,14.83,0.00,127.67,0,-82.00,-7.00,0.00,0.00,55.00,0.00,0,139
265.09,1547802037,2610.68,51.51169307,7.45920388,144.03,15.15,0.00,128.20,0,-82.00,-7.00,0.00,0.00,55.00,0.00,0,139
266.09,1547802038,2625.82,51.51161672,7.45936358,144.20,14.47,0.00,127.78,0,-84.00,-8.00,0.00,0.00,54.00,0.00,0,139
267.09,1547802039,2640.29,51.51153452,7.45953769,144.53,14.89,0.00,127.32,0,-84.00,-8.00,0.00,0.00,54.00,0.00,0,139
268.09,1547802040,2655.20,51.51145684,7.45970571,144.50,14.35,0.00,125.96,0,-92.00,-11.00,0.00,0.00,50.00,0.00,0,326
268.09,1547802040,2655.21,51.51145684,7.45970571,144.50,14.35,0.00,125.96,0,-79.00,-6.00,0.00,0.00,58.00,0.00,0,139
269.09,1547802041,2669.55,51.51138116,7.45986503,144.77,14.37,0.00,126.59,0,-92.00,-11.00,0.00,0.00,50.00,0.00,0,326
269.09,1547802041,2669.57,51.51138116,7.45986503,144.77,14.37,0.00,126.59,0,-79.00,-6.00,0.00,0.00,58.00,0.00,0,139
270.09,1547802042,2683.90,51.51130101,7.46002339,144.72,12.51,0.00,128.13,0,-77.00,-6.00,0.00,0.00,60.00,0.00,0,139
271.08,1547802043,2696.35,51.51121253,7.46019461,144.80,14.03,0.00,129.17,0,-77.00,-6.00,0.00,0.00,60.00,0.00,0,139
272.09,1547802044,2710.41,51.51111565,7.46038052,144.91,15.11,0.00,128.88,0,-74.00,-6.00,0.00,0.00,62.00,0.00,0,139
273.09,1547802045,2725.52,51.51102822,7.46054165,144.86,15.25,0.00,129.53,0,-74.00,-6.00,0.00,0.00,62.00,0.00,0,139
274.09,1547802046,2740.81,51.51092817,7.46071940,144.86,14.99,0.00,130.55,0,-78.00,-6.00,0.00,0.00,58.00,0.00,0,139
275.09,1547802047,2755.83,51.51082784,7.46087880,144.51,15.36,0.00,132.03,0,-78.00,-6.00,0.00,0.00,58.00,0.00,0,139
276.09,1547802048,2771.18,51.51073078,7.46103876,144.53,14.41,0.00,132.75,0,-81.00,-8.00,0.00,0.00,57.00,0.00,0,139
276.09,1547802048,2771.18,51.51073078,7.46103876,144.53,14.41,0.00,132.75,0,-83.00,-11.00,0.00,0.00,58.00,0.00,0,138
277.09,1547802049,2785.59,51.51063283,7.46119916,144.95,14.72,0.00,133.04,0,-81.00,-8.00,0.00,0.00,57.00,0.00,0,139
277.09,1547802049,2785.59,51.51063283,7.46119916,144.95,14.72,0.00,133.04,0,-83.00,-11.00,0.00,0.00,58.00,0.00,0,138
278.09,1547802050,2800.29,51.51054565,7.46133887,145.00,13.19,0.00,133.50,0,-80.00,-10.00,0.00,0.00,61.00,0.00,0,138
278.09,1547802050,2800.30,51.51054565,7.46133887,145.00,13.19,0.00,133.50,0,-81.00,-10.00,0.00,0.00,61.00,0.00,0,139
279.09,1547802051,2813.49,51.51046653,7.46147867,145.24,11.54,0.00,133.39,0,-80.00,-10.00,0.00,0.00,61.00,0.00,0,138
279.09,1547802051,2813.50,51.51046653,7.46147867,145.24,11.54,0.00,133.39,0,-81.00,-10.00,0.00,0.00,61.00,0.00,0,139
280.09,1547802052,2825.02,51.51040618,7.46157766,145.20,8.68,0.00,134.37,0,-77.00,-8.00,0.00,0.00,62.00,0.00,0,139
280.09,1547802052,2825.03,51.51040618,7.46157766,145.20,8.68,0.00,134.37,0,-79.00,-10.00,0.00,0.00,62.00,0.00,0,138
281.09,1547802053,2833.70,51.51036285,7.46165650,144.68,6.85,0.00,131.66,0,-77.00,-8.00,0.00,0.00,62.00,0.00,0,139
281.09,1547802053,2833.71,51.51036285,7.46165650,144.68,6.85,0.00,131.66,0,-79.00,-10.00,0.00,0.00,62.00,0.00,0,138
282.10,1547802054,2840.64,51.51032435,7.46172598,144.34,5.76,0.00,130.72,0,-92.00,-13.00,0.00,0.00,53.00,0.00,0,326
282.10,1547802054,2840.64,51.51032435,7.46172598,144.34,5.76,0.00,130.72,0,-82.00,-10.00,0.00,0.00,58.00,0.00,0,139
282.10,1547802054,2840.65,51.51032435,7.46172598,144.34,5.76,0.00,130.72,0,-82.00,-10.00,0.00,0.00,58.00,0.00,0,138
283.09,1547802055,2846.30,51.51029213,7.46178694,144.32,3.85,0.00,130.16,0,-92.00,-13.00,0.00,0.00,53.00,0.00,0,326
283.09,1547802055,2846.30,51.51029213,7.46178694,144.32,3.85,0.00,130.16,0,-82.00,-10.00,0.00,0.00,58.00,0.00,0,139
283.09,1547802055,2846.30,51.51029213,7.46178694,144.32,3.85,0.00,130.16,0,-82.00,-10.00,0.00,0.00,58.00,0.00,0,138
284.09,1547802056,2850.16,51.51026790,7.46183583,144.33,1.71,0.00,130.92,0,-92.00,-13.00,0.00,0.00,53.00,0.00,0,326
284.09,1547802056,2850.16,51.51026790,7.46183583,144.33,1.71,0.00,130.92,0,-82.00,-10.00,0.00,0.00,58.00,0.00,0,139
284.09,1547802056,2850.17,51.51026790,7.46183583,144.33,1.71,0.00,130.92,0,-82.00,-10.00,0.00,0.00,58.00,0.00,0,138
285.09,1547802057,2851.87,51.51026790,7.46183583,144.34,0.00,0.00,130.92,0,-90.00,-12.00,0.00,0.00,55.00,0.00,0,326
285.09,1547802057,2851.87,51.51026790,7.46183583,144.34,0.00,0.00,130.92,0,-77.00,-7.00,0.00,0.00,61.00,0.00,0,138
285.09,1547802057,2851.87,51.51026790,7.46183583,144.34,0.00,0.00,130.92,0,-83.00,-12.00,0.00,0.00,61.00,0.00,0,139
286.09,1547802058,2851.87,51.51026790,7.46183583,144.33,0.00,0.00,130.92,0,-90.00,-12.00,0.00,0.00,55.00,0.00,0,326
286.09,1547802058,2851.87,51.51026790,7.46183583,144.33,0.00,0.00,130.92,0,-77.00,-7.00,0.00,0.00,61.00,0.00,0,138
286.09,1547802058,2851.87,51.51026790,7.46183583,144.33,0.00,0.00,130.92,0,-83.00,-12.00,0.00,0.00,61.00,0.00,0,139
287.09,1547802059,2851.87,51.51026790,7.46183583,144.31,0.00,0.00,130.92,0,-91.00,-9.00,0.00,0.00,49.00,0.00,0,326
287.09,1547802059,2851.87,51.51026790,7.46183583,144.31,0.00,0.00,130.92,0,-93.00,-7.00,0.00,0.00,45.00,0.00,0,199
287.09,1547802059,2851.87,51.51026790,7.46183583,144.31,0.00,0.00,130.92,0,-76.00,-7.00,0.00,0.00,61.00,0.00,0,138
287.09,1547802059,2851.87,51.51026790,7.46183583,144.31,0.00,0.00,130.92,0,-82.00,-11.00,0.00,0.00,59.00,0.00,0,139
288.09,1547802060,2851.87,51.51026790,7.46183583,144.28,0.00,0.00,130.92,0,-91.00,-9.00,0.00,0.00,49.00,0.00,0,326
288.09,1547802060,2851.87,51.51026790,7.46183583,144.28,0.00,0.00,130.92,0,-93.00,-7.00,0.00,0.00,45.00,0.00,0,199
288.09,1547802060,2851.87,51.51026790,7.46183583,144.28,0.00,0.00,130.92,0,-76.00,-7.00,0.00,0.00,61.00,0.00,0,138
288.09,1547802060,2851.87,51.51026790,7.46183583,144.28,0.00,0.00,130.92,0,-82.00,-11.00,0.00,0.00,59.00,0.00,0,139
289.09,1547802061,2851.87,51.51026790,7.46183583,144.25,0.00,0.00,130.92,0,-91.00,-9.00,0.00,0.00,50.00,0.00,0,326
289.09,1547802061,2851.87,51.51026790,7.46183583,144.25,0.00,0.00,130.92,0,-94.00,-8.00,0.00,0.00,47.00,0.00,0,199
289.09,1547802061,2851.87,51.51026790,7.46183583,144.25,0.00,0.00,130.92,0,-78.00,-7.00,0.00,0.00,59.00,0.00,0,138
289.09,1547802061,2851.87,51.51026790,7.46183583,144.25,0.00,0.00,130.92,0,-82.00,-11.00,0.00,0.00,59.00,0.00,0,139
290.09,1547802062,2851.87,51.51026790,7.46183583,144.21,0.00,0.00,130.92,0,-91.00,-9.00,0.00,0.00,50.00,0.00,0,326
290.09,1547802062,2851.87,51.51026790,7.46183583,144.21,0.00,0.00,130.92,0,-94.00,-8.00,0.00,0.00,47.00,0.00,0,199
290.09,1547802062,2851.87,51.51026790,7.46183583,144.21,0.00,0.00,130.92,0,-78.00,-7.00,0.00,0.00,59.00,0.00,0,138
290.09,1547802062,2851.87,51.51026790,7.46183583,144.21,0.00,0.00,130.92,0,-82.00,-11.00,0.00,0.00,59.00,0.00,0,139
291.09,1547802063,2851.87,51.51026790,7.46183583,144.16,0.00,0.00,130.92,0,-91.00,-9.00,0.00,0.00,49.00,0.00,0,326
291.09,1547802063,2851.87,51.51026790,7.46183583,144.16,0.00,0.00,130.92,0,-93.00,-8.00,0.00,0.00,46.00,0.00,0,199
291.09,1547802063,2851.87,51.51026790,7.46183583,144.16,0.00,0.00,130.92,0,-78.00,-7.00,0.00,0.00,59.00,0.00,0,138
291.09,1547802063,2851.87,51.51026790,7.46183583,144.16,0.00,0.00,130.92,0,-82.00,-11.00,0.00,0.00,59.00,0.00,0,139
292.09,1547802064,2851.87,51.51026790,7.46183583,143.72,0.00,0.00,130.92,0,-91.00,-9.00,0.00,0.00,49.00,0.00,0,326
292.09,1547802064,2851.87,51.51026790,7.46183583,143.72,0.00,0.00,130.92,0,-93.00,-8.00,0.00,0.00,46.00,0.00,0,199
292.09,1547802064,2851.87,51.51026790,7.46183583,143.72,0.00,0.00,130.92,0,-78.00,-7.00,0.00,0.00,59.00,0.00,0,138
292.09,1547802064,2851.87,51.51026790,7.46183583,143.72,0.00,0.00,130.92,0,-82.00,-11.00,0.00,0.00,59.00,0.00,0,139
293.09,1547802065,2851.87,51.51026790,7.46183583,139.59,0.00,0.00,131.16,0,-89.00,-9.00,0.00,0.00,52.00,0.00,0,326
293.09,1547802065,2851.87,51.51026790,7.46183583,139.59,0.00,0.00,131.16,0,-78.00,-7.00,0.00,0.00,60.00,0.00,0,138
293.09,1547802065,2851.87,51.51026790,7.46183583,139.59,0.00,0.00,131.16,0,-82.00,-10.00,0.00,0.00,60.00,0.00,0,139
294.09,1547802066,2851.87,51.51026790,7.46183583,136.22,0.00,0.00,130.28,0,-89.00,-9.00,0.00,0.00,52.00,0.00,0,326
294.09,1547802066,2851.87,51.51026790,7.46183583,136.22,0.00,0.00,130.28,0,-78.00,-7.00,0.00,0.00,60.00,0.00,0,138
294.09,1547802066,2851.87,51.51026790,7.46183583,136.22,0.00,0.00,130.28,0,-82.00,-10.00,0.00,0.00,60.00,0.00,0,139
295.09,1547802067,2851.89,51.51023600,7.46189514,133.72,7.98,0.00,128.54,0,-85.00,-9.00,0.00,0.00,55.00,0.00,0,326
295.09,1547802067,2851.90,51.51023600,7.46189514,133.72,7.98,0.00,128.54,0,-79.00,-10.00,0.00,0.00,61.00,0.00,0,138
295.09,1547802067,2851.90,51.51023600,7.46189514,133.72,7.98,0.00,128.54,0,-81.00,-10.00,0.00,0.00,61.00,0.00,0,139
296.09,1547802068,2859.88,51.51018733,7.46200836,131.66,10.67,0.00,125.51,0,-85.00,-9.00,0.00,0.00,55.00,0.00,0,326
296.09,1547802068,2859.89,51.51018733,7.46200836,131.66,10.67,0.00,125.51,0,-79.00,-10.00,0.00,0.00,61.00,0.00,0,138
296.09,1547802068,2859.89,51.51018733,7.46200836,131.66,10.67,0.00,125.51,0,-81.00,-10.00,0.00,0.00,61.00,0.00,0,139
299.09,1547802071,2889.42,51.51003466,7.46245958,134.29,10.16,0.00,116.34,0,-91.00,-11.00,0.00,0.00,52.00,0.00,0,441
299.09,1547802071,2889.43,51.51003466,7.46245958,134.29,10.16,0.00,116.34,0,-70.00,-7.00,0.00,0.00,63.00,0.00,0,138
300.09,1547802072,2899.59,51.50998878,7.46264057,135.93,10.99,0.00,113.68,0,-91.00,-11.00,0.00,0.00,52.00,0.00,0,441
300.09,1547802072,2899.60,51.50998878,7.46264057,135.93,10.99,0.00,113.68,0,-70.00,-7.00,0.00,0.00,63.00,0.00,0,138
301.10,1547802073,2910.68,51.50994701,7.46282568,137.74,11.18,0.00,111.87,0,-92.00,-11.00,0.00,0.00,50.00,0.00,0,441
301.10,1547802073,2910.68,51.50994701,7.46282568,137.74,11.18,0.00,111.87,0,-72.00,-8.00,0.00,0.00,63.00,0.00,0,138
302.09,1547802074,2921.73,51.50994253,7.46298516,139.31,10.08,0.00,91.50,0,-92.00,-11.00,0.00,0.00,50.00,0.00,0,441
302.09,1547802074,2921.73,51.50994253,7.46298516,139.31,10.08,0.00,91.50,0,-72.00,-8.00,0.00,0.00,63.00,0.00,0,138
303.10,1547802075,2931.88,51.50993559,7.46313545,140.99,9.71,0.00,92.30,0,-75.00,-10.00,0.00,0.00,63.00,0.00,0,138
304.09,1547802076,2941.51,51.50992389,7.46326873,142.04,9.18,0.00,94.36,0,-75.00,-10.00,0.00,0.00,63.00,0.00,0,138
305.09,1547802077,2950.73,51.50990864,7.46340869,142.72,7.90,0.00,95.27,0,-75.00,-10.00,0.00,0.00,63.00,0.00,0,138
306.09,1547802078,2958.62,51.50989342,7.46352862,143.34,6.46,0.00,96.60,0,-73.00,-7.00,0.00,0.00,63.00,0.00,0,138
307.09,1547802079,2965.08,51.50987756,7.46363391,144.14,6.07,0.00,99.47,0,-73.00,-7.00,0.00,0.00,63.00,0.00,0,138
308.09,1547802080,2971.14,51.50985890,7.46374861,145.07,6.91,0.00,102.35,0,-78.00,-8.00,0.00,0.00,61.00,0.00,0,138
309.09,1547802081,2978.05,51.50986002,7.46384241,147.17,6.91,0.00,102.35,0,-78.00,-8.00,0.00,0.00,61.00,0.00,0,138
310.09,1547802082,2984.97,51.50987932,7.46395296,149.67,7.85,0.00,98.80,0,-73.00,-8.00,0.00,0.00,63.00,0.00,0,138
311.09,1547802083,2992.84,51.50988649,7.46407589,151.72,8.92,0.00,97.08,0,-73.00,-8.00,0.00,0.00,63.00,0.00,0,138
312.09,1547802084,3001.71,51.50989581,7.46420340,153.33,8.64,0.00,95.16,0,-73.00,-7.00,0.00,0.00,63.00,0.00,0,138
313.09,1547802085,3010.35,51.50989953,7.46434098,154.54,9.32,0.00,92.91,0,-73.00,-7.00,0.00,0.00,63.00,0.00,0,138
314.09,1547802086,3019.67,51.50989948,7.46449084,154.95,10.52,0.00,93.50,0,-90.00,-11.00,0.00,0.00,54.00,0.00,0,199
314.09,1547802086,3019.67,51.50989948,7.46449084,154.95,10.52,0.00,93.50,0,-75.00,-8.00,0.00,0.00,62.00,0.00,0,138
315.09,1547802087,3030.20,51.50989713,7.46464376,154.74,10.61,0.00,94.53,0,-90.00,-11.00,0.00,0.00,54.00,0.00,0,199
315.09,1547802087,3030.20,51.50989713,7.46464376,154.74,10.61,0.00,94.53,0,-75.00,-8.00,0.00,0.00,62.00,0.00,0,138
316.09,1547802088,3040.86,51.50989608,7.46480184,153.95,10.50,0.00,93.19,0,-90.00,-11.00,0.00,0.00,53.00,0.00,0,199
316.09,1547802088,3040.86,51.50989608,7.46480184,153.95,10.50,0.00,93.19,0,-71.00,-7.00,0.00,0.00,63.00,0.00,0,138
317.09,1547802089,3051.35,51.50989125,7.46494566,153.38,9.89,0.00,95.50,0,-90.00,-11.00,0.00,0.00,53.00,0.00,0,199
317.09,1547802089,3051.36,51.50989125,7.46494566,153.38,9.89,0.00,95.50,0,-71.00,-7.00,0.00,0.00,63.00,0.00,0,138
318.09,1547802090,3061.25,51.50990529,7.46509310,153.36,9.89,0.00,94.56,0,-67.00,-6.00,0.00,0.00,63.00,0.00,0,138
319.09,1547802091,3071.13,51.50990549,7.46524590,154.12,10.45,0.00,95.04,0,-67.00,-6.00,0.00,0.00,63.00,0.00,0,138
320.09,1547802092,3081.57,51.50989745,7.46541254,154.25,10.89,0.00,97.61,0,-67.00,-6.00,0.00,0.00,63.00,0.00,0,138
321.08,1547802093,3092.41,51.50989207,7.46558378,153.95,10.92,0.00,96.13,0,-67.00,-6.00,0.00,0.00,63.00,0.00,0,138
322.09,1547802094,3103.36,51.50988887,7.46576919,153.03,12.12,0.00,94.96,0,-93.00,-11.00,0.00,0.00,50.00,0.00,0,199
322.09,1547802094,3103.38,51.50988887,7.46576919,153.03,12.12,0.00,94.96,0,-69.00,-5.00,0.00,0.00,63.00,0.00,0,138
323.09,1547802095,3115.50,51.50988702,7.46594773,152.14,11.89,0.00,94.30,0,-93.00,-11.00,0.00,0.00,50.00,0.00,0,199
323.09,1547802095,3115.50,51.50988702,7.46594773,152.14,11.89,0.00,94.30,0,-69.00,-5.00,0.00,0.00,63.00,0.00,0,138
324.09,1547802096,3127.45,51.50988762,7.46610466,151.59,10.55,0.00,93.16,0,-92.00,-11.00,0.00,0.00,52.00,0.00,0,199
324.10,1547802096,3127.47,51.50988762,7.46610466,151.59,10.55,0.00,93.16,0,-93.00,-12.00,0.00,0.00,51.00,0.00,0,324
324.10,1547802096,3127.47,51.50988762,7.46610466,151.59,10.55,0.00,93.16,0,-67.00,-5.00,0.00,0.00,63.00,0.00,0,138
325.09,1547802097,3137.97,51.50989075,7.46625304,151.16,10.40,0.00,92.20,0,-92.00,-11.00,0.00,0.00,52.00,0.00,0,199
325.09,1547802097,3137.98,51.50989075,7.46625304,151.16,10.40,0.00,92.20,0,-93.00,-12.00,0.00,0.00,51.00,0.00,0,324
325.09,1547802097,3137.99,51.50989075,7.46625304,151.16,10.40,0.00,92.20,0,-67.00,-5.00,0.00,0.00,63.00,0.00,0,138
326.09,1547802098,3148.38,51.50989611,7.46640026,150.89,10.48,0.00,91.25,0,-92.00,-11.00,0.00,0.00,52.00,0.00,0,199
326.09,1547802098,3148.39,51.50989611,7.46640026,150.89,10.48,0.00,91.25,0,-93.00,-12.00,0.00,0.00,51.00,0.00,0,324
326.09,1547802098,3148.40,51.50989611,7.46640026,150.89,10.48,0.00,91.25,0,-67.00,-5.00,0.00,0.00,63.00,0.00,0,138
327.09,1547802099,3158.84,51.50989675,7.46655164,151.06,10.66,0.00,90.73,0,-92.00,-8.00,0.00,0.00,47.00,0.00,0,199
327.09,1547802099,3158.85,51.50989675,7.46655164,151.06,10.66,0.00,90.73,0,-93.00,-9.00,0.00,0.00,48.00,0.00,0,324
327.09,1547802099,3158.86,51.50989675,7.46655164,151.06,10.66,0.00,90.73,0,-65.00,-5.00,0.00,0.00,63.00,0.00,0,138
328.09,1547802100,3169.51,51.50989533,7.46670058,151.23,10.23,0.00,92.04,0,-92.00,-8.00,0.00,0.00,47.00,0.00,0,199
328.09,1547802100,3169.52,51.50989533,7.46670058,151.23,10.23,0.00,92.04,0,-93.00,-9.00,0.00,0.00,48.00,0.00,0,324
328.09,1547802100,3169.52,51.50989533,7.46670058,151.23,10.23,0.00,92.04,0,-65.00,-5.00,0.00,0.00,63.00,0.00,0,138
329.09,1547802101,3179.74,51.50988396,7.46685652,151.05,10.40,0.00,93.02,0,-94.00,-10.00,0.00,0.00,48.00,0.00,0,324
329.09,1547802101,3179.75,51.50988396,7.46685652,151.05,10.40,0.00,93.02,0,-95.00,-13.00,0.00,0.00,48.00,0.00,0,326
329.09,1547802101,3179.75,51.50988396,7.46685652,151.05,10.40,0.00,93.02,0,-62.00,-5.00,0.00,0.00,63.00,0.00,0,138
330.09,1547802102,3190.13,51.50987069,7.46702473,150.82,11.18,0.00,93.30,0,-94.00,-10.00,0.00,0.00,48.00,0.00,0,324
330.09,1547802102,3190.14,51.50987069,7.46702473,150.82,11.18,0.00,93.30,0,-95.00,-13.00,0.00,0.00,48.00,0.00,0,326
330.09,1547802102,3190.15,51.50987069,7.46702473,150.82,11.18,0.00,93.30,0,-62.00,-5.00,0.00,0.00,63.00,0.00,0,138
