0.07,1547729204,0.01,51.50984237,7.46715381,151.37,11.73,0.00,94.49,0,-108.00,-14.00,0.00,0.00,23.00,0.00,0,90
0.07,1547729204,0.01,51.50984237,7.46715381,151.37,11.73,0.00,94.49,0,-109.00,-14.00,0.00,0.00,23.00,0.00,0,203
0.07,1547729204,0.01,51.50984237,7.46715381,151.37,11.73,0.00,94.49,0,-111.00,-16.00,0.00,0.00,25.00,0.00,0,91
1.07,1547729205,11.80,51.50984530,7.46732598,151.37,11.31,0.00,95.62,0,-101.00,-10.00,0.00,0.00,28.00,0.00,0,90
1.07,1547729205,11.81,51.50984530,7.46732598,151.37,11.31,0.00,95.62,0,-103.00,-11.00,0.00,0.00,28.00,0.00,0,91
2.07,1547729206,23.11,51.50983432,7.46749004,151.49,11.14,0.00,97.07,0,-101.00,-10.00,0.00,0.00,28.00,0.00,0,90
2.07,1547729206,23.12,51.50983432,7.46749004,151.49,11.14,0.00,97.07,0,-103.00,-11.00,0.00,0.00,28.00,0.00,0,91
3.07,1547729207,34.27,51.50982355,7.46767793,150.85,12.85,0.00,96.78,0,-105.00,-11.00,0.00,0.00,24.00,0.00,0,90
3.07,1547729207,34.27,51.50982355,7.46767793,150.85,12.85,0.00,96.78,0,-105.00,-11.00,0.00,0.00,25.00,0.00,0,91
3.08,1547729207,34.28,51.50982355,7.46767793,150.85,12.85,0.00,96.78,0,-108.00,-14.00,0.00,0.00,24.00,0.00,0,92
4.07,1547729208,47.12,51.50981433,7.46785858,150.19,12.82,0.00,96.45,0,-105.00,-11.00,0.00,0.00,24.00,0.00,0,90
4.08,1547729208,47.13,51.50981433,7.46785858,150.19,12.82,0.00,96.45,0,-105.00,-11.00,0.00,0.00,25.00,0.00,0,91
4.08,1547729208,47.13,51.50981433,7.46785858,150.19,12.82,0.00,96.45,0,-108.00,-14.00,0.00,0.00,24.00,0.00,0,92
5.07,1547729209,59.92,51.50980281,7.46804100,149.48,12.31,0.00,95.58,0,-107.00,-12.00,0.00,0.00,24.00,0.00,0,92
5.07,1547729209,59.93,51.50980281,7.46804100,149.48,12.31,0.00,95.58,0,-107.00,-12.00,0.00,0.00,24.00,0.00,0,90
5.08,1547729209,59.95,51.50980281,7.46804100,149.48,12.31,0.00,95.58,0,-109.00,-13.00,0.00,0.00,23.00,0.00,0,210
6.07,1547729210,72.23,51.50979894,7.46821297,149.54,11.85,0.00,93.15,0,-107.00,-12.00,0.00,0.00,24.00,0.00,0,92
6.07,1547729210,72.25,51.50979894,7.46821297,149.54,11.85,0.00,93.15,0,-107.00,-12.00,0.00,0.00,24.00,0.00,0,90
6.08,1547729210,72.26,51.50979894,7.46821297,149.54,11.85,0.00,93.15,0,-109.00,-13.00,0.00,0.00,23.00,0.00,0,210
10.07,1547729214,118.25,51.50984032,7.46886965,149.51,11.15,0.00,80.77,0,-97.00,-11.00,0.00,0.00,36.00,0.00,0,60
10.07,1547729214,118.25,51.50984032,7.46886965,149.51,11.15,0.00,80.77,0,-100.00,-16.00,0.00,0.00,36.00,0.00,0,224
11.07,1547729215,129.42,51.50987040,7.46902111,149.16,10.90,0.00,78.81,0,-97.00,-11.00,0.00,0.00,36.00,0.00,0,60
11.07,1547729215,129.44,51.50987040,7.46902111,149.16,10.90,0.00,78.81,0,-100.00,-16.00,0.00,0.00,36.00,0.00,0,224
12.07,1547729216,140.33,51.50991435,7.46917993,148.54,11.16,0.00,76.01,0,-106.00,-11.00,0.00,0.00,28.00,0.00,0,66
12.07,1547729216,140.34,51.50991435,7.46917993,148.54,11.16,0.00,76.01,0,-93.00,-10.00,0.00,0.00,37.00,0.00,0,60
12.08,1547729216,140.35,51.50991435,7.46917993,148.54,11.16,0.00,76.01,0,-97.00,-15.00,0.00,0.00,37.00,0.00,0,223
13.07,1547729217,151.50,51.50999183,7.46933837,147.78,12.65,0.00,57.36,0,-106.00,-11.00,0.00,0.00,28.00,0.00,0,66
13.07,1547729217,151.50,51.50999183,7.46933837,147.78,12.65,0.00,57.36,0,-93.00,-10.00,0.00,0.00,37.00,0.00,0,60
13.08,1547729217,151.51,51.50999183,7.46933837,147.78,12.65,0.00,57.36,0,-97.00,-15.00,0.00,0.00,37.00,0.00,0,223
14.07,1547729218,164.15,51.51007206,7.46949742,147.27,13.12,0.00,57.30,0,-98.00,-7.00,0.00,0.00,29.00,0.00,0,66
14.07,1547729218,164.15,51.51007206,7.46949742,147.27,13.12,0.00,57.30,0,-103.00,-9.00,0.00,0.00,26.00,0.00,0,90
14.08,1547729218,164.16,51.51007206,7.46949742,147.27,13.12,0.00,57.30,0,-106.00,-12.00,0.00,0.00,26.00,0.00,0,203
15.07,1547729219,177.27,51.51014810,7.46965468,147.00,13.13,0.00,57.89,0,-98.00,-7.00,0.00,0.00,29.00,0.00,0,66
15.08,1547729219,177.28,51.51014810,7.46965468,147.00,13.13,0.00,57.89,0,-103.00,-9.00,0.00,0.00,26.00,0.00,0,90
15.08,1547729219,177.28,51.51014810,7.46965468,147.00,13.13,0.00,57.89,0,-106.00,-12.00,0.00,0.00,26.00,0.00,0,203
16.07,1547729220,190.40,51.51022020,7.46981562,146.54,13.00,0.00,57.11,0,-107.00,-12.00,0.00,0.00,27.00,0.00,0,66
16.08,1547729220,190.41,51.51022020,7.46981562,146.54,13.00,0.00,57.11,0,-91.00,-9.00,0.00,0.00,41.00,0.00,0,60
16.08,1547729220,190.41,51.51022020,7.46981562,146.54,13.00,0.00,57.11,0,-94.00,-14.00,0.00,0.00,41.00,0.00,0,223
17.07,1547729221,203.39,51.51029189,7.46997271,145.90,13.06,0.00,56.73,0,-107.00,-12.00,0.00,0.00,27.00,0.00,0,66
17.07,1547729221,203.40,51.51029189,7.46997271,145.90,13.06,0.00,56.73,0,-91.00,-9.00,0.00,0.00,41.00,0.00,0,60
17.08,1547729221,203.42,51.51029189,7.46997271,145.90,13.06,0.00,56.73,0,-94.00,-14.00,0.00,0.00,41.00,0.00,0,223
18.07,1547729222,216.45,51.51035224,7.47015012,145.47,12.98,0.00,57.12,0,-108.00,-9.00,0.00,0.00,21.00,0.00,0,66
19.07,1547729223,229.44,51.51041155,7.47031130,145.43,12.30,0.00,56.10,0,-108.00,-9.00,0.00,0.00,21.00,0.00,0,66
22.07,1547729226,264.04,51.51058706,7.47068060,146.54,9.44,0.00,51.46,0,-94.00,-10.00,0.00,0.00,37.00,0.00,0,60
22.07,1547729226,264.04,51.51058706,7.47068060,146.54,9.44,0.00,51.46,0,-99.00,-16.00,0.00,0.00,37.00,0.00,0,68
23.07,1547729227,273.51,51.51064415,7.47078812,147.86,8.51,0.00,49.04,0,-94.00,-10.00,0.00,0.00,37.00,0.00,0,60
23.07,1547729227,273.52,51.51064415,7.47078812,147.86,8.51,0.00,49.04,0,-99.00,-16.00,0.00,0.00,37.00,0.00,0,68
24.12,1547729228,282.42,51.51070320,7.47087387,148.86,7.69,0.00,47.38,0,-109.00,-15.00,0.00,0.00,25.00,0.00,0,66
24.12,1547729228,282.42,51.51070320,7.47087387,148.86,7.69,0.00,47.38,0,-96.00,-12.00,0.00,0.00,36.00,0.00,0,60
24.12,1547729228,282.42,51.51070320,7.47087387,148.86,7.69,0.00,47.38,0,-101.00,-15.00,0.00,0.00,35.00,0.00,0,223
25.07,1547729229,289.72,51.51076190,7.47094598,149.03,7.28,0.00,44.94,0,-109.00,-15.00,0.00,0.00,25.00,0.00,0,66
25.07,1547729229,289.72,51.51076190,7.47094598,149.03,7.28,0.00,44.94,0,-96.00,-12.00,0.00,0.00,36.00,0.00,0,60
25.07,1547729229,289.73,51.51076190,7.47094598,149.03,7.28,0.00,44.94,0,-101.00,-15.00,0.00,0.00,35.00,0.00,0,223
26.07,1547729230,297.00,51.51081682,7.47100374,148.57,6.43,0.00,43.37,0,-98.00,-15.00,0.00,0.00,36.00,0.00,0,68
26.07,1547729230,297.00,51.51081682,7.47100374,148.57,6.43,0.00,43.37,0,-110.00,-12.00,0.00,0.00,24.00,0.00,0,323
27.08,1547729231,303.46,51.51085651,7.47104267,147.94,4.49,0.00,42.43,0,-98.00,-15.00,0.00,0.00,36.00,0.00,0,68
27.08,1547729231,303.47,51.51085651,7.47104267,147.94,4.49,0.00,42.43,0,-110.00,-12.00,0.00,0.00,24.00,0.00,0,323
28.08,1547729232,307.98,51.51088586,7.47106998,147.86,2.92,0.00,40.27,0,-101.00,-14.00,0.00,0.00,32.00,0.00,0,68
28.08,1547729232,307.98,51.51088586,7.47106998,147.86,2.92,0.00,40.27,0,-112.00,-14.00,0.00,0.00,21.00,0.00,0,323
29.07,1547729233,310.87,51.51139970,7.47074290,147.77,1.42,0.00,40.27,0,-101.00,-14.00,0.00,0.00,32.00,0.00,0,68
29.07,1547729233,310.87,51.51139970,7.47074290,147.77,1.42,0.00,40.27,0,-112.00,-14.00,0.00,0.00,21.00,0.00,0,323
30.07,1547729234,312.29,51.51090576,7.47107801,147.76,0.00,0.00,40.27,0,-101.00,-14.00,0.00,0.00,32.00,0.00,0,68
30.07,1547729234,312.29,51.51090576,7.47107801,147.76,0.00,0.00,40.27,0,-112.00,-14.00,0.00,0.00,21.00,0.00,0,323
31.07,1547729235,312.29,51.51090576,7.47107801,147.76,0.00,0.00,40.27,0,-102.00,-13.00,0.00,0.00,29.00,0.00,0,68
31.07,1547729235,312.29,51.51090576,7.47107801,147.76,0.00,0.00,40.27,0,-105.00,-15.00,0.00,0.00,28.00,0.00,0,223
31.07,1547729235,312.29,51.51090576,7.47107801,147.76,0.00,0.00,40.27,0,-113.00,-13.00,0.00,0.00,21.00,0.00,0,323
32.07,1547729236,312.29,51.51090576,7.47107801,147.74,0.00,0.00,40.27,0,-102.00,-13.00,0.00,0.00,29.00,0.00,0,68
32.07,1547729236,312.29,51.51090576,7.47107801,147.74,0.00,0.00,40.27,0,-105.00,-15.00,0.00,0.00,28.00,0.00,0,223
32.07,1547729236,312.29,51.51090576,7.47107801,147.74,0.00,0.00,40.27,0,-113.00,-13.00,0.00,0.00,21.00,0.00,0,323
33.08,1547729237,312.29,51.51090576,7.47107801,147.72,0.00,0.00,40.27,0,-102.00,-16.00,0.00,0.00,32.00,0.00,0,68
33.08,1547729237,312.29,51.51090576,7.47107801,147.72,0.00,0.00,40.27,0,-106.00,-19.00,0.00,0.00,32.00,0.00,0,223
33.08,1547729237,312.29,51.51090576,7.47107801,147.72,0.00,0.00,40.27,0,-113.00,-17.00,0.00,0.00,26.00,0.00,0,323
34.07,1547729238,312.29,51.51090576,7.47107801,147.70,0.00,0.00,40.27,0,-102.00,-16.00,0.00,0.00,32.00,0.00,0,68
34.07,1547729238,312.29,51.51090576,7.47107801,147.70,0.00,0.00,40.27,0,-106.00,-19.00,0.00,0.00,32.00,0.00,0,223
34.08,1547729238,312.29,51.51090576,7.47107801,147.70,0.00,0.00,40.27,0,-113.00,-17.00,0.00,0.00,26.00,0.00,0,323
35.08,1547729239,312.29,51.51090576,7.47107801,147.69,0.00,0.00,40.27,0,-101.00,-13.00,0.00,0.00,30.00,0.00,0,68
35.08,1547729239,312.29,51.51090576,7.47107801,147.69,0.00,0.00,40.27,0,-105.00,-15.00,0.00,0.00,29.00,0.00,0,223
35.08,1547729239,312.29,51.51090576,7.47107801,147.69,0.00,0.00,40.27,0,-111.00,-14.00,0.00,0.00,23.00,0.00,0,323
35.08,1547729239,312.29,51.51090576,7.47107801,147.69,0.00,0.00,40.27,0,-113.00,-16.00,0.00,0.00,23.00,0.00,0,322
35.08,1547729239,312.29,51.51090576,7.47107801,147.69,0.00,0.00,40.27,0,-113.00,-17.00,0.00,0.00,23.00,0.00,0,289
35.08,1547729239,312.29,51.51090576,7.47107801,147.69,0.00,0.00,40.27,0,-115.00,-18.00,0.00,0.00,23.00,0.00,0,416
35.08,1547729239,312.29,51.51090576,7.47107801,147.69,0.00,0.00,40.27,0,-115.00,-19.00,0.00,0.00,23.00,0.00,0,149
36.08,1547729240,312.29,51.51090576,7.47107801,147.68,0.00,0.00,40.27,0,-101.00,-13.00,0.00,0.00,30.00,0.00,0,68
36.08,1547729240,312.29,51.51090576,7.47107801,147.68,0.00,0.00,40.27,0,-105.00,-15.00,0.00,0.00,29.00,0.00,0,223
36.08,1547729240,312.29,51.51090576,7.47107801,147.68,0.00,0.00,40.27,0,-111.00,-14.00,0.00,0.00,23.00,0.00,0,323
36.08,1547729240,312.29,51.51090576,7.47107801,147.68,0.00,0.00,40.27,0,-113.00,-16.00,0.00,0.00,23.00,0.00,0,322
36.08,1547729240,312.29,51.51090576,7.47107801,147.68,0.00,0.00,40.27,0,-113.00,-17.00,0.00,0.00,23.00,0.00,0,289
36.08,1547729240,312.29,51.51090576,7.47107801,147.68,0.00,0.00,40.27,0,-115.00,-18.00,0.00,0.00,23.00,0.00,0,416
36.08,1547729240,312.29,51.51090576,7.47107801,147.68,0.00,0.00,40.27,0,-115.00,-19.00,0.00,0.00,23.00,0.00,0,149
37.08,1547729241,312.29,51.51090576,7.47107801,147.66,0.00,0.00,40.27,0,-101.00,-14.00,0.00,0.00,34.00,0.00,0,68
37.08,1547729241,312.29,51.51090576,7.47107801,147.66,0.00,0.00,40.27,0,-105.00,-17.00,0.00,0.00,33.00,0.00,0,223
37.08,1547729241,312.29,51.51090576,7.47107801,147.66,0.00,0.00,40.27,0,-111.00,-18.00,0.00,0.00,27.00,0.00,0,218
37.08,1547729241,312.29,51.51090576,7.47107801,147.66,0.00,0.00,40.27,0,-111.00,-12.00,0.00,0.00,23.00,0.00,0,323
37.08,1547729241,312.29,51.51090576,7.47107801,147.66,0.00,0.00,40.27,0,-112.00,-17.00,0.00,0.00,24.00,0.00,0,289
37.08,1547729241,312.29,51.51090576,7.47107801,147.66,0.00,0.00,40.27,0,-113.00,-15.00,0.00,0.00,24.00,0.00,0,322
37.08,1547729241,312.29,51.51090576,7.47107801,147.66,0.00,0.00,40.27,0,-113.00,-17.00,0.00,0.00,24.00,0.00,0,416
37.08,1547729241,312.29,51.51090576,7.47107801,147.66,0.00,0.00,40.27,0,-116.00,-18.00,0.00,0.00,22.00,0.00,0,149
38.08,1547729242,312.29,51.51090576,7.47107801,147.65,0.00,0.00,40.27,0,-101.00,-14.00,0.00,0.00,34.00,0.00,0,68
38.08,1547729242,312.29,51.51090576,7.47107801,147.65,0.00,0.00,40.27,0,-105.00,-17.00,0.00,0.00,33.00,0.00,0,223
38.08,1547729242,312.29,51.51090576,7.47107801,147.65,0.00,0.00,40.27,0,-111.00,-18.00,0.00,0.00,27.00,0.00,0,218
38.08,1547729242,312.29,51.51090576,7.47107801,147.65,0.00,0.00,40.27,0,-111.00,-12.00,0.00,0.00,23.00,0.00,0,323
38.08,1547729242,312.29,51.51090576,7.47107801,147.65,0.00,0.00,40.27,0,-112.00,-17.00,0.00,0.00,24.00,0.00,0,289
38.08,1547729242,312.29,51.51090576,7.47107801,147.65,0.00,0.00,40.27,0,-113.00,-15.00,0.00,0.00,24.00,0.00,0,322
38.08,1547729242,312.29,51.51090576,7.47107801,147.65,0.00,0.00,40.27,0,-113.00,-17.00,0.00,0.00,24.00,0.00,0,416
38.08,1547729242,312.29,51.51090576,7.47107801,147.65,0.00,0.00,40.27,0,-116.00,-18.00,0.00,0.00,22.00,0.00,0,149
39.08,1547729243,312.29,51.51090576,7.47107801,147.63,0.00,0.00,40.27,0,-101.00,-14.00,0.00,0.00,32.00,0.00,0,68
39.08,1547729243,312.29,51.51090576,7.47107801,147.63,0.00,0.00,40.27,0,-105.00,-19.00,0.00,0.00,33.00,0.00,0,223
39.08,1547729243,312.29,51.51090576,7.47107801,147.63,0.00,0.00,40.27,0,-111.00,-14.00,0.00,0.00,24.00,0.00,0,323
39.08,1547729243,312.29,51.51090576,7.47107801,147.63,0.00,0.00,40.27,0,-112.00,-17.00,0.00,0.00,24.00,0.00,0,289
39.08,1547729243,312.29,51.51090576,7.47107801,147.63,0.00,0.00,40.27,0,-113.00,-16.00,0.00,0.00,24.00,0.00,0,322
39.08,1547729243,312.29,51.51090576,7.47107801,147.63,0.00,0.00,40.27,0,-113.00,-18.00,0.00,0.00,24.00,0.00,0,218
39.08,1547729243,312.29,51.51090576,7.47107801,147.63,0.00,0.00,40.27,0,-113.00,-18.00,0.00,0.00,24.00,0.00,0,416
39.08,1547729243,312.29,51.51090576,7.47107801,147.63,0.00,0.00,40.27,0,-114.00,-18.00,0.00,0.00,23.00,0.00,0,149
40.08,1547729244,312.29,51.51090576,7.47107801,147.61,0.00,0.00,40.27,0,-101.00,-14.00,0.00,0.00,32.00,0.00,0,68
40.08,1547729244,312.29,51.51090576,7.47107801,147.61,0.00,0.00,40.27,0,-105.00,-19.00,0.00,0.00,33.00,0.00,0,223
40.08,1547729244,312.29,51.51090576,7.47107801,147.61,0.00,0.00,40.27,0,-111.00,-14.00,0.00,0.00,24.00,0.00,0,323
40.08,1547729244,312.29,51.51090576,7.47107801,147.61,0.00,0.00,40.27,0,-112.00,-17.00,0.00,0.00,24.00,0.00,0,289
40.08,1547729244,312.29,51.51090576,7.47107801,147.61,0.00,0.00,40.27,0,-113.00,-16.00,0.00,0.00,24.00,0.00,0,322
40.08,1547729244,312.29,51.51090576,7.47107801,147.61,0.00,0.00,40.27,0,-113.00,-18.00,0.00,0.00,24.00,0.00,0,218
40.09,1547729244,312.29,51.51090576,7.47107801,147.61,0.00,0.00,40.27,0,-113.00,-18.00,0.00,0.00,24.00,0.00,0,416
40.09,1547729244,312.29,51.51090576,7.47107801,147.61,0.00,0.00,40.27,0,-114.00,-18.00,0.00,0.00,23.00,0.00,0,149
41.08,1547729245,312.29,51.51090576,7.47107801,147.58,0.00,0.00,40.27,0,-102.00,-15.00,0.00,0.00,34.00,0.00,0,68
41.08,1547729245,312.29,51.51090576,7.47107801,147.58,0.00,0.00,40.27,0,-105.00,-19.00,0.00,0.00,34.00,0.00,0,223
41.08,1547729245,312.29,51.51090576,7.47107801,147.58,0.00,0.00,40.27,0,-114.00,-18.00,0.00,0.00,25.00,0.00,0,323
41.08,1547729245,312.29,51.51090576,7.47107801,147.58,0.00,0.00,40.27,0,-116.00,-19.00,0.00,0.00,25.00,0.00,0,289
42.07,1547729246,312.29,51.51090576,7.47107801,147.56,0.00,0.00,40.27,0,-102.00,-15.00,0.00,0.00,34.00,0.00,0,68
42.08,1547729246,312.29,51.51090576,7.47107801,147.56,0.00,0.00,40.27,0,-105.00,-19.00,0.00,0.00,34.00,0.00,0,223
42.08,1547729246,312.29,51.51090576,7.47107801,147.56,0.00,0.00,40.27,0,-114.00,-18.00,0.00,0.00,25.00,0.00,0,323
42.08,1547729246,312.29,51.51090576,7.47107801,147.56,0.00,0.00,40.27,0,-116.00,-19.00,0.00,0.00,25.00,0.00,0,289
43.08,1547729247,312.29,51.51090576,7.47107801,147.53,0.00,0.00,40.27,0,-102.00,-13.00,0.00,0.00,31.00,0.00,0,68
43.08,1547729247,312.29,51.51090576,7.47107801,147.53,0.00,0.00,40.27,0,-106.00,-16.00,0.00,0.00,30.00,0.00,0,223
43.08,1547729247,312.29,51.51090576,7.47107801,147.53,0.00,0.00,40.27,0,-115.00,-17.00,0.00,0.00,21.00,0.00,0,289
43.08,1547729247,312.29,51.51090576,7.47107801,147.53,0.00,0.00,40.27,0,-115.00,-14.00,0.00,0.00,20.00,0.00,0,323
43.08,1547729247,312.29,51.51090576,7.47107801,147.53,0.00,0.00,40.27,0,-116.00,-16.00,0.00,0.00,19.00,0.00,0,322
43.08,1547729247,312.29,51.51090576,7.47107801,147.53,0.00,0.00,40.27,0,-117.00,-18.00,0.00,0.00,20.00,0.00,0,218
44.08,1547729248,312.29,51.51090576,7.47107801,147.21,0.00,0.00,36.80,0,-102.00,-13.00,0.00,0.00,31.00,0.00,0,68
44.08,1547729248,312.29,51.51090576,7.47107801,147.21,0.00,0.00,36.80,0,-106.00,-16.00,0.00,0.00,30.00,0.00,0,223
44.08,1547729248,312.29,51.51090576,7.47107801,147.21,0.00,0.00,36.80,0,-115.00,-17.00,0.00,0.00,21.00,0.00,0,289
44.08,1547729248,312.29,51.51090576,7.47107801,147.21,0.00,0.00,36.80,0,-115.00,-14.00,0.00,0.00,20.00,0.00,0,323
44.08,1547729248,312.29,51.51090576,7.47107801,147.21,0.00,0.00,36.80,0,-116.00,-16.00,0.00,0.00,19.00,0.00,0,322
44.08,1547729248,312.29,51.51090576,7.47107801,147.21,0.00,0.00,36.80,0,-117.00,-18.00,0.00,0.00,20.00,0.00,0,218
45.07,1547729249,312.29,51.51090576,7.47107801,144.22,0.00,0.00,38.15,0,-112.00,-16.00,0.00,0.00,24.00,0.00,0,323
45.08,1547729249,312.29,51.51090576,7.47107801,144.22,0.00,0.00,38.15,0,-113.00,-18.00,0.00,0.00,24.00,0.00,0,205
45.08,1547729249,312.29,51.51090576,7.47107801,144.22,0.00,0.00,38.15,0,-114.00,-16.00,0.00,0.00,22.00,0.00,0,289
46.07,1547729250,312.30,51.51099336,7.47118267,142.37,6.49,0.00,40.80,0,-112.00,-16.00,0.00,0.00,24.00,0.00,0,323
46.07,1547729250,312.31,51.51099336,7.47118267,142.37,6.49,0.00,40.80,0,-113.00,-18.00,0.00,0.00,24.00,0.00,0,205
46.08,1547729250,312.31,51.51099336,7.47118267,142.37,6.49,0.00,40.80,0,-114.00,-16.00,0.00,0.00,22.00,0.00,0,289
47.07,1547729251,318.79,51.51105089,7.47126510,140.97,7.66,0.00,43.86,0,-98.00,-15.00,0.00,0.00,36.00,0.00,0,68
47.07,1547729251,318.80,51.51105089,7.47126510,140.97,7.66,0.00,43.86,0,-113.00,-13.00,0.00,0.00,21.00,0.00,0,323
48.07,1547729252,326.45,51.51111743,7.47136584,139.90,9.06,0.00,45.13,0,-98.00,-15.00,0.00,0.00,36.00,0.00,0,68
48.07,1547729252,326.45,51.51111743,7.47136584,139.90,9.06,0.00,45.13,0,-113.00,-13.00,0.00,0.00,21.00,0.00,0,323
49.08,1547729253,335.59,51.51155940,7.47119130,139.09,13.24,0.00,43.27,0,-99.00,-14.00,0.00,0.00,34.00,0.00,0,68
49.08,1547729253,335.61,51.51155940,7.47119130,139.09,13.24,0.00,43.27,0,-102.00,-14.00,0.00,0.00,34.00,0.00,0,223
49.08,1547729253,335.62,51.51155940,7.47119130,139.09,13.24,0.00,43.27,0,-108.00,-15.00,0.00,0.00,25.00,0.00,0,498
50.07,1547729254,348.65,51.51131435,7.47163106,138.34,14.25,0.00,42.17,0,-99.00,-14.00,0.00,0.00,34.00,0.00,0,68
50.07,1547729254,348.65,51.51131435,7.47163106,138.34,14.25,0.00,42.17,0,-102.00,-14.00,0.00,0.00,34.00,0.00,0,223
50.07,1547729254,348.65,51.51131435,7.47163106,138.34,14.25,0.00,42.17,0,-108.00,-15.00,0.00,0.00,25.00,0.00,0,498
51.07,1547729255,362.98,51.51141602,7.47176471,137.62,14.52,0.00,41.14,0,-99.00,-14.00,0.00,0.00,34.00,0.00,0,68
51.07,1547729255,362.98,51.51141602,7.47176471,137.62,14.52,0.00,41.14,0,-102.00,-14.00,0.00,0.00,34.00,0.00,0,223
51.07,1547729255,362.98,51.51141602,7.47176471,137.62,14.52,0.00,41.14,0,-108.00,-15.00,0.00,0.00,25.00,0.00,0,498
54.07,1547729258,405.33,51.51171754,7.47215838,135.66,14.33,0.00,40.36,0,-110.00,-12.00,0.00,0.00,24.00,0.00,0,322
55.07,1547729259,419.75,51.51182009,7.47228431,135.54,14.09,0.00,39.96,0,-110.00,-12.00,0.00,0.00,24.00,0.00,0,322
58.07,1547729262,460.05,51.51211279,7.47261289,136.88,12.17,0.00,34.96,0,-97.00,-11.00,0.00,0.00,33.00,0.00,0,223
58.08,1547729262,460.06,51.51211279,7.47261289,136.88,12.17,0.00,34.96,0,-104.00,-12.00,0.00,0.00,28.00,0.00,0,68
58.08,1547729262,460.07,51.51211279,7.47261289,136.88,12.17,0.00,34.96,0,-108.00,-15.00,0.00,0.00,28.00,0.00,0,323
59.07,1547729263,472.21,51.51219424,7.47267368,138.83,9.51,0.00,31.58,0,-97.00,-11.00,0.00,0.00,33.00,0.00,0,223
59.08,1547729263,472.22,51.51219424,7.47267368,138.83,9.51,0.00,31.58,0,-104.00,-12.00,0.00,0.00,28.00,0.00,0,68
59.08,1547729263,472.22,51.51219424,7.47267368,138.83,9.51,0.00,31.58,0,-108.00,-15.00,0.00,0.00,28.00,0.00,0,323
60.08,1547729264,481.75,51.51228506,7.47271717,140.25,9.41,0.00,18.44,0,-99.00,-13.00,0.00,0.00,35.00,0.00,0,223
60.08,1547729264,481.77,51.51228506,7.47271717,140.25,9.41,0.00,18.44,0,-99.00,-13.00,0.00,0.00,35.00,0.00,0,68
60.08,1547729264,481.77,51.51228506,7.47271717,140.25,9.41,0.00,18.44,0,-102.00,-11.00,0.00,0.00,28.00,0.00,0,66
60.08,1547729264,481.78,51.51228506,7.47271717,140.25,9.41,0.00,18.44,0,-107.00,-16.00,0.00,0.00,29.00,0.00,0,218
60.08,1547729264,481.82,51.51228506,7.47271717,140.25,9.41,0.00,18.44,0,-108.00,-16.00,0.00,0.00,27.00,0.00,0,323
60.09,1547729264,481.83,51.51228506,7.47271717,140.25,9.41,0.00,18.44,0,-108.00,-12.00,0.00,0.00,24.00,0.00,0,322
61.07,1547729265,491.10,51.51239958,7.47276217,142.35,11.98,0.00,15.38,0,-99.00,-13.00,0.00,0.00,35.00,0.00,0,223
61.07,1547729265,491.10,51.51239958,7.47276217,142.35,11.98,0.00,15.38,0,-99.00,-13.00,0.00,0.00,35.00,0.00,0,68
61.07,1547729265,491.12,51.51239958,7.47276217,142.35,11.98,0.00,15.38,0,-102.00,-11.00,0.00,0.00,28.00,0.00,0,66
61.07,1547729265,491.12,51.51239958,7.47276217,142.35,11.98,0.00,15.38,0,-107.00,-16.00,0.00,0.00,29.00,0.00,0,218
61.07,1547729265,491.13,51.51239958,7.47276217,142.35,11.98,0.00,15.38,0,-108.00,-16.00,0.00,0.00,27.00,0.00,0,323
61.07,1547729265,491.13,51.51239958,7.47276217,142.35,11.98,0.00,15.38,0,-108.00,-12.00,0.00,0.00,24.00,0.00,0,322
62.07,1547729266,503.10,51.51251926,7.47279210,143.99,12.71,0.00,11.87,0,-95.00,-12.00,0.00,0.00,35.00,0.00,0,68
62.07,1547729266,503.11,51.51251926,7.47279210,143.99,12.71,0.00,11.87,0,-101.00,-16.00,0.00,0.00,34.00,0.00,0,223
62.07,1547729266,503.12,51.51251926,7.47279210,143.99,12.71,0.00,11.87,0,-102.00,-13.00,0.00,0.00,31.00,0.00,0,66
63.08,1547729267,515.86,51.51264623,7.47280898,144.45,13.37,0.00,9.18,0,-95.00,-12.00,0.00,0.00,35.00,0.00,0,68
63.08,1547729267,515.88,51.51264623,7.47280898,144.45,13.37,0.00,9.18,0,-101.00,-16.00,0.00,0.00,34.00,0.00,0,223
63.08,1547729267,515.89,51.51264623,7.47280898,144.45,13.37,0.00,9.18,0,-102.00,-13.00,0.00,0.00,31.00,0.00,0,66
64.07,1547729268,529.21,51.51278236,7.47282245,144.26,14.67,0.00,7.24,0,-95.00,-13.00,0.00,0.00,36.00,0.00,0,68
64.08,1547729268,529.22,51.51278236,7.47282245,144.26,14.67,0.00,7.24,0,-99.00,-12.00,0.00,0.00,34.00,0.00,0,66
64.08,1547729268,529.22,51.51278236,7.47282245,144.26,14.67,0.00,7.24,0,-102.00,-12.00,0.00,0.00,32.00,0.00,0,322
64.08,1547729268,529.24,51.51278236,7.47282245,144.26,14.67,0.00,7.24,0,-102.00,-16.00,0.00,0.00,34.00,0.00,0,323
65.07,1547729269,543.88,51.51292007,7.47283726,144.58,14.84,0.00,5.97,0,-95.00,-13.00,0.00,0.00,36.00,0.00,0,68
65.08,1547729269,543.90,51.51292007,7.47283726,144.58,14.84,0.00,5.97,0,-99.00,-12.00,0.00,0.00,34.00,0.00,0,66
65.08,1547729269,543.90,51.51292007,7.47283726,144.58,14.84,0.00,5.97,0,-102.00,-12.00,0.00,0.00,32.00,0.00,0,322
65.08,1547729269,543.91,51.51292007,7.47283726,144.58,14.84,0.00,5.97,0,-102.00,-16.00,0.00,0.00,34.00,0.00,0,323
66.07,1547729270,558.69,51.51305868,7.47285024,144.25,14.74,0.00,5.21,0,-98.00,-12.00,0.00,0.00,36.00,0.00,0,68
66.07,1547729270,558.70,51.51305868,7.47285024,144.25,14.74,0.00,5.21,0,-100.00,-9.00,0.00,0.00,30.00,0.00,0,66
66.07,1547729270,558.72,51.51305868,7.47285024,144.25,14.74,0.00,5.21,0,-104.00,-11.00,0.00,0.00,28.00,0.00,0,322
67.07,1547729271,573.46,51.51319733,7.47285445,143.78,15.00,0.00,4.77,0,-98.00,-12.00,0.00,0.00,36.00,0.00,0,68
67.08,1547729271,573.47,51.51319733,7.47285445,143.78,15.00,0.00,4.77,0,-100.00,-9.00,0.00,0.00,30.00,0.00,0,66
67.08,1547729271,573.49,51.51319733,7.47285445,143.78,15.00,0.00,4.77,0,-104.00,-11.00,0.00,0.00,28.00,0.00,0,322
68.07,1547729272,588.42,51.51333295,7.47286145,143.34,14.80,0.00,4.36,0,-93.00,-11.00,0.00,0.00,34.00,0.00,0,66
69.07,1547729273,603.22,51.51374120,7.47273590,143.09,15.47,0.00,3.93,0,-93.00,-11.00,0.00,0.00,34.00,0.00,0,66
70.08,1547729274,618.83,51.51360825,7.47288601,143.65,14.58,0.00,3.10,0,-97.00,-12.00,0.00,0.00,35.00,0.00,0,66
70.08,1547729274,618.84,51.51360825,7.47288601,143.65,14.58,0.00,3.10,0,-100.00,-16.00,0.00,0.00,38.00,0.00,0,428
71.08,1547729275,633.32,51.51373588,7.47289956,144.14,14.02,0.00,2.32,0,-97.00,-12.00,0.00,0.00,35.00,0.00,0,66
71.08,1547729275,633.33,51.51373588,7.47289956,144.14,14.02,0.00,2.32,0,-100.00,-16.00,0.00,0.00,38.00,0.00,0,428
72.07,1547729276,647.30,51.51387231,7.47290763,144.84,14.70,0.00,3.16,0,-97.00,-12.00,0.00,0.00,35.00,0.00,0,66
72.07,1547729276,647.32,51.51387231,7.47290763,144.84,14.70,0.00,3.16,0,-100.00,-16.00,0.00,0.00,38.00,0.00,0,428
73.07,1547729277,662.02,51.51400941,7.47291242,145.98,14.45,0.00,2.66,0,-94.00,-12.00,0.00,0.00,40.00,0.00,0,66
74.07,1547729278,676.46,51.51414232,7.47291486,147.49,14.29,0.00,2.28,0,-94.00,-12.00,0.00,0.00,40.00,0.00,0,66
75.07,1547729279,690.74,51.51427236,7.47291597,148.76,13.79,0.00,2.77,0,-87.00,-8.00,0.00,0.00,42.00,0.00,0,66
75.07,1547729279,690.75,51.51427236,7.47291597,148.76,13.79,0.00,2.77,0,-92.00,-15.00,0.00,0.00,43.00,0.00,0,428
76.07,1547729280,704.53,51.51438677,7.47292080,149.36,12.34,0.00,3.16,0,-87.00,-8.00,0.00,0.00,42.00,0.00,0,66
76.07,1547729280,704.54,51.51438677,7.47292080,149.36,12.34,0.00,3.16,0,-92.00,-15.00,0.00,0.00,43.00,0.00,0,428
77.07,1547729281,716.85,51.51449533,7.47292522,149.04,11.06,0.00,3.75,0,-80.00,-7.00,0.00,0.00,47.00,0.00,0,66
78.07,1547729282,727.91,51.51457412,7.47292695,148.68,7.96,0.00,3.99,0,-80.00,-7.00,0.00,0.00,47.00,0.00,0,66
79.07,1547729283,735.86,51.51465159,7.47293334,148.25,7.65,0.00,4.36,0,-74.00,-5.00,0.00,0.00,51.00,0.00,0,66
80.07,1547729284,743.48,51.51471389,7.47294007,148.03,6.36,0.00,4.55,0,-74.00,-5.00,0.00,0.00,51.00,0.00,0,66
83.07,1547729287,756.63,51.51478905,7.47294196,147.61,0.55,0.00,2.56,0,-70.00,-12.00,0.00,0.00,61.00,0.00,0,68
84.08,1547729288,757.19,51.51478905,7.47294196,147.60,0.00,0.00,2.56,0,-70.00,-12.00,0.00,0.00,61.00,0.00,0,68
85.07,1547729289,757.19,51.51478905,7.47294196,147.59,0.00,0.00,2.56,0,-68.00,-12.00,0.00,0.00,63.00,0.00,0,62
86.07,1547729290,757.19,51.51478905,7.47294196,147.58,0.00,0.00,2.56,0,-68.00,-12.00,0.00,0.00,63.00,0.00,0,62
94.07,1547729298,757.19,51.51478905,7.47294196,147.87,0.00,0.00,2.56,0,-66.00,-12.00,0.00,0.00,63.00,0.00,0,62
95.07,1547729299,757.19,51.51478905,7.47294196,147.91,0.00,0.00,2.56,0,-66.00,-12.00,0.00,0.00,63.00,0.00,0,62
98.07,1547729302,757.19,51.51478905,7.47294196,148.05,0.00,0.00,2.56,0,-69.00,-14.00,0.00,0.00,63.00,0.00,0,68
99.07,1547729303,757.19,51.51478905,7.47294196,148.11,0.00,0.00,2.56,0,-69.00,-14.00,0.00,0.00,63.00,0.00,0,68
108.07,1547729312,757.19,51.51478905,7.47294196,148.72,0.00,0.00,2.56,0,-66.00,-13.00,0.00,0.00,63.00,0.00,0,62
109.07,1547729313,757.19,51.51475860,7.47300950,143.30,0.00,0.00,2.56,0,-66.00,-13.00,0.00,0.00,63.00,0.00,0,62
110.07,1547729314,757.19,51.51478905,7.47294196,148.83,0.00,0.00,2.56,0,-67.00,-14.00,0.00,0.00,63.00,0.00,0,62
111.07,1547729315,757.19,51.51478905,7.47294196,148.89,0.00,0.00,2.56,0,-67.00,-14.00,0.00,0.00,63.00,0.00,0,62
112.08,1547729316,757.19,51.51478905,7.47294196,148.95,0.00,0.00,2.56,0,-66.00,-13.00,0.00,0.00,63.00,0.00,0,62
113.07,1547729317,757.19,51.51478905,7.47294196,149.01,0.00,0.00,2.56,0,-66.00,-13.00,0.00,0.00,63.00,0.00,0,62
114.07,1547729318,757.19,51.51478905,7.47294196,149.07,0.00,0.00,2.56,0,-66.00,-13.00,0.00,0.00,63.00,0.00,0,62
115.07,1547729319,757.19,51.51478905,7.47294196,149.14,0.00,0.00,2.56,0,-66.00,-13.00,0.00,0.00,63.00,0.00,0,62
116.07,1547729320,757.19,51.51478905,7.47294196,149.20,0.00,0.00,2.56,0,-66.00,-13.00,0.00,0.00,63.00,0.00,0,62
117.07,1547729321,757.19,51.51478905,7.47294196,149.27,0.00,0.00,2.56,0,-88.00,-11.00,0.00,0.00,43.00,0.00,0,202
118.07,1547729322,757.19,51.51478905,7.47294196,149.35,0.00,0.00,2.56,0,-88.00,-11.00,0.00,0.00,43.00,0.00,0,202
119.07,1547729323,757.19,51.51478905,7.47294196,149.42,0.00,0.00,2.56,0,-85.00,-9.00,0.00,0.00,44.00,0.00,0,202
120.07,1547729324,757.19,51.51478905,7.47294196,149.49,0.00,0.00,2.56,0,-85.00,-9.00,0.00,0.00,44.00,0.00,0,202
121.07,1547729325,757.19,51.51478905,7.47294196,149.57,0.00,0.00,2.56,0,-85.00,-9.00,0.00,0.00,44.00,0.00,0,202
122.07,1547729326,757.19,51.51478905,7.47294196,149.65,0.00,0.00,2.56,0,-85.00,-9.00,0.00,0.00,44.00,0.00,0,202
123.07,1547729327,757.19,51.51478905,7.47294196,149.73,0.00,0.00,2.56,0,-85.00,-10.00,0.00,0.00,43.00,0.00,0,202
124.07,1547729328,757.19,51.51478905,7.47294196,149.81,0.00,0.00,2.56,0,-85.00,-10.00,0.00,0.00,43.00,0.00,0,202
125.07,1547729329,757.19,51.51478905,7.47294196,150.61,0.00,0.00,2.56,0,-86.00,-9.00,0.00,0.00,43.00,0.00,0,202
126.07,1547729330,757.19,51.51478905,7.47294196,151.34,0.00,0.00,0.52,0,-86.00,-9.00,0.00,0.00,43.00,0.00,0,202
127.07,1547729331,757.19,51.51478905,7.47294196,157.41,0.00,0.00,0.94,0,-86.00,-11.00,0.00,0.00,46.00,0.00,0,202
128.07,1547729332,757.20,51.51498772,7.47291063,161.12,8.93,0.00,0.67,0,-86.00,-11.00,0.00,0.00,46.00,0.00,0,202
129.07,1547729333,766.14,51.51486660,7.47286410,131.30,8.93,0.00,0.08,0,-85.00,-10.00,0.00,0.00,44.00,0.00,0,202
130.07,1547729334,775.07,51.51519883,7.47290087,162.62,10.37,0.00,359.67,0,-85.00,-10.00,0.00,0.00,44.00,0.00,0,202
131.07,1547729335,785.40,51.51530126,7.47290855,161.03,10.70,0.00,358.58,0,-84.00,-8.00,0.00,0.00,43.00,0.00,0,202
132.07,1547729336,796.14,51.51539021,7.47289855,160.20,10.44,0.00,354.70,0,-84.00,-8.00,0.00,0.00,43.00,0.00,0,202
133.08,1547729337,806.68,51.51549477,7.47286250,158.80,11.42,0.00,350.78,0,-86.00,-11.00,0.00,0.00,44.00,0.00,0,203
134.07,1547729338,818.01,51.51561341,7.47281527,157.66,12.96,0.00,348.20,0,-86.00,-11.00,0.00,0.00,44.00,0.00,0,203
135.07,1547729339,830.96,51.51573535,7.47275259,156.03,13.66,0.00,344.33,0,-86.00,-11.00,0.00,0.00,44.00,0.00,0,203
136.07,1547729340,844.62,51.51584787,7.47267971,153.98,14.34,0.00,341.69,0,-79.00,-8.00,0.00,0.00,51.00,0.00,0,68
137.07,1547729341,858.96,51.51595597,7.47259794,151.37,14.03,0.00,340.07,0,-79.00,-8.00,0.00,0.00,51.00,0.00,0,68
138.07,1547729342,873.00,51.51607423,7.47246080,148.53,14.03,0.00,340.07,0,-84.00,-11.00,0.00,0.00,58.00,0.00,0,66
139.07,1547729343,887.01,51.51616601,7.47230434,146.20,14.27,0.00,319.28,0,-84.00,-11.00,0.00,0.00,58.00,0.00,0,66
140.07,1547729344,901.21,51.51625508,7.47214919,143.77,13.79,0.00,319.07,0,-84.00,-9.00,0.00,0.00,48.00,0.00,0,66
141.07,1547729345,915.03,51.51633446,7.47201314,142.00,13.42,0.00,318.39,0,-84.00,-9.00,0.00,0.00,48.00,0.00,0,66
152.07,1547729356,1054.32,51.51684217,7.47019784,134.54,7.72,0.00,293.46,0,-102.00,-8.00,0.00,0.00,26.00,0.00,0,347
152.08,1547729356,1054.33,51.51684217,7.47019784,134.54,7.72,0.00,293.46,0,-102.00,-16.00,0.00,0.00,32.00,0.00,0,486
153.07,1547729357,1062.01,51.51687070,7.47008588,134.63,7.98,0.00,292.48,0,-102.00,-8.00,0.00,0.00,26.00,0.00,0,347
153.07,1547729357,1062.02,51.51687070,7.47008588,134.63,7.98,0.00,292.48,0,-102.00,-16.00,0.00,0.00,32.00,0.00,0,486
154.07,1547729358,1069.99,51.51690235,7.46996963,134.72,8.16,0.00,291.33,0,-99.00,-7.00,0.00,0.00,30.00,0.00,0,347
155.07,1547729359,1078.17,51.51693035,7.46984761,134.96,8.45,0.00,290.30,0,-99.00,-7.00,0.00,0.00,30.00,0.00,0,347
156.08,1547729360,1086.71,51.51694833,7.46969316,137.48,8.38,0.00,289.50,0,-103.00,-13.00,0.00,0.00,29.00,0.00,0,486
156.08,1547729360,1086.71,51.51694833,7.46969316,137.48,8.38,0.00,289.50,0,-103.00,-11.00,0.00,0.00,29.00,0.00,0,345
157.07,1547729361,1095.01,51.51696990,7.46956063,140.07,8.45,0.00,289.08,0,-103.00,-13.00,0.00,0.00,29.00,0.00,0,486
157.07,1547729361,1095.01,51.51696990,7.46956063,140.07,8.45,0.00,289.08,0,-103.00,-11.00,0.00,0.00,29.00,0.00,0,345
158.07,1547729362,1103.45,51.51699513,7.46944905,141.46,8.56,0.00,289.68,0,-103.00,-13.00,0.00,0.00,29.00,0.00,0,486
158.07,1547729362,1103.45,51.51699513,7.46944905,141.46,8.56,0.00,289.68,0,-103.00,-11.00,0.00,0.00,29.00,0.00,0,345
159.07,1547729363,1112.02,51.51701830,7.46931331,143.49,9.51,0.00,288.84,0,-102.00,-11.00,0.00,0.00,31.00,0.00,0,347
159.07,1547729363,1112.03,51.51701830,7.46931331,143.49,9.51,0.00,288.84,0,-103.00,-10.00,0.00,0.00,29.00,0.00,0,345
160.08,1547729364,1121.58,51.51704698,7.46920141,144.67,9.46,0.00,288.47,0,-102.00,-11.00,0.00,0.00,31.00,0.00,0,347
160.08,1547729364,1121.58,51.51704698,7.46920141,144.67,9.46,0.00,288.47,0,-103.00,-10.00,0.00,0.00,29.00,0.00,0,345
161.07,1547729365,1130.99,51.51708204,7.46908349,144.16,9.67,0.00,289.13,0,-102.00,-10.00,0.00,0.00,28.00,0.00,0,347
161.07,1547729365,1130.99,51.51708204,7.46908349,144.16,9.67,0.00,289.13,0,-103.00,-11.00,0.00,0.00,28.00,0.00,0,345
162.07,1547729366,1140.66,51.51711426,7.46894800,142.59,10.58,0.00,288.36,0,-102.00,-10.00,0.00,0.00,28.00,0.00,0,347
162.07,1547729366,1140.66,51.51711426,7.46894800,142.59,10.58,0.00,288.36,0,-103.00,-11.00,0.00,0.00,28.00,0.00,0,345
163.07,1547729367,1151.24,51.51714621,7.46880002,140.42,10.92,0.00,287.86,0,-101.00,-10.00,0.00,0.00,29.00,0.00,0,347
163.07,1547729367,1151.24,51.51714621,7.46880002,140.42,10.92,0.00,287.86,0,-102.00,-12.00,0.00,0.00,29.00,0.00,0,345
164.07,1547729368,1162.17,51.51717989,7.46864615,138.19,11.36,0.00,287.19,0,-101.00,-10.00,0.00,0.00,29.00,0.00,0,347
164.08,1547729368,1162.18,51.51717989,7.46864615,138.19,11.36,0.00,287.19,0,-102.00,-12.00,0.00,0.00,29.00,0.00,0,345
165.07,1547729369,1173.51,51.51721826,7.46848314,136.08,11.99,0.00,289.21,0,-99.00,-11.00,0.00,0.00,32.00,0.00,0,345
165.07,1547729369,1173.53,51.51721826,7.46848314,136.08,11.99,0.00,289.21,0,-100.00,-15.00,0.00,0.00,36.00,0.00,0,202
166.07,1547729370,1185.51,51.51725952,7.46831333,134.59,12.35,0.00,289.97,0,-99.00,-11.00,0.00,0.00,32.00,0.00,0,345
166.07,1547729370,1185.52,51.51725952,7.46831333,134.59,12.35,0.00,289.97,0,-100.00,-15.00,0.00,0.00,36.00,0.00,0,202
167.07,1547729371,1197.86,51.51730457,7.46813634,133.74,12.97,0.00,291.19,0,-86.00,-6.00,0.00,0.00,39.00,0.00,0,347
168.07,1547729372,1210.81,51.51735181,7.46796775,133.13,12.29,0.00,292.96,0,-86.00,-6.00,0.00,0.00,39.00,0.00,0,347
169.07,1547729373,1223.12,51.51753110,7.46782120,132.40,12.45,0.00,294.36,0,-93.00,-13.00,0.00,0.00,40.00,0.00,0,345
170.07,1547729374,1235.55,51.51744705,7.46762537,132.47,11.67,0.00,295.41,0,-93.00,-13.00,0.00,0.00,40.00,0.00,0,345
173.07,1547729377,1266.51,51.51755964,7.46720480,134.10,9.81,0.00,297.69,0,-103.00,-14.00,0.00,0.00,32.00,0.00,0,218
173.07,1547729377,1266.52,51.51755964,7.46720480,134.10,9.81,0.00,297.69,0,-103.00,-14.00,0.00,0.00,33.00,0.00,0,322
174.07,1547729378,1276.30,51.51760960,7.46707657,134.29,10.82,0.00,299.18,0,-103.00,-14.00,0.00,0.00,32.00,0.00,0,218
174.07,1547729378,1276.30,51.51760960,7.46707657,134.29,10.82,0.00,299.18,0,-103.00,-14.00,0.00,0.00,33.00,0.00,0,322
184.07,1547729388,1380.30,51.51782318,7.46558686,140.89,8.77,0.00,277.57,0,-96.00,-10.00,0.00,0.00,33.00,0.00,0,218
185.07,1547729389,1389.08,51.51783356,7.46542118,144.02,9.95,0.00,275.71,0,-96.00,-10.00,0.00,0.00,33.00,0.00,0,218
186.07,1547729390,1399.04,51.51784423,7.46524573,146.31,10.36,0.00,274.93,0,-96.00,-10.00,0.00,0.00,36.00,0.00,0,68
186.07,1547729390,1399.05,51.51784423,7.46524573,146.31,10.36,0.00,274.93,0,-97.00,-12.00,0.00,0.00,36.00,0.00,0,218
187.07,1547729391,1409.39,51.51784697,7.46509297,148.30,10.00,0.00,272.62,0,-96.00,-10.00,0.00,0.00,36.00,0.00,0,68
187.07,1547729391,1409.40,51.51784697,7.46509297,148.30,10.00,0.00,272.62,0,-97.00,-12.00,0.00,0.00,36.00,0.00,0,218
188.07,1547729392,1419.39,51.51784486,7.46493253,147.57,10.31,0.00,270.27,0,-93.00,-9.00,0.00,0.00,36.00,0.00,0,218
188.07,1547729392,1419.40,51.51784486,7.46493253,147.57,10.31,0.00,270.27,0,-93.00,-7.00,0.00,0.00,34.00,0.00,0,68
189.07,1547729393,1429.72,51.51764880,7.46494100,145.72,10.36,0.00,268.59,0,-93.00,-9.00,0.00,0.00,36.00,0.00,0,218
189.08,1547729393,1429.73,51.51764880,7.46494100,145.72,10.36,0.00,268.59,0,-93.00,-7.00,0.00,0.00,34.00,0.00,0,68
190.07,1547729394,1440.03,51.51782670,7.46463576,143.83,10.38,0.00,266.66,0,-91.00,-7.00,0.00,0.00,38.00,0.00,0,68
190.07,1547729394,1440.04,51.51782670,7.46463576,143.83,10.38,0.00,266.66,0,-94.00,-11.00,0.00,0.00,38.00,0.00,0,218
191.07,1547729395,1450.46,51.51781550,7.46451860,141.12,10.35,0.00,264.74,0,-91.00,-7.00,0.00,0.00,38.00,0.00,0,68
191.08,1547729395,1450.47,51.51781550,7.46451860,141.12,10.35,0.00,264.74,0,-94.00,-11.00,0.00,0.00,38.00,0.00,0,218
192.12,1547729396,1461.28,51.51780000,7.46440567,138.90,9.30,0.00,262.20,0,-93.00,-12.00,0.00,0.00,38.00,0.00,0,218
192.12,1547729396,1461.28,51.51780000,7.46440567,138.90,9.30,0.00,262.20,0,-96.00,-9.00,0.00,0.00,37.00,0.00,0,68
193.07,1547729397,1470.15,51.51777770,7.46427687,136.85,9.95,0.00,259.69,0,-93.00,-12.00,0.00,0.00,38.00,0.00,0,218
193.07,1547729397,1470.16,51.51777770,7.46427687,136.85,9.95,0.00,259.69,0,-96.00,-9.00,0.00,0.00,37.00,0.00,0,68
194.07,1547729398,1480.10,51.51775175,7.46413220,134.79,10.62,0.00,257.46,0,-91.00,-12.00,0.00,0.00,40.00,0.00,0,218
194.07,1547729398,1480.11,51.51775175,7.46413220,134.79,10.62,0.00,257.46,0,-95.00,-13.00,0.00,0.00,39.00,0.00,0,68
195.07,1547729399,1490.72,51.51772573,7.46398245,132.68,10.75,0.00,255.29,0,-91.00,-12.00,0.00,0.00,40.00,0.00,0,218
195.07,1547729399,1490.73,51.51772573,7.46398245,132.68,10.75,0.00,255.29,0,-95.00,-13.00,0.00,0.00,39.00,0.00,0,68
196.07,1547729400,1501.47,51.51769299,7.46382961,131.80,10.66,0.00,254.05,0,-88.00,-11.00,0.00,0.00,42.00,0.00,0,218
197.07,1547729401,1512.13,51.51765434,7.46369400,132.40,10.59,0.00,252.55,0,-88.00,-11.00,0.00,0.00,42.00,0.00,0,218
198.08,1547729402,1522.81,51.51761524,7.46357486,133.12,10.42,0.00,251.27,0,-89.00,-10.00,0.00,0.00,42.00,0.00,0,218
198.08,1547729402,1522.82,51.51761524,7.46357486,133.12,10.42,0.00,251.27,0,-94.00,-18.00,0.00,0.00,44.00,0.00,0,321
199.07,1547729403,1533.14,51.51757117,7.46347048,134.61,10.15,0.00,250.06,0,-89.00,-10.00,0.00,0.00,42.00,0.00,0,218
199.07,1547729403,1533.15,51.51757117,7.46347048,134.61,10.15,0.00,250.06,0,-94.00,-18.00,0.00,0.00,44.00,0.00,0,321
200.07,1547729404,1543.30,51.51752567,7.46336065,136.54,10.34,0.00,249.10,0,-89.00,-10.00,0.00,0.00,42.00,0.00,0,218
200.08,1547729404,1543.31,51.51752567,7.46336065,136.54,10.34,0.00,249.10,0,-94.00,-18.00,0.00,0.00,44.00,0.00,0,321
201.07,1547729405,1553.63,51.51748304,7.46324909,138.08,9.81,0.00,248.91,0,-89.00,-11.00,0.00,0.00,42.00,0.00,0,218
202.07,1547729406,1563.41,51.51744350,7.46312641,138.66,9.64,0.00,248.33,0,-89.00,-11.00,0.00,0.00,42.00,0.00,0,218
203.07,1547729407,1573.08,51.51740627,7.46300916,138.91,9.15,0.00,247.95,0,-89.00,-11.00,0.00,0.00,42.00,0.00,0,218
204.07,1547729408,1582.23,51.51736856,7.46289751,139.40,9.10,0.00,248.43,0,-89.00,-11.00,0.00,0.00,42.00,0.00,0,218
205.07,1547729409,1591.33,51.51732809,7.46278274,140.09,9.70,0.00,248.85,0,-92.00,-11.00,0.00,0.00,40.00,0.00,0,218
206.07,1547729410,1601.05,51.51729743,7.46266187,141.03,10.28,0.00,250.29,0,-92.00,-11.00,0.00,0.00,40.00,0.00,0,218
207.07,1547729411,1611.31,51.51726855,7.46252441,142.85,10.62,0.00,251.85,0,-91.00,-13.00,0.00,0.00,43.00,0.00,0,218
208.07,1547729412,1621.93,51.51723569,7.46241095,144.57,10.62,0.00,251.85,0,-91.00,-13.00,0.00,0.00,43.00,0.00,0,218
209.07,1547729413,1632.55,51.51719449,7.46221735,145.70,11.74,0.00,249.78,0,-91.00,-12.00,0.00,0.00,41.00,0.00,0,218
210.08,1547729414,1644.36,51.51716052,7.46203395,146.08,11.59,0.00,250.70,0,-91.00,-12.00,0.00,0.00,41.00,0.00,0,218
211.08,1547729415,1655.95,51.51713355,7.46184914,145.12,12.29,0.00,251.12,0,-91.00,-8.00,0.00,0.00,37.00,0.00,0,105
211.08,1547729415,1655.96,51.51713355,7.46184914,145.12,12.29,0.00,251.12,0,-89.00,-13.00,0.00,0.00,46.00,0.00,0,97
212.07,1547729416,1668.13,51.51710410,7.46165543,143.37,12.92,0.00,251.75,0,-91.00,-8.00,0.00,0.00,37.00,0.00,0,105
212.07,1547729416,1668.13,51.51710410,7.46165543,143.37,12.92,0.00,251.75,0,-89.00,-13.00,0.00,0.00,46.00,0.00,0,97
213.07,1547729417,1681.10,51.51707226,7.46146033,142.23,13.45,0.00,252.17,0,-91.00,-10.00,0.00,0.00,40.00,0.00,0,105
214.07,1547729418,1694.55,51.51703724,7.46126345,140.98,13.56,0.00,252.52,0,-91.00,-10.00,0.00,0.00,40.00,0.00,0,105
215.07,1547729419,1708.09,51.51700037,7.46106687,139.41,13.77,0.00,252.15,0,-83.00,-8.00,0.00,0.00,44.00,0.00,0,105
216.07,1547729420,1721.88,51.51696183,7.46086544,138.12,13.89,0.00,252.17,0,-83.00,-8.00,0.00,0.00,44.00,0.00,0,105
217.07,1547729421,1735.77,51.51692421,7.46066248,137.37,13.73,0.00,252.74,0,-85.00,-8.00,0.00,0.00,44.00,0.00,0,105
218.07,1547729422,1749.48,51.51688884,7.46046422,136.74,13.63,0.00,253.07,0,-85.00,-8.00,0.00,0.00,44.00,0.00,0,105
219.08,1547729423,1763.22,51.51685282,7.46028225,136.23,12.95,0.00,253.05,0,-96.00,-13.00,0.00,0.00,36.00,0.00,0,164
219.08,1547729423,1763.23,51.51685282,7.46028225,136.23,12.95,0.00,253.05,0,-97.00,-19.00,0.00,0.00,43.00,0.00,0,321
220.07,1547729424,1776.08,51.51681827,7.46010391,135.64,12.38,0.00,252.78,0,-96.00,-13.00,0.00,0.00,36.00,0.00,0,164
220.07,1547729424,1776.08,51.51681827,7.46010391,135.64,12.38,0.00,252.78,0,-97.00,-19.00,0.00,0.00,43.00,0.00,0,321
221.07,1547729425,1788.46,51.51678547,7.45993245,135.44,11.88,0.00,254.05,0,-96.00,-13.00,0.00,0.00,36.00,0.00,0,164
221.07,1547729425,1788.47,51.51678547,7.45993245,135.44,11.88,0.00,254.05,0,-97.00,-19.00,0.00,0.00,43.00,0.00,0,321
222.07,1547729426,1800.29,51.51675944,7.45976713,134.85,11.54,0.00,255.10,0,-81.00,-10.00,0.00,0.00,50.00,0.00,0,460
222.07,1547729426,1800.29,51.51675944,7.45976713,134.85,11.54,0.00,255.10,0,-86.00,-13.00,0.00,0.00,49.00,0.00,0,375
223.07,1547729427,1811.89,51.51673487,7.45959989,133.94,11.66,0.00,255.96,0,-81.00,-10.00,0.00,0.00,50.00,0.00,0,460
223.07,1547729427,1811.89,51.51673487,7.45959989,133.94,11.66,0.00,255.96,0,-86.00,-13.00,0.00,0.00,49.00,0.00,0,375
224.07,1547729428,1823.55,51.51671190,7.45943231,132.58,11.70,0.00,256.47,0,-91.00,-14.00,0.00,0.00,40.00,0.00,0,181
225.07,1547729429,1835.23,51.51668948,7.45926900,131.03,11.81,0.00,255.84,0,-91.00,-14.00,0.00,0.00,40.00,0.00,0,181
226.07,1547729430,1847.04,51.51666887,7.45912102,129.50,10.49,0.00,256.78,0,-94.00,-11.00,0.00,0.00,37.00,0.00,0,181
227.07,1547729431,1857.52,51.51665365,7.45898604,128.40,8.77,0.00,257.97,0,-94.00,-11.00,0.00,0.00,37.00,0.00,0,181
228.07,1547729432,1866.29,51.51664151,7.45887278,128.00,7.44,0.00,259.12,0,-95.00,-12.00,0.00,0.00,36.00,0.00,0,181
229.07,1547729433,1873.73,51.51662905,7.45876539,127.81,7.68,0.00,258.32,0,-95.00,-12.00,0.00,0.00,36.00,0.00,0,181
230.07,1547729434,1881.39,51.51660482,7.45866649,129.34,7.68,0.00,258.52,0,-82.00,-12.00,0.00,0.00,50.00,0.00,0,375
230.07,1547729434,1881.40,51.51660482,7.45866649,129.34,7.68,0.00,258.52,0,-85.00,-12.00,0.00,0.00,48.00,0.00,0,460
231.08,1547729435,1889.13,51.51658388,7.45854350,132.02,8.65,0.00,260.05,0,-82.00,-12.00,0.00,0.00,50.00,0.00,0,375
231.08,1547729435,1889.14,51.51658388,7.45854350,132.02,8.65,0.00,260.05,0,-85.00,-12.00,0.00,0.00,48.00,0.00,0,460
236.07,1547729440,1927.94,51.51650703,7.45794890,139.28,6.84,0.00,257.75,0,-96.00,-11.00,0.00,0.00,41.00,0.00,0,164
237.07,1547729441,1934.79,51.51649290,7.45785000,139.78,6.44,0.00,256.96,0,-96.00,-11.00,0.00,0.00,41.00,0.00,0,164
238.07,1547729442,1941.23,51.51647851,7.45775297,140.16,6.04,0.00,256.23,0,-88.00,-12.00,0.00,0.00,44.00,0.00,0,375
239.07,1547729443,1947.27,51.51646320,7.45766002,141.01,5.63,0.00,255.79,0,-88.00,-12.00,0.00,0.00,44.00,0.00,0,375
240.08,1547729444,1952.94,51.51644857,7.45757600,142.25,4.39,0.00,254.99,0,-91.00,-12.00,0.00,0.00,42.00,0.00,0,375
241.07,1547729445,1957.30,51.51644111,7.45751705,142.31,3.39,0.00,254.92,0,-91.00,-12.00,0.00,0.00,42.00,0.00,0,375
242.07,1547729446,1960.70,51.51643424,7.45747922,142.39,2.08,0.00,254.17,0,-91.00,-12.00,0.00,0.00,42.00,0.00,0,375
243.07,1547729447,1962.77,51.51643424,7.45747912,142.50,0.50,0.00,254.17,0,-85.00,-18.00,0.00,0.00,53.00,0.00,0,375
244.07,1547729448,1963.27,51.51643424,7.45747912,142.58,0.47,0.00,254.17,0,-85.00,-18.00,0.00,0.00,53.00,0.00,0,375
245.07,1547729449,1963.74,51.51643424,7.45747912,142.60,0.00,0.00,254.17,0,-86.00,-18.00,0.00,0.00,52.00,0.00,0,375
246.07,1547729450,1963.74,51.51643424,7.45747912,142.62,0.00,0.00,254.17,0,-86.00,-18.00,0.00,0.00,52.00,0.00,0,375
247.07,1547729451,1963.74,51.51643424,7.45747912,142.66,0.00,0.00,254.17,0,-88.00,-20.00,0.00,0.00,51.00,0.00,0,375
248.07,1547729452,1963.74,51.51643424,7.45747912,142.69,0.00,0.00,254.17,0,-88.00,-20.00,0.00,0.00,51.00,0.00,0,375
251.07,1547729455,1963.75,51.51642682,7.45736402,143.46,2.92,0.00,252.44,0,-82.00,-12.00,0.00,0.00,50.00,0.00,0,375
252.08,1547729456,1966.68,51.51641827,7.45728144,143.52,2.92,0.00,254.38,0,-82.00,-12.00,0.00,0.00,50.00,0.00,0,375
274.07,1547729478,2165.21,51.51514600,7.45516221,136.62,11.66,0.00,183.72,0,-84.00,-12.00,0.00,0.00,46.00,0.00,0,375
275.07,1547729479,2176.88,51.51503811,7.45517025,137.88,12.53,0.00,180.60,0,-84.00,-12.00,0.00,0.00,46.00,0.00,0,375
295.07,1547729499,2422.43,51.51298880,7.45629105,158.12,8.93,0.00,136.37,0,-104.00,-20.00,0.00,0.00,35.00,0.00,0,487
296.07,1547729500,2431.32,51.51294186,7.45639172,156.15,8.64,0.00,133.36,0,-104.00,-20.00,0.00,0.00,35.00,0.00,0,487
299.08,1547729503,2456.17,51.51281513,7.45666887,154.72,7.81,0.00,129.91,0,-98.00,-12.00,0.00,0.00,34.00,0.00,0,487
299.08,1547729503,2456.18,51.51281513,7.45666887,154.72,7.81,0.00,129.91,0,-103.00,-19.00,0.00,0.00,36.00,0.00,0,268
299.08,1547729503,2456.18,51.51281513,7.45666887,154.72,7.81,0.00,129.91,0,-104.00,-16.00,0.00,0.00,36.00,0.00,0,482
300.07,1547729504,2463.97,51.51276781,7.45678284,154.80,9.30,0.00,128.78,0,-98.00,-12.00,0.00,0.00,34.00,0.00,0,487
300.08,1547729504,2463.98,51.51276781,7.45678284,154.80,9.30,0.00,128.78,0,-103.00,-19.00,0.00,0.00,36.00,0.00,0,268
300.08,1547729504,2463.99,51.51276781,7.45678284,154.80,9.30,0.00,128.78,0,-104.00,-16.00,0.00,0.00,36.00,0.00,0,482
301.09,1547729505,2473.44,51.51271841,7.45693050,154.20,9.30,0.00,128.78,0,-100.00,-14.00,0.00,0.00,35.00,0.00,0,482
301.09,1547729505,2473.45,51.51271841,7.45693050,154.20,9.30,0.00,128.78,0,-102.00,-15.00,0.00,0.00,36.00,0.00,0,487
301.09,1547729505,2473.45,51.51271841,7.45693050,154.20,9.30,0.00,128.78,0,-105.00,-19.00,0.00,0.00,35.00,0.00,0,481
301.09,1547729505,2473.45,51.51271841,7.45693050,154.20,9.30,0.00,128.78,0,-106.00,-20.00,0.00,0.00,34.00,0.00,0,268
302.08,1547729506,2482.59,51.51265223,7.45707312,153.52,12.16,0.00,128.78,0,-100.00,-14.00,0.00,0.00,35.00,0.00,0,482
302.08,1547729506,2482.60,51.51265223,7.45707312,153.52,12.16,0.00,128.78,0,-102.00,-15.00,0.00,0.00,36.00,0.00,0,487
302.08,1547729506,2482.61,51.51265223,7.45707312,153.52,12.16,0.00,128.78,0,-105.00,-19.00,0.00,0.00,35.00,0.00,0,481
302.08,1547729506,2482.62,51.51265223,7.45707312,153.52,12.16,0.00,128.78,0,-106.00,-20.00,0.00,0.00,34.00,0.00,0,268
303.07,1547729507,2494.74,51.51259226,7.45723646,152.40,12.03,0.00,129.79,0,-104.00,-12.00,0.00,0.00,29.00,0.00,0,487
303.08,1547729507,2494.75,51.51259226,7.45723646,152.40,12.03,0.00,129.79,0,-106.00,-20.00,0.00,0.00,34.00,0.00,0,481
303.08,1547729507,2494.76,51.51259226,7.45723646,152.40,12.03,0.00,129.79,0,-107.00,-15.00,0.00,0.00,32.00,0.00,0,482
304.08,1547729508,2506.78,51.51252172,7.45738245,151.79,12.25,0.00,128.60,0,-104.00,-12.00,0.00,0.00,29.00,0.00,0,487
304.08,1547729508,2506.79,51.51252172,7.45738245,151.79,12.25,0.00,128.60,0,-106.00,-20.00,0.00,0.00,34.00,0.00,0,481
304.08,1547729508,2506.79,51.51252172,7.45738245,151.79,12.25,0.00,128.60,0,-107.00,-15.00,0.00,0.00,32.00,0.00,0,482
305.08,1547729509,2519.14,51.51244483,7.45753504,151.97,13.00,0.00,127.76,0,-102.00,-18.00,0.00,0.00,35.00,0.00,0,482
305.09,1547729509,2519.16,51.51244483,7.45753504,151.97,13.00,0.00,127.76,0,-104.00,-20.00,0.00,0.00,35.00,0.00,0,481
305.09,1547729509,2519.17,51.51244483,7.45753504,151.97,13.00,0.00,127.76,0,-93.00,-9.00,0.00,0.00,37.00,0.00,0,216
306.07,1547729510,2532.01,51.51236863,7.45770561,152.29,14.39,0.00,127.16,0,-102.00,-18.00,0.00,0.00,35.00,0.00,0,482
306.08,1547729510,2532.02,51.51236863,7.45770561,152.29,14.39,0.00,127.16,0,-104.00,-20.00,0.00,0.00,35.00,0.00,0,481
306.08,1547729510,2532.04,51.51236863,7.45770561,152.29,14.39,0.00,127.16,0,-93.00,-9.00,0.00,0.00,37.00,0.00,0,216
307.07,1547729511,2546.40,51.51230045,7.45788639,151.33,14.26,0.00,126.72,0,-102.00,-18.00,0.00,0.00,35.00,0.00,0,482
307.08,1547729511,2546.41,51.51230045,7.45788639,151.33,14.26,0.00,126.72,0,-104.00,-20.00,0.00,0.00,35.00,0.00,0,481
307.08,1547729511,2546.42,51.51230045,7.45788639,151.33,14.26,0.00,126.72,0,-93.00,-9.00,0.00,0.00,37.00,0.00,0,216
308.08,1547729512,2560.67,51.51222361,7.45807705,149.48,15.17,0.00,126.06,0,-101.00,-15.00,0.00,0.00,34.00,0.00,0,482
308.08,1547729512,2560.68,51.51222361,7.45807705,149.48,15.17,0.00,126.06,0,-104.00,-18.00,0.00,0.00,34.00,0.00,0,481
308.08,1547729512,2560.70,51.51222361,7.45807705,149.48,15.17,0.00,126.06,0,-99.00,-9.00,0.00,0.00,29.00,0.00,0,182
308.08,1547729512,2560.71,51.51222361,7.45807705,149.48,15.17,0.00,126.06,0,-106.00,-15.00,0.00,0.00,29.00,0.00,0,180
309.07,1547729513,2575.78,51.51214447,7.45825526,148.53,14.98,0.00,125.54,0,-101.00,-15.00,0.00,0.00,34.00,0.00,0,482
309.07,1547729513,2575.78,51.51214447,7.45825526,148.53,14.98,0.00,125.54,0,-104.00,-18.00,0.00,0.00,34.00,0.00,0,481
309.07,1547729513,2575.79,51.51214447,7.45825526,148.53,14.98,0.00,125.54,0,-99.00,-9.00,0.00,0.00,29.00,0.00,0,182
309.07,1547729513,2575.79,51.51214447,7.45825526,148.53,14.98,0.00,125.54,0,-106.00,-15.00,0.00,0.00,29.00,0.00,0,180
310.07,1547729514,2590.77,51.51203870,7.45817920,141.80,14.32,0.00,126.46,0,-96.00,-14.00,0.00,0.00,47.00,0.00,0,481
310.07,1547729514,2590.79,51.51203870,7.45817920,141.80,14.32,0.00,126.46,0,-100.00,-17.00,0.00,0.00,47.00,0.00,0,487
311.08,1547729515,2605.15,51.51200214,7.45859450,146.14,13.05,0.00,126.87,0,-96.00,-14.00,0.00,0.00,47.00,0.00,0,481
311.08,1547729515,2605.16,51.51200214,7.45859450,146.14,13.05,0.00,126.87,0,-100.00,-17.00,0.00,0.00,47.00,0.00,0,487
312.08,1547729516,2618.20,51.51194248,7.45873931,145.71,11.46,0.00,126.33,0,-98.00,-15.00,0.00,0.00,37.00,0.00,0,481
312.08,1547729516,2618.21,51.51194248,7.45873931,145.71,11.46,0.00,126.33,0,-108.00,-14.00,0.00,0.00,28.00,0.00,0,182
312.08,1547729516,2618.21,51.51194248,7.45873931,145.71,11.46,0.00,126.33,0,-111.00,-19.00,0.00,0.00,29.00,0.00,0,493
313.07,1547729517,2629.63,51.51189298,7.45886286,145.22,9.42,0.00,127.86,0,-98.00,-15.00,0.00,0.00,37.00,0.00,0,481
313.08,1547729517,2629.64,51.51189298,7.45886286,145.22,9.42,0.00,127.86,0,-108.00,-14.00,0.00,0.00,28.00,0.00,0,182
313.08,1547729517,2629.64,51.51189298,7.45886286,145.22,9.42,0.00,127.86,0,-111.00,-19.00,0.00,0.00,29.00,0.00,0,493
314.08,1547729518,2639.06,51.51185495,7.45897099,145.10,7.30,0.00,128.36,0,-101.00,-13.00,0.00,0.00,31.00,0.00,0,481
314.08,1547729518,2639.07,51.51185495,7.45897099,145.10,7.30,0.00,128.36,0,-104.00,-13.00,0.00,0.00,29.00,0.00,0,487
314.08,1547729518,2639.07,51.51185495,7.45897099,145.10,7.30,0.00,128.36,0,-109.00,-14.00,0.00,0.00,24.00,0.00,0,180
315.07,1547729519,2646.34,51.51182039,7.45904991,145.79,5.84,0.00,129.12,0,-101.00,-13.00,0.00,0.00,31.00,0.00,0,481
315.07,1547729519,2646.34,51.51182039,7.45904991,145.79,5.84,0.00,129.12,0,-104.00,-13.00,0.00,0.00,29.00,0.00,0,487
315.08,1547729519,2646.35,51.51182039,7.45904991,145.79,5.84,0.00,129.12,0,-109.00,-14.00,0.00,0.00,24.00,0.00,0,180
316.07,1547729520,2652.18,51.51180147,7.45910525,145.83,3.34,0.00,128.16,0,-99.00,-11.00,0.00,0.00,30.00,0.00,0,481
316.08,1547729520,2652.19,51.51180147,7.45910525,145.83,3.34,0.00,128.16,0,-103.00,-11.00,0.00,0.00,27.00,0.00,0,487
316.08,1547729520,2652.19,51.51180147,7.45910525,145.83,3.34,0.00,128.16,0,-107.00,-12.00,0.00,0.00,24.00,0.00,0,493
316.08,1547729520,2652.19,51.51180147,7.45910525,145.83,3.34,0.00,128.16,0,-109.00,-14.00,0.00,0.00,24.00,0.00,0,182
317.07,1547729521,2655.52,51.51179549,7.45913383,145.82,1.75,0.00,127.71,0,-99.00,-11.00,0.00,0.00,30.00,0.00,0,481
317.08,1547729521,2655.52,51.51179549,7.45913383,145.82,1.75,0.00,127.71,0,-103.00,-11.00,0.00,0.00,27.00,0.00,0,487
317.08,1547729521,2655.52,51.51179549,7.45913383,145.82,1.75,0.00,127.71,0,-107.00,-12.00,0.00,0.00,24.00,0.00,0,493
317.08,1547729521,2655.52,51.51179549,7.45913383,145.82,1.75,0.00,127.71,0,-109.00,-14.00,0.00,0.00,24.00,0.00,0,182
318.08,1547729522,2657.27,51.51179549,7.45913397,145.77,0.33,0.00,127.71,0,-100.00,-12.00,0.00,0.00,31.00,0.00,0,481
318.08,1547729522,2657.27,51.51179549,7.45913397,145.77,0.33,0.00,127.71,0,-102.00,-12.00,0.00,0.00,30.00,0.00,0,487
318.08,1547729522,2657.27,51.51179549,7.45913397,145.77,0.33,0.00,127.71,0,-107.00,-12.00,0.00,0.00,24.00,0.00,0,493
318.08,1547729522,2657.27,51.51179549,7.45913397,145.77,0.33,0.00,127.71,0,-109.00,-14.00,0.00,0.00,25.00,0.00,0,182
319.08,1547729523,2657.60,51.51179549,7.45913397,145.78,0.00,0.00,127.71,0,-100.00,-12.00,0.00,0.00,31.00,0.00,0,481
319.08,1547729523,2657.60,51.51179549,7.45913397,145.78,0.00,0.00,127.71,0,-102.00,-12.00,0.00,0.00,30.00,0.00,0,487
319.08,1547729523,2657.60,51.51179549,7.45913397,145.78,0.00,0.00,127.71,0,-107.00,-12.00,0.00,0.00,24.00,0.00,0,493
319.08,1547729523,2657.60,51.51179549,7.45913397,145.78,0.00,0.00,127.71,0,-109.00,-14.00,0.00,0.00,25.00,0.00,0,182
320.08,1547729524,2657.60,51.51179549,7.45913397,145.80,0.00,0.00,127.71,0,-99.00,-12.00,0.00,0.00,32.00,0.00,0,487
320.08,1547729524,2657.60,51.51179549,7.45913397,145.80,0.00,0.00,127.71,0,-103.00,-15.00,0.00,0.00,32.00,0.00,0,481
320.08,1547729524,2657.60,51.51179549,7.45913397,145.80,0.00,0.00,127.71,0,-108.00,-13.00,0.00,0.00,26.00,0.00,0,493
320.08,1547729524,2657.60,51.51179549,7.45913397,145.80,0.00,0.00,127.71,0,-109.00,-14.00,0.00,0.00,26.00,0.00,0,182
321.08,1547729525,2657.60,51.51179549,7.45913397,145.84,0.00,0.00,127.71,0,-99.00,-12.00,0.00,0.00,32.00,0.00,0,487
321.08,1547729525,2657.60,51.51179549,7.45913397,145.84,0.00,0.00,127.71,0,-103.00,-15.00,0.00,0.00,32.00,0.00,0,481
321.08,1547729525,2657.60,51.51179549,7.45913397,145.84,0.00,0.00,127.71,0,-108.00,-13.00,0.00,0.00,26.00,0.00,0,493
321.08,1547729525,2657.60,51.51179549,7.45913397,145.84,0.00,0.00,127.71,0,-109.00,-14.00,0.00,0.00,26.00,0.00,0,182
322.07,1547729526,2657.60,51.51179549,7.45913397,145.89,0.00,0.00,127.71,0,-101.00,-15.00,0.00,0.00,33.00,0.00,0,487
322.08,1547729526,2657.60,51.51179549,7.45913397,145.89,0.00,0.00,127.71,0,-104.00,-17.00,0.00,0.00,32.00,0.00,0,481
322.08,1547729526,2657.60,51.51179549,7.45913397,145.89,0.00,0.00,127.71,0,-109.00,-14.00,0.00,0.00,25.00,0.00,0,493
322.08,1547729526,2657.60,51.51179549,7.45913397,145.89,0.00,0.00,127.71,0,-110.00,-15.00,0.00,0.00,25.00,0.00,0,182
323.07,1547729527,2657.60,51.51179549,7.45913397,145.95,0.00,0.00,127.71,0,-101.00,-15.00,0.00,0.00,33.00,0.00,0,487
323.08,1547729527,2657.60,51.51179549,7.45913397,145.95,0.00,0.00,127.71,0,-104.00,-17.00,0.00,0.00,32.00,0.00,0,481
323.08,1547729527,2657.60,51.51179549,7.45913397,145.95,0.00,0.00,127.71,0,-109.00,-14.00,0.00,0.00,25.00,0.00,0,493
323.08,1547729527,2657.60,51.51179549,7.45913397,145.95,0.00,0.00,127.71,0,-110.00,-15.00,0.00,0.00,25.00,0.00,0,182
324.07,1547729528,2657.60,51.51179549,7.45913397,146.01,0.00,0.00,127.71,0,-101.00,-15.00,0.00,0.00,33.00,0.00,0,487
324.07,1547729528,2657.60,51.51179549,7.45913397,146.01,0.00,0.00,127.71,0,-103.00,-16.00,0.00,0.00,32.00,0.00,0,481
324.07,1547729528,2657.60,51.51179549,7.45913397,146.01,0.00,0.00,127.71,0,-109.00,-13.00,0.00,0.00,24.00,0.00,0,182
324.07,1547729528,2657.60,51.51179549,7.45913397,146.01,0.00,0.00,127.71,0,-109.00,-15.00,0.00,0.00,24.00,0.00,0,493
325.08,1547729529,2657.60,51.51179549,7.45913397,146.08,0.00,0.00,127.71,0,-101.00,-15.00,0.00,0.00,33.00,0.00,0,487
325.08,1547729529,2657.60,51.51179549,7.45913397,146.08,0.00,0.00,127.71,0,-103.00,-16.00,0.00,0.00,32.00,0.00,0,481
325.08,1547729529,2657.60,51.51179549,7.45913397,146.08,0.00,0.00,127.71,0,-109.00,-13.00,0.00,0.00,24.00,0.00,0,182
325.08,1547729529,2657.60,51.51179549,7.45913397,146.08,0.00,0.00,127.71,0,-109.00,-15.00,0.00,0.00,24.00,0.00,0,493
326.08,1547729530,2657.60,51.51179549,7.45913397,146.16,0.00,0.00,127.71,0,-100.00,-11.00,0.00,0.00,32.00,0.00,0,487
326.09,1547729530,2657.60,51.51179549,7.45913397,146.16,0.00,0.00,127.71,0,-101.00,-14.00,0.00,0.00,33.00,0.00,0,481
326.09,1547729530,2657.60,51.51179549,7.45913397,146.16,0.00,0.00,127.71,0,-109.00,-13.00,0.00,0.00,24.00,0.00,0,493
326.09,1547729530,2657.60,51.51179549,7.45913397,146.16,0.00,0.00,127.71,0,-110.00,-14.00,0.00,0.00,24.00,0.00,0,182
327.07,1547729531,2657.60,51.51179549,7.45913397,146.24,0.00,0.00,127.71,0,-100.00,-11.00,0.00,0.00,32.00,0.00,0,487
327.08,1547729531,2657.60,51.51179549,7.45913397,146.24,0.00,0.00,127.71,0,-101.00,-14.00,0.00,0.00,33.00,0.00,0,481
327.08,1547729531,2657.60,51.51179549,7.45913397,146.24,0.00,0.00,127.71,0,-109.00,-13.00,0.00,0.00,24.00,0.00,0,493
327.08,1547729531,2657.60,51.51179549,7.45913397,146.24,0.00,0.00,127.71,0,-110.00,-14.00,0.00,0.00,24.00,0.00,0,182
328.08,1547729532,2657.60,51.51179549,7.45913397,146.32,0.00,0.00,127.71,0,-100.00,-11.00,0.00,0.00,32.00,0.00,0,487
328.08,1547729532,2657.60,51.51179549,7.45913397,146.32,0.00,0.00,127.71,0,-101.00,-14.00,0.00,0.00,33.00,0.00,0,481
328.08,1547729532,2657.60,51.51179549,7.45913397,146.32,0.00,0.00,127.71,0,-109.00,-13.00,0.00,0.00,24.00,0.00,0,493
328.08,1547729532,2657.60,51.51179549,7.45913397,146.32,0.00,0.00,127.71,0,-110.00,-14.00,0.00,0.00,24.00,0.00,0,182
329.07,1547729533,2657.60,51.51177800,7.45883990,146.40,0.00,0.00,127.71,0,-100.00,-12.00,0.00,0.00,32.00,0.00,0,487
329.07,1547729533,2657.60,51.51177800,7.45883990,146.40,0.00,0.00,127.71,0,-102.00,-14.00,0.00,0.00,33.00,0.00,0,481
329.07,1547729533,2657.60,51.51177800,7.45883990,146.40,0.00,0.00,127.71,0,-107.00,-12.00,0.00,0.00,23.00,0.00,0,493
329.07,1547729533,2657.60,51.51177800,7.45883990,146.40,0.00,0.00,127.71,0,-109.00,-13.00,0.00,0.00,23.00,0.00,0,182
330.07,1547729534,2657.60,51.51179549,7.45913397,146.49,0.00,0.00,127.71,0,-100.00,-12.00,0.00,0.00,32.00,0.00,0,487
330.07,1547729534,2657.60,51.51179549,7.45913397,146.49,0.00,0.00,127.71,0,-102.00,-14.00,0.00,0.00,33.00,0.00,0,481
330.07,1547729534,2657.60,51.51179549,7.45913397,146.49,0.00,0.00,127.71,0,-107.00,-12.00,0.00,0.00,23.00,0.00,0,493
330.07,1547729534,2657.60,51.51179549,7.45913397,146.49,0.00,0.00,127.71,0,-109.00,-13.00,0.00,0.00,23.00,0.00,0,182
331.09,1547729535,2657.60,51.51179549,7.45913397,146.55,0.00,0.00,127.71,0,-100.00,-11.00,0.00,0.00,30.00,0.00,0,487
331.09,1547729535,2657.60,51.51179549,7.45913397,146.55,0.00,0.00,127.71,0,-103.00,-13.00,0.00,0.00,29.00,0.00,0,481
331.09,1547729535,2657.60,51.51179549,7.45913397,146.55,0.00,0.00,127.71,0,-107.00,-10.00,0.00,0.00,23.00,0.00,0,493
331.10,1547729535,2657.60,51.51179549,7.45913397,146.55,0.00,0.00,127.71,0,-109.00,-12.00,0.00,0.00,23.00,0.00,0,182
332.07,1547729536,2657.60,51.51179549,7.45913397,146.60,0.00,0.00,127.71,0,-100.00,-11.00,0.00,0.00,30.00,0.00,0,487
332.07,1547729536,2657.60,51.51179549,7.45913397,146.60,0.00,0.00,127.71,0,-103.00,-13.00,0.00,0.00,29.00,0.00,0,481
332.07,1547729536,2657.60,51.51179549,7.45913397,146.60,0.00,0.00,127.71,0,-107.00,-10.00,0.00,0.00,23.00,0.00,0,493
332.07,1547729536,2657.60,51.51179549,7.45913397,146.60,0.00,0.00,127.71,0,-109.00,-12.00,0.00,0.00,23.00,0.00,0,182
333.07,1547729537,2657.60,51.51179549,7.45913397,146.64,0.00,0.00,127.71,0,-103.00,-14.00,0.00,0.00,31.00,0.00,0,487
333.07,1547729537,2657.60,51.51179549,7.45913397,146.64,0.00,0.00,127.71,0,-104.00,-15.00,0.00,0.00,31.00,0.00,0,481
333.07,1547729537,2657.60,51.51179549,7.45913397,146.64,0.00,0.00,127.71,0,-109.00,-14.00,0.00,0.00,25.00,0.00,0,493
333.07,1547729537,2657.60,51.51179549,7.45913397,146.64,0.00,0.00,127.71,0,-109.00,-15.00,0.00,0.00,25.00,0.00,0,182
334.07,1547729538,2657.60,51.51179549,7.45913397,146.67,0.00,0.00,127.71,0,-103.00,-14.00,0.00,0.00,31.00,0.00,0,487
334.07,1547729538,2657.60,51.51179549,7.45913397,146.67,0.00,0.00,127.71,0,-104.00,-15.00,0.00,0.00,31.00,0.00,0,481
334.07,1547729538,2657.60,51.51179549,7.45913397,146.67,0.00,0.00,127.71,0,-109.00,-14.00,0.00,0.00,25.00,0.00,0,493
334.07,1547729538,2657.60,51.51179549,7.45913397,146.67,0.00,0.00,127.71,0,-109.00,-15.00,0.00,0.00,25.00,0.00,0,182
335.07,1547729539,2657.60,51.51179549,7.45913397,146.71,0.00,0.00,127.71,0,-103.00,-15.00,0.00,0.00,32.00,0.00,0,487
335.07,1547729539,2657.60,51.51179549,7.45913397,146.71,0.00,0.00,127.71,0,-103.00,-16.00,0.00,0.00,32.00,0.00,0,481
335.07,1547729539,2657.60,51.51179549,7.45913397,146.71,0.00,0.00,127.71,0,-110.00,-15.00,0.00,0.00,24.00,0.00,0,493
335.07,1547729539,2657.60,51.51179549,7.45913397,146.71,0.00,0.00,127.71,0,-111.00,-16.00,0.00,0.00,24.00,0.00,0,182
336.08,1547729540,2657.60,51.51179549,7.45913397,146.73,0.00,0.00,127.71,0,-103.00,-15.00,0.00,0.00,32.00,0.00,0,487
336.08,1547729540,2657.60,51.51179549,7.45913397,146.73,0.00,0.00,127.71,0,-103.00,-16.00,0.00,0.00,32.00,0.00,0,481
336.08,1547729540,2657.60,51.51179549,7.45913397,146.73,0.00,0.00,127.71,0,-110.00,-15.00,0.00,0.00,24.00,0.00,0,493
336.08,1547729540,2657.60,51.51179549,7.45913397,146.73,0.00,0.00,127.71,0,-111.00,-16.00,0.00,0.00,24.00,0.00,0,182
337.08,1547729541,2657.60,51.51179549,7.45913397,146.76,0.00,0.00,127.71,0,-102.00,-11.00,0.00,0.00,29.00,0.00,0,487
337.08,1547729541,2657.60,51.51179549,7.45913397,146.76,0.00,0.00,127.71,0,-103.00,-14.00,0.00,0.00,30.00,0.00,0,481
337.08,1547729541,2657.60,51.51179549,7.45913397,146.76,0.00,0.00,127.71,0,-105.00,-11.00,0.00,0.00,25.00,0.00,0,493
337.08,1547729541,2657.60,51.51179549,7.45913397,146.76,0.00,0.00,127.71,0,-109.00,-15.00,0.00,0.00,25.00,0.00,0,180
338.08,1547729542,2657.60,51.51179549,7.45913397,146.78,0.00,0.00,127.71,0,-102.00,-11.00,0.00,0.00,29.00,0.00,0,487
338.08,1547729542,2657.60,51.51179549,7.45913397,146.78,0.00,0.00,127.71,0,-103.00,-14.00,0.00,0.00,30.00,0.00,0,481
338.08,1547729542,2657.60,51.51179549,7.45913397,146.78,0.00,0.00,127.71,0,-105.00,-11.00,0.00,0.00,25.00,0.00,0,493
338.08,1547729542,2657.60,51.51179549,7.45913397,146.78,0.00,0.00,127.71,0,-109.00,-15.00,0.00,0.00,25.00,0.00,0,180
339.07,1547729543,2657.60,51.51179549,7.45913397,146.80,0.00,0.00,127.71,0,-100.00,-14.00,0.00,0.00,33.00,0.00,0,487
339.08,1547729543,2657.60,51.51179549,7.45913397,146.80,0.00,0.00,127.71,0,-101.00,-15.00,0.00,0.00,34.00,0.00,0,481
339.08,1547729543,2657.60,51.51179549,7.45913397,146.80,0.00,0.00,127.71,0,-107.00,-11.00,0.00,0.00,23.00,0.00,0,493
339.08,1547729543,2657.60,51.51179549,7.45913397,146.80,0.00,0.00,127.71,0,-110.00,-14.00,0.00,0.00,23.00,0.00,0,180
340.08,1547729544,2657.60,51.51179549,7.45913397,146.82,0.00,0.00,127.71,0,-100.00,-14.00,0.00,0.00,33.00,0.00,0,487
340.08,1547729544,2657.60,51.51179549,7.45913397,146.82,0.00,0.00,127.71,0,-101.00,-15.00,0.00,0.00,34.00,0.00,0,481
340.08,1547729544,2657.60,51.51179549,7.45913397,146.82,0.00,0.00,127.71,0,-107.00,-11.00,0.00,0.00,23.00,0.00,0,493
340.08,1547729544,2657.60,51.51179549,7.45913397,146.82,0.00,0.00,127.71,0,-110.00,-14.00,0.00,0.00,23.00,0.00,0,180
341.08,1547729545,2657.60,51.51179549,7.45913397,146.84,0.00,0.00,127.71,0,-100.00,-13.00,0.00,0.00,32.00,0.00,0,487
341.08,1547729545,2657.60,51.51179549,7.45913397,146.84,0.00,0.00,127.71,0,-102.00,-15.00,0.00,0.00,33.00,0.00,0,481
341.08,1547729545,2657.60,51.51179549,7.45913397,146.84,0.00,0.00,127.71,0,-107.00,-12.00,0.00,0.00,25.00,0.00,0,493
341.08,1547729545,2657.60,51.51179549,7.45913397,146.84,0.00,0.00,127.71,0,-108.00,-14.00,0.00,0.00,25.00,0.00,0,180
342.08,1547729546,2657.60,51.51179549,7.45913397,146.86,0.00,0.00,127.71,0,-100.00,-13.00,0.00,0.00,32.00,0.00,0,487
342.08,1547729546,2657.60,51.51179549,7.45913397,146.86,0.00,0.00,127.71,0,-102.00,-15.00,0.00,0.00,33.00,0.00,0,481
342.08,1547729546,2657.60,51.51179549,7.45913397,146.86,0.00,0.00,127.71,0,-107.00,-12.00,0.00,0.00,25.00,0.00,0,493
342.08,1547729546,2657.60,51.51179549,7.45913397,146.86,0.00,0.00,127.71,0,-108.00,-14.00,0.00,0.00,25.00,0.00,0,180
343.08,1547729547,2657.60,51.51179549,7.45913397,146.87,0.00,0.00,127.71,0,-103.00,-16.00,0.00,0.00,33.00,0.00,0,487
343.08,1547729547,2657.60,51.51179549,7.45913397,146.87,0.00,0.00,127.71,0,-103.00,-16.00,0.00,0.00,32.00,0.00,0,481
343.08,1547729547,2657.60,51.51179549,7.45913397,146.87,0.00,0.00,127.71,0,-109.00,-13.00,0.00,0.00,23.00,0.00,0,493
343.08,1547729547,2657.60,51.51179549,7.45913397,146.87,0.00,0.00,127.71,0,-111.00,-15.00,0.00,0.00,23.00,0.00,0,182
344.08,1547729548,2657.60,51.51179549,7.45913397,146.89,0.00,0.00,127.71,0,-103.00,-16.00,0.00,0.00,33.00,0.00,0,487
344.08,1547729548,2657.60,51.51179549,7.45913397,146.89,0.00,0.00,127.71,0,-103.00,-16.00,0.00,0.00,32.00,0.00,0,481
344.08,1547729548,2657.60,51.51179549,7.45913397,146.89,0.00,0.00,127.71,0,-109.00,-13.00,0.00,0.00,23.00,0.00,0,493
344.08,1547729548,2657.60,51.51179549,7.45913397,146.89,0.00,0.00,127.71,0,-111.00,-15.00,0.00,0.00,23.00,0.00,0,182
345.07,1547729549,2657.60,51.51179549,7.45913397,146.90,0.00,0.00,127.71,0,-102.00,-17.00,0.00,0.00,34.00,0.00,0,487
345.08,1547729549,2657.60,51.51179549,7.45913397,146.90,0.00,0.00,127.71,0,-104.00,-18.00,0.00,0.00,33.00,0.00,0,481
345.08,1547729549,2657.60,51.51179549,7.45913397,146.90,0.00,0.00,127.71,0,-108.00,-13.00,0.00,0.00,24.00,0.00,0,493
345.08,1547729549,2657.60,51.51179549,7.45913397,146.90,0.00,0.00,127.71,0,-111.00,-15.00,0.00,0.00,24.00,0.00,0,182
346.08,1547729550,2657.60,51.51179549,7.45913397,146.91,0.00,0.00,127.71,0,-102.00,-17.00,0.00,0.00,34.00,0.00,0,487
346.08,1547729550,2657.60,51.51179549,7.45913397,146.91,0.00,0.00,127.71,0,-104.00,-18.00,0.00,0.00,33.00,0.00,0,481
346.08,1547729550,2657.60,51.51179549,7.45913397,146.91,0.00,0.00,127.71,0,-108.00,-13.00,0.00,0.00,24.00,0.00,0,493
346.08,1547729550,2657.60,51.51179549,7.45913397,146.91,0.00,0.00,127.71,0,-111.00,-15.00,0.00,0.00,24.00,0.00,0,182
347.08,1547729551,2657.60,51.51179549,7.45913397,146.92,0.00,0.00,127.71,0,-101.00,-15.00,0.00,0.00,35.00,0.00,0,487
347.08,1547729551,2657.60,51.51179549,7.45913397,146.92,0.00,0.00,127.71,0,-102.00,-18.00,0.00,0.00,35.00,0.00,0,481
347.09,1547729551,2657.60,51.51179549,7.45913397,146.92,0.00,0.00,127.71,0,-107.00,-12.00,0.00,0.00,24.00,0.00,0,493
347.09,1547729551,2657.60,51.51179549,7.45913397,146.92,0.00,0.00,127.71,0,-110.00,-14.00,0.00,0.00,24.00,0.00,0,182
348.07,1547729552,2657.60,51.51179549,7.45913397,146.92,0.00,0.00,127.71,0,-101.00,-15.00,0.00,0.00,35.00,0.00,0,487
348.07,1547729552,2657.60,51.51179549,7.45913397,146.92,0.00,0.00,127.71,0,-102.00,-18.00,0.00,0.00,35.00,0.00,0,481
348.07,1547729552,2657.60,51.51179549,7.45913397,146.92,0.00,0.00,127.71,0,-107.00,-12.00,0.00,0.00,24.00,0.00,0,493
348.07,1547729552,2657.60,51.51179549,7.45913397,146.92,0.00,0.00,127.71,0,-110.00,-14.00,0.00,0.00,24.00,0.00,0,182
349.07,1547729553,2657.60,51.51174870,7.45895220,146.93,0.00,0.00,127.71,0,-101.00,-15.00,0.00,0.00,35.00,0.00,0,487
349.07,1547729553,2657.60,51.51174870,7.45895220,146.93,0.00,0.00,127.71,0,-102.00,-18.00,0.00,0.00,35.00,0.00,0,481
349.07,1547729553,2657.60,51.51174870,7.45895220,146.93,0.00,0.00,127.71,0,-107.00,-12.00,0.00,0.00,24.00,0.00,0,493
349.07,1547729553,2657.60,51.51174870,7.45895220,146.93,0.00,0.00,127.71,0,-110.00,-14.00,0.00,0.00,24.00,0.00,0,182
350.08,1547729554,2657.60,51.51179549,7.45913397,146.93,0.00,0.00,127.71,0,-102.00,-15.00,0.00,0.00,32.00,0.00,0,487
350.08,1547729554,2657.60,51.51179549,7.45913397,146.93,0.00,0.00,127.71,0,-103.00,-16.00,0.00,0.00,32.00,0.00,0,481
350.08,1547729554,2657.60,51.51179549,7.45913397,146.93,0.00,0.00,127.71,0,-108.00,-11.00,0.00,0.00,23.00,0.00,0,493
350.08,1547729554,2657.60,51.51179549,7.45913397,146.93,0.00,0.00,127.71,0,-110.00,-14.00,0.00,0.00,23.00,0.00,0,180
351.08,1547729555,2657.60,51.51179549,7.45913397,146.93,0.00,0.00,127.71,0,-102.00,-15.00,0.00,0.00,32.00,0.00,0,487
351.08,1547729555,2657.60,51.51179549,7.45913397,146.93,0.00,0.00,127.71,0,-103.00,-16.00,0.00,0.00,32.00,0.00,0,481
351.08,1547729555,2657.60,51.51179549,7.45913397,146.93,0.00,0.00,127.71,0,-108.00,-11.00,0.00,0.00,23.00,0.00,0,493
351.08,1547729555,2657.60,51.51179549,7.45913397,146.93,0.00,0.00,127.71,0,-110.00,-14.00,0.00,0.00,23.00,0.00,0,180
352.07,1547729556,2657.60,51.51179549,7.45913397,146.93,0.00,0.00,127.71,0,-103.00,-13.00,0.00,0.00,31.00,0.00,0,487
352.08,1547729556,2657.60,51.51179549,7.45913397,146.93,0.00,0.00,127.71,0,-104.00,-15.00,0.00,0.00,31.00,0.00,0,481
352.08,1547729556,2657.60,51.51179549,7.45913397,146.93,0.00,0.00,127.71,0,-110.00,-14.00,0.00,0.00,25.00,0.00,0,493
352.08,1547729556,2657.60,51.51179549,7.45913397,146.93,0.00,0.00,127.71,0,-110.00,-16.00,0.00,0.00,26.00,0.00,0,182
353.08,1547729557,2657.60,51.51179549,7.45913397,146.93,0.00,0.00,127.71,0,-103.00,-13.00,0.00,0.00,31.00,0.00,0,487
353.08,1547729557,2657.60,51.51179549,7.45913397,146.93,0.00,0.00,127.71,0,-104.00,-15.00,0.00,0.00,31.00,0.00,0,481
353.08,1547729557,2657.60,51.51179549,7.45913397,146.93,0.00,0.00,127.71,0,-110.00,-14.00,0.00,0.00,25.00,0.00,0,493
353.08,1547729557,2657.60,51.51179549,7.45913397,146.93,0.00,0.00,127.71,0,-110.00,-16.00,0.00,0.00,26.00,0.00,0,182
354.08,1547729558,2657.60,51.51179549,7.45913397,147.04,0.00,0.00,127.71,0,-102.00,-15.00,0.00,0.00,34.00,0.00,0,487
354.08,1547729558,2657.60,51.51179549,7.45913397,147.04,0.00,0.00,127.71,0,-103.00,-17.00,0.00,0.00,34.00,0.00,0,481
354.08,1547729558,2657.60,51.51179549,7.45913397,147.04,0.00,0.00,127.71,0,-108.00,-14.00,0.00,0.00,25.00,0.00,0,493
354.08,1547729558,2657.60,51.51179549,7.45913397,147.04,0.00,0.00,127.71,0,-108.00,-15.00,0.00,0.00,25.00,0.00,0,182
355.08,1547729559,2657.60,51.51179549,7.45913397,147.05,0.00,0.00,127.71,0,-102.00,-15.00,0.00,0.00,34.00,0.00,0,487
355.08,1547729559,2657.60,51.51179549,7.45913397,147.05,0.00,0.00,127.71,0,-103.00,-17.00,0.00,0.00,34.00,0.00,0,481
355.08,1547729559,2657.60,51.51179549,7.45913397,147.05,0.00,0.00,127.71,0,-108.00,-14.00,0.00,0.00,25.00,0.00,0,493
355.08,1547729559,2657.60,51.51179549,7.45913397,147.05,0.00,0.00,127.71,0,-108.00,-15.00,0.00,0.00,25.00,0.00,0,182
356.08,1547729560,2657.60,51.51179549,7.45913397,147.00,0.00,0.00,125.77,0,-101.00,-11.00,0.00,0.00,31.00,0.00,0,487
356.08,1547729560,2657.60,51.51179549,7.45913397,147.00,0.00,0.00,125.77,0,-104.00,-15.00,0.00,0.00,30.00,0.00,0,481
356.08,1547729560,2657.60,51.51179549,7.45913397,147.00,0.00,0.00,125.77,0,-106.00,-12.00,0.00,0.00,25.00,0.00,0,493
356.08,1547729560,2657.60,51.51179549,7.45913397,147.00,0.00,0.00,125.77,0,-110.00,-15.00,0.00,0.00,26.00,0.00,0,182
357.08,1547729561,2657.60,51.51173915,7.45928455,146.04,0.00,0.00,130.74,0,-101.00,-11.00,0.00,0.00,31.00,0.00,0,487
357.08,1547729561,2657.60,51.51173915,7.45928455,146.04,0.00,0.00,130.74,0,-104.00,-15.00,0.00,0.00,30.00,0.00,0,481
357.08,1547729561,2657.60,51.51173915,7.45928455,146.04,0.00,0.00,130.74,0,-106.00,-12.00,0.00,0.00,25.00,0.00,0,493
357.08,1547729561,2657.60,51.51173915,7.45928455,146.04,0.00,0.00,130.74,0,-110.00,-15.00,0.00,0.00,26.00,0.00,0,182
358.08,1547729562,2657.61,51.51168755,7.45938570,145.32,4.83,0.00,128.06,0,-100.00,-11.00,0.00,0.00,31.00,0.00,0,487
358.08,1547729562,2657.61,51.51168755,7.45938570,145.32,4.83,0.00,128.06,0,-104.00,-14.00,0.00,0.00,30.00,0.00,0,481
358.08,1547729562,2657.61,51.51168755,7.45938570,145.32,4.83,0.00,128.06,0,-107.00,-12.00,0.00,0.00,24.00,0.00,0,493
358.08,1547729562,2657.62,51.51168755,7.45938570,145.32,4.83,0.00,128.06,0,-110.00,-14.00,0.00,0.00,24.00,0.00,0,182
359.08,1547729563,2662.45,51.51163386,7.45946701,144.44,7.40,0.00,133.30,0,-100.00,-11.00,0.00,0.00,31.00,0.00,0,487
359.08,1547729563,2662.45,51.51163386,7.45946701,144.44,7.40,0.00,133.30,0,-104.00,-14.00,0.00,0.00,30.00,0.00,0,481
359.08,1547729563,2662.46,51.51163386,7.45946701,144.44,7.40,0.00,133.30,0,-107.00,-12.00,0.00,0.00,24.00,0.00,0,493
359.08,1547729563,2662.46,51.51163386,7.45946701,144.44,7.40,0.00,133.30,0,-110.00,-14.00,0.00,0.00,24.00,0.00,0,182
360.07,1547729564,2669.80,51.51157550,7.45955566,143.55,7.73,0.00,132.63,0,-98.00,-9.00,0.00,0.00,30.00,0.00,0,487
360.07,1547729564,2669.81,51.51157550,7.45955566,143.55,7.73,0.00,132.63,0,-102.00,-11.00,0.00,0.00,28.00,0.00,0,481
360.07,1547729564,2669.81,51.51157550,7.45955566,143.55,7.73,0.00,132.63,0,-106.00,-11.00,0.00,0.00,25.00,0.00,0,493
360.07,1547729564,2669.81,51.51157550,7.45955566,143.55,7.73,0.00,132.63,0,-110.00,-15.00,0.00,0.00,25.00,0.00,0,182
361.07,1547729565,2677.57,51.51150893,7.45965435,142.94,8.21,0.00,130.42,0,-98.00,-9.00,0.00,0.00,30.00,0.00,0,487
361.08,1547729565,2677.58,51.51150893,7.45965435,142.94,8.21,0.00,130.42,0,-102.00,-11.00,0.00,0.00,28.00,0.00,0,481
361.08,1547729565,2677.59,51.51150893,7.45965435,142.94,8.21,0.00,130.42,0,-106.00,-11.00,0.00,0.00,25.00,0.00,0,493
361.08,1547729565,2677.59,51.51150893,7.45965435,142.94,8.21,0.00,130.42,0,-110.00,-15.00,0.00,0.00,25.00,0.00,0,182
362.08,1547729566,2685.80,51.51143933,7.45977708,142.83,10.20,0.00,130.65,0,-99.00,-11.00,0.00,0.00,30.00,0.00,0,487
362.08,1547729566,2685.81,51.51143933,7.45977708,142.83,10.20,0.00,130.65,0,-106.00,-14.00,0.00,0.00,28.00,0.00,0,481
362.08,1547729566,2685.82,51.51143933,7.45977708,142.83,10.20,0.00,130.65,0,-112.00,-12.00,0.00,0.00,19.00,0.00,0,212
362.08,1547729566,2685.83,51.51143933,7.45977708,142.83,10.20,0.00,130.65,0,-113.00,-13.00,0.00,0.00,20.00,0.00,0,493
363.07,1547729567,2695.98,51.51137445,7.45990097,142.31,9.94,0.00,129.63,0,-99.00,-11.00,0.00,0.00,30.00,0.00,0,487
363.08,1547729567,2695.99,51.51137445,7.45990097,142.31,9.94,0.00,129.63,0,-106.00,-14.00,0.00,0.00,28.00,0.00,0,481
363.08,1547729567,2695.99,51.51137445,7.45990097,142.31,9.94,0.00,129.63,0,-112.00,-12.00,0.00,0.00,19.00,0.00,0,212
363.08,1547729567,2696.00,51.51137445,7.45990097,142.31,9.94,0.00,129.63,0,-113.00,-13.00,0.00,0.00,20.00,0.00,0,493
366.07,1547729570,2727.38,51.51118831,7.46027807,145.38,10.77,0.00,130.93,0,-100.00,-16.00,0.00,0.00,35.00,0.00,0,218
366.07,1547729570,2727.39,51.51118831,7.46027807,145.38,10.77,0.00,130.93,0,-102.00,-18.00,0.00,0.00,35.00,0.00,0,321
367.07,1547729571,2738.15,51.51112501,7.46039271,148.04,10.64,0.00,131.06,0,-100.00,-16.00,0.00,0.00,35.00,0.00,0,218
367.07,1547729571,2738.16,51.51112501,7.46039271,148.04,10.64,0.00,131.06,0,-102.00,-18.00,0.00,0.00,35.00,0.00,0,321
368.08,1547729572,2748.92,51.51105704,7.46052045,150.76,11.52,0.00,131.92,0,-101.00,-13.00,0.00,0.00,32.00,0.00,0,323
368.08,1547729572,2748.93,51.51105704,7.46052045,150.76,11.52,0.00,131.92,0,-105.00,-17.00,0.00,0.00,32.00,0.00,0,216
369.07,1547729573,2760.30,51.51098645,7.46064956,153.13,12.09,0.00,132.69,0,-101.00,-13.00,0.00,0.00,32.00,0.00,0,323
369.07,1547729573,2760.30,51.51098645,7.46064956,153.13,12.09,0.00,132.69,0,-105.00,-17.00,0.00,0.00,32.00,0.00,0,216
370.07,1547729574,2772.44,51.51091929,7.46078163,153.89,12.13,0.00,133.60,0,-101.00,-13.00,0.00,0.00,32.00,0.00,0,323
370.08,1547729574,2772.45,51.51091929,7.46078163,153.89,12.13,0.00,133.60,0,-105.00,-17.00,0.00,0.00,32.00,0.00,0,216
371.08,1547729575,2784.63,51.51085033,7.46091267,153.95,11.85,0.00,133.22,0,-99.00,-14.00,0.00,0.00,35.00,0.00,0,323
371.08,1547729575,2784.64,51.51085033,7.46091267,153.95,11.85,0.00,133.22,0,-104.00,-18.00,0.00,0.00,34.00,0.00,0,216
371.08,1547729575,2784.65,51.51085033,7.46091267,153.95,11.85,0.00,133.22,0,-99.00,-14.00,0.00,0.00,35.00,0.00,0,487
371.08,1547729575,2784.67,51.51085033,7.46091267,153.95,11.85,0.00,133.22,0,-99.00,-13.00,0.00,0.00,34.00,0.00,0,481
372.07,1547729576,2796.40,51.51078185,7.46102993,153.48,11.19,0.00,133.53,0,-99.00,-14.00,0.00,0.00,35.00,0.00,0,323
372.07,1547729576,2796.41,51.51078185,7.46102993,153.48,11.19,0.00,133.53,0,-104.00,-18.00,0.00,0.00,34.00,0.00,0,216
372.07,1547729576,2796.41,51.51078185,7.46102993,153.48,11.19,0.00,133.53,0,-99.00,-14.00,0.00,0.00,35.00,0.00,0,487
372.07,1547729576,2796.42,51.51078185,7.46102993,153.48,11.19,0.00,133.53,0,-99.00,-13.00,0.00,0.00,34.00,0.00,0,481
373.07,1547729577,2807.59,51.51071454,7.46113729,152.84,10.37,0.00,134.43,0,-98.00,-15.00,0.00,0.00,35.00,0.00,0,323
373.07,1547729577,2807.59,51.51071454,7.46113729,152.84,10.37,0.00,134.43,0,-104.00,-19.00,0.00,0.00,34.00,0.00,0,216
374.07,1547729578,2817.94,51.51065079,7.46124433,152.11,9.97,0.00,134.08,0,-98.00,-15.00,0.00,0.00,35.00,0.00,0,323
374.07,1547729578,2817.95,51.51065079,7.46124433,152.11,9.97,0.00,134.08,0,-104.00,-19.00,0.00,0.00,34.00,0.00,0,216
375.08,1547729579,2827.96,51.51058754,7.46134471,151.35,9.67,0.00,134.49,0,-98.00,-13.00,0.00,0.00,36.00,0.00,0,323
375.08,1547729579,2827.97,51.51058754,7.46134471,151.35,9.67,0.00,134.49,0,-103.00,-19.00,0.00,0.00,36.00,0.00,0,216
376.07,1547729580,2837.60,51.51052358,7.46143761,150.66,9.42,0.00,135.29,0,-98.00,-13.00,0.00,0.00,36.00,0.00,0,323
376.07,1547729580,2837.60,51.51052358,7.46143761,150.66,9.42,0.00,135.29,0,-103.00,-19.00,0.00,0.00,36.00,0.00,0,216
377.07,1547729581,2847.02,51.51045883,7.46153557,150.08,9.66,0.00,133.63,0,-95.00,-11.00,0.00,0.00,34.00,0.00,0,323
378.07,1547729582,2856.68,51.51039486,7.46163250,149.50,9.40,0.00,134.36,0,-95.00,-11.00,0.00,0.00,34.00,0.00,0,323
379.07,1547729583,2866.10,51.51033504,7.46173351,149.31,9.39,0.00,132.89,0,-95.00,-9.00,0.00,0.00,33.00,0.00,0,323
379.08,1547729583,2866.11,51.51033504,7.46173351,149.31,9.39,0.00,132.89,0,-100.00,-9.00,0.00,0.00,28.00,0.00,0,210
379.08,1547729583,2866.11,51.51033504,7.46173351,149.31,9.39,0.00,132.89,0,-105.00,-10.00,0.00,0.00,25.00,0.00,0,493
380.07,1547729584,2875.49,51.51027990,7.46183589,149.03,9.26,0.00,130.66,0,-95.00,-9.00,0.00,0.00,33.00,0.00,0,323
380.08,1547729584,2875.50,51.51027990,7.46183589,149.03,9.26,0.00,130.66,0,-100.00,-9.00,0.00,0.00,28.00,0.00,0,210
380.08,1547729584,2875.51,51.51027990,7.46183589,149.03,9.26,0.00,130.66,0,-105.00,-10.00,0.00,0.00,25.00,0.00,0,493
383.07,1547729587,2897.34,51.51018210,7.46204079,147.14,3.33,0.00,128.41,0,-94.00,-14.00,0.00,0.00,41.00,0.00,0,487
383.07,1547729587,2897.35,51.51018210,7.46204079,147.14,3.33,0.00,128.41,0,-96.00,-15.00,0.00,0.00,40.00,0.00,0,481
384.07,1547729588,2900.67,51.51017173,7.46206863,147.14,1.51,0.00,127.55,0,-94.00,-14.00,0.00,0.00,41.00,0.00,0,487
384.07,1547729588,2900.67,51.51017173,7.46206863,147.14,1.51,0.00,127.55,0,-96.00,-15.00,0.00,0.00,40.00,0.00,0,481
385.07,1547729589,2902.18,51.51017173,7.46206863,147.15,0.00,0.00,127.55,0,-92.00,-14.00,0.00,0.00,43.00,0.00,0,487
386.07,1547729590,2902.18,51.51017173,7.46206863,147.16,0.00,0.00,127.55,0,-92.00,-14.00,0.00,0.00,43.00,0.00,0,487
389.07,1547729593,2902.18,51.51017173,7.46206863,147.16,0.00,0.00,127.55,0,-94.00,-15.00,0.00,0.00,42.00,0.00,0,481
390.07,1547729594,2902.18,51.51017173,7.46206863,147.16,0.00,0.00,127.55,0,-94.00,-15.00,0.00,0.00,42.00,0.00,0,481
391.07,1547729595,2902.18,51.51017173,7.46206863,147.17,0.00,0.00,127.55,0,-94.00,-15.00,0.00,0.00,42.00,0.00,0,481
404.07,1547729608,2902.18,51.51017173,7.46206863,147.41,0.00,0.00,127.55,0,-92.00,-19.00,0.00,0.00,46.00,0.00,0,480
405.07,1547729609,2902.18,51.51017173,7.46206863,147.44,0.00,0.00,127.55,0,-92.00,-19.00,0.00,0.00,46.00,0.00,0,480
417.07,1547729621,2958.50,51.50987020,7.46329461,150.43,11.23,0.00,97.47,0,-91.00,-12.00,0.00,0.00,43.00,0.00,0,487
418.07,1547729622,2969.75,51.50986508,7.46347748,149.36,11.86,0.00,95.25,0,-91.00,-12.00,0.00,0.00,43.00,0.00,0,487
419.07,1547729623,2981.61,51.50986518,7.46362182,148.43,9.31,0.00,93.92,0,-97.00,-13.00,0.00,0.00,36.00,0.00,0,487
420.07,1547729624,2990.89,51.50986001,7.46375015,148.49,7.85,0.00,93.76,0,-97.00,-13.00,0.00,0.00,36.00,0.00,0,487
421.07,1547729625,2998.76,51.50985791,7.46385864,148.53,6.45,0.00,94.62,0,-101.00,-15.00,0.00,0.00,34.00,0.00,0,487
421.07,1547729625,2998.76,51.50985791,7.46385864,148.53,6.45,0.00,94.62,0,-104.00,-18.00,0.00,0.00,34.00,0.00,0,224
422.07,1547729626,3005.21,51.50986004,7.46395835,148.71,4.82,0.00,94.12,0,-101.00,-15.00,0.00,0.00,34.00,0.00,0,487
422.07,1547729626,3005.21,51.50986004,7.46395835,148.71,4.82,0.00,94.12,0,-104.00,-18.00,0.00,0.00,34.00,0.00,0,224
423.07,1547729627,3010.02,51.50985457,7.46403083,148.75,3.81,0.00,97.44,0,-101.00,-16.00,0.00,0.00,36.00,0.00,0,487
423.07,1547729627,3010.03,51.50985457,7.46403083,148.75,3.81,0.00,97.44,0,-101.00,-14.00,0.00,0.00,34.00,0.00,0,465
424.07,1547729628,3013.83,51.50985712,7.46409058,148.68,2.97,0.00,95.24,0,-101.00,-16.00,0.00,0.00,36.00,0.00,0,487
424.07,1547729628,3013.83,51.50985712,7.46409058,148.68,2.97,0.00,95.24,0,-101.00,-14.00,0.00,0.00,34.00,0.00,0,465
425.07,1547729629,3016.80,51.50986402,7.46414316,148.61,2.45,0.00,94.82,0,-102.00,-15.00,0.00,0.00,33.00,0.00,0,465
425.07,1547729629,3016.80,51.50986402,7.46414316,148.61,2.45,0.00,94.82,0,-103.00,-16.00,0.00,0.00,33.00,0.00,0,87
426.07,1547729630,3019.25,51.50987120,7.46417370,148.68,1.34,0.00,94.82,0,-102.00,-15.00,0.00,0.00,33.00,0.00,0,465
426.07,1547729630,3019.25,51.50987120,7.46417370,148.68,1.34,0.00,94.82,0,-103.00,-16.00,0.00,0.00,33.00,0.00,0,87
427.07,1547729631,3020.58,51.50987172,7.46423083,148.76,1.34,0.00,95.76,0,-101.00,-15.00,0.00,0.00,34.00,0.00,0,475
427.07,1547729631,3020.58,51.50987172,7.46423083,148.76,1.34,0.00,95.76,0,-103.00,-16.00,0.00,0.00,34.00,0.00,0,487
428.07,1547729632,3021.92,51.50987456,7.46429326,148.83,2.68,0.00,104.48,0,-101.00,-15.00,0.00,0.00,34.00,0.00,0,475
428.07,1547729632,3021.93,51.50987456,7.46429326,148.83,2.68,0.00,104.48,0,-103.00,-16.00,0.00,0.00,34.00,0.00,0,487
429.07,1547729633,3024.59,51.50988125,7.46436128,149.48,4.42,0.00,93.25,0,-102.00,-14.00,0.00,0.00,32.00,0.00,0,475
429.07,1547729633,3024.59,51.50988125,7.46436128,149.48,4.42,0.00,93.25,0,-103.00,-16.00,0.00,0.00,33.00,0.00,0,487
430.07,1547729634,3029.03,51.50989133,7.46443972,150.27,4.42,0.00,95.84,0,-102.00,-14.00,0.00,0.00,32.00,0.00,0,475
430.07,1547729634,3029.03,51.50989133,7.46443972,150.27,4.42,0.00,95.84,0,-103.00,-16.00,0.00,0.00,33.00,0.00,0,487
431.07,1547729635,3033.42,51.50990531,7.46451347,151.26,5.17,0.00,95.33,0,-101.00,-12.00,0.00,0.00,32.00,0.00,0,475
431.07,1547729635,3033.42,51.50990531,7.46451347,151.26,5.17,0.00,95.33,0,-101.00,-14.00,0.00,0.00,33.00,0.00,0,60
432.07,1547729636,3038.59,51.50991122,7.46459463,152.10,5.21,0.00,100.29,0,-101.00,-12.00,0.00,0.00,32.00,0.00,0,475
432.07,1547729636,3038.60,51.50991122,7.46459463,152.10,5.21,0.00,100.29,0,-101.00,-14.00,0.00,0.00,33.00,0.00,0,60
433.08,1547729637,3043.87,51.50991101,7.46469380,152.02,5.97,0.00,100.79,0,-102.00,-13.00,0.00,0.00,33.00,0.00,0,475
433.08,1547729637,3043.88,51.50991101,7.46469380,152.02,5.97,0.00,100.79,0,-102.00,-17.00,0.00,0.00,34.00,0.00,0,223
434.07,1547729638,3049.79,51.50990540,7.46479287,152.07,5.46,0.00,97.09,0,-102.00,-13.00,0.00,0.00,33.00,0.00,0,475
434.07,1547729638,3049.79,51.50990540,7.46479287,152.07,5.46,0.00,97.09,0,-102.00,-17.00,0.00,0.00,34.00,0.00,0,223
435.07,1547729639,3055.24,51.50990638,7.46488908,151.53,5.82,0.00,94.69,0,-102.00,-13.00,0.00,0.00,33.00,0.00,0,475
435.07,1547729639,3055.25,51.50990638,7.46488908,151.53,5.82,0.00,94.69,0,-102.00,-17.00,0.00,0.00,34.00,0.00,0,223
436.07,1547729640,3061.05,51.50990793,7.46499929,150.82,6.13,0.00,95.67,0,-102.00,-16.00,0.00,0.00,34.00,0.00,0,285
437.07,1547729641,3067.19,51.50990898,7.46511592,149.97,6.20,0.00,95.20,0,-102.00,-16.00,0.00,0.00,34.00,0.00,0,285
438.07,1547729642,3073.39,51.50991234,7.46523504,149.86,7.00,0.00,91.51,0,-103.00,-17.00,0.00,0.00,34.00,0.00,0,285
438.07,1547729642,3073.40,51.50991234,7.46523504,149.86,7.00,0.00,91.51,0,-103.00,-15.00,0.00,0.00,33.00,0.00,0,475
439.07,1547729643,3080.40,51.50991093,7.46535437,150.39,6.58,0.00,92.00,0,-103.00,-17.00,0.00,0.00,34.00,0.00,0,285
439.07,1547729643,3080.40,51.50991093,7.46535437,150.39,6.58,0.00,92.00,0,-103.00,-15.00,0.00,0.00,33.00,0.00,0,475
440.07,1547729644,3086.97,51.50991113,7.46549213,151.32,7.86,0.00,92.49,0,-103.00,-12.00,0.00,0.00,31.00,0.00,0,60
440.07,1547729644,3086.98,51.50991113,7.46549213,151.32,7.86,0.00,92.49,0,-104.00,-15.00,0.00,0.00,31.00,0.00,0,475
441.07,1547729645,3094.81,51.50991229,7.46564018,152.12,9.18,0.00,92.85,0,-103.00,-12.00,0.00,0.00,31.00,0.00,0,60
441.07,1547729645,3094.82,51.50991229,7.46564018,152.12,9.18,0.00,92.85,0,-104.00,-15.00,0.00,0.00,31.00,0.00,0,475
442.07,1547729646,3104.04,51.50991410,7.46578938,152.43,9.29,0.00,93.27,0,-102.00,-12.00,0.00,0.00,31.00,0.00,0,60
442.07,1547729646,3104.04,51.50991410,7.46578938,152.43,9.29,0.00,93.27,0,-106.00,-18.00,0.00,0.00,32.00,0.00,0,224
443.07,1547729647,3113.31,51.50991321,7.46594184,152.33,9.30,0.00,92.79,0,-102.00,-12.00,0.00,0.00,31.00,0.00,0,60
443.07,1547729647,3113.32,51.50991321,7.46594184,152.33,9.30,0.00,92.79,0,-106.00,-18.00,0.00,0.00,32.00,0.00,0,224
444.07,1547729648,3122.62,51.50990586,7.46610018,152.51,9.44,0.00,92.69,0,-100.00,-14.00,0.00,0.00,34.00,0.00,0,60
444.07,1547729648,3122.62,51.50990586,7.46610018,152.51,9.44,0.00,92.69,0,-102.00,-17.00,0.00,0.00,34.00,0.00,0,224
445.07,1547729649,3132.06,51.50989739,7.46627656,152.23,10.47,0.00,93.44,0,-100.00,-14.00,0.00,0.00,34.00,0.00,0,60
445.07,1547729649,3132.07,51.50989739,7.46627656,152.23,10.47,0.00,93.44,0,-102.00,-17.00,0.00,0.00,34.00,0.00,0,224
446.07,1547729650,3142.53,51.50988759,7.46645627,152.33,12.13,0.00,92.47,0,-99.00,-14.00,0.00,0.00,35.00,0.00,0,60
446.07,1547729650,3142.54,51.50988759,7.46645627,152.33,12.13,0.00,92.47,0,-100.00,-16.00,0.00,0.00,35.00,0.00,0,129
447.07,1547729651,3154.67,51.50988069,7.46665542,153.29,13.25,0.00,91.79,0,-99.00,-14.00,0.00,0.00,35.00,0.00,0,60
447.07,1547729651,3154.68,51.50988069,7.46665542,153.29,13.25,0.00,91.79,0,-100.00,-16.00,0.00,0.00,35.00,0.00,0,129
