0.05,1547802108,0.00,51.50978132,7.46794163,149.18,12.10,0.00,95.11,1,-90.00,-8.00,17.00,9.00,34.00,7.00,12902921,323
1.05,1547802109,12.10,51.50977757,7.46810584,149.84,11.88,-0.21,94.36,1,-92.00,-7.00,15.00,11.00,32.00,7.00,12902921,323
2.05,1547802110,24.02,51.50978009,7.46827276,150.29,12.06,0.17,91.81,1,-92.00,-7.00,15.00,11.00,32.00,7.00,12902921,323
3.05,1547802111,36.06,51.50978965,7.46843422,150.52,11.74,-0.32,88.41,1,-95.00,-8.00,17.00,11.00,29.00,7.00,12902921,323
4.05,1547802112,47.81,51.50980095,7.46860609,150.24,12.18,0.45,86.51,1,-95.00,-8.00,17.00,11.00,29.00,7.00,12902921,323
5.05,1547802113,59.99,51.50981961,7.46878570,149.91,12.55,0.37,82.80,1,-94.00,-8.00,13.00,10.00,29.00,7.00,12902921,323
6.05,1547802114,72.54,51.50987859,7.46893083,149.61,13.79,1.23,62.10,1,-94.00,-8.00,13.00,10.00,29.00,7.00,12902921,323
7.05,1547802115,86.33,51.50994054,7.46910113,149.16,13.79,0.01,62.92,1,-98.00,-8.00,11.00,8.00,28.00,7.00,12902921,323
8.05,1547802116,100.11,51.51001396,7.46928825,148.89,14.14,0.35,62.35,1,-98.00,-8.00,11.00,8.00,28.00,7.00,12902921,323
9.06,1547802117,114.35,51.51008325,7.46946561,148.65,14.41,0.27,61.09,1,-100.00,-10.00,5.00,6.00,26.00,7.00,12902921,323
10.05,1547802118,128.70,51.51015013,7.46963315,148.40,14.24,-0.17,59.89,1,-100.00,-10.00,5.00,6.00,26.00,7.00,12902921,323
11.05,1547802119,142.87,51.51021975,7.46980447,148.15,14.20,-0.04,59.20,1,-100.00,-10.00,5.00,6.00,26.00,7.00,12902921,323
12.05,1547802120,157.08,51.51029155,7.46997695,147.89,14.25,0.05,58.33,1,-101.00,-10.00,3.00,6.00,25.00,7.00,12902921,323
13.05,1547802121,171.32,51.51036592,7.47015425,147.60,14.22,-0.03,57.53,1,-101.00,-10.00,3.00,6.00,25.00,7.00,12902921,323
14.05,1547802122,185.55,51.51044310,7.47033787,147.44,14.08,-0.14,56.75,1,-103.00,-13.00,6.00,8.00,25.00,7.00,12902921,323
15.05,1547802123,199.69,51.51051921,7.47049054,147.30,14.14,0.06,54.60,1,-103.00,-13.00,6.00,8.00,25.00,7.00,12902921,323
16.05,1547802124,213.81,51.51060454,7.47064105,147.05,13.94,-0.19,52.16,1,-101.00,-9.00,5.00,8.00,28.00,7.00,12902921,323
17.05,1547802125,227.77,51.51069357,7.47077337,146.79,13.90,-0.04,50.12,1,-101.00,-9.00,5.00,8.00,28.00,7.00,12902921,323
18.05,1547802126,241.67,51.51077200,7.47089339,146.28,13.78,-0.12,47.96,1,-106.00,-8.00,5.00,8.00,20.00,7.00,12902921,323
19.05,1547802127,255.44,51.51087570,7.47103546,145.83,13.76,-0.02,45.98,1,-106.00,-8.00,5.00,8.00,20.00,7.00,12902921,323
20.05,1547802128,269.20,51.51099145,7.47117493,145.60,15.34,1.58,42.96,1,-110.00,-10.00,5.00,8.00,17.00,7.00,12902921,323
21.05,1547802129,284.56,51.51111524,7.47132372,145.15,14.82,-0.52,41.57,1,-110.00,-10.00,5.00,8.00,17.00,7.00,12902921,323
22.05,1547802130,299.32,51.51121770,7.47144569,144.85,14.28,-0.55,41.09,1,-93.00,-8.00,2.00,6.00,43.00,7.00,13175298,60
23.05,1547802131,313.60,51.51132726,7.47157647,143.70,14.91,0.63,40.51,1,-93.00,-8.00,2.00,6.00,43.00,7.00,13175298,60
24.05,1547802132,328.50,51.51142388,7.47168969,142.81,14.75,-0.16,39.64,1,-92.00,-9.00,6.00,15.00,35.00,7.00,13175298,60
25.05,1547802133,343.27,51.51152596,7.47181292,141.50,14.77,0.02,39.41,1,-92.00,-9.00,6.00,15.00,35.00,7.00,13175298,60
26.05,1547802134,358.08,51.51162742,7.47194309,140.33,14.30,-0.47,39.40,1,-89.00,-9.00,6.00,15.00,39.00,7.00,13175298,60
27.05,1547802135,372.38,51.51174450,7.47209245,139.46,14.51,0.21,38.93,1,-89.00,-9.00,6.00,15.00,39.00,7.00,13175298,60
28.05,1547802136,386.88,51.51185404,7.47222518,138.94,14.69,0.18,39.31,1,-92.00,-8.00,7.00,11.00,35.00,7.00,13175298,60
29.05,1547802137,401.56,51.51196461,7.47235849,138.51,13.62,-1.07,40.04,1,-92.00,-8.00,7.00,11.00,35.00,7.00,13175298,60
30.06,1547802138,415.33,51.51207643,7.47249315,138.34,13.26,-0.36,39.44,1,-91.00,-9.00,10.00,9.00,36.00,7.00,13175298,60
31.05,1547802139,428.45,51.51218343,7.47261082,138.11,13.25,-0.02,36.59,1,-91.00,-9.00,10.00,9.00,36.00,7.00,13175298,60
32.05,1547802140,441.70,51.51229787,7.47267788,137.88,13.08,-0.17,21.55,1,-91.00,-9.00,10.00,9.00,36.00,7.00,13175298,60
33.05,1547802141,454.76,51.51240292,7.47273719,137.34,11.95,-1.13,18.53,1,-93.00,-13.00,5.00,7.00,38.00,7.00,13175298,60
34.05,1547802142,466.77,51.51250264,7.47277545,136.40,13.39,1.43,14.80,1,-93.00,-13.00,5.00,7.00,38.00,7.00,13175298,60
35.05,1547802143,480.15,51.51260592,7.47280165,135.97,13.16,-0.23,11.55,1,-92.00,-9.00,5.00,9.00,36.00,7.00,13175298,60
36.05,1547802144,493.31,51.51271638,7.47281966,135.00,13.36,0.19,8.52,1,-92.00,-9.00,5.00,9.00,36.00,7.00,13175298,60
37.05,1547802145,506.65,51.51283132,7.47283159,134.55,13.67,0.31,6.56,1,-91.00,-10.00,5.00,10.00,37.00,7.00,13175298,60
38.05,1547802146,520.26,51.51294967,7.47284145,134.12,13.50,-0.17,5.33,1,-91.00,-10.00,5.00,10.00,37.00,7.00,13175298,60
39.05,1547802147,533.80,51.51307518,7.47285322,134.38,13.79,0.29,4.89,1,-90.00,-9.00,5.00,9.00,37.00,7.00,13175298,60
40.05,1547802148,547.61,51.51320266,7.47286426,134.69,13.88,0.09,4.56,1,-90.00,-9.00,5.00,9.00,37.00,7.00,13175298,60
41.05,1547802149,561.49,51.51333081,7.47287110,135.46,13.97,0.09,3.98,1,-88.00,-10.00,16.00,9.00,41.00,7.00,13175298,60
42.05,1547802150,575.43,51.51346348,7.47287614,135.90,13.15,-0.82,3.61,1,-88.00,-10.00,16.00,9.00,41.00,7.00,13175298,60
43.05,1547802151,588.57,51.51360080,7.47288342,137.27,13.51,0.35,2.92,1,-85.00,-12.00,9.00,8.00,47.00,7.00,13175298,60
44.05,1547802152,602.11,51.51371735,7.47288998,138.39,13.10,-0.41,3.03,1,-85.00,-12.00,9.00,8.00,47.00,7.00,13175298,60
45.05,1547802153,615.20,51.51382512,7.47289596,139.02,12.33,-0.76,2.65,1,-85.00,-9.00,4.00,11.00,41.00,7.00,13175298,60
46.05,1547802154,627.56,51.51393256,7.47289405,139.63,12.06,-0.27,1.89,1,-85.00,-9.00,4.00,11.00,41.00,7.00,13175298,60
47.05,1547802155,639.57,51.51403222,7.47289157,139.88,11.83,-0.23,0.96,1,-82.00,-7.00,13.00,11.00,45.00,7.00,13175298,60
48.05,1547802156,651.45,51.51413493,7.47289393,139.65,12.17,0.34,1.36,1,-82.00,-7.00,13.00,11.00,45.00,7.00,13175298,60
49.05,1547802157,663.61,51.51424816,7.47289881,139.23,12.50,0.33,1.69,1,-79.00,-10.00,11.00,12.00,52.00,7.00,13175298,60
50.05,1547802158,676.11,51.51436322,7.47290305,139.09,12.16,-0.34,2.36,1,-79.00,-10.00,11.00,12.00,52.00,7.00,13175298,60
51.06,1547802159,688.41,51.51447069,7.47291067,138.98,12.02,-0.14,3.04,1,-78.00,-9.00,12.00,11.00,53.00,7.00,13175298,60
52.05,1547802160,700.28,51.51457959,7.47291920,139.05,12.05,0.03,3.69,1,-78.00,-9.00,12.00,11.00,53.00,7.00,13175298,60
53.05,1547802161,712.38,51.51469422,7.47293008,138.87,12.22,0.17,3.31,1,-78.00,-9.00,12.00,11.00,53.00,7.00,13175298,60
54.05,1547802162,724.58,51.51480563,7.47293959,138.79,12.60,0.38,3.84,1,-75.00,-8.00,13.00,11.00,54.00,7.00,13175298,60
55.05,1547802163,737.16,51.51491601,7.47294804,138.97,12.50,-0.10,3.31,1,-75.00,-8.00,13.00,11.00,54.00,7.00,13175298,60
56.05,1547802164,749.67,51.51502758,7.47295622,139.10,12.37,-0.13,2.61,1,-68.00,-7.00,14.00,10.00,59.00,7.00,13175298,60
57.05,1547802165,762.05,51.51513749,7.47295937,138.98,11.90,-0.46,1.41,1,-68.00,-7.00,14.00,10.00,59.00,7.00,13175298,60
58.05,1547802166,773.95,51.51524097,7.47295618,138.31,11.72,-0.18,359.37,1,-61.00,-8.00,16.00,11.00,63.00,7.00,13175298,60
59.05,1547802167,785.68,51.51535239,7.47294196,137.66,12.09,0.37,356.96,1,-61.00,-8.00,16.00,11.00,63.00,7.00,13175298,60
60.05,1547802168,797.73,51.51546777,7.47291642,136.22,13.50,1.41,353.51,1,-69.00,-7.00,18.00,15.00,58.00,7.00,13175298,60
61.05,1547802169,811.26,51.51558702,7.47288154,135.12,14.07,0.57,349.65,1,-69.00,-7.00,18.00,15.00,58.00,7.00,13175298,60
62.05,1547802170,825.30,51.51570591,7.47282587,134.37,13.26,-0.82,346.06,1,-80.00,-10.00,6.00,11.00,50.00,7.00,13175298,60
63.05,1547802171,838.59,51.51581319,7.47275842,132.76,13.44,0.18,343.00,1,-80.00,-10.00,6.00,11.00,50.00,7.00,13175298,60
64.05,1547802172,852.06,51.51591879,7.47267624,131.18,13.24,-0.19,339.51,1,-81.00,-11.00,2.00,7.00,49.00,7.00,13175298,60
65.05,1547802173,865.30,51.51603086,7.47257368,130.14,13.49,0.25,335.62,1,-81.00,-11.00,2.00,7.00,49.00,7.00,13175298,60
66.05,1547802174,878.81,51.51613629,7.47242237,129.53,13.59,0.09,321.20,1,-82.00,-13.00,-1.00,8.00,49.00,7.00,13175298,60
67.05,1547802175,892.36,51.51622159,7.47228162,129.53,13.52,-0.06,319.38,1,-82.00,-13.00,-1.00,8.00,49.00,7.00,13175298,60
68.05,1547802176,905.89,51.51630918,7.47213095,129.95,13.21,-0.31,316.73,1,-83.00,-9.00,-3.00,10.00,45.00,7.00,13175298,60
69.05,1547802177,919.06,51.51638703,7.47198050,130.69,12.78,-0.44,313.02,1,-83.00,-9.00,-3.00,10.00,45.00,7.00,13175298,60
70.05,1547802178,931.86,51.51645848,7.47182286,131.07,14.07,1.29,309.27,1,-86.00,-16.00,-4.00,5.00,49.00,7.00,13175298,60
71.05,1547802179,945.90,51.51651267,7.47162303,131.56,14.65,0.58,295.93,1,-86.00,-16.00,-4.00,5.00,49.00,7.00,13175298,60
72.06,1547802180,960.67,51.51655949,7.47144624,130.82,14.79,0.14,294.88,1,-90.00,-16.00,-5.00,5.00,46.00,4.00,13175299,60
73.05,1547802181,975.34,51.51661301,7.47124786,130.24,14.41,-0.38,294.50,1,-90.00,-16.00,-5.00,5.00,46.00,4.00,13175299,60
74.05,1547802182,989.77,51.51666319,7.47104985,129.71,13.98,-0.43,294.33,1,-90.00,-16.00,-5.00,5.00,46.00,4.00,13175299,60
75.05,1547802183,1003.77,51.51671156,7.47086091,129.06,13.76,-0.22,295.26,1,-85.00,-10.00,0.00,9.00,44.00,4.00,13175299,62
76.05,1547802184,1017.54,51.51675983,7.47068184,128.48,13.30,-0.46,295.75,1,-85.00,-10.00,0.00,9.00,44.00,4.00,13175299,62
77.05,1547802185,1030.82,51.51681122,7.47049212,128.63,13.01,-0.29,295.29,1,-84.00,-9.00,3.00,8.00,43.00,4.00,13175299,62
78.05,1547802186,1043.80,51.51685315,7.47033521,128.37,12.70,-0.31,294.76,1,-84.00,-9.00,3.00,8.00,43.00,4.00,13175299,62
79.05,1547802187,1056.49,51.51689089,7.47016867,127.73,12.63,-0.07,291.96,1,-84.00,-11.00,1.00,8.00,47.00,4.00,13175299,62
80.05,1547802188,1069.12,51.51690644,7.46999674,127.23,11.18,-1.45,278.63,1,-84.00,-11.00,1.00,8.00,47.00,4.00,13175299,62
81.05,1547802189,1080.31,51.51692466,7.46982456,126.83,11.02,-0.15,280.49,1,-83.00,-10.00,1.00,7.00,48.00,4.00,13175299,62
82.05,1547802190,1091.31,51.51694314,7.46965037,126.55,10.05,-0.97,282.32,1,-83.00,-10.00,1.00,7.00,48.00,4.00,13175299,62
83.05,1547802191,1101.38,51.51696711,7.46950789,127.04,7.79,-2.26,284.96,1,-87.00,-10.00,1.00,9.00,41.00,4.00,13175299,62
84.05,1547802192,1109.17,51.51697856,7.46942679,127.40,5.51,-2.27,285.36,1,-87.00,-10.00,1.00,9.00,41.00,4.00,13175299,62
85.05,1547802193,1114.71,51.51699098,7.46935991,127.42,3.96,-1.55,285.78,1,-87.00,-14.00,-3.00,6.00,47.00,4.00,13175299,62
86.05,1547802194,1118.66,51.51699972,7.46932692,127.42,2.39,-1.57,286.62,1,-87.00,-14.00,-3.00,6.00,47.00,4.00,13175299,62
87.05,1547802195,1121.04,51.51699972,7.46932692,127.42,0.00,-2.39,286.62,1,-99.00,-10.00,-6.00,5.00,31.00,5.00,13530894,345
88.05,1547802196,1121.04,51.51699972,7.46932692,127.42,0.00,0.00,286.62,1,-99.00,-10.00,-6.00,5.00,31.00,5.00,13530894,345
89.05,1547802197,1121.04,51.51699972,7.46932692,127.41,0.00,0.00,286.62,1,-102.00,-11.00,3.00,6.00,28.00,5.00,13530894,345
90.05,1547802198,1121.04,51.51699972,7.46932692,127.40,0.00,0.00,286.62,1,-102.00,-11.00,3.00,6.00,28.00,5.00,13530894,345
91.06,1547802199,1121.04,51.51699972,7.46932692,127.39,0.00,0.00,286.62,1,-100.00,-11.00,3.00,8.00,29.00,5.00,13530894,345
92.05,1547802200,1121.04,51.51699972,7.46932692,127.38,0.00,0.00,286.62,1,-100.00,-11.00,3.00,8.00,29.00,5.00,13530894,345
93.05,1547802201,1121.04,51.51699972,7.46932692,127.37,0.00,0.00,286.62,1,-100.00,-14.00,3.00,8.00,31.00,5.00,13530894,345
94.05,1547802202,1121.04,51.51699972,7.46932692,127.36,0.00,0.00,286.62,1,-100.00,-14.00,3.00,8.00,31.00,5.00,13530894,345
95.05,1547802203,1121.04,51.51699972,7.46932692,127.35,0.00,0.00,286.62,1,-100.00,-14.00,3.00,8.00,31.00,5.00,13530894,345
96.05,1547802204,1121.04,51.51699972,7.46932692,127.35,0.00,0.00,286.62,1,-100.00,-11.00,3.00,8.00,30.00,5.00,13530894,345
97.05,1547802205,1121.04,51.51699972,7.46932692,127.35,0.00,0.00,286.62,1,-100.00,-11.00,3.00,8.00,30.00,5.00,13530894,345
98.05,1547802206,1121.04,51.51699972,7.46932692,127.34,0.00,0.00,286.62,1,-102.00,-12.00,1.00,7.00,29.00,5.00,13530894,345
99.05,1547802207,1121.04,51.51699972,7.46932692,127.33,0.00,0.00,286.62,1,-102.00,-12.00,1.00,7.00,29.00,5.00,13530894,345
100.05,1547802208,1121.04,51.51699972,7.46932692,127.33,0.00,0.00,286.62,1,-102.00,-12.00,2.00,7.00,28.00,5.00,13530894,345
101.05,1547802209,1121.04,51.51699972,7.46932692,127.31,0.00,0.00,286.62,1,-102.00,-12.00,2.00,7.00,28.00,5.00,13530894,345
102.05,1547802210,1121.04,51.51699972,7.46932692,127.30,0.00,0.00,286.62,1,-103.00,-16.00,1.00,7.00,33.00,5.00,13530894,345
103.05,1547802211,1121.04,51.51699972,7.46932692,127.28,0.00,0.00,286.62,1,-103.00,-16.00,1.00,7.00,33.00,5.00,13530894,345
104.05,1547802212,1121.04,51.51699972,7.46932692,127.26,0.00,0.00,286.62,1,-102.00,-16.00,2.00,6.00,32.00,5.00,13530894,345
105.05,1547802213,1121.04,51.51699972,7.46932692,127.24,0.00,0.00,286.62,1,-102.00,-16.00,2.00,6.00,32.00,5.00,13530894,345
106.05,1547802214,1121.04,51.51699972,7.46932692,127.21,0.00,0.00,286.62,1,-100.00,-11.00,4.00,8.00,29.00,5.00,13530894,345
107.05,1547802215,1121.04,51.51699972,7.46932692,127.19,0.00,0.00,286.62,1,-100.00,-11.00,4.00,8.00,29.00,5.00,13530894,345
108.05,1547802216,1121.04,51.51699972,7.46932692,127.17,0.00,0.00,286.62,1,-101.00,-12.00,4.00,9.00,30.00,5.00,13530894,345
109.05,1547802217,1121.04,51.51699972,7.46932692,127.14,0.00,0.00,286.62,1,-101.00,-12.00,4.00,9.00,30.00,5.00,13530894,345
110.05,1547802218,1121.04,51.51699972,7.46932692,127.11,0.00,0.00,286.62,1,-100.00,-10.00,4.00,9.00,29.00,5.00,13530894,345
111.05,1547802219,1121.04,51.51699972,7.46932692,127.08,0.00,0.00,286.62,1,-100.00,-10.00,4.00,9.00,29.00,5.00,13530894,345
112.05,1547802220,1121.04,51.51699972,7.46932692,127.05,0.00,0.00,286.62,1,-100.00,-11.00,4.00,9.00,31.00,5.00,13530894,345
113.05,1547802221,1121.04,51.51699972,7.46932692,127.02,0.00,0.00,286.62,1,-100.00,-11.00,4.00,9.00,31.00,5.00,13530894,345
114.06,1547802222,1121.04,51.51699972,7.46932692,126.99,0.00,0.00,286.62,1,-102.00,-13.00,2.00,7.00,30.00,5.00,13530894,345
115.05,1547802223,1121.04,51.51699972,7.46932692,126.96,0.00,0.00,286.62,1,-102.00,-13.00,2.00,7.00,30.00,5.00,13530894,345
116.05,1547802224,1121.04,51.51699972,7.46932692,126.92,0.00,0.00,286.62,1,-102.00,-13.00,2.00,7.00,30.00,5.00,13530894,345
117.05,1547802225,1121.04,51.51699972,7.46932692,126.89,0.00,0.00,286.62,1,-100.00,-12.00,-2.00,7.00,31.00,5.00,13530894,345
118.05,1547802226,1121.04,51.51699972,7.46932692,126.86,0.00,0.00,286.62,1,-100.00,-12.00,-2.00,7.00,31.00,5.00,13530894,345
119.05,1547802227,1121.04,51.51699972,7.46932692,126.82,0.00,0.00,286.62,1,-101.00,-11.00,2.00,9.00,29.00,5.00,13530894,345
120.05,1547802228,1121.04,51.51699972,7.46932692,126.79,0.00,0.00,286.62,1,-101.00,-11.00,2.00,9.00,29.00,5.00,13530894,345
121.06,1547802229,1121.04,51.51699972,7.46932692,126.76,0.00,0.00,286.62,1,-102.00,-12.00,2.00,7.00,29.00,5.00,13530894,345
122.05,1547802230,1121.04,51.51699972,7.46932692,126.72,0.00,0.00,286.62,1,-102.00,-12.00,2.00,7.00,29.00,5.00,13530894,345
123.05,1547802231,1121.04,51.51699972,7.46932692,126.69,0.00,0.00,286.62,1,-102.00,-15.00,2.00,8.00,33.00,5.00,13530894,345
124.05,1547802232,1121.04,51.51699972,7.46932692,126.66,0.00,0.00,286.62,1,-102.00,-15.00,2.00,8.00,33.00,5.00,13530894,345
125.05,1547802233,1121.04,51.51699972,7.46932692,126.63,0.00,0.00,286.62,1,-102.00,-11.00,3.00,9.00,28.00,5.00,13530894,345
126.05,1547802234,1121.04,51.51699972,7.46932692,126.60,0.00,0.00,286.62,1,-102.00,-11.00,3.00,9.00,28.00,5.00,13530894,345
127.05,1547802235,1121.04,51.51699972,7.46932692,126.57,0.00,0.00,286.62,1,-101.00,-11.00,3.00,9.00,29.00,5.00,13530894,345
128.05,1547802236,1121.04,51.51699972,7.46932692,126.54,0.00,0.00,286.62,1,-101.00,-11.00,3.00,9.00,29.00,5.00,13530894,345
129.05,1547802237,1121.04,51.51699972,7.46932692,126.51,0.00,0.00,286.62,1,-100.00,-11.00,4.00,9.00,29.00,5.00,13530894,345
130.05,1547802238,1121.04,51.51699972,7.46932692,126.49,0.00,0.00,286.62,1,-100.00,-11.00,4.00,9.00,29.00,5.00,13530894,345
131.05,1547802239,1121.04,51.51699972,7.46932692,126.46,0.00,0.00,286.62,1,-102.00,-11.00,5.00,9.00,28.00,5.00,13530894,345
132.05,1547802240,1121.04,51.51699972,7.46932692,126.45,0.00,0.00,286.62,1,-102.00,-11.00,5.00,9.00,28.00,5.00,13530894,345
133.05,1547802241,1121.04,51.51699972,7.46932692,126.43,0.00,0.00,286.62,1,-100.00,-15.00,3.00,9.00,34.00,5.00,13530894,345
134.05,1547802242,1121.04,51.51699972,7.46932692,126.41,0.00,0.00,286.62,1,-100.00,-15.00,3.00,9.00,34.00,5.00,13530894,345
135.06,1547802243,1121.04,51.51699972,7.46932692,126.40,0.00,0.00,286.62,1,-100.00,-11.00,5.00,8.00,29.00,5.00,13530894,345
136.05,1547802244,1121.04,51.51699972,7.46932692,126.38,0.00,0.00,286.62,1,-100.00,-11.00,5.00,8.00,29.00,5.00,13530894,345
137.05,1547802245,1121.04,51.51699972,7.46932692,126.37,0.00,0.00,286.62,1,-100.00,-11.00,5.00,8.00,29.00,5.00,13530894,345
138.05,1547802246,1121.04,51.51699972,7.46932692,126.36,0.00,0.00,286.62,1,-101.00,-11.00,3.00,8.00,28.00,5.00,13530894,345
139.05,1547802247,1121.04,51.51699972,7.46932692,126.35,0.00,0.00,286.62,1,-101.00,-11.00,3.00,8.00,28.00,5.00,13530894,345
140.05,1547802248,1121.04,51.51699972,7.46932692,126.27,0.00,0.00,286.62,1,-100.00,-11.00,4.00,8.00,31.00,5.00,13530894,345
141.05,1547802249,1121.04,51.51699972,7.46932692,125.69,0.00,0.00,289.13,1,-100.00,-11.00,4.00,8.00,31.00,5.00,13530894,345
142.05,1547802250,1121.04,51.51699972,7.46932692,125.37,0.00,0.00,292.08,1,-99.00,-10.00,4.00,10.00,30.00,5.00,13530894,345
143.05,1547802251,1121.04,51.51706327,7.46909737,125.57,9.73,0.00,291.10,1,-99.00,-10.00,4.00,10.00,30.00,5.00,13530894,345
144.05,1547802252,1130.77,51.51709827,7.46892910,126.18,11.38,1.65,290.67,1,-99.00,-13.00,4.00,9.00,31.00,5.00,13530894,345
145.05,1547802253,1142.19,51.51713751,7.46875466,126.57,12.58,1.19,289.97,1,-99.00,-13.00,4.00,9.00,31.00,5.00,13530894,345
146.05,1547802254,1154.76,51.51717780,7.46858193,126.77,13.46,0.89,290.65,1,-98.00,-11.00,2.00,9.00,32.00,5.00,13530894,345
147.05,1547802255,1168.23,51.51722323,7.46838885,126.59,14.71,1.25,291.23,1,-98.00,-11.00,2.00,9.00,32.00,5.00,13530894,345
148.05,1547802256,1182.91,51.51727771,7.46816738,127.04,15.69,0.98,292.17,1,-96.00,-11.00,5.00,11.00,35.00,5.00,13530894,345
149.05,1547802257,1198.60,51.51732496,7.46798294,127.01,15.39,-0.30,293.14,1,-96.00,-11.00,5.00,11.00,35.00,5.00,13530894,345
150.05,1547802258,1214.01,51.51738608,7.46778562,126.85,15.62,0.23,294.37,1,-92.00,-14.00,2.00,10.00,41.00,5.00,13530894,345
151.05,1547802259,1229.58,51.51744678,7.46758149,126.76,15.82,0.21,295.22,1,-92.00,-14.00,2.00,10.00,41.00,5.00,13530894,345
152.05,1547802260,1245.37,51.51750942,7.46738420,126.66,15.46,-0.37,295.67,1,-90.00,-14.00,3.00,8.00,44.00,2.00,13530893,347
153.05,1547802261,1260.85,51.51757276,7.46718542,126.53,15.38,-0.07,295.37,1,-90.00,-14.00,3.00,8.00,44.00,2.00,13530893,347
154.05,1547802262,1276.26,51.51763285,7.46699034,126.46,15.55,0.17,293.82,1,-79.00,-6.00,13.00,9.00,45.00,2.00,13530893,347
155.05,1547802263,1291.81,51.51768857,7.46677954,126.68,15.71,0.16,291.75,1,-79.00,-6.00,13.00,9.00,45.00,2.00,13530893,347
156.06,1547802264,1307.67,51.51773772,7.46656762,126.77,15.62,-0.09,289.80,1,-93.00,-17.00,0.00,6.00,46.00,3.00,13530894,347
157.05,1547802265,1323.16,51.51777968,7.46634223,126.89,15.33,-0.29,287.72,1,-93.00,-17.00,0.00,6.00,46.00,3.00,13530894,347
158.05,1547802266,1338.48,51.51781439,7.46612226,127.44,14.56,-0.77,285.68,1,-93.00,-17.00,0.00,6.00,46.00,3.00,13530894,347
159.05,1547802267,1353.02,51.51784349,7.46592629,127.62,12.26,-2.31,282.97,1,-79.00,-6.00,8.00,12.00,46.00,3.00,13530894,345
160.05,1547802268,1365.28,51.51786062,7.46575326,128.06,10.65,-1.61,280.51,1,-79.00,-6.00,8.00,12.00,46.00,3.00,13530894,345
161.05,1547802269,1375.98,51.51786861,7.46562583,128.51,8.24,-2.40,278.47,1,-80.00,-5.00,15.00,12.00,44.00,3.00,13530894,345
162.05,1547802270,1384.17,51.51787134,7.46555690,128.64,6.03,-2.22,277.23,1,-80.00,-5.00,15.00,12.00,44.00,3.00,13530894,345
163.05,1547802271,1390.19,51.51787247,7.46546368,128.66,3.81,-2.21,274.36,1,-85.00,-12.00,11.00,9.00,47.00,3.00,13530894,345
164.05,1547802272,1394.01,51.51787155,7.46541163,128.70,2.47,-1.34,273.21,1,-85.00,-12.00,11.00,9.00,47.00,3.00,13530894,345
165.05,1547802273,1396.48,51.51786790,7.46535859,128.77,1.97,-0.50,272.75,1,-84.00,-7.00,14.00,11.00,43.00,3.00,13530894,345
166.05,1547802274,1398.45,51.51786546,7.46533763,128.87,1.09,-0.88,272.75,1,-84.00,-7.00,14.00,11.00,43.00,3.00,13530894,345
167.05,1547802275,1399.53,51.51786546,7.46533763,128.88,0.00,-1.09,272.75,1,-85.00,-7.00,18.00,10.00,41.00,3.00,13530894,345
168.05,1547802276,1399.53,51.51786546,7.46533763,128.90,0.00,0.00,272.75,1,-85.00,-7.00,18.00,10.00,41.00,3.00,13530894,345
169.05,1547802277,1399.53,51.51786546,7.46533763,128.91,0.00,0.00,272.75,1,-85.00,-8.00,13.00,10.00,42.00,3.00,13530894,345
170.05,1547802278,1399.53,51.51786546,7.46533763,128.94,0.00,0.00,272.75,1,-85.00,-8.00,13.00,10.00,42.00,3.00,13530894,345
171.05,1547802279,1399.53,51.51786546,7.46533763,128.97,0.00,0.00,272.75,1,-86.00,-7.00,18.00,12.00,40.00,3.00,13530894,345
172.05,1547802280,1399.53,51.51786546,7.46533763,129.00,0.00,0.00,272.75,1,-86.00,-7.00,18.00,12.00,40.00,3.00,13530894,345
173.05,1547802281,1399.53,51.51786546,7.46533763,129.04,0.00,0.00,272.75,1,-86.00,-6.00,19.00,11.00,39.00,3.00,13530894,345
174.05,1547802282,1399.53,51.51786546,7.46533763,129.07,0.00,0.00,272.75,1,-86.00,-6.00,19.00,11.00,39.00,3.00,13530894,345
175.05,1547802283,1399.53,51.51786546,7.46533763,129.44,0.00,0.00,272.75,1,-86.00,-7.00,19.00,12.00,41.00,3.00,13530894,345
176.05,1547802284,1399.53,51.51786546,7.46533763,129.79,0.00,0.00,266.26,1,-86.00,-7.00,19.00,12.00,41.00,3.00,13530894,345
177.06,1547802285,1399.53,51.51786359,7.46523212,130.14,0.00,0.00,268.23,1,-87.00,-7.00,14.00,11.00,40.00,3.00,13530894,345
178.05,1547802286,1399.53,51.51786215,7.46521527,130.43,3.01,0.00,267.16,1,-87.00,-7.00,14.00,11.00,40.00,3.00,13530894,345
179.05,1547802287,1402.54,51.51786157,7.46518252,130.66,3.80,0.80,267.51,1,-87.00,-7.00,14.00,11.00,40.00,3.00,13530894,345
180.05,1547802288,1406.34,51.51785692,7.46512877,132.47,4.35,0.55,267.87,1,-83.00,-7.00,13.00,15.00,43.00,3.00,13530894,345
181.05,1547802289,1410.70,51.51785565,7.46507309,133.44,5.82,1.47,268.50,1,-83.00,-7.00,13.00,15.00,43.00,3.00,13530894,345
182.05,1547802290,1416.49,51.51785176,7.46498677,134.01,6.64,0.82,267.50,1,-83.00,-7.00,14.00,15.00,44.00,3.00,13530894,345
183.05,1547802291,1423.14,51.51784647,7.46490240,133.91,7.34,0.70,266.52,1,-83.00,-7.00,14.00,15.00,44.00,3.00,13530894,345
184.05,1547802292,1430.49,51.51783887,7.46479535,133.63,7.53,0.19,266.01,1,-82.00,-7.00,11.00,15.00,47.00,3.00,13530894,345
185.05,1547802293,1438.02,51.51783005,7.46466850,133.21,8.64,1.11,265.18,1,-82.00,-7.00,11.00,15.00,47.00,3.00,13530894,345
186.05,1547802294,1446.65,51.51782082,7.46455178,132.62,9.52,0.88,263.91,1,-77.00,-7.00,11.00,15.00,48.00,3.00,13530894,345
187.05,1547802295,1456.19,51.51780952,7.46443624,132.19,9.05,-0.47,261.35,1,-77.00,-7.00,11.00,15.00,48.00,3.00,13530894,345
188.05,1547802296,1465.23,51.51779494,7.46429132,131.86,9.25,0.21,259.15,1,-80.00,-6.00,13.00,12.00,46.00,3.00,13530894,345
189.05,1547802297,1474.48,51.51777283,7.46414288,131.25,9.97,0.72,256.37,1,-80.00,-6.00,13.00,12.00,46.00,3.00,13530894,345
190.05,1547802298,1484.44,51.51774896,7.46399067,130.52,10.13,0.16,255.60,1,-82.00,-6.00,14.00,12.00,44.00,3.00,13530894,345
191.05,1547802299,1494.60,51.51772560,7.46384613,129.87,10.00,-0.13,255.07,1,-82.00,-6.00,14.00,12.00,44.00,3.00,13530894,345
192.05,1547802300,1504.56,51.51770044,7.46369696,129.41,10.41,0.42,253.07,1,-82.00,-11.00,15.00,12.00,49.00,3.00,13530894,345
193.05,1547802301,1514.98,51.51767817,7.46354425,129.06,10.75,0.34,252.57,1,-82.00,-11.00,15.00,12.00,49.00,3.00,13530894,345
194.05,1547802302,1525.74,51.51764986,7.46339291,129.17,10.50,-0.25,251.57,1,-83.00,-6.00,11.00,12.00,43.00,3.00,13530894,345
195.05,1547802303,1536.25,51.51762416,7.46325616,129.41,10.37,-0.13,251.97,1,-83.00,-6.00,11.00,12.00,43.00,3.00,13530894,345
196.05,1547802304,1546.60,51.51757920,7.46313203,129.43,10.62,0.26,236.66,1,-77.00,-7.00,21.00,9.00,49.00,3.00,13530894,345
197.05,1547802305,1557.24,51.51753548,7.46299659,129.32,10.77,0.14,239.84,1,-77.00,-7.00,21.00,9.00,49.00,3.00,13530894,345
198.06,1547802306,1568.11,51.51749258,7.46284950,129.43,11.09,0.32,242.43,1,-80.00,-7.00,11.00,15.00,47.00,3.00,13530894,345
199.05,1547802307,1579.12,51.51745330,7.46270132,130.01,11.21,0.11,245.36,1,-80.00,-7.00,11.00,15.00,47.00,3.00,13530894,345
200.05,1547802308,1590.32,51.51741740,7.46255366,130.45,11.60,0.39,247.38,1,-80.00,-7.00,11.00,15.00,47.00,3.00,13530894,345
201.05,1547802309,1601.91,51.51740320,7.46251510,130.55,11.96,0.36,248.50,1,-77.00,-7.00,13.00,11.00,50.00,3.00,13530894,345
202.05,1547802310,1613.88,51.51734299,7.46223527,130.44,11.71,-0.25,249.55,1,-77.00,-7.00,13.00,11.00,50.00,3.00,13530894,345
203.05,1547802311,1625.58,51.51733000,7.46205576,130.12,12.75,1.05,263.32,1,-81.00,-7.00,21.00,12.00,44.00,3.00,13530894,345
204.05,1547802312,1638.35,51.51731695,7.46186519,129.69,12.90,0.15,262.43,1,-81.00,-7.00,21.00,12.00,44.00,3.00,13530894,345
205.05,1547802313,1651.24,51.51729611,7.46168302,129.19,12.31,-0.58,259.42,1,-85.00,-7.00,10.00,15.00,43.00,3.00,13530894,345
206.05,1547802314,1663.56,51.51726782,7.46150756,128.69,12.55,0.24,256.49,1,-85.00,-7.00,10.00,15.00,43.00,3.00,13530894,345
207.05,1547802315,1676.11,51.51723644,7.46133583,128.26,12.34,-0.21,255.27,1,-85.00,-9.00,7.00,15.00,47.00,3.00,13530894,345
208.05,1547802316,1688.44,51.51720169,7.46115261,128.41,11.99,-0.35,253.73,1,-85.00,-9.00,7.00,15.00,47.00,3.00,13530894,345
209.05,1547802317,1700.39,51.51717014,7.46100248,128.62,11.37,-0.61,252.32,1,-86.00,-7.00,8.00,15.00,39.00,3.00,13530894,345
210.05,1547802318,1711.81,51.51713774,7.46085453,129.22,11.62,0.25,251.68,1,-86.00,-7.00,8.00,15.00,39.00,3.00,13530894,345
211.05,1547802319,1723.39,51.51709963,7.46069069,130.00,11.74,0.11,252.22,1,-86.00,-7.00,7.00,15.00,41.00,3.00,13530894,345
212.05,1547802320,1735.13,51.51705675,7.46052492,131.15,11.86,0.12,251.80,1,-86.00,-7.00,7.00,15.00,41.00,3.00,13530894,345
213.05,1547802321,1746.99,51.51701348,7.46037824,131.70,12.22,0.35,251.34,1,-87.00,-14.00,2.00,8.00,48.00,3.00,13530894,345
214.05,1547802322,1759.25,51.51697309,7.46020901,132.10,12.72,0.51,253.99,1,-87.00,-14.00,2.00,8.00,48.00,3.00,13530894,345
215.05,1547802323,1771.96,51.51693658,7.46002483,132.52,13.65,0.93,253.30,1,-90.00,-8.00,3.00,6.00,38.00,5.00,13530638,345
216.05,1547802324,1785.61,51.51689586,7.45984892,132.98,13.29,-0.36,253.72,1,-90.00,-8.00,3.00,6.00,38.00,5.00,13530638,345
217.05,1547802325,1798.89,51.51686260,7.45967762,133.61,13.34,0.06,255.16,1,-88.00,-7.00,4.00,12.00,39.00,5.00,13530638,105
218.05,1547802326,1812.22,51.51682789,7.45950132,133.96,13.42,0.08,256.09,1,-88.00,-7.00,4.00,12.00,39.00,5.00,13530638,105
219.06,1547802327,1825.76,51.51679243,7.45931792,134.26,13.42,0.01,256.56,1,-87.00,-7.00,4.00,8.00,39.00,5.00,13530638,105
220.05,1547802328,1839.12,51.51676030,7.45912994,134.15,13.04,-0.39,256.94,1,-87.00,-7.00,4.00,8.00,39.00,5.00,13530638,105
221.05,1547802329,1852.13,51.51673714,7.45897271,134.21,12.57,-0.47,257.67,1,-87.00,-7.00,4.00,8.00,39.00,5.00,13530638,105
222.05,1547802330,1864.69,51.51671261,7.45881245,134.21,12.43,-0.14,258.48,1,-81.00,-7.00,6.00,2.00,54.00,4.00,13406209,460
223.05,1547802331,1877.10,51.51668700,7.45863100,133.77,12.31,-0.13,258.89,1,-81.00,-7.00,6.00,2.00,54.00,4.00,13406209,460
224.05,1547802332,1889.39,51.51666049,7.45843355,133.33,12.36,0.05,257.92,1,-79.00,-11.00,6.00,9.00,50.00,4.00,13406209,460
225.05,1547802333,1901.81,51.51663127,7.45824170,133.17,12.06,-0.29,258.27,1,-79.00,-11.00,6.00,9.00,50.00,4.00,13406209,460
226.05,1547802334,1913.85,51.51660778,7.45808820,133.15,11.45,-0.62,258.43,1,-80.00,-11.00,4.00,7.00,49.00,4.00,13406209,460
227.05,1547802335,1925.27,51.51658658,7.45791998,133.13,10.94,-0.51,258.07,1,-80.00,-11.00,4.00,7.00,49.00,4.00,13406209,460
228.05,1547802336,1936.23,51.51656665,7.45776981,132.94,10.37,-0.57,257.47,1,-75.00,-6.00,10.00,9.00,50.00,4.00,13406209,460
229.05,1547802337,1946.59,51.51654176,7.45762977,132.97,9.52,-0.85,256.13,1,-75.00,-6.00,10.00,9.00,50.00,4.00,13406209,460
230.05,1547802338,1956.11,51.51651691,7.45751040,133.50,7.78,-1.73,256.64,1,-78.00,-9.00,7.00,7.00,53.00,4.00,13406209,460
231.05,1547802339,1963.90,51.51649679,7.45740460,134.49,6.67,-1.11,258.21,1,-78.00,-9.00,7.00,7.00,53.00,4.00,13406209,460
232.05,1547802340,1970.55,51.51648908,7.45733452,135.25,5.20,-1.48,256.52,1,-78.00,-12.00,8.00,9.00,51.00,4.00,13406209,460
233.05,1547802341,1975.75,51.51647602,7.45728499,135.36,3.33,-1.87,254.41,1,-78.00,-12.00,8.00,9.00,51.00,4.00,13406209,460
234.05,1547802342,1979.09,51.51646703,7.45721669,135.54,2.62,-0.71,256.04,1,-76.00,-9.00,10.00,9.00,50.00,4.00,13406209,460
235.05,1547802343,1981.71,51.51646077,7.45719695,135.76,2.03,-0.59,256.75,1,-76.00,-9.00,10.00,9.00,50.00,4.00,13406209,460
236.05,1547802344,1983.73,51.51645786,7.45719149,136.01,1.09,-0.93,256.75,1,-74.00,-8.00,12.00,9.00,53.00,4.00,13406209,460
237.05,1547802345,1984.82,51.51645154,7.45717659,136.23,0.98,-0.11,256.75,1,-74.00,-8.00,12.00,9.00,53.00,4.00,13406209,460
238.05,1547802346,1985.81,51.51644177,7.45715242,136.41,0.93,-0.05,238.59,1,-71.00,-8.00,15.00,12.00,59.00,4.00,13406209,460
239.05,1547802347,1986.74,51.51643451,7.45714191,136.57,0.39,-0.54,238.59,1,-71.00,-8.00,15.00,12.00,59.00,4.00,13406209,460
240.06,1547802348,1987.14,51.51643451,7.45714191,136.59,0.00,-0.39,238.59,1,-74.00,-8.00,11.00,10.00,54.00,4.00,13406209,460
241.05,1547802349,1987.14,51.51642641,7.45712931,136.68,2.11,0.00,227.53,1,-74.00,-8.00,11.00,10.00,54.00,4.00,13406209,460
242.05,1547802350,1989.24,51.51642179,7.45710291,136.75,3.04,0.93,250.53,1,-74.00,-8.00,11.00,10.00,54.00,4.00,13406209,460
243.05,1547802351,1992.28,51.51642437,7.45707599,136.78,3.09,0.05,271.46,1,-71.00,-8.00,11.00,15.00,57.00,4.00,13406209,460
244.05,1547802352,1995.37,51.51641356,7.45705002,136.76,1.93,-1.15,239.66,1,-71.00,-8.00,11.00,15.00,57.00,4.00,13406209,460
245.05,1547802353,1997.30,51.51640395,7.45702736,136.77,0.85,-1.08,239.66,1,-74.00,-7.00,17.00,12.00,52.00,4.00,13406209,460
246.05,1547802354,1998.16,51.51640267,7.45701921,136.87,0.73,-0.13,239.66,1,-74.00,-7.00,17.00,12.00,52.00,4.00,13406209,460
247.05,1547802355,1998.88,51.51640267,7.45701921,136.90,0.00,-0.73,239.66,1,-74.00,-8.00,19.00,15.00,54.00,4.00,13406209,460
248.05,1547802356,1998.88,51.51640267,7.45701921,136.98,0.00,0.00,239.66,1,-74.00,-8.00,19.00,15.00,54.00,4.00,13406209,460
249.05,1547802357,1998.88,51.51640267,7.45701921,137.01,0.00,0.00,252.52,1,-71.00,-8.00,19.00,10.00,57.00,4.00,13406209,460
250.05,1547802358,1998.88,51.51638054,7.45692176,137.08,0.00,0.00,249.30,1,-71.00,-8.00,19.00,10.00,57.00,4.00,13406209,460
251.05,1547802359,1998.88,51.51636793,7.45685495,137.52,4.74,0.00,250.26,1,-64.00,-8.00,18.00,11.00,63.00,4.00,13406209,460
252.05,1547802360,2003.62,51.51635193,7.45676729,137.75,5.96,1.23,250.64,1,-64.00,-8.00,18.00,11.00,63.00,4.00,13406209,460
253.05,1547802361,2009.59,51.51632821,7.45667405,138.11,7.06,1.10,247.34,1,-67.00,-11.00,26.00,13.00,63.00,4.00,13406209,460
254.05,1547802362,2016.64,51.51630469,7.45657265,138.82,7.52,0.46,245.85,1,-67.00,-11.00,26.00,13.00,63.00,4.00,13406209,460
255.05,1547802363,2024.19,51.51627331,7.45646951,139.05,8.82,1.29,243.69,1,-71.00,-12.00,13.00,11.00,61.00,4.00,13406209,460
256.05,1547802364,2032.98,51.51624371,7.45635779,138.69,8.95,0.13,241.94,1,-71.00,-12.00,13.00,11.00,61.00,4.00,13406209,460
257.05,1547802365,2041.95,51.51620427,7.45622098,138.39,9.43,0.47,240.87,1,-71.00,-9.00,21.00,12.00,55.00,4.00,13406209,460
258.05,1547802366,2051.38,51.51616816,7.45609167,138.31,9.91,0.49,238.89,1,-71.00,-9.00,21.00,12.00,55.00,4.00,13406209,460
259.05,1547802367,2061.30,51.51612854,7.45595393,137.87,9.23,-0.68,238.97,1,-61.00,-7.00,30.00,15.00,63.00,4.00,13406209,460
260.05,1547802368,2070.50,51.51608799,7.45579419,137.26,10.02,0.79,240.17,1,-61.00,-7.00,30.00,15.00,63.00,4.00,13406209,460
261.06,1547802369,2080.62,51.51604408,7.45565149,136.55,10.70,0.68,239.24,1,-64.00,-7.00,40.00,15.00,63.00,4.00,13406209,460
262.05,1547802370,2091.22,51.51596552,7.45552533,135.35,11.13,0.43,223.85,1,-64.00,-7.00,40.00,15.00,63.00,4.00,13406209,460
263.05,1547802371,2102.37,51.51589199,7.45540719,134.90,10.65,-0.49,223.96,1,-64.00,-7.00,40.00,15.00,63.00,4.00,13406209,460
264.05,1547802372,2113.03,51.51579744,7.45528583,134.57,11.13,0.48,220.35,1,-74.00,-7.00,24.00,12.00,52.00,4.00,13406209,460
265.05,1547802373,2124.16,51.51568109,7.45519746,134.27,11.60,0.48,206.89,1,-74.00,-7.00,24.00,12.00,52.00,4.00,13406209,460
266.05,1547802374,2135.76,51.51557124,7.45512829,134.04,10.89,-0.71,205.43,1,-70.00,-7.00,22.00,13.00,55.00,4.00,13406209,460
267.05,1547802375,2146.62,51.51546478,7.45510830,134.48,11.96,1.07,190.15,1,-70.00,-7.00,22.00,13.00,55.00,4.00,13406209,460
268.05,1547802376,2158.62,51.51536618,7.45510335,135.27,12.05,0.10,188.29,1,-71.00,-7.00,13.00,12.00,57.00,4.00,13406209,460
269.05,1547802377,2170.67,51.51524980,7.45513069,136.15,12.89,0.84,174.07,1,-71.00,-7.00,13.00,12.00,57.00,4.00,13406209,460
270.05,1547802378,2183.56,51.51512933,7.45515346,137.75,13.01,0.11,174.25,1,-81.00,-8.00,7.00,8.00,47.00,4.00,13406209,460
271.05,1547802379,2196.58,51.51500307,7.45518123,138.89,14.26,1.25,173.58,1,-81.00,-8.00,7.00,8.00,47.00,4.00,13406209,460
272.05,1547802380,2210.78,51.51486950,7.45521239,139.19,15.15,0.90,173.08,1,-85.00,-12.00,7.00,8.00,48.00,4.00,13406209,460
273.05,1547802381,2225.99,51.51472143,7.45525773,139.26,15.40,0.25,172.44,1,-85.00,-12.00,7.00,8.00,48.00,4.00,13406209,460
274.05,1547802382,2241.38,51.51456766,7.45530765,139.45,14.84,-0.56,172.08,1,-83.00,-12.00,9.00,15.00,48.00,4.00,13406209,460
275.05,1547802383,2256.16,51.51443599,7.45534785,139.64,14.28,-0.57,171.43,1,-83.00,-12.00,9.00,15.00,48.00,4.00,13406209,460
276.05,1547802384,2270.46,51.51430571,7.45538220,140.73,14.43,0.16,171.75,1,-81.00,-6.00,10.00,11.00,45.00,4.00,13406209,460
277.05,1547802385,2284.92,51.51419069,7.45540725,142.30,13.93,-0.50,171.71,1,-81.00,-6.00,10.00,11.00,45.00,4.00,13406209,460
278.05,1547802386,2298.85,51.51406268,7.45543968,143.53,13.54,-0.39,172.29,1,-83.00,-8.00,15.00,7.00,44.00,4.00,13406209,460
279.05,1547802387,2312.39,51.51393185,7.45547946,144.59,13.64,0.10,171.51,1,-83.00,-8.00,15.00,7.00,44.00,4.00,13406209,460
280.05,1547802388,2326.03,51.51380176,7.45552674,145.84,13.62,-0.02,169.67,1,-86.00,-9.00,13.00,11.00,43.00,4.00,13406209,460
281.05,1547802389,2339.61,51.51365510,7.45571660,146.87,13.61,-0.01,167.73,1,-86.00,-9.00,13.00,11.00,43.00,4.00,13406209,460
282.05,1547802390,2353.26,51.51357484,7.45563344,147.50,13.78,0.17,164.82,1,-85.00,-7.00,16.00,15.00,42.00,4.00,13406209,460
283.05,1547802391,2367.06,51.51346121,7.45573076,147.21,14.77,0.99,151.57,1,-85.00,-7.00,16.00,15.00,42.00,4.00,13406209,460
284.06,1547802392,2381.93,51.51334957,7.45583535,147.91,13.83,-0.94,150.55,1,-91.00,-9.00,7.00,15.00,37.00,4.00,13406209,460
285.05,1547802393,2395.66,51.51324525,7.45594629,148.49,12.83,-1.01,146.61,1,-91.00,-9.00,7.00,15.00,37.00,4.00,13406209,460
286.05,1547802394,2408.44,51.51315953,7.45605976,149.23,13.54,0.71,143.04,1,-91.00,-9.00,7.00,15.00,37.00,4.00,13406209,460
287.05,1547802395,2422.01,51.51308976,7.45620535,149.20,13.32,-0.22,129.50,1,-96.00,-10.00,1.00,7.00,33.00,4.00,13406209,460
288.05,1547802396,2435.34,51.51300213,7.45638921,147.95,13.84,0.52,128.04,1,-96.00,-10.00,1.00,7.00,33.00,4.00,13406209,460
289.05,1547802397,2449.16,51.51290248,7.45659650,147.04,14.96,1.12,128.20,1,-98.00,-10.00,2.00,7.00,30.00,4.00,13406209,460
290.05,1547802398,2464.15,51.51281625,7.45677424,146.42,14.54,-0.42,127.54,1,-98.00,-10.00,2.00,7.00,30.00,4.00,13406209,460
291.05,1547802399,2478.71,51.51274808,7.45692877,146.26,14.27,-0.27,127.85,1,-98.00,-10.00,4.00,6.00,30.00,4.00,13406209,460
292.05,1547802400,2492.98,51.51267122,7.45710666,146.02,14.54,0.26,128.14,1,-98.00,-10.00,4.00,6.00,30.00,4.00,13406209,460
293.05,1547802401,2507.57,51.51259597,7.45728491,145.46,13.83,-0.70,125.52,1,-103.00,-16.00,-4.00,3.00,31.00,4.00,13406209,460
294.05,1547802402,2521.40,51.51252504,7.45745779,144.91,14.47,0.64,124.99,1,-103.00,-16.00,-4.00,3.00,31.00,4.00,13406209,460
295.05,1547802403,2535.81,51.51245428,7.45763072,144.36,14.91,0.43,126.16,1,-107.00,-17.00,-5.00,2.00,30.00,7.00,13830146,487
296.05,1547802404,2550.67,51.51238832,7.45779622,144.01,14.36,-0.55,125.56,1,-107.00,-17.00,-5.00,2.00,30.00,7.00,13830146,487
297.05,1547802405,2565.10,51.51232420,7.45796394,143.08,13.13,-1.22,124.54,1,-98.00,-13.00,-3.00,5.00,34.00,7.00,13830146,487
298.05,1547802406,2578.23,51.51226568,7.45811328,142.34,13.00,-0.13,123.21,1,-98.00,-13.00,-3.00,5.00,34.00,7.00,13830146,487
299.05,1547802407,2591.22,51.51219482,7.45829000,141.66,12.78,-0.22,124.36,1,-98.00,-12.00,-3.00,7.00,32.00,7.00,13830146,487
300.05,1547802408,2604.01,51.51213651,7.45843637,141.29,13.74,0.95,126.33,1,-98.00,-12.00,-3.00,7.00,32.00,7.00,13830146,487
301.05,1547802409,2617.70,51.51200800,7.45832360,142.50,13.84,0.10,127.30,1,-100.00,-14.00,-4.00,7.00,33.00,6.00,14035459,487
302.05,1547802410,2631.55,51.51198701,7.45876834,140.94,14.41,0.57,126.81,1,-100.00,-14.00,-4.00,7.00,33.00,6.00,14035459,487
303.05,1547802411,2646.00,51.51191542,7.45892902,140.69,14.24,-0.17,126.37,1,-96.00,-12.00,1.00,12.00,36.00,6.00,14035459,482
304.05,1547802412,2660.22,51.51183355,7.45910494,140.87,15.04,0.81,126.83,1,-96.00,-12.00,1.00,12.00,36.00,6.00,14035459,482
305.06,1547802413,2675.46,51.51174402,7.45928215,140.83,14.91,-0.14,127.22,1,-100.00,-13.00,1.00,5.00,31.00,6.00,14035459,482
306.05,1547802414,2690.25,51.51166895,7.45944089,141.41,14.11,-0.80,126.43,1,-100.00,-13.00,1.00,5.00,31.00,6.00,14035459,482
307.05,1547802415,2704.27,51.51158324,7.45960657,142.55,14.79,0.69,126.83,1,-100.00,-13.00,1.00,5.00,31.00,6.00,14035459,482
308.05,1547802416,2719.11,51.51149599,7.45977807,143.24,12.88,-1.91,128.02,1,-101.00,-13.00,-1.00,8.00,31.00,6.00,14035459,482
309.05,1547802417,2731.99,51.51141871,7.45993218,144.14,13.30,0.42,128.85,1,-101.00,-13.00,-1.00,8.00,31.00,6.00,14035459,482
310.05,1547802418,2745.28,51.51132100,7.46010660,144.76,13.71,0.41,129.30,1,-98.00,-9.00,-4.00,6.00,29.00,5.00,13830146,487
311.05,1547802419,2758.96,51.51123570,7.46025935,145.26,13.85,0.14,130.30,1,-98.00,-9.00,-4.00,6.00,29.00,5.00,13830146,487
312.05,1547802420,2772.86,51.51114558,7.46043125,145.43,14.38,0.53,129.72,1,-99.00,-10.00,1.00,10.00,31.00,5.00,13830146,487
313.05,1547802421,2787.26,51.51106313,7.46058390,145.51,14.58,0.20,130.37,1,-99.00,-10.00,1.00,10.00,31.00,5.00,13830146,487
314.05,1547802422,2801.85,51.51097520,7.46073920,145.03,14.38,-0.20,131.63,1,-98.00,-15.00,-1.00,9.00,36.00,5.00,13830146,487
315.05,1547802423,2816.20,51.51089003,7.46088876,144.35,13.89,-0.49,132.33,1,-98.00,-15.00,-1.00,9.00,36.00,5.00,13830146,487
316.05,1547802424,2830.09,51.51080568,7.46102985,144.14,13.78,-0.11,131.67,1,-93.00,-12.00,-4.00,6.00,37.00,5.00,13830145,486
317.05,1547802425,2843.83,51.51072672,7.46116738,144.04,13.47,-0.32,131.98,1,-93.00,-12.00,-4.00,6.00,37.00,5.00,13830145,486
318.05,1547802426,2857.30,51.51062904,7.46132818,143.84,13.72,0.25,132.64,1,-93.00,-13.00,4.00,7.00,38.00,5.00,13830145,486
319.05,1547802427,2871.06,51.51053245,7.46148291,143.74,13.04,-0.68,133.46,1,-93.00,-13.00,4.00,7.00,38.00,5.00,13830145,486
320.05,1547802428,2884.08,51.51044351,7.46160746,144.52,12.20,-0.85,132.61,1,-96.00,-11.00,2.00,6.00,35.00,5.00,13830145,486
321.05,1547802429,2896.26,51.51053190,7.46219320,144.72,12.23,0.04,131.80,1,-96.00,-11.00,2.00,6.00,35.00,5.00,13830145,486
322.05,1547802430,2908.55,51.51027837,7.46188244,144.61,12.44,0.21,130.60,1,-94.00,-11.00,5.00,9.00,37.00,5.00,13830145,486
323.05,1547802431,2920.96,51.51019025,7.46204755,144.81,13.09,0.65,128.83,1,-94.00,-11.00,5.00,9.00,37.00,5.00,13830145,486
324.05,1547802432,2934.04,51.51010711,7.46222024,145.41,13.88,0.79,125.20,1,-84.00,-8.00,9.00,15.00,44.00,5.00,13830145,486
325.05,1547802433,2947.92,51.51004081,7.46238242,146.48,13.33,-0.55,122.26,1,-84.00,-8.00,9.00,15.00,44.00,5.00,13830145,486
326.05,1547802434,2961.24,51.50998622,7.46254311,147.19,13.05,-0.27,120.88,1,-72.00,-7.00,10.00,15.00,55.00,5.00,13830145,486
327.05,1547802435,2974.29,51.50996609,7.46271077,147.96,12.58,-0.47,103.89,1,-72.00,-7.00,10.00,15.00,55.00,5.00,13830145,486
328.06,1547802436,2986.99,51.50993702,7.46290384,148.70,13.61,1.02,103.07,1,-73.00,-8.00,10.00,15.00,58.00,5.00,13830145,486
329.05,1547802437,3000.43,51.50990822,7.46310585,148.94,13.36,-0.25,102.49,1,-73.00,-8.00,10.00,15.00,58.00,5.00,13830145,486
330.05,1547802438,3013.83,51.50988887,7.46329316,148.82,12.26,-1.10,100.06,1,-73.00,-8.00,10.00,15.00,58.00,5.00,13830145,486
331.05,1547802439,3026.10,51.50987498,7.46345925,148.65,9.87,-2.39,98.30,1,-93.00,-10.00,1.00,10.00,36.00,5.00,13830145,486
332.05,1547802440,3035.93,51.50986543,7.46358430,148.60,7.58,-2.30,96.75,1,-93.00,-10.00,1.00,10.00,36.00,5.00,13830145,486
333.05,1547802441,3043.52,51.50985416,7.46370495,148.38,5.28,-2.30,96.10,1,-97.00,-14.00,0.00,6.00,36.00,5.00,13830145,486
334.05,1547802442,3048.82,51.50984528,7.46378932,148.01,5.02,-0.26,100.00,1,-97.00,-14.00,0.00,6.00,36.00,5.00,13830145,486
335.05,1547802443,3053.84,51.50983902,7.46385301,147.59,5.97,0.95,100.82,1,-99.00,-12.00,0.00,5.00,31.00,5.00,13830145,486
336.05,1547802444,3059.77,51.50983123,7.46395642,146.99,7.10,1.13,98.53,1,-99.00,-12.00,0.00,5.00,31.00,5.00,13830145,486
337.05,1547802445,3066.91,51.50982378,7.46404648,146.21,8.33,1.23,99.93,1,-99.00,-11.00,1.00,6.00,33.00,5.00,13830145,486
338.05,1547802446,3075.23,51.50980143,7.46421779,145.19,10.69,2.36,102.60,1,-99.00,-11.00,1.00,6.00,33.00,5.00,13830145,486
339.05,1547802447,3085.93,51.50978262,7.46437417,144.57,12.39,1.69,102.69,1,-100.00,-14.00,-1.00,6.00,34.00,5.00,13830145,486
340.05,1547802448,3098.31,51.50975357,7.46456726,144.41,14.31,1.92,104.24,1,-100.00,-14.00,-1.00,6.00,34.00,5.00,13830145,486
341.05,1547802449,3112.58,51.50987610,7.46288630,143.90,14.32,0.02,101.88,1,-98.00,-13.00,-1.00,7.00,34.00,5.00,13830145,486
342.05,1547802450,3126.92,51.50971775,7.46499064,143.87,14.03,-0.29,99.92,1,-98.00,-13.00,-1.00,7.00,34.00,5.00,13830145,486
343.05,1547802451,3140.92,51.50970964,7.46520943,143.83,14.48,0.44,98.89,1,-108.00,-14.00,-4.00,9.00,32.00,7.00,13830157,210
344.05,1547802452,3155.41,51.50970152,7.46542851,143.51,14.15,-0.32,99.82,1,-108.00,-14.00,-4.00,9.00,32.00,7.00,13830157,210
345.05,1547802453,3169.61,51.50969267,7.46563713,143.26,13.84,-0.32,98.31,1,-109.00,-14.00,2.00,5.00,24.00,7.00,13830157,210
346.05,1547802454,3183.43,51.50969115,7.46584002,143.51,14.01,0.18,97.71,1,-109.00,-14.00,2.00,5.00,24.00,7.00,13830157,210
347.05,1547802455,3197.44,51.50968608,7.46604694,143.98,13.92,-0.09,97.26,1,-106.00,-14.00,3.00,4.00,28.00,7.00,13830157,210
348.05,1547802456,3211.32,51.50968038,7.46626023,144.30,13.82,-0.10,98.01,1,-106.00,-14.00,3.00,4.00,28.00,7.00,13830157,210
349.06,1547802457,3225.26,51.50968229,7.46645458,144.65,13.86,0.04,95.99,1,-106.00,-8.00,6.00,4.00,24.00,7.00,13830157,210
350.05,1547802458,3239.05,51.50968365,7.46665503,144.97,13.76,-0.10,94.31,1,-106.00,-8.00,6.00,4.00,24.00,7.00,13830157,210
