0.09,1547802458,0.00,51.50975311,7.46741665,147.49,13.37,0.00,95.54,1,-80.00,-9.00,23.00,12.00,63.00,3.00,13403661,21
1.09,1547802459,13.35,51.50974274,7.46760677,147.16,13.21,-0.16,96.57,1,-80.00,-9.00,23.00,12.00,63.00,3.00,13403661,21
2.09,1547802460,26.56,51.50973918,7.46779415,147.18,13.25,0.04,97.11,1,-80.00,-9.00,23.00,12.00,63.00,3.00,13403661,21
3.09,1547802461,39.81,51.50973963,7.46796893,147.30,12.99,-0.26,96.41,1,-84.00,-9.00,24.00,15.00,58.00,3.00,13403661,21
4.09,1547802462,52.81,51.50974592,7.46813337,147.32,12.58,-0.42,95.03,1,-84.00,-9.00,24.00,15.00,58.00,3.00,13403661,21
5.09,1547802463,65.38,51.50975689,7.46831376,147.02,12.37,-0.21,91.95,1,-84.00,-8.00,21.00,15.00,57.00,3.00,13403661,21
6.09,1547802464,77.75,51.50977445,7.46849817,146.88,12.29,-0.08,88.35,1,-84.00,-8.00,21.00,15.00,57.00,3.00,13403661,21
7.09,1547802465,90.04,51.50980720,7.46868228,146.93,12.69,0.40,75.22,1,-89.00,-10.00,18.00,9.00,53.00,3.00,13403661,21
8.09,1547802466,102.73,51.50984271,7.46885366,147.03,12.97,0.28,74.22,1,-89.00,-10.00,18.00,9.00,53.00,3.00,13403661,21
9.09,1547802467,115.70,51.50988325,7.46902497,147.05,13.18,0.21,71.97,1,-93.00,-12.00,1.00,2.00,53.00,3.00,13403661,21
10.09,1547802468,128.88,51.50995376,7.46919792,147.37,13.80,0.62,58.31,1,-93.00,-12.00,1.00,2.00,53.00,3.00,13403661,21
11.09,1547802469,142.72,51.51002646,7.46937417,147.63,13.76,-0.04,58.82,1,-93.00,-11.00,4.00,12.00,52.00,6.00,13403661,21
12.09,1547802470,156.44,51.51010137,7.46953929,147.55,14.12,0.37,58.56,1,-93.00,-11.00,4.00,12.00,52.00,6.00,13403661,21
13.09,1547802471,170.54,51.51018206,7.46971039,147.43,14.43,0.30,57.90,1,-90.00,-8.00,-2.00,6.00,49.00,6.00,14345743,399
14.09,1547802472,184.95,51.51025725,7.46987317,147.47,14.45,0.02,57.73,1,-90.00,-8.00,-2.00,6.00,49.00,6.00,14345743,399
15.09,1547802473,199.44,51.51033279,7.47004388,147.34,14.40,-0.05,57.53,1,-98.00,-9.00,4.00,7.00,43.00,6.00,14345743,399
16.09,1547802474,213.85,51.51040747,7.47020709,147.21,14.34,-0.06,56.98,1,-98.00,-9.00,4.00,7.00,43.00,6.00,14345743,399
17.09,1547802475,228.20,51.51049002,7.47039063,147.19,14.01,-0.32,55.58,1,-99.00,-8.00,6.00,10.00,42.00,6.00,14345743,399
18.09,1547802476,242.22,51.51056437,7.47055294,147.18,13.01,-1.01,54.45,1,-99.00,-8.00,6.00,10.00,42.00,6.00,14345743,399
19.09,1547802477,255.21,51.51063216,7.47068921,147.18,10.86,-2.15,51.63,1,-99.00,-7.00,6.00,8.00,40.00,6.00,14345743,399
20.09,1547802478,266.08,51.51069235,7.47078782,147.16,8.77,-2.08,49.03,1,-99.00,-7.00,6.00,8.00,40.00,6.00,14345743,399
21.10,1547802479,274.91,51.51074234,7.47086112,146.87,7.32,-1.45,46.71,1,-101.00,-8.00,19.00,7.00,39.00,6.00,14345743,399
22.09,1547802480,282.17,51.51078880,7.47091690,146.63,6.31,-1.02,44.44,1,-101.00,-8.00,19.00,7.00,39.00,6.00,14345743,399
23.09,1547802481,288.50,51.51082110,7.47095584,146.57,4.82,-1.49,42.92,1,-101.00,-8.00,19.00,7.00,39.00,6.00,14345743,399
24.09,1547802482,293.29,51.51084454,7.47098504,146.56,3.40,-1.43,43.15,1,-100.00,-9.00,8.00,7.00,40.00,6.00,14345743,399
25.09,1547802483,296.70,51.51086044,7.47100479,146.52,1.74,-1.65,41.61,1,-100.00,-9.00,8.00,7.00,40.00,6.00,14345743,399
26.09,1547802484,298.44,51.51086044,7.47100479,146.52,0.00,-1.74,41.61,1,-100.00,-6.00,8.00,8.00,38.00,6.00,14345743,399
27.09,1547802485,298.44,51.51086044,7.47100479,146.50,0.00,0.00,41.61,1,-100.00,-6.00,8.00,8.00,38.00,6.00,14345743,399
28.09,1547802486,298.44,51.51086044,7.47100479,146.49,0.00,0.00,41.61,1,-101.00,-8.00,19.00,11.00,38.00,6.00,14345743,399
29.09,1547802487,298.44,51.51086044,7.47100479,146.46,0.00,0.00,41.61,1,-101.00,-8.00,19.00,11.00,38.00,6.00,14345743,399
30.09,1547802488,298.44,51.51086044,7.47100479,146.43,0.00,0.00,41.61,1,-100.00,-7.00,11.00,8.00,39.00,6.00,14345743,399
31.09,1547802489,298.44,51.51086044,7.47100479,146.39,0.00,0.00,41.61,1,-100.00,-7.00,11.00,8.00,39.00,6.00,14345743,399
32.09,1547802490,298.44,51.51086044,7.47100479,146.34,0.00,0.00,41.61,1,-101.00,-10.00,12.00,6.00,41.00,6.00,14345743,399
33.09,1547802491,298.44,51.51086044,7.47100479,146.29,0.00,0.00,41.61,1,-101.00,-10.00,12.00,6.00,41.00,6.00,14345743,399
34.09,1547802492,298.44,51.51086044,7.47100479,146.24,0.00,0.00,41.61,1,-101.00,-9.00,6.00,11.00,41.00,6.00,14345743,399
35.09,1547802493,298.44,51.51086044,7.47100479,146.19,0.00,0.00,41.61,1,-101.00,-9.00,6.00,11.00,41.00,6.00,14345743,399
36.09,1547802494,298.44,51.51086044,7.47100479,146.15,0.00,0.00,41.61,1,-101.00,-8.00,8.00,7.00,39.00,6.00,14345743,399
37.09,1547802495,298.44,51.51086044,7.47100479,146.10,0.00,0.00,41.61,1,-101.00,-8.00,8.00,7.00,39.00,6.00,14345743,399
38.09,1547802496,298.44,51.51086044,7.47100479,146.07,0.00,0.00,41.61,1,-100.00,-7.00,10.00,8.00,39.00,6.00,14345743,399
39.09,1547802497,298.44,51.51086044,7.47100479,146.03,0.00,0.00,41.61,1,-100.00,-7.00,10.00,8.00,39.00,6.00,14345743,399
40.09,1547802498,298.44,51.51086044,7.47100479,146.01,0.00,0.00,41.61,1,-100.00,-7.00,9.00,6.00,39.00,6.00,14345743,399
41.09,1547802499,298.44,51.51086044,7.47100479,145.99,0.00,0.00,41.61,1,-100.00,-7.00,9.00,6.00,39.00,6.00,14345743,399
42.10,1547802500,298.44,51.51086044,7.47100479,145.97,0.00,0.00,41.61,1,-101.00,-8.00,7.00,9.00,39.00,6.00,14345743,399
43.09,1547802501,298.44,51.51086044,7.47100479,145.96,0.00,0.00,41.61,1,-101.00,-8.00,7.00,9.00,39.00,6.00,14345743,399
44.09,1547802502,298.44,51.51086044,7.47100479,145.95,0.00,0.00,41.61,1,-101.00,-8.00,7.00,9.00,39.00,6.00,14345743,399
45.09,1547802503,298.44,51.51086044,7.47100479,145.90,0.00,0.00,42.29,1,-100.00,-8.00,9.00,8.00,41.00,6.00,14345743,399
46.09,1547802504,298.44,51.51086044,7.47100479,144.93,0.00,0.00,41.08,1,-100.00,-8.00,9.00,8.00,41.00,6.00,14345743,399
47.09,1547802505,298.44,51.51095406,7.47112698,143.85,7.48,0.00,39.86,1,-99.00,-9.00,13.00,10.00,42.00,6.00,14345743,399
48.09,1547802506,305.92,51.51101197,7.47120057,142.97,7.74,0.25,39.95,1,-99.00,-9.00,13.00,10.00,42.00,6.00,14345743,399
49.09,1547802507,313.65,51.51107272,7.47127714,142.64,8.71,0.98,40.55,1,-97.00,-7.00,18.00,10.00,43.00,6.00,14345743,399
50.09,1547802508,322.37,51.51114383,7.47137034,141.96,10.25,1.53,40.19,1,-97.00,-7.00,18.00,10.00,43.00,6.00,14345743,399
51.09,1547802509,332.60,51.51122103,7.47146817,141.17,10.67,0.43,39.55,1,-97.00,-6.00,14.00,11.00,41.00,6.00,14345743,399
52.09,1547802510,343.28,51.51129692,7.47156342,140.73,10.81,0.13,39.14,1,-97.00,-6.00,14.00,11.00,41.00,6.00,14345743,399
53.10,1547802511,354.15,51.51137965,7.47166535,140.38,11.34,0.53,39.85,1,-95.00,-7.00,16.00,15.00,44.00,6.00,14345743,399
54.09,1547802512,365.44,51.51145745,7.47176305,140.14,11.34,0.00,39.80,1,-95.00,-7.00,16.00,15.00,44.00,6.00,14345743,399
55.10,1547802513,376.84,51.51153706,7.47186519,139.82,11.46,0.11,39.82,1,-98.00,-7.00,17.00,11.00,41.00,6.00,14345743,399
56.09,1547802514,388.25,51.51161767,7.47197180,139.44,11.45,-0.00,39.83,1,-98.00,-7.00,17.00,11.00,41.00,6.00,14345743,399
57.09,1547802515,399.69,51.51170414,7.47208329,139.03,11.67,0.22,38.86,1,-94.00,-7.00,14.00,13.00,44.00,6.00,14345743,399
58.09,1547802516,411.34,51.51178995,7.47219180,138.69,11.41,-0.26,39.10,1,-94.00,-7.00,14.00,13.00,44.00,6.00,14345743,399
59.09,1547802517,422.76,51.51186873,7.47229103,138.57,11.49,0.08,38.31,1,-94.00,-6.00,17.00,15.00,45.00,6.00,14345743,399
60.09,1547802518,434.23,51.51194863,7.47239036,138.25,11.69,0.19,38.56,1,-94.00,-6.00,17.00,15.00,45.00,6.00,14345743,399
61.09,1547802519,445.93,51.51203206,7.47249093,137.99,11.80,0.12,37.61,1,-93.00,-7.00,22.00,12.00,46.00,6.00,14345743,399
62.09,1547802520,457.71,51.51212195,7.47259232,137.95,11.76,-0.04,35.92,1,-93.00,-7.00,22.00,12.00,46.00,6.00,14345743,399
63.10,1547802521,469.59,51.51221161,7.47267989,137.75,11.34,-0.42,32.71,1,-87.00,-5.00,22.00,15.00,49.00,6.00,14345743,399
64.09,1547802522,480.84,51.51230594,7.47272768,137.49,10.76,-0.59,18.51,1,-87.00,-5.00,22.00,15.00,49.00,6.00,14345743,399
65.09,1547802523,491.59,51.51241497,7.47277664,137.21,11.10,0.35,15.10,1,-87.00,-5.00,22.00,15.00,49.00,6.00,14345743,399
66.09,1547802524,502.71,51.51252190,7.47280743,137.11,11.64,0.53,12.03,1,-84.00,-7.00,22.00,15.00,55.00,6.00,14345743,399
67.09,1547802525,514.34,51.51262444,7.47282626,136.98,11.59,-0.05,9.03,1,-84.00,-7.00,22.00,15.00,55.00,6.00,14345743,399
68.09,1547802526,525.92,51.51272400,7.47283436,136.83,11.64,0.06,7.08,1,-83.00,-11.00,26.00,15.00,60.00,6.00,14345743,399
69.09,1547802527,537.56,51.51281599,7.47283980,137.00,11.74,0.10,5.80,1,-83.00,-11.00,26.00,15.00,60.00,6.00,14345743,399
70.09,1547802528,549.32,51.51291736,7.47284857,137.25,11.89,0.15,5.20,1,-92.00,-8.00,14.00,9.00,48.00,6.00,14345743,399
71.09,1547802529,561.19,51.51301979,7.47285565,137.19,11.66,-0.23,4.57,1,-92.00,-8.00,14.00,9.00,48.00,6.00,14345743,399
72.09,1547802530,572.83,51.51312048,7.47285952,136.86,11.01,-0.65,5.01,1,-97.00,-11.00,18.00,10.00,47.00,6.00,14345743,399
73.09,1547802531,583.84,51.51322159,7.47286658,136.76,11.65,0.64,4.55,1,-97.00,-11.00,18.00,10.00,47.00,6.00,14345743,399
74.09,1547802532,595.56,51.51333177,7.47287450,136.48,11.84,0.19,3.67,1,-101.00,-13.00,8.00,6.00,44.00,6.00,14345743,399
75.09,1547802533,607.37,51.51344818,7.47288078,136.05,12.28,0.44,3.27,1,-101.00,-13.00,8.00,6.00,44.00,6.00,14345743,399
76.09,1547802534,619.65,51.51356557,7.47289111,135.54,12.77,0.49,3.14,1,-104.00,-15.00,-2.00,6.00,44.00,6.00,14345743,399
77.09,1547802535,632.42,51.51368761,7.47289797,134.94,12.76,-0.01,3.44,1,-104.00,-15.00,-2.00,6.00,44.00,6.00,14345743,399
78.09,1547802536,645.18,51.51381098,7.47290462,133.87,12.67,-0.09,3.09,1,-95.00,-11.00,-4.00,6.00,48.00,6.00,14345741,400
79.09,1547802537,657.83,51.51392244,7.47290921,133.10,12.26,-0.41,3.01,1,-95.00,-11.00,-4.00,6.00,48.00,6.00,14345741,400
80.09,1547802538,670.13,51.51403376,7.47291308,132.44,12.21,-0.04,2.44,1,-98.00,-11.00,16.00,11.00,45.00,6.00,14345741,400
81.09,1547802539,682.34,51.51414463,7.47291810,131.91,12.09,-0.13,3.08,1,-98.00,-11.00,16.00,11.00,45.00,6.00,14345741,400
82.09,1547802540,694.36,51.51425652,7.47292493,131.34,11.85,-0.24,3.14,1,-95.00,-11.00,10.00,11.00,47.00,6.00,14345741,400
83.09,1547802541,706.27,51.51436299,7.47293129,130.73,11.70,-0.15,3.56,1,-95.00,-11.00,10.00,11.00,47.00,6.00,14345741,400
84.10,1547802542,718.04,51.51445829,7.47293656,130.26,10.45,-1.25,3.78,1,-101.00,-9.00,14.00,10.00,41.00,6.00,14345741,400
85.09,1547802543,728.42,51.51454682,7.47294144,129.88,9.36,-1.09,4.24,1,-101.00,-9.00,14.00,10.00,41.00,6.00,14345741,400
86.09,1547802544,737.77,51.51462023,7.47294596,129.64,8.15,-1.21,3.53,1,-101.00,-9.00,14.00,10.00,41.00,6.00,14345741,400
87.09,1547802545,745.93,51.51468286,7.47294887,129.32,6.65,-1.51,4.18,1,-100.00,-11.00,15.00,9.00,43.00,6.00,14345741,400
88.09,1547802546,752.57,51.51473407,7.47295146,129.17,5.09,-1.55,4.27,1,-100.00,-11.00,15.00,9.00,43.00,6.00,14345741,400
89.09,1547802547,757.67,51.51477389,7.47295439,129.19,3.97,-1.12,4.09,1,-100.00,-11.00,18.00,10.00,42.00,6.00,14345741,400
90.10,1547802548,761.66,51.51480509,7.47295752,129.22,2.75,-1.22,3.50,1,-100.00,-11.00,18.00,10.00,42.00,6.00,14345741,400
91.09,1547802549,764.40,51.51481568,7.47296226,129.28,1.51,-1.24,4.44,1,-99.00,-9.00,16.00,11.00,41.00,6.00,14345741,400
92.09,1547802550,765.89,51.51481568,7.47296226,129.29,0.00,-1.51,4.44,1,-99.00,-9.00,16.00,11.00,41.00,6.00,14345741,400
93.10,1547802551,765.89,51.51481568,7.47296226,129.30,0.00,0.00,4.44,1,-101.00,-9.00,13.00,10.00,41.00,6.00,14345741,400
94.09,1547802552,765.89,51.51481568,7.47296226,129.31,0.00,0.00,4.44,1,-101.00,-9.00,13.00,10.00,41.00,6.00,14345741,400
95.09,1547802553,765.89,51.51481568,7.47296226,129.32,0.00,0.00,4.44,1,-100.00,-9.00,7.00,11.00,42.00,6.00,14345741,400
96.09,1547802554,765.89,51.51481568,7.47296226,129.34,0.00,0.00,4.44,1,-100.00,-9.00,7.00,11.00,42.00,6.00,14345741,400
97.09,1547802555,765.89,51.51481568,7.47296226,129.36,0.00,0.00,4.44,1,-100.00,-11.00,16.00,10.00,43.00,6.00,14345741,400
98.09,1547802556,765.89,51.51481568,7.47296226,129.38,0.00,0.00,4.44,1,-100.00,-11.00,16.00,10.00,43.00,6.00,14345741,400
99.09,1547802557,765.89,51.51481568,7.47296226,129.40,0.00,0.00,4.44,1,-100.00,-9.00,20.00,10.00,42.00,6.00,14345741,400
100.10,1547802558,765.89,51.51481568,7.47296226,129.42,0.00,0.00,4.44,1,-100.00,-9.00,20.00,10.00,42.00,6.00,14345741,400
101.10,1547802559,765.89,51.51481568,7.47296226,129.44,0.00,0.00,4.44,1,-99.00,-9.00,20.00,11.00,42.00,6.00,14345741,400
102.09,1547802560,765.89,51.51481568,7.47296226,129.46,0.00,0.00,4.44,1,-99.00,-9.00,20.00,11.00,42.00,6.00,14345741,400
103.09,1547802561,765.89,51.51481568,7.47296226,129.48,0.00,0.00,4.44,1,-100.00,-9.00,18.00,10.00,40.00,6.00,14345741,400
104.09,1547802562,765.89,51.51481568,7.47296226,129.50,0.00,0.00,4.44,1,-100.00,-9.00,18.00,10.00,40.00,6.00,14345741,400
105.10,1547802563,765.89,51.51481568,7.47296226,129.51,0.00,0.00,4.44,1,-100.00,-11.00,18.00,12.00,43.00,6.00,14345741,400
106.09,1547802564,765.89,51.51481568,7.47296226,129.52,0.00,0.00,4.44,1,-100.00,-11.00,18.00,12.00,43.00,6.00,14345741,400
107.09,1547802565,765.89,51.51481568,7.47296226,129.54,0.00,0.00,4.44,1,-100.00,-11.00,18.00,12.00,43.00,6.00,14345741,400
108.09,1547802566,765.89,51.51481568,7.47296226,129.55,0.00,0.00,4.44,1,-99.00,-11.00,18.00,11.00,44.00,6.00,14345741,400
109.09,1547802567,765.89,51.51481568,7.47296226,129.56,0.00,0.00,4.44,1,-99.00,-11.00,18.00,11.00,44.00,6.00,14345741,400
110.09,1547802568,765.89,51.51481568,7.47296226,129.58,0.00,0.00,4.44,1,-99.00,-12.00,19.00,10.00,45.00,6.00,14345741,400
111.09,1547802569,765.89,51.51481568,7.47296226,129.59,0.00,0.00,4.44,1,-99.00,-12.00,19.00,10.00,45.00,6.00,14345741,400
112.09,1547802570,765.89,51.51481568,7.47296226,129.61,0.00,0.00,4.44,1,-99.00,-10.00,25.00,15.00,43.00,6.00,14345741,400
113.09,1547802571,765.89,51.51481568,7.47296226,129.63,0.00,0.00,4.44,1,-99.00,-10.00,25.00,15.00,43.00,6.00,14345741,400
114.09,1547802572,765.89,51.51481568,7.47296226,129.65,0.00,0.00,4.44,1,-100.00,-10.00,15.00,10.00,42.00,6.00,14345741,400
115.09,1547802573,765.89,51.51481568,7.47296226,129.67,0.00,0.00,4.44,1,-100.00,-10.00,15.00,10.00,42.00,6.00,14345741,400
116.09,1547802574,765.89,51.51481568,7.47296226,129.69,0.00,0.00,4.44,1,-100.00,-11.00,12.00,9.00,43.00,6.00,14345741,400
117.09,1547802575,765.89,51.51481568,7.47296226,129.72,0.00,0.00,4.44,1,-100.00,-11.00,12.00,9.00,43.00,6.00,14345741,400
118.09,1547802576,765.89,51.51481568,7.47296226,129.74,0.00,0.00,4.44,1,-100.00,-11.00,12.00,10.00,43.00,6.00,14345741,400
119.09,1547802577,765.89,51.51481568,7.47296226,129.77,0.00,0.00,4.44,1,-100.00,-11.00,12.00,10.00,43.00,6.00,14345741,400
120.09,1547802578,765.89,51.51481568,7.47296226,129.80,0.00,0.00,4.44,1,-99.00,-12.00,12.00,10.00,44.00,6.00,14345741,400
121.09,1547802579,765.89,51.51481568,7.47296226,129.83,0.00,0.00,4.44,1,-99.00,-12.00,12.00,10.00,44.00,6.00,14345741,400
122.09,1547802580,765.89,51.51481568,7.47296226,129.86,0.00,0.00,4.44,1,-100.00,-9.00,13.00,10.00,41.00,6.00,14345741,400
123.09,1547802581,765.89,51.51481568,7.47296226,129.89,0.00,0.00,4.44,1,-100.00,-9.00,13.00,10.00,41.00,6.00,14345741,400
124.09,1547802582,765.89,51.51481568,7.47296226,129.93,0.00,0.00,4.44,1,-100.00,-11.00,13.00,10.00,43.00,6.00,14345741,400
125.09,1547802583,765.89,51.51481568,7.47296226,129.96,0.00,0.00,4.44,1,-100.00,-11.00,13.00,10.00,43.00,6.00,14345741,400
126.09,1547802584,765.89,51.51481568,7.47296226,129.99,0.00,0.00,4.44,1,-99.00,-9.00,18.00,11.00,41.00,6.00,14345741,400
127.09,1547802585,765.89,51.51481568,7.47296226,130.29,0.00,0.00,6.90,1,-99.00,-9.00,18.00,11.00,41.00,6.00,14345741,400
128.10,1547802586,765.89,51.51481568,7.47296226,130.56,0.00,0.00,5.63,1,-99.00,-7.00,19.00,10.00,40.00,6.00,14345741,400
129.09,1547802587,765.89,51.51492667,7.47298742,132.64,7.28,0.00,4.72,1,-99.00,-7.00,19.00,10.00,40.00,6.00,14345741,400
130.09,1547802588,773.18,51.51501138,7.47299604,133.63,10.09,2.81,3.55,1,-99.00,-7.00,19.00,10.00,40.00,6.00,14345741,400
131.09,1547802589,783.30,51.51510676,7.47300278,133.77,10.36,0.28,2.37,1,-100.00,-8.00,14.00,9.00,39.00,6.00,14345741,400
132.09,1547802590,793.66,51.51519938,7.47300671,133.80,10.90,0.53,0.51,1,-100.00,-8.00,14.00,9.00,39.00,6.00,14345741,400
133.09,1547802591,804.49,51.51530475,7.47300193,133.82,10.38,-0.52,357.73,1,-100.00,-8.00,13.00,9.00,40.00,6.00,14345741,400
134.09,1547802592,814.86,51.51540951,7.47298447,133.62,12.05,1.67,354.30,1,-100.00,-8.00,13.00,9.00,40.00,6.00,14345741,400
135.09,1547802593,826.92,51.51552359,7.47294994,133.29,13.61,1.56,350.76,1,-101.00,-12.00,13.00,9.00,43.00,6.00,14345741,400
136.09,1547802594,840.58,51.51565178,7.47289373,132.56,14.67,1.06,348.05,1,-101.00,-12.00,13.00,9.00,43.00,6.00,14345741,400
137.09,1547802595,855.25,51.51577269,7.47283425,132.89,14.56,-0.11,344.59,1,-101.00,-7.00,16.00,9.00,38.00,6.00,14345741,400
138.09,1547802596,869.79,51.51589801,7.47276345,133.26,14.62,0.06,341.60,1,-101.00,-7.00,16.00,9.00,38.00,6.00,14345741,400
139.09,1547802597,884.41,51.51601086,7.47263078,133.67,14.89,0.28,326.58,1,-103.00,-8.00,13.00,7.00,37.00,6.00,14345741,400
140.09,1547802598,899.31,51.51612055,7.47248597,133.72,15.16,0.27,324.86,1,-103.00,-8.00,13.00,7.00,37.00,6.00,14345741,400
141.09,1547802599,914.43,51.51622385,7.47233029,133.57,14.94,-0.22,321.49,1,-104.00,-8.00,13.00,8.00,35.00,6.00,14345741,400
142.09,1547802600,929.42,51.51631856,7.47216411,132.82,14.14,-0.80,317.59,1,-104.00,-8.00,13.00,8.00,35.00,6.00,14345741,400
143.09,1547802601,943.54,51.51639885,7.47200291,132.33,13.45,-0.69,313.83,1,-102.00,-10.00,17.00,11.00,40.00,6.00,14345741,400
144.09,1547802602,957.01,51.51647289,7.47184207,131.94,12.43,-1.02,309.85,1,-102.00,-10.00,17.00,11.00,40.00,6.00,14345741,400
145.09,1547802603,969.43,51.51651757,7.47167683,131.62,11.30,-1.13,295.68,1,-104.00,-7.00,13.00,8.00,36.00,6.00,14345741,400
146.09,1547802604,980.72,51.51655521,7.47152451,131.26,10.85,-0.45,294.42,1,-104.00,-7.00,13.00,8.00,36.00,6.00,14345741,400
147.09,1547802605,991.57,51.51658845,7.47139067,130.74,9.83,-1.02,294.37,1,-103.00,-8.00,13.00,11.00,37.00,6.00,14345741,400
148.09,1547802606,1001.40,51.51661939,7.47126564,130.06,9.24,-0.59,295.08,1,-103.00,-8.00,13.00,11.00,37.00,6.00,14345741,400
149.10,1547802607,1010.71,51.51665190,7.47113678,129.41,9.22,-0.02,294.82,1,-104.00,-9.00,10.00,12.00,38.00,6.00,14345741,400
150.09,1547802608,1019.89,51.51668401,7.47101562,128.94,9.13,-0.09,295.42,1,-104.00,-9.00,10.00,12.00,38.00,6.00,14345741,400
151.09,1547802609,1028.98,51.51671235,7.47090986,128.27,8.88,-0.26,295.78,1,-104.00,-9.00,10.00,12.00,38.00,6.00,14345741,400
152.09,1547802610,1037.85,51.51674036,7.47079673,127.64,9.09,0.22,295.21,1,-106.00,-8.00,21.00,11.00,34.00,6.00,14345741,400
153.09,1547802611,1046.95,51.51677197,7.47067441,127.29,9.43,0.34,295.92,1,-106.00,-8.00,21.00,11.00,34.00,6.00,14345741,400
154.09,1547802612,1056.40,51.51680749,7.47054070,126.96,10.52,1.09,295.39,1,-107.00,-9.00,11.00,8.00,35.00,6.00,14345741,400
155.09,1547802613,1066.93,51.51684654,7.47040210,126.78,10.61,0.09,295.04,1,-107.00,-9.00,11.00,8.00,35.00,6.00,14345741,400
156.09,1547802614,1077.55,51.51688335,7.47026140,126.70,10.42,-0.19,294.23,1,-109.00,-11.00,-1.00,4.00,35.00,6.00,14345741,400
157.09,1547802615,1087.97,51.51691706,7.47012182,126.55,10.26,-0.16,293.21,1,-109.00,-11.00,-1.00,4.00,35.00,6.00,14345741,400
158.09,1547802616,1098.23,51.51695398,7.46997825,126.53,9.66,-0.60,292.79,1,-109.00,-12.00,5.00,5.00,35.00,6.00,14345741,400
159.09,1547802617,1107.89,51.51698610,7.46983223,126.76,8.88,-0.78,290.22,1,-109.00,-12.00,5.00,5.00,35.00,6.00,14345741,400
160.09,1547802618,1116.79,51.51701364,7.46968753,127.09,10.84,1.95,289.21,1,-111.00,-13.00,5.00,5.00,34.00,6.00,14345741,400
161.09,1547802619,1127.63,51.51704178,7.46954030,127.38,10.85,0.01,288.97,1,-111.00,-13.00,5.00,5.00,34.00,6.00,14345741,400
162.09,1547802620,1138.46,51.51707456,7.46938037,127.43,12.01,1.17,288.62,1,-113.00,-11.00,1.00,5.00,31.00,6.00,14345741,400
163.09,1547802621,1150.47,51.51710829,7.46920947,127.58,12.73,0.72,287.70,1,-113.00,-11.00,1.00,5.00,31.00,6.00,14345741,400
164.11,1547802622,1163.39,51.51713961,7.46903297,127.88,12.52,-0.21,286.65,1,-114.00,-12.00,-1.00,4.00,30.00,13.00,12903169,400
165.09,1547802623,1175.72,51.51716964,7.46885764,128.08,12.84,0.32,286.29,1,-114.00,-12.00,-1.00,4.00,30.00,13.00,12903169,400
166.09,1547802624,1188.57,51.51720047,7.46867581,128.17,13.45,0.62,287.35,1,-92.00,-13.00,3.00,6.00,46.00,13.00,12903169,15
167.09,1547802625,1202.01,51.51723696,7.46849771,128.34,13.31,-0.15,288.78,1,-92.00,-13.00,3.00,6.00,46.00,13.00,12903169,15
168.09,1547802626,1215.29,51.51727608,7.46830887,128.58,13.38,0.07,289.94,1,-93.00,-14.00,0.00,5.00,47.00,13.00,12903169,15
169.09,1547802627,1228.68,51.51731599,7.46814257,128.54,13.05,-0.33,291.54,1,-93.00,-14.00,0.00,5.00,47.00,13.00,12903169,15
170.10,1547802628,1241.83,51.51736063,7.46798313,128.17,12.51,-0.54,293.15,1,-93.00,-14.00,-4.00,4.00,47.00,13.00,12903169,15
171.09,1547802629,1254.26,51.51740983,7.46781523,127.75,13.22,0.72,294.52,1,-93.00,-14.00,-4.00,4.00,47.00,13.00,12903169,15
172.09,1547802630,1267.47,51.51746356,7.46764431,127.43,12.97,-0.26,295.66,1,-93.00,-14.00,-4.00,4.00,47.00,13.00,12903169,15
173.09,1547802631,1280.44,51.51751674,7.46747838,127.19,13.03,0.06,296.54,1,-95.00,-17.00,-4.00,4.00,48.00,13.00,12903169,15
174.09,1547802632,1293.47,51.51756983,7.46730833,127.26,12.88,-0.15,295.90,1,-95.00,-17.00,-4.00,4.00,48.00,13.00,12903169,15
175.09,1547802633,1306.35,51.51762227,7.46713159,127.55,13.38,0.49,294.79,1,-96.00,-18.00,-8.00,3.00,48.00,13.00,12903169,15
176.09,1547802634,1319.72,51.51767015,7.46694951,127.71,13.79,0.41,293.05,1,-96.00,-18.00,-8.00,3.00,48.00,13.00,12903169,15
177.09,1547802635,1333.45,51.51771154,7.46677225,127.75,13.47,-0.32,291.07,1,-95.00,-18.00,-8.00,1.00,49.00,13.00,12903169,15
178.09,1547802636,1347.00,51.51775083,7.46659005,127.78,13.20,-0.27,289.18,1,-95.00,-18.00,-8.00,1.00,49.00,13.00,12903169,15
179.09,1547802637,1360.20,51.51778567,7.46640534,127.99,12.71,-0.49,287.83,1,-94.00,-20.00,-11.00,1.00,52.00,13.00,12903169,15
180.09,1547802638,1372.91,51.51781678,7.46621716,128.32,13.03,0.32,286.47,1,-94.00,-20.00,-11.00,1.00,52.00,13.00,12903169,15
181.09,1547802639,1385.95,51.51784068,7.46604377,128.69,11.85,-1.17,284.57,1,-93.00,-19.00,-8.00,3.00,52.00,13.00,13881091,461
182.09,1547802640,1397.81,51.51785709,7.46589084,129.05,9.86,-1.99,282.37,1,-93.00,-19.00,-8.00,3.00,52.00,13.00,13881091,461
183.09,1547802641,1407.67,51.51786782,7.46575653,129.33,8.54,-1.32,280.10,1,-87.00,-15.00,-11.00,6.00,53.00,22.00,14122754,176
184.09,1547802642,1416.20,51.51787338,7.46563262,129.79,8.11,-0.43,278.15,1,-87.00,-15.00,-11.00,6.00,53.00,22.00,14122754,176
185.09,1547802643,1424.31,51.51787704,7.46551517,130.11,8.48,0.37,276.23,1,-94.00,-18.00,-7.00,2.00,50.00,22.00,14122754,176
186.09,1547802644,1432.81,51.51787869,7.46539409,130.27,8.99,0.51,274.65,1,-94.00,-18.00,-7.00,2.00,50.00,22.00,14122754,176
187.09,1547802645,1441.78,51.51787815,7.46526636,130.39,8.95,-0.05,273.19,1,-89.00,-14.00,-9.00,6.00,51.00,11.00,13420546,139
188.09,1547802646,1450.73,51.51787485,7.46512728,130.45,8.97,0.02,271.33,1,-89.00,-14.00,-9.00,6.00,51.00,11.00,13420546,139
189.09,1547802647,1459.69,51.51786901,7.46499097,130.51,8.80,-0.17,269.76,1,-89.00,-14.00,-3.00,6.00,51.00,11.00,13420546,139
190.09,1547802648,1468.48,51.51786161,7.46486278,130.42,8.68,-0.12,267.97,1,-89.00,-14.00,-3.00,6.00,51.00,11.00,13420546,139
191.10,1547802649,1477.23,51.51785288,7.46474819,130.35,7.59,-1.08,265.96,1,-89.00,-14.00,-2.00,5.00,51.00,11.00,13420546,139
192.09,1547802650,1484.76,51.51784406,7.46464518,130.50,7.03,-0.56,264.48,1,-89.00,-14.00,-2.00,5.00,51.00,11.00,13420546,139
193.09,1547802651,1491.80,51.51783506,7.46454903,130.58,6.57,-0.47,263.47,1,-89.00,-14.00,-2.00,5.00,51.00,11.00,13420546,139
194.09,1547802652,1498.36,51.51782636,7.46445917,130.52,6.14,-0.42,262.59,1,-89.00,-14.00,-1.00,5.00,51.00,11.00,13420546,139
195.09,1547802653,1504.51,51.51781725,7.46435580,130.24,6.33,0.18,263.34,1,-89.00,-14.00,-1.00,5.00,51.00,11.00,13420546,139
196.09,1547802654,1510.82,51.51780399,7.46423321,129.59,7.94,1.62,260.93,1,-87.00,-13.00,0.00,5.00,50.00,11.00,13420546,139
197.09,1547802655,1518.77,51.51778690,7.46410435,129.01,8.57,0.63,258.95,1,-87.00,-13.00,0.00,5.00,50.00,11.00,13420546,139
198.09,1547802656,1527.34,51.51776272,7.46396523,128.24,10.08,1.51,256.66,1,-87.00,-13.00,2.00,7.00,51.00,11.00,13420546,139
199.09,1547802657,1537.42,51.51773457,7.46380771,128.03,10.96,0.88,255.03,1,-87.00,-13.00,2.00,7.00,51.00,11.00,13420546,139
200.09,1547802658,1548.38,51.51770019,7.46363789,128.12,11.92,0.96,253.51,1,-87.00,-13.00,3.00,5.00,52.00,11.00,13420546,139
201.09,1547802659,1560.30,51.51766054,7.46347590,128.66,13.02,1.10,251.83,1,-87.00,-13.00,3.00,5.00,52.00,11.00,13420546,139
202.09,1547802660,1573.36,51.51761081,7.46329490,129.45,13.94,0.92,249.60,1,-95.00,-17.00,-2.00,4.00,48.00,11.00,13420546,139
203.09,1547802661,1587.27,51.51755939,7.46309949,130.09,14.24,0.30,247.60,1,-95.00,-17.00,-2.00,4.00,48.00,11.00,13420546,139
204.09,1547802662,1601.53,51.51750813,7.46292171,130.34,12.94,-1.30,246.84,1,-96.00,-18.00,-7.00,4.00,47.00,11.00,13420546,139
205.09,1547802663,1614.47,51.51746030,7.46276766,130.88,11.40,-1.54,247.51,1,-96.00,-18.00,-7.00,4.00,47.00,11.00,13420546,139
206.09,1547802664,1625.83,51.51741691,7.46263597,131.13,10.36,-1.05,247.90,1,-88.00,-14.00,-9.00,6.00,52.00,6.00,12899842,19
207.09,1547802665,1636.24,51.51737606,7.46248825,131.13,10.28,-0.07,248.44,1,-88.00,-14.00,-9.00,6.00,52.00,6.00,12899842,19
208.11,1547802666,1646.66,51.51734303,7.46235259,130.86,10.28,-0.01,249.29,1,-103.00,-14.00,-1.00,8.00,43.00,6.00,12899854,16
209.09,1547802667,1656.78,51.51730996,7.46220888,130.19,11.37,1.11,249.66,1,-103.00,-14.00,-1.00,8.00,43.00,6.00,12899854,16
210.09,1547802668,1668.16,51.51727546,7.46204798,129.37,11.64,0.28,250.56,1,-99.00,-13.00,2.00,6.00,45.00,10.00,13404431,488
211.09,1547802669,1679.79,51.51723734,7.46187567,128.78,12.03,0.39,249.72,1,-99.00,-13.00,2.00,6.00,45.00,10.00,13404431,488
212.09,1547802670,1691.82,51.51719903,7.46172355,128.41,12.61,0.58,250.44,1,-103.00,-16.00,1.00,4.00,44.00,10.00,13404431,488
213.09,1547802671,1704.42,51.51715566,7.46155823,128.06,12.90,0.29,250.95,1,-103.00,-16.00,1.00,4.00,44.00,10.00,13404431,488
214.10,1547802672,1717.46,51.51711188,7.46138842,127.80,12.96,0.06,251.43,1,-100.00,-15.00,-1.00,8.00,47.00,10.00,13404431,488
215.09,1547802673,1730.25,51.51707282,7.46122371,127.98,12.48,-0.49,251.91,1,-100.00,-15.00,-1.00,8.00,47.00,10.00,13404431,488
216.09,1547802674,1742.78,51.51703803,7.46106357,128.28,12.07,-0.41,252.53,1,-100.00,-15.00,-1.00,8.00,47.00,10.00,13404431,488
217.09,1547802675,1754.81,51.51700190,7.46089649,128.64,11.77,-0.30,252.76,1,-101.00,-15.00,-2.00,7.00,46.00,10.00,13404431,488
218.09,1547802676,1766.58,51.51696868,7.46072968,129.37,11.17,-0.60,253.71,1,-101.00,-15.00,-2.00,7.00,46.00,10.00,13404431,488
219.09,1547802677,1777.76,51.51693909,7.46057532,129.81,10.54,-0.63,253.23,1,-92.00,-12.00,2.00,8.00,52.00,4.00,12899854,16
220.09,1547802678,1788.32,51.51691001,7.46042230,130.09,10.84,0.30,252.78,1,-92.00,-12.00,2.00,8.00,52.00,4.00,12899854,16
221.09,1547802679,1799.12,51.51688063,7.46027247,130.39,11.04,0.20,253.24,1,-90.00,-12.00,7.00,9.00,54.00,4.00,12899854,16
222.09,1547802680,1810.15,51.51685287,7.46012082,130.87,10.96,-0.08,253.40,1,-90.00,-12.00,7.00,9.00,54.00,4.00,12899854,16
223.09,1547802681,1821.14,51.51682532,7.45997125,131.37,9.88,-1.08,254.61,1,-91.00,-9.00,9.00,14.00,50.00,4.00,12899854,16
224.09,1547802682,1831.05,51.51680286,7.45983108,131.62,10.34,0.45,255.33,1,-91.00,-9.00,9.00,14.00,50.00,4.00,12899854,16
225.09,1547802683,1841.37,51.51677906,7.45967901,131.76,10.99,0.65,255.93,1,-95.00,-11.00,11.00,9.00,47.00,4.00,12899854,16
226.09,1547802684,1852.37,51.51676097,7.45953679,132.35,11.35,0.36,256.78,1,-95.00,-11.00,11.00,9.00,47.00,4.00,12899854,16
227.09,1547802685,1863.70,51.51673893,7.45937079,133.07,11.18,-0.16,257.40,1,-95.00,-9.00,11.00,9.00,47.00,4.00,12899854,16
228.09,1547802686,1874.87,51.51671889,7.45921134,134.12,10.24,-0.95,256.53,1,-95.00,-9.00,11.00,9.00,47.00,4.00,12899854,16
229.09,1547802687,1885.12,51.51669862,7.45904960,135.01,10.38,0.15,257.49,1,-93.00,-10.00,12.00,10.00,49.00,4.00,12899854,16
230.09,1547802688,1895.51,51.51668242,7.45889721,135.84,10.05,-0.34,258.29,1,-93.00,-10.00,12.00,10.00,49.00,4.00,12899854,16
231.09,1547802689,1905.55,51.51666945,7.45875998,136.53,9.67,-0.37,259.21,1,-91.00,-9.00,11.00,9.00,50.00,4.00,12899854,16
232.09,1547802690,1915.21,51.51665533,7.45862807,137.37,9.19,-0.49,259.20,1,-91.00,-9.00,11.00,9.00,50.00,4.00,12899854,16
233.09,1547802691,1924.39,51.51663985,7.45849645,138.18,8.71,-0.48,259.19,1,-87.00,-9.00,11.00,10.00,54.00,4.00,12899854,16
234.09,1547802692,1933.12,51.51662702,7.45837259,138.51,8.02,-0.69,258.68,1,-87.00,-9.00,11.00,10.00,54.00,4.00,12899854,16
235.09,1547802693,1941.14,51.51661567,7.45826994,138.73,7.32,-0.70,257.99,1,-86.00,-8.00,13.00,10.00,54.00,4.00,12899854,16
236.09,1547802694,1948.45,51.51660381,7.45816522,138.57,7.24,-0.08,257.59,1,-86.00,-8.00,13.00,10.00,54.00,4.00,12899854,16
237.10,1547802695,1955.75,51.51658871,7.45806620,137.74,6.62,-0.62,256.91,1,-84.00,-7.00,14.00,11.00,56.00,4.00,12899854,16
238.09,1547802696,1962.31,51.51657670,7.45798058,137.70,6.22,-0.40,257.82,1,-84.00,-7.00,14.00,11.00,56.00,4.00,12899854,16
239.09,1547802697,1968.54,51.51656483,7.45789228,137.95,5.64,-0.59,257.50,1,-84.00,-7.00,14.00,11.00,56.00,4.00,12899854,16
240.09,1547802698,1974.18,51.51655467,7.45781461,138.15,4.33,-1.30,258.01,1,-85.00,-7.00,16.00,12.00,54.00,4.00,12899854,16
241.09,1547802699,1978.51,51.51654774,7.45775898,138.15,2.25,-2.08,259.16,1,-85.00,-7.00,16.00,12.00,54.00,4.00,12899854,16
242.09,1547802700,1980.76,51.51654788,7.45775034,138.16,0.54,-1.72,259.16,1,-85.00,-9.00,17.00,11.00,57.00,4.00,12899854,16
243.09,1547802701,1981.30,51.51654482,7.45774157,138.19,0.48,-0.06,259.16,1,-85.00,-9.00,17.00,11.00,57.00,4.00,12899854,16
244.09,1547802702,1981.78,51.51654482,7.45774157,138.21,0.00,-0.48,259.16,1,-85.00,-7.00,17.00,12.00,54.00,4.00,12899854,16
245.09,1547802703,1981.78,51.51654482,7.45774157,138.22,0.00,0.00,259.16,1,-85.00,-7.00,17.00,12.00,54.00,4.00,12899854,16
246.09,1547802704,1981.78,51.51654482,7.45774157,138.35,0.00,0.00,259.16,1,-83.00,-11.00,14.00,9.00,59.00,4.00,12899854,16
247.09,1547802705,1981.78,51.51654482,7.45774157,138.50,0.00,0.00,259.16,1,-83.00,-11.00,14.00,9.00,59.00,4.00,12899854,16
248.09,1547802706,1981.78,51.51654482,7.45774157,138.66,0.00,0.00,261.94,1,-84.00,-8.00,14.00,11.00,56.00,4.00,12899854,16
249.09,1547802707,1981.78,51.51654482,7.45774157,138.88,0.00,0.00,261.24,1,-84.00,-8.00,14.00,11.00,56.00,4.00,12899854,16
250.09,1547802708,1981.78,51.51653768,7.45756906,139.00,2.38,0.00,262.30,1,-82.00,-9.00,13.00,10.00,59.00,4.00,12899854,16
251.09,1547802709,1984.17,51.51652959,7.45752374,139.94,4.28,1.89,261.07,1,-82.00,-9.00,13.00,10.00,59.00,4.00,12899854,16
252.09,1547802710,1988.43,51.51652526,7.45747688,141.18,4.20,-0.08,260.38,1,-83.00,-9.00,14.00,12.00,59.00,4.00,12899854,16
253.09,1547802711,1992.64,51.51651632,7.45740633,141.20,3.63,-0.58,259.02,1,-83.00,-9.00,14.00,12.00,59.00,4.00,12899854,16
254.09,1547802712,1996.26,51.51650759,7.45734057,141.63,4.89,1.26,258.64,1,-84.00,-10.00,15.00,12.00,58.00,4.00,12899854,16
255.09,1547802713,2001.15,51.51649311,7.45726060,141.31,5.64,0.75,256.45,1,-84.00,-10.00,15.00,12.00,58.00,4.00,12899854,16
256.09,1547802714,2006.79,51.51647674,7.45717912,140.20,5.23,-0.41,254.85,1,-86.00,-10.00,15.00,11.00,56.00,4.00,12899854,16
257.09,1547802715,2012.01,51.51645612,7.45707945,138.60,6.89,1.66,255.09,1,-86.00,-10.00,15.00,11.00,56.00,4.00,12899854,16
258.10,1547802716,2018.95,51.51642993,7.45694806,136.99,7.77,0.88,254.68,1,-77.00,-8.00,17.00,15.00,63.00,4.00,12899854,16
259.09,1547802717,2026.66,51.51640028,7.45682011,135.94,8.39,0.62,253.46,1,-77.00,-8.00,17.00,15.00,63.00,4.00,12899854,16
260.09,1547802718,2035.07,51.51636945,7.45669509,134.77,8.86,0.47,251.50,1,-77.00,-8.00,17.00,15.00,63.00,4.00,12899854,16
261.09,1547802719,2043.91,51.51633931,7.45657412,134.30,8.42,-0.44,249.58,1,-85.00,-9.00,13.00,10.00,55.00,4.00,12899854,16
262.09,1547802720,2052.30,51.51630943,7.45645826,133.58,8.57,0.15,248.96,1,-85.00,-9.00,13.00,10.00,55.00,4.00,12899854,16
263.09,1547802721,2060.89,51.51627668,7.45635295,133.74,8.52,-0.05,246.57,1,-86.00,-11.00,10.00,15.00,57.00,4.00,12899854,16
264.09,1547802722,2069.40,51.51623998,7.45624185,134.34,9.16,0.64,244.45,1,-86.00,-11.00,10.00,15.00,57.00,4.00,12899854,16
265.09,1547802723,2078.58,51.51619906,7.45612674,134.46,9.25,0.08,241.85,1,-86.00,-11.00,10.00,7.00,57.00,4.00,12899854,16
266.09,1547802724,2087.83,51.51615270,7.45600847,134.29,9.07,-0.17,239.73,1,-86.00,-11.00,10.00,7.00,57.00,4.00,12899854,16
267.09,1547802725,2096.91,51.51610846,7.45588853,133.77,8.36,-0.71,239.27,1,-86.00,-11.00,3.00,11.00,57.00,4.00,12899854,16
268.09,1547802726,2105.28,51.51606648,7.45577601,133.77,7.85,-0.51,238.92,1,-86.00,-11.00,3.00,11.00,57.00,4.00,12899854,16
269.09,1547802727,2113.12,51.51602243,7.45567267,133.91,8.27,0.42,237.19,1,-79.00,-11.00,16.00,10.00,63.00,3.00,13404431,488
270.09,1547802728,2121.40,51.51597418,7.45557102,133.65,8.95,0.68,233.56,1,-79.00,-11.00,16.00,10.00,63.00,3.00,13404431,488
271.09,1547802729,2130.35,51.51592368,7.45547284,134.14,9.08,0.13,231.00,1,-79.00,-7.00,25.00,15.00,60.00,3.00,13404431,488
272.09,1547802730,2139.41,51.51587781,7.45539027,134.67,8.47,-0.61,229.16,1,-79.00,-7.00,25.00,15.00,60.00,3.00,13404431,488
273.09,1547802731,2147.87,51.51582272,7.45529785,135.34,8.83,0.36,226.61,1,-81.00,-8.00,22.00,15.00,59.00,3.00,13404431,488
274.09,1547802732,2156.71,51.51573690,7.45522080,136.01,10.10,1.27,210.85,1,-81.00,-8.00,22.00,15.00,59.00,3.00,13404431,488
275.09,1547802733,2166.82,51.51564168,7.45515265,135.93,11.49,1.39,207.21,1,-79.00,-6.00,36.00,15.00,60.00,3.00,13404431,488
276.09,1547802734,2178.30,51.51552033,7.45511138,135.30,10.92,-0.57,193.32,1,-79.00,-6.00,36.00,15.00,60.00,3.00,13404431,488
277.09,1547802735,2189.22,51.51540022,7.45508528,134.84,11.88,0.96,191.02,1,-81.00,-7.00,26.00,15.00,57.00,3.00,13404431,488
278.09,1547802736,2201.11,51.51529413,7.45507957,134.59,11.98,0.10,187.29,1,-81.00,-7.00,26.00,15.00,57.00,3.00,13404431,488
279.10,1547802737,2213.18,51.51518197,7.45511223,134.34,12.27,0.28,174.18,1,-80.00,-7.00,18.00,12.00,60.00,3.00,13404431,488
280.10,1547802738,2225.47,51.51505807,7.45514544,134.29,13.13,0.87,173.52,1,-80.00,-7.00,18.00,12.00,60.00,3.00,13404431,488
281.09,1547802739,2238.53,51.51492937,7.45518151,134.36,13.83,0.70,172.97,1,-80.00,-7.00,18.00,12.00,60.00,3.00,13404431,488
282.09,1547802740,2252.31,51.51479549,7.45521933,134.51,14.22,0.40,172.03,1,-77.00,-6.00,31.00,15.00,61.00,3.00,13404431,488
283.09,1547802741,2266.52,51.51465710,7.45526289,134.71,14.62,0.40,171.95,1,-77.00,-6.00,31.00,15.00,61.00,3.00,13404431,488
284.09,1547802742,2281.16,51.51452652,7.45529896,135.02,14.60,-0.02,171.61,1,-80.00,-10.00,17.00,9.00,63.00,3.00,13404431,488
285.09,1547802743,2295.76,51.51439421,7.45533600,135.44,14.19,-0.41,171.17,1,-80.00,-10.00,17.00,9.00,63.00,3.00,13404431,488
286.09,1547802744,2309.95,51.51426224,7.45537191,136.02,13.05,-1.14,171.94,1,-74.00,-6.00,16.00,10.00,63.00,3.00,13404431,488
287.09,1547802745,2323.00,51.51416342,7.45540079,136.80,10.69,-2.36,171.89,1,-74.00,-6.00,16.00,10.00,63.00,3.00,13404431,488
288.09,1547802746,2333.69,51.51406456,7.45542326,137.82,9.85,-0.84,172.55,1,-75.00,-7.00,21.00,11.00,63.00,3.00,13404431,488
289.09,1547802747,2343.54,51.51397240,7.45544896,138.92,9.77,-0.08,172.28,1,-75.00,-7.00,21.00,11.00,63.00,3.00,13404431,488
290.09,1547802748,2353.32,51.51388251,7.45547921,139.93,10.22,0.45,170.48,1,-72.00,-6.00,15.00,12.00,63.00,3.00,13404431,488
291.09,1547802749,2363.53,51.51378697,7.45552047,140.58,11.10,0.88,168.22,1,-72.00,-6.00,15.00,12.00,63.00,3.00,13404431,488
292.09,1547802750,2374.59,51.51368256,7.45556608,141.29,11.42,0.32,166.57,1,-82.00,-12.00,9.00,7.00,62.00,3.00,13404431,488
293.09,1547802751,2386.03,51.51357616,7.45562469,141.94,11.71,0.29,164.50,1,-82.00,-12.00,9.00,7.00,62.00,3.00,13404431,488
294.09,1547802752,2397.76,51.51346506,7.45571883,142.95,13.12,1.41,151.63,1,-81.00,-11.00,8.00,8.00,62.00,3.00,13404431,488
295.09,1547802753,2410.88,51.51336354,7.45581134,143.72,12.47,-0.65,151.00,1,-81.00,-11.00,8.00,8.00,62.00,3.00,13404431,488
296.09,1547802754,2423.36,51.51326629,7.45591753,145.24,12.44,-0.02,147.80,1,-80.00,-11.00,7.00,12.00,63.00,3.00,13404431,488
297.09,1547802755,2435.80,51.51317285,7.45602874,146.41,12.25,-0.20,144.83,1,-80.00,-11.00,7.00,12.00,63.00,3.00,13404431,488
298.09,1547802756,2448.03,51.51309902,7.45616398,147.30,12.67,0.42,132.03,1,-80.00,-9.00,10.00,6.00,61.00,1.00,13404429,486
299.09,1547802757,2460.71,51.51301925,7.45631358,147.19,13.97,1.30,130.42,1,-80.00,-9.00,10.00,6.00,61.00,1.00,13404429,486
300.10,1547802758,2474.76,51.51294548,7.45646240,146.95,12.79,-1.17,129.63,1,-77.00,-7.00,15.00,15.00,62.00,1.00,13404429,486
301.09,1547802759,2487.45,51.51287265,7.45661242,146.18,12.55,-0.24,128.91,1,-77.00,-7.00,15.00,15.00,62.00,1.00,13404429,486
302.09,1547802760,2499.98,51.51280650,7.45675289,145.84,12.04,-0.52,128.16,1,-77.00,-7.00,15.00,15.00,62.00,1.00,13404429,486
303.09,1547802761,2512.03,51.51273229,7.45690557,145.59,13.21,1.17,128.44,1,-77.00,-8.00,12.00,15.00,63.00,1.00,13404429,486
304.09,1547802762,2525.27,51.51266128,7.45706390,144.91,14.15,0.94,127.20,1,-77.00,-8.00,12.00,15.00,63.00,1.00,13404429,486
305.09,1547802763,2539.42,51.51258162,7.45725137,144.37,14.47,0.32,126.95,1,-81.00,-7.00,13.00,13.00,57.00,1.00,13404429,486
306.09,1547802764,2553.89,51.51250090,7.45743873,143.69,15.16,0.69,127.15,1,-81.00,-7.00,13.00,13.00,57.00,1.00,13404429,486
307.09,1547802765,2569.05,51.51241954,7.45762243,142.95,15.63,0.47,126.75,1,-81.00,-7.00,18.00,12.00,59.00,1.00,13404429,486
308.09,1547802766,2584.67,51.51233616,7.45782138,142.54,15.67,0.04,125.71,1,-81.00,-7.00,18.00,12.00,59.00,1.00,13404429,486
309.09,1547802767,2600.34,51.51226171,7.45800307,142.73,15.49,-0.17,124.74,1,-82.00,-8.00,18.00,15.00,58.00,1.00,13404429,486
310.09,1547802768,2615.89,51.51219002,7.45818437,143.29,14.86,-0.63,123.99,1,-82.00,-8.00,18.00,15.00,58.00,1.00,13404429,486
311.09,1547802769,2630.72,51.51211103,7.45836825,143.83,14.90,0.04,125.22,1,-78.00,-7.00,16.00,15.00,61.00,1.00,13404429,486
312.09,1547802770,2645.56,51.51203797,7.45852707,143.91,14.52,-0.38,126.82,1,-78.00,-7.00,16.00,15.00,61.00,1.00,13404429,486
313.09,1547802771,2660.12,51.51196992,7.45866993,143.70,13.59,-0.93,127.22,1,-87.00,-8.00,10.00,9.00,54.00,1.00,13404429,486
314.09,1547802772,2673.71,51.51190205,7.45880997,143.28,11.64,-1.94,126.64,1,-87.00,-8.00,10.00,9.00,54.00,1.00,13404429,486
315.09,1547802773,2685.34,51.51184823,7.45893112,142.74,9.46,-2.19,127.05,1,-84.00,-8.00,9.00,12.00,56.00,1.00,13404429,486
316.09,1547802774,2694.81,51.51180822,7.45901395,142.45,7.08,-2.37,128.23,1,-84.00,-8.00,9.00,12.00,56.00,1.00,13404429,486
317.09,1547802775,2701.89,51.51176660,7.45910149,141.85,5.61,-1.47,126.89,1,-86.00,-8.00,15.00,12.00,54.00,1.00,13404429,486
318.09,1547802776,2707.51,51.51173859,7.45916824,141.85,3.49,-2.12,124.93,1,-86.00,-8.00,15.00,12.00,54.00,1.00,13404429,486
319.09,1547802777,2711.00,51.51170928,7.45923380,141.79,1.54,-1.96,128.05,1,-87.00,-8.00,9.00,12.00,53.00,1.00,13404429,486
320.09,1547802778,2712.54,51.51169861,7.45926752,141.73,0.53,-1.01,128.05,1,-87.00,-8.00,9.00,12.00,53.00,1.00,13404429,486
321.10,1547802779,2713.08,51.51169861,7.45926752,141.73,0.00,-0.53,128.05,1,-87.00,-7.00,8.00,13.00,52.00,1.00,13404429,486
322.09,1547802780,2713.08,51.51169861,7.45926752,141.73,0.00,0.00,128.05,1,-87.00,-7.00,8.00,13.00,52.00,1.00,13404429,486
323.09,1547802781,2713.08,51.51169861,7.45926752,141.73,0.00,0.00,128.05,1,-87.00,-7.00,8.00,13.00,52.00,1.00,13404429,486
324.09,1547802782,2713.08,51.51169861,7.45926752,141.73,0.00,0.00,128.05,1,-91.00,-12.00,4.00,6.00,54.00,1.00,13404429,486
325.09,1547802783,2713.08,51.51169861,7.45926752,141.73,0.00,0.00,128.05,1,-91.00,-12.00,4.00,6.00,54.00,1.00,13404429,486
326.09,1547802784,2713.08,51.51169861,7.45926752,141.72,0.00,0.00,128.05,1,-89.00,-8.00,4.00,9.00,51.00,1.00,13404429,486
327.09,1547802785,2713.08,51.51169861,7.45926752,141.71,0.00,0.00,128.05,1,-89.00,-8.00,4.00,9.00,51.00,1.00,13404429,486
328.09,1547802786,2713.08,51.51169861,7.45926752,141.71,0.00,0.00,128.05,1,-89.00,-8.00,5.00,7.00,51.00,1.00,13404429,486
329.09,1547802787,2713.08,51.51169861,7.45926752,141.70,0.00,0.00,128.05,1,-89.00,-8.00,5.00,7.00,51.00,1.00,13404429,486
330.10,1547802788,2713.08,51.51169861,7.45926752,141.68,0.00,0.00,128.05,1,-89.00,-9.00,3.00,8.00,53.00,1.00,13404429,486
331.10,1547802789,2713.08,51.51169861,7.45926752,141.66,0.00,0.00,128.05,1,-89.00,-9.00,3.00,8.00,53.00,1.00,13404429,486
332.09,1547802790,2713.08,51.51169861,7.45926752,141.63,0.00,0.00,128.05,1,-88.00,-10.00,5.00,10.00,53.00,1.00,13404429,486
333.09,1547802791,2713.08,51.51169861,7.45926752,141.60,0.00,0.00,128.05,1,-88.00,-10.00,5.00,10.00,53.00,1.00,13404429,486
334.09,1547802792,2713.08,51.51169861,7.45926752,141.56,0.00,0.00,128.05,1,-89.00,-9.00,4.00,6.00,52.00,1.00,13404429,486
335.09,1547802793,2713.08,51.51169861,7.45926752,141.52,0.00,0.00,128.05,1,-89.00,-9.00,4.00,6.00,52.00,1.00,13404429,486
336.09,1547802794,2713.08,51.51169861,7.45926752,141.47,0.00,0.00,128.05,1,-89.00,-9.00,8.00,5.00,52.00,1.00,13404429,486
337.09,1547802795,2713.08,51.51169861,7.45926752,141.42,0.00,0.00,128.05,1,-89.00,-9.00,8.00,5.00,52.00,1.00,13404429,486
338.09,1547802796,2713.08,51.51169861,7.45926752,141.37,0.00,0.00,128.05,1,-89.00,-13.00,2.00,5.00,56.00,1.00,13404429,486
339.09,1547802797,2713.08,51.51169861,7.45926752,141.31,0.00,0.00,128.05,1,-89.00,-13.00,2.00,5.00,56.00,1.00,13404429,486
340.09,1547802798,2713.08,51.51169861,7.45926752,141.25,0.00,0.00,128.05,1,-88.00,-9.00,7.00,6.00,53.00,1.00,13404429,486
341.09,1547802799,2713.08,51.51169861,7.45926752,141.19,0.00,0.00,128.05,1,-88.00,-9.00,7.00,6.00,53.00,1.00,13404429,486
342.09,1547802800,2713.08,51.51169861,7.45926752,141.14,0.00,0.00,128.05,1,-88.00,-10.00,6.00,6.00,54.00,1.00,13404429,486
343.09,1547802801,2713.08,51.51169861,7.45926752,141.08,0.00,0.00,128.05,1,-88.00,-10.00,6.00,6.00,54.00,1.00,13404429,486
344.09,1547802802,2713.08,51.51169861,7.45926752,141.03,0.00,0.00,128.05,1,-88.00,-10.00,6.00,6.00,54.00,1.00,13404429,486
345.09,1547802803,2713.08,51.51169861,7.45926752,140.98,0.00,0.00,128.05,1,-90.00,-9.00,4.00,8.00,51.00,1.00,13404429,486
346.09,1547802804,2713.08,51.51169861,7.45926752,140.93,0.00,0.00,128.05,1,-90.00,-9.00,4.00,8.00,51.00,1.00,13404429,486
347.09,1547802805,2713.08,51.51169861,7.45926752,140.88,0.00,0.00,128.05,1,-90.00,-10.00,3.00,6.00,52.00,1.00,13404429,486
348.09,1547802806,2713.08,51.51169861,7.45926752,140.83,0.00,0.00,128.05,1,-90.00,-10.00,3.00,6.00,52.00,1.00,13404429,486
349.09,1547802807,2713.08,51.51169861,7.45926752,140.77,0.00,0.00,128.05,1,-90.00,-12.00,1.00,5.00,54.00,1.00,13404429,486
350.09,1547802808,2713.08,51.51169861,7.45926752,140.72,0.00,0.00,128.05,1,-90.00,-12.00,1.00,5.00,54.00,1.00,13404429,486
351.09,1547802809,2713.08,51.51169861,7.45926752,140.67,0.00,0.00,128.05,1,-90.00,-11.00,0.00,5.00,53.00,1.00,13404429,486
352.09,1547802810,2713.08,51.51169861,7.45926752,140.62,0.00,0.00,128.05,1,-90.00,-11.00,0.00,5.00,53.00,1.00,13404429,486
353.09,1547802811,2713.08,51.51169861,7.45926752,140.57,0.00,0.00,128.05,1,-90.00,-12.00,1.00,7.00,54.00,1.00,13404429,486
354.09,1547802812,2713.08,51.51169861,7.45926752,140.53,0.00,0.00,128.05,1,-90.00,-12.00,1.00,7.00,54.00,1.00,13404429,486
355.09,1547802813,2713.08,51.51169861,7.45926752,140.48,0.00,0.00,128.05,1,-87.00,-9.00,4.00,8.00,54.00,1.00,13404429,486
356.09,1547802814,2713.08,51.51169861,7.45926752,140.12,0.00,0.00,139.98,1,-87.00,-9.00,4.00,8.00,54.00,1.00,13404429,486
357.09,1547802815,2713.08,51.51169861,7.45926752,139.97,0.00,0.00,126.48,1,-85.00,-10.00,6.00,7.00,56.00,1.00,13404429,486
358.09,1547802816,2713.08,51.51164904,7.45937170,139.86,3.78,0.00,111.50,1,-85.00,-10.00,6.00,7.00,56.00,1.00,13404429,486
359.09,1547802817,2716.86,51.51162193,7.45944718,139.86,3.78,0.00,111.50,1,-85.00,-9.00,5.00,7.00,57.00,1.00,13404429,486
360.09,1547802818,2720.65,51.51156928,7.45957163,140.97,7.88,4.09,117.08,1,-85.00,-9.00,5.00,7.00,57.00,1.00,13404429,486
361.09,1547802819,2728.48,51.51149750,7.45969466,142.03,10.80,2.94,123.44,1,-88.00,-12.00,-2.00,5.00,56.00,1.00,13404429,486
362.09,1547802820,2739.27,51.51141815,7.45984056,142.79,11.84,1.04,125.45,1,-88.00,-12.00,-2.00,5.00,56.00,1.00,13404429,486
363.10,1547802821,2751.25,51.51132985,7.45999254,143.13,12.96,1.11,127.12,1,-89.00,-9.00,2.00,8.00,53.00,1.00,13404429,486
364.09,1547802822,2764.11,51.51123175,7.46014714,143.62,13.55,0.60,134.33,1,-89.00,-9.00,2.00,8.00,53.00,1.00,13404429,486
365.09,1547802823,2777.66,51.51114064,7.46030668,143.42,13.64,0.09,132.87,1,-89.00,-9.00,2.00,8.00,53.00,1.00,13404429,486
366.09,1547802824,2791.31,51.51104500,7.46046818,143.28,14.28,0.63,132.91,1,-85.00,-8.00,8.00,14.00,55.00,1.00,13404429,486
367.09,1547802825,2805.58,51.51095850,7.46061569,143.52,13.12,-1.15,133.42,1,-85.00,-8.00,8.00,14.00,55.00,1.00,13404429,486
368.09,1547802826,2818.72,51.51087596,7.46075667,143.19,12.18,-0.95,132.58,1,-89.00,-9.00,0.00,7.00,52.00,1.00,13404429,486
369.09,1547802827,2830.90,51.51079305,7.46090572,143.53,12.74,0.56,133.06,1,-89.00,-9.00,0.00,7.00,52.00,1.00,13404429,486
370.09,1547802828,2843.62,51.51071088,7.46105417,143.44,12.79,0.05,133.57,1,-91.00,-10.00,-3.00,6.00,52.00,2.00,13403661,486
371.09,1547802829,2856.41,51.51063015,7.46118310,143.19,11.82,-0.97,134.01,1,-91.00,-10.00,-3.00,6.00,52.00,2.00,13403661,486
372.09,1547802830,2868.20,51.51056045,7.46128765,143.09,9.45,-2.38,134.45,1,-78.00,-9.00,7.00,11.00,62.00,2.00,13403661,21
373.09,1547802831,2877.65,51.51050351,7.46137506,143.45,7.72,-1.72,133.81,1,-78.00,-9.00,7.00,11.00,62.00,2.00,13403661,21
374.09,1547802832,2885.39,51.51044274,7.46147406,144.30,7.72,0.00,133.82,1,-81.00,-8.00,12.00,11.00,59.00,2.00,13403661,21
375.09,1547802833,2893.12,51.51038308,7.46159540,144.90,9.88,2.15,129.52,1,-81.00,-8.00,12.00,11.00,59.00,2.00,13403661,21
376.09,1547802834,2902.98,51.51032334,7.46171506,145.65,9.67,-0.21,130.15,1,-77.00,-10.00,14.00,15.00,63.00,2.00,13403661,21
377.09,1547802835,2912.65,51.51026457,7.46182951,146.47,8.30,-1.36,131.01,1,-77.00,-10.00,14.00,15.00,63.00,2.00,13403661,21
378.09,1547802836,2920.95,51.51022974,7.46190413,146.95,4.72,-3.59,130.51,1,-85.00,-10.00,11.00,11.00,57.00,2.00,13403661,21
379.09,1547802837,2925.67,51.51020503,7.46196082,147.05,3.25,-1.47,129.89,1,-85.00,-10.00,11.00,11.00,57.00,2.00,13403661,21
380.09,1547802838,2928.92,51.51018238,7.46201088,147.17,3.11,-0.14,127.69,1,-86.00,-11.00,9.00,13.00,57.00,2.00,13403661,21
381.09,1547802839,2932.02,51.51017570,7.46203672,147.31,0.61,-2.50,127.69,1,-86.00,-11.00,9.00,13.00,57.00,2.00,13403661,21
382.09,1547802840,2932.63,51.51017570,7.46203672,147.33,0.00,-0.61,127.69,1,-88.00,-10.00,6.00,12.00,54.00,2.00,13403661,21
383.09,1547802841,2932.63,51.51017570,7.46203672,147.37,0.00,0.00,127.69,1,-88.00,-10.00,6.00,12.00,54.00,2.00,13403661,21
384.10,1547802842,2932.63,51.51017570,7.46203672,147.41,0.00,0.00,127.69,1,-88.00,-10.00,7.00,9.00,55.00,2.00,13403661,21
385.09,1547802843,2932.63,51.51017570,7.46203672,147.46,0.00,0.00,127.69,1,-88.00,-10.00,7.00,9.00,55.00,2.00,13403661,21
386.09,1547802844,2932.63,51.51017570,7.46203672,147.50,0.00,0.00,127.69,1,-88.00,-10.00,7.00,9.00,55.00,2.00,13403661,21
387.09,1547802845,2932.63,51.51017570,7.46203672,147.55,0.00,0.00,127.69,1,-88.00,-10.00,7.00,8.00,55.00,2.00,13403661,21
388.09,1547802846,2932.63,51.51017570,7.46203672,147.59,0.00,0.00,127.69,1,-88.00,-10.00,7.00,8.00,55.00,2.00,13403661,21
389.09,1547802847,2932.63,51.51017570,7.46203672,147.64,0.00,0.00,127.69,1,-88.00,-9.00,7.00,9.00,54.00,2.00,13403661,21
390.09,1547802848,2932.63,51.51017570,7.46203672,147.68,0.00,0.00,127.69,1,-88.00,-9.00,7.00,9.00,54.00,2.00,13403661,21
391.09,1547802849,2932.63,51.51017570,7.46203672,147.72,0.00,0.00,127.69,1,-88.00,-9.00,7.00,10.00,53.00,2.00,13403661,21
392.09,1547802850,2932.63,51.51017570,7.46203672,147.77,0.00,0.00,127.69,1,-88.00,-9.00,7.00,10.00,53.00,2.00,13403661,21
393.09,1547802851,2932.63,51.51017570,7.46203672,147.81,0.00,0.00,127.69,1,-88.00,-10.00,7.00,9.00,54.00,2.00,13403661,21
394.09,1547802852,2932.63,51.51017570,7.46203672,147.86,0.00,0.00,127.69,1,-88.00,-10.00,7.00,9.00,54.00,2.00,13403661,21
395.09,1547802853,2932.63,51.51017570,7.46203672,147.90,0.00,0.00,127.69,1,-88.00,-9.00,7.00,9.00,54.00,2.00,13403661,21
396.09,1547802854,2932.63,51.51017570,7.46203672,147.95,0.00,0.00,127.69,1,-88.00,-9.00,7.00,9.00,54.00,2.00,13403661,21
397.09,1547802855,2932.63,51.51017570,7.46203672,147.99,0.00,0.00,127.69,1,-88.00,-9.00,6.00,6.00,54.00,2.00,13403661,21
398.09,1547802856,2932.63,51.51017570,7.46203672,148.04,0.00,0.00,127.69,1,-88.00,-9.00,6.00,6.00,54.00,2.00,13403661,21
399.09,1547802857,2932.63,51.51017570,7.46203672,148.08,0.00,0.00,127.69,1,-88.00,-11.00,5.00,7.00,56.00,2.00,13403661,21
400.09,1547802858,2932.63,51.51017570,7.46203672,148.12,0.00,0.00,127.69,1,-88.00,-11.00,5.00,7.00,56.00,2.00,13403661,21
401.09,1547802859,2932.63,51.51017570,7.46203672,148.17,0.00,0.00,127.69,1,-88.00,-10.00,5.00,7.00,55.00,2.00,13403661,21
402.09,1547802860,2932.63,51.51017570,7.46203672,148.21,0.00,0.00,127.69,1,-88.00,-10.00,5.00,7.00,55.00,2.00,13403661,21
403.09,1547802861,2932.63,51.51017570,7.46203672,148.24,0.00,0.00,127.69,1,-88.00,-9.00,6.00,9.00,53.00,2.00,13403661,21
404.09,1547802862,2932.63,51.51017570,7.46203672,148.28,0.00,0.00,127.69,1,-88.00,-9.00,6.00,9.00,53.00,2.00,13403661,21
405.10,1547802863,2932.63,51.51017570,7.46203672,148.32,0.00,0.00,127.69,1,-88.00,-9.00,7.00,8.00,53.00,2.00,13403661,21
406.09,1547802864,2932.63,51.51017570,7.46203672,148.36,0.00,0.00,127.69,1,-88.00,-9.00,7.00,8.00,53.00,2.00,13403661,21
407.09,1547802865,2932.63,51.51017570,7.46203672,148.40,0.00,0.00,127.69,1,-88.00,-9.00,7.00,8.00,53.00,2.00,13403661,21
408.09,1547802866,2932.63,51.51017570,7.46203672,148.43,0.00,0.00,127.69,1,-88.00,-9.00,7.00,9.00,54.00,2.00,13403661,21
409.09,1547802867,2932.63,51.51017570,7.46203672,151.36,0.00,0.00,120.54,1,-88.00,-9.00,7.00,9.00,54.00,2.00,13403661,21
410.09,1547802868,2932.63,51.51010228,7.46221618,153.44,0.00,0.00,119.16,1,-87.00,-10.00,7.00,8.00,55.00,2.00,13403661,21
411.09,1547802869,2932.63,51.51005334,7.46235642,154.25,10.47,0.00,117.71,1,-87.00,-10.00,7.00,8.00,55.00,2.00,13403661,21
412.09,1547802870,2943.12,51.51000454,7.46250972,154.23,11.48,1.01,116.62,1,-87.00,-10.00,6.00,12.00,55.00,2.00,13403661,21
413.09,1547802871,2954.60,51.50995349,7.46267883,154.21,12.63,1.15,117.56,1,-87.00,-10.00,6.00,12.00,55.00,2.00,13403661,21
414.09,1547802872,2967.22,51.50990393,7.46284674,153.53,12.89,0.26,117.34,1,-85.00,-10.00,5.00,9.00,57.00,2.00,13403661,21
415.09,1547802873,2980.12,51.50985508,7.46301228,153.06,13.06,0.17,115.85,1,-85.00,-10.00,5.00,9.00,57.00,2.00,13403661,21
416.09,1547802874,2993.18,51.50983202,7.46319588,152.60,12.84,-0.22,102.66,1,-88.00,-9.00,8.00,9.00,53.00,2.00,13403661,21
417.09,1547802875,3006.02,51.50981525,7.46338862,151.83,13.31,0.48,100.75,1,-88.00,-9.00,8.00,9.00,53.00,2.00,13403661,21
418.09,1547802876,3019.33,51.50980431,7.46358057,151.22,13.25,-0.06,98.83,1,-85.00,-8.00,8.00,14.00,56.00,2.00,13403661,21
419.09,1547802877,3032.57,51.50980054,7.46376187,150.81,12.78,-0.47,96.66,1,-85.00,-8.00,8.00,14.00,56.00,2.00,13403661,21
420.09,1547802878,3045.35,51.50980584,7.46392129,150.17,10.53,-2.25,95.05,1,-88.00,-8.00,11.00,8.00,52.00,2.00,13403661,21
421.09,1547802879,3055.87,51.50981287,7.46403983,151.03,7.96,-2.57,95.28,1,-88.00,-8.00,11.00,8.00,52.00,2.00,13403661,21
422.09,1547802880,3063.82,51.50981830,7.46413467,151.97,5.97,-2.00,98.96,1,-88.00,-11.00,11.00,12.00,55.00,2.00,13403661,21
423.09,1547802881,3069.80,51.50981009,7.46420294,153.17,4.71,-1.26,122.81,1,-88.00,-11.00,11.00,12.00,55.00,2.00,13403661,21
424.09,1547802882,3074.50,51.50982160,7.46425623,153.24,2.82,-1.89,90.34,1,-87.00,-7.00,13.00,11.00,52.00,2.00,13403661,21
425.09,1547802883,3077.32,51.50983428,7.46429885,153.28,2.06,-0.76,88.58,1,-87.00,-7.00,13.00,11.00,52.00,2.00,13403661,21
426.10,1547802884,3079.40,51.50984776,7.46433782,153.31,2.25,0.19,87.53,1,-88.00,-10.00,15.00,12.00,54.00,2.00,13403661,21
427.09,1547802885,3081.63,51.50986340,7.46439956,153.36,4.07,1.84,88.84,1,-88.00,-10.00,15.00,12.00,54.00,2.00,13403661,21
428.09,1547802886,3085.69,51.50987017,7.46448017,153.70,5.81,1.74,93.25,1,-88.00,-10.00,15.00,12.00,54.00,2.00,13403661,21
429.09,1547802887,3091.50,51.50987771,7.46457634,154.00,6.80,1.00,92.45,1,-89.00,-8.00,12.00,10.00,50.00,2.00,13403661,21
430.09,1547802888,3098.30,51.50988752,7.46468094,154.07,7.54,0.74,91.82,1,-89.00,-8.00,12.00,10.00,50.00,2.00,13403661,21
431.09,1547802889,3105.82,51.50989781,7.46478197,153.78,7.54,0.00,91.82,1,-87.00,-9.00,12.00,9.00,53.00,2.00,13403661,21
432.09,1547802890,3113.39,51.50990292,7.46490913,153.80,8.88,1.33,94.59,1,-87.00,-9.00,12.00,9.00,53.00,2.00,13403661,21
433.09,1547802891,3122.27,51.50989957,7.46505340,153.31,9.93,1.05,95.39,1,-88.00,-8.00,14.00,11.00,52.00,2.00,13403661,21
434.09,1547802892,3132.19,51.50989430,7.46520431,152.93,10.47,0.54,94.93,1,-88.00,-8.00,14.00,11.00,52.00,2.00,13403661,21
435.09,1547802893,3142.67,51.50989505,7.46536614,152.77,10.47,0.00,94.59,1,-88.00,-7.00,15.00,11.00,52.00,2.00,13403661,21
436.09,1547802894,3153.14,51.50989402,7.46553933,153.00,12.13,1.66,95.61,1,-88.00,-7.00,15.00,11.00,52.00,2.00,13403661,21
437.09,1547802895,3165.27,51.50988650,7.46571881,153.46,12.25,0.12,94.80,1,-83.00,-7.00,22.00,13.00,58.00,2.00,13403661,21
438.09,1547802896,3177.50,51.50988286,7.46588947,153.93,11.90,-0.35,93.77,1,-83.00,-7.00,22.00,13.00,58.00,2.00,13403661,21
439.09,1547802897,3189.42,51.50987729,7.46605132,154.13,11.31,-0.59,93.38,1,-83.00,-7.00,23.00,15.00,57.00,2.00,13403661,21
440.09,1547802898,3200.74,51.50987698,7.46621507,154.22,11.41,0.09,92.92,1,-83.00,-7.00,23.00,15.00,57.00,2.00,13403661,21
441.09,1547802899,3212.14,51.50987776,7.46638971,153.98,11.86,0.45,92.40,1,-83.00,-9.00,23.00,15.00,57.00,2.00,13403661,21
442.09,1547802900,3224.00,51.50987912,7.46655816,154.25,11.63,-0.23,91.50,1,-83.00,-9.00,23.00,15.00,57.00,2.00,13403661,21
443.09,1547802901,3235.63,51.50988232,7.46671915,154.24,11.34,-0.29,92.10,1,-84.00,-7.00,24.00,15.00,56.00,2.00,13403661,21
