0.05,1547801775,0.03,51.50983734,7.46869260,143.14,8.69,0.00,53.00,0,-107.00,-12.00,0.00,0.00,25.00,0.00,0,91
0.05,1547801775,0.03,51.50983734,7.46869260,143.14,8.69,0.00,53.00,0,-108.00,-12.00,0.00,0.00,25.00,0.00,0,90
1.05,1547801776,8.74,51.50986946,7.46883360,143.31,10.12,0.00,69.23,0,-108.00,-9.00,0.00,0.00,20.00,0.00,0,90
1.05,1547801776,8.75,51.50986946,7.46883360,143.31,10.12,0.00,69.23,0,-113.00,-14.00,0.00,0.00,20.00,0.00,0,91
2.05,1547801777,18.85,51.50991410,7.46898160,143.36,11.64,0.00,66.35,0,-108.00,-9.00,0.00,0.00,20.00,0.00,0,90
2.05,1547801777,18.86,51.50991410,7.46898160,143.36,11.64,0.00,66.35,0,-113.00,-14.00,0.00,0.00,20.00,0.00,0,91
5.05,1547801780,56.65,51.51010219,7.46949383,143.27,14.66,0.00,60.82,0,-104.00,-10.00,0.00,0.00,27.00,0.00,0,66
6.05,1547801781,71.31,51.51017899,7.46967528,143.58,15.23,0.00,59.62,0,-104.00,-10.00,0.00,0.00,27.00,0.00,0,66
7.05,1547801782,86.54,51.51025394,7.46985468,143.74,15.10,0.00,58.59,0,-105.00,-11.00,0.00,0.00,28.00,0.00,0,66
8.05,1547801783,101.64,51.51032388,7.47003963,144.28,14.88,0.00,57.97,0,-105.00,-11.00,0.00,0.00,28.00,0.00,0,66
9.05,1547801784,116.53,51.51039350,7.47020737,144.92,13.38,0.00,57.90,0,-107.00,-10.00,0.00,0.00,24.00,0.00,0,66
9.06,1547801784,116.54,51.51039350,7.47020737,144.92,13.38,0.00,57.90,0,-108.00,-15.00,0.00,0.00,28.00,0.00,0,90
9.06,1547801784,116.56,51.51039350,7.47020737,144.92,13.38,0.00,57.90,0,-110.00,-18.00,0.00,0.00,27.00,0.00,0,485
9.06,1547801784,116.56,51.51039350,7.47020737,144.92,13.38,0.00,57.90,0,-110.00,-17.00,0.00,0.00,25.00,0.00,0,35
10.05,1547801785,129.91,51.51046623,7.47036668,145.24,13.33,0.00,57.07,0,-107.00,-10.00,0.00,0.00,24.00,0.00,0,66
10.06,1547801785,129.92,51.51046623,7.47036668,145.24,13.33,0.00,57.07,0,-108.00,-15.00,0.00,0.00,28.00,0.00,0,90
10.06,1547801785,129.94,51.51046623,7.47036668,145.24,13.33,0.00,57.07,0,-110.00,-18.00,0.00,0.00,27.00,0.00,0,485
10.06,1547801785,129.94,51.51046623,7.47036668,145.24,13.33,0.00,57.07,0,-110.00,-17.00,0.00,0.00,25.00,0.00,0,35
13.06,1547801788,170.54,51.51072028,7.47081329,145.07,13.50,0.00,48.31,0,-109.00,-14.00,0.00,0.00,27.00,0.00,0,323
14.05,1547801789,183.94,51.51081525,7.47094304,144.80,12.93,0.00,45.88,0,-109.00,-14.00,0.00,0.00,27.00,0.00,0,323
15.05,1547801790,196.90,51.51091079,7.47106463,144.32,13.10,0.00,43.85,0,-109.00,-14.00,0.00,0.00,27.00,0.00,0,323
16.05,1547801791,210.01,51.51101286,7.47119072,143.79,13.87,0.00,41.99,0,-111.00,-12.00,0.00,0.00,21.00,0.00,0,323
16.05,1547801791,210.02,51.51101286,7.47119072,143.79,13.87,0.00,41.99,0,-114.00,-15.00,0.00,0.00,22.00,0.00,0,218
17.05,1547801792,223.86,51.51112175,7.47131402,143.53,14.03,0.00,40.79,0,-111.00,-12.00,0.00,0.00,21.00,0.00,0,323
17.05,1547801792,223.87,51.51112175,7.47131402,143.53,14.03,0.00,40.79,0,-114.00,-15.00,0.00,0.00,22.00,0.00,0,218
18.05,1547801793,237.90,51.51122842,7.47143455,143.74,13.89,0.00,40.40,0,-110.00,-14.00,0.00,0.00,24.00,0.00,0,351
18.05,1547801793,237.91,51.51122842,7.47143455,143.74,13.89,0.00,40.40,0,-110.00,-13.00,0.00,0.00,23.00,0.00,0,323
19.05,1547801794,251.81,51.51133151,7.47156317,143.67,14.61,0.00,39.98,0,-110.00,-14.00,0.00,0.00,24.00,0.00,0,351
19.05,1547801794,251.82,51.51133151,7.47156317,143.67,14.61,0.00,39.98,0,-110.00,-13.00,0.00,0.00,23.00,0.00,0,323
20.05,1547801795,266.35,51.51143401,7.47169553,143.00,14.47,0.00,40.82,0,-110.00,-14.00,0.00,0.00,24.00,0.00,0,351
21.05,1547801796,280.83,51.51153915,7.47182832,142.41,14.57,0.00,40.34,0,-110.00,-14.00,0.00,0.00,24.00,0.00,0,351
24.05,1547801799,322.76,51.51183282,7.47218586,139.23,13.33,0.00,40.38,0,-110.00,-12.00,0.00,0.00,23.00,0.00,0,322
25.05,1547801800,336.10,51.51192901,7.47230192,138.37,13.56,0.00,39.63,0,-110.00,-12.00,0.00,0.00,23.00,0.00,0,322
26.05,1547801801,349.67,51.51202303,7.47241751,138.15,13.15,0.00,38.59,0,-107.00,-14.00,0.00,0.00,26.00,0.00,0,68
26.05,1547801801,349.68,51.51202303,7.47241751,138.15,13.15,0.00,38.59,0,-108.00,-15.00,0.00,0.00,27.00,0.00,0,282
27.05,1547801802,362.82,51.51212087,7.47251911,137.78,11.87,0.00,36.74,0,-107.00,-14.00,0.00,0.00,26.00,0.00,0,68
27.05,1547801802,362.82,51.51212087,7.47251911,137.78,11.87,0.00,36.74,0,-108.00,-15.00,0.00,0.00,27.00,0.00,0,282
28.05,1547801803,374.69,51.51220501,7.47261247,136.94,10.14,0.00,34.38,0,-102.00,-12.00,0.00,0.00,31.00,0.00,0,68
28.05,1547801803,374.69,51.51220501,7.47261247,136.94,10.14,0.00,34.38,0,-105.00,-16.00,0.00,0.00,31.00,0.00,0,323
29.05,1547801804,384.82,51.51227002,7.47266929,136.40,7.11,0.00,31.06,0,-102.00,-12.00,0.00,0.00,31.00,0.00,0,68
29.05,1547801804,384.82,51.51227002,7.47266929,136.40,7.11,0.00,31.06,0,-105.00,-16.00,0.00,0.00,31.00,0.00,0,323
30.06,1547801805,391.98,51.51231856,7.47268425,137.06,4.68,0.00,10.20,0,-99.00,-10.00,0.00,0.00,31.00,0.00,0,68
30.06,1547801805,391.98,51.51231856,7.47268425,137.06,4.68,0.00,10.20,0,-102.00,-17.00,0.00,0.00,34.00,0.00,0,78
31.05,1547801806,396.62,51.51236210,7.47268913,137.17,4.09,0.00,8.55,0,-99.00,-10.00,0.00,0.00,31.00,0.00,0,68
31.05,1547801806,396.62,51.51236210,7.47268913,137.17,4.09,0.00,8.55,0,-102.00,-17.00,0.00,0.00,34.00,0.00,0,78
32.05,1547801807,400.70,51.51245690,7.47272080,134.90,2.70,0.00,9.17,0,-105.00,-18.00,0.00,0.00,32.00,0.00,0,486
32.05,1547801807,400.70,51.51245690,7.47272080,134.90,2.70,0.00,9.17,0,-104.00,-14.00,0.00,0.00,30.00,0.00,0,68
32.05,1547801807,400.70,51.51245690,7.47272080,134.90,2.70,0.00,9.17,0,-106.00,-17.00,0.00,0.00,31.00,0.00,0,322
33.05,1547801808,403.41,51.51241026,7.47270426,137.32,1.37,0.00,7.61,0,-105.00,-18.00,0.00,0.00,32.00,0.00,0,486
33.05,1547801808,403.41,51.51241026,7.47270426,137.32,1.37,0.00,7.61,0,-104.00,-14.00,0.00,0.00,30.00,0.00,0,68
33.05,1547801808,403.41,51.51241026,7.47270426,137.32,1.37,0.00,7.61,0,-106.00,-17.00,0.00,0.00,31.00,0.00,0,322
34.05,1547801809,404.77,51.51241555,7.47271324,137.18,0.56,0.00,7.61,0,-107.00,-12.00,0.00,0.00,24.00,0.00,0,486
34.05,1547801809,404.77,51.51241555,7.47271324,137.18,0.56,0.00,7.61,0,-102.00,-10.00,0.00,0.00,28.00,0.00,0,68
34.05,1547801809,404.77,51.51241555,7.47271324,137.18,0.56,0.00,7.61,0,-105.00,-12.00,0.00,0.00,27.00,0.00,0,322
35.06,1547801810,405.34,51.51241555,7.47271324,137.16,0.00,0.00,7.61,0,-107.00,-12.00,0.00,0.00,24.00,0.00,0,486
35.06,1547801810,405.34,51.51241555,7.47271324,137.16,0.00,0.00,7.61,0,-102.00,-10.00,0.00,0.00,28.00,0.00,0,68
35.06,1547801810,405.34,51.51241555,7.47271324,137.16,0.00,0.00,7.61,0,-105.00,-12.00,0.00,0.00,27.00,0.00,0,322
36.07,1547801811,405.34,51.51241555,7.47271324,137.13,0.00,0.00,7.61,0,-107.00,-12.00,0.00,0.00,25.00,0.00,0,486
36.07,1547801811,405.34,51.51241555,7.47271324,137.13,0.00,0.00,7.61,0,-101.00,-9.00,0.00,0.00,28.00,0.00,0,68
36.07,1547801811,405.34,51.51241555,7.47271324,137.13,0.00,0.00,7.61,0,-108.00,-13.00,0.00,0.00,27.00,0.00,0,322
37.05,1547801812,405.34,51.51241555,7.47271324,137.10,0.00,0.00,7.61,0,-107.00,-12.00,0.00,0.00,25.00,0.00,0,486
37.06,1547801812,405.34,51.51241555,7.47271324,137.10,0.00,0.00,7.61,0,-101.00,-9.00,0.00,0.00,28.00,0.00,0,68
37.06,1547801812,405.34,51.51241555,7.47271324,137.10,0.00,0.00,7.61,0,-108.00,-13.00,0.00,0.00,27.00,0.00,0,322
38.05,1547801813,405.34,51.51241555,7.47271324,137.08,0.00,0.00,7.61,0,-107.00,-12.00,0.00,0.00,25.00,0.00,0,486
38.05,1547801813,405.34,51.51241555,7.47271324,137.08,0.00,0.00,7.61,0,-101.00,-9.00,0.00,0.00,28.00,0.00,0,68
38.06,1547801813,405.34,51.51241555,7.47271324,137.08,0.00,0.00,7.61,0,-108.00,-13.00,0.00,0.00,27.00,0.00,0,322
39.05,1547801814,405.34,51.51241555,7.47271324,137.07,0.00,0.00,7.61,0,-107.00,-12.00,0.00,0.00,26.00,0.00,0,486
39.06,1547801814,405.34,51.51241555,7.47271324,137.07,0.00,0.00,7.61,0,-102.00,-10.00,0.00,0.00,27.00,0.00,0,68
39.06,1547801814,405.34,51.51241555,7.47271324,137.07,0.00,0.00,7.61,0,-106.00,-13.00,0.00,0.00,27.00,0.00,0,322
40.06,1547801815,405.34,51.51241555,7.47271324,137.07,0.00,0.00,7.61,0,-107.00,-12.00,0.00,0.00,26.00,0.00,0,486
40.06,1547801815,405.34,51.51241555,7.47271324,137.07,0.00,0.00,7.61,0,-102.00,-10.00,0.00,0.00,27.00,0.00,0,68
40.06,1547801815,405.34,51.51241555,7.47271324,137.07,0.00,0.00,7.61,0,-106.00,-13.00,0.00,0.00,27.00,0.00,0,322
41.05,1547801816,405.34,51.51241555,7.47271324,137.07,0.00,0.00,7.61,0,-106.00,-12.00,0.00,0.00,26.00,0.00,0,486
41.05,1547801816,405.34,51.51241555,7.47271324,137.07,0.00,0.00,7.61,0,-106.00,-12.00,0.00,0.00,26.00,0.00,0,322
42.05,1547801817,405.34,51.51241555,7.47271324,137.06,0.00,0.00,7.61,0,-106.00,-12.00,0.00,0.00,26.00,0.00,0,486
42.06,1547801817,405.34,51.51241555,7.47271324,137.06,0.00,0.00,7.61,0,-106.00,-12.00,0.00,0.00,26.00,0.00,0,322
43.05,1547801818,405.34,51.51241555,7.47271324,137.06,0.00,0.00,7.61,0,-106.00,-11.00,0.00,0.00,24.00,0.00,0,486
43.05,1547801818,405.34,51.51241555,7.47271324,137.06,0.00,0.00,7.61,0,-101.00,-10.00,0.00,0.00,28.00,0.00,0,68
43.06,1547801818,405.34,51.51241555,7.47271324,137.06,0.00,0.00,7.61,0,-106.00,-13.00,0.00,0.00,28.00,0.00,0,322
44.05,1547801819,405.34,51.51241555,7.47271324,137.06,0.00,0.00,7.61,0,-106.00,-11.00,0.00,0.00,24.00,0.00,0,486
44.05,1547801819,405.34,51.51241555,7.47271324,137.06,0.00,0.00,7.61,0,-101.00,-10.00,0.00,0.00,28.00,0.00,0,68
44.06,1547801819,405.34,51.51241555,7.47271324,137.06,0.00,0.00,7.61,0,-106.00,-13.00,0.00,0.00,28.00,0.00,0,322
45.05,1547801820,405.34,51.51241555,7.47271324,137.06,0.00,0.00,7.61,0,-108.00,-13.00,0.00,0.00,24.00,0.00,0,486
45.06,1547801820,405.34,51.51241555,7.47271324,137.06,0.00,0.00,7.61,0,-103.00,-10.00,0.00,0.00,27.00,0.00,0,68
45.06,1547801820,405.34,51.51241555,7.47271324,137.06,0.00,0.00,7.61,0,-107.00,-12.00,0.00,0.00,25.00,0.00,0,322
46.05,1547801821,405.34,51.51241555,7.47271324,137.06,0.00,0.00,7.61,0,-108.00,-13.00,0.00,0.00,24.00,0.00,0,486
46.06,1547801821,405.34,51.51241555,7.47271324,137.06,0.00,0.00,7.61,0,-103.00,-10.00,0.00,0.00,27.00,0.00,0,68
46.06,1547801821,405.34,51.51241555,7.47271324,137.06,0.00,0.00,7.61,0,-107.00,-12.00,0.00,0.00,25.00,0.00,0,322
47.05,1547801822,405.34,51.51241555,7.47271324,137.08,0.00,0.00,7.61,0,-101.00,-10.00,0.00,0.00,27.00,0.00,0,68
47.05,1547801822,405.34,51.51241555,7.47271324,137.08,0.00,0.00,7.61,0,-107.00,-12.00,0.00,0.00,26.00,0.00,0,322
48.05,1547801823,405.34,51.51241555,7.47271324,137.16,0.00,0.00,7.61,0,-101.00,-10.00,0.00,0.00,27.00,0.00,0,68
48.05,1547801823,405.34,51.51241555,7.47271324,137.16,0.00,0.00,7.61,0,-107.00,-12.00,0.00,0.00,26.00,0.00,0,322
49.05,1547801824,405.34,51.51241555,7.47271324,137.23,0.00,0.00,7.61,0,-108.00,-12.00,0.00,0.00,25.00,0.00,0,486
49.06,1547801824,405.34,51.51241555,7.47271324,137.23,0.00,0.00,7.61,0,-103.00,-10.00,0.00,0.00,27.00,0.00,0,68
49.06,1547801824,405.34,51.51241555,7.47271324,137.23,0.00,0.00,7.61,0,-107.00,-12.00,0.00,0.00,26.00,0.00,0,322
50.05,1547801825,405.34,51.51241555,7.47271324,137.30,0.00,0.00,7.61,0,-108.00,-12.00,0.00,0.00,25.00,0.00,0,486
50.05,1547801825,405.34,51.51241555,7.47271324,137.30,0.00,0.00,7.61,0,-103.00,-10.00,0.00,0.00,27.00,0.00,0,68
50.05,1547801825,405.34,51.51241555,7.47271324,137.30,0.00,0.00,7.61,0,-107.00,-12.00,0.00,0.00,26.00,0.00,0,322
51.05,1547801826,405.34,51.51241555,7.47271324,137.37,0.00,0.00,7.61,0,-107.00,-12.00,0.00,0.00,24.00,0.00,0,486
51.05,1547801826,405.34,51.51241555,7.47271324,137.37,0.00,0.00,7.61,0,-103.00,-9.00,0.00,0.00,27.00,0.00,0,68
51.05,1547801826,405.34,51.51241555,7.47271324,137.37,0.00,0.00,7.61,0,-107.00,-12.00,0.00,0.00,27.00,0.00,0,322
52.05,1547801827,405.34,51.51263870,7.47257920,134.80,0.00,0.00,7.61,0,-107.00,-12.00,0.00,0.00,24.00,0.00,0,486
52.05,1547801827,405.34,51.51263870,7.47257920,134.80,0.00,0.00,7.61,0,-103.00,-9.00,0.00,0.00,27.00,0.00,0,68
52.05,1547801827,405.34,51.51263870,7.47257920,134.80,0.00,0.00,7.61,0,-107.00,-12.00,0.00,0.00,27.00,0.00,0,322
53.05,1547801828,405.34,51.51241555,7.47271324,137.49,0.00,0.00,7.61,0,-107.00,-15.00,0.00,0.00,26.00,0.00,0,486
53.05,1547801828,405.34,51.51241555,7.47271324,137.49,0.00,0.00,7.61,0,-105.00,-13.00,0.00,0.00,26.00,0.00,0,68
53.05,1547801828,405.34,51.51241555,7.47271324,137.49,0.00,0.00,7.61,0,-106.00,-13.00,0.00,0.00,26.00,0.00,0,322
54.06,1547801829,405.34,51.51241555,7.47271324,137.54,0.00,0.00,7.61,0,-107.00,-15.00,0.00,0.00,26.00,0.00,0,486
54.06,1547801829,405.34,51.51241555,7.47271324,137.54,0.00,0.00,7.61,0,-105.00,-13.00,0.00,0.00,26.00,0.00,0,68
54.06,1547801829,405.34,51.51241555,7.47271324,137.54,0.00,0.00,7.61,0,-106.00,-13.00,0.00,0.00,26.00,0.00,0,322
55.05,1547801830,405.34,51.51241555,7.47271324,137.60,0.00,0.00,7.61,0,-102.00,-11.00,0.00,0.00,26.00,0.00,0,68
55.05,1547801830,405.34,51.51241555,7.47271324,137.60,0.00,0.00,7.61,0,-106.00,-11.00,0.00,0.00,26.00,0.00,0,322
56.05,1547801831,405.34,51.51241555,7.47271324,137.66,0.00,0.00,7.61,0,-102.00,-11.00,0.00,0.00,26.00,0.00,0,68
56.05,1547801831,405.34,51.51241555,7.47271324,137.66,0.00,0.00,7.61,0,-106.00,-11.00,0.00,0.00,26.00,0.00,0,322
57.06,1547801832,405.34,51.51241555,7.47271324,137.70,0.00,0.00,7.61,0,-102.00,-10.00,0.00,0.00,28.00,0.00,0,68
57.06,1547801832,405.34,51.51241555,7.47271324,137.70,0.00,0.00,7.61,0,-105.00,-13.00,0.00,0.00,28.00,0.00,0,322
58.05,1547801833,405.34,51.51241555,7.47271324,137.75,0.00,0.00,7.61,0,-102.00,-10.00,0.00,0.00,28.00,0.00,0,68
58.05,1547801833,405.34,51.51241555,7.47271324,137.75,0.00,0.00,7.61,0,-105.00,-13.00,0.00,0.00,28.00,0.00,0,322
59.05,1547801834,405.34,51.51241555,7.47271324,137.79,0.00,0.00,7.61,0,-102.00,-10.00,0.00,0.00,28.00,0.00,0,68
59.05,1547801834,405.34,51.51241555,7.47271324,137.79,0.00,0.00,7.61,0,-105.00,-13.00,0.00,0.00,28.00,0.00,0,322
60.05,1547801835,405.34,51.51241555,7.47271324,137.84,0.00,0.00,7.61,0,-103.00,-10.00,0.00,0.00,27.00,0.00,0,68
60.05,1547801835,405.34,51.51241555,7.47271324,137.84,0.00,0.00,7.61,0,-105.00,-11.00,0.00,0.00,26.00,0.00,0,322
61.05,1547801836,405.34,51.51241555,7.47271324,137.88,0.00,0.00,7.61,0,-103.00,-10.00,0.00,0.00,27.00,0.00,0,68
61.05,1547801836,405.34,51.51241555,7.47271324,137.88,0.00,0.00,7.61,0,-105.00,-11.00,0.00,0.00,26.00,0.00,0,322
62.05,1547801837,405.34,51.51241555,7.47271324,137.92,0.00,0.00,7.61,0,-108.00,-15.00,0.00,0.00,30.00,0.00,0,486
62.06,1547801837,405.34,51.51241555,7.47271324,137.92,0.00,0.00,7.61,0,-105.00,-11.00,0.00,0.00,27.00,0.00,0,68
62.06,1547801837,405.34,51.51241555,7.47271324,137.92,0.00,0.00,7.61,0,-106.00,-11.00,0.00,0.00,27.00,0.00,0,322
63.05,1547801838,405.34,51.51241555,7.47271324,138.29,0.00,0.00,7.61,0,-108.00,-15.00,0.00,0.00,30.00,0.00,0,486
63.06,1547801838,405.34,51.51241555,7.47271324,138.29,0.00,0.00,7.61,0,-105.00,-11.00,0.00,0.00,27.00,0.00,0,68
63.06,1547801838,405.34,51.51241555,7.47271324,138.29,0.00,0.00,7.61,0,-106.00,-11.00,0.00,0.00,27.00,0.00,0,322
64.05,1547801839,405.34,51.51241555,7.47271324,138.69,0.00,0.00,7.61,0,-108.00,-12.00,0.00,0.00,23.00,0.00,0,486
64.06,1547801839,405.34,51.51241555,7.47271324,138.69,0.00,0.00,7.61,0,-104.00,-11.00,0.00,0.00,26.00,0.00,0,68
64.06,1547801839,405.34,51.51241555,7.47271324,138.69,0.00,0.00,7.61,0,-106.00,-12.00,0.00,0.00,26.00,0.00,0,322
65.05,1547801840,405.34,51.51241555,7.47271324,139.00,0.00,0.00,14.32,0,-108.00,-12.00,0.00,0.00,23.00,0.00,0,486
65.05,1547801840,405.34,51.51241555,7.47271324,139.00,0.00,0.00,14.32,0,-104.00,-11.00,0.00,0.00,26.00,0.00,0,68
65.06,1547801840,405.34,51.51241555,7.47271324,139.00,0.00,0.00,14.32,0,-106.00,-12.00,0.00,0.00,26.00,0.00,0,322
66.05,1547801841,405.34,51.51249390,7.47272043,140.53,0.00,0.00,10.95,0,-108.00,-12.00,0.00,0.00,23.00,0.00,0,486
66.06,1547801841,405.34,51.51249390,7.47272043,140.53,0.00,0.00,10.95,0,-103.00,-10.00,0.00,0.00,27.00,0.00,0,68
66.06,1547801841,405.34,51.51249390,7.47272043,140.53,0.00,0.00,10.95,0,-106.00,-12.00,0.00,0.00,26.00,0.00,0,322
67.05,1547801842,405.36,51.51256623,7.47273944,140.60,8.17,0.00,8.75,0,-108.00,-12.00,0.00,0.00,23.00,0.00,0,486
67.06,1547801842,405.36,51.51256623,7.47273944,140.60,8.17,0.00,8.75,0,-103.00,-10.00,0.00,0.00,27.00,0.00,0,68
67.06,1547801842,405.36,51.51256623,7.47273944,140.60,8.17,0.00,8.75,0,-106.00,-12.00,0.00,0.00,26.00,0.00,0,322
68.06,1547801843,413.53,51.51264288,7.47275334,140.21,8.73,0.00,7.03,0,-106.00,-13.00,0.00,0.00,26.00,0.00,0,486
68.06,1547801843,413.54,51.51264288,7.47275334,140.21,8.73,0.00,7.03,0,-100.00,-11.00,0.00,0.00,32.00,0.00,0,68
68.06,1547801843,413.55,51.51264288,7.47275334,140.21,8.73,0.00,7.03,0,-103.00,-16.00,0.00,0.00,33.00,0.00,0,323
69.05,1547801844,422.26,51.51272833,7.47276615,139.50,9.60,0.00,5.89,0,-106.00,-13.00,0.00,0.00,26.00,0.00,0,486
69.06,1547801844,422.27,51.51272833,7.47276615,139.50,9.60,0.00,5.89,0,-100.00,-11.00,0.00,0.00,32.00,0.00,0,68
69.06,1547801844,422.27,51.51272833,7.47276615,139.50,9.60,0.00,5.89,0,-103.00,-16.00,0.00,0.00,33.00,0.00,0,323
70.05,1547801845,431.86,51.51282299,7.47277906,138.66,10.65,0.00,5.27,0,-99.00,-11.00,0.00,0.00,33.00,0.00,0,68
70.06,1547801845,431.87,51.51282299,7.47277906,138.66,10.65,0.00,5.27,0,-103.00,-16.00,0.00,0.00,34.00,0.00,0,323
71.05,1547801846,442.49,51.51292670,7.47278536,137.50,11.44,0.00,4.17,0,-99.00,-11.00,0.00,0.00,33.00,0.00,0,68
71.05,1547801846,442.49,51.51292670,7.47278536,137.50,11.44,0.00,4.17,0,-103.00,-16.00,0.00,0.00,34.00,0.00,0,323
72.05,1547801847,453.91,51.51299410,7.47293460,134.90,11.43,0.00,3.09,0,-97.00,-11.00,0.00,0.00,36.00,0.00,0,68
73.05,1547801848,465.33,51.51313395,7.47280735,134.46,11.26,0.00,2.50,0,-97.00,-11.00,0.00,0.00,36.00,0.00,0,68
74.05,1547801849,476.64,51.51323121,7.47281619,132.75,10.35,0.00,3.37,0,-94.00,-8.00,0.00,0.00,34.00,0.00,0,33
74.06,1547801849,476.65,51.51323121,7.47281619,132.75,10.35,0.00,3.37,0,-99.00,-13.00,0.00,0.00,37.00,0.00,0,66
74.06,1547801849,476.66,51.51323121,7.47281619,132.75,10.35,0.00,3.37,0,-101.00,-12.00,0.00,0.00,38.00,0.00,0,322
75.05,1547801850,486.99,51.51332022,7.47282678,131.43,9.46,0.00,2.62,0,-94.00,-8.00,0.00,0.00,34.00,0.00,0,33
75.06,1547801850,487.00,51.51332022,7.47282678,131.43,9.46,0.00,2.62,0,-99.00,-13.00,0.00,0.00,37.00,0.00,0,66
75.06,1547801850,487.00,51.51332022,7.47282678,131.43,9.46,0.00,2.62,0,-101.00,-12.00,0.00,0.00,38.00,0.00,0,322
76.05,1547801851,496.45,51.51340424,7.47283724,130.12,8.84,0.00,3.41,0,-93.00,-6.00,0.00,0.00,32.00,0.00,0,33
76.06,1547801851,496.46,51.51340424,7.47283724,130.12,8.84,0.00,3.41,0,-96.00,-8.00,0.00,0.00,32.00,0.00,0,322
76.06,1547801851,496.47,51.51340424,7.47283724,130.12,8.84,0.00,3.41,0,-98.00,-12.00,0.00,0.00,35.00,0.00,0,66
77.05,1547801852,505.29,51.51347957,7.47284888,128.49,8.05,0.00,3.23,0,-93.00,-6.00,0.00,0.00,32.00,0.00,0,33
77.06,1547801852,505.30,51.51347957,7.47284888,128.49,8.05,0.00,3.23,0,-96.00,-8.00,0.00,0.00,32.00,0.00,0,322
77.06,1547801852,505.31,51.51347957,7.47284888,128.49,8.05,0.00,3.23,0,-98.00,-12.00,0.00,0.00,35.00,0.00,0,66
78.06,1547801853,513.39,51.51354464,7.47285475,126.89,6.52,0.00,2.43,0,-85.00,-7.00,0.00,0.00,44.00,0.00,0,33
78.06,1547801853,513.40,51.51354464,7.47285475,126.89,6.52,0.00,2.43,0,-97.00,-12.00,0.00,0.00,36.00,0.00,0,66
79.05,1547801854,519.86,51.51359279,7.47286538,125.08,4.66,0.00,2.92,0,-85.00,-7.00,0.00,0.00,44.00,0.00,0,33
79.05,1547801854,519.86,51.51359279,7.47286538,125.08,4.66,0.00,2.92,0,-97.00,-12.00,0.00,0.00,36.00,0.00,0,66
80.05,1547801855,524.52,51.51363017,7.47287647,124.89,3.29,0.00,2.31,0,-85.00,-7.00,0.00,0.00,44.00,0.00,0,33
80.06,1547801855,524.52,51.51363017,7.47287647,124.89,3.29,0.00,2.31,0,-97.00,-12.00,0.00,0.00,36.00,0.00,0,66
81.05,1547801856,527.79,51.51365636,7.47287968,124.73,2.01,0.00,2.90,0,-96.00,-11.00,0.00,0.00,35.00,0.00,0,66
81.05,1547801856,527.80,51.51365636,7.47287968,124.73,2.01,0.00,2.90,0,-101.00,-13.00,0.00,0.00,31.00,0.00,0,322
82.05,1547801857,529.80,51.51367989,7.47287948,124.59,1.77,0.00,2.52,0,-96.00,-11.00,0.00,0.00,35.00,0.00,0,66
82.05,1547801857,529.80,51.51367989,7.47287948,124.59,1.77,0.00,2.52,0,-101.00,-13.00,0.00,0.00,31.00,0.00,0,322
83.05,1547801858,531.58,51.51371035,7.47288378,124.50,2.99,0.00,1.78,0,-89.00,-8.00,0.00,0.00,36.00,0.00,0,203
83.05,1547801858,531.58,51.51371035,7.47288378,124.50,2.99,0.00,1.78,0,-91.00,-8.00,0.00,0.00,39.00,0.00,0,60
84.05,1547801859,534.57,51.51375333,7.47289027,123.56,4.72,0.00,2.43,0,-89.00,-8.00,0.00,0.00,36.00,0.00,0,203
84.05,1547801859,534.57,51.51375333,7.47289027,123.56,4.72,0.00,2.43,0,-91.00,-8.00,0.00,0.00,39.00,0.00,0,60
85.05,1547801860,539.29,51.51380632,7.47290130,123.09,6.14,0.00,2.21,0,-90.00,-7.00,0.00,0.00,35.00,0.00,0,33
85.05,1547801860,539.29,51.51380632,7.47290130,123.09,6.14,0.00,2.21,0,-93.00,-10.00,0.00,0.00,37.00,0.00,0,68
85.06,1547801860,539.30,51.51380632,7.47290130,123.09,6.14,0.00,2.21,0,-98.00,-12.00,0.00,0.00,36.00,0.00,0,322
86.05,1547801861,545.43,51.51386791,7.47290306,122.76,6.88,0.00,2.11,0,-90.00,-7.00,0.00,0.00,35.00,0.00,0,33
86.06,1547801861,545.44,51.51386791,7.47290306,122.76,6.88,0.00,2.11,0,-93.00,-10.00,0.00,0.00,37.00,0.00,0,68
86.06,1547801861,545.44,51.51386791,7.47290306,122.76,6.88,0.00,2.11,0,-98.00,-12.00,0.00,0.00,36.00,0.00,0,322
87.05,1547801862,552.32,51.51392405,7.47290930,121.86,6.40,0.00,1.82,0,-91.00,-7.00,0.00,0.00,35.00,0.00,0,33
87.05,1547801862,552.32,51.51392405,7.47290930,121.86,6.40,0.00,1.82,0,-92.00,-9.00,0.00,0.00,36.00,0.00,0,68
87.06,1547801862,552.32,51.51392405,7.47290930,121.86,6.40,0.00,1.82,0,-98.00,-13.00,0.00,0.00,36.00,0.00,0,218
88.05,1547801863,558.72,51.51397904,7.47291391,121.69,6.12,0.00,0.89,0,-91.00,-7.00,0.00,0.00,35.00,0.00,0,33
88.05,1547801863,558.72,51.51397904,7.47291391,121.69,6.12,0.00,0.89,0,-92.00,-9.00,0.00,0.00,36.00,0.00,0,68
88.06,1547801863,558.72,51.51397904,7.47291391,121.69,6.12,0.00,0.89,0,-98.00,-13.00,0.00,0.00,36.00,0.00,0,218
89.05,1547801864,564.83,51.51403735,7.47291307,121.77,6.66,0.00,1.59,0,-90.00,-7.00,0.00,0.00,38.00,0.00,0,68
89.05,1547801864,564.83,51.51403735,7.47291307,121.77,6.66,0.00,1.59,0,-96.00,-15.00,0.00,0.00,40.00,0.00,0,428
90.05,1547801865,571.50,51.51409943,7.47290953,122.40,7.21,0.00,1.57,0,-90.00,-7.00,0.00,0.00,38.00,0.00,0,68
90.06,1547801865,571.51,51.51409943,7.47290953,122.40,7.21,0.00,1.57,0,-96.00,-15.00,0.00,0.00,40.00,0.00,0,428
91.05,1547801866,578.66,51.51416415,7.47291062,122.37,7.30,0.00,1.93,0,-90.00,-10.00,0.00,0.00,42.00,0.00,0,68
92.05,1547801867,585.97,51.51403960,7.47300330,132.60,3.74,0.00,1.32,0,-90.00,-10.00,0.00,0.00,42.00,0.00,0,68
93.05,1547801868,589.72,51.51422901,7.47290373,122.50,2.46,0.00,2.69,0,-87.00,-10.00,0.00,0.00,43.00,0.00,0,68
94.05,1547801869,592.18,51.51424174,7.47290022,122.62,0.93,0.00,2.69,0,-87.00,-10.00,0.00,0.00,43.00,0.00,0,68
95.05,1547801870,593.11,51.51425323,7.47288951,122.84,0.82,0.00,2.69,0,-88.00,-11.00,0.00,0.00,45.00,0.00,0,68
95.05,1547801870,593.11,51.51425323,7.47288951,122.84,0.82,0.00,2.69,0,-91.00,-16.00,0.00,0.00,45.00,0.00,0,333
96.05,1547801871,593.94,51.51427425,7.47288263,123.08,2.27,0.00,4.80,0,-88.00,-11.00,0.00,0.00,45.00,0.00,0,68
96.05,1547801871,593.94,51.51427425,7.47288263,123.08,2.27,0.00,4.80,0,-91.00,-16.00,0.00,0.00,45.00,0.00,0,333
97.05,1547801872,596.21,51.51430174,7.47288339,123.37,3.23,0.00,5.95,0,-86.00,-10.00,0.00,0.00,45.00,0.00,0,68
98.05,1547801873,599.44,51.51434780,7.47289341,126.26,5.49,0.00,7.32,0,-86.00,-10.00,0.00,0.00,45.00,0.00,0,68
99.05,1547801874,604.94,51.51441156,7.47289889,129.52,7.48,0.00,5.45,0,-88.00,-13.00,0.00,0.00,46.00,0.00,0,68
100.05,1547801875,612.42,51.51448594,7.47290996,132.23,8.94,0.00,4.44,0,-88.00,-13.00,0.00,0.00,46.00,0.00,0,68
101.06,1547801876,621.39,51.51456768,7.47291547,134.12,9.77,0.00,3.64,0,-93.00,-15.00,0.00,0.00,42.00,0.00,0,202
101.06,1547801876,621.39,51.51456768,7.47291547,134.12,9.77,0.00,3.64,0,-86.00,-13.00,0.00,0.00,49.00,0.00,0,68
102.05,1547801877,631.10,51.51465245,7.47292659,134.38,10.28,0.00,4.45,0,-93.00,-15.00,0.00,0.00,42.00,0.00,0,202
102.05,1547801877,631.11,51.51465245,7.47292659,134.38,10.28,0.00,4.45,0,-86.00,-13.00,0.00,0.00,49.00,0.00,0,68
103.05,1547801878,641.43,51.51475912,7.47294046,133.96,12.57,0.00,4.45,0,-93.00,-15.00,0.00,0.00,42.00,0.00,0,202
103.06,1547801878,641.45,51.51475912,7.47294046,133.96,12.57,0.00,4.45,0,-86.00,-13.00,0.00,0.00,49.00,0.00,0,68
104.05,1547801879,653.99,51.51487903,7.47295805,133.42,13.54,0.00,3.52,0,-91.00,-12.00,0.00,0.00,39.00,0.00,0,202
104.05,1547801879,654.01,51.51487903,7.47295805,133.42,13.54,0.00,3.52,0,-80.00,-10.00,0.00,0.00,50.00,0.00,0,68
105.05,1547801880,667.53,51.51499918,7.47296919,133.06,13.42,0.00,2.81,0,-91.00,-12.00,0.00,0.00,39.00,0.00,0,202
105.05,1547801880,667.54,51.51499918,7.47296919,133.06,13.42,0.00,2.81,0,-80.00,-10.00,0.00,0.00,50.00,0.00,0,68
106.05,1547801881,680.94,51.51511648,7.47297191,133.09,13.08,0.00,1.33,0,-84.00,-10.00,0.00,0.00,43.00,0.00,0,202
107.05,1547801882,694.02,51.51522893,7.47296569,132.74,12.74,0.00,359.42,0,-84.00,-10.00,0.00,0.00,43.00,0.00,0,202
108.05,1547801883,706.69,51.51534745,7.47295406,131.86,12.88,0.00,356.60,0,-79.00,-7.00,0.00,0.00,47.00,0.00,0,202
108.05,1547801883,706.69,51.51534745,7.47295406,131.86,12.88,0.00,356.60,0,-71.00,-10.00,0.00,0.00,61.00,0.00,0,68
109.05,1547801884,719.65,51.51546701,7.47292699,131.38,13.35,0.00,353.66,0,-79.00,-7.00,0.00,0.00,47.00,0.00,0,202
109.05,1547801884,719.67,51.51546701,7.47292699,131.38,13.35,0.00,353.66,0,-71.00,-10.00,0.00,0.00,61.00,0.00,0,68
110.05,1547801885,732.99,51.51558195,7.47288913,131.49,13.30,0.00,349.95,0,-83.00,-7.00,0.00,0.00,43.00,0.00,0,202
110.05,1547801885,733.00,51.51558195,7.47288913,131.49,13.30,0.00,349.95,0,-75.00,-10.00,0.00,0.00,54.00,0.00,0,68
111.05,1547801886,746.24,51.51568500,7.47270590,131.85,12.71,0.00,346.00,0,-83.00,-7.00,0.00,0.00,43.00,0.00,0,202
111.05,1547801886,746.26,51.51568500,7.47270590,131.85,12.71,0.00,346.00,0,-75.00,-10.00,0.00,0.00,54.00,0.00,0,68
112.05,1547801887,758.94,51.51580330,7.47275754,131.75,13.19,0.00,343.05,0,-81.00,-12.00,0.00,0.00,52.00,0.00,0,66
113.05,1547801888,772.18,51.51591118,7.47267806,131.58,13.13,0.00,340.79,0,-81.00,-12.00,0.00,0.00,52.00,0.00,0,66
114.05,1547801889,785.32,51.51601420,7.47253583,131.83,13.13,0.00,343.53,0,-78.00,-9.00,0.00,0.00,52.00,0.00,0,66
115.05,1547801890,798.47,51.51612229,7.47236924,133.21,13.88,0.00,337.69,0,-78.00,-9.00,0.00,0.00,52.00,0.00,0,66
116.05,1547801891,812.33,51.51621985,7.47220842,135.62,14.69,0.00,316.65,0,-80.00,-10.00,0.00,0.00,48.00,0.00,0,66
117.05,1547801892,827.03,51.51632262,7.47205139,138.33,14.85,0.00,315.18,0,-80.00,-10.00,0.00,0.00,48.00,0.00,0,66
118.05,1547801893,841.87,51.51647012,7.47186580,142.87,14.85,0.00,320.72,0,-81.00,-13.00,0.00,0.00,54.00,0.00,0,66
119.05,1547801894,856.73,51.51658093,7.47166342,148.82,14.69,0.00,313.97,0,-81.00,-13.00,0.00,0.00,54.00,0.00,0,66
120.06,1547801895,871.49,51.51660858,7.47147174,154.23,14.80,0.00,307.42,0,-84.00,-16.00,0.00,0.00,53.00,0.00,0,66
121.05,1547801896,886.16,51.51662316,7.47127989,156.92,14.82,0.00,293.52,0,-84.00,-16.00,0.00,0.00,53.00,0.00,0,66
127.05,1547801902,976.24,51.51685944,7.47020927,147.00,15.27,0.00,291.92,0,-85.00,-17.00,0.00,0.00,53.00,0.00,0,114
127.06,1547801902,976.25,51.51685944,7.47020927,147.00,15.27,0.00,291.92,0,-85.00,-18.00,0.00,0.00,53.00,0.00,0,499
128.05,1547801903,991.49,51.51690301,7.47002052,143.55,14.04,0.00,290.44,0,-85.00,-17.00,0.00,0.00,53.00,0.00,0,114
128.05,1547801903,991.51,51.51690301,7.47002052,143.55,14.04,0.00,290.44,0,-85.00,-18.00,0.00,0.00,53.00,0.00,0,499
129.05,1547801904,1005.53,51.51694373,7.46983942,140.70,11.71,0.00,289.79,0,-87.00,-17.00,0.00,0.00,49.00,0.00,0,114
129.05,1547801904,1005.55,51.51694373,7.46983942,140.70,11.71,0.00,289.79,0,-88.00,-18.00,0.00,0.00,50.00,0.00,0,499
130.05,1547801905,1017.19,51.51697621,7.46968634,138.52,10.48,0.00,289.35,0,-87.00,-17.00,0.00,0.00,49.00,0.00,0,114
130.05,1547801905,1017.20,51.51697621,7.46968634,138.52,10.48,0.00,289.35,0,-88.00,-18.00,0.00,0.00,50.00,0.00,0,499
133.05,1547801908,1046.30,51.51706426,7.46927696,133.39,10.16,0.00,288.03,0,-102.00,-12.00,0.00,0.00,29.00,0.00,0,347
133.06,1547801908,1046.31,51.51706426,7.46927696,133.39,10.16,0.00,288.03,0,-103.00,-10.00,0.00,0.00,26.00,0.00,0,107
133.06,1547801908,1046.31,51.51706426,7.46927696,133.39,10.16,0.00,288.03,0,-103.00,-12.00,0.00,0.00,29.00,0.00,0,345
134.05,1547801909,1056.47,51.51709551,7.46911677,132.55,11.80,0.00,287.60,0,-102.00,-12.00,0.00,0.00,29.00,0.00,0,347
134.06,1547801909,1056.48,51.51709551,7.46911677,132.55,11.80,0.00,287.60,0,-103.00,-10.00,0.00,0.00,26.00,0.00,0,107
134.06,1547801909,1056.50,51.51709551,7.46911677,132.55,11.80,0.00,287.60,0,-103.00,-12.00,0.00,0.00,29.00,0.00,0,345
135.06,1547801910,1068.29,51.51712907,7.46893941,131.88,13.04,0.00,288.58,0,-99.00,-11.00,0.00,0.00,30.00,0.00,0,345
135.06,1547801910,1068.29,51.51712907,7.46893941,131.88,13.04,0.00,288.58,0,-101.00,-13.00,0.00,0.00,30.00,0.00,0,347
135.06,1547801910,1068.30,51.51712907,7.46893941,131.88,13.04,0.00,288.58,0,-105.00,-16.00,0.00,0.00,30.00,0.00,0,486
135.06,1547801910,1068.31,51.51712907,7.46893941,131.88,13.04,0.00,288.58,0,-97.00,-15.00,0.00,0.00,40.00,0.00,0,230
136.06,1547801911,1081.32,51.51716561,7.46875945,131.20,13.67,0.00,289.28,0,-99.00,-11.00,0.00,0.00,30.00,0.00,0,345
136.06,1547801911,1081.34,51.51716561,7.46875945,131.20,13.67,0.00,289.28,0,-101.00,-13.00,0.00,0.00,30.00,0.00,0,347
136.06,1547801911,1081.34,51.51716561,7.46875945,131.20,13.67,0.00,289.28,0,-105.00,-16.00,0.00,0.00,30.00,0.00,0,486
136.06,1547801911,1081.35,51.51716561,7.46875945,131.20,13.67,0.00,289.28,0,-97.00,-15.00,0.00,0.00,40.00,0.00,0,230
137.05,1547801912,1094.98,51.51720764,7.46856796,130.58,14.56,0.00,290.13,0,-95.00,-10.00,0.00,0.00,33.00,0.00,0,347
137.06,1547801912,1094.99,51.51720764,7.46856796,130.58,14.56,0.00,290.13,0,-96.00,-11.00,0.00,0.00,33.00,0.00,0,345
137.06,1547801912,1094.99,51.51720764,7.46856796,130.58,14.56,0.00,290.13,0,-98.00,-15.00,0.00,0.00,37.00,0.00,0,218
138.05,1547801913,1109.53,51.51725287,7.46837896,130.17,15.13,0.00,290.92,0,-95.00,-10.00,0.00,0.00,33.00,0.00,0,347
138.05,1547801913,1109.54,51.51725287,7.46837896,130.17,15.13,0.00,290.92,0,-96.00,-11.00,0.00,0.00,33.00,0.00,0,345
138.06,1547801913,1109.56,51.51725287,7.46837896,130.17,15.13,0.00,290.92,0,-98.00,-15.00,0.00,0.00,37.00,0.00,0,218
139.05,1547801914,1124.68,51.51730625,7.46817845,129.71,15.70,0.00,292.24,0,-98.00,-19.00,0.00,0.00,41.00,0.00,0,116
139.06,1547801914,1124.69,51.51730625,7.46817845,129.71,15.70,0.00,292.24,0,-99.00,-20.00,0.00,0.00,41.00,0.00,0,218
140.05,1547801915,1140.38,51.51736261,7.46796959,129.20,15.73,0.00,293.15,0,-98.00,-19.00,0.00,0.00,41.00,0.00,0,116
140.06,1547801915,1140.40,51.51736261,7.46796959,129.20,15.73,0.00,293.15,0,-99.00,-20.00,0.00,0.00,41.00,0.00,0,218
141.05,1547801916,1156.11,51.51742486,7.46776361,128.64,15.51,0.00,294.40,0,-90.00,-13.00,0.00,0.00,43.00,0.00,0,345
141.05,1547801916,1156.11,51.51742486,7.46776361,128.64,15.51,0.00,294.40,0,-85.00,-14.00,0.00,0.00,49.00,0.00,0,364
142.05,1547801917,1171.55,51.51749006,7.46757165,128.16,15.03,0.00,296.52,0,-90.00,-13.00,0.00,0.00,43.00,0.00,0,345
142.05,1547801917,1171.56,51.51749006,7.46757165,128.16,15.03,0.00,296.52,0,-85.00,-14.00,0.00,0.00,49.00,0.00,0,364
148.05,1547801923,1259.16,51.51779771,7.46641795,128.61,13.92,0.00,287.71,0,-85.00,-7.00,0.00,0.00,41.00,0.00,0,68
148.05,1547801923,1259.18,51.51779771,7.46641795,128.61,13.92,0.00,287.71,0,-92.00,-12.00,0.00,0.00,42.00,0.00,0,218
149.05,1547801924,1273.08,51.51782980,7.46622308,129.07,13.54,0.00,286.09,0,-85.00,-7.00,0.00,0.00,41.00,0.00,0,68
149.05,1547801924,1273.09,51.51782980,7.46622308,129.07,13.54,0.00,286.09,0,-92.00,-12.00,0.00,0.00,42.00,0.00,0,218
150.05,1547801925,1286.63,51.51785726,7.46602548,129.29,13.10,0.00,284.77,0,-96.00,-13.00,0.00,0.00,41.00,0.00,0,217
150.05,1547801925,1286.64,51.51785726,7.46602548,129.29,13.10,0.00,284.77,0,-96.00,-13.00,0.00,0.00,41.00,0.00,0,218
151.05,1547801926,1299.74,51.51787810,7.46582785,129.58,12.93,0.00,282.94,0,-96.00,-13.00,0.00,0.00,41.00,0.00,0,217
151.06,1547801926,1299.75,51.51787810,7.46582785,129.58,12.93,0.00,282.94,0,-96.00,-13.00,0.00,0.00,41.00,0.00,0,218
154.05,1547801929,1336.93,51.51789412,7.46526230,131.94,10.64,0.00,264.24,0,-91.00,-12.00,0.00,0.00,40.00,0.00,0,217
154.05,1547801929,1336.94,51.51789412,7.46526230,131.94,10.64,0.00,264.24,0,-105.00,-24.00,0.00,0.00,39.00,0.00,0,321
155.05,1547801930,1347.62,51.51788341,7.46506844,132.37,12.20,0.00,266.01,0,-91.00,-12.00,0.00,0.00,40.00,0.00,0,217
155.05,1547801930,1347.63,51.51788341,7.46506844,132.37,12.20,0.00,266.01,0,-105.00,-24.00,0.00,0.00,39.00,0.00,0,321
156.06,1547801931,1359.89,51.51787514,7.46487782,132.86,12.57,0.00,266.99,0,-87.00,-8.00,0.00,0.00,52.00,0.00,0,68
156.06,1547801931,1359.91,51.51787514,7.46487782,132.86,12.57,0.00,266.99,0,-94.00,-14.00,0.00,0.00,52.00,0.00,0,217
157.05,1547801932,1372.34,51.51786678,7.46470789,132.82,12.25,0.00,265.82,0,-87.00,-8.00,0.00,0.00,52.00,0.00,0,68
157.05,1547801932,1372.34,51.51786678,7.46470789,132.82,12.25,0.00,265.82,0,-94.00,-14.00,0.00,0.00,52.00,0.00,0,217
158.05,1547801933,1384.66,51.51785374,7.46455156,132.43,12.57,0.00,264.11,0,-94.00,-12.00,0.00,0.00,38.00,0.00,0,217
158.06,1547801933,1384.67,51.51785374,7.46455156,132.43,12.57,0.00,264.11,0,-96.00,-13.00,0.00,0.00,38.00,0.00,0,218
159.05,1547801934,1397.18,51.51783739,7.46437162,132.26,12.79,0.00,262.53,0,-94.00,-12.00,0.00,0.00,38.00,0.00,0,217
159.05,1547801934,1397.18,51.51783739,7.46437162,132.26,12.79,0.00,262.53,0,-96.00,-13.00,0.00,0.00,38.00,0.00,0,218
160.05,1547801935,1410.01,51.51781420,7.46417196,132.02,12.80,0.00,259.62,0,-94.00,-12.00,0.00,0.00,38.00,0.00,0,217
160.05,1547801935,1410.02,51.51781420,7.46417196,132.02,12.80,0.00,259.62,0,-96.00,-13.00,0.00,0.00,38.00,0.00,0,218
161.05,1547801936,1422.81,51.51778592,7.46397228,131.80,13.39,0.00,257.26,0,-94.00,-12.00,0.00,0.00,38.00,0.00,0,217
161.05,1547801936,1422.83,51.51778592,7.46397228,131.80,13.39,0.00,257.26,0,-96.00,-13.00,0.00,0.00,38.00,0.00,0,218
162.05,1547801937,1436.15,51.51775634,7.46377864,131.61,13.66,0.00,255.35,0,-90.00,-14.00,0.00,0.00,42.00,0.00,0,218
162.05,1547801937,1436.15,51.51775634,7.46377864,131.61,13.66,0.00,255.35,0,-81.00,-5.00,0.00,0.00,44.00,0.00,0,345
163.05,1547801938,1449.88,51.51772098,7.46358848,131.29,13.75,0.00,252.77,0,-90.00,-14.00,0.00,0.00,42.00,0.00,0,218
163.06,1547801938,1449.89,51.51772098,7.46358848,131.29,13.75,0.00,252.77,0,-81.00,-5.00,0.00,0.00,44.00,0.00,0,345
164.05,1547801939,1463.63,51.51768432,7.46339572,131.16,14.03,0.00,251.46,0,-89.00,-12.00,0.00,0.00,42.00,0.00,0,218
164.06,1547801939,1463.65,51.51768432,7.46339572,131.16,14.03,0.00,251.46,0,-82.00,-7.00,0.00,0.00,45.00,0.00,0,345
165.05,1547801940,1477.65,51.51764911,7.46320298,131.17,13.87,0.00,251.71,0,-89.00,-12.00,0.00,0.00,42.00,0.00,0,218
165.05,1547801940,1477.67,51.51764911,7.46320298,131.17,13.87,0.00,251.71,0,-82.00,-7.00,0.00,0.00,45.00,0.00,0,345
166.05,1547801941,1491.53,51.51761000,7.46301933,131.03,13.42,0.00,248.58,0,-89.00,-12.00,0.00,0.00,42.00,0.00,0,218
166.05,1547801941,1491.54,51.51761000,7.46301933,131.03,13.42,0.00,248.58,0,-82.00,-7.00,0.00,0.00,45.00,0.00,0,345
167.05,1547801942,1504.95,51.51756381,7.46283547,131.12,13.07,0.00,248.11,0,-90.00,-14.00,0.00,0.00,43.00,0.00,0,218
167.05,1547801942,1504.96,51.51756381,7.46283547,131.12,13.07,0.00,248.11,0,-78.00,-7.00,0.00,0.00,49.00,0.00,0,345
168.05,1547801943,1518.02,51.51752094,7.46267105,130.50,12.84,0.00,247.85,0,-90.00,-14.00,0.00,0.00,43.00,0.00,0,218
168.05,1547801943,1518.03,51.51752094,7.46267105,130.50,12.84,0.00,247.85,0,-78.00,-7.00,0.00,0.00,49.00,0.00,0,345
169.05,1547801944,1530.86,51.51747663,7.46248776,130.18,13.55,0.00,248.37,0,-91.00,-12.00,0.00,0.00,40.00,0.00,0,218
169.05,1547801944,1530.87,51.51747663,7.46248776,130.18,13.55,0.00,248.37,0,-76.00,-6.00,0.00,0.00,51.00,0.00,0,345
170.06,1547801945,1544.44,51.51743313,7.46230772,129.93,13.56,0.00,249.49,0,-91.00,-12.00,0.00,0.00,40.00,0.00,0,218
170.06,1547801945,1544.45,51.51743313,7.46230772,129.93,13.56,0.00,249.49,0,-76.00,-6.00,0.00,0.00,51.00,0.00,0,345
171.05,1547801946,1557.98,51.51739202,7.46212219,129.79,13.77,0.00,251.65,0,-89.00,-12.00,0.00,0.00,42.00,0.00,0,218
171.05,1547801946,1557.98,51.51739202,7.46212219,129.79,13.77,0.00,251.65,0,-77.00,-6.00,0.00,0.00,49.00,0.00,0,345
172.05,1547801947,1571.71,51.51736411,7.46193259,129.52,14.35,0.00,253.91,0,-89.00,-12.00,0.00,0.00,42.00,0.00,0,218
172.05,1547801947,1571.72,51.51736411,7.46193259,129.52,14.35,0.00,253.91,0,-77.00,-6.00,0.00,0.00,49.00,0.00,0,345
173.05,1547801948,1586.06,51.51734780,7.46220610,143.30,14.04,0.00,252.41,0,-83.00,-6.00,0.00,0.00,43.00,0.00,0,345
174.05,1547801949,1600.09,51.51730198,7.46152964,129.02,14.74,0.00,254.38,0,-83.00,-6.00,0.00,0.00,43.00,0.00,0,345
175.05,1547801950,1614.90,51.51724722,7.46133876,128.81,14.26,0.00,254.70,0,-84.00,-8.00,0.00,0.00,45.00,0.00,0,345
175.05,1547801950,1614.90,51.51724722,7.46133876,128.81,14.26,0.00,254.70,0,-91.00,-17.00,0.00,0.00,45.00,0.00,0,181
176.05,1547801951,1629.10,51.51719295,7.46114969,128.52,14.17,0.00,254.09,0,-84.00,-8.00,0.00,0.00,45.00,0.00,0,345
176.05,1547801951,1629.10,51.51719295,7.46114969,128.52,14.17,0.00,254.09,0,-91.00,-17.00,0.00,0.00,45.00,0.00,0,181
177.05,1547801952,1643.33,51.51714458,7.46096707,128.37,13.87,0.00,252.31,0,-82.00,-12.00,0.00,0.00,51.00,0.00,0,105
177.05,1547801952,1643.33,51.51714458,7.46096707,128.37,13.87,0.00,252.31,0,-84.00,-14.00,0.00,0.00,52.00,0.00,0,345
178.06,1547801953,1657.22,51.51710287,7.46078036,128.25,14.22,0.00,251.84,0,-82.00,-12.00,0.00,0.00,51.00,0.00,0,105
178.06,1547801953,1657.23,51.51710287,7.46078036,128.25,14.22,0.00,251.84,0,-84.00,-14.00,0.00,0.00,52.00,0.00,0,345
179.05,1547801954,1671.41,51.51707032,7.46058809,128.04,14.65,0.00,252.91,0,-80.00,-10.00,0.00,0.00,48.00,0.00,0,105
179.06,1547801954,1671.43,51.51707032,7.46058809,128.04,14.65,0.00,252.91,0,-83.00,-8.00,0.00,0.00,45.00,0.00,0,345
180.05,1547801955,1686.06,51.51702459,7.46038085,127.96,14.85,0.00,252.12,0,-80.00,-10.00,0.00,0.00,48.00,0.00,0,105
180.06,1547801955,1686.08,51.51702459,7.46038085,127.96,14.85,0.00,252.12,0,-83.00,-8.00,0.00,0.00,45.00,0.00,0,345
183.05,1547801958,1730.69,51.51688779,7.45976199,128.02,14.90,0.00,253.12,0,-90.00,-15.00,0.00,0.00,44.00,0.00,0,181
184.05,1547801959,1745.66,51.51684695,7.45956035,128.02,14.77,0.00,254.21,0,-90.00,-15.00,0.00,0.00,44.00,0.00,0,181
185.06,1547801960,1760.45,51.51680497,7.45940826,127.82,14.53,0.00,255.31,0,-87.00,-11.00,0.00,0.00,42.00,0.00,0,105
186.05,1547801961,1774.95,51.51676711,7.45920047,127.85,14.68,0.00,256.32,0,-87.00,-11.00,0.00,0.00,42.00,0.00,0,105
187.05,1547801962,1789.64,51.51673156,7.45896577,128.37,15.31,0.00,257.27,0,-87.00,-11.00,0.00,0.00,42.00,0.00,0,105
188.05,1547801963,1804.93,51.51670826,7.45880207,128.36,15.41,0.00,258.15,0,-95.00,-15.00,0.00,0.00,40.00,0.00,0,181
189.05,1547801964,1820.36,51.51667368,7.45858117,128.98,15.32,0.00,258.54,0,-95.00,-15.00,0.00,0.00,40.00,0.00,0,181
194.05,1547801969,1892.41,51.51651816,7.45754985,138.25,12.41,0.00,257.71,0,-82.00,-11.00,0.00,0.00,48.00,0.00,0,460
195.05,1547801970,1904.82,51.51648921,7.45737144,140.17,10.11,0.00,256.76,0,-82.00,-11.00,0.00,0.00,48.00,0.00,0,460
196.05,1547801971,1914.91,51.51647532,7.45727410,141.83,7.37,0.00,255.49,0,-87.00,-13.00,0.00,0.00,47.00,0.00,0,375
197.05,1547801972,1922.29,51.51645973,7.45716956,143.43,6.27,0.00,254.64,0,-87.00,-13.00,0.00,0.00,47.00,0.00,0,375
198.05,1547801973,1928.55,51.51644937,7.45709855,144.46,4.64,0.00,253.18,0,-90.00,-9.00,0.00,0.00,39.00,0.00,0,345
199.05,1547801974,1933.19,51.51643903,7.45703535,144.50,2.67,0.00,252.13,0,-90.00,-9.00,0.00,0.00,39.00,0.00,0,345
200.05,1547801975,1935.85,51.51642981,7.45700424,144.53,1.99,0.00,249.57,0,-93.00,-10.00,0.00,0.00,37.00,0.00,0,345
201.06,1547801976,1937.85,51.51642629,7.45698496,144.57,1.31,0.00,252.55,0,-93.00,-10.00,0.00,0.00,37.00,0.00,0,345
202.05,1547801977,1939.14,51.51642629,7.45698496,144.56,0.00,0.00,252.55,0,-92.00,-18.00,0.00,0.00,47.00,0.00,0,216
203.05,1547801978,1939.14,51.51642629,7.45698496,144.53,0.00,0.00,252.55,0,-92.00,-18.00,0.00,0.00,47.00,0.00,0,216
204.06,1547801979,1939.14,51.51642629,7.45698496,144.49,0.00,0.00,252.55,0,-90.00,-13.00,0.00,0.00,43.00,0.00,0,216
204.06,1547801979,1939.14,51.51642629,7.45698496,144.49,0.00,0.00,252.55,0,-91.00,-15.00,0.00,0.00,45.00,0.00,0,67
205.05,1547801980,1939.14,51.51642629,7.45698496,144.44,0.00,0.00,252.55,0,-90.00,-13.00,0.00,0.00,43.00,0.00,0,216
205.05,1547801980,1939.14,51.51642629,7.45698496,144.44,0.00,0.00,252.55,0,-91.00,-15.00,0.00,0.00,45.00,0.00,0,67
206.06,1547801981,1939.14,51.51642629,7.45698496,144.39,0.00,0.00,252.55,0,-89.00,-14.00,0.00,0.00,45.00,0.00,0,216
207.05,1547801982,1939.14,51.51642629,7.45698496,144.32,0.00,0.00,252.55,0,-89.00,-14.00,0.00,0.00,45.00,0.00,0,216
208.05,1547801983,1939.14,51.51642629,7.45698496,144.26,0.00,0.00,252.55,0,-89.00,-14.00,0.00,0.00,45.00,0.00,0,216
209.05,1547801984,1939.14,51.51642629,7.45698496,144.20,0.00,0.00,252.55,0,-88.00,-15.00,0.00,0.00,46.00,0.00,0,216
210.06,1547801985,1939.14,51.51642629,7.45698496,144.13,0.00,0.00,252.55,0,-88.00,-15.00,0.00,0.00,46.00,0.00,0,216
211.05,1547801986,1939.14,51.51642629,7.45698496,143.56,0.00,0.00,252.55,0,-90.00,-14.00,0.00,0.00,45.00,0.00,0,216
211.05,1547801986,1939.14,51.51642629,7.45698496,143.56,0.00,0.00,252.55,0,-91.00,-15.00,0.00,0.00,45.00,0.00,0,164
212.05,1547801987,1939.14,51.51642629,7.45698496,138.33,0.00,0.00,249.53,0,-90.00,-14.00,0.00,0.00,45.00,0.00,0,216
212.05,1547801987,1939.14,51.51642629,7.45698496,138.33,0.00,0.00,249.53,0,-91.00,-15.00,0.00,0.00,45.00,0.00,0,164
217.05,1547801992,1962.46,51.51627440,7.45634115,128.84,10.01,0.00,243.24,0,-89.00,-14.00,0.00,0.00,45.00,0.00,0,216
218.05,1547801993,1972.46,51.51623259,7.45620909,128.88,10.68,0.00,242.12,0,-89.00,-14.00,0.00,0.00,45.00,0.00,0,216
223.05,1547801998,2028.84,51.51592747,7.45551110,131.50,11.01,0.00,220.77,0,-85.00,-11.00,0.00,0.00,48.00,0.00,0,216
224.05,1547801999,2039.85,51.51582635,7.45538144,132.54,11.03,0.00,218.99,0,-85.00,-11.00,0.00,0.00,48.00,0.00,0,216
225.05,1547802000,2050.88,51.51572527,7.45526915,133.31,11.33,0.00,215.11,0,-84.00,-10.00,0.00,0.00,47.00,0.00,0,216
226.05,1547802001,2062.22,51.51562615,7.45518247,133.78,11.59,0.00,211.37,0,-84.00,-10.00,0.00,0.00,47.00,0.00,0,216
227.06,1547802002,2073.89,51.51550242,7.45513037,134.63,12.21,0.00,195.27,0,-76.00,-10.00,0.00,0.00,56.00,0.00,0,216
228.05,1547802003,2086.01,51.51537748,7.45509408,135.07,13.03,0.00,191.91,0,-76.00,-10.00,0.00,0.00,56.00,0.00,0,216
229.05,1547802004,2099.05,51.51527850,7.45511338,135.62,11.94,0.00,178.32,0,-76.00,-10.00,0.00,0.00,56.00,0.00,0,216
230.06,1547802005,2111.11,51.51516350,7.45512995,136.08,12.38,0.00,177.19,0,-87.00,-11.00,0.00,0.00,43.00,0.00,0,375
230.06,1547802005,2111.13,51.51516350,7.45512995,136.08,12.38,0.00,177.19,0,-78.00,-9.00,0.00,0.00,52.00,0.00,0,216
231.05,1547802006,2123.34,51.51503761,7.45515523,136.72,13.28,0.00,175.75,0,-87.00,-11.00,0.00,0.00,43.00,0.00,0,375
231.05,1547802006,2123.35,51.51503761,7.45515523,136.72,13.28,0.00,175.75,0,-78.00,-9.00,0.00,0.00,52.00,0.00,0,216
232.06,1547802007,2136.69,51.51490526,7.45518565,138.10,13.95,0.00,174.61,0,-88.00,-15.00,0.00,0.00,47.00,0.00,0,375
233.05,1547802008,2150.62,51.51473070,7.45575350,138.65,15.46,0.00,173.54,0,-88.00,-15.00,0.00,0.00,47.00,0.00,0,375
242.05,1547802017,2276.16,51.51365509,7.45555728,144.08,14.16,0.00,166.17,0,-83.00,-17.00,0.00,0.00,54.00,0.00,0,217
243.05,1547802018,2290.41,51.51353045,7.45562829,144.71,14.25,0.00,163.31,0,-83.00,-17.00,0.00,0.00,54.00,0.00,0,217
246.05,1547802021,2332.31,51.51321182,7.45598280,145.44,13.92,0.00,140.30,0,-106.00,-16.00,0.00,0.00,30.00,0.00,0,73
246.06,1547802021,2332.33,51.51321182,7.45598280,145.44,13.92,0.00,140.30,0,-106.00,-15.00,0.00,0.00,30.00,0.00,0,487
247.05,1547802022,2346.22,51.51311497,7.45613405,145.30,13.71,0.00,137.44,0,-106.00,-16.00,0.00,0.00,30.00,0.00,0,73
247.05,1547802022,2346.23,51.51311497,7.45613405,145.30,13.71,0.00,137.44,0,-106.00,-15.00,0.00,0.00,30.00,0.00,0,487
248.06,1547802023,2360.05,51.51303065,7.45629363,145.38,13.53,0.00,133.46,0,-102.00,-15.00,0.00,0.00,35.00,0.00,0,487
248.06,1547802023,2360.06,51.51303065,7.45629363,145.38,13.53,0.00,133.46,0,-105.00,-17.00,0.00,0.00,35.00,0.00,0,73
249.05,1547802024,2373.46,51.51296708,7.45644160,145.15,13.99,0.00,130.62,0,-102.00,-15.00,0.00,0.00,35.00,0.00,0,487
249.05,1547802024,2373.47,51.51296708,7.45644160,145.15,13.99,0.00,130.62,0,-105.00,-17.00,0.00,0.00,35.00,0.00,0,73
250.05,1547802025,2387.39,51.51288213,7.45662759,143.90,14.72,0.00,130.82,0,-102.00,-15.00,0.00,0.00,35.00,0.00,0,487
250.05,1547802025,2387.39,51.51288213,7.45662759,143.90,14.72,0.00,130.82,0,-105.00,-17.00,0.00,0.00,35.00,0.00,0,73
251.05,1547802026,2402.15,51.51279781,7.45682939,142.61,15.42,0.00,129.02,0,-103.00,-15.00,0.00,0.00,31.00,0.00,0,487
252.05,1547802027,2417.58,51.51271748,7.45701942,142.16,16.13,0.00,128.33,0,-103.00,-15.00,0.00,0.00,31.00,0.00,0,487
253.05,1547802028,2433.65,51.51262989,7.45721583,141.15,15.31,0.00,127.47,0,-98.00,-14.00,0.00,0.00,35.00,0.00,0,482
253.05,1547802028,2433.65,51.51262989,7.45721583,141.15,15.31,0.00,127.47,0,-100.00,-16.00,0.00,0.00,34.00,0.00,0,487
253.05,1547802028,2433.65,51.51262989,7.45721583,141.15,15.31,0.00,127.47,0,-88.00,-15.00,0.00,0.00,47.00,0.00,0,218
254.06,1547802029,2449.04,51.51255199,7.45740494,140.90,14.12,0.00,126.98,0,-98.00,-14.00,0.00,0.00,35.00,0.00,0,482
254.06,1547802029,2449.04,51.51255199,7.45740494,140.90,14.12,0.00,126.98,0,-100.00,-16.00,0.00,0.00,34.00,0.00,0,487
254.06,1547802029,2449.06,51.51255199,7.45740494,140.90,14.12,0.00,126.98,0,-88.00,-15.00,0.00,0.00,47.00,0.00,0,218
255.06,1547802030,2463.17,51.51247181,7.45758525,141.56,15.17,0.00,126.61,0,-101.00,-17.00,0.00,0.00,35.00,0.00,0,482
255.06,1547802030,2463.18,51.51247181,7.45758525,141.56,15.17,0.00,126.61,0,-102.00,-18.00,0.00,0.00,34.00,0.00,0,481
255.06,1547802030,2463.20,51.51247181,7.45758525,141.56,15.17,0.00,126.61,0,-105.00,-20.00,0.00,0.00,35.00,0.00,0,460
255.06,1547802030,2463.21,51.51247181,7.45758525,141.56,15.17,0.00,126.61,0,-91.00,-12.00,0.00,0.00,42.00,0.00,0,216
255.06,1547802030,2463.21,51.51247181,7.45758525,141.56,15.17,0.00,126.61,0,-102.00,-24.00,0.00,0.00,41.00,0.00,0,323
256.06,1547802031,2478.35,51.51238803,7.45777481,142.69,15.61,0.00,125.80,0,-101.00,-17.00,0.00,0.00,35.00,0.00,0,482
256.06,1547802031,2478.36,51.51238803,7.45777481,142.69,15.61,0.00,125.80,0,-102.00,-18.00,0.00,0.00,34.00,0.00,0,481
256.06,1547802031,2478.38,51.51238803,7.45777481,142.69,15.61,0.00,125.80,0,-105.00,-20.00,0.00,0.00,35.00,0.00,0,460
256.06,1547802031,2478.38,51.51238803,7.45777481,142.69,15.61,0.00,125.80,0,-91.00,-12.00,0.00,0.00,42.00,0.00,0,216
256.06,1547802031,2478.39,51.51238803,7.45777481,142.69,15.61,0.00,125.80,0,-102.00,-24.00,0.00,0.00,41.00,0.00,0,323
257.05,1547802032,2493.92,51.51230841,7.45795281,143.35,13.33,0.00,125.47,0,-99.00,-11.00,0.00,0.00,32.00,0.00,0,482
257.06,1547802032,2493.93,51.51230841,7.45795281,143.35,13.33,0.00,125.47,0,-100.00,-13.00,0.00,0.00,32.00,0.00,0,481
257.06,1547802032,2493.93,51.51230841,7.45795281,143.35,13.33,0.00,125.47,0,-102.00,-15.00,0.00,0.00,33.00,0.00,0,460
257.06,1547802032,2493.95,51.51230841,7.45795281,143.35,13.33,0.00,125.47,0,-88.00,-15.00,0.00,0.00,47.00,0.00,0,216
258.06,1547802033,2507.27,51.51222310,7.45815014,143.68,12.75,0.00,126.63,0,-99.00,-11.00,0.00,0.00,32.00,0.00,0,482
258.06,1547802033,2507.28,51.51222310,7.45815014,143.68,12.75,0.00,126.63,0,-100.00,-13.00,0.00,0.00,32.00,0.00,0,481
258.06,1547802033,2507.28,51.51222310,7.45815014,143.68,12.75,0.00,126.63,0,-102.00,-15.00,0.00,0.00,33.00,0.00,0,460
258.06,1547802033,2507.29,51.51222310,7.45815014,143.68,12.75,0.00,126.63,0,-88.00,-15.00,0.00,0.00,47.00,0.00,0,216
259.05,1547802034,2520.00,51.51214735,7.45833665,143.65,14.45,0.00,126.10,0,-94.00,-10.00,0.00,0.00,34.00,0.00,0,482
259.06,1547802034,2520.02,51.51214735,7.45833665,143.65,14.45,0.00,126.10,0,-98.00,-12.00,0.00,0.00,34.00,0.00,0,481
259.06,1547802034,2520.02,51.51214735,7.45833665,143.65,14.45,0.00,126.10,0,-96.00,-11.00,0.00,0.00,36.00,0.00,0,216
260.06,1547802035,2534.49,51.51206326,7.45853462,144.30,16.17,0.00,126.99,0,-94.00,-10.00,0.00,0.00,34.00,0.00,0,482
260.06,1547802035,2534.50,51.51206326,7.45853462,144.30,16.17,0.00,126.99,0,-98.00,-12.00,0.00,0.00,34.00,0.00,0,481
260.06,1547802035,2534.52,51.51206326,7.45853462,144.30,16.17,0.00,126.99,0,-96.00,-11.00,0.00,0.00,36.00,0.00,0,216
261.06,1547802036,2550.64,51.51198491,7.45871762,145.08,15.39,0.00,127.96,0,-98.00,-13.00,0.00,0.00,38.00,0.00,0,481
261.06,1547802036,2550.64,51.51198491,7.45871762,145.08,15.39,0.00,127.96,0,-110.00,-18.00,0.00,0.00,28.00,0.00,0,493
261.06,1547802036,2550.65,51.51198491,7.45871762,145.08,15.39,0.00,127.96,0,-110.00,-17.00,0.00,0.00,28.00,0.00,0,182
262.05,1547802037,2566.00,51.51191781,7.45887833,145.48,14.24,0.00,127.39,0,-98.00,-13.00,0.00,0.00,38.00,0.00,0,481
262.05,1547802037,2566.01,51.51191781,7.45887833,145.48,14.24,0.00,127.39,0,-110.00,-18.00,0.00,0.00,28.00,0.00,0,493
262.06,1547802037,2566.02,51.51191781,7.45887833,145.48,14.24,0.00,127.39,0,-110.00,-17.00,0.00,0.00,28.00,0.00,0,182
263.06,1547802038,2580.29,51.51184348,7.45904546,145.47,14.03,0.00,127.64,0,-102.00,-13.00,0.00,0.00,30.00,0.00,0,481
263.06,1547802038,2580.31,51.51184348,7.45904546,145.47,14.03,0.00,127.64,0,-104.00,-14.00,0.00,0.00,29.00,0.00,0,487
263.06,1547802038,2580.31,51.51184348,7.45904546,145.47,14.03,0.00,127.64,0,-107.00,-10.00,0.00,0.00,24.00,0.00,0,182
263.06,1547802038,2580.32,51.51184348,7.45904546,145.47,14.03,0.00,127.64,0,-109.00,-13.00,0.00,0.00,24.00,0.00,0,493
264.06,1547802039,2594.30,51.51176594,7.45922044,145.74,14.73,0.00,127.12,0,-102.00,-13.00,0.00,0.00,30.00,0.00,0,481
264.06,1547802039,2594.31,51.51176594,7.45922044,145.74,14.73,0.00,127.12,0,-104.00,-14.00,0.00,0.00,29.00,0.00,0,487
264.06,1547802039,2594.31,51.51176594,7.45922044,145.74,14.73,0.00,127.12,0,-107.00,-10.00,0.00,0.00,24.00,0.00,0,182
264.06,1547802039,2594.33,51.51176594,7.45922044,145.74,14.73,0.00,127.12,0,-109.00,-13.00,0.00,0.00,24.00,0.00,0,493
265.05,1547802040,2609.01,51.51168675,7.45938414,145.84,14.26,0.00,127.46,0,-98.00,-11.00,0.00,0.00,32.00,0.00,0,487
265.06,1547802040,2609.03,51.51168675,7.45938414,145.84,14.26,0.00,127.46,0,-103.00,-14.00,0.00,0.00,32.00,0.00,0,481
265.06,1547802040,2609.04,51.51168675,7.45938414,145.84,14.26,0.00,127.46,0,-107.00,-13.00,0.00,0.00,24.00,0.00,0,210
265.06,1547802040,2609.06,51.51168675,7.45938414,145.84,14.26,0.00,127.46,0,-108.00,-12.00,0.00,0.00,24.00,0.00,0,493
266.06,1547802041,2623.30,51.51161097,7.45955234,146.43,15.03,0.00,127.40,0,-98.00,-11.00,0.00,0.00,32.00,0.00,0,487
266.06,1547802041,2623.30,51.51161097,7.45955234,146.43,15.03,0.00,127.40,0,-103.00,-14.00,0.00,0.00,32.00,0.00,0,481
266.06,1547802041,2623.32,51.51161097,7.45955234,146.43,15.03,0.00,127.40,0,-107.00,-13.00,0.00,0.00,24.00,0.00,0,210
266.06,1547802041,2623.33,51.51161097,7.45955234,146.43,15.03,0.00,127.40,0,-108.00,-12.00,0.00,0.00,24.00,0.00,0,493
267.05,1547802042,2638.30,51.51152365,7.45973558,146.66,14.85,0.00,127.75,0,-97.00,-10.00,0.00,0.00,32.00,0.00,0,487
267.06,1547802042,2638.31,51.51152365,7.45973558,146.66,14.85,0.00,127.75,0,-102.00,-13.00,0.00,0.00,32.00,0.00,0,481
267.06,1547802042,2638.33,51.51152365,7.45973558,146.66,14.85,0.00,127.75,0,-108.00,-13.00,0.00,0.00,25.00,0.00,0,493
267.06,1547802042,2638.33,51.51152365,7.45973558,146.66,14.85,0.00,127.75,0,-109.00,-14.00,0.00,0.00,25.00,0.00,0,212
268.05,1547802043,2653.15,51.51144168,7.45989513,146.47,14.28,0.00,128.68,0,-97.00,-10.00,0.00,0.00,32.00,0.00,0,487
268.06,1547802043,2653.16,51.51144168,7.45989513,146.47,14.28,0.00,128.68,0,-102.00,-13.00,0.00,0.00,32.00,0.00,0,481
268.06,1547802043,2653.16,51.51144168,7.45989513,146.47,14.28,0.00,128.68,0,-108.00,-13.00,0.00,0.00,25.00,0.00,0,493
268.06,1547802043,2653.17,51.51144168,7.45989513,146.47,14.28,0.00,128.68,0,-109.00,-14.00,0.00,0.00,25.00,0.00,0,212
269.07,1547802044,2667.62,51.51135000,7.46007220,146.46,15.12,0.00,129.59,0,-95.00,-12.00,0.00,0.00,37.00,0.00,0,218
269.07,1547802044,2667.62,51.51135000,7.46007220,146.46,15.12,0.00,129.59,0,-98.00,-14.00,0.00,0.00,38.00,0.00,0,321
270.05,1547802045,2682.54,51.51125625,7.46023858,146.13,15.36,0.00,130.81,0,-95.00,-12.00,0.00,0.00,37.00,0.00,0,218
270.05,1547802045,2682.54,51.51125625,7.46023858,146.13,15.36,0.00,130.81,0,-98.00,-14.00,0.00,0.00,38.00,0.00,0,321
271.05,1547802046,2697.77,51.51116613,7.46040839,146.22,15.09,0.00,130.64,0,-95.00,-12.00,0.00,0.00,37.00,0.00,0,218
271.05,1547802046,2697.77,51.51116613,7.46040839,146.22,15.09,0.00,130.64,0,-98.00,-14.00,0.00,0.00,38.00,0.00,0,321
272.05,1547802047,2712.93,51.51107718,7.46057529,146.66,15.01,0.00,130.27,0,-101.00,-15.00,0.00,0.00,32.00,0.00,0,486
272.05,1547802047,2712.94,51.51107718,7.46057529,146.66,15.01,0.00,130.27,0,-108.00,-9.00,0.00,0.00,22.00,0.00,0,210
272.05,1547802047,2712.94,51.51107718,7.46057529,146.66,15.01,0.00,130.27,0,-111.00,-12.00,0.00,0.00,20.00,0.00,0,493
273.05,1547802048,2727.94,51.51101290,7.46043240,145.30,15.03,0.00,131.45,0,-101.00,-15.00,0.00,0.00,32.00,0.00,0,486
273.05,1547802048,2727.94,51.51101290,7.46043240,145.30,15.03,0.00,131.45,0,-108.00,-9.00,0.00,0.00,22.00,0.00,0,210
273.05,1547802048,2727.94,51.51101290,7.46043240,145.30,15.03,0.00,131.45,0,-111.00,-12.00,0.00,0.00,20.00,0.00,0,493
274.05,1547802049,2742.95,51.51087719,7.46090867,146.28,14.30,0.00,131.83,0,-97.00,-13.00,0.00,0.00,36.00,0.00,0,486
274.05,1547802049,2742.97,51.51087719,7.46090867,146.28,14.30,0.00,131.83,0,-102.00,-18.00,0.00,0.00,35.00,0.00,0,481
274.05,1547802049,2742.97,51.51087719,7.46090867,146.28,14.30,0.00,131.83,0,-107.00,-15.00,0.00,0.00,28.00,0.00,0,493
274.05,1547802049,2742.97,51.51087719,7.46090867,146.28,14.30,0.00,131.83,0,-111.00,-19.00,0.00,0.00,28.00,0.00,0,212
275.06,1547802050,2757.36,51.51078105,7.46106473,145.96,14.67,0.00,132.66,0,-97.00,-13.00,0.00,0.00,36.00,0.00,0,486
275.06,1547802050,2757.36,51.51078105,7.46106473,145.96,14.67,0.00,132.66,0,-102.00,-18.00,0.00,0.00,35.00,0.00,0,481
275.06,1547802050,2757.37,51.51078105,7.46106473,145.96,14.67,0.00,132.66,0,-107.00,-15.00,0.00,0.00,28.00,0.00,0,493
275.06,1547802050,2757.38,51.51078105,7.46106473,145.96,14.67,0.00,132.66,0,-111.00,-19.00,0.00,0.00,28.00,0.00,0,212
278.05,1547802053,2798.26,51.51051396,7.46148127,144.49,12.13,0.00,132.49,0,-98.00,-14.00,0.00,0.00,37.00,0.00,0,487
279.05,1547802054,2810.37,51.51044038,7.46159477,145.49,9.53,0.00,131.95,0,-98.00,-14.00,0.00,0.00,37.00,0.00,0,487
280.05,1547802055,2819.91,51.51038626,7.46168892,146.14,7.33,0.00,131.44,0,-97.00,-15.00,0.00,0.00,37.00,0.00,0,487
280.06,1547802055,2819.92,51.51038626,7.46168892,146.14,7.33,0.00,131.44,0,-104.00,-13.00,0.00,0.00,29.00,0.00,0,212
281.05,1547802056,2827.24,51.51034163,7.46176923,146.46,5.82,0.00,130.81,0,-97.00,-15.00,0.00,0.00,37.00,0.00,0,487
281.05,1547802056,2827.24,51.51034163,7.46176923,146.46,5.82,0.00,130.81,0,-104.00,-13.00,0.00,0.00,29.00,0.00,0,212
282.05,1547802057,2833.05,51.51031286,7.46182340,146.52,3.78,0.00,129.43,0,-99.00,-14.00,0.00,0.00,34.00,0.00,0,487
282.05,1547802057,2833.06,51.51031286,7.46182340,146.52,3.78,0.00,129.43,0,-102.00,-15.00,0.00,0.00,34.00,0.00,0,481
283.05,1547802058,2836.83,51.51028661,7.46187186,146.57,2.10,0.00,128.88,0,-99.00,-14.00,0.00,0.00,34.00,0.00,0,487
283.05,1547802058,2836.84,51.51028661,7.46187186,146.57,2.10,0.00,128.88,0,-102.00,-15.00,0.00,0.00,34.00,0.00,0,481
284.05,1547802059,2838.93,51.51028661,7.46187186,146.57,0.00,0.00,128.88,0,-96.00,-15.00,0.00,0.00,39.00,0.00,0,487
285.05,1547802060,2838.93,51.51028661,7.46187186,146.58,0.00,0.00,128.88,0,-96.00,-15.00,0.00,0.00,39.00,0.00,0,487
286.05,1547802061,2838.93,51.51028661,7.46187186,146.60,0.00,0.00,128.88,0,-96.00,-15.00,0.00,0.00,43.00,0.00,0,487
287.05,1547802062,2838.93,51.51028661,7.46187186,146.61,0.00,0.00,128.88,0,-96.00,-15.00,0.00,0.00,43.00,0.00,0,487
288.05,1547802063,2838.93,51.51028661,7.46187186,146.63,0.00,0.00,128.88,0,-95.00,-14.00,0.00,0.00,41.00,0.00,0,487
288.05,1547802063,2838.93,51.51028661,7.46187186,146.63,0.00,0.00,128.88,0,-105.00,-16.00,0.00,0.00,30.00,0.00,0,36
289.05,1547802064,2838.93,51.51028661,7.46187186,146.64,0.00,0.00,128.88,0,-95.00,-14.00,0.00,0.00,41.00,0.00,0,487
289.05,1547802064,2838.93,51.51028661,7.46187186,146.64,0.00,0.00,128.88,0,-105.00,-16.00,0.00,0.00,30.00,0.00,0,36
290.07,1547802065,2838.93,51.51028661,7.46187186,146.65,0.00,0.00,128.88,0,-95.00,-16.00,0.00,0.00,43.00,0.00,0,487
291.05,1547802066,2838.93,51.51028661,7.46187186,146.68,0.00,0.00,128.13,0,-95.00,-16.00,0.00,0.00,43.00,0.00,0,487
292.05,1547802067,2838.93,51.51007000,7.46178980,146.75,0.00,0.00,128.54,0,-95.00,-16.00,0.00,0.00,43.00,0.00,0,487
293.05,1547802068,2838.94,51.51022001,7.46200529,147.86,5.81,0.00,126.18,0,-93.00,-17.00,0.00,0.00,45.00,0.00,0,487
294.05,1547802069,2844.75,51.51016839,7.46212164,149.18,8.16,0.00,124.31,0,-93.00,-17.00,0.00,0.00,45.00,0.00,0,487
295.05,1547802070,2852.92,51.51011333,7.46226297,149.46,8.99,0.00,122.34,0,-92.00,-14.00,0.00,0.00,41.00,0.00,0,487
296.05,1547802071,2861.90,51.51006400,7.46238577,150.23,9.80,0.00,120.44,0,-92.00,-14.00,0.00,0.00,41.00,0.00,0,487
297.05,1547802072,2871.71,51.51003516,7.46248846,150.10,9.89,0.00,118.12,0,-101.00,-14.00,0.00,0.00,34.00,0.00,0,212
298.05,1547802073,2881.60,51.51001086,7.46259154,150.12,10.06,0.00,116.46,0,-101.00,-14.00,0.00,0.00,34.00,0.00,0,212
301.05,1547802076,2910.86,51.50992796,7.46300920,149.99,10.33,0.00,106.72,0,-88.00,-11.00,0.00,0.00,44.00,0.00,0,487
302.05,1547802077,2921.17,51.50990344,7.46316848,149.82,9.99,0.00,104.39,0,-88.00,-11.00,0.00,0.00,44.00,0.00,0,487
303.05,1547802078,2931.17,51.50988323,7.46332428,150.04,9.66,0.00,102.40,0,-99.00,-18.00,0.00,0.00,38.00,0.00,0,487
303.05,1547802078,2931.17,51.50988323,7.46332428,150.04,9.66,0.00,102.40,0,-112.00,-17.00,0.00,0.00,25.00,0.00,0,493
304.05,1547802079,2940.86,51.50986747,7.46345651,150.36,8.29,0.00,101.22,0,-99.00,-18.00,0.00,0.00,38.00,0.00,0,487
304.05,1547802079,2940.87,51.50986747,7.46345651,150.36,8.29,0.00,101.22,0,-112.00,-17.00,0.00,0.00,25.00,0.00,0,493
305.06,1547802080,2949.17,51.50985618,7.46356860,150.44,6.37,0.00,99.49,0,-101.00,-15.00,0.00,0.00,34.00,0.00,0,475
305.06,1547802080,2949.17,51.50985618,7.46356860,150.44,6.37,0.00,99.49,0,-104.00,-17.00,0.00,0.00,34.00,0.00,0,487
305.06,1547802080,2949.18,51.50985618,7.46356860,150.44,6.37,0.00,99.49,0,-105.00,-19.00,0.00,0.00,34.00,0.00,0,224
305.06,1547802080,2949.18,51.50985618,7.46356860,150.44,6.37,0.00,99.49,0,-112.00,-15.00,0.00,0.00,21.00,0.00,0,493
305.06,1547802080,2949.18,51.50985618,7.46356860,150.44,6.37,0.00,99.49,0,-112.00,-16.00,0.00,0.00,23.00,0.00,0,426
306.06,1547802081,2955.54,51.50984569,7.46367623,150.24,5.21,0.00,100.02,0,-101.00,-15.00,0.00,0.00,34.00,0.00,0,475
306.06,1547802081,2955.54,51.50984569,7.46367623,150.24,5.21,0.00,100.02,0,-104.00,-17.00,0.00,0.00,34.00,0.00,0,487
306.06,1547802081,2955.54,51.50984569,7.46367623,150.24,5.21,0.00,100.02,0,-105.00,-19.00,0.00,0.00,34.00,0.00,0,224
306.06,1547802081,2955.55,51.50984569,7.46367623,150.24,5.21,0.00,100.02,0,-112.00,-15.00,0.00,0.00,21.00,0.00,0,493
306.06,1547802081,2955.55,51.50984569,7.46367623,150.24,5.21,0.00,100.02,0,-112.00,-16.00,0.00,0.00,23.00,0.00,0,426
307.06,1547802082,2960.75,51.50983766,7.46377663,150.12,5.85,0.00,103.32,0,-104.00,-18.00,0.00,0.00,33.00,0.00,0,60
307.06,1547802082,2960.76,51.50983766,7.46377663,150.12,5.85,0.00,103.32,0,-104.00,-18.00,0.00,0.00,33.00,0.00,0,487
307.06,1547802082,2960.76,51.50983766,7.46377663,150.12,5.85,0.00,103.32,0,-112.00,-15.00,0.00,0.00,23.00,0.00,0,78
307.06,1547802082,2960.76,51.50983766,7.46377663,150.12,5.85,0.00,103.32,0,-112.00,-16.00,0.00,0.00,23.00,0.00,0,493
308.06,1547802083,2966.60,51.50983500,7.46387363,149.57,5.96,0.00,100.45,0,-104.00,-18.00,0.00,0.00,33.00,0.00,0,60
308.06,1547802083,2966.60,51.50983500,7.46387363,149.57,5.96,0.00,100.45,0,-104.00,-18.00,0.00,0.00,33.00,0.00,0,487
308.06,1547802083,2966.60,51.50983500,7.46387363,149.57,5.96,0.00,100.45,0,-112.00,-15.00,0.00,0.00,23.00,0.00,0,78
308.06,1547802083,2966.61,51.50983500,7.46387363,149.57,5.96,0.00,100.45,0,-112.00,-16.00,0.00,0.00,23.00,0.00,0,493
309.05,1547802084,2972.56,51.50983273,7.46398644,149.36,6.71,0.00,98.84,0,-104.00,-16.00,0.00,0.00,32.00,0.00,0,60
309.05,1547802084,2972.56,51.50983273,7.46398644,149.36,6.71,0.00,98.84,0,-110.00,-16.00,0.00,0.00,26.00,0.00,0,212
309.06,1547802084,2972.56,51.50983273,7.46398644,149.36,6.71,0.00,98.84,0,-110.00,-14.00,0.00,0.00,24.00,0.00,0,78
310.05,1547802085,2979.27,51.50983369,7.46411006,148.84,7.70,0.00,99.27,0,-104.00,-16.00,0.00,0.00,32.00,0.00,0,60
310.06,1547802085,2979.28,51.50983369,7.46411006,148.84,7.70,0.00,99.27,0,-110.00,-16.00,0.00,0.00,26.00,0.00,0,212
310.06,1547802085,2979.29,51.50983369,7.46411006,148.84,7.70,0.00,99.27,0,-110.00,-14.00,0.00,0.00,24.00,0.00,0,78
311.06,1547802086,2986.98,51.50982556,7.46423017,148.89,8.24,0.00,99.50,0,-102.00,-17.00,0.00,0.00,34.00,0.00,0,475
311.06,1547802086,2986.98,51.50982556,7.46423017,148.89,8.24,0.00,99.50,0,-103.00,-18.00,0.00,0.00,34.00,0.00,0,60
311.06,1547802086,2986.99,51.50982556,7.46423017,148.89,8.24,0.00,99.50,0,-111.00,-13.00,0.00,0.00,24.00,0.00,0,486
311.06,1547802086,2986.99,51.50982556,7.46423017,148.89,8.24,0.00,99.50,0,-113.00,-16.00,0.00,0.00,25.00,0.00,0,493
312.05,1547802087,2995.21,51.50981920,7.46436823,149.29,9.50,0.00,97.62,0,-102.00,-17.00,0.00,0.00,34.00,0.00,0,475
312.06,1547802087,2995.22,51.50981920,7.46436823,149.29,9.50,0.00,97.62,0,-103.00,-18.00,0.00,0.00,34.00,0.00,0,60
312.06,1547802087,2995.23,51.50981920,7.46436823,149.29,9.50,0.00,97.62,0,-111.00,-13.00,0.00,0.00,24.00,0.00,0,486
312.06,1547802087,2995.23,51.50981920,7.46436823,149.29,9.50,0.00,97.62,0,-113.00,-16.00,0.00,0.00,25.00,0.00,0,493
313.06,1547802088,3004.72,51.50981283,7.46453742,149.70,10.17,0.00,96.43,0,-102.00,-17.00,0.00,0.00,34.00,0.00,0,475
313.06,1547802088,3004.73,51.50981283,7.46453742,149.70,10.17,0.00,96.43,0,-103.00,-18.00,0.00,0.00,34.00,0.00,0,60
313.06,1547802088,3004.74,51.50981283,7.46453742,149.70,10.17,0.00,96.43,0,-111.00,-13.00,0.00,0.00,24.00,0.00,0,486
313.06,1547802088,3004.74,51.50981283,7.46453742,149.70,10.17,0.00,96.43,0,-113.00,-16.00,0.00,0.00,25.00,0.00,0,493
314.05,1547802089,3014.83,51.50981847,7.46469864,149.54,10.21,0.00,94.61,0,-100.00,-15.00,0.00,0.00,32.00,0.00,0,475
314.05,1547802089,3014.83,51.50981847,7.46469864,149.54,10.21,0.00,94.61,0,-103.00,-17.00,0.00,0.00,33.00,0.00,0,60
314.05,1547802089,3014.84,51.50981847,7.46469864,149.54,10.21,0.00,94.61,0,-113.00,-16.00,0.00,0.00,21.00,0.00,0,493
315.05,1547802090,3025.09,51.50982819,7.46484422,150.32,10.48,0.00,94.21,0,-100.00,-15.00,0.00,0.00,32.00,0.00,0,475
315.06,1547802090,3025.10,51.50982819,7.46484422,150.32,10.48,0.00,94.21,0,-103.00,-17.00,0.00,0.00,33.00,0.00,0,60
315.06,1547802090,3025.10,51.50982819,7.46484422,150.32,10.48,0.00,94.21,0,-113.00,-16.00,0.00,0.00,21.00,0.00,0,493
316.06,1547802091,3035.58,51.50982712,7.46501252,150.48,9.91,0.00,95.40,0,-101.00,-15.00,0.00,0.00,34.00,0.00,0,60
316.06,1547802091,3035.59,51.50982712,7.46501252,150.48,9.91,0.00,95.40,0,-102.00,-15.00,0.00,0.00,34.00,0.00,0,475
316.06,1547802091,3035.59,51.50982712,7.46501252,150.48,9.91,0.00,95.40,0,-106.00,-20.00,0.00,0.00,34.00,0.00,0,224
316.06,1547802091,3035.60,51.50982712,7.46501252,150.48,9.91,0.00,95.40,0,-112.00,-14.00,0.00,0.00,23.00,0.00,0,493
316.06,1547802091,3035.61,51.50982712,7.46501252,150.48,9.91,0.00,95.40,0,-113.00,-13.00,0.00,0.00,22.00,0.00,0,486
317.06,1547802092,3045.48,51.50983459,7.46516475,151.19,10.29,0.00,94.21,0,-101.00,-15.00,0.00,0.00,34.00,0.00,0,60
317.06,1547802092,3045.49,51.50983459,7.46516475,151.19,10.29,0.00,94.21,0,-102.00,-15.00,0.00,0.00,34.00,0.00,0,475
317.06,1547802092,3045.50,51.50983459,7.46516475,151.19,10.29,0.00,94.21,0,-106.00,-20.00,0.00,0.00,34.00,0.00,0,224
317.06,1547802092,3045.51,51.50983459,7.46516475,151.19,10.29,0.00,94.21,0,-112.00,-14.00,0.00,0.00,23.00,0.00,0,493
317.06,1547802092,3045.51,51.50983459,7.46516475,151.19,10.29,0.00,94.21,0,-113.00,-13.00,0.00,0.00,22.00,0.00,0,486
318.06,1547802093,3055.78,51.50983898,7.46532328,151.64,10.48,0.00,92.93,0,-101.00,-13.00,0.00,0.00,31.00,0.00,0,60
318.06,1547802093,3055.78,51.50983898,7.46532328,151.64,10.48,0.00,92.93,0,-106.00,-17.00,0.00,0.00,30.00,0.00,0,475
318.06,1547802093,3055.79,51.50983898,7.46532328,151.64,10.48,0.00,92.93,0,-112.00,-14.00,0.00,0.00,23.00,0.00,0,486
318.06,1547802093,3055.80,51.50983898,7.46532328,151.64,10.48,0.00,92.93,0,-112.00,-15.00,0.00,0.00,23.00,0.00,0,228
319.05,1547802094,3066.25,51.50983716,7.46546199,152.50,11.10,0.00,92.29,0,-101.00,-13.00,0.00,0.00,31.00,0.00,0,60
319.06,1547802094,3066.26,51.50983716,7.46546199,152.50,11.10,0.00,92.29,0,-106.00,-17.00,0.00,0.00,30.00,0.00,0,475
319.06,1547802094,3066.27,51.50983716,7.46546199,152.50,11.10,0.00,92.29,0,-112.00,-14.00,0.00,0.00,23.00,0.00,0,486
319.06,1547802094,3066.27,51.50983716,7.46546199,152.50,11.10,0.00,92.29,0,-112.00,-15.00,0.00,0.00,23.00,0.00,0,228
320.06,1547802095,3077.37,51.50983403,7.46562537,153.00,11.38,0.00,92.98,0,-100.00,-13.00,0.00,0.00,30.00,0.00,0,60
320.06,1547802095,3077.38,51.50983403,7.46562537,153.00,11.38,0.00,92.98,0,-106.00,-17.00,0.00,0.00,30.00,0.00,0,475
320.06,1547802095,3077.39,51.50983403,7.46562537,153.00,11.38,0.00,92.98,0,-108.00,-10.00,0.00,0.00,23.00,0.00,0,493
321.05,1547802096,3088.69,51.50982804,7.46579301,153.56,11.77,0.00,95.15,0,-100.00,-13.00,0.00,0.00,30.00,0.00,0,60
321.05,1547802096,3088.70,51.50982804,7.46579301,153.56,11.77,0.00,95.15,0,-106.00,-17.00,0.00,0.00,30.00,0.00,0,475
321.05,1547802096,3088.70,51.50982804,7.46579301,153.56,11.77,0.00,95.15,0,-108.00,-10.00,0.00,0.00,23.00,0.00,0,493
322.05,1547802097,3100.49,51.50982145,7.46596772,153.47,11.38,0.00,94.27,0,-111.00,-17.00,0.00,0.00,27.00,0.00,0,203
323.05,1547802098,3111.83,51.50982471,7.46612039,152.87,10.57,0.00,93.09,0,-111.00,-17.00,0.00,0.00,27.00,0.00,0,203
324.05,1547802099,3122.43,51.50982489,7.46627967,152.74,10.45,0.00,92.64,0,-103.00,-14.00,0.00,0.00,33.00,0.00,0,203
325.05,1547802100,3132.90,51.50982289,7.46644016,152.49,10.61,0.00,93.18,0,-103.00,-14.00,0.00,0.00,33.00,0.00,0,203
326.05,1547802101,3143.51,51.50982034,7.46660431,152.16,10.65,0.00,94.04,0,-94.00,-10.00,0.00,0.00,37.00,0.00,0,60
326.06,1547802101,3143.53,51.50982034,7.46660431,152.16,10.65,0.00,94.04,0,-102.00,-10.00,0.00,0.00,26.00,0.00,0,203
327.05,1547802102,3154.16,51.50981584,7.46677057,151.33,10.26,0.00,94.77,0,-94.00,-10.00,0.00,0.00,37.00,0.00,0,60
327.05,1547802102,3154.16,51.50981584,7.46677057,151.33,10.26,0.00,94.77,0,-102.00,-10.00,0.00,0.00,26.00,0.00,0,203
328.05,1547802103,3164.41,51.50981419,7.46692691,151.08,10.42,0.00,95.54,0,-96.00,-11.00,0.00,0.00,37.00,0.00,0,60
328.05,1547802103,3164.42,51.50981419,7.46692691,151.08,10.42,0.00,95.54,0,-98.00,-16.00,0.00,0.00,37.00,0.00,0,224
329.05,1547802104,3174.83,51.50981071,7.46707675,151.20,11.01,0.00,95.02,0,-96.00,-11.00,0.00,0.00,37.00,0.00,0,60
329.05,1547802104,3174.84,51.50981071,7.46707675,151.20,11.01,0.00,95.02,0,-98.00,-16.00,0.00,0.00,37.00,0.00,0,224
