0.10,1547729204,0.00,51.50981982,7.46731232,153.86,10.84,0.00,95.70,1,-85.00,-7.00,10.00,8.00,52.00,7.00,26379013,199
1.10,1547729205,10.89,51.50980296,7.46749376,153.86,11.53,0.68,96.74,1,-77.00,-6.00,25.00,12.00,58.00,7.00,26379013,199
2.10,1547729206,22.42,51.50980398,7.46771021,153.46,11.53,0.00,95.74,1,-77.00,-6.00,25.00,12.00,58.00,7.00,26379013,199
3.10,1547729207,33.94,51.50979229,7.46787838,153.00,12.49,0.97,97.19,1,-88.00,-6.00,11.00,12.00,49.00,7.00,26379013,199
4.10,1547729208,46.43,51.50978379,7.46805585,152.17,12.01,-0.48,95.99,1,-88.00,-6.00,11.00,12.00,49.00,7.00,26379013,199
5.10,1547729209,58.45,51.50977891,7.46822219,151.00,11.80,-0.21,93.34,1,-93.00,-7.00,10.00,7.00,44.00,7.00,26379013,199
6.10,1547729210,70.25,51.50977932,7.46839060,150.31,11.49,-0.31,89.79,1,-93.00,-7.00,10.00,7.00,44.00,7.00,26379013,199
7.11,1547729211,81.84,51.50978445,7.46855163,149.82,11.54,0.05,85.80,1,-90.00,-6.00,4.00,9.00,46.00,7.00,26379013,199
8.10,1547729212,93.27,51.50982190,7.46871748,149.28,12.25,0.72,70.70,1,-90.00,-6.00,4.00,9.00,46.00,7.00,26379013,199
9.10,1547729213,105.51,51.50985997,7.46887530,148.87,11.91,-0.35,69.44,1,-90.00,-6.00,4.00,9.00,46.00,7.00,26379013,199
10.10,1547729214,117.43,51.50990367,7.46903149,147.99,12.07,0.16,65.92,1,-94.00,-7.00,10.00,7.00,42.00,7.00,26379013,199
11.10,1547729215,129.49,51.50995719,7.46919011,146.88,12.25,0.18,63.21,1,-94.00,-7.00,10.00,7.00,42.00,7.00,26379013,199
12.10,1547729216,141.73,51.51001458,7.46934407,145.90,12.73,0.49,61.19,1,-97.00,-7.00,8.00,6.00,40.00,7.00,26379013,199
13.10,1547729217,154.46,51.50802910,7.46758300,144.96,12.90,0.17,59.94,1,-97.00,-7.00,8.00,6.00,40.00,7.00,26379013,199
14.11,1547729218,167.47,51.51013997,7.46966030,144.35,13.09,0.19,59.12,1,-95.00,-9.00,4.00,6.00,43.00,5.00,27256324,374
15.10,1547729219,180.47,51.51020680,7.46982007,143.90,13.16,0.07,58.30,1,-95.00,-9.00,4.00,6.00,43.00,5.00,27256324,374
16.11,1547729220,193.66,51.51027378,7.46998112,143.51,13.15,-0.01,57.44,1,-91.00,-6.00,8.00,6.00,45.00,6.00,27256325,372
17.10,1547729221,206.77,51.51033602,7.47014808,143.54,12.69,-0.46,57.84,1,-91.00,-6.00,8.00,6.00,45.00,6.00,27256325,372
18.10,1547729222,219.46,51.51039987,7.47031608,143.96,12.47,-0.22,57.27,1,-90.00,-6.00,22.00,9.00,46.00,6.00,27256325,372
19.10,1547729223,231.93,51.51045658,7.47045666,144.10,11.41,-1.06,56.28,1,-90.00,-6.00,22.00,9.00,46.00,6.00,27256325,372
20.10,1547729224,243.34,51.51051834,7.47058087,143.50,10.96,-0.45,53.58,1,-88.00,-6.00,13.00,9.00,49.00,6.00,27256325,372
21.11,1547729225,254.32,51.51058110,7.47068964,142.80,10.01,-0.94,51.16,1,-88.00,-6.00,13.00,9.00,49.00,6.00,27256325,372
22.10,1547729226,264.28,51.51063927,7.47078629,142.60,8.64,-1.38,48.44,1,-92.00,-8.00,14.00,8.00,46.00,6.00,27256325,372
23.10,1547729227,272.93,51.51069668,7.47087164,142.52,8.11,-0.52,46.38,1,-92.00,-8.00,14.00,8.00,46.00,6.00,27256325,372
24.10,1547729228,281.06,51.51075255,7.47093921,142.20,7.38,-0.73,44.62,1,-92.00,-7.00,16.00,11.00,45.00,6.00,27256325,372
25.10,1547729229,288.44,51.51079920,7.47099300,141.73,6.33,-1.04,43.17,1,-92.00,-7.00,16.00,11.00,45.00,6.00,27256325,372
26.10,1547729230,294.77,51.51083810,7.47103381,141.14,4.67,-1.66,42.23,1,-90.00,-6.00,18.00,12.00,47.00,6.00,27256325,372
27.10,1547729231,299.45,51.51086681,7.47105765,141.11,2.77,-1.91,41.20,1,-90.00,-6.00,18.00,12.00,47.00,6.00,27256325,372
28.11,1547729232,302.24,51.51088140,7.47106450,141.01,0.94,-1.82,41.20,1,-89.00,-7.00,14.00,1.00,48.00,6.00,27256325,372
29.10,1547729233,303.17,51.51088140,7.47106450,141.00,0.00,-0.95,41.20,1,-89.00,-7.00,14.00,1.00,48.00,6.00,27256325,372
30.10,1547729234,303.17,51.51088140,7.47106450,141.00,0.00,0.00,41.20,1,-89.00,-7.00,14.00,1.00,48.00,6.00,27256325,372
31.11,1547729235,303.17,51.51088140,7.47106450,141.00,0.00,0.00,41.20,1,-90.00,-7.00,20.00,11.00,45.00,6.00,27256325,372
32.10,1547729236,303.17,51.51088140,7.47106450,141.00,0.00,0.00,41.20,1,-90.00,-7.00,20.00,11.00,45.00,6.00,27256325,372
33.10,1547729237,303.17,51.51255480,7.47430160,141.00,0.00,0.00,41.20,1,-92.00,-9.00,18.00,11.00,47.00,6.00,27256325,372
34.10,1547729238,303.17,51.51088140,7.47106450,141.00,0.00,0.00,41.20,1,-92.00,-9.00,18.00,11.00,47.00,6.00,27256325,372
35.10,1547729239,303.17,51.51088140,7.47106450,141.00,0.00,0.00,41.20,1,-91.00,-6.00,20.00,11.00,45.00,6.00,27256325,372
36.10,1547729240,303.17,51.51088140,7.47106450,140.99,0.00,0.00,41.20,1,-91.00,-6.00,20.00,11.00,45.00,6.00,27256325,372
37.10,1547729241,303.17,51.51088140,7.47106450,140.99,0.00,0.00,41.20,1,-91.00,-6.00,21.00,9.00,44.00,6.00,27256325,372
38.10,1547729242,303.17,51.51088140,7.47106450,140.99,0.00,0.00,41.20,1,-91.00,-6.00,21.00,9.00,44.00,6.00,27256325,372
39.10,1547729243,303.17,51.51088140,7.47106450,140.99,0.00,0.00,41.20,1,-91.00,-6.00,21.00,9.00,45.00,6.00,27256325,372
40.10,1547729244,303.17,51.51088140,7.47106450,140.98,0.00,0.00,41.20,1,-91.00,-6.00,21.00,9.00,45.00,6.00,27256325,372
41.10,1547729245,303.17,51.51088140,7.47106450,140.98,0.00,0.00,41.20,1,-91.00,-6.00,20.00,11.00,45.00,6.00,27256325,372
42.10,1547729246,303.17,51.51088140,7.47106450,140.92,0.00,0.00,41.20,1,-91.00,-6.00,20.00,11.00,45.00,6.00,27256325,372
43.10,1547729247,303.17,51.51088140,7.47106450,140.84,0.00,0.00,69.97,1,-88.00,-5.00,19.00,12.00,48.00,6.00,27256325,372
44.10,1547729248,303.17,51.51093161,7.47113028,140.36,0.00,0.00,40.34,1,-88.00,-5.00,19.00,12.00,48.00,6.00,27256325,372
45.10,1547729249,303.17,51.51099121,7.47120984,140.24,8.64,0.00,40.16,1,-89.00,-6.00,22.00,12.00,47.00,6.00,27256325,372
46.10,1547729250,311.79,51.51106400,7.47130380,139.69,10.48,1.84,39.34,1,-89.00,-6.00,22.00,12.00,47.00,6.00,27256325,372
47.10,1547729251,322.27,51.51114245,7.47138423,139.26,10.48,0.00,40.34,1,-86.00,-6.00,23.00,12.00,50.00,6.00,27256325,372
48.10,1547729252,332.75,51.51123378,7.47150347,138.40,12.89,2.41,39.50,1,-86.00,-6.00,23.00,12.00,50.00,6.00,27256325,372
49.12,1547729253,345.80,51.51133636,7.47163451,137.54,14.45,1.55,38.86,1,-87.00,-6.00,21.00,1.00,49.00,6.00,27256325,372
50.10,1547729254,360.07,51.51143783,7.47176702,136.96,14.66,0.21,38.57,1,-87.00,-6.00,21.00,1.00,49.00,6.00,27256325,372
51.10,1547729255,374.74,51.51154012,7.47189574,136.33,14.29,-0.37,39.38,1,-87.00,-6.00,21.00,1.00,49.00,6.00,27256325,372
52.10,1547729256,388.96,51.51164049,7.47202420,135.76,14.16,-0.12,39.32,1,-86.00,-6.00,24.00,12.00,51.00,6.00,27256325,372
53.10,1547729257,403.18,51.51255480,7.47430160,135.12,14.19,0.03,39.82,1,-86.00,-6.00,24.00,12.00,51.00,6.00,27256325,372
54.10,1547729258,417.39,51.51184352,7.47226849,134.67,14.20,0.00,39.27,1,-88.00,-7.00,21.00,12.00,50.00,6.00,27256325,372
55.10,1547729259,431.57,51.51194259,7.47238890,134.51,13.90,-0.30,38.47,1,-88.00,-7.00,21.00,12.00,50.00,6.00,27256325,372
56.10,1547729260,445.47,51.51204022,7.47250236,134.46,13.18,-0.72,37.24,1,-83.00,-5.00,28.00,13.00,50.00,6.00,27256325,372
57.10,1547729261,458.66,51.51213474,7.47260260,134.71,12.34,-0.84,33.55,1,-83.00,-5.00,28.00,13.00,50.00,6.00,27256325,372
58.10,1547729262,470.97,51.51222516,7.47267420,135.19,11.18,-1.16,29.51,1,-85.00,-5.00,29.00,15.00,50.00,6.00,27256325,372
59.10,1547729263,482.14,51.51231199,7.47271548,135.66,9.89,-1.28,14.02,1,-85.00,-5.00,29.00,15.00,50.00,6.00,27256325,372
60.10,1547729264,492.04,51.51240086,7.47275525,136.70,10.00,0.10,12.38,1,-89.00,-5.00,19.00,12.00,48.00,6.00,27256325,372
61.10,1547729265,502.00,51.51252194,7.47279297,137.32,13.06,3.08,9.86,1,-89.00,-5.00,19.00,12.00,48.00,6.00,27256325,372
62.10,1547729266,515.08,51.51265209,7.47282147,137.89,14.14,1.07,7.74,1,-92.00,-7.00,21.00,12.00,46.00,6.00,27256325,372
63.10,1547729267,529.21,51.51278536,7.47283827,138.15,14.37,0.24,6.22,1,-92.00,-7.00,21.00,12.00,46.00,6.00,27256325,372
64.11,1547729268,543.66,51.51292204,7.47286262,139.21,15.11,0.73,5.39,1,-92.00,-6.00,14.00,9.00,44.00,6.00,27256325,372
65.10,1547729269,558.75,51.51306066,7.47287787,140.23,14.96,-0.15,4.85,1,-92.00,-6.00,14.00,9.00,44.00,6.00,27256325,372
66.10,1547729270,573.68,51.51319958,7.47289380,141.14,14.86,-0.09,4.03,1,-94.00,-6.00,6.00,6.00,43.00,10.00,29398276,358
67.10,1547729271,588.54,51.51333624,7.47290418,142.50,15.02,0.15,3.28,1,-94.00,-6.00,6.00,6.00,43.00,10.00,29398276,358
68.10,1547729272,603.57,51.51346711,7.47291617,144.63,14.63,-0.38,3.92,1,-92.00,-7.00,11.00,9.00,46.00,10.00,29398276,358
69.10,1547729273,618.22,51.51359829,7.47293706,146.96,15.19,0.56,4.17,1,-92.00,-7.00,11.00,9.00,46.00,10.00,29398276,358
70.11,1547729274,633.49,51.51373074,7.47295068,148.38,14.92,-0.28,3.80,1,-92.00,-6.00,6.00,6.00,45.00,9.00,29398276,358
71.10,1547729275,648.30,51.51386021,7.47296007,149.20,14.35,-0.57,2.90,1,-92.00,-6.00,6.00,6.00,45.00,9.00,29398276,358
72.10,1547729276,662.61,51.51399492,7.47297129,149.90,14.45,0.10,2.29,1,-92.00,-6.00,6.00,6.00,45.00,9.00,29398276,358
73.10,1547729277,677.08,51.51363540,7.47290000,149.61,14.48,0.03,1.62,1,-91.00,-7.00,15.00,13.00,48.00,9.00,29398276,358
74.10,1547729278,691.59,51.51426459,7.47296575,148.62,13.61,-0.86,2.10,1,-91.00,-7.00,15.00,13.00,48.00,9.00,29398276,358
75.10,1547729279,705.20,51.51438158,7.47296978,146.85,12.50,-1.11,2.85,1,-88.00,-8.00,20.00,15.00,49.00,9.00,29398276,358
76.10,1547729280,717.69,51.51447797,7.47297995,145.26,10.56,-1.95,3.69,1,-88.00,-8.00,20.00,15.00,49.00,9.00,29398276,358
77.10,1547729281,728.25,51.51454942,7.47299350,143.84,7.49,-3.07,4.00,1,-91.00,-6.00,20.00,15.00,46.00,9.00,29398276,358
78.10,1547729282,735.75,51.51463113,7.47299870,142.19,7.49,0.00,3.07,1,-91.00,-6.00,20.00,15.00,46.00,9.00,29398276,358
79.10,1547729283,743.24,51.51469185,7.47300192,142.31,6.67,-0.82,3.49,1,-93.00,-6.00,14.00,9.00,44.00,9.00,29398276,358
80.10,1547729284,749.91,51.51474331,7.47301289,141.73,4.68,-1.99,3.89,1,-93.00,-6.00,14.00,9.00,44.00,9.00,29398276,358
81.10,1547729285,754.60,51.51476969,7.47301804,141.64,1.88,-2.80,3.08,1,-92.00,-6.00,22.00,12.00,46.00,9.00,29398276,358
82.10,1547729286,756.47,51.51476978,7.47301811,141.58,0.33,-1.55,3.08,1,-92.00,-6.00,22.00,12.00,46.00,9.00,29398276,358
83.10,1547729287,756.80,51.51476978,7.47301811,141.58,0.00,-0.33,3.08,1,-90.00,-6.00,22.00,10.00,48.00,9.00,29398276,358
84.10,1547729288,756.80,51.51476978,7.47301811,141.57,0.00,0.00,3.08,1,-90.00,-6.00,22.00,10.00,48.00,9.00,29398276,358
85.10,1547729289,756.80,51.51476978,7.47301811,141.56,0.00,0.00,3.08,1,-90.00,-6.00,22.00,10.00,48.00,9.00,29398276,358
86.10,1547729290,756.80,51.51476978,7.47301811,141.55,0.00,0.00,3.08,1,-90.00,-6.00,22.00,10.00,48.00,9.00,29398276,358
87.10,1547729291,756.80,51.51476978,7.47301811,141.54,0.00,0.00,3.08,1,-91.00,-6.00,22.00,12.00,47.00,9.00,29398276,358
88.10,1547729292,756.80,51.51476978,7.47301811,141.53,0.00,0.00,3.08,1,-91.00,-6.00,22.00,12.00,47.00,9.00,29398276,358
89.10,1547729293,756.80,51.51476978,7.47301811,141.53,0.00,0.00,3.08,1,-90.00,-6.00,21.00,11.00,48.00,9.00,29398276,358
90.10,1547729294,756.80,51.51476978,7.47301811,141.53,0.00,0.00,3.08,1,-90.00,-6.00,21.00,11.00,48.00,9.00,29398276,358
91.11,1547729295,756.80,51.51476978,7.47301811,141.54,0.00,0.00,3.08,1,-91.00,-6.00,24.00,11.00,47.00,9.00,29398276,358
92.10,1547729296,756.80,51.51476978,7.47301811,141.55,0.00,0.00,3.08,1,-91.00,-6.00,24.00,11.00,47.00,9.00,29398276,358
93.10,1547729297,756.80,51.51363540,7.47290000,141.57,0.00,0.00,3.08,1,-91.00,-6.00,24.00,11.00,47.00,9.00,29398276,358
94.10,1547729298,756.80,51.51476978,7.47301811,141.59,0.00,0.00,3.08,1,-90.00,-9.00,21.00,11.00,50.00,9.00,29398276,358
95.10,1547729299,756.80,51.51476978,7.47301811,141.61,0.00,0.00,3.08,1,-90.00,-9.00,21.00,11.00,50.00,9.00,29398276,358
96.10,1547729300,756.80,51.51476978,7.47301811,141.63,0.00,0.00,3.08,1,-90.00,-6.00,21.00,11.00,48.00,9.00,29398276,358
97.10,1547729301,756.80,51.51476978,7.47301811,141.65,0.00,0.00,3.08,1,-90.00,-6.00,21.00,11.00,48.00,9.00,29398276,358
98.10,1547729302,756.80,51.51476978,7.47301811,141.67,0.00,0.00,3.08,1,-91.00,-7.00,22.00,11.00,49.00,9.00,29398276,358
99.10,1547729303,756.80,51.51476978,7.47301811,141.69,0.00,0.00,3.08,1,-91.00,-7.00,22.00,11.00,49.00,9.00,29398276,358
100.10,1547729304,756.80,51.51476978,7.47301811,141.71,0.00,0.00,3.08,1,-90.00,-6.00,21.00,11.00,48.00,9.00,29398276,358
101.10,1547729305,756.80,51.51476978,7.47301811,141.74,0.00,0.00,3.08,1,-90.00,-6.00,21.00,11.00,48.00,9.00,29398276,358
102.11,1547729306,756.80,51.51476978,7.47301811,141.76,0.00,0.00,3.08,1,-90.00,-7.00,25.00,11.00,49.00,9.00,29398276,358
103.10,1547729307,756.80,51.51476978,7.47301811,141.77,0.00,0.00,3.08,1,-90.00,-7.00,25.00,11.00,49.00,9.00,29398276,358
104.10,1547729308,756.80,51.51476978,7.47301811,141.78,0.00,0.00,3.08,1,-91.00,-8.00,21.00,11.00,49.00,9.00,29398276,358
105.10,1547729309,756.80,51.51476978,7.47301811,141.77,0.00,0.00,3.08,1,-91.00,-8.00,21.00,11.00,49.00,9.00,29398276,358
106.10,1547729310,756.80,51.51476978,7.47301811,141.76,0.00,0.00,3.08,1,-91.00,-6.00,19.00,10.00,47.00,9.00,29398276,358
107.10,1547729311,756.80,51.51476978,7.47301811,141.74,0.00,0.00,3.08,1,-91.00,-6.00,19.00,10.00,47.00,9.00,29398276,358
108.10,1547729312,756.80,51.51476978,7.47301811,141.71,0.00,0.00,3.08,1,-90.00,-6.00,14.00,12.00,48.00,9.00,29398276,358
109.10,1547729313,756.80,51.51476978,7.47301811,141.69,0.00,0.00,3.08,1,-90.00,-6.00,14.00,12.00,48.00,9.00,29398276,358
110.10,1547729314,756.80,51.51476978,7.47301811,141.66,0.00,0.00,3.08,1,-90.00,-6.00,33.00,10.00,48.00,9.00,29398276,358
111.10,1547729315,756.80,51.51476978,7.47301811,141.63,0.00,0.00,3.08,1,-90.00,-6.00,33.00,10.00,48.00,9.00,29398276,358
112.11,1547729316,756.80,51.51476978,7.47301811,141.60,0.00,0.00,3.08,1,-91.00,-7.00,23.00,11.00,49.00,9.00,29398276,358
113.10,1547729317,756.80,51.51363540,7.47290000,141.56,0.00,0.00,3.08,1,-91.00,-7.00,23.00,11.00,49.00,9.00,29398276,358
114.10,1547729318,756.80,51.51476978,7.47301811,141.53,0.00,0.00,3.08,1,-91.00,-7.00,23.00,11.00,49.00,9.00,29398276,358
115.10,1547729319,756.80,51.51476978,7.47301811,141.49,0.00,0.00,3.08,1,-91.00,-6.00,22.00,10.00,47.00,9.00,29398276,358
116.10,1547729320,756.80,51.51476978,7.47301811,141.45,0.00,0.00,3.08,1,-91.00,-6.00,22.00,10.00,47.00,9.00,29398276,358
117.10,1547729321,756.80,51.51476978,7.47301811,141.42,0.00,0.00,3.08,1,-90.00,-7.00,20.00,12.00,49.00,9.00,29398276,358
118.10,1547729322,756.80,51.51476978,7.47301811,141.38,0.00,0.00,3.08,1,-90.00,-7.00,20.00,12.00,49.00,9.00,29398276,358
119.10,1547729323,756.80,51.51476978,7.47301811,141.34,0.00,0.00,3.08,1,-91.00,-6.00,21.00,11.00,47.00,9.00,29398276,358
120.10,1547729324,756.80,51.51476978,7.47301811,141.30,0.00,0.00,3.08,1,-91.00,-6.00,21.00,11.00,47.00,9.00,29398276,358
121.10,1547729325,756.80,51.51476978,7.47301811,141.26,0.00,0.00,3.08,1,-91.00,-6.00,20.00,11.00,48.00,9.00,29398276,358
122.10,1547729326,756.80,51.51476978,7.47301811,141.21,0.00,0.00,3.08,1,-91.00,-6.00,20.00,11.00,48.00,9.00,29398276,358
123.10,1547729327,756.80,51.51476978,7.47301811,141.17,0.00,0.00,3.08,1,-91.00,-6.00,21.00,10.00,48.00,9.00,29398276,358
124.10,1547729328,756.80,51.51476978,7.47301811,140.70,0.00,0.00,301.50,1,-91.00,-6.00,21.00,10.00,48.00,9.00,29398276,358
125.10,1547729329,756.80,51.51482356,7.47291458,140.27,0.00,0.00,301.50,1,-90.00,-6.00,23.00,12.00,47.00,9.00,29398276,358
126.10,1547729330,756.80,51.51482356,7.47291458,137.03,0.00,0.00,2.18,1,-90.00,-6.00,23.00,12.00,47.00,9.00,29398276,358
127.10,1547729331,756.80,51.51495602,7.47297519,135.37,0.00,0.00,2.57,1,-91.00,-6.00,19.00,11.00,47.00,9.00,29398276,358
128.10,1547729332,756.80,51.51505368,7.47299497,134.37,10.64,0.00,1.83,1,-91.00,-6.00,19.00,11.00,47.00,9.00,29398276,358
129.10,1547729333,767.44,51.51515420,7.47301086,133.92,10.87,0.23,0.65,1,-95.00,-6.00,23.00,11.00,42.00,9.00,29398276,358
130.10,1547729334,778.31,51.51525455,7.47300564,133.49,10.72,-0.15,358.74,1,-95.00,-6.00,23.00,11.00,42.00,9.00,29398276,358
131.10,1547729335,789.03,51.51535562,7.47298821,133.53,10.99,0.27,355.34,1,-92.00,-6.00,19.00,11.00,46.00,9.00,29398276,358
132.10,1547729336,799.99,51.51546792,7.47295835,134.16,13.15,2.16,352.50,1,-92.00,-6.00,19.00,11.00,46.00,9.00,29398276,358
133.10,1547729337,813.15,51.51466280,7.47233030,135.04,12.62,-0.53,350.21,1,-91.00,-6.00,17.00,11.00,45.00,9.00,29398276,358
134.10,1547729338,825.77,51.51569699,7.47282894,135.63,14.76,2.14,337.28,1,-91.00,-6.00,17.00,11.00,45.00,9.00,29398276,358
135.11,1547729339,840.70,51.51581883,7.47274074,135.74,15.21,0.44,336.86,1,-93.00,-6.00,9.00,7.00,43.00,9.00,29398276,358
136.10,1547729340,855.78,51.51593842,7.47264048,135.86,15.07,-0.14,333.87,1,-93.00,-6.00,9.00,7.00,43.00,9.00,29398276,358
137.10,1547729341,870.84,51.51605556,7.47251997,135.72,15.25,0.18,330.09,1,-93.00,-6.00,9.00,7.00,43.00,9.00,29398276,358
138.10,1547729342,886.10,51.51615064,7.47236646,135.73,14.98,-0.26,316.90,1,-97.00,-7.00,10.00,8.00,41.00,9.00,29398276,358
139.10,1547729343,901.08,51.51623870,7.47221285,135.13,13.81,-1.17,316.29,1,-97.00,-7.00,10.00,8.00,41.00,9.00,29398276,358
140.10,1547729344,914.89,51.51632320,7.47205772,134.00,13.51,-0.30,313.55,1,-97.00,-7.00,4.00,11.00,41.00,9.00,29398276,358
141.10,1547729345,928.36,51.51640098,7.47189276,132.62,13.24,-0.27,310.09,1,-97.00,-7.00,4.00,11.00,41.00,9.00,29398276,358
142.10,1547729346,941.63,51.51645936,7.47170170,131.24,14.21,0.97,296.77,1,-95.00,-7.00,10.00,11.00,44.00,9.00,29398276,358
143.11,1547729347,955.86,51.51652077,7.47150117,129.92,14.87,0.66,295.44,1,-95.00,-7.00,10.00,11.00,44.00,9.00,29398276,358
144.10,1547729348,970.69,51.51658118,7.47129533,129.20,15.62,0.75,294.13,1,-94.00,-8.00,13.00,7.00,45.00,9.00,29398276,358
145.11,1547729349,986.36,51.51663835,7.47109397,129.51,15.32,-0.30,294.37,1,-94.00,-8.00,13.00,7.00,45.00,9.00,29398276,358
146.10,1547729350,1001.65,51.51668868,7.47090556,129.76,14.01,-1.31,294.77,1,-95.00,-7.00,20.00,9.00,43.00,9.00,29398276,358
147.10,1547729351,1015.66,51.51673077,7.47073533,130.63,12.23,-1.79,294.47,1,-95.00,-7.00,20.00,9.00,43.00,9.00,29398276,358
148.10,1547729352,1027.90,51.51676752,7.47058306,131.77,10.50,-1.73,295.02,1,-92.00,-6.00,15.00,9.00,45.00,9.00,29398276,358
149.10,1547729353,1038.40,51.51680149,7.47045214,132.93,9.20,-1.30,294.04,1,-92.00,-6.00,15.00,9.00,45.00,9.00,29398276,358
150.10,1547729354,1047.60,51.51683480,7.47033978,133.54,7.94,-1.26,293.26,1,-87.00,-6.00,22.00,15.00,48.00,9.00,29398276,358
151.10,1547729355,1055.52,51.51686205,7.47023027,134.64,7.49,-0.45,292.71,1,-87.00,-6.00,22.00,15.00,48.00,9.00,29398276,358
152.10,1547729356,1063.00,51.51689043,7.47011408,135.55,7.90,0.42,291.93,1,-93.00,-7.00,15.00,10.00,44.00,9.00,29398276,358
153.10,1547729357,1070.91,51.51641950,7.47068740,136.09,8.76,0.86,291.30,1,-93.00,-7.00,15.00,10.00,44.00,9.00,29398276,358
154.10,1547729358,1079.70,51.51694806,7.46985830,136.90,8.84,0.08,290.67,1,-94.00,-7.00,14.00,9.00,43.00,9.00,29398276,358
155.10,1547729359,1088.53,51.51697437,7.46973650,137.11,8.37,-0.47,290.29,1,-94.00,-7.00,14.00,9.00,43.00,9.00,29398276,358
156.11,1547729360,1096.97,51.51700116,7.46961910,137.52,8.46,0.09,289.42,1,-94.00,-7.00,13.00,9.00,44.00,9.00,29398276,358
157.10,1547729361,1105.36,51.51702141,7.46949464,138.96,8.84,0.38,288.66,1,-94.00,-7.00,13.00,9.00,44.00,9.00,29398276,358
158.10,1547729362,1114.20,51.51703936,7.46935687,140.94,9.42,0.58,287.46,1,-94.00,-7.00,13.00,9.00,44.00,9.00,29398276,358
159.10,1547729363,1123.62,51.51706540,7.46921840,141.93,10.19,0.77,288.24,1,-94.00,-6.00,8.00,11.00,43.00,9.00,29398276,358
160.11,1547729364,1133.82,51.51709223,7.46907758,142.66,10.08,-0.11,287.75,1,-94.00,-6.00,8.00,11.00,43.00,9.00,29398276,358
161.10,1547729365,1143.90,51.51712064,7.46894873,141.81,10.09,0.00,286.63,1,-95.00,-7.00,10.00,10.00,43.00,9.00,29398276,358
162.10,1547729366,1153.95,51.51715192,7.46878637,139.99,11.81,1.73,286.01,1,-95.00,-7.00,10.00,10.00,43.00,9.00,29398276,358
163.11,1547729367,1165.81,51.51718630,7.46862395,138.02,11.80,-0.01,286.76,1,-95.00,-7.00,10.00,7.00,43.00,9.00,29398276,358
164.11,1547729368,1177.60,51.51722177,7.46845584,136.11,11.92,0.13,288.11,1,-95.00,-7.00,10.00,7.00,43.00,9.00,29398276,358
165.10,1547729369,1189.49,51.51725983,7.46827608,135.17,12.36,0.43,289.98,1,-93.00,-9.00,13.00,9.00,46.00,9.00,29398276,358
166.10,1547729370,1201.87,51.51729909,7.46810183,135.47,12.77,0.41,291.26,1,-93.00,-9.00,13.00,9.00,46.00,9.00,29398276,358
167.10,1547729371,1214.64,51.51734049,7.46794124,135.94,12.43,-0.33,292.62,1,-93.00,-6.00,13.00,9.00,45.00,9.00,29398276,358
168.10,1547729372,1227.07,51.51738588,7.46778159,136.03,12.14,-0.29,294.63,1,-93.00,-6.00,13.00,9.00,45.00,9.00,29398276,358
169.10,1547729373,1239.20,51.51743401,7.46762345,135.99,11.61,-0.54,295.49,1,-95.00,-6.00,10.00,12.00,43.00,9.00,29398276,358
170.10,1547729374,1250.82,51.51748025,7.46747850,136.16,10.66,-0.95,295.94,1,-95.00,-6.00,10.00,12.00,43.00,9.00,29398276,358
171.10,1547729375,1261.45,51.51751921,7.46735938,136.24,9.37,-1.29,295.48,1,-95.00,-6.00,8.00,11.00,43.00,9.00,29398276,358
172.11,1547729376,1270.87,51.51756207,7.46723808,135.99,9.84,0.47,295.89,1,-95.00,-6.00,8.00,11.00,43.00,9.00,29398276,358
173.10,1547729377,1280.63,51.51855420,7.46829970,135.66,10.10,0.27,296.40,1,-97.00,-7.00,9.00,11.00,41.00,9.00,29398276,358
174.10,1547729378,1290.75,51.51764107,7.46698180,135.24,10.42,0.32,294.24,1,-97.00,-7.00,9.00,11.00,41.00,9.00,29398276,358
175.10,1547729379,1301.20,51.51767674,7.46684429,135.54,10.56,0.13,292.57,1,-96.00,-7.00,11.00,7.00,42.00,9.00,29398276,358
176.10,1547729380,1311.77,51.51771278,7.46670158,135.41,10.80,0.24,290.03,1,-96.00,-7.00,11.00,7.00,42.00,9.00,29398276,358
177.11,1547729381,1322.66,51.51774298,7.46654926,134.83,11.15,0.35,288.50,1,-98.00,-8.00,7.00,8.00,40.00,9.00,29398276,358
178.11,1547729382,1333.73,51.51777741,7.46639771,134.11,11.37,0.22,286.99,1,-98.00,-8.00,7.00,8.00,40.00,9.00,29398276,358
179.10,1547729383,1345.08,51.51780602,7.46623198,133.50,11.48,0.11,285.36,1,-98.00,-8.00,7.00,8.00,40.00,9.00,29398276,358
180.11,1547729384,1356.57,51.51783346,7.46607457,133.50,10.84,-0.63,283.76,1,-100.00,-9.00,2.00,3.00,40.00,9.00,29398276,358
181.11,1547729385,1367.43,51.51784608,7.46592216,134.40,9.42,-1.42,282.35,1,-100.00,-9.00,2.00,3.00,40.00,9.00,29398276,358
182.10,1547729386,1376.79,51.51785091,7.46577561,135.77,8.97,-0.46,280.14,1,-94.00,-8.00,6.00,9.00,44.00,11.00,26376708,470
183.10,1547729387,1385.76,51.51785165,7.46559220,136.61,8.97,0.00,282.09,1,-94.00,-8.00,6.00,9.00,44.00,11.00,26376708,470
184.10,1547729388,1394.73,51.51784436,7.46542915,136.67,9.98,1.01,273.04,1,-96.00,-10.00,5.00,6.00,45.00,11.00,26376708,470
185.10,1547729389,1404.71,51.51783834,7.46527484,136.70,10.15,0.17,272.23,1,-96.00,-10.00,5.00,6.00,45.00,11.00,26376708,470
186.11,1547729390,1414.90,51.51783410,7.46512720,136.49,9.55,-0.59,271.03,1,-94.00,-11.00,5.00,5.00,48.00,11.00,26376708,470
187.10,1547729391,1424.44,51.51782801,7.46497700,135.51,9.75,0.20,269.56,1,-94.00,-11.00,5.00,5.00,48.00,11.00,26376708,470
188.11,1547729392,1434.21,51.51781630,7.46481862,134.48,10.49,0.74,267.73,1,-97.00,-10.00,1.00,5.00,44.00,11.00,26376708,470
189.11,1547729393,1444.71,51.51780467,7.46466733,133.68,10.39,-0.11,265.96,1,-97.00,-10.00,1.00,5.00,44.00,11.00,26376708,470
190.10,1547729394,1455.07,51.51779133,7.46452789,133.22,10.14,-0.25,264.40,1,-90.00,-7.00,7.00,9.00,48.00,13.00,26796291,24
191.11,1547729395,1465.22,51.51777562,7.46439188,132.99,9.96,-0.18,262.89,1,-90.00,-7.00,7.00,9.00,48.00,13.00,26796291,24
192.10,1547729396,1475.15,51.51775889,7.46426713,132.62,10.32,0.36,260.17,1,-94.00,-9.00,5.00,6.00,47.00,13.00,26796291,24
193.10,1547729397,1485.46,51.51774183,7.46413396,132.24,10.53,0.21,257.75,1,-94.00,-9.00,5.00,6.00,47.00,13.00,26796291,24
194.10,1547729398,1496.01,51.51771617,7.46400446,131.71,10.52,-0.01,255.47,1,-95.00,-11.00,6.00,6.00,47.00,13.00,26796291,24
195.10,1547729399,1506.53,51.51768313,7.46386855,131.87,10.50,-0.02,254.25,1,-95.00,-11.00,6.00,6.00,47.00,13.00,26796291,24
196.11,1547729400,1517.05,51.51764470,7.46373150,132.86,10.65,0.15,252.77,1,-91.00,-11.00,5.00,8.00,52.00,13.00,26796291,24
197.11,1547729401,1527.70,51.51760685,7.46360207,133.76,10.26,-0.39,251.53,1,-91.00,-11.00,5.00,8.00,52.00,13.00,26796291,24
198.11,1547729402,1538.04,51.51756299,7.46349085,135.40,10.18,-0.09,250.33,1,-88.00,-8.00,5.00,12.00,52.00,13.00,26796291,24
199.10,1547729403,1548.13,51.51751957,7.46337271,136.69,10.32,0.14,249.15,1,-88.00,-8.00,5.00,12.00,52.00,13.00,26796291,24
200.10,1547729404,1558.45,51.51747909,7.46324826,137.46,9.99,-0.33,248.02,1,-88.00,-8.00,5.00,12.00,52.00,13.00,26796291,24
201.11,1547729405,1568.46,51.51744256,7.46311953,137.42,9.56,-0.42,247.50,1,-87.00,-6.00,-3.00,1.00,51.00,13.00,26796291,24
202.10,1547729406,1577.98,51.51740875,7.46299154,136.63,9.21,-0.35,247.43,1,-87.00,-6.00,-3.00,1.00,51.00,13.00,26796291,24
203.10,1547729407,1587.18,51.51737738,7.46286322,135.36,9.04,-0.18,248.34,1,-86.00,-9.00,6.00,13.00,56.00,7.00,26378754,443
204.10,1547729408,1596.25,51.51734633,7.46272699,133.80,9.61,0.57,248.10,1,-86.00,-9.00,6.00,13.00,56.00,7.00,26378754,443
205.10,1547729409,1605.86,51.51732124,7.46259098,132.54,9.96,0.35,248.77,1,-82.00,-7.00,18.00,12.00,56.00,7.00,26378754,443
206.10,1547729410,1615.82,51.51729591,7.46244884,131.99,10.54,0.58,249.28,1,-82.00,-7.00,18.00,12.00,56.00,7.00,26378754,443
207.10,1547729411,1626.34,51.51726405,7.46230349,132.50,11.56,1.02,249.45,1,-85.00,-8.00,17.00,9.00,55.00,7.00,26378754,443
208.10,1547729412,1637.90,51.51722746,7.46214217,132.76,11.58,0.03,250.17,1,-85.00,-8.00,17.00,9.00,55.00,7.00,26378754,443
209.10,1547729413,1649.49,51.51719119,7.46197473,133.36,11.71,0.13,250.98,1,-86.00,-8.00,13.00,10.00,53.00,7.00,26378754,443
210.10,1547729414,1661.21,51.51715614,7.46180457,133.15,12.23,0.51,250.49,1,-86.00,-8.00,13.00,10.00,53.00,7.00,26378754,443
211.11,1547729415,1673.48,51.51711804,7.46162640,132.60,13.22,0.99,250.99,1,-86.00,-7.00,17.00,10.00,53.00,7.00,26378754,443
212.10,1547729416,1686.61,51.51707697,7.46144921,132.15,13.32,0.10,251.36,1,-86.00,-7.00,17.00,10.00,53.00,7.00,26378754,443
213.11,1547729417,1699.98,51.51703847,7.46126336,131.35,13.41,0.09,251.14,1,-87.00,-8.00,21.00,10.00,52.00,7.00,26378754,443
214.10,1547729418,1713.37,51.51700027,7.46106863,130.39,13.84,0.43,250.64,1,-87.00,-8.00,21.00,10.00,52.00,7.00,26378754,443
215.10,1547729419,1727.17,51.51695926,7.46087149,129.55,14.17,0.33,251.29,1,-83.00,-10.00,16.00,11.00,57.00,7.00,26378754,443
216.10,1547729420,1741.37,51.51691864,7.46067986,129.02,13.67,-0.51,251.76,1,-83.00,-10.00,16.00,11.00,57.00,7.00,26378754,443
217.10,1547729421,1755.06,51.51688785,7.46049116,128.25,13.32,-0.34,252.58,1,-84.00,-8.00,5.00,9.00,56.00,7.00,26378754,443
218.11,1547729422,1768.40,51.51685609,7.46030957,127.69,13.11,-0.21,252.07,1,-84.00,-8.00,5.00,9.00,56.00,7.00,26378754,443
219.11,1547729423,1781.60,51.51682386,7.46013914,127.44,12.27,-0.83,252.92,1,-79.00,-6.00,22.00,12.00,59.00,7.00,26378754,443
220.10,1547729424,1793.77,51.51679231,7.45997100,126.96,11.89,-0.38,253.53,1,-79.00,-6.00,22.00,12.00,59.00,7.00,26378754,443
221.11,1547729425,1805.71,51.51676504,7.45980523,126.61,11.70,-0.19,254.64,1,-79.00,-6.00,22.00,12.00,59.00,7.00,26378754,443
222.10,1547729426,1817.31,51.51673641,7.45964760,126.86,11.51,-0.20,255.35,1,-78.00,-6.00,24.00,15.00,59.00,7.00,26378754,443
223.10,1547729427,1828.83,51.51671132,7.45948225,126.95,11.78,0.28,256.10,1,-78.00,-6.00,24.00,15.00,59.00,7.00,26378754,443
224.10,1547729428,1840.65,51.51668671,7.45931687,126.91,11.65,-0.13,256.81,1,-85.00,-7.00,16.00,11.00,52.00,7.00,26378754,443
225.10,1547729429,1852.30,51.51666689,7.45916085,126.68,10.61,-1.05,257.16,1,-85.00,-7.00,16.00,11.00,52.00,7.00,26378754,443
226.10,1547729430,1862.91,51.51665018,7.45902227,126.48,8.83,-1.78,257.68,1,-85.00,-6.00,17.00,15.00,52.00,7.00,26378754,443
227.10,1547729431,1871.73,51.51663848,7.45890168,126.55,7.89,-0.94,259.01,1,-85.00,-6.00,17.00,15.00,52.00,7.00,26378754,443
228.10,1547729432,1879.62,51.51662514,7.45877063,126.52,8.30,0.41,258.19,1,-79.00,-6.00,14.00,11.00,58.00,7.00,26378754,443
229.10,1547729433,1887.92,51.51660863,7.45864581,126.98,8.41,0.11,258.27,1,-79.00,-6.00,14.00,11.00,58.00,7.00,26378754,443
230.10,1547729434,1896.33,51.51658905,7.45851864,128.40,8.54,0.13,257.87,1,-88.00,-12.00,-1.00,4.00,55.00,7.00,26378754,443
231.11,1547729435,1904.91,51.51656844,7.45840079,130.00,7.58,-0.96,258.45,1,-88.00,-12.00,-1.00,4.00,55.00,7.00,26378754,443
232.10,1547729436,1912.46,51.51654912,7.45829482,131.12,6.77,-0.81,257.74,1,-88.00,-12.00,-3.00,5.00,56.00,7.00,26378754,443
233.10,1547729437,1919.21,51.51653149,7.45818416,131.54,7.30,0.53,257.08,1,-88.00,-12.00,-3.00,5.00,56.00,7.00,26378754,443
234.10,1547729438,1926.52,51.51651162,7.45806106,131.83,7.19,-0.11,257.44,1,-90.00,-11.00,9.00,7.00,52.00,7.00,26378754,443
235.11,1547729439,1933.73,51.51649946,7.45795504,132.18,6.24,-0.95,257.77,1,-90.00,-11.00,9.00,7.00,52.00,7.00,26378754,443
236.11,1547729440,1939.97,51.51648346,7.45785401,132.82,5.90,-0.34,257.27,1,-86.00,-6.00,16.00,9.00,51.00,10.00,27029251,331
237.10,1547729441,1945.86,51.51647029,7.45775250,133.66,5.84,-0.06,256.74,1,-86.00,-6.00,16.00,9.00,51.00,10.00,27029251,331
238.10,1547729442,1951.70,51.51646340,7.45764585,133.67,5.42,-0.42,255.76,1,-87.00,-7.00,22.00,8.00,50.00,10.00,27029251,331
239.10,1547729443,1957.12,51.51645286,7.45756893,133.78,3.98,-1.44,256.84,1,-87.00,-7.00,22.00,8.00,50.00,10.00,27029251,331
240.11,1547729444,1961.13,51.51644760,7.45750342,133.83,3.38,-0.60,257.23,1,-85.00,-6.00,12.00,12.00,53.00,10.00,27029251,331
241.10,1547729445,1964.48,51.51644532,7.45746883,133.86,1.72,-1.67,257.86,1,-85.00,-6.00,12.00,12.00,53.00,10.00,27029251,331
242.10,1547729446,1966.19,51.51643814,7.45744962,133.97,0.62,-1.10,257.86,1,-85.00,-6.00,12.00,12.00,53.00,10.00,27029251,331
243.10,1547729447,1966.81,51.51643814,7.45744962,133.98,0.00,-0.62,257.86,1,-89.00,-7.00,17.00,7.00,48.00,10.00,27029251,331
244.10,1547729448,1966.81,51.51643814,7.45744962,133.97,0.00,0.00,257.86,1,-89.00,-7.00,17.00,7.00,48.00,10.00,27029251,331
245.11,1547729449,1966.81,51.51643814,7.45744962,133.97,0.00,0.00,257.86,1,-89.00,-9.00,12.00,9.00,52.00,10.00,27029251,331
246.10,1547729450,1966.81,51.51643814,7.45744962,133.97,0.00,0.00,257.86,1,-89.00,-9.00,12.00,9.00,52.00,10.00,27029251,331
247.11,1547729451,1966.81,51.51643814,7.45744962,133.98,0.00,0.00,257.86,1,-87.00,-6.00,13.00,8.00,50.00,10.00,27029251,331
248.11,1547729452,1966.81,51.51643814,7.45744962,134.04,0.00,0.00,257.86,1,-87.00,-6.00,13.00,8.00,50.00,10.00,27029251,331
249.11,1547729453,1966.81,51.51643814,7.45744962,134.03,0.00,0.00,253.91,1,-87.00,-6.00,14.00,8.00,50.00,10.00,27029251,331
250.11,1547729454,1966.81,51.51643814,7.45744962,134.00,0.00,0.00,249.69,1,-87.00,-6.00,14.00,8.00,50.00,10.00,27029251,331
251.11,1547729455,1966.81,51.51641692,7.45726343,133.92,4.10,0.00,250.52,1,-88.00,-6.00,16.00,7.00,49.00,10.00,27029251,331
252.10,1547729456,1970.89,51.51639771,7.45718632,133.79,6.01,1.92,250.54,1,-88.00,-6.00,16.00,7.00,49.00,10.00,27029251,331
253.10,1547729457,1976.93,51.51637977,7.45709871,133.18,6.55,0.53,250.90,1,-88.00,-9.00,12.00,6.00,50.00,10.00,27029251,331
254.11,1547729458,1983.48,51.51635819,7.45700171,132.67,6.76,0.21,249.57,1,-88.00,-9.00,12.00,6.00,50.00,10.00,27029251,331
255.10,1547729459,1990.23,51.51633059,7.45689790,132.50,7.12,0.36,247.61,1,-88.00,-10.00,8.00,6.00,51.00,10.00,27029251,331
256.11,1547729460,1997.37,51.51630657,7.45679737,132.05,7.20,0.07,245.60,1,-88.00,-10.00,8.00,6.00,51.00,10.00,27029251,331
257.10,1547729461,2004.55,51.51627428,7.45668165,131.52,7.67,0.48,243.48,1,-87.00,-6.00,5.00,4.00,51.00,10.00,27029251,331
258.10,1547729462,2012.19,51.51623394,7.45654181,131.49,9.81,2.15,243.09,1,-87.00,-6.00,5.00,4.00,51.00,10.00,27029251,331
259.11,1547729463,2022.06,51.51619771,7.45641771,131.07,9.24,-0.57,242.19,1,-94.00,-8.00,5.00,5.00,45.00,10.00,27029251,331
260.11,1547729464,2031.29,51.51615809,7.45629212,131.52,8.86,-0.38,241.36,1,-94.00,-8.00,5.00,5.00,45.00,10.00,27029251,331
261.10,1547729465,2040.15,51.51611562,7.45617936,131.88,7.78,-1.09,239.35,1,-87.00,-6.00,10.00,5.00,51.00,6.00,26378754,443
262.10,1547729466,2047.91,51.51607339,7.45606867,132.85,8.36,0.59,237.80,1,-87.00,-6.00,10.00,5.00,51.00,6.00,26378754,443
263.12,1547729467,2056.38,51.51602676,7.45595402,133.18,8.49,0.12,235.35,1,-90.00,-10.00,8.00,5.00,51.00,6.00,26378754,443
264.11,1547729468,2064.78,51.51597183,7.45582925,133.35,9.14,0.67,233.88,1,-90.00,-10.00,8.00,5.00,51.00,6.00,26378754,443
265.10,1547729469,2073.91,51.51591069,7.45569913,133.26,10.33,1.18,231.23,1,-90.00,-10.00,8.00,5.00,51.00,6.00,26378754,443
266.10,1547729470,2084.24,51.51584459,7.45557592,132.85,10.45,0.13,227.56,1,-83.00,-7.00,8.00,7.00,55.00,6.00,26378754,443
267.10,1547729471,2094.69,51.51577007,7.45545774,132.55,10.92,0.47,224.14,1,-83.00,-7.00,8.00,7.00,55.00,6.00,26378754,443
268.10,1547729472,2105.61,51.51568887,7.45534485,132.55,10.66,-0.25,220.28,1,-86.00,-8.00,3.00,6.00,53.00,6.00,26378754,443
269.10,1547729473,2116.27,51.51560405,7.45523628,132.17,10.98,0.32,217.74,1,-86.00,-8.00,3.00,6.00,53.00,6.00,26378754,443
270.10,1547729474,2127.24,51.51551185,7.45515727,130.96,11.29,0.31,205.20,1,-88.00,-8.00,10.00,8.00,51.00,4.00,26796291,24
271.11,1547729475,2138.57,51.51540671,7.45513249,130.23,11.35,0.06,185.89,1,-88.00,-8.00,10.00,8.00,51.00,4.00,26796291,24
272.10,1547729476,2149.86,51.51529892,7.45511510,130.56,11.67,0.32,185.19,1,-84.00,-8.00,12.00,8.00,54.00,4.00,26796291,24
273.10,1547729477,2161.56,51.51518640,7.45511441,132.43,12.00,0.33,182.32,1,-84.00,-8.00,12.00,8.00,54.00,4.00,26796291,24
274.11,1547729478,2173.57,51.51506617,7.45512819,134.60,12.53,0.53,179.60,1,-80.00,-7.00,9.00,7.00,60.00,4.00,26796291,24
275.10,1547729479,2186.08,51.51494635,7.45515188,136.74,12.94,0.41,177.50,1,-80.00,-7.00,9.00,7.00,60.00,4.00,26796291,24
276.10,1547729480,2199.00,51.51482340,7.45518150,138.25,13.55,0.61,175.73,1,-75.00,-6.00,16.00,13.00,61.00,4.00,26796291,24
277.10,1547729481,2212.54,51.51469773,7.45521839,139.14,13.93,0.38,174.48,1,-75.00,-6.00,16.00,13.00,61.00,4.00,26796291,24
278.10,1547729482,2226.48,51.51457398,7.45529589,139.36,13.93,0.00,174.48,1,-78.00,-8.00,4.00,6.00,59.00,4.00,26796291,24
279.10,1547729483,2240.42,51.51443776,7.45535105,139.13,15.35,1.42,171.80,1,-78.00,-8.00,4.00,6.00,59.00,4.00,26796291,24
280.10,1547729484,2255.77,51.51430721,7.45538896,138.39,14.80,-0.55,171.46,1,-70.00,-6.00,12.00,9.00,63.00,4.00,26796291,24
281.10,1547729485,2270.55,51.51417976,7.45542284,137.85,14.33,-0.47,171.92,1,-70.00,-6.00,12.00,9.00,63.00,4.00,26796291,24
282.10,1547729486,2284.93,51.51405233,7.45545588,138.29,13.78,-0.55,171.69,1,-69.00,-9.00,14.00,11.00,63.00,4.00,26796291,24
283.10,1547729487,2298.71,51.51392896,7.45547892,139.79,13.15,-0.62,170.86,1,-69.00,-9.00,14.00,11.00,63.00,4.00,26796291,24
284.11,1547729488,2311.94,51.51381291,7.45551096,140.96,12.80,-0.36,169.98,1,-76.00,-5.00,7.00,6.00,59.00,1.00,26796290,25
285.10,1547729489,2324.63,51.51370424,7.45555388,141.66,12.15,-0.65,167.93,1,-76.00,-5.00,7.00,6.00,59.00,1.00,26796290,25
286.10,1547729490,2336.79,51.51359359,7.45560272,142.69,12.26,0.11,165.92,1,-76.00,-5.00,7.00,6.00,59.00,1.00,26796290,25
287.10,1547729491,2349.07,51.51347614,7.45567398,144.07,12.99,0.73,163.63,1,-84.00,-8.00,8.00,6.00,54.00,1.00,26796290,25
288.10,1547729492,2362.06,51.51337112,7.45574522,145.41,12.07,-0.92,159.66,1,-84.00,-8.00,8.00,6.00,54.00,1.00,26796290,25
289.11,1547729493,2374.14,51.51328227,7.45584211,147.05,11.07,-1.00,145.63,1,-79.00,-9.00,2.00,4.00,61.00,1.00,26796290,25
290.11,1547729494,2385.21,51.51321118,7.45592370,148.47,8.28,-2.79,143.26,1,-79.00,-9.00,2.00,4.00,61.00,1.00,26796290,25
291.10,1547729495,2393.47,51.51315059,7.45600806,149.39,8.05,-0.23,142.05,1,-86.00,-9.00,2.00,6.00,53.00,7.00,26796291,24
292.10,1547729496,2401.51,51.51308756,7.45609060,150.05,8.37,0.32,139.49,1,-86.00,-9.00,2.00,6.00,53.00,7.00,26796291,24
293.10,1547729497,2409.90,51.51303896,7.45617381,149.92,7.26,-1.11,135.63,1,-86.00,-8.00,5.00,8.00,53.00,1.00,26378755,441
294.11,1547729498,2417.16,51.51299413,7.45627224,148.44,7.39,0.13,133.21,1,-86.00,-8.00,5.00,8.00,53.00,1.00,26378755,441
295.10,1547729499,2424.54,51.51294859,7.45637082,148.52,7.39,0.00,133.21,1,-82.00,-7.00,26.00,8.00,55.00,1.00,26378755,441
296.10,1547729500,2431.93,51.51290642,7.45646768,149.56,7.17,-0.22,130.93,1,-82.00,-7.00,26.00,8.00,55.00,1.00,26378755,441
297.10,1547729501,2439.11,51.51285974,7.45656024,150.48,7.18,0.01,128.65,1,-84.00,-6.00,25.00,12.00,54.00,1.00,26378755,441
298.10,1547729502,2446.29,51.51281632,7.45666748,151.20,7.18,0.00,128.58,1,-84.00,-6.00,25.00,12.00,54.00,1.00,26378755,441
299.10,1547729503,2453.46,51.51277540,7.45676402,152.69,9.00,1.82,127.04,1,-80.00,-7.00,22.00,8.00,59.00,1.00,26378755,441
300.10,1547729504,2462.48,51.51272401,7.45688834,154.04,9.67,0.66,126.62,1,-80.00,-7.00,22.00,8.00,59.00,1.00,26378755,441
301.10,1547729505,2472.14,51.51266814,7.45704718,153.87,12.73,3.07,127.15,1,-89.00,-7.00,10.00,7.00,49.00,1.00,26378755,441
302.11,1547729506,2484.92,51.51260275,7.45719596,153.35,12.25,-0.48,127.83,1,-89.00,-7.00,10.00,7.00,49.00,1.00,26378755,441
303.10,1547729507,2497.12,51.51252994,7.45734891,152.82,12.53,0.28,127.00,1,-88.00,-7.00,11.00,8.00,51.00,1.00,26378755,441
304.10,1547729508,2509.63,51.51245685,7.45750089,153.73,12.67,0.14,126.66,1,-88.00,-7.00,11.00,8.00,51.00,1.00,26378755,441
305.11,1547729509,2522.42,51.51238482,7.45765402,155.88,13.00,0.32,125.36,1,-90.00,-6.00,19.00,8.00,46.00,1.00,26378755,441
306.10,1547729510,2535.33,51.51231289,7.45783117,157.80,14.40,1.41,124.77,1,-90.00,-6.00,19.00,8.00,46.00,1.00,26378755,441
307.10,1547729511,2549.71,51.51223520,7.45801227,159.12,14.54,0.14,123.79,1,-90.00,-6.00,19.00,8.00,46.00,1.00,26378755,441
308.10,1547729512,2564.24,51.51216380,7.45818708,160.37,14.00,-0.54,124.20,1,-88.00,-6.00,14.00,9.00,50.00,1.00,26378755,441
309.10,1547729513,2578.23,51.51208665,7.45836991,160.61,14.32,0.33,125.77,1,-88.00,-6.00,14.00,9.00,50.00,1.00,26378755,441
310.10,1547729514,2592.58,51.51201309,7.45854204,159.70,13.46,-0.86,126.59,1,-90.00,-6.00,27.00,9.00,48.00,1.00,26378755,441
311.11,1547729515,2606.06,51.51194269,7.45868728,159.47,12.14,-1.31,127.47,1,-90.00,-6.00,27.00,9.00,48.00,1.00,26378755,441
312.10,1547729516,2618.15,51.51188692,7.45881531,159.19,10.05,-2.10,127.68,1,-91.00,-6.00,14.00,8.00,47.00,1.00,26378755,441
313.10,1547729517,2628.21,51.51184413,7.45891496,158.50,7.46,-2.59,129.66,1,-91.00,-6.00,14.00,8.00,47.00,1.00,26378755,441
314.10,1547729518,2635.67,51.51180560,7.45899271,158.11,6.30,-1.15,130.38,1,-90.00,-10.00,13.00,8.00,50.00,1.00,26378755,441
315.11,1547729519,2641.99,51.51177996,7.45904611,158.07,4.16,-2.13,131.09,1,-90.00,-10.00,13.00,8.00,50.00,1.00,26378755,441
316.11,1547729520,2646.16,51.51176213,7.45907225,158.04,1.23,-2.94,131.09,1,-89.00,-6.00,14.00,8.00,48.00,1.00,26378755,441
317.10,1547729521,2647.38,51.51176208,7.45907246,158.05,0.31,-0.92,131.09,1,-89.00,-6.00,14.00,8.00,48.00,1.00,26378755,441
318.10,1547729522,2647.69,51.51176208,7.45907246,158.07,0.00,-0.31,131.09,1,-89.00,-8.00,15.00,8.00,50.00,1.00,26378755,441
319.10,1547729523,2647.69,51.51176208,7.45907246,158.11,0.00,0.00,131.09,1,-89.00,-8.00,15.00,8.00,50.00,1.00,26378755,441
320.10,1547729524,2647.69,51.51176208,7.45907246,158.17,0.00,0.00,131.09,1,-88.00,-7.00,27.00,10.00,51.00,1.00,26378755,441
321.10,1547729525,2647.69,51.51176208,7.45907246,158.24,0.00,0.00,131.09,1,-88.00,-7.00,27.00,10.00,51.00,1.00,26378755,441
322.10,1547729526,2647.69,51.51176208,7.45907246,158.30,0.00,0.00,131.09,1,-89.00,-7.00,18.00,10.00,50.00,1.00,26378755,441
323.10,1547729527,2647.69,51.51176208,7.45907246,158.38,0.00,0.00,131.09,1,-89.00,-7.00,18.00,10.00,50.00,1.00,26378755,441
324.10,1547729528,2647.69,51.51176208,7.45907246,158.47,0.00,0.00,131.09,1,-89.00,-8.00,15.00,9.00,51.00,1.00,26378755,441
325.10,1547729529,2647.69,51.51176208,7.45907246,158.56,0.00,0.00,131.09,1,-89.00,-8.00,15.00,9.00,51.00,1.00,26378755,441
326.11,1547729530,2647.69,51.51176208,7.45907246,158.66,0.00,0.00,131.09,1,-88.00,-7.00,27.00,10.00,51.00,1.00,26378755,441
327.10,1547729531,2647.69,51.51176208,7.45907246,158.76,0.00,0.00,131.09,1,-88.00,-7.00,27.00,10.00,51.00,1.00,26378755,441
328.10,1547729532,2647.69,51.51176208,7.45907246,158.86,0.00,0.00,131.09,1,-88.00,-7.00,27.00,10.00,51.00,1.00,26378755,441
329.10,1547729533,2647.69,51.51176208,7.45907246,158.96,0.00,0.00,131.09,1,-89.00,-6.00,13.00,10.00,49.00,1.00,26378755,441
330.10,1547729534,2647.69,51.51176208,7.45907246,159.06,0.00,0.00,131.09,1,-89.00,-6.00,13.00,10.00,49.00,1.00,26378755,441
331.10,1547729535,2647.69,51.51176208,7.45907246,159.16,0.00,0.00,131.09,1,-87.00,-6.00,12.00,10.00,51.00,1.00,26378755,441
332.10,1547729536,2647.69,51.51176208,7.45907246,159.25,0.00,0.00,131.09,1,-87.00,-6.00,12.00,10.00,51.00,1.00,26378755,441
333.10,1547729537,2647.69,51.51176208,7.45907246,159.34,0.00,0.00,131.09,1,-89.00,-7.00,11.00,10.00,50.00,1.00,26378755,441
334.10,1547729538,2647.69,51.51176208,7.45907246,159.42,0.00,0.00,131.09,1,-89.00,-7.00,11.00,10.00,50.00,1.00,26378755,441
335.10,1547729539,2647.69,51.51176208,7.45907246,159.51,0.00,0.00,131.09,1,-88.00,-7.00,26.00,10.00,51.00,1.00,26378755,441
336.10,1547729540,2647.69,51.51176208,7.45907246,159.60,0.00,0.00,131.09,1,-88.00,-7.00,26.00,10.00,51.00,1.00,26378755,441
337.10,1547729541,2647.69,51.51176208,7.45907246,159.67,0.00,0.00,131.09,1,-88.00,-7.00,26.00,10.00,50.00,1.00,26378755,441
338.10,1547729542,2647.69,51.51176208,7.45907246,159.74,0.00,0.00,131.09,1,-88.00,-7.00,26.00,10.00,50.00,1.00,26378755,441
339.10,1547729543,2647.69,51.51176208,7.45907246,159.81,0.00,0.00,131.09,1,-88.00,-7.00,12.00,8.00,50.00,1.00,26378755,441
340.10,1547729544,2647.69,51.51176208,7.45907246,159.87,0.00,0.00,131.09,1,-88.00,-7.00,12.00,8.00,50.00,1.00,26378755,441
341.10,1547729545,2647.69,51.51176208,7.45907246,159.94,0.00,0.00,131.09,1,-87.00,-7.00,24.00,9.00,50.00,1.00,26378755,441
342.10,1547729546,2647.69,51.51176208,7.45907246,159.98,0.00,0.00,131.09,1,-87.00,-7.00,24.00,9.00,50.00,1.00,26378755,441
343.10,1547729547,2647.69,51.51176208,7.45907246,160.03,0.00,0.00,131.09,1,-88.00,-6.00,23.00,10.00,50.00,1.00,26378755,441
344.10,1547729548,2647.69,51.51176208,7.45907246,160.07,0.00,0.00,131.09,1,-88.00,-6.00,23.00,10.00,50.00,1.00,26378755,441
345.10,1547729549,2647.69,51.51176208,7.45907246,160.10,0.00,0.00,131.09,1,-89.00,-7.00,26.00,8.00,50.00,1.00,26378755,441
346.10,1547729550,2647.69,51.51176208,7.45907246,160.13,0.00,0.00,131.09,1,-89.00,-7.00,26.00,8.00,50.00,1.00,26378755,441
347.11,1547729551,2647.69,51.51176208,7.45907246,160.16,0.00,0.00,131.09,1,-90.00,-7.00,15.00,9.00,48.00,1.00,26378755,441
348.10,1547729552,2647.69,51.51176208,7.45907246,160.18,0.00,0.00,131.09,1,-90.00,-7.00,15.00,9.00,48.00,1.00,26378755,441
349.10,1547729553,2647.69,51.51176208,7.45907246,160.21,0.00,0.00,131.09,1,-90.00,-7.00,15.00,9.00,48.00,1.00,26378755,441
350.10,1547729554,2647.69,51.51176208,7.45907246,160.23,0.00,0.00,131.09,1,-90.00,-7.00,28.00,9.00,49.00,1.00,26378755,441
351.10,1547729555,2647.69,51.51176208,7.45907246,160.24,0.00,0.00,131.09,1,-90.00,-7.00,28.00,9.00,49.00,1.00,26378755,441
352.10,1547729556,2647.69,51.51176208,7.45907246,160.25,0.00,0.00,131.09,1,-89.00,-8.00,20.00,8.00,50.00,1.00,26378755,441
353.10,1547729557,2647.69,51.51176208,7.45907246,160.47,0.00,0.00,148.43,1,-89.00,-8.00,20.00,8.00,50.00,1.00,26378755,441
354.11,1547729558,2647.69,51.51176208,7.45907246,160.73,0.00,0.00,148.43,1,-89.00,-8.00,13.00,9.00,51.00,1.00,26378755,441
355.11,1547729559,2647.69,51.51168320,7.45920314,160.85,0.00,0.00,139.08,1,-89.00,-8.00,13.00,9.00,51.00,1.00,26378755,441
356.10,1547729560,2647.69,51.51168320,7.45920314,161.92,0.00,0.00,131.89,1,-88.00,-7.00,12.00,9.00,50.00,1.00,26378755,441
357.10,1547729561,2647.69,51.51162160,7.45934741,161.84,5.48,0.00,131.29,1,-88.00,-7.00,12.00,9.00,50.00,1.00,26378755,441
358.10,1547729562,2653.17,51.51157818,7.45943744,161.57,6.68,1.20,131.71,1,-88.00,-7.00,10.00,8.00,51.00,1.00,26378755,441
359.10,1547729563,2659.86,51.51153169,7.45953039,161.69,8.03,1.35,130.85,1,-88.00,-7.00,10.00,8.00,51.00,1.00,26378755,441
360.10,1547729564,2667.90,51.51146810,7.45961321,162.88,8.19,0.16,130.26,1,-89.00,-6.00,24.00,8.00,49.00,1.00,26378755,441
361.10,1547729565,2676.05,51.51140210,7.45972307,163.65,9.13,0.95,130.76,1,-89.00,-6.00,24.00,8.00,49.00,1.00,26378755,441
362.11,1547729566,2685.23,51.51135026,7.45983320,163.18,8.57,-0.56,130.42,1,-90.00,-7.00,19.00,9.00,48.00,1.00,26378755,441
363.10,1547729567,2693.75,51.51127901,7.45993118,163.07,9.73,1.17,143.68,1,-90.00,-7.00,19.00,9.00,48.00,1.00,26378755,441
364.10,1547729568,2703.49,51.51120839,7.46004754,163.70,9.73,0.00,137.57,1,-90.00,-9.00,14.00,9.00,50.00,1.00,26378755,441
365.10,1547729569,2713.25,51.51114297,7.46015392,164.16,8.89,-0.84,140.89,1,-90.00,-9.00,14.00,9.00,50.00,1.00,26378755,441
366.10,1547729570,2722.15,51.51106982,7.46026584,165.00,9.67,0.78,140.56,1,-91.00,-6.00,27.00,9.00,46.00,1.00,26378755,441
367.10,1547729571,2731.80,51.51099989,7.46037597,166.31,9.44,-0.24,141.46,1,-91.00,-6.00,27.00,9.00,46.00,1.00,26378755,441
368.11,1547729572,2741.32,51.51092822,7.46047729,167.01,9.64,0.20,140.98,1,-89.00,-7.00,22.00,10.00,51.00,1.00,26378755,441
369.10,1547729573,2750.89,51.51085673,7.46059900,168.18,10.65,1.02,140.49,1,-89.00,-7.00,22.00,10.00,51.00,1.00,26378755,441
370.10,1547729574,2761.55,51.51079334,7.46073563,167.72,10.52,-0.13,138.60,1,-89.00,-7.00,22.00,10.00,51.00,1.00,26378755,441
371.10,1547729575,2772.07,51.51073134,7.46085006,167.82,9.79,-0.73,139.50,1,-90.00,-7.00,25.00,8.00,47.00,1.00,26378755,441
372.10,1547729576,2781.86,51.51066735,7.46096674,166.68,9.71,-0.08,142.13,1,-90.00,-7.00,25.00,8.00,47.00,1.00,26378755,441
373.11,1547729577,2791.59,51.51060624,7.46107434,165.75,8.70,-1.00,140.77,1,-91.00,-7.00,17.00,8.00,48.00,1.00,26378755,441
374.10,1547729578,2800.28,51.51054842,7.46117260,166.10,8.02,-0.69,139.07,1,-91.00,-7.00,17.00,8.00,48.00,1.00,26378755,441
375.10,1547729579,2808.30,51.51048540,7.46127235,165.28,8.19,0.17,138.71,1,-89.00,-7.00,21.00,8.00,49.00,1.00,26378755,441
376.10,1547729580,2816.48,51.51042276,7.46137133,164.40,7.45,-0.74,141.77,1,-89.00,-7.00,21.00,8.00,49.00,1.00,26378755,441
377.10,1547729581,2823.94,51.51036438,7.46146336,164.31,7.27,-0.18,143.94,1,-87.00,-7.00,24.00,12.00,50.00,1.00,26378755,441
378.10,1547729582,2831.21,51.51030426,7.46156028,164.75,7.17,-0.10,143.46,1,-87.00,-7.00,24.00,12.00,50.00,1.00,26378755,441
379.11,1547729583,2838.39,51.51024919,7.46165921,165.32,6.60,-0.58,143.20,1,-91.00,-8.00,9.00,7.00,49.00,1.00,26378755,441
380.10,1547729584,2844.98,51.51020739,7.46176101,165.94,5.89,-0.70,141.31,1,-91.00,-8.00,9.00,7.00,49.00,1.00,26378755,441
381.10,1547729585,2850.88,51.51018132,7.46185939,165.90,4.83,-1.06,123.62,1,-86.00,-8.00,8.00,6.00,54.00,1.00,26378755,441
382.10,1547729586,2855.69,51.51015313,7.46194554,166.14,4.91,0.08,124.30,1,-86.00,-8.00,8.00,6.00,54.00,1.00,26378755,441
383.11,1547729587,2860.63,51.51013769,7.46201770,166.14,4.05,-0.86,123.33,1,-86.00,-10.00,5.00,7.00,57.00,1.00,26378755,441
384.10,1547729588,2864.66,51.51013769,7.46201770,166.14,0.00,-4.07,123.33,1,-86.00,-10.00,5.00,7.00,57.00,1.00,26378755,441
385.10,1547729589,2864.66,51.51013769,7.46201770,166.15,0.00,0.00,123.33,1,-88.00,-10.00,19.00,7.00,53.00,1.00,26378755,441
386.10,1547729590,2864.66,51.51013769,7.46201770,166.16,0.00,0.00,123.33,1,-88.00,-10.00,19.00,7.00,53.00,1.00,26378755,441
387.10,1547729591,2864.66,51.51013769,7.46201770,166.18,0.00,0.00,123.33,1,-88.00,-10.00,20.00,6.00,53.00,1.00,26378755,441
388.10,1547729592,2864.66,51.51013769,7.46201770,166.19,0.00,0.00,123.33,1,-88.00,-10.00,20.00,6.00,53.00,1.00,26378755,441
389.11,1547729593,2864.66,51.51013769,7.46201770,166.21,0.00,0.00,123.33,1,-87.00,-9.00,21.00,7.00,53.00,1.00,26378755,441
390.10,1547729594,2864.66,51.51013769,7.46201770,166.23,0.00,0.00,123.33,1,-87.00,-9.00,21.00,7.00,53.00,1.00,26378755,441
391.10,1547729595,2864.66,51.51013769,7.46201770,166.25,0.00,0.00,123.33,1,-87.00,-9.00,21.00,7.00,53.00,1.00,26378755,441
392.10,1547729596,2864.66,51.51013769,7.46201770,166.26,0.00,0.00,123.33,1,-88.00,-9.00,10.00,6.00,53.00,1.00,26378755,441
393.10,1547729597,2864.66,51.51013769,7.46201770,166.27,0.00,0.00,123.33,1,-88.00,-9.00,10.00,6.00,53.00,1.00,26378755,441
394.10,1547729598,2864.66,51.51013769,7.46201770,166.29,0.00,0.00,123.33,1,-89.00,-10.00,-3.00,6.00,53.00,1.00,26378755,441
395.10,1547729599,2864.66,51.51013769,7.46201770,166.32,0.00,0.00,123.33,1,-89.00,-10.00,-3.00,6.00,53.00,1.00,26378755,441
396.10,1547729600,2864.66,51.51013769,7.46201770,166.35,0.00,0.00,123.33,1,-88.00,-10.00,7.00,4.00,53.00,1.00,26378755,441
397.10,1547729601,2864.66,51.51013769,7.46201770,166.39,0.00,0.00,123.33,1,-88.00,-10.00,7.00,4.00,53.00,1.00,26378755,441
398.10,1547729602,2864.66,51.51013769,7.46201770,166.42,0.00,0.00,123.33,1,-88.00,-10.00,7.00,7.00,53.00,1.00,26378755,441
399.10,1547729603,2864.66,51.51013769,7.46201770,166.45,0.00,0.00,123.33,1,-88.00,-10.00,7.00,7.00,53.00,1.00,26378755,441
400.10,1547729604,2864.66,51.51013769,7.46201770,166.49,0.00,0.00,123.33,1,-88.00,-10.00,21.00,7.00,53.00,1.00,26378755,441
401.11,1547729605,2864.66,51.51013769,7.46201770,166.52,0.00,0.00,123.33,1,-88.00,-10.00,21.00,7.00,53.00,1.00,26378755,441
402.10,1547729606,2864.66,51.51013769,7.46201770,166.55,0.00,0.00,123.33,1,-89.00,-10.00,4.00,5.00,53.00,1.00,26378755,441
403.10,1547729607,2864.66,51.51013769,7.46201770,166.57,0.00,0.00,123.33,1,-89.00,-10.00,4.00,5.00,53.00,1.00,26378755,441
404.10,1547729608,2864.66,51.51013769,7.46201770,166.60,0.00,0.00,123.33,1,-88.00,-12.00,4.00,5.00,55.00,1.00,26378755,441
405.10,1547729609,2864.66,51.51013769,7.46201770,166.62,0.00,0.00,123.33,1,-88.00,-12.00,4.00,5.00,55.00,1.00,26378755,441
406.10,1547729610,2864.66,51.51013769,7.46201770,166.64,0.00,0.00,123.33,1,-88.00,-9.00,22.00,7.00,53.00,1.00,26378755,441
407.10,1547729611,2864.66,51.51013769,7.46201770,166.76,0.00,0.00,123.33,1,-88.00,-9.00,22.00,7.00,53.00,1.00,26378755,441
408.10,1547729612,2864.66,51.51013769,7.46201770,166.84,0.00,0.00,128.80,1,-88.00,-9.00,9.00,5.00,53.00,1.00,26378755,441
409.10,1547729613,2864.66,51.51013769,7.46201770,166.88,0.00,0.00,128.19,1,-88.00,-9.00,9.00,5.00,53.00,1.00,26378755,441
410.11,1547729614,2864.66,51.51006201,7.46227803,166.59,8.72,0.00,114.00,1,-81.00,-6.00,1.00,6.00,56.00,5.00,27299332,326
411.12,1547729615,2873.46,51.51002389,7.46241210,166.60,10.08,1.35,115.50,1,-81.00,-6.00,1.00,6.00,56.00,5.00,27299332,326
412.10,1547729616,2883.34,51.50998988,7.46255719,165.58,10.14,0.06,114.68,1,-81.00,-6.00,1.00,6.00,56.00,5.00,27299332,326
413.10,1547729617,2893.47,51.50995023,7.46271484,164.09,10.88,0.75,113.39,1,-85.00,-7.00,9.00,12.00,52.00,5.00,27299332,326
414.10,1547729618,2904.38,51.50991220,7.46289165,161.21,11.79,0.90,109.76,1,-85.00,-7.00,9.00,12.00,52.00,5.00,27299332,326
415.10,1547729619,2916.18,51.50989423,7.46308528,159.56,11.85,0.06,95.98,1,-86.00,-7.00,14.00,9.00,52.00,5.00,27299332,326
416.10,1547729620,2928.03,51.50988090,7.46328647,158.48,11.87,0.02,94.85,1,-86.00,-7.00,14.00,9.00,52.00,5.00,27299332,326
417.10,1547729621,2939.90,51.50987355,7.46349301,157.68,11.87,0.00,99.14,1,-80.00,-6.00,21.00,14.00,56.00,5.00,27299332,326
418.10,1547729622,2951.77,51.50987367,7.46366556,157.23,10.15,-1.72,91.61,1,-80.00,-6.00,21.00,14.00,56.00,5.00,27299332,326
419.10,1547729623,2961.90,51.50986816,7.46378841,157.29,7.48,-2.67,91.01,1,-83.00,-6.00,18.00,11.00,54.00,5.00,27299332,326
420.10,1547729624,2969.38,51.50986704,7.46390612,157.92,6.38,-1.10,90.49,1,-83.00,-6.00,18.00,11.00,54.00,5.00,27299332,326
421.11,1547729625,2975.78,51.50986990,7.46399900,158.49,5.57,-0.81,90.07,1,-82.00,-6.00,19.00,11.00,55.00,5.00,27299332,326
422.10,1547729626,2981.34,51.50987230,7.46407473,159.46,4.51,-1.06,89.40,1,-82.00,-6.00,19.00,11.00,55.00,5.00,27299332,326
423.10,1547729627,2985.83,51.50987697,7.46412565,159.52,3.07,-1.44,90.21,1,-85.00,-7.00,15.00,12.00,54.00,5.00,27299332,326
424.10,1547729628,2988.90,51.50988255,7.46417623,159.59,2.52,-0.56,92.19,1,-85.00,-7.00,15.00,12.00,54.00,5.00,27299332,326
425.10,1547729629,2991.43,51.50988576,7.46422308,159.69,1.66,-0.85,95.63,1,-87.00,-8.00,14.00,9.00,52.00,5.00,27299332,326
426.10,1547729630,2993.09,51.50988953,7.46427388,159.76,2.41,0.75,99.49,1,-87.00,-8.00,14.00,9.00,52.00,5.00,27299332,326
427.10,1547729631,2995.50,51.50988849,7.46433312,159.77,3.70,1.29,93.34,1,-87.00,-6.00,25.00,15.00,50.00,5.00,27299332,326
428.10,1547729632,2999.20,51.50989270,7.46439879,159.40,4.93,1.23,92.70,1,-87.00,-6.00,25.00,15.00,50.00,5.00,27299332,326
429.10,1547729633,3004.12,51.50989578,7.46444520,159.49,4.93,0.00,93.73,1,-90.00,-8.00,3.00,8.00,47.00,5.00,27299332,326
430.10,1547729634,3009.05,51.50989848,7.46452771,159.30,6.01,1.08,92.70,1,-90.00,-8.00,3.00,8.00,47.00,5.00,27299332,326
431.12,1547729635,3015.15,51.50990339,7.46462113,158.44,5.94,-0.07,94.22,1,-92.00,-9.00,7.00,3.00,47.00,5.00,27299332,326
432.10,1547729636,3020.97,51.50989779,7.46470898,157.37,6.36,0.43,97.23,1,-92.00,-9.00,7.00,3.00,47.00,5.00,27299332,326
433.10,1547729637,3027.33,51.50989167,7.46480963,156.01,6.67,0.31,96.63,1,-92.00,-9.00,7.00,3.00,47.00,5.00,27299332,326
434.10,1547729638,3034.03,51.50988510,7.46491423,154.86,6.69,0.02,96.25,1,-93.00,-10.00,7.00,9.00,48.00,5.00,27299332,326
435.10,1547729639,3040.72,51.50988663,7.46502336,154.17,6.92,0.23,95.19,1,-93.00,-10.00,7.00,9.00,48.00,5.00,27299332,326
436.11,1547729640,3047.66,51.50988873,7.46513767,153.41,7.33,0.41,93.78,1,-92.00,-7.00,2.00,9.00,45.00,5.00,27299332,326
437.11,1547729641,3054.97,51.50988890,7.46525171,153.39,7.16,-0.16,93.66,1,-92.00,-7.00,2.00,9.00,45.00,5.00,27299332,326
438.10,1547729642,3062.12,51.50988672,7.46538464,153.44,8.63,1.47,93.33,1,-91.00,-8.00,10.00,15.00,46.00,5.00,27299332,326
439.10,1547729643,3070.76,51.50988444,7.46552853,153.04,9.29,0.66,93.96,1,-91.00,-8.00,10.00,15.00,46.00,5.00,27299332,326
440.10,1547729644,3080.04,51.50988193,7.46568924,152.72,10.47,1.18,92.97,1,-90.00,-7.00,7.00,6.00,47.00,5.00,27299332,326
441.10,1547729645,3090.47,51.50988283,7.46583827,152.62,10.12,-0.35,92.49,1,-90.00,-7.00,7.00,6.00,47.00,5.00,27299332,326
442.11,1547729646,3100.66,51.50987989,7.46598924,152.57,10.27,0.14,94.11,1,-91.00,-8.00,5.00,9.00,45.00,5.00,27299332,326
443.11,1547729647,3110.94,51.50988236,7.46614956,152.65,10.27,0.00,94.11,1,-91.00,-8.00,5.00,9.00,45.00,5.00,27299332,326
444.10,1547729648,3121.17,51.50987837,7.46633771,151.99,11.50,1.24,93.15,1,-92.00,-9.00,3.00,6.00,47.00,6.00,26379013,199
445.11,1547729649,3132.71,51.50987322,7.46652430,151.41,12.64,1.13,91.31,1,-92.00,-9.00,3.00,6.00,47.00,6.00,26379013,199
