0.02,1547727609,0.02,51.50978139,7.46851897,144.63,7.57,0.00,18.07,0,-88.00,-14.00,0.00,0.00,51.00,0.00,0,276
0.02,1547727609,0.02,51.50978139,7.46851897,144.63,7.57,0.00,18.07,0,-91.00,-15.00,0.00,0.00,50.00,0.00,0,320
1.02,1547727610,7.55,51.50980115,7.46864699,144.24,7.38,0.00,71.53,0,-88.00,-14.00,0.00,0.00,51.00,0.00,0,276
1.02,1547727610,7.55,51.50980115,7.46864699,144.24,7.38,0.00,71.53,0,-91.00,-15.00,0.00,0.00,50.00,0.00,0,320
2.02,1547727611,14.92,51.50982882,7.46878409,144.07,9.35,0.00,71.19,0,-87.00,-13.00,0.00,0.00,52.00,0.00,0,320
3.01,1547727612,24.27,51.50986261,7.46891617,143.98,9.34,0.00,68.13,0,-87.00,-13.00,0.00,0.00,52.00,0.00,0,320
4.02,1547727613,33.62,51.50990335,7.46904731,144.14,9.73,0.00,64.92,0,-86.00,-13.00,0.00,0.00,53.00,0.00,0,320
5.01,1547727614,43.34,51.50994598,7.46919139,144.80,10.80,0.00,63.53,0,-86.00,-13.00,0.00,0.00,53.00,0.00,0,320
6.02,1547727615,54.17,51.51000245,7.46934486,145.58,12.75,0.00,61.10,0,-90.00,-9.00,0.00,0.00,51.00,0.00,0,399
6.02,1547727615,54.17,51.51000245,7.46934486,145.58,12.75,0.00,61.10,0,-79.00,-11.00,0.00,0.00,58.00,0.00,0,320
7.02,1547727616,66.90,51.51006122,7.46949919,146.19,12.92,0.00,60.24,0,-90.00,-9.00,0.00,0.00,51.00,0.00,0,399
7.02,1547727616,66.91,51.51006122,7.46949919,146.19,12.92,0.00,60.24,0,-79.00,-11.00,0.00,0.00,58.00,0.00,0,320
8.02,1547727617,79.83,51.51012851,7.46965893,146.74,13.55,0.00,59.49,0,-101.00,-11.00,0.00,0.00,42.00,0.00,0,21
9.02,1547727618,93.38,51.51020477,7.46982995,147.34,14.49,0.00,58.62,0,-101.00,-11.00,0.00,0.00,42.00,0.00,0,21
10.02,1547727619,108.01,51.51028226,7.47000346,147.81,14.35,0.00,58.17,0,-107.00,-14.00,0.00,0.00,39.00,0.00,0,21
11.03,1547727620,122.44,51.51035481,7.47017266,148.88,13.98,0.00,57.02,0,-107.00,-14.00,0.00,0.00,39.00,0.00,0,21
12.01,1547727621,136.16,51.51043187,7.47034696,151.05,13.93,0.00,55.81,0,-107.00,-14.00,0.00,0.00,39.00,0.00,0,21
12.01,1547727621,136.16,51.51043187,7.47034696,151.05,13.93,0.00,55.81,0,-88.00,-15.00,0.00,0.00,56.00,0.00,0,441
12.01,1547727621,136.16,51.51043187,7.47034696,151.05,13.93,0.00,55.81,0,-92.00,-19.00,0.00,0.00,56.00,0.00,0,443
13.01,1547727622,150.12,51.51053829,7.47057532,153.37,13.93,0.00,56.71,0,-107.00,-14.00,0.00,0.00,39.00,0.00,0,21
13.01,1547727622,150.12,51.51053829,7.47057532,153.37,13.93,0.00,56.71,0,-88.00,-15.00,0.00,0.00,56.00,0.00,0,441
13.01,1547727622,150.12,51.51053829,7.47057532,153.37,13.93,0.00,56.71,0,-92.00,-19.00,0.00,0.00,56.00,0.00,0,443
14.02,1547727623,164.18,51.51063302,7.47075870,155.78,14.21,0.00,52.86,0,-90.00,-15.00,0.00,0.00,54.00,0.00,0,441
14.02,1547727623,164.18,51.51063302,7.47075870,155.78,14.21,0.00,52.86,0,-92.00,-18.00,0.00,0.00,54.00,0.00,0,31
15.02,1547727624,178.27,51.51072424,7.47091212,157.58,13.28,0.00,46.55,0,-90.00,-15.00,0.00,0.00,54.00,0.00,0,441
15.02,1547727624,178.28,51.51072424,7.47091212,157.58,13.28,0.00,46.55,0,-92.00,-18.00,0.00,0.00,54.00,0.00,0,31
16.02,1547727625,191.55,51.51082195,7.47103957,158.42,14.18,0.00,44.38,0,-90.00,-15.00,0.00,0.00,54.00,0.00,0,441
16.02,1547727625,191.56,51.51082195,7.47103957,158.42,14.18,0.00,44.38,0,-92.00,-18.00,0.00,0.00,54.00,0.00,0,31
17.02,1547727626,205.73,51.51092758,7.47117563,158.64,15.19,0.00,42.55,0,-90.00,-16.00,0.00,0.00,55.00,0.00,0,441
17.02,1547727626,205.75,51.51092758,7.47117563,158.64,15.19,0.00,42.55,0,-93.00,-20.00,0.00,0.00,55.00,0.00,0,443
18.02,1547727627,220.94,51.51103345,7.47130746,158.39,14.88,0.00,41.53,0,-90.00,-16.00,0.00,0.00,55.00,0.00,0,441
18.02,1547727627,220.95,51.51103345,7.47130746,158.39,14.88,0.00,41.53,0,-93.00,-20.00,0.00,0.00,55.00,0.00,0,443
19.02,1547727628,235.80,51.51113761,7.47142898,157.85,14.28,0.00,40.83,0,-87.00,-15.00,0.00,0.00,57.00,0.00,0,441
20.02,1547727629,250.14,51.51124002,7.47155499,156.73,14.10,0.00,40.34,0,-87.00,-15.00,0.00,0.00,57.00,0.00,0,441
21.03,1547727630,264.38,51.51133847,7.47167413,155.57,13.79,0.00,39.50,0,-85.00,-11.00,0.00,0.00,56.00,0.00,0,441
22.01,1547727631,277.93,51.51144123,7.47178734,153.87,13.66,0.00,38.75,0,-85.00,-11.00,0.00,0.00,56.00,0.00,0,441
23.01,1547727632,291.56,51.51153754,7.47190188,152.89,13.23,0.00,39.12,0,-83.00,-13.00,0.00,0.00,58.00,0.00,0,441
24.01,1547727633,304.81,51.51163171,7.47201380,151.73,12.81,0.00,38.88,0,-83.00,-13.00,0.00,0.00,58.00,0.00,0,441
25.01,1547727634,317.60,51.51172551,7.47212265,150.81,12.85,0.00,38.51,0,-86.00,-10.00,0.00,0.00,52.00,0.00,0,441
26.01,1547727635,330.46,51.51181516,7.47222833,149.77,12.27,0.00,38.15,0,-86.00,-10.00,0.00,0.00,52.00,0.00,0,441
27.02,1547727636,342.79,51.51189845,7.47232848,148.76,11.59,0.00,38.05,0,-84.00,-13.00,0.00,0.00,58.00,0.00,0,441
28.01,1547727637,354.35,51.51197569,7.47242455,147.76,10.93,0.00,38.42,0,-84.00,-13.00,0.00,0.00,58.00,0.00,0,441
29.02,1547727638,365.29,51.51204966,7.47251064,146.89,9.96,0.00,38.00,0,-82.00,-12.00,0.00,0.00,59.00,0.00,0,441
30.02,1547727639,375.28,51.51212297,7.47258969,145.85,9.22,0.00,36.30,0,-82.00,-12.00,0.00,0.00,59.00,0.00,0,441
31.02,1547727640,384.49,51.51219416,7.47266149,145.11,8.70,0.00,32.22,0,-82.00,-12.00,0.00,0.00,60.00,0.00,0,441
32.01,1547727641,393.14,51.51225535,7.47271200,144.64,7.63,0.00,28.45,0,-82.00,-12.00,0.00,0.00,60.00,0.00,0,441
33.01,1547727642,400.77,51.51228417,7.47271556,144.62,3.09,0.00,7.69,0,-82.00,-18.00,0.00,0.00,63.00,0.00,0,441
34.01,1547727643,403.87,51.51229822,7.47271783,144.67,1.11,0.00,7.69,0,-82.00,-18.00,0.00,0.00,63.00,0.00,0,441
35.02,1547727644,404.98,51.51232981,7.47271017,144.77,1.11,0.00,19.02,0,-78.00,-16.00,0.00,0.00,63.00,0.00,0,441
36.02,1547727645,406.09,51.51235636,7.47271678,144.91,1.56,0.00,10.96,0,-78.00,-16.00,0.00,0.00,63.00,0.00,0,441
52.01,1547727661,408.54,51.51237401,7.47272631,146.65,0.00,0.00,8.45,0,-77.00,-13.00,0.00,0.00,63.00,0.00,0,441
53.01,1547727662,408.54,51.51237401,7.47272631,147.03,0.00,0.00,7.64,0,-77.00,-13.00,0.00,0.00,63.00,0.00,0,441
63.02,1547727672,485.49,51.51321614,7.47289914,149.33,10.53,0.00,4.10,0,-91.00,-19.00,0.00,0.00,56.00,0.00,0,441
64.02,1547727673,496.06,51.51330996,7.47291705,150.18,11.09,0.00,4.28,0,-91.00,-19.00,0.00,0.00,56.00,0.00,0,441
65.02,1547727674,507.11,51.51340339,7.47293105,150.90,11.25,0.00,4.07,0,-104.00,-13.00,0.00,0.00,40.00,0.00,0,400
65.02,1547727674,507.12,51.51340339,7.47293105,150.90,11.25,0.00,4.07,0,-93.00,-16.00,0.00,0.00,51.00,0.00,0,301
66.02,1547727675,518.35,51.51349474,7.47294222,152.36,11.35,0.00,4.26,0,-104.00,-13.00,0.00,0.00,40.00,0.00,0,400
66.02,1547727675,518.36,51.51349474,7.47294222,152.36,11.35,0.00,4.26,0,-93.00,-16.00,0.00,0.00,51.00,0.00,0,301
67.02,1547727676,529.71,51.51359107,7.47295379,154.00,11.75,0.00,3.96,0,-102.00,-12.00,0.00,0.00,41.00,0.00,0,400
67.02,1547727676,529.72,51.51359107,7.47295379,154.00,11.75,0.00,3.96,0,-92.00,-16.00,0.00,0.00,53.00,0.00,0,301
67.02,1547727676,529.74,51.51359107,7.47295379,154.00,11.75,0.00,3.96,0,-93.00,-17.00,0.00,0.00,53.00,0.00,0,318
68.02,1547727677,541.46,51.51368828,7.47297418,155.62,11.37,0.00,3.50,0,-102.00,-12.00,0.00,0.00,41.00,0.00,0,400
68.02,1547727677,541.47,51.51368828,7.47297418,155.62,11.37,0.00,3.50,0,-92.00,-16.00,0.00,0.00,53.00,0.00,0,301
68.02,1547727677,541.48,51.51368828,7.47297418,155.62,11.37,0.00,3.50,0,-93.00,-17.00,0.00,0.00,53.00,0.00,0,318
69.02,1547727678,552.82,51.51378760,7.47299221,156.67,11.69,0.00,3.11,0,-95.00,-9.00,0.00,0.00,46.00,0.00,0,400
69.02,1547727678,552.84,51.51378760,7.47299221,156.67,11.69,0.00,3.11,0,-85.00,-13.00,0.00,0.00,56.00,0.00,0,318
69.02,1547727678,552.85,51.51378760,7.47299221,156.67,11.69,0.00,3.11,0,-89.00,-17.00,0.00,0.00,56.00,0.00,0,301
70.02,1547727679,564.56,51.51388627,7.47298897,157.41,11.48,0.00,2.44,0,-95.00,-9.00,0.00,0.00,46.00,0.00,0,400
70.02,1547727679,564.58,51.51388627,7.47298897,157.41,11.48,0.00,2.44,0,-85.00,-13.00,0.00,0.00,56.00,0.00,0,318
70.02,1547727679,564.58,51.51388627,7.47298897,157.41,11.48,0.00,2.44,0,-89.00,-17.00,0.00,0.00,56.00,0.00,0,301
71.02,1547727680,576.02,51.51398398,7.47299719,158.17,11.13,0.00,2.10,0,-105.00,-14.00,0.00,0.00,41.00,0.00,0,399
71.02,1547727680,576.02,51.51398398,7.47299719,158.17,11.13,0.00,2.10,0,-88.00,-15.00,0.00,0.00,55.00,0.00,0,127
71.02,1547727680,576.03,51.51398398,7.47299719,158.17,11.13,0.00,2.10,0,-93.00,-19.00,0.00,0.00,55.00,0.00,0,301
72.01,1547727681,587.09,51.51408432,7.47300269,157.60,11.08,0.00,1.76,0,-105.00,-14.00,0.00,0.00,41.00,0.00,0,399
72.01,1547727681,587.10,51.51408432,7.47300269,157.60,11.08,0.00,1.76,0,-88.00,-15.00,0.00,0.00,55.00,0.00,0,127
72.01,1547727681,587.10,51.51408432,7.47300269,157.60,11.08,0.00,1.76,0,-93.00,-19.00,0.00,0.00,55.00,0.00,0,301
73.01,1547727682,598.16,51.51418222,7.47300845,155.94,11.04,0.00,2.20,0,-91.00,-18.00,0.00,0.00,55.00,0.00,0,127
73.01,1547727682,598.16,51.51418222,7.47300845,155.94,11.04,0.00,2.20,0,-93.00,-19.00,0.00,0.00,55.00,0.00,0,44
74.01,1547727683,609.22,51.51427780,7.47300977,153.67,10.84,0.00,2.91,0,-91.00,-18.00,0.00,0.00,55.00,0.00,0,127
74.01,1547727683,609.22,51.51427780,7.47300977,153.67,10.84,0.00,2.91,0,-93.00,-19.00,0.00,0.00,55.00,0.00,0,44
75.02,1547727684,620.09,51.51437364,7.47300866,151.34,10.84,0.00,3.30,0,-89.00,-17.00,0.00,0.00,56.00,0.00,0,127
76.02,1547727685,630.92,51.51446516,7.47300887,148.98,10.12,0.00,4.13,0,-89.00,-17.00,0.00,0.00,56.00,0.00,0,127
77.01,1547727686,641.03,51.51453751,7.47300699,147.02,8.08,0.00,4.62,0,-92.00,-19.00,0.00,0.00,56.00,0.00,0,127
78.01,1547727687,649.10,51.51459491,7.47301057,145.58,6.00,0.00,5.95,0,-92.00,-19.00,0.00,0.00,56.00,0.00,0,127
79.02,1547727688,655.15,51.51464356,7.47300963,144.84,5.08,0.00,5.52,0,-90.00,-17.00,0.00,0.00,56.00,0.00,0,127
80.02,1547727689,660.21,51.51468375,7.47300767,144.87,3.99,0.00,5.79,0,-90.00,-17.00,0.00,0.00,56.00,0.00,0,127
81.02,1547727690,664.19,51.51471399,7.47301013,144.85,2.58,0.00,6.64,0,-90.00,-17.00,0.00,0.00,56.00,0.00,0,127
82.02,1547727691,666.77,51.51473465,7.47301301,144.83,1.83,0.00,5.80,0,-89.00,-18.00,0.00,0.00,57.00,0.00,0,320
82.02,1547727691,666.77,51.51473465,7.47301301,144.83,1.83,0.00,5.80,0,-90.00,-20.00,0.00,0.00,58.00,0.00,0,127
83.01,1547727692,668.59,51.51474888,7.47301153,144.86,1.16,0.00,7.05,0,-89.00,-18.00,0.00,0.00,57.00,0.00,0,320
83.01,1547727692,668.59,51.51474888,7.47301153,144.86,1.16,0.00,7.05,0,-90.00,-20.00,0.00,0.00,58.00,0.00,0,127
84.01,1547727693,669.75,51.51474888,7.47301153,144.86,0.00,0.00,7.05,0,-92.00,-19.00,0.00,0.00,55.00,0.00,0,127
85.02,1547727694,669.75,51.51474888,7.47301153,144.88,0.00,0.00,7.05,0,-92.00,-19.00,0.00,0.00,55.00,0.00,0,127
86.02,1547727695,669.75,51.51474888,7.47301153,144.90,0.00,0.00,7.05,0,-107.00,-16.00,0.00,0.00,43.00,0.00,0,399
87.01,1547727696,669.75,51.51474888,7.47301153,144.93,0.00,0.00,7.05,0,-107.00,-16.00,0.00,0.00,43.00,0.00,0,399
88.02,1547727697,669.75,51.51474888,7.47301153,144.97,0.00,0.00,7.05,0,-107.00,-14.00,0.00,0.00,40.00,0.00,0,399
89.02,1547727698,669.75,51.51474888,7.47301153,145.01,0.00,0.00,7.05,0,-107.00,-14.00,0.00,0.00,40.00,0.00,0,399
90.02,1547727699,669.75,51.51474888,7.47301153,145.07,0.00,0.00,7.05,0,-107.00,-14.00,0.00,0.00,40.00,0.00,0,399
91.02,1547727700,669.75,51.51474888,7.47301153,145.14,0.00,0.00,7.05,0,-107.00,-14.00,0.00,0.00,40.00,0.00,0,399
92.01,1547727701,669.75,51.51474888,7.47301153,145.21,0.00,0.00,7.05,0,-106.00,-13.00,0.00,0.00,39.00,0.00,0,399
93.02,1547727702,669.75,51.51474888,7.47301153,145.28,0.00,0.00,7.05,0,-106.00,-13.00,0.00,0.00,39.00,0.00,0,399
94.02,1547727703,669.75,51.51474888,7.47301153,145.37,0.00,0.00,7.05,0,-106.00,-13.00,0.00,0.00,39.00,0.00,0,399
95.02,1547727704,669.75,51.51474888,7.47301153,145.45,0.00,0.00,7.05,0,-106.00,-13.00,0.00,0.00,39.00,0.00,0,399
96.02,1547727705,669.75,51.51474888,7.47301153,145.55,0.00,0.00,7.05,0,-106.00,-13.00,0.00,0.00,40.00,0.00,0,399
97.01,1547727706,669.75,51.51474888,7.47301153,145.64,0.00,0.00,7.05,0,-106.00,-13.00,0.00,0.00,40.00,0.00,0,399
103.01,1547727712,683.12,51.51504554,7.47304170,158.76,8.21,0.00,3.04,0,-93.00,-17.00,0.00,0.00,52.00,0.00,0,44
103.01,1547727712,683.12,51.51504554,7.47304170,158.76,8.21,0.00,3.04,0,-94.00,-17.00,0.00,0.00,51.00,0.00,0,127
104.01,1547727713,691.33,51.51512893,7.47304407,157.15,9.44,0.00,1.47,0,-93.00,-17.00,0.00,0.00,52.00,0.00,0,44
104.01,1547727713,691.34,51.51512893,7.47304407,157.15,9.44,0.00,1.47,0,-94.00,-17.00,0.00,0.00,51.00,0.00,0,127
105.01,1547727714,700.77,51.51521503,7.47304350,155.18,10.23,0.00,359.88,0,-93.00,-19.00,0.00,0.00,54.00,0.00,0,44
105.01,1547727714,700.78,51.51521503,7.47304350,155.18,10.23,0.00,359.88,0,-94.00,-19.00,0.00,0.00,54.00,0.00,0,127
106.02,1547727715,711.05,51.51530253,7.47303658,153.05,10.43,0.00,357.80,0,-93.00,-19.00,0.00,0.00,54.00,0.00,0,44
106.02,1547727715,711.06,51.51530253,7.47303658,153.05,10.43,0.00,357.80,0,-94.00,-19.00,0.00,0.00,54.00,0.00,0,127
107.01,1547727716,721.43,51.51539411,7.47301761,151.13,10.90,0.00,355.21,0,-93.00,-19.00,0.00,0.00,54.00,0.00,0,127
108.02,1547727717,732.38,51.51549362,7.47298784,149.60,11.84,0.00,352.22,0,-93.00,-19.00,0.00,0.00,54.00,0.00,0,127
109.02,1547727718,744.23,51.51559517,7.47294446,148.81,11.81,0.00,348.81,0,-93.00,-19.00,0.00,0.00,55.00,0.00,0,127
109.02,1547727718,744.23,51.51559517,7.47294446,148.81,11.81,0.00,348.81,0,-94.00,-20.00,0.00,0.00,55.00,0.00,0,44
110.02,1547727719,756.08,51.51569443,7.47288295,148.11,11.86,0.00,345.27,0,-93.00,-19.00,0.00,0.00,55.00,0.00,0,127
110.02,1547727719,756.09,51.51569443,7.47288295,148.11,11.86,0.00,345.27,0,-94.00,-20.00,0.00,0.00,55.00,0.00,0,44
111.01,1547727720,767.87,51.51579362,7.47281395,147.14,12.14,0.00,342.19,0,-92.00,-18.00,0.00,0.00,55.00,0.00,0,127
112.01,1547727721,779.98,51.51587650,7.47271848,145.83,11.33,0.00,326.85,0,-92.00,-18.00,0.00,0.00,55.00,0.00,0,127
113.02,1547727722,791.35,51.51596923,7.47261287,143.66,12.05,0.00,326.99,0,-91.00,-17.00,0.00,0.00,55.00,0.00,0,127
114.01,1547727723,803.39,51.51605789,7.47250290,141.36,12.21,0.00,325.60,0,-91.00,-17.00,0.00,0.00,55.00,0.00,0,127
115.02,1547727724,815.61,51.51614416,7.47238669,139.69,12.46,0.00,323.40,0,-93.00,-18.00,0.00,0.00,54.00,0.00,0,127
116.02,1547727725,828.07,51.51622713,7.47226499,138.57,12.55,0.00,320.46,0,-93.00,-18.00,0.00,0.00,54.00,0.00,0,127
117.02,1547727726,840.64,51.51630850,7.47213800,137.65,12.76,0.00,319.38,0,-87.00,-16.00,0.00,0.00,57.00,0.00,0,127
117.02,1547727726,840.65,51.51630850,7.47213800,137.65,12.76,0.00,319.38,0,-90.00,-18.00,0.00,0.00,57.00,0.00,0,302
118.02,1547727727,853.39,51.51636617,7.47198095,137.19,11.98,0.00,304.75,0,-87.00,-16.00,0.00,0.00,57.00,0.00,0,127
118.02,1547727727,853.40,51.51636617,7.47198095,137.19,11.98,0.00,304.75,0,-90.00,-18.00,0.00,0.00,57.00,0.00,0,302
119.02,1547727728,865.36,51.51641869,7.47181342,136.41,12.10,0.00,302.96,0,-85.00,-13.00,0.00,0.00,57.00,0.00,0,127
120.02,1547727729,877.51,51.51647049,7.47164303,135.56,12.32,0.00,300.46,0,-85.00,-13.00,0.00,0.00,57.00,0.00,0,127
121.01,1547727730,889.77,51.51652114,7.47146744,134.51,12.76,0.00,298.01,0,-82.00,-13.00,0.00,0.00,60.00,0.00,0,127
122.01,1547727731,902.53,51.51656755,7.47130355,133.38,12.29,0.00,295.99,0,-82.00,-13.00,0.00,0.00,60.00,0.00,0,127
123.03,1547727732,914.97,51.51661250,7.47113568,132.37,12.32,0.00,296.66,0,-79.00,-13.00,0.00,0.00,63.00,0.00,0,127
124.01,1547727733,927.11,51.51665412,7.47097304,131.46,12.66,0.00,296.22,0,-79.00,-13.00,0.00,0.00,63.00,0.00,0,127
125.01,1547727734,939.77,51.51669965,7.47080819,130.86,13.00,0.00,295.56,0,-79.00,-13.00,0.00,0.00,63.00,0.00,0,127
126.02,1547727735,952.83,51.51674797,7.47063378,130.36,13.02,0.00,295.80,0,-104.00,-12.00,0.00,0.00,39.00,0.00,0,20
126.02,1547727735,952.83,51.51674797,7.47063378,130.36,13.02,0.00,295.80,0,-84.00,-13.00,0.00,0.00,58.00,0.00,0,127
127.02,1547727736,965.85,51.51679708,7.47045771,129.75,13.01,0.00,295.27,0,-104.00,-12.00,0.00,0.00,39.00,0.00,0,20
127.02,1547727736,965.87,51.51679708,7.47045771,129.75,13.01,0.00,295.27,0,-84.00,-13.00,0.00,0.00,58.00,0.00,0,127
128.02,1547727737,978.85,51.51683525,7.47030991,129.68,13.18,0.00,294.40,0,-79.00,-13.00,0.00,0.00,63.00,0.00,0,127
129.02,1547727738,992.03,51.51688723,7.47010578,129.10,14.14,0.00,293.14,0,-79.00,-13.00,0.00,0.00,63.00,0.00,0,127
130.02,1547727739,1006.21,51.51693007,7.46992262,128.90,14.65,0.00,292.05,0,-77.00,-12.00,0.00,0.00,63.00,0.00,0,127
131.01,1547727740,1020.73,51.51698064,7.46971734,128.61,14.57,0.00,290.35,0,-77.00,-12.00,0.00,0.00,63.00,0.00,0,127
132.02,1547727741,1035.43,51.51702252,7.46952319,128.89,14.35,0.00,288.90,0,-119.00,-18.00,0.00,0.00,31.00,0.00,0,231
132.02,1547727741,1035.43,51.51702252,7.46952319,128.89,14.35,0.00,288.90,0,-119.00,-16.00,0.00,0.00,31.00,0.00,0,488
132.02,1547727741,1035.44,51.51702252,7.46952319,128.89,14.35,0.00,288.90,0,-119.00,-19.00,0.00,0.00,32.00,0.00,0,33
132.02,1547727741,1035.46,51.51702252,7.46952319,128.89,14.35,0.00,288.90,0,-81.00,-14.00,0.00,0.00,61.00,0.00,0,127
132.02,1547727741,1035.47,51.51702252,7.46952319,128.89,14.35,0.00,288.90,0,-83.00,-16.00,0.00,0.00,61.00,0.00,0,128
133.02,1547727742,1049.78,51.51706195,7.46932735,129.15,14.03,0.00,288.11,0,-119.00,-18.00,0.00,0.00,31.00,0.00,0,231
133.02,1547727742,1049.79,51.51706195,7.46932735,129.15,14.03,0.00,288.11,0,-119.00,-16.00,0.00,0.00,31.00,0.00,0,488
133.02,1547727742,1049.81,51.51706195,7.46932735,129.15,14.03,0.00,288.11,0,-119.00,-19.00,0.00,0.00,32.00,0.00,0,33
133.02,1547727742,1049.81,51.51706195,7.46932735,129.15,14.03,0.00,288.11,0,-81.00,-14.00,0.00,0.00,61.00,0.00,0,127
133.02,1547727742,1049.82,51.51706195,7.46932735,129.15,14.03,0.00,288.11,0,-83.00,-16.00,0.00,0.00,61.00,0.00,0,128
134.02,1547727743,1063.81,51.51710101,7.46913991,129.32,13.92,0.00,288.67,0,-117.00,-17.00,0.00,0.00,31.00,0.00,0,20
134.02,1547727743,1063.82,51.51710101,7.46913991,129.32,13.92,0.00,288.67,0,-118.00,-17.00,0.00,0.00,31.00,0.00,0,15
134.02,1547727743,1063.83,51.51710101,7.46913991,129.32,13.92,0.00,288.67,0,-118.00,-17.00,0.00,0.00,31.00,0.00,0,175
134.02,1547727743,1063.85,51.51710101,7.46913991,129.32,13.92,0.00,288.67,0,-81.00,-13.00,0.00,0.00,62.00,0.00,0,127
134.02,1547727743,1063.85,51.51710101,7.46913991,129.32,13.92,0.00,288.67,0,-83.00,-16.00,0.00,0.00,62.00,0.00,0,128
135.02,1547727744,1077.73,51.51714216,7.46894240,129.34,13.73,0.00,289.16,0,-117.00,-17.00,0.00,0.00,31.00,0.00,0,20
135.02,1547727744,1077.74,51.51714216,7.46894240,129.34,13.73,0.00,289.16,0,-118.00,-17.00,0.00,0.00,31.00,0.00,0,15
135.02,1547727744,1077.76,51.51714216,7.46894240,129.34,13.73,0.00,289.16,0,-118.00,-17.00,0.00,0.00,31.00,0.00,0,175
135.02,1547727744,1077.76,51.51714216,7.46894240,129.34,13.73,0.00,289.16,0,-81.00,-13.00,0.00,0.00,62.00,0.00,0,127
135.02,1547727744,1077.77,51.51714216,7.46894240,129.34,13.73,0.00,289.16,0,-83.00,-16.00,0.00,0.00,62.00,0.00,0,128
136.02,1547727745,1091.43,51.51718179,7.46875574,129.48,13.32,0.00,289.76,0,-92.00,-17.00,0.00,0.00,51.00,0.00,0,176
136.02,1547727745,1091.45,51.51718179,7.46875574,129.48,13.32,0.00,289.76,0,-87.00,-15.00,0.00,0.00,53.00,0.00,0,127
136.02,1547727745,1091.46,51.51718179,7.46875574,129.48,13.32,0.00,289.76,0,-89.00,-15.00,0.00,0.00,53.00,0.00,0,128
137.02,1547727746,1104.75,51.51722503,7.46857417,129.78,12.91,0.00,290.38,0,-92.00,-17.00,0.00,0.00,51.00,0.00,0,176
137.02,1547727746,1104.76,51.51722503,7.46857417,129.78,12.91,0.00,290.38,0,-87.00,-15.00,0.00,0.00,53.00,0.00,0,127
137.02,1547727746,1104.78,51.51722503,7.46857417,129.78,12.91,0.00,290.38,0,-89.00,-15.00,0.00,0.00,53.00,0.00,0,128
138.02,1547727747,1117.69,51.51726771,7.46839629,129.93,12.38,0.00,290.90,0,-97.00,-18.00,0.00,0.00,47.00,0.00,0,461
138.02,1547727747,1117.69,51.51726771,7.46839629,129.93,12.38,0.00,290.90,0,-99.00,-19.00,0.00,0.00,46.00,0.00,0,18
139.02,1547727748,1130.03,51.51730764,7.46824533,130.08,10.71,0.00,292.16,0,-97.00,-18.00,0.00,0.00,47.00,0.00,0,461
139.02,1547727748,1130.04,51.51730764,7.46824533,130.08,10.71,0.00,292.16,0,-99.00,-19.00,0.00,0.00,46.00,0.00,0,18
140.02,1547727749,1140.81,51.51734210,7.46809830,129.87,8.80,0.00,292.79,0,-98.00,-18.00,0.00,0.00,46.00,0.00,0,18
140.02,1547727749,1140.81,51.51734210,7.46809830,129.87,8.80,0.00,292.79,0,-99.00,-20.00,0.00,0.00,47.00,0.00,0,461
141.02,1547727750,1149.56,51.51736558,7.46801389,130.16,7.46,0.00,294.26,0,-98.00,-18.00,0.00,0.00,46.00,0.00,0,18
141.02,1547727750,1149.56,51.51736558,7.46801389,130.16,7.46,0.00,294.26,0,-99.00,-20.00,0.00,0.00,47.00,0.00,0,461
142.02,1547727751,1157.01,51.51739207,7.46791879,130.58,7.31,0.00,293.40,0,-97.00,-19.00,0.00,0.00,46.00,0.00,0,18
142.02,1547727751,1157.02,51.51739207,7.46791879,130.58,7.31,0.00,293.40,0,-98.00,-19.00,0.00,0.00,47.00,0.00,0,461
142.02,1547727751,1157.03,51.51739207,7.46791879,130.58,7.31,0.00,293.40,0,-98.00,-20.00,0.00,0.00,47.00,0.00,0,191
143.02,1547727752,1164.33,51.51742149,7.46780647,130.54,7.74,0.00,294.37,0,-97.00,-19.00,0.00,0.00,46.00,0.00,0,18
143.02,1547727752,1164.33,51.51742149,7.46780647,130.54,7.74,0.00,294.37,0,-98.00,-19.00,0.00,0.00,47.00,0.00,0,461
143.02,1547727752,1164.33,51.51742149,7.46780647,130.54,7.74,0.00,294.37,0,-98.00,-20.00,0.00,0.00,47.00,0.00,0,191
144.03,1547727753,1172.13,51.51745030,7.46770980,130.93,7.26,0.00,295.69,0,-95.00,-17.00,0.00,0.00,48.00,0.00,0,191
144.03,1547727753,1172.14,51.51745030,7.46770980,130.93,7.26,0.00,295.69,0,-95.00,-17.00,0.00,0.00,47.00,0.00,0,18
144.03,1547727753,1172.15,51.51745030,7.46770980,130.93,7.26,0.00,295.69,0,-97.00,-19.00,0.00,0.00,47.00,0.00,0,461
144.03,1547727753,1172.15,51.51745030,7.46770980,130.93,7.26,0.00,295.69,0,-77.00,-12.00,0.00,0.00,61.00,0.00,0,128
145.01,1547727754,1179.29,51.51748309,7.46761415,131.24,7.90,0.00,295.35,0,-95.00,-17.00,0.00,0.00,48.00,0.00,0,191
145.01,1547727754,1179.30,51.51748309,7.46761415,131.24,7.90,0.00,295.35,0,-95.00,-17.00,0.00,0.00,47.00,0.00,0,18
145.01,1547727754,1179.30,51.51748309,7.46761415,131.24,7.90,0.00,295.35,0,-97.00,-19.00,0.00,0.00,47.00,0.00,0,461
145.01,1547727754,1179.30,51.51748309,7.46761415,131.24,7.90,0.00,295.35,0,-77.00,-12.00,0.00,0.00,61.00,0.00,0,128
146.02,1547727755,1187.24,51.51751135,7.46753084,131.46,6.67,0.00,296.63,0,-95.00,-17.00,0.00,0.00,48.00,0.00,0,191
146.02,1547727755,1187.25,51.51751135,7.46753084,131.46,6.67,0.00,296.63,0,-95.00,-17.00,0.00,0.00,47.00,0.00,0,18
146.02,1547727755,1187.25,51.51751135,7.46753084,131.46,6.67,0.00,296.63,0,-97.00,-19.00,0.00,0.00,47.00,0.00,0,461
146.02,1547727755,1187.26,51.51751135,7.46753084,131.46,6.67,0.00,296.63,0,-77.00,-12.00,0.00,0.00,61.00,0.00,0,128
277.04,1547727886,2631.14,51.51162351,7.45932336,153.09,13.01,0.00,127.16,0,-91.00,-14.00,0.00,0.00,49.00,0.00,0,191
277.04,1547727886,2631.16,51.51162351,7.45932336,153.09,13.01,0.00,127.16,0,-94.00,-16.00,0.00,0.00,48.00,0.00,0,18
277.04,1547727886,2631.17,51.51162351,7.45932336,153.09,13.01,0.00,127.16,0,-95.00,-18.00,0.00,0.00,48.00,0.00,0,461
277.04,1547727886,2631.17,51.51162351,7.45932336,153.09,13.01,0.00,127.16,0,-77.00,-12.00,0.00,0.00,60.00,0.00,0,128
277.05,1547727886,2631.18,51.51162351,7.45932336,153.09,13.01,0.00,127.16,0,0.00,0.00,0.00,0.00,63.00,0.00,0,327
278.04,1547727887,2644.15,51.51154882,7.45949471,152.51,14.18,0.00,128.22,0,-91.00,-14.00,0.00,0.00,49.00,0.00,0,191
278.04,1547727887,2644.17,51.51154882,7.45949471,152.51,14.18,0.00,128.22,0,-94.00,-16.00,0.00,0.00,48.00,0.00,0,18
278.04,1547727887,2644.18,51.51154882,7.45949471,152.51,14.18,0.00,128.22,0,-95.00,-18.00,0.00,0.00,48.00,0.00,0,461
278.04,1547727887,2644.18,51.51154882,7.45949471,152.51,14.18,0.00,128.22,0,-77.00,-12.00,0.00,0.00,60.00,0.00,0,128
278.05,1547727887,2644.19,51.51154882,7.45949471,152.51,14.18,0.00,128.22,0,0.00,0.00,0.00,0.00,63.00,0.00,0,327
283.04,1547727892,2714.68,51.51112050,7.46030203,151.05,13.87,0.00,132.84,0,-88.00,-14.00,0.00,0.00,58.00,0.00,0,23
283.04,1547727892,2714.68,51.51112050,7.46030203,151.05,13.87,0.00,132.84,0,-80.00,-13.00,0.00,0.00,59.00,0.00,0,332
283.04,1547727892,2714.68,51.51112050,7.46030203,151.05,13.87,0.00,132.84,0,-84.00,-17.00,0.00,0.00,59.00,0.00,0,21
283.04,1547727892,2714.68,51.51112050,7.46030203,151.05,13.87,0.00,132.84,0,-86.00,-19.00,0.00,0.00,58.00,0.00,0,465
284.04,1547727893,2728.54,51.51102879,7.46045042,151.11,14.06,0.00,133.68,0,-88.00,-14.00,0.00,0.00,58.00,0.00,0,23
284.04,1547727893,2728.56,51.51102879,7.46045042,151.11,14.06,0.00,133.68,0,-80.00,-13.00,0.00,0.00,59.00,0.00,0,332
284.04,1547727893,2728.56,51.51102879,7.46045042,151.11,14.06,0.00,133.68,0,-84.00,-17.00,0.00,0.00,59.00,0.00,0,21
284.04,1547727893,2728.56,51.51102879,7.46045042,151.11,14.06,0.00,133.68,0,-86.00,-19.00,0.00,0.00,58.00,0.00,0,465
285.04,1547727894,2742.67,51.51094370,7.46057005,151.60,12.12,0.00,135.42,0,-93.00,-11.00,0.00,0.00,51.00,0.00,0,23
285.04,1547727894,2742.68,51.51094370,7.46057005,151.60,12.12,0.00,135.42,0,-85.00,-12.00,0.00,0.00,53.00,0.00,0,332
285.04,1547727894,2742.68,51.51094370,7.46057005,151.60,12.12,0.00,135.42,0,-86.00,-13.00,0.00,0.00,53.00,0.00,0,21
286.04,1547727895,2754.80,51.51085426,7.46070587,152.80,13.07,0.00,133.99,0,-93.00,-11.00,0.00,0.00,51.00,0.00,0,23
286.04,1547727895,2754.82,51.51085426,7.46070587,152.80,13.07,0.00,133.99,0,-85.00,-12.00,0.00,0.00,53.00,0.00,0,332
286.04,1547727895,2754.83,51.51085426,7.46070587,152.80,13.07,0.00,133.99,0,-86.00,-13.00,0.00,0.00,53.00,0.00,0,21
287.04,1547727896,2767.85,51.51077308,7.46084049,154.33,12.55,0.00,133.92,0,-90.00,-11.00,0.00,0.00,53.00,0.00,0,21
287.04,1547727896,2767.87,51.51077308,7.46084049,154.33,12.55,0.00,133.92,0,-84.00,-11.00,0.00,0.00,53.00,0.00,0,21
287.04,1547727896,2767.87,51.51077308,7.46084049,154.33,12.55,0.00,133.92,0,-88.00,-15.00,0.00,0.00,53.00,0.00,0,332
288.04,1547727897,2780.40,51.51069737,7.46096745,155.49,11.28,0.00,135.60,0,-90.00,-11.00,0.00,0.00,53.00,0.00,0,21
288.04,1547727897,2780.41,51.51069737,7.46096745,155.49,11.28,0.00,135.60,0,-84.00,-11.00,0.00,0.00,53.00,0.00,0,21
288.04,1547727897,2780.42,51.51069737,7.46096745,155.49,11.28,0.00,135.60,0,-88.00,-15.00,0.00,0.00,53.00,0.00,0,332
291.04,1547727900,2812.16,51.51049745,7.46130247,160.15,9.21,0.00,135.56,0,-83.00,-15.00,0.00,0.00,61.00,0.00,0,334
292.04,1547727901,2821.29,51.51043373,7.46140440,160.98,9.12,0.00,136.19,0,-83.00,-15.00,0.00,0.00,61.00,0.00,0,334
293.04,1547727902,2830.47,51.51036536,7.46153891,161.62,9.12,0.00,135.53,0,-81.00,-14.00,0.00,0.00,62.00,0.00,0,334
294.04,1547727903,2839.54,51.51030902,7.46166444,161.67,10.65,0.00,129.77,0,-81.00,-14.00,0.00,0.00,62.00,0.00,0,334
295.04,1547727904,2850.23,51.51024356,7.46179689,161.01,11.51,0.00,128.89,0,-81.00,-14.00,0.00,0.00,62.00,0.00,0,334
298.04,1547727907,2885.38,51.51005162,7.46224683,158.95,11.83,0.00,127.59,0,-86.00,-16.00,0.00,0.00,59.00,0.00,0,328
299.04,1547727908,2897.22,51.51000558,7.46242074,158.06,11.60,0.00,111.35,0,-86.00,-16.00,0.00,0.00,59.00,0.00,0,328
300.04,1547727909,2908.87,51.50996713,7.46256098,157.22,11.54,0.00,110.20,0,-86.00,-19.00,0.00,0.00,62.00,0.00,0,332
301.04,1547727910,2920.37,51.50993702,7.46270489,156.01,11.56,0.00,108.13,0,-86.00,-19.00,0.00,0.00,62.00,0.00,0,332
302.04,1547727911,2931.88,51.50991517,7.46286687,155.42,11.33,0.00,105.80,0,-79.00,-15.00,0.00,0.00,63.00,0.00,0,332
303.04,1547727912,2943.28,51.50989435,7.46303167,154.97,10.81,0.00,103.46,0,-79.00,-15.00,0.00,0.00,63.00,0.00,0,332
304.04,1547727913,2954.06,51.50987917,7.46319641,154.89,10.67,0.00,100.70,0,-77.00,-12.00,0.00,0.00,63.00,0.00,0,466
305.04,1547727914,2964.72,51.50986994,7.46334913,155.25,10.59,0.00,98.08,0,-77.00,-12.00,0.00,0.00,63.00,0.00,0,466
306.04,1547727915,2975.34,51.50986593,7.46350646,155.16,10.40,0.00,96.09,0,-86.00,-17.00,0.00,0.00,60.00,0.00,0,332
306.04,1547727915,2975.35,51.50986593,7.46350646,155.16,10.40,0.00,96.09,0,-86.00,-18.00,0.00,0.00,60.00,0.00,0,328
307.04,1547727916,2985.74,51.50986533,7.46364481,155.12,8.87,0.00,94.07,0,-86.00,-17.00,0.00,0.00,60.00,0.00,0,332
307.04,1547727916,2985.74,51.50986533,7.46364481,155.12,8.87,0.00,94.07,0,-86.00,-18.00,0.00,0.00,60.00,0.00,0,328
