0.04,1544433606,0.01,51.49020042,7.41161184,162.93,12.11,0.00,78.15,0,-111.00,-12.00,0.00,0.00,23.00,0.00,0,385
0.04,1544433606,0.01,51.49020042,7.41161184,162.93,12.11,0.00,78.15,0,-113.00,-18.00,0.00,0.00,24.00,0.00,0,207
1.04,1544433607,12.15,51.49022388,7.41177678,162.57,12.03,0.00,78.60,0,-111.00,-12.00,0.00,0.00,23.00,0.00,0,385
1.04,1544433607,12.15,51.49022388,7.41177678,162.57,12.03,0.00,78.60,0,-113.00,-18.00,0.00,0.00,24.00,0.00,0,207
2.05,1544433608,24.23,51.49024574,7.41195033,162.44,11.91,0.00,77.81,0,-115.00,-12.00,0.00,0.00,16.00,0.00,0,347
2.05,1544433608,24.24,51.49024574,7.41195033,162.44,11.91,0.00,77.81,0,-117.00,-16.00,0.00,0.00,16.00,0.00,0,345
3.05,1544433609,36.12,51.49026796,7.41212193,162.45,12.14,0.00,78.16,0,-115.00,-12.00,0.00,0.00,16.00,0.00,0,347
3.05,1544433609,36.14,51.49026796,7.41212193,162.45,12.14,0.00,78.16,0,-117.00,-16.00,0.00,0.00,16.00,0.00,0,345
4.05,1544433610,48.35,51.49028825,7.41229298,162.28,12.86,0.00,78.31,0,-113.00,-10.00,0.00,0.00,17.00,0.00,0,347
5.04,1544433611,61.10,51.49031427,7.41246314,162.35,13.26,0.00,78.49,0,-113.00,-10.00,0.00,0.00,17.00,0.00,0,347
6.04,1544433612,74.36,51.49034285,7.41265470,162.77,13.45,0.00,77.62,0,-113.00,-10.00,0.00,0.00,17.00,0.00,0,347
7.04,1544433613,87.81,51.49037086,7.41284750,163.31,13.56,0.00,78.04,0,-119.00,-15.00,0.00,0.00,20.00,0.00,0,347
8.04,1544433614,101.37,51.49040022,7.41305463,163.41,13.53,0.00,77.61,0,-119.00,-15.00,0.00,0.00,20.00,0.00,0,347
9.04,1544433615,114.83,51.49042493,7.41322993,163.81,13.48,0.00,78.26,0,-121.00,-16.00,0.00,0.00,16.00,0.00,0,347
10.05,1544433616,128.40,51.49044982,7.41342298,163.91,13.46,0.00,78.35,0,-121.00,-16.00,0.00,0.00,16.00,0.00,0,347
11.05,1544433617,141.89,51.49047606,7.41361947,163.60,13.42,0.00,78.49,0,-107.00,-17.00,0.00,0.00,29.00,0.00,0,347
11.05,1544433617,141.90,51.49047606,7.41361947,163.60,13.42,0.00,78.49,0,-108.00,-19.00,0.00,0.00,30.00,0.00,0,385
12.05,1544433618,155.28,51.49049834,7.41380104,163.49,13.42,0.00,78.66,0,-107.00,-17.00,0.00,0.00,29.00,0.00,0,347
12.05,1544433618,155.29,51.49049834,7.41380104,163.49,13.42,0.00,78.66,0,-108.00,-19.00,0.00,0.00,30.00,0.00,0,385
19.05,1544433625,249.39,51.49065701,7.41513762,160.46,12.97,0.00,81.36,0,-115.00,-12.00,0.00,0.00,18.00,0.00,0,289
19.05,1544433625,249.40,51.49065701,7.41513762,160.46,12.97,0.00,81.36,0,-116.00,-13.00,0.00,0.00,18.00,0.00,0,347
20.05,1544433626,262.36,51.49067103,7.41532174,159.87,13.00,0.00,83.10,0,-115.00,-12.00,0.00,0.00,18.00,0.00,0,289
20.05,1544433626,262.37,51.49067103,7.41532174,159.87,13.00,0.00,83.10,0,-116.00,-13.00,0.00,0.00,18.00,0.00,0,347
21.05,1544433627,275.37,51.49067976,7.41551908,159.62,12.49,0.00,84.68,0,-113.00,-10.00,0.00,0.00,18.00,0.00,0,347
21.05,1544433627,275.38,51.49067976,7.41551908,159.62,12.49,0.00,84.68,0,-115.00,-11.00,0.00,0.00,16.00,0.00,0,385
22.05,1544433628,287.84,51.49068507,7.41572539,159.26,12.18,0.00,86.21,0,-113.00,-10.00,0.00,0.00,18.00,0.00,0,347
22.05,1544433628,287.86,51.49068507,7.41572539,159.26,12.18,0.00,86.21,0,-115.00,-11.00,0.00,0.00,16.00,0.00,0,385
23.05,1544433629,300.05,51.49068587,7.41590962,158.76,11.96,0.00,88.15,0,-117.00,-12.00,0.00,0.00,26.00,0.00,0,385
23.05,1544433629,300.05,51.49068587,7.41590962,158.76,11.96,0.00,88.15,0,-119.00,-14.00,0.00,0.00,27.00,0.00,0,289
23.05,1544433629,300.06,51.49068587,7.41590962,158.76,11.96,0.00,88.15,0,-115.00,-18.00,0.00,0.00,31.00,0.00,0,385
23.05,1544433629,300.08,51.49068587,7.41590962,158.76,11.96,0.00,88.15,0,-117.00,-19.00,0.00,0.00,31.00,0.00,0,384
24.05,1544433630,312.00,51.49068223,7.41607754,158.21,11.68,0.00,90.38,0,-117.00,-12.00,0.00,0.00,26.00,0.00,0,385
24.05,1544433630,312.01,51.49068223,7.41607754,158.21,11.68,0.00,90.38,0,-119.00,-14.00,0.00,0.00,27.00,0.00,0,289
24.05,1544433630,312.01,51.49068223,7.41607754,158.21,11.68,0.00,90.38,0,-115.00,-18.00,0.00,0.00,31.00,0.00,0,385
24.05,1544433630,312.02,51.49068223,7.41607754,158.21,11.68,0.00,90.38,0,-117.00,-19.00,0.00,0.00,31.00,0.00,0,384
25.05,1544433631,323.77,51.49067216,7.41624381,157.73,11.39,0.00,92.98,0,-114.00,-10.00,0.00,0.00,28.00,0.00,0,385
25.06,1544433631,323.78,51.49067216,7.41624381,157.73,11.39,0.00,92.98,0,-120.00,-15.00,0.00,0.00,28.00,0.00,0,289
25.06,1544433631,323.78,51.49067216,7.41624381,157.73,11.39,0.00,92.98,0,-114.00,-16.00,0.00,0.00,32.00,0.00,0,385
25.06,1544433631,323.79,51.49067216,7.41624381,157.73,11.39,0.00,92.98,0,-115.00,-18.00,0.00,0.00,32.00,0.00,0,384
26.05,1544433632,335.08,51.49065555,7.41637726,157.12,10.35,0.00,95.81,0,-114.00,-10.00,0.00,0.00,28.00,0.00,0,385
26.05,1544433632,335.09,51.49065555,7.41637726,157.12,10.35,0.00,95.81,0,-120.00,-15.00,0.00,0.00,28.00,0.00,0,289
26.05,1544433632,335.09,51.49065555,7.41637726,157.12,10.35,0.00,95.81,0,-114.00,-16.00,0.00,0.00,32.00,0.00,0,385
26.05,1544433632,335.10,51.49065555,7.41637726,157.12,10.35,0.00,95.81,0,-115.00,-18.00,0.00,0.00,32.00,0.00,0,384
27.05,1544433633,345.41,51.49063647,7.41651838,156.73,8.35,0.00,98.53,0,-114.00,-10.00,0.00,0.00,28.00,0.00,0,385
27.05,1544433633,345.42,51.49063647,7.41651838,156.73,8.35,0.00,98.53,0,-120.00,-15.00,0.00,0.00,28.00,0.00,0,289
27.05,1544433633,345.42,51.49063647,7.41651838,156.73,8.35,0.00,98.53,0,-114.00,-16.00,0.00,0.00,32.00,0.00,0,385
27.05,1544433633,345.43,51.49063647,7.41651838,156.73,8.35,0.00,98.53,0,-115.00,-18.00,0.00,0.00,32.00,0.00,0,384
28.05,1544433634,353.77,51.49061897,7.41664862,156.52,7.87,0.00,100.29,0,-110.00,-9.00,0.00,0.00,30.00,0.00,0,385
28.05,1544433634,353.77,51.49061897,7.41664862,156.52,7.87,0.00,100.29,0,-112.00,-15.00,0.00,0.00,33.00,0.00,0,200
29.05,1544433635,361.62,51.49060632,7.41673982,156.45,6.92,0.00,100.76,0,-110.00,-9.00,0.00,0.00,30.00,0.00,0,385
29.05,1544433635,361.63,51.49060632,7.41673982,156.45,6.92,0.00,100.76,0,-112.00,-15.00,0.00,0.00,33.00,0.00,0,200
30.05,1544433636,368.57,51.49059540,7.41682157,156.31,5.49,0.00,100.80,0,-113.00,-11.00,0.00,0.00,31.00,0.00,0,385
30.05,1544433636,368.57,51.49059540,7.41682157,156.31,5.49,0.00,100.80,0,-114.00,-14.00,0.00,0.00,33.00,0.00,0,345
30.05,1544433636,368.58,51.49059540,7.41682157,156.31,5.49,0.00,100.80,0,-110.00,-13.00,0.00,0.00,34.00,0.00,0,385
30.05,1544433636,368.58,51.49059540,7.41682157,156.31,5.49,0.00,100.80,0,-114.00,-17.00,0.00,0.00,33.00,0.00,0,200
31.04,1544433637,374.02,51.49058806,7.41688208,156.30,3.70,0.00,100.40,0,-113.00,-11.00,0.00,0.00,31.00,0.00,0,385
31.04,1544433637,374.02,51.49058806,7.41688208,156.30,3.70,0.00,100.40,0,-114.00,-14.00,0.00,0.00,33.00,0.00,0,345
31.04,1544433637,374.02,51.49058806,7.41688208,156.30,3.70,0.00,100.40,0,-110.00,-13.00,0.00,0.00,34.00,0.00,0,385
31.04,1544433637,374.02,51.49058806,7.41688208,156.30,3.70,0.00,100.40,0,-114.00,-17.00,0.00,0.00,33.00,0.00,0,200
32.04,1544433638,377.71,51.49058146,7.41691863,156.27,1.71,0.00,100.99,0,-112.00,-15.00,0.00,0.00,25.00,0.00,0,385
32.04,1544433638,377.71,51.49058146,7.41691863,156.27,1.71,0.00,100.99,0,-114.00,-18.00,0.00,0.00,25.00,0.00,0,345
32.04,1544433638,377.72,51.49058146,7.41691863,156.27,1.71,0.00,100.99,0,-110.00,-14.00,0.00,0.00,25.00,0.00,0,385
32.04,1544433638,377.72,51.49058146,7.41691863,156.27,1.71,0.00,100.99,0,-113.00,-18.00,0.00,0.00,25.00,0.00,0,384
33.04,1544433639,379.42,51.49058146,7.41691863,156.26,0.00,0.00,100.99,0,-112.00,-15.00,0.00,0.00,25.00,0.00,0,385
33.04,1544433639,379.42,51.49058146,7.41691863,156.26,0.00,0.00,100.99,0,-114.00,-18.00,0.00,0.00,25.00,0.00,0,345
33.04,1544433639,379.42,51.49058146,7.41691863,156.26,0.00,0.00,100.99,0,-110.00,-14.00,0.00,0.00,25.00,0.00,0,385
33.04,1544433639,379.42,51.49058146,7.41691863,156.26,0.00,0.00,100.99,0,-113.00,-18.00,0.00,0.00,25.00,0.00,0,384
34.05,1544433640,379.42,51.49058146,7.41691863,156.25,0.00,0.00,100.99,0,-111.00,-10.00,0.00,0.00,17.00,0.00,0,385
34.05,1544433640,379.42,51.49058146,7.41691863,156.25,0.00,0.00,100.99,0,-113.00,-17.00,0.00,0.00,25.00,0.00,0,137
34.05,1544433640,379.42,51.49058146,7.41691863,156.25,0.00,0.00,100.99,0,-113.00,-17.00,0.00,0.00,25.00,0.00,0,385
35.05,1544433641,379.42,51.49058146,7.41691863,156.24,0.00,0.00,100.99,0,-111.00,-10.00,0.00,0.00,17.00,0.00,0,385
35.05,1544433641,379.42,51.49058146,7.41691863,156.24,0.00,0.00,100.99,0,-113.00,-17.00,0.00,0.00,25.00,0.00,0,137
35.05,1544433641,379.42,51.49058146,7.41691863,156.24,0.00,0.00,100.99,0,-113.00,-17.00,0.00,0.00,25.00,0.00,0,385
36.05,1544433642,379.42,51.49058146,7.41691863,156.23,0.00,0.00,100.99,0,-112.00,-9.00,0.00,0.00,17.00,0.00,0,385
36.05,1544433642,379.42,51.49058146,7.41691863,156.23,0.00,0.00,100.99,0,-116.00,-14.00,0.00,0.00,17.00,0.00,0,345
36.05,1544433642,379.42,51.49058146,7.41691863,156.23,0.00,0.00,100.99,0,-108.00,-13.00,0.00,0.00,25.00,0.00,0,333
36.05,1544433642,379.42,51.49058146,7.41691863,156.23,0.00,0.00,100.99,0,-109.00,-13.00,0.00,0.00,25.00,0.00,0,91
37.05,1544433643,379.42,51.49058146,7.41691863,156.21,0.00,0.00,100.99,0,-112.00,-9.00,0.00,0.00,17.00,0.00,0,385
37.05,1544433643,379.42,51.49058146,7.41691863,156.21,0.00,0.00,100.99,0,-116.00,-14.00,0.00,0.00,17.00,0.00,0,345
37.05,1544433643,379.42,51.49058146,7.41691863,156.21,0.00,0.00,100.99,0,-108.00,-13.00,0.00,0.00,25.00,0.00,0,333
37.05,1544433643,379.42,51.49058146,7.41691863,156.21,0.00,0.00,100.99,0,-109.00,-13.00,0.00,0.00,25.00,0.00,0,91
38.05,1544433644,379.42,51.49058146,7.41691863,156.19,0.00,0.00,100.99,0,-112.00,-9.00,0.00,0.00,17.00,0.00,0,385
38.05,1544433644,379.42,51.49058146,7.41691863,156.19,0.00,0.00,100.99,0,-116.00,-15.00,0.00,0.00,17.00,0.00,0,345
38.05,1544433644,379.42,51.49058146,7.41691863,156.19,0.00,0.00,100.99,0,-109.00,-12.00,0.00,0.00,25.00,0.00,0,91
38.05,1544433644,379.42,51.49058146,7.41691863,156.19,0.00,0.00,100.99,0,-109.00,-12.00,0.00,0.00,24.00,0.00,0,333
39.05,1544433645,379.42,51.49058146,7.41691863,156.16,0.00,0.00,100.99,0,-112.00,-9.00,0.00,0.00,17.00,0.00,0,385
39.05,1544433645,379.42,51.49058146,7.41691863,156.16,0.00,0.00,100.99,0,-116.00,-15.00,0.00,0.00,17.00,0.00,0,345
39.05,1544433645,379.42,51.49058146,7.41691863,156.16,0.00,0.00,100.99,0,-109.00,-12.00,0.00,0.00,25.00,0.00,0,91
39.05,1544433645,379.42,51.49058146,7.41691863,156.16,0.00,0.00,100.99,0,-109.00,-12.00,0.00,0.00,24.00,0.00,0,333
40.05,1544433646,379.42,51.49058146,7.41691863,156.14,0.00,0.00,100.99,0,-111.00,-10.00,0.00,0.00,19.00,0.00,0,385
40.05,1544433646,379.42,51.49058146,7.41691863,156.14,0.00,0.00,100.99,0,-117.00,-16.00,0.00,0.00,19.00,0.00,0,345
40.05,1544433646,379.42,51.49058146,7.41691863,156.14,0.00,0.00,100.99,0,-109.00,-12.00,0.00,0.00,24.00,0.00,0,333
40.05,1544433646,379.42,51.49058146,7.41691863,156.14,0.00,0.00,100.99,0,-109.00,-12.00,0.00,0.00,25.00,0.00,0,104
41.05,1544433647,379.42,51.49058146,7.41691863,156.12,0.00,0.00,100.99,0,-111.00,-10.00,0.00,0.00,19.00,0.00,0,385
41.05,1544433647,379.42,51.49058146,7.41691863,156.12,0.00,0.00,100.99,0,-117.00,-16.00,0.00,0.00,19.00,0.00,0,345
41.05,1544433647,379.42,51.49058146,7.41691863,156.12,0.00,0.00,100.99,0,-109.00,-12.00,0.00,0.00,24.00,0.00,0,333
41.05,1544433647,379.42,51.49058146,7.41691863,156.12,0.00,0.00,100.99,0,-109.00,-12.00,0.00,0.00,25.00,0.00,0,104
42.04,1544433648,379.42,51.49058146,7.41691863,156.09,0.00,0.00,100.99,0,-112.00,-12.00,0.00,0.00,21.00,0.00,0,385
42.04,1544433648,379.42,51.49058146,7.41691863,156.09,0.00,0.00,100.99,0,-117.00,-18.00,0.00,0.00,21.00,0.00,0,345
42.04,1544433648,379.42,51.49058146,7.41691863,156.09,0.00,0.00,100.99,0,-111.00,-14.00,0.00,0.00,23.00,0.00,0,333
42.05,1544433648,379.42,51.49058146,7.41691863,156.09,0.00,0.00,100.99,0,-113.00,-14.00,0.00,0.00,23.00,0.00,0,104
43.05,1544433649,379.42,51.49058146,7.41691863,156.07,0.00,0.00,100.99,0,-112.00,-12.00,0.00,0.00,21.00,0.00,0,385
43.05,1544433649,379.42,51.49058146,7.41691863,156.07,0.00,0.00,100.99,0,-117.00,-18.00,0.00,0.00,21.00,0.00,0,345
43.05,1544433649,379.42,51.49058146,7.41691863,156.07,0.00,0.00,100.99,0,-111.00,-14.00,0.00,0.00,23.00,0.00,0,333
43.05,1544433649,379.42,51.49058146,7.41691863,156.07,0.00,0.00,100.99,0,-113.00,-14.00,0.00,0.00,23.00,0.00,0,104
44.05,1544433650,379.42,51.49058146,7.41691863,156.05,0.00,0.00,100.99,0,-112.00,-9.00,0.00,0.00,17.00,0.00,0,385
44.05,1544433650,379.42,51.49058146,7.41691863,156.05,0.00,0.00,100.99,0,-117.00,-15.00,0.00,0.00,18.00,0.00,0,345
44.05,1544433650,379.42,51.49058146,7.41691863,156.05,0.00,0.00,100.99,0,-109.00,-15.00,0.00,0.00,25.00,0.00,0,333
44.05,1544433650,379.42,51.49058146,7.41691863,156.05,0.00,0.00,100.99,0,-111.00,-15.00,0.00,0.00,25.00,0.00,0,104
45.05,1544433651,379.42,51.49058146,7.41691863,156.03,0.00,0.00,100.99,0,-112.00,-9.00,0.00,0.00,17.00,0.00,0,385
45.05,1544433651,379.42,51.49058146,7.41691863,156.03,0.00,0.00,100.99,0,-117.00,-15.00,0.00,0.00,18.00,0.00,0,345
45.05,1544433651,379.42,51.49058146,7.41691863,156.03,0.00,0.00,100.99,0,-109.00,-15.00,0.00,0.00,25.00,0.00,0,333
45.05,1544433651,379.42,51.49058146,7.41691863,156.03,0.00,0.00,100.99,0,-111.00,-15.00,0.00,0.00,25.00,0.00,0,104
46.06,1544433652,379.42,51.49058146,7.41691863,156.00,0.00,0.00,100.99,0,-111.00,-9.00,0.00,0.00,17.00,0.00,0,385
46.06,1544433652,379.42,51.49058146,7.41691863,156.00,0.00,0.00,100.99,0,-108.00,-14.00,0.00,0.00,26.00,0.00,0,333
46.06,1544433652,379.42,51.49058146,7.41691863,156.00,0.00,0.00,100.99,0,-109.00,-14.00,0.00,0.00,26.00,0.00,0,104
47.05,1544433653,379.42,51.49058146,7.41691863,155.98,0.00,0.00,100.99,0,-111.00,-9.00,0.00,0.00,17.00,0.00,0,385
47.05,1544433653,379.42,51.49058146,7.41691863,155.98,0.00,0.00,100.99,0,-108.00,-14.00,0.00,0.00,26.00,0.00,0,333
47.05,1544433653,379.42,51.49058146,7.41691863,155.98,0.00,0.00,100.99,0,-109.00,-14.00,0.00,0.00,26.00,0.00,0,104
48.05,1544433654,379.42,51.49058146,7.41691863,155.96,0.00,0.00,100.99,0,-111.00,-9.00,0.00,0.00,17.00,0.00,0,385
48.05,1544433654,379.42,51.49058146,7.41691863,155.96,0.00,0.00,100.99,0,-108.00,-14.00,0.00,0.00,26.00,0.00,0,333
48.05,1544433654,379.42,51.49058146,7.41691863,155.96,0.00,0.00,100.99,0,-109.00,-14.00,0.00,0.00,26.00,0.00,0,104
49.05,1544433655,379.42,51.49058146,7.41691863,155.94,0.00,0.00,100.99,0,-111.00,-9.00,0.00,0.00,16.00,0.00,0,385
49.05,1544433655,379.42,51.49058146,7.41691863,155.94,0.00,0.00,100.99,0,-109.00,-13.00,0.00,0.00,25.00,0.00,0,333
49.05,1544433655,379.42,51.49058146,7.41691863,155.94,0.00,0.00,100.99,0,-110.00,-13.00,0.00,0.00,25.00,0.00,0,104
50.05,1544433656,379.42,51.49058146,7.41691863,155.92,0.00,0.00,100.99,0,-111.00,-9.00,0.00,0.00,16.00,0.00,0,385
50.05,1544433656,379.42,51.49058146,7.41691863,155.92,0.00,0.00,100.99,0,-109.00,-13.00,0.00,0.00,25.00,0.00,0,333
50.05,1544433656,379.42,51.49058146,7.41691863,155.92,0.00,0.00,100.99,0,-110.00,-13.00,0.00,0.00,25.00,0.00,0,104
51.05,1544433657,379.42,51.49058146,7.41691863,155.91,0.00,0.00,100.99,0,-111.00,-9.00,0.00,0.00,17.00,0.00,0,385
51.05,1544433657,379.42,51.49058146,7.41691863,155.91,0.00,0.00,100.99,0,-108.00,-16.00,0.00,0.00,27.00,0.00,0,91
51.05,1544433657,379.42,51.49058146,7.41691863,155.91,0.00,0.00,100.99,0,-109.00,-15.00,0.00,0.00,27.00,0.00,0,333
52.05,1544433658,379.42,51.49058146,7.41691863,155.89,0.00,0.00,100.99,0,-111.00,-9.00,0.00,0.00,17.00,0.00,0,385
52.05,1544433658,379.42,51.49058146,7.41691863,155.89,0.00,0.00,100.99,0,-108.00,-16.00,0.00,0.00,27.00,0.00,0,91
52.05,1544433658,379.42,51.49058146,7.41691863,155.89,0.00,0.00,100.99,0,-109.00,-15.00,0.00,0.00,27.00,0.00,0,333
53.05,1544433659,379.42,51.49058146,7.41691863,155.87,0.00,0.00,100.99,0,-111.00,-8.00,0.00,0.00,16.00,0.00,0,385
53.05,1544433659,379.42,51.49058146,7.41691863,155.87,0.00,0.00,100.99,0,-110.00,-16.00,0.00,0.00,25.00,0.00,0,91
53.05,1544433659,379.42,51.49058146,7.41691863,155.87,0.00,0.00,100.99,0,-111.00,-15.00,0.00,0.00,25.00,0.00,0,333
54.05,1544433660,379.42,51.49058146,7.41691863,155.86,0.00,0.00,100.99,0,-111.00,-8.00,0.00,0.00,16.00,0.00,0,385
54.05,1544433660,379.42,51.49058146,7.41691863,155.86,0.00,0.00,100.99,0,-110.00,-16.00,0.00,0.00,25.00,0.00,0,91
54.05,1544433660,379.42,51.49058146,7.41691863,155.86,0.00,0.00,100.99,0,-111.00,-15.00,0.00,0.00,25.00,0.00,0,333
55.05,1544433661,379.42,51.49058146,7.41691863,155.85,0.00,0.00,100.99,0,-111.00,-9.00,0.00,0.00,16.00,0.00,0,385
55.05,1544433661,379.42,51.49058146,7.41691863,155.85,0.00,0.00,100.99,0,-109.00,-14.00,0.00,0.00,25.00,0.00,0,91
55.05,1544433661,379.42,51.49058146,7.41691863,155.85,0.00,0.00,100.99,0,-109.00,-12.00,0.00,0.00,25.00,0.00,0,104
56.05,1544433662,379.42,51.49058146,7.41691863,155.83,0.00,0.00,100.99,0,-111.00,-9.00,0.00,0.00,16.00,0.00,0,385
56.05,1544433662,379.42,51.49058146,7.41691863,155.83,0.00,0.00,100.99,0,-109.00,-14.00,0.00,0.00,25.00,0.00,0,91
56.05,1544433662,379.42,51.49058146,7.41691863,155.83,0.00,0.00,100.99,0,-109.00,-12.00,0.00,0.00,25.00,0.00,0,104
57.05,1544433663,379.42,51.49058146,7.41691863,155.82,0.00,0.00,100.99,0,-111.00,-10.00,0.00,0.00,17.00,0.00,0,385
57.05,1544433663,379.42,51.49058146,7.41691863,155.82,0.00,0.00,100.99,0,-108.00,-13.00,0.00,0.00,25.00,0.00,0,91
57.05,1544433663,379.42,51.49058146,7.41691863,155.82,0.00,0.00,100.99,0,-109.00,-12.00,0.00,0.00,25.00,0.00,0,104
58.05,1544433664,379.42,51.49058146,7.41691863,155.80,0.00,0.00,100.99,0,-111.00,-10.00,0.00,0.00,17.00,0.00,0,385
58.05,1544433664,379.42,51.49058146,7.41691863,155.80,0.00,0.00,100.99,0,-108.00,-13.00,0.00,0.00,25.00,0.00,0,91
58.05,1544433664,379.42,51.49058146,7.41691863,155.80,0.00,0.00,100.99,0,-109.00,-12.00,0.00,0.00,25.00,0.00,0,104
59.05,1544433665,379.42,51.49058146,7.41691863,155.77,0.00,0.00,100.99,0,-111.00,-9.00,0.00,0.00,16.00,0.00,0,385
59.05,1544433665,379.42,51.49058146,7.41691863,155.77,0.00,0.00,100.99,0,-116.00,-14.00,0.00,0.00,17.00,0.00,0,345
59.05,1544433665,379.42,51.49058146,7.41691863,155.77,0.00,0.00,100.99,0,-108.00,-13.00,0.00,0.00,25.00,0.00,0,91
59.05,1544433665,379.42,51.49058146,7.41691863,155.77,0.00,0.00,100.99,0,-109.00,-14.00,0.00,0.00,26.00,0.00,0,104
60.05,1544433666,379.42,51.49058146,7.41691863,155.75,0.00,0.00,100.99,0,-111.00,-9.00,0.00,0.00,16.00,0.00,0,385
60.05,1544433666,379.42,51.49058146,7.41691863,155.75,0.00,0.00,100.99,0,-116.00,-14.00,0.00,0.00,17.00,0.00,0,345
60.05,1544433666,379.42,51.49058146,7.41691863,155.75,0.00,0.00,100.99,0,-108.00,-13.00,0.00,0.00,25.00,0.00,0,91
60.05,1544433666,379.42,51.49058146,7.41691863,155.75,0.00,0.00,100.99,0,-109.00,-14.00,0.00,0.00,26.00,0.00,0,104
61.04,1544433667,379.42,51.49058146,7.41691863,155.73,0.00,0.00,100.99,0,-112.00,-8.00,0.00,0.00,16.00,0.00,0,385
61.04,1544433667,379.42,51.49058146,7.41691863,155.73,0.00,0.00,100.99,0,-118.00,-15.00,0.00,0.00,16.00,0.00,0,345
61.04,1544433667,379.42,51.49058146,7.41691863,155.73,0.00,0.00,100.99,0,-108.00,-14.00,0.00,0.00,26.00,0.00,0,91
61.04,1544433667,379.42,51.49058146,7.41691863,155.73,0.00,0.00,100.99,0,-110.00,-13.00,0.00,0.00,25.00,0.00,0,104
62.04,1544433668,379.42,51.49058146,7.41691863,155.70,0.00,0.00,100.99,0,-112.00,-8.00,0.00,0.00,16.00,0.00,0,385
62.04,1544433668,379.42,51.49058146,7.41691863,155.70,0.00,0.00,100.99,0,-118.00,-15.00,0.00,0.00,16.00,0.00,0,345
62.04,1544433668,379.42,51.49058146,7.41691863,155.70,0.00,0.00,100.99,0,-108.00,-14.00,0.00,0.00,26.00,0.00,0,91
62.04,1544433668,379.42,51.49058146,7.41691863,155.70,0.00,0.00,100.99,0,-110.00,-13.00,0.00,0.00,25.00,0.00,0,104
63.04,1544433669,379.42,51.49058146,7.41691863,155.45,0.00,0.00,100.99,0,-112.00,-14.00,0.00,0.00,21.00,0.00,0,385
63.04,1544433669,379.42,51.49058146,7.41691863,155.45,0.00,0.00,100.99,0,-115.00,-17.00,0.00,0.00,21.00,0.00,0,345
63.04,1544433669,379.42,51.49058146,7.41691863,155.45,0.00,0.00,100.99,0,-112.00,-17.00,0.00,0.00,24.00,0.00,0,91
63.04,1544433669,379.42,51.49058146,7.41691863,155.45,0.00,0.00,100.99,0,-114.00,-17.00,0.00,0.00,24.00,0.00,0,104
64.04,1544433670,379.42,51.49058146,7.41691863,155.24,0.00,0.00,97.41,0,-112.00,-14.00,0.00,0.00,21.00,0.00,0,385
64.04,1544433670,379.42,51.49058146,7.41691863,155.24,0.00,0.00,97.41,0,-115.00,-17.00,0.00,0.00,21.00,0.00,0,345
64.04,1544433670,379.42,51.49058146,7.41691863,155.24,0.00,0.00,97.41,0,-112.00,-17.00,0.00,0.00,24.00,0.00,0,91
64.04,1544433670,379.42,51.49058146,7.41691863,155.24,0.00,0.00,97.41,0,-114.00,-17.00,0.00,0.00,24.00,0.00,0,104
65.05,1544433671,379.42,51.49057484,7.41704479,153.46,0.00,0.00,95.23,0,-113.00,-9.00,0.00,0.00,17.00,0.00,0,385
65.05,1544433671,379.42,51.49057484,7.41704479,153.46,0.00,0.00,95.23,0,-116.00,-14.00,0.00,0.00,17.00,0.00,0,345
65.05,1544433671,379.42,51.49057484,7.41704479,153.46,0.00,0.00,95.23,0,-110.00,-16.00,0.00,0.00,26.00,0.00,0,385
65.05,1544433671,379.42,51.49057484,7.41704479,153.46,0.00,0.00,95.23,0,-110.00,-16.00,0.00,0.00,26.00,0.00,0,384
66.05,1544433672,379.45,51.49059502,7.41711085,152.49,6.52,0.00,63.34,0,-113.00,-9.00,0.00,0.00,17.00,0.00,0,385
66.05,1544433672,379.46,51.49059502,7.41711085,152.49,6.52,0.00,63.34,0,-116.00,-14.00,0.00,0.00,17.00,0.00,0,345
66.05,1544433672,379.46,51.49059502,7.41711085,152.49,6.52,0.00,63.34,0,-110.00,-16.00,0.00,0.00,26.00,0.00,0,385
66.05,1544433672,379.46,51.49059502,7.41711085,152.49,6.52,0.00,63.34,0,-110.00,-16.00,0.00,0.00,26.00,0.00,0,384
67.06,1544433673,386.01,51.49064749,7.41715633,152.28,7.57,0.00,25.83,0,-114.00,-9.00,0.00,0.00,14.00,0.00,0,347
68.05,1544433674,393.52,51.49071035,7.41717809,152.70,8.23,0.00,4.07,0,-114.00,-9.00,0.00,0.00,14.00,0.00,0,347
69.05,1544433675,401.75,51.49077585,7.41716020,153.77,9.31,0.00,351.20,0,-114.00,-9.00,0.00,0.00,14.00,0.00,0,347
70.05,1544433676,411.05,51.49087956,7.41713606,154.34,10.19,0.00,350.57,0,-114.00,-10.00,0.00,0.00,15.00,0.00,0,347
71.05,1544433677,421.25,51.49098062,7.41710706,154.86,11.12,0.00,350.06,0,-114.00,-10.00,0.00,0.00,15.00,0.00,0,347
72.05,1544433678,432.37,51.49106915,7.41708142,154.91,11.26,0.00,349.37,0,-112.00,-8.00,0.00,0.00,16.00,0.00,0,347
72.05,1544433678,432.39,51.49106915,7.41708142,154.91,11.26,0.00,349.37,0,-118.00,-11.00,0.00,0.00,12.00,0.00,0,216
73.05,1544433679,443.66,51.49115817,7.41704921,155.22,11.38,0.00,348.40,0,-112.00,-8.00,0.00,0.00,16.00,0.00,0,347
73.05,1544433679,443.67,51.49115817,7.41704921,155.22,11.38,0.00,348.40,0,-118.00,-11.00,0.00,0.00,12.00,0.00,0,216
74.04,1544433680,454.98,51.49125367,7.41701701,155.66,11.53,0.00,348.41,0,-107.00,-8.00,0.00,0.00,22.00,0.00,0,347
75.05,1544433681,466.55,51.49134665,7.41698718,155.90,11.18,0.00,347.92,0,-107.00,-8.00,0.00,0.00,22.00,0.00,0,347
76.05,1544433682,477.74,51.49143232,7.41694883,156.49,11.23,0.00,347.18,0,-112.00,-11.00,0.00,0.00,21.00,0.00,0,347
76.05,1544433682,477.75,51.49143232,7.41694883,156.49,11.23,0.00,347.18,0,-115.00,-12.00,0.00,0.00,20.00,0.00,0,216
77.05,1544433683,488.98,51.49153240,7.41691043,156.88,11.40,0.00,346.76,0,-112.00,-11.00,0.00,0.00,21.00,0.00,0,347
77.05,1544433683,489.00,51.49153240,7.41691043,156.88,11.40,0.00,346.76,0,-115.00,-12.00,0.00,0.00,20.00,0.00,0,216
78.05,1544433684,500.37,51.49163278,7.41686960,157.16,11.03,0.00,345.69,0,-110.00,-10.00,0.00,0.00,20.00,0.00,0,347
78.05,1544433684,500.38,51.49163278,7.41686960,157.16,11.03,0.00,345.69,0,-114.00,-12.00,0.00,0.00,20.00,0.00,0,216
78.05,1544433684,500.39,51.49163278,7.41686960,157.16,11.03,0.00,345.69,0,-116.00,-17.00,0.00,0.00,21.00,0.00,0,289
79.05,1544433685,511.40,51.49173455,7.41682387,156.94,10.62,0.00,343.82,0,-110.00,-10.00,0.00,0.00,20.00,0.00,0,347
79.05,1544433685,511.41,51.49173455,7.41682387,156.94,10.62,0.00,343.82,0,-114.00,-12.00,0.00,0.00,20.00,0.00,0,216
79.05,1544433685,511.42,51.49173455,7.41682387,156.94,10.62,0.00,343.82,0,-116.00,-17.00,0.00,0.00,21.00,0.00,0,289
80.05,1544433686,522.03,51.49182750,7.41677464,156.78,10.35,0.00,341.76,0,-112.00,-12.00,0.00,0.00,22.00,0.00,0,347
81.04,1544433687,532.31,51.49190771,7.41671859,156.85,10.08,0.00,338.76,0,-112.00,-12.00,0.00,0.00,22.00,0.00,0,347
82.05,1544433688,542.42,51.49199359,7.41664882,156.89,10.62,0.00,335.99,0,-111.00,-14.00,0.00,0.00,23.00,0.00,0,289
83.05,1544433689,553.04,51.49207836,7.41657304,157.55,10.65,0.00,333.96,0,-111.00,-14.00,0.00,0.00,23.00,0.00,0,289
84.04,1544433690,563.66,51.49217479,7.41647322,157.68,11.50,0.00,331.98,0,-108.00,-18.00,0.00,0.00,32.00,0.00,0,289
85.04,1544433691,575.17,51.49227332,7.41637939,158.38,12.51,0.00,331.81,0,-108.00,-18.00,0.00,0.00,32.00,0.00,0,289
86.04,1544433692,587.68,51.49236985,7.41629512,159.11,12.50,0.00,333.19,0,-107.00,-17.00,0.00,0.00,31.00,0.00,0,289
87.05,1544433693,600.21,51.49246660,7.41622044,159.74,12.54,0.00,335.98,0,-107.00,-17.00,0.00,0.00,31.00,0.00,0,289
164.05,1544433770,1587.46,51.49312818,7.40457958,168.30,14.01,0.00,257.72,0,-109.00,-13.00,0.00,0.00,23.00,0.00,0,356
165.05,1544433771,1601.47,51.49310342,7.40439597,167.92,13.95,0.00,257.66,0,-109.00,-13.00,0.00,0.00,23.00,0.00,0,356
166.04,1544433772,1615.41,51.49307840,7.40418048,167.87,13.92,0.00,258.29,0,-108.00,-9.00,0.00,0.00,21.00,0.00,0,356
167.04,1544433773,1629.33,51.49305294,7.40397859,167.58,13.56,0.00,258.82,0,-108.00,-9.00,0.00,0.00,21.00,0.00,0,356
174.05,1544433780,1725.82,51.49297154,7.40260797,170.20,13.67,0.00,268.69,0,-112.00,-13.00,0.00,0.00,24.00,0.00,0,356
174.05,1544433780,1725.82,51.49297154,7.40260797,170.20,13.67,0.00,268.69,0,-116.00,-15.00,0.00,0.00,25.00,0.00,0,355
175.05,1544433781,1739.44,51.49297136,7.40241881,170.76,12.33,0.00,269.75,0,-112.00,-13.00,0.00,0.00,24.00,0.00,0,356
175.05,1544433781,1739.45,51.49297136,7.40241881,170.76,12.33,0.00,269.75,0,-116.00,-15.00,0.00,0.00,25.00,0.00,0,355
176.05,1544433782,1751.76,51.49297212,7.40227209,171.09,9.24,0.00,270.57,0,-112.00,-13.00,0.00,0.00,24.00,0.00,0,356
176.05,1544433782,1751.77,51.49297212,7.40227209,171.09,9.24,0.00,270.57,0,-116.00,-15.00,0.00,0.00,25.00,0.00,0,355
177.04,1544433783,1761.00,51.49297617,7.40217042,171.56,5.75,0.00,271.22,0,-109.00,-10.00,0.00,0.00,20.00,0.00,0,356
178.04,1544433784,1766.75,51.49280220,7.40252980,171.55,3.25,0.00,271.03,0,-109.00,-10.00,0.00,0.00,20.00,0.00,0,356
212.04,1544433818,1790.78,51.49280738,7.40172586,178.26,7.83,0.00,192.52,0,-116.00,-14.00,0.00,0.00,20.00,0.00,0,356
213.04,1544433819,1798.61,51.49272916,7.40171153,178.00,7.73,0.00,188.57,0,-116.00,-14.00,0.00,0.00,20.00,0.00,0,356
214.05,1544433820,1806.38,51.49264549,7.40170882,177.55,9.89,0.00,185.93,0,-115.00,-14.00,0.00,0.00,25.00,0.00,0,356
215.05,1544433821,1816.27,51.49254581,7.40169902,177.38,10.71,0.00,184.16,0,-115.00,-14.00,0.00,0.00,25.00,0.00,0,356
216.05,1544433822,1827.06,51.49244766,7.40169435,177.08,11.85,0.00,182.95,0,-115.00,-12.00,0.00,0.00,20.00,0.00,0,356
216.05,1544433822,1827.06,51.49244766,7.40169435,177.08,11.85,0.00,182.95,0,-120.00,-16.00,0.00,0.00,21.00,0.00,0,355
217.05,1544433823,1838.84,51.49234166,7.40169184,176.40,13.01,0.00,182.17,0,-115.00,-12.00,0.00,0.00,20.00,0.00,0,356
217.05,1544433823,1838.86,51.49234166,7.40169184,176.40,13.01,0.00,182.17,0,-120.00,-16.00,0.00,0.00,21.00,0.00,0,355
218.05,1544433824,1851.85,51.49214300,7.40175090,175.77,13.11,0.00,181.72,0,-115.00,-12.00,0.00,0.00,20.00,0.00,0,356
218.05,1544433824,1851.85,51.49214300,7.40175090,175.77,13.11,0.00,181.72,0,-120.00,-16.00,0.00,0.00,21.00,0.00,0,355
219.05,1544433825,1864.95,51.49212042,7.40169280,175.16,12.54,0.00,181.16,0,-115.00,-16.00,0.00,0.00,24.00,0.00,0,356
220.04,1544433826,1877.47,51.49200469,7.40169842,174.63,12.32,0.00,180.46,0,-115.00,-16.00,0.00,0.00,24.00,0.00,0,356
221.05,1544433827,1889.83,51.49190541,7.40170316,174.05,12.58,0.00,180.59,0,-116.00,-11.00,0.00,0.00,15.00,0.00,0,356
222.04,1544433828,1902.34,51.49178327,7.40170421,173.71,12.89,0.00,181.23,0,-116.00,-11.00,0.00,0.00,15.00,0.00,0,356
223.04,1544433829,1915.22,51.49164988,7.40170107,173.69,13.63,0.00,181.36,0,-117.00,-18.00,0.00,0.00,22.00,0.00,0,356
224.05,1544433830,1928.92,51.49151093,7.40169764,174.00,14.10,0.00,180.95,0,-117.00,-18.00,0.00,0.00,22.00,0.00,0,356
225.04,1544433831,1943.00,51.49138494,7.40169902,174.86,14.08,0.00,181.41,0,-113.00,-17.00,0.00,0.00,22.00,0.00,0,356
226.04,1544433832,1957.08,51.49126839,7.40169680,175.56,14.09,0.00,181.44,0,-113.00,-17.00,0.00,0.00,22.00,0.00,0,356
227.04,1544433833,1971.17,51.49114864,7.40169522,175.97,14.18,0.00,181.09,0,-110.00,-9.00,0.00,0.00,18.00,0.00,0,356
228.04,1544433834,1985.36,51.49101711,7.40169102,176.29,14.51,0.00,180.19,0,-110.00,-9.00,0.00,0.00,18.00,0.00,0,356
229.04,1544433835,1999.87,51.49088996,7.40169080,176.73,14.87,0.00,181.06,0,-112.00,-10.00,0.00,0.00,18.00,0.00,0,356
230.04,1544433836,2014.74,51.49074465,7.40168819,177.51,14.70,0.00,180.92,0,-112.00,-10.00,0.00,0.00,18.00,0.00,0,356
231.05,1544433837,2029.48,51.49060974,7.40168970,178.42,14.60,0.00,180.55,0,-112.00,-10.00,0.00,0.00,16.00,0.00,0,356
232.04,1544433838,2044.00,51.49047535,7.40169115,179.43,14.63,0.00,179.78,0,-112.00,-10.00,0.00,0.00,16.00,0.00,0,356
233.04,1544433839,2058.64,51.49034971,7.40169040,180.23,14.36,0.00,179.56,0,-112.00,-17.00,0.00,0.00,27.00,0.00,0,356
234.05,1544433840,2073.06,51.49023394,7.40169045,180.57,13.91,0.00,179.32,0,-112.00,-17.00,0.00,0.00,27.00,0.00,0,356
235.05,1544433841,2086.96,51.49011291,7.40169252,180.93,13.26,0.00,178.37,0,-111.00,-11.00,0.00,0.00,24.00,0.00,0,356
236.04,1544433842,2100.19,51.48999535,7.40169570,181.37,12.76,0.00,178.46,0,-111.00,-11.00,0.00,0.00,24.00,0.00,0,356
237.06,1544433843,2113.10,51.48989067,7.40170291,182.03,10.55,0.00,177.64,0,-110.00,-10.00,0.00,0.00,24.00,0.00,0,356
238.05,1544433844,2123.55,51.48975710,7.40183040,177.10,9.03,0.00,178.40,0,-110.00,-10.00,0.00,0.00,24.00,0.00,0,356
239.05,1544433845,2132.57,51.48973059,7.40170807,183.58,6.82,0.00,178.86,0,-110.00,-10.00,0.00,0.00,24.00,0.00,0,356
240.05,1544433846,2139.38,51.48968690,7.40170912,184.15,5.53,0.00,179.31,0,-109.00,-9.00,0.00,0.00,18.00,0.00,0,356
241.05,1544433847,2144.91,51.48964449,7.40170991,184.17,3.71,0.00,180.05,0,-109.00,-9.00,0.00,0.00,18.00,0.00,0,356
242.05,1544433848,2148.62,51.48962564,7.40170838,184.18,2.31,0.00,179.46,0,-107.00,-9.00,0.00,0.00,22.00,0.00,0,356
243.05,1544433849,2150.93,51.48961364,7.40170622,184.15,1.64,0.00,179.74,0,-107.00,-9.00,0.00,0.00,22.00,0.00,0,356
244.05,1544433850,2152.57,51.48961364,7.40170622,184.15,0.00,0.00,179.74,0,-109.00,-9.00,0.00,0.00,24.00,0.00,0,356
245.05,1544433851,2152.57,51.48961364,7.40170622,184.14,0.00,0.00,179.74,0,-109.00,-9.00,0.00,0.00,24.00,0.00,0,356
246.05,1544433852,2152.57,51.48961364,7.40170622,184.14,0.00,0.00,179.74,0,-109.00,-9.00,0.00,0.00,23.00,0.00,0,356
247.05,1544433853,2152.57,51.48961364,7.40170622,184.14,0.00,0.00,179.74,0,-109.00,-9.00,0.00,0.00,23.00,0.00,0,356
248.05,1544433854,2152.57,51.48961364,7.40170622,184.14,0.00,0.00,179.74,0,-109.00,-9.00,0.00,0.00,23.00,0.00,0,356
249.05,1544433855,2152.57,51.48961364,7.40170622,184.14,0.00,0.00,179.74,0,-109.00,-9.00,0.00,0.00,23.00,0.00,0,356
250.04,1544433856,2152.57,51.48961364,7.40170622,184.15,0.00,0.00,179.74,0,-109.00,-8.00,0.00,0.00,18.00,0.00,0,356
251.04,1544433857,2152.57,51.48961364,7.40170622,184.16,0.00,0.00,179.74,0,-109.00,-8.00,0.00,0.00,18.00,0.00,0,356
252.04,1544433858,2152.57,51.48961364,7.40170622,184.16,0.00,0.00,179.74,0,-109.00,-12.00,0.00,0.00,23.00,0.00,0,356
253.05,1544433859,2152.57,51.48961364,7.40170622,184.21,0.00,0.00,179.74,0,-109.00,-12.00,0.00,0.00,23.00,0.00,0,356
254.05,1544433860,2152.57,51.48961364,7.40170622,184.24,0.00,0.00,185.29,0,-109.00,-9.00,0.00,0.00,23.00,0.00,0,356
255.04,1544433861,2152.57,51.48955234,7.40169977,184.56,0.00,0.00,184.34,0,-109.00,-9.00,0.00,0.00,23.00,0.00,0,356
256.05,1544433862,2152.57,51.48949788,7.40169730,185.03,4.58,0.00,183.20,0,-108.00,-10.00,0.00,0.00,22.00,0.00,0,356
257.05,1544433863,2157.15,51.48945825,7.40169677,185.10,3.40,0.00,181.53,0,-108.00,-10.00,0.00,0.00,22.00,0.00,0,356
258.06,1544433864,2160.58,51.48936180,7.40159110,185.15,0.91,0.00,181.53,0,-104.00,-8.00,0.00,0.00,24.00,0.00,0,356
259.05,1544433865,2161.48,51.48944503,7.40170225,185.18,1.97,0.00,181.53,0,-104.00,-8.00,0.00,0.00,24.00,0.00,0,356
260.05,1544433866,2163.45,51.48943882,7.40172184,185.22,3.25,0.00,126.81,0,-104.00,-8.00,0.00,0.00,24.00,0.00,0,356
261.04,1544433867,2166.69,51.48941344,7.40180183,185.12,5.03,0.00,113.35,0,-106.00,-7.00,0.00,0.00,22.00,0.00,0,356
262.04,1544433868,2171.71,51.48940991,7.40187852,184.46,4.71,0.00,89.58,0,-106.00,-7.00,0.00,0.00,22.00,0.00,0,356
263.04,1544433869,2176.42,51.48941153,7.40195287,183.74,6.26,0.00,89.87,0,-108.00,-13.00,0.00,0.00,23.00,0.00,0,356
264.04,1544433870,2182.69,51.48941092,7.40204565,182.94,8.32,0.00,90.65,0,-108.00,-13.00,0.00,0.00,23.00,0.00,0,356
265.04,1544433871,2191.00,51.48941003,7.40217922,182.04,9.65,0.00,91.21,0,-111.00,-14.00,0.00,0.00,22.00,0.00,0,356
266.05,1544433872,2200.69,51.48940991,7.40233562,181.20,10.82,0.00,91.08,0,-111.00,-14.00,0.00,0.00,22.00,0.00,0,356
267.05,1544433873,2211.50,51.48940842,7.40249914,180.31,11.70,0.00,90.96,0,-111.00,-10.00,0.00,0.00,22.00,0.00,0,356
268.05,1544433874,2223.21,51.48940604,7.40268067,179.43,12.48,0.00,91.18,0,-111.00,-10.00,0.00,0.00,22.00,0.00,0,356
269.05,1544433875,2235.68,51.48940352,7.40286637,178.55,12.74,0.00,90.76,0,-111.00,-10.00,0.00,0.00,22.00,0.00,0,356
270.04,1544433876,2248.41,51.48940109,7.40304446,177.76,12.83,0.00,90.82,0,-111.00,-10.00,0.00,0.00,22.00,0.00,0,356
271.05,1544433877,2261.28,51.48939830,7.40322678,177.03,12.43,0.00,90.93,0,-111.00,-9.00,0.00,0.00,18.00,0.00,0,356
271.05,1544433877,2261.29,51.48939830,7.40322678,177.03,12.43,0.00,90.93,0,-116.00,-16.00,0.00,0.00,17.00,0.00,0,289
272.05,1544433878,2273.71,51.48939525,7.40340798,176.42,11.73,0.00,90.96,0,-111.00,-9.00,0.00,0.00,18.00,0.00,0,356
272.05,1544433878,2273.72,51.48939525,7.40340798,176.42,11.73,0.00,90.96,0,-116.00,-16.00,0.00,0.00,17.00,0.00,0,289
273.05,1544433879,2285.49,51.48939181,7.40357877,175.92,11.12,0.00,90.28,0,-111.00,-10.00,0.00,0.00,22.00,0.00,0,356
273.05,1544433879,2285.50,51.48939181,7.40357877,175.92,11.12,0.00,90.28,0,-116.00,-15.00,0.00,0.00,22.00,0.00,0,289
274.04,1544433880,2296.51,51.48938890,7.40374248,175.42,10.81,0.00,90.81,0,-111.00,-10.00,0.00,0.00,22.00,0.00,0,356
274.04,1544433880,2296.51,51.48938890,7.40374248,175.42,10.81,0.00,90.81,0,-116.00,-15.00,0.00,0.00,22.00,0.00,0,289
275.05,1544433881,2307.35,51.48938641,7.40390095,175.09,11.08,0.00,90.39,0,-113.00,-12.00,0.00,0.00,22.00,0.00,0,356
276.05,1544433882,2318.44,51.48938573,7.40406102,174.94,11.90,0.00,89.76,0,-113.00,-12.00,0.00,0.00,22.00,0.00,0,356
277.04,1544433883,2330.30,51.48938753,7.40424124,174.98,12.20,0.00,89.39,0,-113.00,-11.00,0.00,0.00,20.00,0.00,0,356
277.04,1544433883,2330.30,51.48938753,7.40424124,174.98,12.20,0.00,89.39,0,-117.00,-15.00,0.00,0.00,20.00,0.00,0,289
278.05,1544433884,2342.55,51.48927430,7.40434020,178.70,11.95,0.00,89.02,0,-113.00,-11.00,0.00,0.00,20.00,0.00,0,356
278.05,1544433884,2342.57,51.48927430,7.40434020,178.70,11.95,0.00,89.02,0,-117.00,-15.00,0.00,0.00,20.00,0.00,0,289
279.06,1544433885,2354.62,51.48939137,7.40457772,175.12,11.89,0.00,89.50,0,-111.00,-12.00,0.00,0.00,21.00,0.00,0,356
279.06,1544433885,2354.62,51.48939137,7.40457772,175.12,11.89,0.00,89.50,0,-114.00,-14.00,0.00,0.00,21.00,0.00,0,289
280.05,1544433886,2366.40,51.48938861,7.40475323,175.20,12.13,0.00,91.13,0,-111.00,-12.00,0.00,0.00,21.00,0.00,0,356
280.05,1544433886,2366.41,51.48938861,7.40475323,175.20,12.13,0.00,91.13,0,-114.00,-14.00,0.00,0.00,21.00,0.00,0,289
281.05,1544433887,2378.54,51.48938615,7.40493559,175.37,12.57,0.00,92.09,0,-111.00,-12.00,0.00,0.00,21.00,0.00,0,356
281.05,1544433887,2378.54,51.48938615,7.40493559,175.37,12.57,0.00,92.09,0,-114.00,-14.00,0.00,0.00,21.00,0.00,0,289
282.05,1544433888,2391.08,51.48938303,7.40512557,175.65,12.96,0.00,91.18,0,-103.00,-10.00,0.00,0.00,25.00,0.00,0,356
283.05,1544433889,2404.05,51.48938397,7.40530733,176.04,12.90,0.00,90.18,0,-103.00,-10.00,0.00,0.00,25.00,0.00,0,356
290.06,1544433896,2496.34,51.48951113,7.40661250,179.96,13.08,0.00,78.62,0,-108.00,-16.00,0.00,0.00,27.00,0.00,0,385
290.07,1544433896,2496.35,51.48951113,7.40661250,179.96,13.08,0.00,78.62,0,-108.00,-15.00,0.00,0.00,27.00,0.00,0,200
291.05,1544433897,2509.19,51.48953815,7.40679034,180.55,13.00,0.00,77.89,0,-108.00,-16.00,0.00,0.00,27.00,0.00,0,385
291.05,1544433897,2509.19,51.48953815,7.40679034,180.55,13.00,0.00,77.89,0,-108.00,-15.00,0.00,0.00,27.00,0.00,0,200
292.04,1544433898,2522.14,51.48956696,7.40699721,180.78,12.96,0.00,77.34,0,-107.00,-14.00,0.00,0.00,29.00,0.00,0,385
292.04,1544433898,2522.14,51.48956696,7.40699721,180.78,12.96,0.00,77.34,0,-103.00,-10.00,0.00,0.00,27.00,0.00,0,200
293.05,1544433899,2535.14,51.48959251,7.40718730,181.15,13.19,0.00,77.41,0,-107.00,-14.00,0.00,0.00,29.00,0.00,0,385
293.05,1544433899,2535.16,51.48959251,7.40718730,181.15,13.19,0.00,77.41,0,-103.00,-10.00,0.00,0.00,27.00,0.00,0,200
294.05,1544433900,2548.33,51.48961772,7.40737154,181.33,13.28,0.00,78.05,0,-109.00,-11.00,0.00,0.00,22.00,0.00,0,385
294.05,1544433900,2548.34,51.48961772,7.40737154,181.33,13.28,0.00,78.05,0,-109.00,-9.00,0.00,0.00,21.00,0.00,0,337
294.05,1544433900,2548.34,51.48961772,7.40737154,181.33,13.28,0.00,78.05,0,-115.00,-16.00,0.00,0.00,22.00,0.00,0,125
295.05,1544433901,2561.61,51.48964465,7.40756177,181.18,13.28,0.00,78.27,0,-109.00,-11.00,0.00,0.00,22.00,0.00,0,385
295.05,1544433901,2561.61,51.48964465,7.40756177,181.18,13.28,0.00,78.27,0,-109.00,-9.00,0.00,0.00,21.00,0.00,0,337
295.05,1544433901,2561.63,51.48964465,7.40756177,181.18,13.28,0.00,78.27,0,-115.00,-16.00,0.00,0.00,22.00,0.00,0,125
300.05,1544433906,2627.06,51.48976179,7.40846089,178.49,13.19,0.00,78.87,0,-108.00,-14.00,0.00,0.00,29.00,0.00,0,385
300.05,1544433906,2627.07,51.48976179,7.40846089,178.49,13.19,0.00,78.87,0,-106.00,-14.00,0.00,0.00,29.00,0.00,0,207
300.06,1544433906,2627.09,51.48976179,7.40846089,178.49,13.19,0.00,78.87,0,-110.00,-18.00,0.00,0.00,27.00,0.00,0,353
301.05,1544433907,2640.22,51.48978644,7.40863874,178.31,13.32,0.00,78.46,0,-108.00,-14.00,0.00,0.00,29.00,0.00,0,385
301.05,1544433907,2640.24,51.48978644,7.40863874,178.31,13.32,0.00,78.46,0,-106.00,-14.00,0.00,0.00,29.00,0.00,0,207
301.05,1544433907,2640.24,51.48978644,7.40863874,178.31,13.32,0.00,78.46,0,-110.00,-18.00,0.00,0.00,27.00,0.00,0,353
302.04,1544433908,2653.41,51.48981048,7.40882495,178.05,13.43,0.00,78.04,0,-108.00,-14.00,0.00,0.00,29.00,0.00,0,385
302.04,1544433908,2653.42,51.48981048,7.40882495,178.05,13.43,0.00,78.04,0,-106.00,-14.00,0.00,0.00,29.00,0.00,0,207
302.04,1544433908,2653.42,51.48981048,7.40882495,178.05,13.43,0.00,78.04,0,-110.00,-18.00,0.00,0.00,27.00,0.00,0,353
303.04,1544433909,2666.85,51.48984093,7.40903276,177.94,13.36,0.00,77.40,0,-110.00,-14.00,0.00,0.00,25.00,0.00,0,385
303.04,1544433909,2666.85,51.48984093,7.40903276,177.94,13.36,0.00,77.40,0,-116.00,-20.00,0.00,0.00,25.00,0.00,0,386
303.04,1544433909,2666.85,51.48984093,7.40903276,177.94,13.36,0.00,77.40,0,-103.00,-10.00,0.00,0.00,28.00,0.00,0,200
303.04,1544433909,2666.86,51.48984093,7.40903276,177.94,13.36,0.00,77.40,0,-108.00,-15.00,0.00,0.00,27.00,0.00,0,207
304.05,1544433910,2680.32,51.48986860,7.40922101,177.66,13.28,0.00,76.97,0,-110.00,-14.00,0.00,0.00,25.00,0.00,0,385
304.05,1544433910,2680.34,51.48986860,7.40922101,177.66,13.28,0.00,76.97,0,-116.00,-20.00,0.00,0.00,25.00,0.00,0,386
304.05,1544433910,2680.35,51.48986860,7.40922101,177.66,13.28,0.00,76.97,0,-103.00,-10.00,0.00,0.00,28.00,0.00,0,200
304.05,1544433910,2680.35,51.48986860,7.40922101,177.66,13.28,0.00,76.97,0,-108.00,-15.00,0.00,0.00,27.00,0.00,0,207
305.05,1544433911,2693.53,51.48990090,7.40941274,177.48,13.20,0.00,76.10,0,-106.00,-12.00,0.00,0.00,24.00,0.00,0,385
306.05,1544433912,2706.72,51.48993015,7.40958375,177.09,13.12,0.00,76.70,0,-106.00,-12.00,0.00,0.00,24.00,0.00,0,385
307.05,1544433913,2719.85,51.48995736,7.40976746,176.42,13.07,0.00,77.72,0,-101.00,-9.00,0.00,0.00,27.00,0.00,0,385
308.05,1544433914,2732.91,51.48998098,7.40994787,175.56,13.27,0.00,78.85,0,-101.00,-9.00,0.00,0.00,27.00,0.00,0,385
311.05,1544433917,2772.70,51.49004612,7.41050352,172.51,13.24,0.00,78.81,0,-110.00,-12.00,0.00,0.00,22.00,0.00,0,385
311.05,1544433917,2772.71,51.49004612,7.41050352,172.51,13.24,0.00,78.81,0,-113.00,-14.00,0.00,0.00,22.00,0.00,0,200
312.05,1544433918,2785.94,51.49007040,7.41068803,171.54,13.05,0.00,78.32,0,-110.00,-12.00,0.00,0.00,22.00,0.00,0,385
312.05,1544433918,2785.95,51.49007040,7.41068803,171.54,13.05,0.00,78.32,0,-113.00,-14.00,0.00,0.00,22.00,0.00,0,200
317.05,1544433923,2850.41,51.49020906,7.41160849,169.28,12.42,0.00,78.54,0,-110.00,-13.00,0.00,0.00,22.00,0.00,0,385
317.05,1544433923,2850.43,51.49020906,7.41160849,169.28,12.42,0.00,78.54,0,-115.00,-16.00,0.00,0.00,22.00,0.00,0,384
