0.02,1544433600,0.01,51.49020110,7.41144302,165.91,12.19,0.00,79.50,0,-104.00,-19.00,0.00,0.00,41.00,0.00,0,274
0.03,1544433600,0.02,51.49020110,7.41144302,165.91,12.19,0.00,79.50,0,-104.00,-20.00,0.00,0.00,41.00,0.00,0,52
0.03,1544433600,0.02,51.49020110,7.41144302,165.91,12.19,0.00,79.50,0,-105.00,-20.00,0.00,0.00,41.00,0.00,0,65
1.03,1544433601,12.29,51.49022600,7.41162775,166.05,12.04,0.00,79.17,0,-103.00,-15.00,0.00,0.00,37.00,0.00,0,52
1.03,1544433601,12.29,51.49022600,7.41162775,166.05,12.04,0.00,79.17,0,-101.00,-13.00,0.00,0.00,39.00,0.00,0,452
1.03,1544433601,12.30,51.49022600,7.41162775,166.05,12.04,0.00,79.17,0,-104.00,-17.00,0.00,0.00,39.00,0.00,0,450
1.03,1544433601,12.31,51.49022600,7.41162775,166.05,12.04,0.00,79.17,0,-105.00,-19.00,0.00,0.00,40.00,0.00,0,62
2.03,1544433602,24.35,51.49025050,7.41182077,166.26,12.31,0.00,78.81,0,-103.00,-15.00,0.00,0.00,37.00,0.00,0,52
2.03,1544433602,24.36,51.49025050,7.41182077,166.26,12.31,0.00,78.81,0,-101.00,-13.00,0.00,0.00,39.00,0.00,0,452
2.04,1544433602,24.38,51.49025050,7.41182077,166.26,12.31,0.00,78.81,0,-104.00,-17.00,0.00,0.00,39.00,0.00,0,450
2.04,1544433602,24.39,51.49025050,7.41182077,166.26,12.31,0.00,78.81,0,-105.00,-19.00,0.00,0.00,40.00,0.00,0,62
5.03,1544433605,60.89,51.49032014,7.41233564,166.67,12.80,0.00,78.85,0,-100.00,-13.00,0.00,0.00,39.00,0.00,0,385
5.03,1544433605,60.89,51.49032014,7.41233564,166.67,12.80,0.00,78.85,0,-104.00,-17.00,0.00,0.00,39.00,0.00,0,52
5.03,1544433605,60.90,51.49032014,7.41233564,166.67,12.80,0.00,78.85,0,-105.00,-19.00,0.00,0.00,40.00,0.00,0,386
6.03,1544433606,73.68,51.49034844,7.41253626,166.84,13.19,0.00,78.49,0,-100.00,-13.00,0.00,0.00,39.00,0.00,0,385
6.03,1544433606,73.68,51.49034844,7.41253626,166.84,13.19,0.00,78.49,0,-104.00,-17.00,0.00,0.00,39.00,0.00,0,52
6.03,1544433606,73.69,51.49034844,7.41253626,166.84,13.19,0.00,78.49,0,-105.00,-19.00,0.00,0.00,40.00,0.00,0,386
7.03,1544433607,86.84,51.49037350,7.41270590,167.01,13.50,0.00,79.08,0,-104.00,-18.00,0.00,0.00,40.00,0.00,0,52
7.03,1544433607,86.85,51.49037350,7.41270590,167.01,13.50,0.00,79.08,0,-105.00,-16.00,0.00,0.00,39.00,0.00,0,375
8.03,1544433608,100.35,51.49040236,7.41290900,166.98,13.37,0.00,78.45,0,-104.00,-18.00,0.00,0.00,40.00,0.00,0,52
8.03,1544433608,100.36,51.49040236,7.41290900,166.98,13.37,0.00,78.45,0,-105.00,-16.00,0.00,0.00,39.00,0.00,0,375
9.04,1544433609,113.85,51.49042723,7.41309778,166.76,13.44,0.00,77.94,0,-104.00,-14.00,0.00,0.00,37.00,0.00,0,52
9.04,1544433609,113.87,51.49042723,7.41309778,166.76,13.44,0.00,77.94,0,-105.00,-15.00,0.00,0.00,36.00,0.00,0,275
9.04,1544433609,113.87,51.49042723,7.41309778,166.76,13.44,0.00,77.94,0,-107.00,-19.00,0.00,0.00,37.00,0.00,0,56
9.04,1544433609,113.88,51.49042723,7.41309778,166.76,13.44,0.00,77.94,0,-100.00,-12.00,0.00,0.00,39.00,0.00,0,452
9.04,1544433609,113.89,51.49042723,7.41309778,166.76,13.44,0.00,77.94,0,-103.00,-17.00,0.00,0.00,39.00,0.00,0,450
10.03,1544433610,127.19,51.49045358,7.41330505,166.59,13.59,0.00,78.52,0,-104.00,-14.00,0.00,0.00,37.00,0.00,0,52
10.03,1544433610,127.19,51.49045358,7.41330505,166.59,13.59,0.00,78.52,0,-105.00,-15.00,0.00,0.00,36.00,0.00,0,275
10.03,1544433610,127.20,51.49045358,7.41330505,166.59,13.59,0.00,78.52,0,-107.00,-19.00,0.00,0.00,37.00,0.00,0,56
10.03,1544433610,127.21,51.49045358,7.41330505,166.59,13.59,0.00,78.52,0,-100.00,-12.00,0.00,0.00,39.00,0.00,0,452
10.03,1544433610,127.21,51.49045358,7.41330505,166.59,13.59,0.00,78.52,0,-103.00,-17.00,0.00,0.00,39.00,0.00,0,450
11.03,1544433611,140.76,51.49047452,7.41348434,166.28,13.54,0.00,78.20,0,-104.00,-14.00,0.00,0.00,37.00,0.00,0,52
11.03,1544433611,140.78,51.49047452,7.41348434,166.28,13.54,0.00,78.20,0,-105.00,-15.00,0.00,0.00,36.00,0.00,0,275
11.03,1544433611,140.79,51.49047452,7.41348434,166.28,13.54,0.00,78.20,0,-107.00,-19.00,0.00,0.00,37.00,0.00,0,56
11.03,1544433611,140.79,51.49047452,7.41348434,166.28,13.54,0.00,78.20,0,-100.00,-12.00,0.00,0.00,39.00,0.00,0,452
11.03,1544433611,140.80,51.49047452,7.41348434,166.28,13.54,0.00,78.20,0,-103.00,-17.00,0.00,0.00,39.00,0.00,0,450
12.03,1544433612,154.29,51.49049461,7.41366439,166.04,13.53,0.00,78.78,0,-104.00,-15.00,0.00,0.00,37.00,0.00,0,275
12.03,1544433612,154.30,51.49049461,7.41366439,166.04,13.53,0.00,78.78,0,-105.00,-16.00,0.00,0.00,38.00,0.00,0,52
12.03,1544433612,154.30,51.49049461,7.41366439,166.04,13.53,0.00,78.78,0,-107.00,-19.00,0.00,0.00,38.00,0.00,0,65
13.03,1544433613,167.82,51.49051671,7.41385522,165.49,13.52,0.00,78.72,0,-104.00,-15.00,0.00,0.00,37.00,0.00,0,275
13.03,1544433613,167.83,51.49051671,7.41385522,165.49,13.52,0.00,78.72,0,-105.00,-16.00,0.00,0.00,38.00,0.00,0,52
13.03,1544433613,167.83,51.49051671,7.41385522,165.49,13.52,0.00,78.72,0,-107.00,-19.00,0.00,0.00,38.00,0.00,0,65
14.03,1544433614,181.36,51.49053811,7.41403013,164.90,13.50,0.00,78.54,0,-104.00,-16.00,0.00,0.00,38.00,0.00,0,65
14.03,1544433614,181.37,51.49053811,7.41403013,164.90,13.50,0.00,78.54,0,-104.00,-14.00,0.00,0.00,37.00,0.00,0,275
14.03,1544433614,181.37,51.49053811,7.41403013,164.90,13.50,0.00,78.54,0,-106.00,-17.00,0.00,0.00,37.00,0.00,0,52
15.03,1544433615,194.84,51.49056087,7.41422503,164.14,13.58,0.00,78.31,0,-104.00,-16.00,0.00,0.00,38.00,0.00,0,65
15.03,1544433615,194.85,51.49056087,7.41422503,164.14,13.58,0.00,78.31,0,-104.00,-14.00,0.00,0.00,37.00,0.00,0,275
15.03,1544433615,194.87,51.49056087,7.41422503,164.14,13.58,0.00,78.31,0,-106.00,-17.00,0.00,0.00,37.00,0.00,0,52
16.03,1544433616,208.46,51.49058239,7.41441325,163.61,13.63,0.00,78.90,0,-100.00,-15.00,0.00,0.00,40.00,0.00,0,52
16.03,1544433616,208.48,51.49058239,7.41441325,163.61,13.63,0.00,78.90,0,-102.00,-15.00,0.00,0.00,40.00,0.00,0,65
16.03,1544433616,208.48,51.49058239,7.41441325,163.61,13.63,0.00,78.90,0,-102.00,-17.00,0.00,0.00,41.00,0.00,0,34
16.04,1544433616,208.49,51.49058239,7.41441325,163.61,13.63,0.00,78.90,0,-103.00,-11.00,0.00,0.00,35.00,0.00,0,452
16.04,1544433616,208.50,51.49058239,7.41441325,163.61,13.63,0.00,78.90,0,-108.00,-18.00,0.00,0.00,35.00,0.00,0,62
16.04,1544433616,208.50,51.49058239,7.41441325,163.61,13.63,0.00,78.90,0,-109.00,-17.00,0.00,0.00,35.00,0.00,0,450
17.03,1544433617,222.09,51.49060598,7.41460689,163.32,13.47,0.00,79.14,0,-100.00,-15.00,0.00,0.00,40.00,0.00,0,52
17.03,1544433617,222.10,51.49060598,7.41460689,163.32,13.47,0.00,79.14,0,-102.00,-15.00,0.00,0.00,40.00,0.00,0,65
17.04,1544433617,222.12,51.49060598,7.41460689,163.32,13.47,0.00,79.14,0,-102.00,-17.00,0.00,0.00,41.00,0.00,0,34
17.04,1544433617,222.12,51.49060598,7.41460689,163.32,13.47,0.00,79.14,0,-103.00,-11.00,0.00,0.00,35.00,0.00,0,452
17.04,1544433617,222.13,51.49060598,7.41460689,163.32,13.47,0.00,79.14,0,-108.00,-18.00,0.00,0.00,35.00,0.00,0,62
17.04,1544433617,222.14,51.49060598,7.41460689,163.32,13.47,0.00,79.14,0,-109.00,-17.00,0.00,0.00,35.00,0.00,0,450
18.03,1544433618,235.51,51.49062608,7.41479461,162.62,13.35,0.00,79.79,0,-100.00,-14.00,0.00,0.00,39.00,0.00,0,65
18.03,1544433618,235.52,51.49062608,7.41479461,162.62,13.35,0.00,79.79,0,-102.00,-17.00,0.00,0.00,40.00,0.00,0,52
18.03,1544433618,235.52,51.49062608,7.41479461,162.62,13.35,0.00,79.79,0,-104.00,-17.00,0.00,0.00,39.00,0.00,0,34
19.03,1544433619,248.87,51.49064782,7.41498727,161.83,13.18,0.00,80.40,0,-100.00,-14.00,0.00,0.00,39.00,0.00,0,65
19.03,1544433619,248.88,51.49064782,7.41498727,161.83,13.18,0.00,80.40,0,-102.00,-17.00,0.00,0.00,40.00,0.00,0,52
19.03,1544433619,248.89,51.49064782,7.41498727,161.83,13.18,0.00,80.40,0,-104.00,-17.00,0.00,0.00,39.00,0.00,0,34
20.03,1544433620,262.04,51.49066321,7.41516610,161.17,12.98,0.00,81.65,0,-102.00,-20.00,0.00,0.00,44.00,0.00,0,205
20.03,1544433620,262.04,51.49066321,7.41516610,161.17,12.98,0.00,81.65,0,-102.00,-16.00,0.00,0.00,40.00,0.00,0,38
21.03,1544433621,275.01,51.49067686,7.41535161,160.35,12.77,0.00,82.96,0,-102.00,-20.00,0.00,0.00,44.00,0.00,0,205
21.03,1544433621,275.02,51.49067686,7.41535161,160.35,12.77,0.00,82.96,0,-102.00,-16.00,0.00,0.00,40.00,0.00,0,38
26.03,1544433626,336.24,51.49067661,7.41622623,157.17,11.44,0.00,93.20,0,-100.00,-11.00,0.00,0.00,38.00,0.00,0,62
27.03,1544433627,347.66,51.49066006,7.41637130,156.76,10.18,0.00,95.66,0,-100.00,-11.00,0.00,0.00,38.00,0.00,0,62
30.04,1544433630,374.24,51.49060367,7.41678067,156.21,6.81,0.00,102.94,0,-94.00,-13.00,0.00,0.00,44.00,0.00,0,274
31.03,1544433631,381.01,51.49058741,7.41686951,155.89,5.79,0.00,102.21,0,-94.00,-13.00,0.00,0.00,44.00,0.00,0,274
32.03,1544433632,386.77,51.49057780,7.41692013,155.86,3.62,0.00,101.64,0,-94.00,-13.00,0.00,0.00,44.00,0.00,0,274
37.03,1544433637,391.89,51.49057168,7.41694527,155.84,0.00,0.00,101.55,0,-102.00,-11.00,0.00,0.00,35.00,0.00,0,62
37.03,1544433637,391.89,51.49057168,7.41694527,155.84,0.00,0.00,101.55,0,-107.00,-16.00,0.00,0.00,35.00,0.00,0,339
38.03,1544433638,391.89,51.49057168,7.41694527,155.83,0.00,0.00,101.55,0,-102.00,-11.00,0.00,0.00,35.00,0.00,0,62
38.03,1544433638,391.89,51.49057168,7.41694527,155.83,0.00,0.00,101.55,0,-107.00,-16.00,0.00,0.00,35.00,0.00,0,339
47.03,1544433647,391.89,51.49057168,7.41694527,155.83,0.00,0.00,101.55,0,-103.00,-12.00,0.00,0.00,36.00,0.00,0,62
47.03,1544433647,391.89,51.49057168,7.41694527,155.83,0.00,0.00,101.55,0,-108.00,-17.00,0.00,0.00,35.00,0.00,0,339
48.03,1544433648,391.89,51.49057168,7.41694527,155.84,0.00,0.00,101.55,0,-103.00,-12.00,0.00,0.00,36.00,0.00,0,62
48.03,1544433648,391.89,51.49057168,7.41694527,155.84,0.00,0.00,101.55,0,-108.00,-17.00,0.00,0.00,35.00,0.00,0,339
58.03,1544433658,391.89,51.49057168,7.41694527,155.95,0.00,0.00,101.55,0,-101.00,-11.00,0.00,0.00,37.00,0.00,0,62
58.03,1544433658,391.89,51.49057168,7.41694527,155.95,0.00,0.00,101.55,0,-108.00,-15.00,0.00,0.00,35.00,0.00,0,339
59.03,1544433659,391.89,51.49057168,7.41694527,155.97,0.00,0.00,101.55,0,-101.00,-11.00,0.00,0.00,37.00,0.00,0,62
59.03,1544433659,391.89,51.49057168,7.41694527,155.97,0.00,0.00,101.55,0,-108.00,-15.00,0.00,0.00,35.00,0.00,0,339
60.03,1544433660,391.89,51.49057168,7.41694527,155.97,0.00,0.00,101.55,0,-102.00,-11.00,0.00,0.00,36.00,0.00,0,62
60.03,1544433660,391.89,51.49057168,7.41694527,155.97,0.00,0.00,101.55,0,-108.00,-16.00,0.00,0.00,36.00,0.00,0,452
60.03,1544433660,391.89,51.49057168,7.41694527,155.97,0.00,0.00,101.55,0,-108.00,-16.00,0.00,0.00,36.00,0.00,0,339
61.03,1544433661,391.89,51.49057168,7.41694527,155.98,0.00,0.00,101.55,0,-102.00,-11.00,0.00,0.00,36.00,0.00,0,62
61.03,1544433661,391.89,51.49057168,7.41694527,155.98,0.00,0.00,101.55,0,-108.00,-16.00,0.00,0.00,36.00,0.00,0,452
61.04,1544433661,391.89,51.49057168,7.41694527,155.98,0.00,0.00,101.55,0,-108.00,-16.00,0.00,0.00,36.00,0.00,0,339
68.03,1544433668,399.16,51.49063515,7.41718344,157.93,7.04,0.00,31.85,0,-99.00,-9.00,0.00,0.00,37.00,0.00,0,62
69.03,1544433669,406.18,51.49069863,7.41719657,158.23,7.97,0.00,6.29,0,-99.00,-9.00,0.00,0.00,37.00,0.00,0,62
79.03,1544433679,512.59,51.49163816,7.41689987,159.67,11.16,0.00,345.97,0,-97.00,-16.00,0.00,0.00,45.00,0.00,0,197
79.03,1544433679,512.60,51.49163816,7.41689987,159.67,11.16,0.00,345.97,0,-101.00,-10.00,0.00,0.00,36.00,0.00,0,62
79.03,1544433679,512.60,51.49163816,7.41689987,159.67,11.16,0.00,345.97,0,-109.00,-16.00,0.00,0.00,35.00,0.00,0,339
80.03,1544433680,523.74,51.49172829,7.41685293,159.97,10.70,0.00,344.04,0,-97.00,-16.00,0.00,0.00,45.00,0.00,0,197
80.03,1544433680,523.75,51.49172829,7.41685293,159.97,10.70,0.00,344.04,0,-101.00,-10.00,0.00,0.00,36.00,0.00,0,62
80.03,1544433680,523.76,51.49172829,7.41685293,159.97,10.70,0.00,344.04,0,-109.00,-16.00,0.00,0.00,35.00,0.00,0,339
83.03,1544433683,555.58,51.49201352,7.41666723,159.82,11.06,0.00,336.25,0,-95.00,-12.00,0.00,0.00,44.00,0.00,0,65
83.03,1544433683,555.59,51.49201352,7.41666723,159.82,11.06,0.00,336.25,0,-98.00,-16.00,0.00,0.00,44.00,0.00,0,385
84.03,1544433684,566.67,51.49210121,7.41658182,160.15,11.95,0.00,333.09,0,-95.00,-12.00,0.00,0.00,44.00,0.00,0,65
84.03,1544433684,566.68,51.49210121,7.41658182,160.15,11.95,0.00,333.09,0,-98.00,-16.00,0.00,0.00,44.00,0.00,0,385
85.03,1544433685,578.63,51.49217850,7.41650455,159.72,11.73,0.00,331.66,0,-96.00,-16.00,0.00,0.00,46.00,0.00,0,275
85.03,1544433685,578.63,51.49217850,7.41650455,159.72,11.73,0.00,331.66,0,-97.00,-17.00,0.00,0.00,46.00,0.00,0,278
85.03,1544433685,578.64,51.49217850,7.41650455,159.72,11.73,0.00,331.66,0,-100.00,-19.00,0.00,0.00,46.00,0.00,0,385
85.03,1544433685,578.65,51.49217850,7.41650455,159.72,11.73,0.00,331.66,0,-102.00,-13.00,0.00,0.00,37.00,0.00,0,62
86.03,1544433686,590.35,51.49226207,7.41642721,159.37,11.85,0.00,331.26,0,-96.00,-16.00,0.00,0.00,46.00,0.00,0,275
86.03,1544433686,590.36,51.49226207,7.41642721,159.37,11.85,0.00,331.26,0,-97.00,-17.00,0.00,0.00,46.00,0.00,0,278
86.03,1544433686,590.36,51.49226207,7.41642721,159.37,11.85,0.00,331.26,0,-100.00,-19.00,0.00,0.00,46.00,0.00,0,385
86.03,1544433686,590.37,51.49226207,7.41642721,159.37,11.85,0.00,331.26,0,-102.00,-13.00,0.00,0.00,37.00,0.00,0,62
87.03,1544433687,602.23,51.49234901,7.41634902,158.65,12.37,0.00,332.52,0,-97.00,-15.00,0.00,0.00,43.00,0.00,0,275
87.03,1544433687,602.24,51.49234901,7.41634902,158.65,12.37,0.00,332.52,0,-101.00,-19.00,0.00,0.00,44.00,0.00,0,52
87.03,1544433687,602.25,51.49234901,7.41634902,158.65,12.37,0.00,332.52,0,-101.00,-19.00,0.00,0.00,43.00,0.00,0,211
87.04,1544433687,602.27,51.49234901,7.41634902,158.65,12.37,0.00,332.52,0,-102.00,-12.00,0.00,0.00,35.00,0.00,0,62
87.04,1544433687,602.27,51.49234901,7.41634902,158.65,12.37,0.00,332.52,0,-105.00,-13.00,0.00,0.00,35.00,0.00,0,306
87.04,1544433687,602.28,51.49234901,7.41634902,158.65,12.37,0.00,332.52,0,-108.00,-16.00,0.00,0.00,34.00,0.00,0,339
88.03,1544433688,614.60,51.49245600,7.41626852,157.81,12.67,0.00,335.18,0,-97.00,-15.00,0.00,0.00,43.00,0.00,0,275
88.03,1544433688,614.60,51.49245600,7.41626852,157.81,12.67,0.00,335.18,0,-101.00,-19.00,0.00,0.00,44.00,0.00,0,52
88.03,1544433688,614.61,51.49245600,7.41626852,157.81,12.67,0.00,335.18,0,-101.00,-19.00,0.00,0.00,43.00,0.00,0,211
88.03,1544433688,614.62,51.49245600,7.41626852,157.81,12.67,0.00,335.18,0,-102.00,-12.00,0.00,0.00,35.00,0.00,0,62
88.03,1544433688,614.62,51.49245600,7.41626852,157.81,12.67,0.00,335.18,0,-105.00,-13.00,0.00,0.00,35.00,0.00,0,306
88.04,1544433688,614.64,51.49245600,7.41626852,157.81,12.67,0.00,335.18,0,-108.00,-16.00,0.00,0.00,34.00,0.00,0,339
91.03,1544433691,651.65,51.49276399,7.41614073,155.76,11.01,0.00,354.30,0,-100.00,-9.00,0.00,0.00,35.00,0.00,0,62
91.03,1544433691,651.66,51.49276399,7.41614073,155.76,11.01,0.00,354.30,0,-107.00,-12.00,0.00,0.00,32.00,0.00,0,146
92.03,1544433692,662.66,51.49286645,7.41611553,155.58,11.18,0.00,352.38,0,-100.00,-9.00,0.00,0.00,35.00,0.00,0,62
92.03,1544433692,662.67,51.49286645,7.41611553,155.58,11.18,0.00,352.38,0,-107.00,-12.00,0.00,0.00,32.00,0.00,0,146
96.03,1544433696,709.07,51.49330221,7.41598704,155.68,12.66,0.00,350.49,0,-102.00,-13.00,0.00,0.00,37.00,0.00,0,34
96.03,1544433696,709.08,51.49330221,7.41598704,155.68,12.66,0.00,350.49,0,-105.00,-19.00,0.00,0.00,40.00,0.00,0,197
96.03,1544433696,709.10,51.49330221,7.41598704,155.68,12.66,0.00,350.49,0,-105.00,-17.00,0.00,0.00,37.00,0.00,0,37
97.03,1544433697,721.75,51.49342139,7.41593882,155.92,13.04,0.00,349.94,0,-102.00,-13.00,0.00,0.00,37.00,0.00,0,34
97.03,1544433697,721.76,51.49342139,7.41593882,155.92,13.04,0.00,349.94,0,-105.00,-19.00,0.00,0.00,40.00,0.00,0,197
97.03,1544433697,721.76,51.49342139,7.41593882,155.92,13.04,0.00,349.94,0,-105.00,-17.00,0.00,0.00,37.00,0.00,0,37
98.03,1544433698,734.80,51.49353628,7.41589819,156.17,13.00,0.00,349.38,0,-100.00,-13.00,0.00,0.00,38.00,0.00,0,34
98.03,1544433698,734.80,51.49353628,7.41589819,156.17,13.00,0.00,349.38,0,-106.00,-20.00,0.00,0.00,40.00,0.00,0,37
98.03,1544433698,734.81,51.49353628,7.41589819,156.17,13.00,0.00,349.38,0,-106.00,-19.00,0.00,0.00,39.00,0.00,0,38
99.03,1544433699,747.78,51.49364802,7.41585611,156.76,12.62,0.00,348.47,0,-100.00,-13.00,0.00,0.00,38.00,0.00,0,34
99.03,1544433699,747.79,51.49364802,7.41585611,156.76,12.62,0.00,348.47,0,-106.00,-20.00,0.00,0.00,40.00,0.00,0,37
99.03,1544433699,747.79,51.49364802,7.41585611,156.76,12.62,0.00,348.47,0,-106.00,-19.00,0.00,0.00,39.00,0.00,0,38
100.03,1544433700,760.40,51.49375835,7.41581265,157.43,12.52,0.00,348.08,0,-100.00,-13.00,0.00,0.00,39.00,0.00,0,34
100.03,1544433700,760.41,51.49375835,7.41581265,157.43,12.52,0.00,348.08,0,-104.00,-19.00,0.00,0.00,41.00,0.00,0,37
100.03,1544433700,760.41,51.49375835,7.41581265,157.43,12.52,0.00,348.08,0,-105.00,-17.00,0.00,0.00,38.00,0.00,0,38
101.03,1544433701,772.92,51.49387502,7.41576668,157.68,12.39,0.00,347.41,0,-100.00,-13.00,0.00,0.00,39.00,0.00,0,34
101.03,1544433701,772.93,51.49387502,7.41576668,157.68,12.39,0.00,347.41,0,-104.00,-19.00,0.00,0.00,41.00,0.00,0,37
101.03,1544433701,772.95,51.49387502,7.41576668,157.68,12.39,0.00,347.41,0,-105.00,-17.00,0.00,0.00,38.00,0.00,0,38
102.03,1544433702,785.33,51.49398310,7.41571730,157.85,12.19,0.00,345.47,0,-102.00,-18.00,0.00,0.00,42.00,0.00,0,38
102.03,1544433702,785.35,51.49398310,7.41571730,157.85,12.19,0.00,345.47,0,-103.00,-19.00,0.00,0.00,42.00,0.00,0,37
102.03,1544433702,785.36,51.49398310,7.41571730,157.85,12.19,0.00,345.47,0,-111.00,-15.00,0.00,0.00,30.00,0.00,0,62
102.03,1544433702,785.36,51.49398310,7.41571730,157.85,12.19,0.00,345.47,0,-114.00,-18.00,0.00,0.00,30.00,0.00,0,375
102.04,1544433702,785.37,51.49398310,7.41571730,157.85,12.19,0.00,345.47,0,-114.00,-16.00,0.00,0.00,29.00,0.00,0,367
103.03,1544433703,797.53,51.49409131,7.41566807,157.86,11.88,0.00,345.27,0,-102.00,-18.00,0.00,0.00,42.00,0.00,0,38
103.03,1544433703,797.54,51.49409131,7.41566807,157.86,11.88,0.00,345.27,0,-103.00,-19.00,0.00,0.00,42.00,0.00,0,37
103.03,1544433703,797.54,51.49409131,7.41566807,157.86,11.88,0.00,345.27,0,-111.00,-15.00,0.00,0.00,30.00,0.00,0,62
103.04,1544433703,797.56,51.49409131,7.41566807,157.86,11.88,0.00,345.27,0,-114.00,-18.00,0.00,0.00,30.00,0.00,0,375
103.04,1544433703,797.57,51.49409131,7.41566807,157.86,11.88,0.00,345.27,0,-114.00,-16.00,0.00,0.00,29.00,0.00,0,367
104.03,1544433704,809.40,51.49419117,7.41562261,158.05,10.61,0.00,346.10,0,-103.00,-16.00,0.00,0.00,39.00,0.00,0,37
104.03,1544433704,809.41,51.49419117,7.41562261,158.05,10.61,0.00,346.10,0,-103.00,-17.00,0.00,0.00,39.00,0.00,0,38
104.03,1544433704,809.42,51.49419117,7.41562261,158.05,10.61,0.00,346.10,0,-105.00,-20.00,0.00,0.00,40.00,0.00,0,275
104.04,1544433704,809.43,51.49419117,7.41562261,158.05,10.61,0.00,346.10,0,-114.00,-14.00,0.00,0.00,26.00,0.00,0,62
104.04,1544433704,809.44,51.49419117,7.41562261,158.05,10.61,0.00,346.10,0,-116.00,-16.00,0.00,0.00,26.00,0.00,0,16
104.04,1544433704,809.44,51.49419117,7.41562261,158.05,10.61,0.00,346.10,0,-117.00,-16.00,0.00,0.00,26.00,0.00,0,306
105.03,1544433705,820.02,51.49428743,7.41557740,157.93,8.91,0.00,346.45,0,-103.00,-16.00,0.00,0.00,39.00,0.00,0,37
105.03,1544433705,820.03,51.49428743,7.41557740,157.93,8.91,0.00,346.45,0,-103.00,-17.00,0.00,0.00,39.00,0.00,0,38
105.04,1544433705,820.04,51.49428743,7.41557740,157.93,8.91,0.00,346.45,0,-105.00,-20.00,0.00,0.00,40.00,0.00,0,275
105.04,1544433705,820.04,51.49428743,7.41557740,157.93,8.91,0.00,346.45,0,-114.00,-14.00,0.00,0.00,26.00,0.00,0,62
105.04,1544433705,820.05,51.49428743,7.41557740,157.93,8.91,0.00,346.45,0,-116.00,-16.00,0.00,0.00,26.00,0.00,0,16
105.04,1544433705,820.06,51.49428743,7.41557740,157.93,8.91,0.00,346.45,0,-117.00,-16.00,0.00,0.00,26.00,0.00,0,306
106.03,1544433706,828.86,51.49436305,7.41554239,158.04,8.14,0.00,346.44,0,-100.00,-17.00,0.00,0.00,44.00,0.00,0,38
106.03,1544433706,828.87,51.49436305,7.41554239,158.04,8.14,0.00,346.44,0,-100.00,-18.00,0.00,0.00,44.00,0.00,0,37
107.03,1544433707,837.04,51.49442832,7.41551054,158.29,7.11,0.00,345.66,0,-100.00,-17.00,0.00,0.00,44.00,0.00,0,38
107.03,1544433707,837.05,51.49442832,7.41551054,158.29,7.11,0.00,345.66,0,-100.00,-18.00,0.00,0.00,44.00,0.00,0,37
108.03,1544433708,844.16,51.49448009,7.41545896,158.49,6.58,0.00,327.47,0,-96.00,-16.00,0.00,0.00,46.00,0.00,0,37
108.03,1544433708,844.17,51.49448009,7.41545896,158.49,6.58,0.00,327.47,0,-97.00,-17.00,0.00,0.00,45.00,0.00,0,38
109.03,1544433709,850.73,51.49452178,7.41536690,158.64,6.72,0.00,301.88,0,-96.00,-16.00,0.00,0.00,46.00,0.00,0,37
109.03,1544433709,850.74,51.49452178,7.41536690,158.64,6.72,0.00,301.88,0,-97.00,-17.00,0.00,0.00,45.00,0.00,0,38
110.03,1544433710,857.47,51.49453663,7.41526714,158.50,8.10,0.00,276.66,0,-96.00,-16.00,0.00,0.00,46.00,0.00,0,38
110.03,1544433710,857.48,51.49453663,7.41526714,158.50,8.10,0.00,276.66,0,-97.00,-17.00,0.00,0.00,46.00,0.00,0,37
110.03,1544433710,857.49,51.49453663,7.41526714,158.50,8.10,0.00,276.66,0,0.00,0.00,0.00,0.00,63.00,0.00,0,303
111.04,1544433711,865.63,51.49452308,7.41518546,157.99,8.82,0.00,255.91,0,-96.00,-16.00,0.00,0.00,46.00,0.00,0,38
111.04,1544433711,865.63,51.49452308,7.41518546,157.99,8.82,0.00,255.91,0,-97.00,-17.00,0.00,0.00,46.00,0.00,0,37
111.04,1544433711,865.64,51.49452308,7.41518546,157.99,8.82,0.00,255.91,0,0.00,0.00,0.00,0.00,63.00,0.00,0,303
112.03,1544433712,874.39,51.49450364,7.41503448,157.78,9.90,0.00,258.03,0,-99.00,-18.00,0.00,0.00,44.00,0.00,0,37
112.03,1544433712,874.40,51.49450364,7.41503448,157.78,9.90,0.00,258.03,0,-99.00,-18.00,0.00,0.00,44.00,0.00,0,38
112.03,1544433712,874.40,51.49450364,7.41503448,157.78,9.90,0.00,258.03,0,-102.00,-20.00,0.00,0.00,44.00,0.00,0,65
112.03,1544433712,874.41,51.49450364,7.41503448,157.78,9.90,0.00,258.03,0,0.00,0.00,0.00,0.00,63.00,0.00,0,303
113.03,1544433713,884.30,51.49448084,7.41487900,157.77,11.34,0.00,258.37,0,-99.00,-18.00,0.00,0.00,44.00,0.00,0,37
113.03,1544433713,884.31,51.49448084,7.41487900,157.77,11.34,0.00,258.37,0,-99.00,-18.00,0.00,0.00,44.00,0.00,0,38
113.03,1544433713,884.31,51.49448084,7.41487900,157.77,11.34,0.00,258.37,0,-102.00,-20.00,0.00,0.00,44.00,0.00,0,65
113.03,1544433713,884.33,51.49448084,7.41487900,157.77,11.34,0.00,258.37,0,0.00,0.00,0.00,0.00,63.00,0.00,0,303
114.04,1544433714,895.69,51.49446307,7.41471395,157.68,12.29,0.00,258.38,0,-103.00,-20.00,0.00,0.00,42.00,0.00,0,38
115.03,1544433715,907.89,51.49443846,7.41453792,157.15,13.12,0.00,258.21,0,-103.00,-20.00,0.00,0.00,42.00,0.00,0,38
116.03,1544433716,921.01,51.49441279,7.41435218,156.37,13.55,0.00,258.07,0,-103.00,-20.00,0.00,0.00,42.00,0.00,0,38
117.03,1544433717,934.62,51.49438572,7.41415625,155.75,13.69,0.00,257.29,0,-101.00,-20.00,0.00,0.00,44.00,0.00,0,275
117.03,1544433717,934.63,51.49438572,7.41415625,155.75,13.69,0.00,257.29,0,-101.00,-19.00,0.00,0.00,43.00,0.00,0,65
117.03,1544433717,934.63,51.49438572,7.41415625,155.75,13.69,0.00,257.29,0,-102.00,-20.00,0.00,0.00,44.00,0.00,0,38
118.03,1544433718,948.29,51.49436025,7.41397175,155.01,13.59,0.00,257.78,0,-101.00,-20.00,0.00,0.00,44.00,0.00,0,275
118.03,1544433718,948.31,51.49436025,7.41397175,155.01,13.59,0.00,257.78,0,-101.00,-19.00,0.00,0.00,43.00,0.00,0,65
118.03,1544433718,948.32,51.49436025,7.41397175,155.01,13.59,0.00,257.78,0,-102.00,-20.00,0.00,0.00,44.00,0.00,0,38
119.03,1544433719,961.89,51.49433243,7.41376745,154.53,13.70,0.00,257.56,0,-100.00,-17.00,0.00,0.00,43.00,0.00,0,275
119.03,1544433719,961.90,51.49433243,7.41376745,154.53,13.70,0.00,257.56,0,-101.00,-17.00,0.00,0.00,42.00,0.00,0,38
119.03,1544433719,961.91,51.49433243,7.41376745,154.53,13.70,0.00,257.56,0,-103.00,-19.00,0.00,0.00,42.00,0.00,0,65
120.03,1544433720,975.59,51.49430643,7.41356429,154.55,13.38,0.00,257.42,0,-100.00,-17.00,0.00,0.00,43.00,0.00,0,275
120.03,1544433720,975.59,51.49430643,7.41356429,154.55,13.38,0.00,257.42,0,-101.00,-17.00,0.00,0.00,42.00,0.00,0,38
120.03,1544433720,975.60,51.49430643,7.41356429,154.55,13.38,0.00,257.42,0,-103.00,-19.00,0.00,0.00,42.00,0.00,0,65
121.03,1544433721,988.95,51.49428329,7.41336824,154.96,13.31,0.00,258.19,0,-99.00,-17.00,0.00,0.00,44.00,0.00,0,38
121.03,1544433721,988.95,51.49428329,7.41336824,154.96,13.31,0.00,258.19,0,-101.00,-19.00,0.00,0.00,44.00,0.00,0,65
122.03,1544433722,1002.26,51.49426010,7.41317801,155.36,13.58,0.00,258.12,0,-99.00,-17.00,0.00,0.00,44.00,0.00,0,38
122.03,1544433722,1002.28,51.49426010,7.41317801,155.36,13.58,0.00,258.12,0,-101.00,-19.00,0.00,0.00,44.00,0.00,0,65
123.03,1544433723,1015.89,51.49423750,7.41299429,155.88,13.77,0.00,258.16,0,-94.00,-14.00,0.00,0.00,45.00,0.00,0,38
123.03,1544433723,1015.89,51.49423750,7.41299429,155.88,13.77,0.00,258.16,0,-98.00,-18.00,0.00,0.00,46.00,0.00,0,37
123.03,1544433723,1015.90,51.49423750,7.41299429,155.88,13.77,0.00,258.16,0,-99.00,-19.00,0.00,0.00,45.00,0.00,0,65
123.04,1544433723,1015.92,51.49423750,7.41299429,155.88,13.77,0.00,258.16,0,-114.00,-16.00,0.00,0.00,29.00,0.00,0,450
123.04,1544433723,1015.92,51.49423750,7.41299429,155.88,13.77,0.00,258.16,0,-114.00,-17.00,0.00,0.00,29.00,0.00,0,367
123.04,1544433723,1015.93,51.49423750,7.41299429,155.88,13.77,0.00,258.16,0,-115.00,-18.00,0.00,0.00,29.00,0.00,0,17
124.03,1544433724,1029.67,51.49421480,7.41280564,156.35,14.16,0.00,257.65,0,-94.00,-14.00,0.00,0.00,45.00,0.00,0,38
124.04,1544433724,1029.69,51.49421480,7.41280564,156.35,14.16,0.00,257.65,0,-98.00,-18.00,0.00,0.00,46.00,0.00,0,37
124.04,1544433724,1029.69,51.49421480,7.41280564,156.35,14.16,0.00,257.65,0,-99.00,-19.00,0.00,0.00,45.00,0.00,0,65
124.04,1544433724,1029.70,51.49421480,7.41280564,156.35,14.16,0.00,257.65,0,-114.00,-16.00,0.00,0.00,29.00,0.00,0,450
124.04,1544433724,1029.71,51.49421480,7.41280564,156.35,14.16,0.00,257.65,0,-114.00,-17.00,0.00,0.00,29.00,0.00,0,367
124.04,1544433724,1029.71,51.49421480,7.41280564,156.35,14.16,0.00,257.65,0,-115.00,-18.00,0.00,0.00,29.00,0.00,0,17
125.03,1544433725,1043.79,51.49419085,7.41260882,156.85,14.21,0.00,257.95,0,-94.00,-13.00,0.00,0.00,46.00,0.00,0,38
125.03,1544433725,1043.80,51.49419085,7.41260882,156.85,14.21,0.00,257.95,0,-99.00,-17.00,0.00,0.00,46.00,0.00,0,65
125.03,1544433725,1043.82,51.49419085,7.41260882,156.85,14.21,0.00,257.95,0,-100.00,-20.00,0.00,0.00,45.00,0.00,0,37
126.03,1544433726,1058.01,51.49416462,7.41240890,157.31,14.17,0.00,257.99,0,-94.00,-13.00,0.00,0.00,46.00,0.00,0,38
126.03,1544433726,1058.01,51.49416462,7.41240890,157.31,14.17,0.00,257.99,0,-99.00,-17.00,0.00,0.00,46.00,0.00,0,65
126.03,1544433726,1058.03,51.49416462,7.41240890,157.31,14.17,0.00,257.99,0,-100.00,-20.00,0.00,0.00,45.00,0.00,0,37
127.03,1544433727,1072.20,51.49414289,7.41222301,158.05,14.15,0.00,258.24,0,-97.00,-15.00,0.00,0.00,44.00,0.00,0,65
127.03,1544433727,1072.21,51.49414289,7.41222301,158.05,14.15,0.00,258.24,0,-97.00,-16.00,0.00,0.00,44.00,0.00,0,38
127.04,1544433727,1072.22,51.49414289,7.41222301,158.05,14.15,0.00,258.24,0,-101.00,-20.00,0.00,0.00,44.00,0.00,0,37
127.04,1544433727,1072.22,51.49414289,7.41222301,158.05,14.15,0.00,258.24,0,0.00,0.00,0.00,0.00,63.00,0.00,0,382
127.04,1544433727,1072.24,51.49414289,7.41222301,158.05,14.15,0.00,258.24,0,0.00,0.00,0.00,0.00,63.00,0.00,0,303
128.03,1544433728,1086.35,51.49412088,7.41203186,158.82,14.17,0.00,258.09,0,-97.00,-15.00,0.00,0.00,44.00,0.00,0,65
128.03,1544433728,1086.36,51.49412088,7.41203186,158.82,14.17,0.00,258.09,0,-97.00,-16.00,0.00,0.00,44.00,0.00,0,38
128.03,1544433728,1086.36,51.49412088,7.41203186,158.82,14.17,0.00,258.09,0,-101.00,-20.00,0.00,0.00,44.00,0.00,0,37
128.04,1544433728,1086.38,51.49412088,7.41203186,158.82,14.17,0.00,258.09,0,0.00,0.00,0.00,0.00,63.00,0.00,0,382
128.04,1544433728,1086.39,51.49412088,7.41203186,158.82,14.17,0.00,258.09,0,0.00,0.00,0.00,0.00,63.00,0.00,0,303
129.03,1544433729,1100.48,51.49409349,7.41182924,159.27,14.11,0.00,258.53,0,-96.00,-17.00,0.00,0.00,47.00,0.00,0,38
129.03,1544433729,1100.50,51.49409349,7.41182924,159.27,14.11,0.00,258.53,0,-97.00,-18.00,0.00,0.00,47.00,0.00,0,65
129.03,1544433729,1100.51,51.49409349,7.41182924,159.27,14.11,0.00,258.53,0,0.00,0.00,0.00,0.00,63.00,0.00,0,382
130.03,1544433730,1114.61,51.49406387,7.41161763,159.62,14.12,0.00,258.44,0,-96.00,-17.00,0.00,0.00,47.00,0.00,0,38
130.03,1544433730,1114.62,51.49406387,7.41161763,159.62,14.12,0.00,258.44,0,-97.00,-18.00,0.00,0.00,47.00,0.00,0,65
130.03,1544433730,1114.62,51.49406387,7.41161763,159.62,14.12,0.00,258.44,0,0.00,0.00,0.00,0.00,63.00,0.00,0,382
131.03,1544433731,1128.72,51.49403433,7.41141204,160.00,14.07,0.00,257.96,0,-96.00,-16.00,0.00,0.00,46.00,0.00,0,38
131.03,1544433731,1128.72,51.49403433,7.41141204,160.00,14.07,0.00,257.96,0,-98.00,-18.00,0.00,0.00,46.00,0.00,0,65
131.03,1544433731,1128.74,51.49403433,7.41141204,160.00,14.07,0.00,257.96,0,-99.00,-10.00,0.00,0.00,39.00,0.00,0,450
132.03,1544433732,1142.79,51.49400592,7.41121133,160.47,14.04,0.00,258.31,0,-96.00,-16.00,0.00,0.00,46.00,0.00,0,38
132.03,1544433732,1142.80,51.49400592,7.41121133,160.47,14.04,0.00,258.31,0,-98.00,-18.00,0.00,0.00,46.00,0.00,0,65
132.03,1544433732,1142.82,51.49400592,7.41121133,160.47,14.04,0.00,258.31,0,-99.00,-10.00,0.00,0.00,39.00,0.00,0,450
133.03,1544433733,1156.84,51.49397687,7.41100867,160.84,14.08,0.00,258.13,0,-95.00,-17.00,0.00,0.00,48.00,0.00,0,38
133.03,1544433733,1156.86,51.49397687,7.41100867,160.84,14.08,0.00,258.13,0,-98.00,-20.00,0.00,0.00,48.00,0.00,0,65
133.03,1544433733,1156.87,51.49397687,7.41100867,160.84,14.08,0.00,258.13,0,-102.00,-10.00,0.00,0.00,35.00,0.00,0,450
133.03,1544433733,1156.87,51.49397687,7.41100867,160.84,14.08,0.00,258.13,0,-109.00,-15.00,0.00,0.00,34.00,0.00,0,17
134.04,1544433734,1170.96,51.49394704,7.41080487,161.13,14.05,0.00,258.26,0,-95.00,-17.00,0.00,0.00,48.00,0.00,0,38
134.04,1544433734,1170.98,51.49394704,7.41080487,161.13,14.05,0.00,258.26,0,-98.00,-20.00,0.00,0.00,48.00,0.00,0,65
134.04,1544433734,1170.98,51.49394704,7.41080487,161.13,14.05,0.00,258.26,0,-102.00,-10.00,0.00,0.00,35.00,0.00,0,450
134.04,1544433734,1170.99,51.49394704,7.41080487,161.13,14.05,0.00,258.26,0,-109.00,-15.00,0.00,0.00,34.00,0.00,0,17
135.04,1544433735,1185.09,51.49391744,7.41060181,161.33,13.84,0.00,258.78,0,-93.00,-13.00,0.00,0.00,47.00,0.00,0,38
135.04,1544433735,1185.10,51.49391744,7.41060181,161.33,13.84,0.00,258.78,0,-97.00,-19.00,0.00,0.00,48.00,0.00,0,37
135.04,1544433735,1185.12,51.49391744,7.41060181,161.33,13.84,0.00,258.78,0,-98.00,-19.00,0.00,0.00,47.00,0.00,0,65
136.04,1544433736,1198.86,51.49389052,7.41040651,161.58,13.87,0.00,258.17,0,-93.00,-13.00,0.00,0.00,47.00,0.00,0,38
136.04,1544433736,1198.86,51.49389052,7.41040651,161.58,13.87,0.00,258.17,0,-97.00,-19.00,0.00,0.00,48.00,0.00,0,37
136.04,1544433736,1198.88,51.49389052,7.41040651,161.58,13.87,0.00,258.17,0,-98.00,-19.00,0.00,0.00,47.00,0.00,0,65
137.03,1544433737,1212.68,51.49386203,7.41020782,161.78,14.04,0.00,258.23,0,-93.00,-13.00,0.00,0.00,47.00,0.00,0,38
137.03,1544433737,1212.68,51.49386203,7.41020782,161.78,14.04,0.00,258.23,0,-97.00,-19.00,0.00,0.00,48.00,0.00,0,37
137.03,1544433737,1212.69,51.49386203,7.41020782,161.78,14.04,0.00,258.23,0,-98.00,-19.00,0.00,0.00,47.00,0.00,0,65
138.03,1544433738,1226.70,51.49383670,7.41001724,161.94,14.01,0.00,258.11,0,-96.00,-16.00,0.00,0.00,45.00,0.00,0,38
138.03,1544433738,1226.71,51.49383670,7.41001724,161.94,14.01,0.00,258.11,0,-100.00,-19.00,0.00,0.00,45.00,0.00,0,65
139.03,1544433739,1240.73,51.49381252,7.40983179,162.25,13.89,0.00,257.87,0,-96.00,-16.00,0.00,0.00,45.00,0.00,0,38
139.03,1544433739,1240.74,51.49381252,7.40983179,162.25,13.89,0.00,257.87,0,-100.00,-19.00,0.00,0.00,45.00,0.00,0,65
140.03,1544433740,1254.61,51.49378385,7.40962845,162.51,14.03,0.00,258.15,0,-97.00,-17.00,0.00,0.00,46.00,0.00,0,65
140.03,1544433740,1254.63,51.49378385,7.40962845,162.51,14.03,0.00,258.15,0,-99.00,-19.00,0.00,0.00,46.00,0.00,0,38
141.05,1544433741,1268.84,51.49375592,7.40942980,162.77,13.98,0.00,257.72,0,-97.00,-17.00,0.00,0.00,46.00,0.00,0,65
141.05,1544433741,1268.86,51.49375592,7.40942980,162.77,13.98,0.00,257.72,0,-99.00,-19.00,0.00,0.00,46.00,0.00,0,38
142.03,1544433742,1282.61,51.49372881,7.40923051,162.85,13.87,0.00,258.08,0,-96.00,-18.00,0.00,0.00,49.00,0.00,0,38
142.03,1544433742,1282.62,51.49372881,7.40923051,162.85,13.87,0.00,258.08,0,-97.00,-19.00,0.00,0.00,49.00,0.00,0,65
142.03,1544433742,1282.64,51.49372881,7.40923051,162.85,13.87,0.00,258.08,0,-101.00,-12.00,0.00,0.00,37.00,0.00,0,450
142.03,1544433742,1282.64,51.49372881,7.40923051,162.85,13.87,0.00,258.08,0,-105.00,-17.00,0.00,0.00,38.00,0.00,0,76
143.03,1544433743,1296.51,51.49370107,7.40902429,162.80,13.87,0.00,258.15,0,-96.00,-18.00,0.00,0.00,49.00,0.00,0,38
143.03,1544433743,1296.52,51.49370107,7.40902429,162.80,13.87,0.00,258.15,0,-97.00,-19.00,0.00,0.00,49.00,0.00,0,65
143.03,1544433743,1296.54,51.49370107,7.40902429,162.80,13.87,0.00,258.15,0,-101.00,-12.00,0.00,0.00,37.00,0.00,0,450
143.03,1544433743,1296.54,51.49370107,7.40902429,162.80,13.87,0.00,258.15,0,-105.00,-17.00,0.00,0.00,38.00,0.00,0,76
144.03,1544433744,1310.38,51.49367373,7.40881894,162.76,14.09,0.00,258.29,0,-96.00,-14.00,0.00,0.00,44.00,0.00,0,38
144.03,1544433744,1310.39,51.49367373,7.40881894,162.76,14.09,0.00,258.29,0,-99.00,-17.00,0.00,0.00,44.00,0.00,0,65
144.03,1544433744,1310.40,51.49367373,7.40881894,162.76,14.09,0.00,258.29,0,-100.00,-9.00,0.00,0.00,35.00,0.00,0,450
144.03,1544433744,1310.40,51.49367373,7.40881894,162.76,14.09,0.00,258.29,0,-105.00,-14.00,0.00,0.00,34.00,0.00,0,76
145.03,1544433745,1324.47,51.49364755,7.40862383,162.75,14.38,0.00,258.13,0,-96.00,-14.00,0.00,0.00,44.00,0.00,0,38
145.03,1544433745,1324.47,51.49364755,7.40862383,162.75,14.38,0.00,258.13,0,-99.00,-17.00,0.00,0.00,44.00,0.00,0,65
145.03,1544433745,1324.49,51.49364755,7.40862383,162.75,14.38,0.00,258.13,0,-100.00,-9.00,0.00,0.00,35.00,0.00,0,450
145.03,1544433745,1324.50,51.49364755,7.40862383,162.75,14.38,0.00,258.13,0,-105.00,-14.00,0.00,0.00,34.00,0.00,0,76
146.03,1544433746,1338.83,51.49361939,7.40842396,163.00,14.75,0.00,258.11,0,-95.00,-15.00,0.00,0.00,47.00,0.00,0,38
146.03,1544433746,1338.85,51.49361939,7.40842396,163.00,14.75,0.00,258.11,0,-98.00,-19.00,0.00,0.00,47.00,0.00,0,65
146.03,1544433746,1338.86,51.49361939,7.40842396,163.00,14.75,0.00,258.11,0,-96.00,-10.00,0.00,0.00,40.00,0.00,0,450
147.03,1544433747,1353.58,51.49358841,7.40820964,163.20,14.75,0.00,258.07,0,-95.00,-15.00,0.00,0.00,47.00,0.00,0,38
147.03,1544433747,1353.60,51.49358841,7.40820964,163.20,14.75,0.00,258.07,0,-98.00,-19.00,0.00,0.00,47.00,0.00,0,65
147.03,1544433747,1353.61,51.49358841,7.40820964,163.20,14.75,0.00,258.07,0,-96.00,-10.00,0.00,0.00,40.00,0.00,0,450
148.03,1544433748,1368.35,51.49356054,7.40800403,163.40,14.43,0.00,258.36,0,-97.00,-15.00,0.00,0.00,43.00,0.00,0,38
148.03,1544433748,1368.35,51.49356054,7.40800403,163.40,14.43,0.00,258.36,0,-100.00,-17.00,0.00,0.00,43.00,0.00,0,65
148.03,1544433748,1368.36,51.49356054,7.40800403,163.40,14.43,0.00,258.36,0,-92.00,-8.00,0.00,0.00,43.00,0.00,0,450
149.03,1544433749,1382.80,51.49353308,7.40780467,163.89,14.03,0.00,258.05,0,-97.00,-15.00,0.00,0.00,43.00,0.00,0,38
149.03,1544433749,1382.81,51.49353308,7.40780467,163.89,14.03,0.00,258.05,0,-100.00,-17.00,0.00,0.00,43.00,0.00,0,65
149.04,1544433749,1382.84,51.49353308,7.40780467,163.89,14.03,0.00,258.05,0,-92.00,-8.00,0.00,0.00,43.00,0.00,0,450
150.04,1544433750,1396.96,51.49350753,7.40761248,164.27,13.90,0.00,257.89,0,-99.00,-16.00,0.00,0.00,43.00,0.00,0,38
150.04,1544433750,1396.96,51.49350753,7.40761248,164.27,13.90,0.00,257.89,0,-100.00,-17.00,0.00,0.00,43.00,0.00,0,65
150.04,1544433750,1396.98,51.49350753,7.40761248,164.27,13.90,0.00,257.89,0,-92.00,-8.00,0.00,0.00,43.00,0.00,0,450
150.05,1544433750,1396.99,51.49350753,7.40761248,164.27,13.90,0.00,257.89,0,0.00,0.00,0.00,0.00,63.00,0.00,0,149
150.05,1544433750,1396.99,51.49350753,7.40761248,164.27,13.90,0.00,257.89,0,0.00,0.00,0.00,0.00,63.00,0.00,0,382
150.05,1544433750,1397.00,51.49350753,7.40761248,164.27,13.90,0.00,257.89,0,-225.00,-225.00,0.00,0.00,63.00,0.00,0,130
151.03,1544433751,1410.73,51.49348376,7.40742236,164.54,14.00,0.00,258.38,0,-99.00,-16.00,0.00,0.00,43.00,0.00,0,38
151.03,1544433751,1410.74,51.49348376,7.40742236,164.54,14.00,0.00,258.38,0,-100.00,-17.00,0.00,0.00,43.00,0.00,0,65
151.03,1544433751,1410.74,51.49348376,7.40742236,164.54,14.00,0.00,258.38,0,-92.00,-8.00,0.00,0.00,43.00,0.00,0,450
151.04,1544433751,1410.76,51.49348376,7.40742236,164.54,14.00,0.00,258.38,0,0.00,0.00,0.00,0.00,63.00,0.00,0,149
151.04,1544433751,1410.77,51.49348376,7.40742236,164.54,14.00,0.00,258.38,0,0.00,0.00,0.00,0.00,63.00,0.00,0,382
151.04,1544433751,1410.77,51.49348376,7.40742236,164.54,14.00,0.00,258.38,0,-225.00,-225.00,0.00,0.00,63.00,0.00,0,130
152.03,1544433752,1424.73,51.49345755,7.40721181,164.79,14.32,0.00,258.24,0,-98.00,-17.00,0.00,0.00,45.00,0.00,0,38
152.03,1544433752,1424.74,51.49345755,7.40721181,164.79,14.32,0.00,258.24,0,-99.00,-17.00,0.00,0.00,45.00,0.00,0,65
152.04,1544433752,1424.75,51.49345755,7.40721181,164.79,14.32,0.00,258.24,0,-88.00,-10.00,0.00,0.00,49.00,0.00,0,450
152.04,1544433752,1424.77,51.49345755,7.40721181,164.79,14.32,0.00,258.24,0,0.00,0.00,0.00,0.00,63.00,0.00,0,149
152.04,1544433752,1424.77,51.49345755,7.40721181,164.79,14.32,0.00,258.24,0,0.00,0.00,0.00,0.00,63.00,0.00,0,382
153.03,1544433753,1439.04,51.49343004,7.40701504,165.19,14.29,0.00,257.95,0,-98.00,-17.00,0.00,0.00,45.00,0.00,0,38
153.03,1544433753,1439.06,51.49343004,7.40701504,165.19,14.29,0.00,257.95,0,-99.00,-17.00,0.00,0.00,45.00,0.00,0,65
153.04,1544433753,1439.07,51.49343004,7.40701504,165.19,14.29,0.00,257.95,0,-88.00,-10.00,0.00,0.00,49.00,0.00,0,450
153.04,1544433753,1439.09,51.49343004,7.40701504,165.19,14.29,0.00,257.95,0,0.00,0.00,0.00,0.00,63.00,0.00,0,149
153.04,1544433753,1439.09,51.49343004,7.40701504,165.19,14.29,0.00,257.95,0,0.00,0.00,0.00,0.00,63.00,0.00,0,382
154.03,1544433754,1453.32,51.49340479,7.40681766,165.95,13.42,0.00,257.23,0,-97.00,-16.00,0.00,0.00,45.00,0.00,0,38
154.03,1544433754,1453.33,51.49340479,7.40681766,165.95,13.42,0.00,257.23,0,-100.00,-20.00,0.00,0.00,45.00,0.00,0,65
154.03,1544433754,1453.35,51.49340479,7.40681766,165.95,13.42,0.00,257.23,0,-88.00,-7.00,0.00,0.00,47.00,0.00,0,450
154.03,1544433754,1453.35,51.49340479,7.40681766,165.95,13.42,0.00,257.23,0,-225.00,-225.00,0.00,0.00,63.00,0.00,0,130
154.04,1544433754,1453.36,51.49340479,7.40681766,165.95,13.42,0.00,257.23,0,0.00,0.00,0.00,0.00,63.00,0.00,0,149
154.04,1544433754,1453.37,51.49340479,7.40681766,165.95,13.42,0.00,257.23,0,0.00,0.00,0.00,0.00,63.00,0.00,0,382
155.03,1544433755,1466.75,51.49337771,7.40660854,166.95,13.81,0.00,257.85,0,-97.00,-16.00,0.00,0.00,45.00,0.00,0,38
155.03,1544433755,1466.77,51.49337771,7.40660854,166.95,13.81,0.00,257.85,0,-100.00,-20.00,0.00,0.00,45.00,0.00,0,65
155.03,1544433755,1466.77,51.49337771,7.40660854,166.95,13.81,0.00,257.85,0,-88.00,-7.00,0.00,0.00,47.00,0.00,0,450
155.04,1544433755,1466.78,51.49337771,7.40660854,166.95,13.81,0.00,257.85,0,-225.00,-225.00,0.00,0.00,63.00,0.00,0,130
155.04,1544433755,1466.79,51.49337771,7.40660854,166.95,13.81,0.00,257.85,0,0.00,0.00,0.00,0.00,63.00,0.00,0,149
155.04,1544433755,1466.79,51.49337771,7.40660854,166.95,13.81,0.00,257.85,0,0.00,0.00,0.00,0.00,63.00,0.00,0,382
156.04,1544433756,1480.67,51.49335030,7.40640544,167.84,14.09,0.00,258.15,0,-99.00,-18.00,0.00,0.00,45.00,0.00,0,38
156.04,1544433756,1480.69,51.49335030,7.40640544,167.84,14.09,0.00,258.15,0,-89.00,-11.00,0.00,0.00,49.00,0.00,0,450
156.04,1544433756,1480.69,51.49335030,7.40640544,167.84,14.09,0.00,258.15,0,-225.00,-225.00,0.00,0.00,63.00,0.00,0,130
156.04,1544433756,1480.70,51.49335030,7.40640544,167.84,14.09,0.00,258.15,0,0.00,0.00,0.00,0.00,63.00,0.00,0,382
156.04,1544433756,1480.71,51.49335030,7.40640544,167.84,14.09,0.00,258.15,0,0.00,0.00,0.00,0.00,63.00,0.00,0,149
157.03,1544433757,1494.63,51.49332269,7.40620382,168.48,14.37,0.00,257.93,0,-99.00,-18.00,0.00,0.00,45.00,0.00,0,38
157.03,1544433757,1494.63,51.49332269,7.40620382,168.48,14.37,0.00,257.93,0,-89.00,-11.00,0.00,0.00,49.00,0.00,0,450
157.03,1544433757,1494.65,51.49332269,7.40620382,168.48,14.37,0.00,257.93,0,-225.00,-225.00,0.00,0.00,63.00,0.00,0,130
157.03,1544433757,1494.66,51.49332269,7.40620382,168.48,14.37,0.00,257.93,0,0.00,0.00,0.00,0.00,63.00,0.00,0,382
157.03,1544433757,1494.66,51.49332269,7.40620382,168.48,14.37,0.00,257.93,0,0.00,0.00,0.00,0.00,63.00,0.00,0,149
158.03,1544433758,1509.00,51.49329515,7.40599829,168.96,14.34,0.00,257.74,0,-99.00,-18.00,0.00,0.00,45.00,0.00,0,38
158.03,1544433758,1509.02,51.49329515,7.40599829,168.96,14.34,0.00,257.74,0,-89.00,-11.00,0.00,0.00,49.00,0.00,0,450
158.03,1544433758,1509.03,51.49329515,7.40599829,168.96,14.34,0.00,257.74,0,-225.00,-225.00,0.00,0.00,63.00,0.00,0,130
158.03,1544433758,1509.03,51.49329515,7.40599829,168.96,14.34,0.00,257.74,0,0.00,0.00,0.00,0.00,63.00,0.00,0,382
158.04,1544433758,1509.05,51.49329515,7.40599829,168.96,14.34,0.00,257.74,0,0.00,0.00,0.00,0.00,63.00,0.00,0,149
159.03,1544433759,1523.32,51.49326651,7.40579307,169.24,14.38,0.00,257.91,0,-99.00,-20.00,0.00,0.00,47.00,0.00,0,35
159.03,1544433759,1523.33,51.49326651,7.40579307,169.24,14.38,0.00,257.91,0,-84.00,-12.00,0.00,0.00,53.00,0.00,0,450
160.03,1544433760,1537.70,51.49323916,7.40559167,169.32,14.47,0.00,257.78,0,-99.00,-20.00,0.00,0.00,47.00,0.00,0,35
160.03,1544433760,1537.71,51.49323916,7.40559167,169.32,14.47,0.00,257.78,0,-84.00,-12.00,0.00,0.00,53.00,0.00,0,450
161.03,1544433761,1552.19,51.49321640,7.40540184,169.28,14.51,0.00,257.93,0,-96.00,-17.00,0.00,0.00,47.00,0.00,0,35
161.03,1544433761,1552.19,51.49321640,7.40540184,169.28,14.51,0.00,257.93,0,-91.00,-12.00,0.00,0.00,48.00,0.00,0,450
162.04,1544433762,1566.79,51.49319314,7.40520515,169.06,14.65,0.00,257.93,0,-96.00,-17.00,0.00,0.00,47.00,0.00,0,35
162.04,1544433762,1566.80,51.49319314,7.40520515,169.06,14.65,0.00,257.93,0,-91.00,-12.00,0.00,0.00,48.00,0.00,0,450
163.03,1544433763,1581.35,51.49316935,7.40500472,168.67,14.46,0.00,258.12,0,-105.00,-20.00,0.00,0.00,41.00,0.00,0,38
163.03,1544433763,1581.37,51.49316935,7.40500472,168.67,14.46,0.00,258.12,0,-105.00,-20.00,0.00,0.00,40.00,0.00,0,65
163.03,1544433763,1581.37,51.49316935,7.40500472,168.67,14.46,0.00,258.12,0,-94.00,-11.00,0.00,0.00,45.00,0.00,0,450
163.03,1544433763,1581.38,51.49316935,7.40500472,168.67,14.46,0.00,258.12,0,-97.00,-13.00,0.00,0.00,45.00,0.00,0,313
164.03,1544433764,1595.79,51.49314513,7.40480790,168.31,14.19,0.00,258.19,0,-105.00,-20.00,0.00,0.00,41.00,0.00,0,38
164.03,1544433764,1595.81,51.49314513,7.40480790,168.31,14.19,0.00,258.19,0,-105.00,-20.00,0.00,0.00,40.00,0.00,0,65
164.03,1544433764,1595.81,51.49314513,7.40480790,168.31,14.19,0.00,258.19,0,-94.00,-11.00,0.00,0.00,45.00,0.00,0,450
164.03,1544433764,1595.82,51.49314513,7.40480790,168.31,14.19,0.00,258.19,0,-97.00,-13.00,0.00,0.00,45.00,0.00,0,313
165.03,1544433765,1609.98,51.49311947,7.40460815,168.04,14.00,0.00,257.53,0,-105.00,-19.00,0.00,0.00,40.00,0.00,0,38
165.03,1544433765,1610.00,51.49311947,7.40460815,168.04,14.00,0.00,257.53,0,-105.00,-19.00,0.00,0.00,40.00,0.00,0,35
165.03,1544433765,1610.00,51.49311947,7.40460815,168.04,14.00,0.00,257.53,0,-88.00,-11.00,0.00,0.00,50.00,0.00,0,450
166.03,1544433766,1623.98,51.49309336,7.40440857,167.79,13.89,0.00,257.99,0,-105.00,-19.00,0.00,0.00,40.00,0.00,0,38
166.03,1544433766,1623.99,51.49309336,7.40440857,167.79,13.89,0.00,257.99,0,-105.00,-19.00,0.00,0.00,40.00,0.00,0,35
166.03,1544433766,1624.01,51.49309336,7.40440857,167.79,13.89,0.00,257.99,0,-88.00,-11.00,0.00,0.00,50.00,0.00,0,450
167.03,1544433767,1637.88,51.49306653,7.40420963,167.64,13.79,0.00,257.96,0,-104.00,-19.00,0.00,0.00,40.00,0.00,0,436
167.03,1544433767,1637.90,51.49306653,7.40420963,167.64,13.79,0.00,257.96,0,-105.00,-19.00,0.00,0.00,40.00,0.00,0,38
167.03,1544433767,1637.91,51.49306653,7.40420963,167.64,13.79,0.00,257.96,0,-106.00,-20.00,0.00,0.00,40.00,0.00,0,35
167.03,1544433767,1637.91,51.49306653,7.40420963,167.64,13.79,0.00,257.96,0,-90.00,-12.00,0.00,0.00,48.00,0.00,0,450
168.03,1544433768,1651.68,51.49304027,7.40401260,167.43,13.55,0.00,258.55,0,-104.00,-19.00,0.00,0.00,40.00,0.00,0,436
168.03,1544433768,1651.68,51.49304027,7.40401260,167.43,13.55,0.00,258.55,0,-105.00,-19.00,0.00,0.00,40.00,0.00,0,38
168.03,1544433768,1651.70,51.49304027,7.40401260,167.43,13.55,0.00,258.55,0,-106.00,-20.00,0.00,0.00,40.00,0.00,0,35
168.03,1544433768,1651.71,51.49304027,7.40401260,167.43,13.55,0.00,258.55,0,-90.00,-12.00,0.00,0.00,48.00,0.00,0,450
169.03,1544433769,1665.22,51.49301986,7.40382570,167.17,13.36,0.00,259.73,0,-105.00,-18.00,0.00,0.00,38.00,0.00,0,35
169.03,1544433769,1665.23,51.49301986,7.40382570,167.17,13.36,0.00,259.73,0,-105.00,-19.00,0.00,0.00,39.00,0.00,0,436
169.03,1544433769,1665.25,51.49301986,7.40382570,167.17,13.36,0.00,259.73,0,-106.00,-19.00,0.00,0.00,39.00,0.00,0,38
169.03,1544433769,1665.26,51.49301986,7.40382570,167.17,13.36,0.00,259.73,0,-92.00,-10.00,0.00,0.00,45.00,0.00,0,450
169.03,1544433769,1665.26,51.49301986,7.40382570,167.17,13.36,0.00,259.73,0,0.00,0.00,0.00,0.00,63.00,0.00,0,130
170.03,1544433770,1678.59,51.49300434,7.40363860,166.85,13.36,0.00,261.48,0,-105.00,-18.00,0.00,0.00,38.00,0.00,0,35
170.03,1544433770,1678.59,51.49300434,7.40363860,166.85,13.36,0.00,261.48,0,-105.00,-19.00,0.00,0.00,39.00,0.00,0,436
170.03,1544433770,1678.61,51.49300434,7.40363860,166.85,13.36,0.00,261.48,0,-106.00,-19.00,0.00,0.00,39.00,0.00,0,38
170.03,1544433770,1678.62,51.49300434,7.40363860,166.85,13.36,0.00,261.48,0,-92.00,-10.00,0.00,0.00,45.00,0.00,0,450
170.04,1544433770,1678.63,51.49300434,7.40363860,166.85,13.36,0.00,261.48,0,0.00,0.00,0.00,0.00,63.00,0.00,0,130
171.03,1544433771,1691.95,51.49299116,7.40344069,166.51,13.60,0.00,263.03,0,-98.00,-15.00,0.00,0.00,43.00,0.00,0,35
171.03,1544433771,1691.97,51.49299116,7.40344069,166.51,13.60,0.00,263.03,0,-100.00,-18.00,0.00,0.00,44.00,0.00,0,398
171.03,1544433771,1691.98,51.49299116,7.40344069,166.51,13.60,0.00,263.03,0,-93.00,-10.00,0.00,0.00,44.00,0.00,0,450
171.03,1544433771,1691.98,51.49299116,7.40344069,166.51,13.60,0.00,263.03,0,0.00,0.00,0.00,0.00,63.00,0.00,0,130
172.03,1544433772,1705.54,51.49298149,7.40325133,166.08,14.03,0.00,264.60,0,-98.00,-15.00,0.00,0.00,43.00,0.00,0,35
172.03,1544433772,1705.54,51.49298149,7.40325133,166.08,14.03,0.00,264.60,0,-100.00,-18.00,0.00,0.00,44.00,0.00,0,398
172.03,1544433772,1705.55,51.49298149,7.40325133,166.08,14.03,0.00,264.60,0,-93.00,-10.00,0.00,0.00,44.00,0.00,0,450
172.03,1544433772,1705.56,51.49298149,7.40325133,166.08,14.03,0.00,264.60,0,0.00,0.00,0.00,0.00,63.00,0.00,0,130
173.03,1544433773,1719.59,51.49297551,7.40304478,165.63,14.26,0.00,266.03,0,-100.00,-13.00,0.00,0.00,40.00,0.00,0,35
173.03,1544433773,1719.60,51.49297551,7.40304478,165.63,14.26,0.00,266.03,0,-100.00,-14.00,0.00,0.00,40.00,0.00,0,398
173.03,1544433773,1719.61,51.49297551,7.40304478,165.63,14.26,0.00,266.03,0,-105.00,-19.00,0.00,0.00,40.00,0.00,0,38
173.03,1544433773,1719.61,51.49297551,7.40304478,165.63,14.26,0.00,266.03,0,-92.00,-8.00,0.00,0.00,42.00,0.00,0,450
173.04,1544433773,1719.63,51.49297551,7.40304478,165.63,14.26,0.00,266.03,0,0.00,0.00,0.00,0.00,63.00,0.00,0,130
174.03,1544433774,1733.86,51.49297274,7.40283353,165.33,14.26,0.00,267.20,0,-100.00,-13.00,0.00,0.00,40.00,0.00,0,35
174.03,1544433774,1733.86,51.49297274,7.40283353,165.33,14.26,0.00,267.20,0,-100.00,-14.00,0.00,0.00,40.00,0.00,0,398
174.03,1544433774,1733.87,51.49297274,7.40283353,165.33,14.26,0.00,267.20,0,-105.00,-19.00,0.00,0.00,40.00,0.00,0,38
174.04,1544433774,1733.88,51.49297274,7.40283353,165.33,14.26,0.00,267.20,0,-92.00,-8.00,0.00,0.00,42.00,0.00,0,450
174.04,1544433774,1733.88,51.49297274,7.40283353,165.33,14.26,0.00,267.20,0,0.00,0.00,0.00,0.00,63.00,0.00,0,130
175.03,1544433775,1748.07,51.49297238,7.40262942,165.35,13.74,0.00,268.39,0,-103.00,-18.00,0.00,0.00,42.00,0.00,0,398
175.03,1544433775,1748.08,51.49297238,7.40262942,165.35,13.74,0.00,268.39,0,-103.00,-20.00,0.00,0.00,43.00,0.00,0,38
176.03,1544433776,1761.84,51.49297513,7.40243732,165.54,12.40,0.00,269.45,0,-103.00,-18.00,0.00,0.00,42.00,0.00,0,398
176.03,1544433776,1761.84,51.49297513,7.40243732,165.54,12.40,0.00,269.45,0,-103.00,-20.00,0.00,0.00,43.00,0.00,0,38
177.03,1544433777,1774.23,51.49297939,7.40229799,165.24,9.23,0.00,269.95,0,-97.00,-17.00,0.00,0.00,46.00,0.00,0,34
177.03,1544433777,1774.24,51.49297939,7.40229799,165.24,9.23,0.00,269.95,0,-99.00,-20.00,0.00,0.00,47.00,0.00,0,38
177.03,1544433777,1774.25,51.49297939,7.40229799,165.24,9.23,0.00,269.95,0,-91.00,-8.00,0.00,0.00,44.00,0.00,0,450
178.03,1544433778,1783.46,51.49298310,7.40218857,164.86,5.67,0.00,270.06,0,-97.00,-17.00,0.00,0.00,46.00,0.00,0,34
178.03,1544433778,1783.46,51.49298310,7.40218857,164.86,5.67,0.00,270.06,0,-99.00,-20.00,0.00,0.00,47.00,0.00,0,38
178.03,1544433778,1783.47,51.49298310,7.40218857,164.86,5.67,0.00,270.06,0,-91.00,-8.00,0.00,0.00,44.00,0.00,0,450
179.04,1544433779,1789.16,51.49299004,7.40209947,164.83,3.29,0.00,270.69,0,-96.00,-18.00,0.00,0.00,48.00,0.00,0,34
180.03,1544433780,1792.41,51.49299442,7.40207153,164.80,1.45,0.00,270.29,0,-96.00,-18.00,0.00,0.00,48.00,0.00,0,34
181.03,1544433781,1793.86,51.49299442,7.40207153,164.79,0.00,0.00,270.29,0,-96.00,-18.00,0.00,0.00,48.00,0.00,0,34
182.03,1544433782,1793.86,51.49299442,7.40207153,164.79,0.00,0.00,270.29,0,-96.00,-19.00,0.00,0.00,50.00,0.00,0,34
182.03,1544433782,1793.86,51.49299442,7.40207153,164.79,0.00,0.00,270.29,0,-96.00,-19.00,0.00,0.00,50.00,0.00,0,38
183.03,1544433783,1793.86,51.49299442,7.40207153,164.79,0.00,0.00,270.29,0,-96.00,-19.00,0.00,0.00,50.00,0.00,0,34
183.03,1544433783,1793.86,51.49299442,7.40207153,164.79,0.00,0.00,270.29,0,-96.00,-19.00,0.00,0.00,50.00,0.00,0,38
186.03,1544433786,1793.86,51.49299442,7.40207153,164.79,0.00,0.00,270.29,0,-95.00,-19.00,0.00,0.00,51.00,0.00,0,34
187.03,1544433787,1793.86,51.49299442,7.40207153,164.79,0.00,0.00,270.29,0,-95.00,-19.00,0.00,0.00,51.00,0.00,0,34
188.03,1544433788,1793.86,51.49299442,7.40207153,164.80,0.00,0.00,270.29,0,-94.00,-19.00,0.00,0.00,51.00,0.00,0,34
188.03,1544433788,1793.86,51.49299442,7.40207153,164.80,0.00,0.00,270.29,0,-93.00,-7.00,0.00,0.00,40.00,0.00,0,450
189.03,1544433789,1793.86,51.49299442,7.40207153,164.81,0.00,0.00,270.29,0,-94.00,-19.00,0.00,0.00,51.00,0.00,0,34
189.03,1544433789,1793.86,51.49299442,7.40207153,164.81,0.00,0.00,270.29,0,-93.00,-7.00,0.00,0.00,40.00,0.00,0,450
190.03,1544433790,1793.86,51.49299442,7.40207153,164.82,0.00,0.00,270.29,0,-96.00,-19.00,0.00,0.00,50.00,0.00,0,34
191.03,1544433791,1793.86,51.49299442,7.40207153,164.83,0.00,0.00,270.29,0,-96.00,-19.00,0.00,0.00,50.00,0.00,0,34
192.04,1544433792,1793.86,51.49299442,7.40207153,164.85,0.00,0.00,270.29,0,-94.00,-20.00,0.00,0.00,51.00,0.00,0,34
193.03,1544433793,1793.86,51.49299442,7.40207153,164.86,0.00,0.00,270.29,0,-94.00,-20.00,0.00,0.00,51.00,0.00,0,34
194.03,1544433794,1793.86,51.49299442,7.40207153,164.87,0.00,0.00,270.29,0,-96.00,-19.00,0.00,0.00,50.00,0.00,0,34
195.03,1544433795,1793.86,51.49299442,7.40207153,164.88,0.00,0.00,270.29,0,-96.00,-19.00,0.00,0.00,50.00,0.00,0,34
196.03,1544433796,1793.86,51.49299442,7.40207153,164.89,0.00,0.00,270.29,0,-92.00,-11.00,0.00,0.00,44.00,0.00,0,450
197.03,1544433797,1793.86,51.49299442,7.40207153,164.90,0.00,0.00,270.29,0,-92.00,-11.00,0.00,0.00,44.00,0.00,0,450
203.03,1544433803,1793.86,51.49299442,7.40207153,165.01,0.00,0.00,270.29,0,-96.00,-18.00,0.00,0.00,49.00,0.00,0,34
204.03,1544433804,1793.86,51.49299442,7.40207153,165.02,0.00,0.00,270.29,0,-96.00,-18.00,0.00,0.00,49.00,0.00,0,34
205.03,1544433805,1793.86,51.49299442,7.40207153,165.04,0.00,0.00,270.29,0,-97.00,-19.00,0.00,0.00,49.00,0.00,0,34
206.03,1544433806,1793.86,51.49299442,7.40207153,165.05,0.00,0.00,270.29,0,-97.00,-19.00,0.00,0.00,49.00,0.00,0,34
207.03,1544433807,1793.86,51.49299442,7.40207153,165.15,0.00,0.00,270.29,0,-95.00,-19.00,0.00,0.00,50.00,0.00,0,34
207.03,1544433807,1793.86,51.49299442,7.40207153,165.15,0.00,0.00,270.29,0,-93.00,-7.00,0.00,0.00,41.00,0.00,0,450
207.03,1544433807,1793.86,51.49299442,7.40207153,165.15,0.00,0.00,270.29,0,-100.00,-18.00,0.00,0.00,43.00,0.00,0,23
208.03,1544433808,1793.86,51.49299442,7.40207153,165.22,0.00,0.00,267.92,0,-95.00,-19.00,0.00,0.00,50.00,0.00,0,34
208.03,1544433808,1793.86,51.49299442,7.40207153,165.22,0.00,0.00,267.92,0,-93.00,-7.00,0.00,0.00,41.00,0.00,0,450
208.03,1544433808,1793.86,51.49299442,7.40207153,165.22,0.00,0.00,267.92,0,-100.00,-18.00,0.00,0.00,43.00,0.00,0,23
209.03,1544433809,1793.86,51.49300184,7.40195395,165.62,0.00,0.00,268.49,0,-97.00,-17.00,0.00,0.00,46.00,0.00,0,34
210.03,1544433810,1793.87,51.49298696,7.40185290,166.26,5.40,0.00,252.56,0,-97.00,-17.00,0.00,0.00,46.00,0.00,0,34
211.03,1544433811,1799.27,51.49295571,7.40179535,166.88,5.44,0.00,226.13,0,-95.00,-18.00,0.00,0.00,49.00,0.00,0,38
211.03,1544433811,1799.27,51.49295571,7.40179535,166.88,5.44,0.00,226.13,0,-96.00,-18.00,0.00,0.00,49.00,0.00,0,34
212.03,1544433812,1804.72,51.49290268,7.40176954,167.35,7.55,0.00,195.98,0,-95.00,-18.00,0.00,0.00,49.00,0.00,0,38
212.03,1544433812,1804.73,51.49290268,7.40176954,167.35,7.55,0.00,195.98,0,-96.00,-18.00,0.00,0.00,49.00,0.00,0,34
213.03,1544433813,1812.26,51.49284073,7.40176406,167.48,7.90,0.00,183.35,0,-97.00,-18.00,0.00,0.00,47.00,0.00,0,34
213.03,1544433813,1812.27,51.49284073,7.40176406,167.48,7.90,0.00,183.35,0,-97.00,-20.00,0.00,0.00,48.00,0.00,0,436
214.03,1544433814,1820.14,51.49276805,7.40175816,167.41,8.52,0.00,182.50,0,-97.00,-18.00,0.00,0.00,47.00,0.00,0,34
214.03,1544433814,1820.15,51.49276805,7.40175816,167.41,8.52,0.00,182.50,0,-97.00,-20.00,0.00,0.00,48.00,0.00,0,436
215.03,1544433815,1828.68,51.49269839,7.40175486,167.58,9.52,0.00,181.99,0,-98.00,-17.00,0.00,0.00,44.00,0.00,0,34
215.03,1544433815,1828.69,51.49269839,7.40175486,167.58,9.52,0.00,181.99,0,-100.00,-18.00,0.00,0.00,45.00,0.00,0,38
215.03,1544433815,1828.70,51.49269839,7.40175486,167.58,9.52,0.00,181.99,0,-101.00,-19.00,0.00,0.00,45.00,0.00,0,316
216.03,1544433816,1838.21,51.49260780,7.40174815,167.68,10.92,0.00,181.58,0,-98.00,-17.00,0.00,0.00,44.00,0.00,0,34
216.03,1544433816,1838.22,51.49260780,7.40174815,167.68,10.92,0.00,181.58,0,-100.00,-18.00,0.00,0.00,45.00,0.00,0,38
216.03,1544433816,1838.23,51.49260780,7.40174815,167.68,10.92,0.00,181.58,0,-101.00,-19.00,0.00,0.00,45.00,0.00,0,316
217.03,1544433817,1849.12,51.49250775,7.40174179,167.64,12.01,0.00,181.19,0,-100.00,-17.00,0.00,0.00,44.00,0.00,0,34
217.03,1544433817,1849.14,51.49250775,7.40174179,167.64,12.01,0.00,181.19,0,-100.00,-18.00,0.00,0.00,44.00,0.00,0,38
217.03,1544433817,1849.14,51.49250775,7.40174179,167.64,12.01,0.00,181.19,0,-90.00,-7.00,0.00,0.00,44.00,0.00,0,450
218.03,1544433818,1861.15,51.49239015,7.40174244,167.83,12.95,0.00,180.19,0,-100.00,-17.00,0.00,0.00,44.00,0.00,0,34
218.03,1544433818,1861.16,51.49239015,7.40174244,167.83,12.95,0.00,180.19,0,-100.00,-18.00,0.00,0.00,44.00,0.00,0,38
218.03,1544433818,1861.17,51.49239015,7.40174244,167.83,12.95,0.00,180.19,0,-90.00,-7.00,0.00,0.00,44.00,0.00,0,450
219.03,1544433819,1874.09,51.49227431,7.40174351,167.99,13.09,0.00,180.51,0,-101.00,-18.00,0.00,0.00,42.00,0.00,0,34
219.03,1544433819,1874.10,51.49227431,7.40174351,167.99,13.09,0.00,180.51,0,-102.00,-19.00,0.00,0.00,42.00,0.00,0,38
220.03,1544433820,1887.18,51.49216191,7.40174595,168.17,12.42,0.00,179.69,0,-101.00,-18.00,0.00,0.00,42.00,0.00,0,34
220.03,1544433820,1887.19,51.49216191,7.40174595,168.17,12.42,0.00,179.69,0,-102.00,-19.00,0.00,0.00,42.00,0.00,0,38
221.04,1544433821,1899.71,51.49205395,7.40174905,168.20,12.36,0.00,179.53,0,-103.00,-17.00,0.00,0.00,39.00,0.00,0,38
221.04,1544433821,1899.72,51.49205395,7.40174905,168.20,12.36,0.00,179.53,0,-104.00,-19.00,0.00,0.00,40.00,0.00,0,436
221.04,1544433821,1899.74,51.49205395,7.40174905,168.20,12.36,0.00,179.53,0,-106.00,-20.00,0.00,0.00,39.00,0.00,0,34
222.03,1544433822,1911.96,51.49193740,7.40174796,168.48,12.81,0.00,180.47,0,-103.00,-17.00,0.00,0.00,39.00,0.00,0,38
222.03,1544433822,1911.96,51.49193740,7.40174796,168.48,12.81,0.00,180.47,0,-104.00,-19.00,0.00,0.00,40.00,0.00,0,436
222.03,1544433822,1911.98,51.49193740,7.40174796,168.48,12.81,0.00,180.47,0,-106.00,-20.00,0.00,0.00,39.00,0.00,0,34
223.03,1544433823,1924.77,51.49182270,7.40174616,168.61,13.16,0.00,180.41,0,-103.00,-17.00,0.00,0.00,39.00,0.00,0,38
223.03,1544433823,1924.79,51.49182270,7.40174616,168.61,13.16,0.00,180.41,0,-104.00,-19.00,0.00,0.00,40.00,0.00,0,436
223.03,1544433823,1924.80,51.49182270,7.40174616,168.61,13.16,0.00,180.41,0,-106.00,-20.00,0.00,0.00,39.00,0.00,0,34
224.03,1544433824,1937.91,51.49169923,7.40173799,168.94,13.85,0.00,181.05,0,-104.00,-16.00,0.00,0.00,38.00,0.00,0,38
224.03,1544433824,1937.93,51.49169923,7.40173799,168.94,13.85,0.00,181.05,0,-107.00,-19.00,0.00,0.00,38.00,0.00,0,316
225.03,1544433825,1951.76,51.49156834,7.40172992,169.61,14.10,0.00,180.92,0,-104.00,-16.00,0.00,0.00,38.00,0.00,0,38
225.03,1544433825,1951.78,51.49156834,7.40172992,169.61,14.10,0.00,180.92,0,-107.00,-19.00,0.00,0.00,38.00,0.00,0,316
226.03,1544433826,1965.88,51.49143836,7.40172657,170.43,14.05,0.00,180.76,0,-106.00,-17.00,0.00,0.00,37.00,0.00,0,38
226.03,1544433826,1965.88,51.49143836,7.40172657,170.43,14.05,0.00,180.76,0,-106.00,-18.00,0.00,0.00,37.00,0.00,0,34
226.03,1544433826,1965.89,51.49143836,7.40172657,170.43,14.05,0.00,180.76,0,-90.00,-8.00,0.00,0.00,45.00,0.00,0,450
227.03,1544433827,1979.93,51.49131640,7.40171867,171.14,14.12,0.00,181.29,0,-106.00,-17.00,0.00,0.00,37.00,0.00,0,38
227.03,1544433827,1979.94,51.49131640,7.40171867,171.14,14.12,0.00,181.29,0,-106.00,-18.00,0.00,0.00,37.00,0.00,0,34
227.03,1544433827,1979.96,51.49131640,7.40171867,171.14,14.12,0.00,181.29,0,-90.00,-8.00,0.00,0.00,45.00,0.00,0,450
228.03,1544433828,1994.07,51.49118992,7.40171511,171.71,14.28,0.00,180.46,0,-102.00,-16.00,0.00,0.00,40.00,0.00,0,38
228.03,1544433828,1994.08,51.49118992,7.40171511,171.71,14.28,0.00,180.46,0,-104.00,-19.00,0.00,0.00,40.00,0.00,0,34
228.03,1544433828,1994.08,51.49118992,7.40171511,171.71,14.28,0.00,180.46,0,-87.00,-9.00,0.00,0.00,48.00,0.00,0,450
228.03,1544433828,1994.10,51.49118992,7.40171511,171.71,14.28,0.00,180.46,0,0.00,0.00,0.00,0.00,63.00,0.00,0,130
229.03,1544433829,2008.35,51.49105026,7.40171494,172.22,14.56,0.00,180.14,0,-102.00,-16.00,0.00,0.00,40.00,0.00,0,38
229.03,1544433829,2008.35,51.49105026,7.40171494,172.22,14.56,0.00,180.14,0,-104.00,-19.00,0.00,0.00,40.00,0.00,0,34
229.03,1544433829,2008.36,51.49105026,7.40171494,172.22,14.56,0.00,180.14,0,-87.00,-9.00,0.00,0.00,48.00,0.00,0,450
229.03,1544433829,2008.38,51.49105026,7.40171494,172.22,14.56,0.00,180.14,0,0.00,0.00,0.00,0.00,63.00,0.00,0,130
230.03,1544433830,2022.90,51.49091406,7.40171453,172.36,14.71,0.00,180.30,0,-102.00,-16.00,0.00,0.00,40.00,0.00,0,38
230.03,1544433830,2022.91,51.49091406,7.40171453,172.36,14.71,0.00,180.30,0,-105.00,-19.00,0.00,0.00,40.00,0.00,0,34
230.03,1544433830,2022.93,51.49091406,7.40171453,172.36,14.71,0.00,180.30,0,0.00,0.00,0.00,0.00,63.00,0.00,0,130
231.03,1544433831,2037.62,51.49077747,7.40171455,172.68,14.58,0.00,180.80,0,-102.00,-16.00,0.00,0.00,40.00,0.00,0,38
231.03,1544433831,2037.62,51.49077747,7.40171455,172.68,14.58,0.00,180.80,0,-105.00,-19.00,0.00,0.00,40.00,0.00,0,34
231.03,1544433831,2037.64,51.49077747,7.40171455,172.68,14.58,0.00,180.80,0,0.00,0.00,0.00,0.00,63.00,0.00,0,130
232.03,1544433832,2052.17,51.49064941,7.40171563,173.23,14.46,0.00,180.49,0,-106.00,-17.00,0.00,0.00,36.00,0.00,0,38
232.03,1544433832,2052.19,51.49064941,7.40171563,173.23,14.46,0.00,180.49,0,-109.00,-19.00,0.00,0.00,35.00,0.00,0,34
232.03,1544433832,2052.20,51.49064941,7.40171563,173.23,14.46,0.00,180.49,0,0.00,0.00,0.00,0.00,63.00,0.00,0,130
233.03,1544433833,2066.66,51.49051508,7.40171559,174.21,14.70,0.00,179.73,0,-106.00,-17.00,0.00,0.00,36.00,0.00,0,38
233.03,1544433833,2066.68,51.49051508,7.40171559,174.21,14.70,0.00,179.73,0,-109.00,-19.00,0.00,0.00,35.00,0.00,0,34
233.03,1544433833,2066.68,51.49051508,7.40171559,174.21,14.70,0.00,179.73,0,0.00,0.00,0.00,0.00,63.00,0.00,0,130
234.03,1544433834,2081.34,51.49038221,7.40171657,175.31,14.29,0.00,179.81,0,-103.00,-16.00,0.00,0.00,38.00,0.00,0,52
234.03,1544433834,2081.36,51.49038221,7.40171657,175.31,14.29,0.00,179.81,0,-107.00,-19.00,0.00,0.00,38.00,0.00,0,38
234.03,1544433834,2081.37,51.49038221,7.40171657,175.31,14.29,0.00,179.81,0,0.00,0.00,0.00,0.00,63.00,0.00,0,130
234.03,1544433834,2081.37,51.49038221,7.40171657,175.31,14.29,0.00,179.81,0,-225.00,-225.00,0.00,0.00,63.00,0.00,0,149
235.03,1544433835,2095.65,51.49026025,7.40171256,176.20,13.80,0.00,179.52,0,-103.00,-16.00,0.00,0.00,38.00,0.00,0,52
235.03,1544433835,2095.65,51.49026025,7.40171256,176.20,13.80,0.00,179.52,0,-107.00,-19.00,0.00,0.00,38.00,0.00,0,38
235.03,1544433835,2095.67,51.49026025,7.40171256,176.20,13.80,0.00,179.52,0,0.00,0.00,0.00,0.00,63.00,0.00,0,130
235.03,1544433835,2095.68,51.49026025,7.40171256,176.20,13.80,0.00,179.52,0,-225.00,-225.00,0.00,0.00,63.00,0.00,0,149
236.03,1544433836,2109.46,51.49013970,7.40171181,177.19,13.21,0.00,178.91,0,-106.00,-18.00,0.00,0.00,37.00,0.00,0,38
236.03,1544433836,2109.47,51.49013970,7.40171181,177.19,13.21,0.00,178.91,0,-107.00,-18.00,0.00,0.00,37.00,0.00,0,35
236.03,1544433836,2109.47,51.49013970,7.40171181,177.19,13.21,0.00,178.91,0,-108.00,-18.00,0.00,0.00,37.00,0.00,0,52
236.03,1544433836,2109.48,51.49013970,7.40171181,177.19,13.21,0.00,178.91,0,-90.00,-10.00,0.00,0.00,47.00,0.00,0,450
236.04,1544433836,2109.49,51.49013970,7.40171181,177.19,13.21,0.00,178.91,0,-93.00,-13.00,0.00,0.00,47.00,0.00,0,451
237.03,1544433837,2122.65,51.49002193,7.40171494,177.97,12.37,0.00,179.65,0,-106.00,-18.00,0.00,0.00,37.00,0.00,0,38
237.03,1544433837,2122.66,51.49002193,7.40171494,177.97,12.37,0.00,179.65,0,-107.00,-18.00,0.00,0.00,37.00,0.00,0,35
237.03,1544433837,2122.66,51.49002193,7.40171494,177.97,12.37,0.00,179.65,0,-108.00,-18.00,0.00,0.00,37.00,0.00,0,52
237.03,1544433837,2122.67,51.49002193,7.40171494,177.97,12.37,0.00,179.65,0,-90.00,-10.00,0.00,0.00,47.00,0.00,0,450
237.03,1544433837,2122.68,51.49002193,7.40171494,177.97,12.37,0.00,179.65,0,-93.00,-13.00,0.00,0.00,47.00,0.00,0,451
314.35,1544433915,2824.94,51.49010168,7.41088101,170.53,13.14,0.00,76.72,0,-104.00,-18.00,0.00,0.00,39.00,0.00,0,274
314.35,1544433915,2824.96,51.49010168,7.41088101,170.53,13.14,0.00,76.72,0,-96.00,-12.00,0.00,0.00,44.00,0.00,0,452
314.35,1544433915,2824.96,51.49010168,7.41088101,170.53,13.14,0.00,76.72,0,-96.00,-13.00,0.00,0.00,44.00,0.00,0,450
315.35,1544433916,2838.08,51.49012992,7.41107693,169.95,13.05,0.00,76.00,0,-104.00,-18.00,0.00,0.00,39.00,0.00,0,274
315.35,1544433916,2838.09,51.49012992,7.41107693,169.95,13.05,0.00,76.00,0,-96.00,-12.00,0.00,0.00,44.00,0.00,0,452
315.35,1544433916,2838.09,51.49012992,7.41107693,169.95,13.05,0.00,76.00,0,-96.00,-13.00,0.00,0.00,44.00,0.00,0,450
316.34,1544433917,2851.12,51.49015985,7.41127064,169.28,12.72,0.00,76.91,0,-104.00,-16.00,0.00,0.00,38.00,0.00,0,274
316.35,1544433917,2851.13,51.49015985,7.41127064,169.28,12.72,0.00,76.91,0,-96.00,-14.00,0.00,0.00,43.00,0.00,0,450
316.35,1544433917,2851.15,51.49015985,7.41127064,169.28,12.72,0.00,76.91,0,-96.00,-12.00,0.00,0.00,43.00,0.00,0,452
317.35,1544433918,2863.85,51.49018952,7.41145663,168.80,12.65,0.00,77.65,0,-104.00,-16.00,0.00,0.00,38.00,0.00,0,274
317.35,1544433918,2863.86,51.49018952,7.41145663,168.80,12.65,0.00,77.65,0,-96.00,-14.00,0.00,0.00,43.00,0.00,0,450
317.35,1544433918,2863.86,51.49018952,7.41145663,168.80,12.65,0.00,77.65,0,-96.00,-12.00,0.00,0.00,43.00,0.00,0,452
