0.01,1544518150,0.01,51.49015678,7.41111956,168.75,11.87,0.00,77.54,0,-113.00,-12.00,0.00,0.00,18.00,0.00,0,38
0.01,1544518150,0.02,51.49015678,7.41111956,168.75,11.87,0.00,77.54,0,-115.00,-15.00,0.00,0.00,18.00,0.00,0,385
1.02,1544518151,11.91,51.49018005,7.41128404,168.12,11.78,0.00,76.87,0,-113.00,-12.00,0.00,0.00,18.00,0.00,0,38
1.02,1544518151,11.92,51.49018005,7.41128404,168.12,11.78,0.00,76.87,0,-115.00,-15.00,0.00,0.00,18.00,0.00,0,385
6.01,1544518156,71.52,51.49029470,7.41214541,164.69,13.00,0.00,77.84,0,-115.00,-15.00,0.00,0.00,20.00,0.00,0,347
6.01,1544518156,71.52,51.49029470,7.41214541,164.69,13.00,0.00,77.84,0,-107.00,-11.00,0.00,0.00,23.00,0.00,0,385
7.01,1544518157,84.52,51.49032063,7.41233944,163.83,13.05,0.00,78.72,0,-115.00,-15.00,0.00,0.00,20.00,0.00,0,347
7.01,1544518157,84.52,51.49032063,7.41233944,163.83,13.05,0.00,78.72,0,-107.00,-11.00,0.00,0.00,23.00,0.00,0,385
8.02,1544518158,97.61,51.49034556,7.41252299,163.62,13.51,0.00,78.65,0,-118.00,-16.00,0.00,0.00,17.00,0.00,0,347
9.01,1544518159,111.08,51.49037234,7.41271284,163.67,13.83,0.00,78.66,0,-118.00,-16.00,0.00,0.00,17.00,0.00,0,347
10.01,1544518160,124.91,51.49040863,7.41293829,163.37,13.99,0.00,78.11,0,-118.00,-17.00,0.00,0.00,18.00,0.00,0,347
11.01,1544518161,138.91,51.49044215,7.41316969,163.35,13.92,0.00,78.10,0,-118.00,-17.00,0.00,0.00,18.00,0.00,0,347
15.02,1544518165,193.92,51.49054780,7.41391973,164.25,13.58,0.00,78.70,0,-119.00,-16.00,0.00,0.00,16.00,0.00,0,356
15.02,1544518165,193.92,51.49054780,7.41391973,164.25,13.58,0.00,78.70,0,-120.00,-17.00,0.00,0.00,16.00,0.00,0,347
16.01,1544518166,207.44,51.49057372,7.41409188,163.97,13.42,0.00,78.32,0,-119.00,-16.00,0.00,0.00,16.00,0.00,0,356
16.01,1544518166,207.44,51.49057372,7.41409188,163.97,13.42,0.00,78.32,0,-120.00,-17.00,0.00,0.00,16.00,0.00,0,347
17.02,1544518167,220.96,51.49059786,7.41427344,163.33,13.42,0.00,78.08,0,-121.00,-18.00,0.00,0.00,17.00,0.00,0,347
17.02,1544518167,220.97,51.49059786,7.41427344,163.33,13.42,0.00,78.08,0,-123.00,-19.00,0.00,0.00,17.00,0.00,0,356
17.02,1544518167,220.98,51.49059786,7.41427344,163.33,13.42,0.00,78.08,0,-111.00,-13.00,0.00,0.00,22.00,0.00,0,200
17.02,1544518167,220.98,51.49059786,7.41427344,163.33,13.42,0.00,78.08,0,-114.00,-16.00,0.00,0.00,22.00,0.00,0,199
17.02,1544518167,221.00,51.49059786,7.41427344,163.33,13.42,0.00,78.08,0,-115.00,-10.00,0.00,0.00,13.00,0.00,0,337
17.03,1544518167,221.01,51.49059786,7.41427344,163.33,13.42,0.00,78.08,0,-121.00,-15.00,0.00,0.00,13.00,0.00,0,338
17.03,1544518167,221.01,51.49059786,7.41427344,163.33,13.42,0.00,78.08,0,0.00,0.00,0.00,0.00,63.00,0.00,0,271
18.02,1544518168,234.32,51.49061979,7.41444990,162.53,13.36,0.00,78.83,0,-121.00,-18.00,0.00,0.00,17.00,0.00,0,347
18.02,1544518168,234.32,51.49061979,7.41444990,162.53,13.36,0.00,78.83,0,-123.00,-19.00,0.00,0.00,17.00,0.00,0,356
18.02,1544518168,234.34,51.49061979,7.41444990,162.53,13.36,0.00,78.83,0,-111.00,-13.00,0.00,0.00,22.00,0.00,0,200
18.02,1544518168,234.34,51.49061979,7.41444990,162.53,13.36,0.00,78.83,0,-114.00,-16.00,0.00,0.00,22.00,0.00,0,199
18.02,1544518168,234.35,51.49061979,7.41444990,162.53,13.36,0.00,78.83,0,-115.00,-10.00,0.00,0.00,13.00,0.00,0,337
18.02,1544518168,234.35,51.49061979,7.41444990,162.53,13.36,0.00,78.83,0,-121.00,-15.00,0.00,0.00,13.00,0.00,0,338
18.02,1544518168,234.36,51.49061979,7.41444990,162.53,13.36,0.00,78.83,0,0.00,0.00,0.00,0.00,63.00,0.00,0,271
19.02,1544518169,247.66,51.49064357,7.41464255,161.65,13.30,0.00,79.21,0,-114.00,-17.00,0.00,0.00,22.00,0.00,0,137
19.02,1544518169,247.67,51.49064357,7.41464255,161.65,13.30,0.00,79.21,0,-115.00,-19.00,0.00,0.00,23.00,0.00,0,410
20.02,1544518170,260.98,51.49066626,7.41483122,160.88,13.46,0.00,80.13,0,-114.00,-17.00,0.00,0.00,22.00,0.00,0,137
20.02,1544518170,260.99,51.49066626,7.41483122,160.88,13.46,0.00,80.13,0,-115.00,-19.00,0.00,0.00,23.00,0.00,0,410
21.02,1544518171,274.48,51.49068423,7.41501965,159.92,13.43,0.00,80.85,0,-112.00,-19.00,0.00,0.00,26.00,0.00,0,137
21.02,1544518171,274.49,51.49068423,7.41501965,159.92,13.43,0.00,80.85,0,-113.00,-19.00,0.00,0.00,26.00,0.00,0,200
21.02,1544518171,274.49,51.49068423,7.41501965,159.92,13.43,0.00,80.85,0,-123.00,-13.00,0.00,0.00,10.00,0.00,0,494
21.02,1544518171,274.51,51.49068423,7.41501965,159.92,13.43,0.00,80.85,0,-123.00,-14.00,0.00,0.00,10.00,0.00,0,337
21.02,1544518171,274.52,51.49068423,7.41501965,159.92,13.43,0.00,80.85,0,-126.00,-16.00,0.00,0.00,10.00,0.00,0,293
22.02,1544518172,287.93,51.49070016,7.41519325,159.17,13.23,0.00,81.78,0,-112.00,-19.00,0.00,0.00,26.00,0.00,0,137
22.02,1544518172,287.95,51.49070016,7.41519325,159.17,13.23,0.00,81.78,0,-113.00,-19.00,0.00,0.00,26.00,0.00,0,200
22.02,1544518172,287.96,51.49070016,7.41519325,159.17,13.23,0.00,81.78,0,-123.00,-13.00,0.00,0.00,10.00,0.00,0,494
22.02,1544518172,287.97,51.49070016,7.41519325,159.17,13.23,0.00,81.78,0,-123.00,-14.00,0.00,0.00,10.00,0.00,0,337
22.02,1544518172,287.97,51.49070016,7.41519325,159.17,13.23,0.00,81.78,0,-126.00,-16.00,0.00,0.00,10.00,0.00,0,293
23.02,1544518173,301.19,51.49071032,7.41536939,158.63,12.79,0.00,82.78,0,-112.00,-20.00,0.00,0.00,26.00,0.00,0,137
23.02,1544518173,301.20,51.49071032,7.41536939,158.63,12.79,0.00,82.78,0,-113.00,-17.00,0.00,0.00,26.00,0.00,0,333
23.03,1544518173,301.22,51.49071032,7.41536939,158.63,12.79,0.00,82.78,0,-113.00,-20.00,0.00,0.00,26.00,0.00,0,384
23.03,1544518173,301.22,51.49071032,7.41536939,158.63,12.79,0.00,82.78,0,-123.00,-14.00,0.00,0.00,11.00,0.00,0,337
23.03,1544518173,301.23,51.49071032,7.41536939,158.63,12.79,0.00,82.78,0,-124.00,-17.00,0.00,0.00,12.00,0.00,0,197
23.03,1544518173,301.24,51.49071032,7.41536939,158.63,12.79,0.00,82.78,0,-124.00,-15.00,0.00,0.00,10.00,0.00,0,494
23.03,1544518173,301.25,51.49071032,7.41536939,158.63,12.79,0.00,82.78,0,-115.00,-14.00,0.00,0.00,19.00,0.00,0,289
23.03,1544518173,301.25,51.49071032,7.41536939,158.63,12.79,0.00,82.78,0,-115.00,-15.00,0.00,0.00,19.00,0.00,0,347
23.03,1544518173,301.27,51.49071032,7.41536939,158.63,12.79,0.00,82.78,0,-116.00,-15.00,0.00,0.00,19.00,0.00,0,385
23.03,1544518173,301.28,51.49071032,7.41536939,158.63,12.79,0.00,82.78,0,0.00,0.00,0.00,0.00,63.00,0.00,0,271
24.02,1544518174,313.92,51.49071912,7.41556644,158.44,12.76,0.00,84.08,0,-112.00,-20.00,0.00,0.00,26.00,0.00,0,137
24.02,1544518174,313.93,51.49071912,7.41556644,158.44,12.76,0.00,84.08,0,-113.00,-17.00,0.00,0.00,26.00,0.00,0,333
24.02,1544518174,313.94,51.49071912,7.41556644,158.44,12.76,0.00,84.08,0,-113.00,-20.00,0.00,0.00,26.00,0.00,0,384
24.02,1544518174,313.94,51.49071912,7.41556644,158.44,12.76,0.00,84.08,0,-123.00,-14.00,0.00,0.00,11.00,0.00,0,337
24.02,1544518174,313.96,51.49071912,7.41556644,158.44,12.76,0.00,84.08,0,-124.00,-17.00,0.00,0.00,12.00,0.00,0,197
24.02,1544518174,313.96,51.49071912,7.41556644,158.44,12.76,0.00,84.08,0,-124.00,-15.00,0.00,0.00,10.00,0.00,0,494
24.02,1544518174,313.97,51.49071912,7.41556644,158.44,12.76,0.00,84.08,0,-115.00,-14.00,0.00,0.00,19.00,0.00,0,289
24.02,1544518174,313.97,51.49071912,7.41556644,158.44,12.76,0.00,84.08,0,-115.00,-15.00,0.00,0.00,19.00,0.00,0,347
24.02,1544518174,313.98,51.49071912,7.41556644,158.44,12.76,0.00,84.08,0,-116.00,-15.00,0.00,0.00,19.00,0.00,0,385
24.02,1544518174,313.99,51.49071912,7.41556644,158.44,12.76,0.00,84.08,0,0.00,0.00,0.00,0.00,63.00,0.00,0,271
25.02,1544518175,326.75,51.49072187,7.41574747,158.31,12.62,0.00,86.16,0,-112.00,-17.00,0.00,0.00,25.00,0.00,0,333
25.03,1544518175,326.77,51.49072187,7.41574747,158.31,12.62,0.00,86.16,0,-113.00,-20.00,0.00,0.00,25.00,0.00,0,500
25.03,1544518175,326.78,51.49072187,7.41574747,158.31,12.62,0.00,86.16,0,-114.00,-20.00,0.00,0.00,25.00,0.00,0,158
25.03,1544518175,326.78,51.49072187,7.41574747,158.31,12.62,0.00,86.16,0,-124.00,-14.00,0.00,0.00,9.00,0.00,0,494
25.03,1544518175,326.79,51.49072187,7.41574747,158.31,12.62,0.00,86.16,0,-124.00,-16.00,0.00,0.00,11.00,0.00,0,58
25.03,1544518175,326.80,51.49072187,7.41574747,158.31,12.62,0.00,86.16,0,-124.00,-16.00,0.00,0.00,10.00,0.00,0,337
25.03,1544518175,326.82,51.49072187,7.41574747,158.31,12.62,0.00,86.16,0,-112.00,-14.00,0.00,0.00,22.00,0.00,0,385
25.03,1544518175,326.82,51.49072187,7.41574747,158.31,12.62,0.00,86.16,0,-112.00,-14.00,0.00,0.00,21.00,0.00,0,347
25.03,1544518175,326.83,51.49072187,7.41574747,158.31,12.62,0.00,86.16,0,-114.00,-16.00,0.00,0.00,21.00,0.00,0,289
25.03,1544518175,326.84,51.49072187,7.41574747,158.31,12.62,0.00,86.16,0,0.00,0.00,0.00,0.00,63.00,0.00,0,271
26.03,1544518176,339.39,51.49071348,7.41591815,157.92,12.40,0.00,88.44,0,-112.00,-17.00,0.00,0.00,25.00,0.00,0,333
26.03,1544518176,339.40,51.49071348,7.41591815,157.92,12.40,0.00,88.44,0,-113.00,-20.00,0.00,0.00,25.00,0.00,0,500
26.03,1544518176,339.40,51.49071348,7.41591815,157.92,12.40,0.00,88.44,0,-114.00,-20.00,0.00,0.00,25.00,0.00,0,158
26.03,1544518176,339.42,51.49071348,7.41591815,157.92,12.40,0.00,88.44,0,-124.00,-14.00,0.00,0.00,9.00,0.00,0,494
26.03,1544518176,339.43,51.49071348,7.41591815,157.92,12.40,0.00,88.44,0,-124.00,-16.00,0.00,0.00,11.00,0.00,0,58
26.03,1544518176,339.44,51.49071348,7.41591815,157.92,12.40,0.00,88.44,0,-124.00,-16.00,0.00,0.00,10.00,0.00,0,337
26.03,1544518176,339.44,51.49071348,7.41591815,157.92,12.40,0.00,88.44,0,-112.00,-14.00,0.00,0.00,22.00,0.00,0,385
26.03,1544518176,339.45,51.49071348,7.41591815,157.92,12.40,0.00,88.44,0,-112.00,-14.00,0.00,0.00,21.00,0.00,0,347
26.03,1544518176,339.47,51.49071348,7.41591815,157.92,12.40,0.00,88.44,0,-114.00,-16.00,0.00,0.00,21.00,0.00,0,289
26.03,1544518176,339.47,51.49071348,7.41591815,157.92,12.40,0.00,88.44,0,0.00,0.00,0.00,0.00,63.00,0.00,0,271
27.02,1544518177,351.74,51.49070203,7.41609961,157.47,12.14,0.00,91.00,0,-115.00,-16.00,0.00,0.00,20.00,0.00,0,385
27.02,1544518177,351.74,51.49070203,7.41609961,157.47,12.14,0.00,91.00,0,-120.00,-20.00,0.00,0.00,20.00,0.00,0,289
27.02,1544518177,351.75,51.49070203,7.41609961,157.47,12.14,0.00,91.00,0,-120.00,-20.00,0.00,0.00,19.00,0.00,0,345
27.02,1544518177,351.76,51.49070203,7.41609961,157.47,12.14,0.00,91.00,0,-113.00,-15.00,0.00,0.00,22.00,0.00,0,91
27.02,1544518177,351.77,51.49070203,7.41609961,157.47,12.14,0.00,91.00,0,-113.00,-15.00,0.00,0.00,22.00,0.00,0,385
28.02,1544518178,363.88,51.49068942,7.41625111,157.01,10.69,0.00,93.43,0,-115.00,-16.00,0.00,0.00,20.00,0.00,0,385
28.02,1544518178,363.88,51.49068942,7.41625111,157.01,10.69,0.00,93.43,0,-120.00,-20.00,0.00,0.00,20.00,0.00,0,289
28.02,1544518178,363.89,51.49068942,7.41625111,157.01,10.69,0.00,93.43,0,-120.00,-20.00,0.00,0.00,19.00,0.00,0,345
28.02,1544518178,363.90,51.49068942,7.41625111,157.01,10.69,0.00,93.43,0,-113.00,-15.00,0.00,0.00,22.00,0.00,0,91
28.02,1544518178,363.90,51.49068942,7.41625111,157.01,10.69,0.00,93.43,0,-113.00,-15.00,0.00,0.00,22.00,0.00,0,385
29.02,1544518179,374.50,51.49067383,7.41639505,156.49,9.55,0.00,96.31,0,-110.00,-15.00,0.00,0.00,24.00,0.00,0,385
29.02,1544518179,374.51,51.49067383,7.41639505,156.49,9.55,0.00,96.31,0,-114.00,-16.00,0.00,0.00,21.00,0.00,0,385
29.02,1544518179,374.51,51.49067383,7.41639505,156.49,9.55,0.00,96.31,0,-116.00,-17.00,0.00,0.00,21.00,0.00,0,333
30.02,1544518180,384.07,51.49065755,7.41651816,156.01,8.53,0.00,98.24,0,-110.00,-15.00,0.00,0.00,24.00,0.00,0,385
30.02,1544518180,384.08,51.49065755,7.41651816,156.01,8.53,0.00,98.24,0,-114.00,-16.00,0.00,0.00,21.00,0.00,0,385
30.02,1544518180,384.09,51.49065755,7.41651816,156.01,8.53,0.00,98.24,0,-116.00,-17.00,0.00,0.00,21.00,0.00,0,333
31.02,1544518181,392.63,51.49064105,7.41665983,155.84,6.55,0.00,99.78,0,-113.00,-13.00,0.00,0.00,22.00,0.00,0,385
31.02,1544518181,392.64,51.49064105,7.41665983,155.84,6.55,0.00,99.78,0,-112.00,-16.00,0.00,0.00,22.00,0.00,0,385
31.02,1544518181,392.64,51.49064105,7.41665983,155.84,6.55,0.00,99.78,0,-115.00,-17.00,0.00,0.00,22.00,0.00,0,137
31.02,1544518181,392.64,51.49064105,7.41665983,155.84,6.55,0.00,99.78,0,-123.00,-15.00,0.00,0.00,11.00,0.00,0,337
31.02,1544518181,392.65,51.49064105,7.41665983,155.84,6.55,0.00,99.78,0,-124.00,-16.00,0.00,0.00,11.00,0.00,0,196
31.03,1544518181,392.66,51.49064105,7.41665983,155.84,6.55,0.00,99.78,0,-124.00,-16.00,0.00,0.00,11.00,0.00,0,293
32.02,1544518182,399.17,51.49062710,7.41671301,155.84,5.21,0.00,100.81,0,-113.00,-13.00,0.00,0.00,22.00,0.00,0,385
32.02,1544518182,399.18,51.49062710,7.41671301,155.84,5.21,0.00,100.81,0,-112.00,-16.00,0.00,0.00,22.00,0.00,0,385
32.02,1544518182,399.18,51.49062710,7.41671301,155.84,5.21,0.00,100.81,0,-115.00,-17.00,0.00,0.00,22.00,0.00,0,137
32.02,1544518182,399.19,51.49062710,7.41671301,155.84,5.21,0.00,100.81,0,-123.00,-15.00,0.00,0.00,11.00,0.00,0,337
32.02,1544518182,399.19,51.49062710,7.41671301,155.84,5.21,0.00,100.81,0,-124.00,-16.00,0.00,0.00,11.00,0.00,0,196
32.02,1544518182,399.19,51.49062710,7.41671301,155.84,5.21,0.00,100.81,0,-124.00,-16.00,0.00,0.00,11.00,0.00,0,293
33.03,1544518183,404.43,51.49061452,7.41678285,156.27,4.79,0.00,100.55,0,-111.00,-15.00,0.00,0.00,26.00,0.00,0,385
33.03,1544518183,404.44,51.49061452,7.41678285,156.27,4.79,0.00,100.55,0,-110.00,-13.00,0.00,0.00,23.00,0.00,0,385
33.03,1544518183,404.44,51.49061452,7.41678285,156.27,4.79,0.00,100.55,0,-113.00,-16.00,0.00,0.00,22.00,0.00,0,333
34.02,1544518184,409.18,51.49060435,7.41683533,156.28,2.26,0.00,101.29,0,-111.00,-15.00,0.00,0.00,26.00,0.00,0,385
34.02,1544518184,409.18,51.49060435,7.41683533,156.28,2.26,0.00,101.29,0,-110.00,-13.00,0.00,0.00,23.00,0.00,0,385
34.02,1544518184,409.18,51.49060435,7.41683533,156.28,2.26,0.00,101.29,0,-113.00,-16.00,0.00,0.00,22.00,0.00,0,333
35.02,1544518185,411.43,51.49060426,7.41683565,156.29,0.27,0.00,101.29,0,-111.00,-15.00,0.00,0.00,26.00,0.00,0,385
35.02,1544518185,411.43,51.49060426,7.41683565,156.29,0.27,0.00,101.29,0,-110.00,-13.00,0.00,0.00,23.00,0.00,0,385
35.02,1544518185,411.43,51.49060426,7.41683565,156.29,0.27,0.00,101.29,0,-113.00,-16.00,0.00,0.00,22.00,0.00,0,333
36.02,1544518186,411.69,51.49060426,7.41683565,156.29,0.00,0.00,101.29,0,-113.00,-16.00,0.00,0.00,25.00,0.00,0,385
36.02,1544518186,411.69,51.49060426,7.41683565,156.29,0.00,0.00,101.29,0,-113.00,-17.00,0.00,0.00,24.00,0.00,0,345
36.02,1544518186,411.69,51.49060426,7.41683565,156.29,0.00,0.00,101.29,0,-109.00,-14.00,0.00,0.00,24.00,0.00,0,385
36.02,1544518186,411.69,51.49060426,7.41683565,156.29,0.00,0.00,101.29,0,-112.00,-17.00,0.00,0.00,23.00,0.00,0,333
37.02,1544518187,411.69,51.49060426,7.41683565,156.28,0.00,0.00,101.29,0,-113.00,-16.00,0.00,0.00,25.00,0.00,0,385
37.02,1544518187,411.69,51.49060426,7.41683565,156.28,0.00,0.00,101.29,0,-113.00,-17.00,0.00,0.00,24.00,0.00,0,345
37.02,1544518187,411.69,51.49060426,7.41683565,156.28,0.00,0.00,101.29,0,-109.00,-14.00,0.00,0.00,24.00,0.00,0,385
37.02,1544518187,411.69,51.49060426,7.41683565,156.28,0.00,0.00,101.29,0,-112.00,-17.00,0.00,0.00,23.00,0.00,0,333
38.02,1544518188,411.69,51.49060426,7.41683565,156.27,0.00,0.00,101.29,0,-110.00,-14.00,0.00,0.00,24.00,0.00,0,385
38.02,1544518188,411.69,51.49060426,7.41683565,156.27,0.00,0.00,101.29,0,-115.00,-19.00,0.00,0.00,24.00,0.00,0,345
38.02,1544518188,411.69,51.49060426,7.41683565,156.27,0.00,0.00,101.29,0,-109.00,-13.00,0.00,0.00,23.00,0.00,0,333
38.02,1544518188,411.69,51.49060426,7.41683565,156.27,0.00,0.00,101.29,0,-113.00,-16.00,0.00,0.00,22.00,0.00,0,385
39.02,1544518189,411.69,51.49060426,7.41683565,156.25,0.00,0.00,101.29,0,-110.00,-14.00,0.00,0.00,24.00,0.00,0,385
39.02,1544518189,411.69,51.49060426,7.41683565,156.25,0.00,0.00,101.29,0,-115.00,-19.00,0.00,0.00,24.00,0.00,0,345
39.02,1544518189,411.69,51.49060426,7.41683565,156.25,0.00,0.00,101.29,0,-109.00,-13.00,0.00,0.00,23.00,0.00,0,333
39.02,1544518189,411.69,51.49060426,7.41683565,156.25,0.00,0.00,101.29,0,-113.00,-16.00,0.00,0.00,22.00,0.00,0,385
40.02,1544518190,411.69,51.49060426,7.41683565,156.23,0.00,0.00,101.29,0,-109.00,-11.00,0.00,0.00,26.00,0.00,0,385
40.02,1544518190,411.69,51.49060426,7.41683565,156.23,0.00,0.00,101.29,0,-110.00,-14.00,0.00,0.00,24.00,0.00,0,333
40.02,1544518190,411.69,51.49060426,7.41683565,156.23,0.00,0.00,101.29,0,-110.00,-14.00,0.00,0.00,24.00,0.00,0,104
41.02,1544518191,411.69,51.49060426,7.41683565,156.22,0.00,0.00,101.29,0,-109.00,-11.00,0.00,0.00,26.00,0.00,0,385
41.02,1544518191,411.69,51.49060426,7.41683565,156.22,0.00,0.00,101.29,0,-110.00,-14.00,0.00,0.00,24.00,0.00,0,333
41.02,1544518191,411.69,51.49060426,7.41683565,156.22,0.00,0.00,101.29,0,-110.00,-14.00,0.00,0.00,24.00,0.00,0,104
42.02,1544518192,411.69,51.49060426,7.41683565,156.20,0.00,0.00,101.29,0,-110.00,-15.00,0.00,0.00,26.00,0.00,0,385
42.02,1544518192,411.69,51.49060426,7.41683565,156.20,0.00,0.00,101.29,0,-109.00,-12.00,0.00,0.00,22.00,0.00,0,333
42.02,1544518192,411.69,51.49060426,7.41683565,156.20,0.00,0.00,101.29,0,-115.00,-16.00,0.00,0.00,21.00,0.00,0,104
43.02,1544518193,411.69,51.49060426,7.41683565,156.18,0.00,0.00,101.29,0,-110.00,-15.00,0.00,0.00,26.00,0.00,0,385
43.02,1544518193,411.69,51.49060426,7.41683565,156.18,0.00,0.00,101.29,0,-109.00,-12.00,0.00,0.00,22.00,0.00,0,333
43.02,1544518193,411.69,51.49060426,7.41683565,156.18,0.00,0.00,101.29,0,-115.00,-16.00,0.00,0.00,21.00,0.00,0,104
44.02,1544518194,411.69,51.49060426,7.41683565,156.16,0.00,0.00,101.29,0,-109.00,-15.00,0.00,0.00,26.00,0.00,0,385
44.02,1544518194,411.69,51.49060426,7.41683565,156.16,0.00,0.00,101.29,0,-109.00,-13.00,0.00,0.00,24.00,0.00,0,333
44.02,1544518194,411.69,51.49060426,7.41683565,156.16,0.00,0.00,101.29,0,-114.00,-17.00,0.00,0.00,23.00,0.00,0,104
45.02,1544518195,411.69,51.49060426,7.41683565,156.14,0.00,0.00,101.29,0,-109.00,-15.00,0.00,0.00,26.00,0.00,0,385
45.02,1544518195,411.69,51.49060426,7.41683565,156.14,0.00,0.00,101.29,0,-109.00,-13.00,0.00,0.00,24.00,0.00,0,333
45.02,1544518195,411.69,51.49060426,7.41683565,156.14,0.00,0.00,101.29,0,-114.00,-17.00,0.00,0.00,23.00,0.00,0,104
46.02,1544518196,411.69,51.49060426,7.41683565,156.13,0.00,0.00,101.29,0,-110.00,-11.00,0.00,0.00,25.00,0.00,0,385
46.02,1544518196,411.69,51.49060426,7.41683565,156.13,0.00,0.00,101.29,0,-115.00,-18.00,0.00,0.00,25.00,0.00,0,345
46.02,1544518196,411.69,51.49060426,7.41683565,156.13,0.00,0.00,101.29,0,-110.00,-13.00,0.00,0.00,23.00,0.00,0,333
46.02,1544518196,411.69,51.49060426,7.41683565,156.13,0.00,0.00,101.29,0,-112.00,-15.00,0.00,0.00,23.00,0.00,0,104
47.02,1544518197,411.69,51.49060426,7.41683565,156.11,0.00,0.00,101.29,0,-110.00,-11.00,0.00,0.00,25.00,0.00,0,385
47.02,1544518197,411.69,51.49060426,7.41683565,156.11,0.00,0.00,101.29,0,-115.00,-18.00,0.00,0.00,25.00,0.00,0,345
47.02,1544518197,411.69,51.49060426,7.41683565,156.11,0.00,0.00,101.29,0,-110.00,-13.00,0.00,0.00,23.00,0.00,0,333
47.02,1544518197,411.69,51.49060426,7.41683565,156.11,0.00,0.00,101.29,0,-112.00,-15.00,0.00,0.00,23.00,0.00,0,104
48.02,1544518198,411.69,51.49060426,7.41683565,156.10,0.00,0.00,101.29,0,-109.00,-11.00,0.00,0.00,26.00,0.00,0,385
48.02,1544518198,411.69,51.49060426,7.41683565,156.10,0.00,0.00,101.29,0,-114.00,-19.00,0.00,0.00,26.00,0.00,0,345
48.02,1544518198,411.69,51.49060426,7.41683565,156.10,0.00,0.00,101.29,0,-110.00,-12.00,0.00,0.00,23.00,0.00,0,333
48.02,1544518198,411.69,51.49060426,7.41683565,156.10,0.00,0.00,101.29,0,-111.00,-12.00,0.00,0.00,22.00,0.00,0,104
49.02,1544518199,411.69,51.49060426,7.41683565,156.08,0.00,0.00,101.29,0,-109.00,-11.00,0.00,0.00,26.00,0.00,0,385
49.02,1544518199,411.69,51.49060426,7.41683565,156.08,0.00,0.00,101.29,0,-114.00,-19.00,0.00,0.00,26.00,0.00,0,345
49.02,1544518199,411.69,51.49060426,7.41683565,156.08,0.00,0.00,101.29,0,-110.00,-12.00,0.00,0.00,23.00,0.00,0,333
49.02,1544518199,411.69,51.49060426,7.41683565,156.08,0.00,0.00,101.29,0,-111.00,-12.00,0.00,0.00,22.00,0.00,0,104
50.02,1544518200,411.69,51.49060426,7.41683565,156.07,0.00,0.00,101.29,0,-109.00,-9.00,0.00,0.00,19.00,0.00,0,385
50.02,1544518200,411.69,51.49060426,7.41683565,156.07,0.00,0.00,101.29,0,-115.00,-15.00,0.00,0.00,18.00,0.00,0,345
50.03,1544518200,411.69,51.49060426,7.41683565,156.07,0.00,0.00,101.29,0,-110.00,-13.00,0.00,0.00,24.00,0.00,0,333
50.03,1544518200,411.69,51.49060426,7.41683565,156.07,0.00,0.00,101.29,0,-110.00,-14.00,0.00,0.00,24.00,0.00,0,104
51.01,1544518201,411.69,51.49060426,7.41683565,156.06,0.00,0.00,101.29,0,-109.00,-9.00,0.00,0.00,19.00,0.00,0,385
51.01,1544518201,411.69,51.49060426,7.41683565,156.06,0.00,0.00,101.29,0,-115.00,-15.00,0.00,0.00,18.00,0.00,0,345
51.01,1544518201,411.69,51.49060426,7.41683565,156.06,0.00,0.00,101.29,0,-110.00,-13.00,0.00,0.00,24.00,0.00,0,333
51.02,1544518201,411.69,51.49060426,7.41683565,156.06,0.00,0.00,101.29,0,-110.00,-14.00,0.00,0.00,24.00,0.00,0,104
52.01,1544518202,411.69,51.49060426,7.41683565,156.06,0.00,0.00,101.29,0,-110.00,-14.00,0.00,0.00,26.00,0.00,0,385
52.01,1544518202,411.69,51.49060426,7.41683565,156.06,0.00,0.00,101.29,0,-115.00,-20.00,0.00,0.00,25.00,0.00,0,345
52.01,1544518202,411.69,51.49060426,7.41683565,156.06,0.00,0.00,101.29,0,-110.00,-14.00,0.00,0.00,24.00,0.00,0,333
52.01,1544518202,411.69,51.49060426,7.41683565,156.06,0.00,0.00,101.29,0,-114.00,-18.00,0.00,0.00,24.00,0.00,0,158
53.01,1544518203,411.69,51.49060426,7.41683565,156.07,0.00,0.00,101.29,0,-110.00,-14.00,0.00,0.00,26.00,0.00,0,385
53.02,1544518203,411.69,51.49060426,7.41683565,156.07,0.00,0.00,101.29,0,-115.00,-20.00,0.00,0.00,25.00,0.00,0,345
53.02,1544518203,411.69,51.49060426,7.41683565,156.07,0.00,0.00,101.29,0,-110.00,-14.00,0.00,0.00,24.00,0.00,0,333
53.02,1544518203,411.69,51.49060426,7.41683565,156.07,0.00,0.00,101.29,0,-114.00,-18.00,0.00,0.00,24.00,0.00,0,158
54.03,1544518204,411.69,51.49060426,7.41683565,156.08,0.00,0.00,101.29,0,-110.00,-10.00,0.00,0.00,26.00,0.00,0,385
54.03,1544518204,411.69,51.49060426,7.41683565,156.08,0.00,0.00,101.29,0,-109.00,-13.00,0.00,0.00,24.00,0.00,0,333
54.03,1544518204,411.69,51.49060426,7.41683565,156.08,0.00,0.00,101.29,0,-112.00,-17.00,0.00,0.00,24.00,0.00,0,158
55.01,1544518205,411.69,51.49060426,7.41683565,156.09,0.00,0.00,101.29,0,-110.00,-10.00,0.00,0.00,26.00,0.00,0,385
55.01,1544518205,411.69,51.49060426,7.41683565,156.09,0.00,0.00,101.29,0,-109.00,-13.00,0.00,0.00,24.00,0.00,0,333
55.01,1544518205,411.69,51.49060426,7.41683565,156.09,0.00,0.00,101.29,0,-112.00,-17.00,0.00,0.00,24.00,0.00,0,158
56.02,1544518206,411.69,51.49060426,7.41683565,156.10,0.00,0.00,101.29,0,-110.00,-10.00,0.00,0.00,26.00,0.00,0,385
56.02,1544518206,411.69,51.49060426,7.41683565,156.10,0.00,0.00,101.29,0,-109.00,-13.00,0.00,0.00,24.00,0.00,0,333
56.02,1544518206,411.69,51.49060426,7.41683565,156.10,0.00,0.00,101.29,0,-112.00,-17.00,0.00,0.00,24.00,0.00,0,158
57.01,1544518207,411.69,51.49060426,7.41683565,156.12,0.00,0.00,101.29,0,-109.00,-9.00,0.00,0.00,21.00,0.00,0,385
57.01,1544518207,411.69,51.49060426,7.41683565,156.12,0.00,0.00,101.29,0,-116.00,-16.00,0.00,0.00,22.00,0.00,0,345
57.02,1544518207,411.69,51.49060426,7.41683565,156.12,0.00,0.00,101.29,0,-109.00,-15.00,0.00,0.00,26.00,0.00,0,333
57.02,1544518207,411.69,51.49060426,7.41683565,156.12,0.00,0.00,101.29,0,-111.00,-16.00,0.00,0.00,26.00,0.00,0,158
58.02,1544518208,411.69,51.49060426,7.41683565,156.13,0.00,0.00,101.29,0,-109.00,-9.00,0.00,0.00,21.00,0.00,0,385
58.02,1544518208,411.69,51.49060426,7.41683565,156.13,0.00,0.00,101.29,0,-116.00,-16.00,0.00,0.00,22.00,0.00,0,345
58.02,1544518208,411.69,51.49060426,7.41683565,156.13,0.00,0.00,101.29,0,-109.00,-15.00,0.00,0.00,26.00,0.00,0,333
58.02,1544518208,411.69,51.49060426,7.41683565,156.13,0.00,0.00,101.29,0,-111.00,-16.00,0.00,0.00,26.00,0.00,0,158
59.01,1544518209,411.69,51.49060426,7.41683565,156.14,0.00,0.00,101.29,0,-109.00,-11.00,0.00,0.00,22.00,0.00,0,385
59.01,1544518209,411.69,51.49060426,7.41683565,156.14,0.00,0.00,101.29,0,-108.00,-14.00,0.00,0.00,26.00,0.00,0,333
59.01,1544518209,411.69,51.49060426,7.41683565,156.14,0.00,0.00,101.29,0,-111.00,-16.00,0.00,0.00,26.00,0.00,0,158
60.02,1544518210,411.69,51.49060426,7.41683565,156.16,0.00,0.00,101.29,0,-109.00,-11.00,0.00,0.00,22.00,0.00,0,385
60.02,1544518210,411.69,51.49060426,7.41683565,156.16,0.00,0.00,101.29,0,-108.00,-14.00,0.00,0.00,26.00,0.00,0,333
60.03,1544518210,411.69,51.49060426,7.41683565,156.16,0.00,0.00,101.29,0,-111.00,-16.00,0.00,0.00,26.00,0.00,0,158
61.01,1544518211,411.69,51.49060426,7.41683565,156.29,0.00,0.00,99.20,0,-110.00,-10.00,0.00,0.00,19.00,0.00,0,385
61.02,1544518211,411.69,51.49060426,7.41683565,156.29,0.00,0.00,99.20,0,-115.00,-15.00,0.00,0.00,19.00,0.00,0,345
61.02,1544518211,411.69,51.49060426,7.41683565,156.29,0.00,0.00,99.20,0,-109.00,-13.00,0.00,0.00,24.00,0.00,0,333
61.02,1544518211,411.69,51.49060426,7.41683565,156.29,0.00,0.00,99.20,0,-111.00,-15.00,0.00,0.00,24.00,0.00,0,104
62.02,1544518212,411.69,51.49058236,7.41696948,156.42,0.00,0.00,100.17,0,-110.00,-10.00,0.00,0.00,19.00,0.00,0,385
62.02,1544518212,411.69,51.49058236,7.41696948,156.42,0.00,0.00,100.17,0,-115.00,-15.00,0.00,0.00,19.00,0.00,0,345
62.02,1544518212,411.69,51.49058236,7.41696948,156.42,0.00,0.00,100.17,0,-109.00,-13.00,0.00,0.00,24.00,0.00,0,333
62.02,1544518212,411.69,51.49058236,7.41696948,156.42,0.00,0.00,100.17,0,-111.00,-15.00,0.00,0.00,24.00,0.00,0,104
63.01,1544518213,411.70,51.49057124,7.41703264,157.58,4.88,0.00,100.82,0,-112.00,-17.00,0.00,0.00,26.00,0.00,0,385
63.01,1544518213,411.70,51.49057124,7.41703264,157.58,4.88,0.00,100.82,0,-114.00,-16.00,0.00,0.00,22.00,0.00,0,333
63.01,1544518213,411.70,51.49057124,7.41703264,157.58,4.88,0.00,100.82,0,-115.00,-18.00,0.00,0.00,22.00,0.00,0,91
64.01,1544518214,416.58,51.49056801,7.41708423,158.27,5.12,0.00,88.31,0,-112.00,-17.00,0.00,0.00,26.00,0.00,0,385
64.01,1544518214,416.58,51.49056801,7.41708423,158.27,5.12,0.00,88.31,0,-114.00,-16.00,0.00,0.00,22.00,0.00,0,333
64.02,1544518214,416.59,51.49056801,7.41708423,158.27,5.12,0.00,88.31,0,-115.00,-18.00,0.00,0.00,22.00,0.00,0,91
65.02,1544518215,421.72,51.49057833,7.41714938,158.75,5.52,0.00,68.63,0,-108.00,-14.00,0.00,0.00,24.00,0.00,0,385
65.02,1544518215,421.72,51.49057833,7.41714938,158.75,5.52,0.00,68.63,0,-114.00,-17.00,0.00,0.00,22.00,0.00,0,91
65.02,1544518215,421.72,51.49057833,7.41714938,158.75,5.52,0.00,68.63,0,-114.00,-17.00,0.00,0.00,23.00,0.00,0,333
66.02,1544518216,427.25,51.49061322,7.41720753,159.22,5.64,0.00,40.90,0,-108.00,-14.00,0.00,0.00,24.00,0.00,0,385
66.02,1544518216,427.25,51.49061322,7.41720753,159.22,5.64,0.00,40.90,0,-114.00,-17.00,0.00,0.00,22.00,0.00,0,91
66.02,1544518216,427.26,51.49061322,7.41720753,159.22,5.64,0.00,40.90,0,-114.00,-17.00,0.00,0.00,23.00,0.00,0,333
67.01,1544518217,432.86,51.49065622,7.41722299,159.44,7.38,0.00,11.90,0,-114.00,-16.00,0.00,0.00,21.00,0.00,0,347
68.02,1544518218,440.26,51.49073113,7.41720860,159.16,8.30,0.00,355.45,0,-114.00,-16.00,0.00,0.00,21.00,0.00,0,347
69.02,1544518219,448.58,51.49080151,7.41719018,158.86,8.58,0.00,354.01,0,-113.00,-14.00,0.00,0.00,21.00,0.00,0,347
69.02,1544518219,448.58,51.49080151,7.41719018,158.86,8.58,0.00,354.01,0,-119.00,-20.00,0.00,0.00,21.00,0.00,0,345
70.02,1544518220,457.17,51.49088062,7.41717192,158.52,8.93,0.00,352.70,0,-113.00,-14.00,0.00,0.00,21.00,0.00,0,347
70.02,1544518220,457.18,51.49088062,7.41717192,158.52,8.93,0.00,352.70,0,-119.00,-20.00,0.00,0.00,21.00,0.00,0,345
71.01,1544518221,466.05,51.49096296,7.41715280,158.13,9.28,0.00,351.65,0,-113.00,-15.00,0.00,0.00,24.00,0.00,0,347
72.02,1544518222,475.35,51.49104637,7.41712902,157.87,9.04,0.00,350.58,0,-113.00,-15.00,0.00,0.00,24.00,0.00,0,347
73.01,1544518223,484.38,51.49113110,7.41710255,157.47,9.23,0.00,349.71,0,-111.00,-13.00,0.00,0.00,24.00,0.00,0,347
74.02,1544518224,493.65,51.49120899,7.41707557,157.07,9.06,0.00,348.97,0,-111.00,-13.00,0.00,0.00,24.00,0.00,0,347
75.03,1544518225,502.78,51.49128422,7.41704427,156.75,8.85,0.00,348.18,0,-111.00,-11.00,0.00,0.00,23.00,0.00,0,347
75.03,1544518225,502.79,51.49128422,7.41704427,156.75,8.85,0.00,348.18,0,-115.00,-15.00,0.00,0.00,23.00,0.00,0,216
76.02,1544518226,511.53,51.49136130,7.41733020,156.51,8.56,0.00,347.89,0,-111.00,-11.00,0.00,0.00,23.00,0.00,0,347
76.02,1544518226,511.54,51.49136130,7.41733020,156.51,8.56,0.00,347.89,0,-115.00,-15.00,0.00,0.00,23.00,0.00,0,216
77.02,1544518227,520.13,51.49143115,7.41697236,156.25,8.96,0.00,347.52,0,-111.00,-11.00,0.00,0.00,23.00,0.00,0,347
77.02,1544518227,520.14,51.49143115,7.41697236,156.25,8.96,0.00,347.52,0,-115.00,-15.00,0.00,0.00,23.00,0.00,0,216
78.02,1544518228,529.08,51.49150742,7.41693904,156.35,8.95,0.00,347.16,0,-111.00,-13.00,0.00,0.00,25.00,0.00,0,216
78.02,1544518228,529.09,51.49150742,7.41693904,156.35,8.95,0.00,347.16,0,-112.00,-14.00,0.00,0.00,24.00,0.00,0,347
79.02,1544518229,538.03,51.49158667,7.41690422,156.43,8.70,0.00,346.48,0,-111.00,-13.00,0.00,0.00,25.00,0.00,0,216
79.02,1544518229,538.04,51.49158667,7.41690422,156.43,8.70,0.00,346.48,0,-112.00,-14.00,0.00,0.00,24.00,0.00,0,347
80.01,1544518230,546.69,51.49166360,7.41687008,156.29,8.64,0.00,345.21,0,-110.00,-15.00,0.00,0.00,26.00,0.00,0,216
80.01,1544518230,546.69,51.49166360,7.41687008,156.29,8.64,0.00,345.21,0,-111.00,-16.00,0.00,0.00,26.00,0.00,0,347
81.02,1544518231,555.38,51.49173696,7.41683273,156.22,8.20,0.00,343.02,0,-110.00,-15.00,0.00,0.00,26.00,0.00,0,216
81.02,1544518231,555.39,51.49173696,7.41683273,156.22,8.20,0.00,343.02,0,-111.00,-16.00,0.00,0.00,26.00,0.00,0,347
82.02,1544518232,563.56,51.49180769,7.41678972,156.04,8.25,0.00,341.59,0,-110.00,-17.00,0.00,0.00,25.00,0.00,0,216
82.02,1544518232,563.56,51.49180769,7.41678972,156.04,8.25,0.00,341.59,0,-112.00,-17.00,0.00,0.00,24.00,0.00,0,347
83.02,1544518233,571.82,51.49188018,7.41674113,155.91,8.89,0.00,339.46,0,-110.00,-17.00,0.00,0.00,25.00,0.00,0,216
83.02,1544518233,571.83,51.49188018,7.41674113,155.91,8.89,0.00,339.46,0,-112.00,-17.00,0.00,0.00,24.00,0.00,0,347
84.02,1544518234,580.68,51.49195886,7.41667903,156.16,8.84,0.00,336.76,0,-112.00,-18.00,0.00,0.00,26.00,0.00,0,347
84.02,1544518234,580.69,51.49195886,7.41667903,156.16,8.84,0.00,336.76,0,-112.00,-19.00,0.00,0.00,27.00,0.00,0,289
84.02,1544518234,580.69,51.49195886,7.41667903,156.16,8.84,0.00,336.76,0,-114.00,-19.00,0.00,0.00,26.00,0.00,0,216
85.02,1544518235,589.53,51.49202726,7.41662152,156.61,8.49,0.00,334.28,0,-112.00,-18.00,0.00,0.00,26.00,0.00,0,347
85.02,1544518235,589.54,51.49202726,7.41662152,156.61,8.49,0.00,334.28,0,-112.00,-19.00,0.00,0.00,27.00,0.00,0,289
85.02,1544518235,589.55,51.49202726,7.41662152,156.61,8.49,0.00,334.28,0,-114.00,-19.00,0.00,0.00,26.00,0.00,0,216
86.02,1544518236,598.04,51.49209291,7.41657043,156.72,7.59,0.00,336.17,0,-109.00,-18.00,0.00,0.00,29.00,0.00,0,289
86.02,1544518236,598.05,51.49209291,7.41657043,156.72,7.59,0.00,336.17,0,-112.00,-20.00,0.00,0.00,29.00,0.00,0,347
87.02,1544518237,605.61,51.49217572,7.41650278,156.80,9.10,0.00,334.66,0,-109.00,-18.00,0.00,0.00,29.00,0.00,0,289
87.02,1544518237,605.61,51.49217572,7.41650278,156.80,9.10,0.00,334.66,0,-112.00,-20.00,0.00,0.00,29.00,0.00,0,347
88.02,1544518238,614.71,51.49225455,7.41644141,156.98,9.18,0.00,333.33,0,-107.00,-13.00,0.00,0.00,28.00,0.00,0,289
89.02,1544518239,623.87,51.49233117,7.41637816,157.02,9.17,0.00,333.48,0,-107.00,-13.00,0.00,0.00,28.00,0.00,0,289
90.02,1544518240,633.05,51.49240556,7.41631717,157.08,9.05,0.00,334.63,0,-101.00,-10.00,0.00,0.00,27.00,0.00,0,289
91.01,1544518241,642.09,51.49247420,7.41626405,157.05,9.10,0.00,335.76,0,-101.00,-10.00,0.00,0.00,27.00,0.00,0,289
174.01,1544518324,1627.44,51.49309911,7.40461181,163.10,14.51,0.00,258.16,0,-110.00,-10.00,0.00,0.00,20.00,0.00,0,356
175.02,1544518325,1642.02,51.49307113,7.40441010,163.03,14.42,0.00,257.56,0,-110.00,-10.00,0.00,0.00,20.00,0.00,0,356
176.01,1544518326,1656.37,51.49304126,7.40419627,163.19,14.35,0.00,257.63,0,-104.00,-8.00,0.00,0.00,23.00,0.00,0,356
176.01,1544518326,1656.39,51.49304126,7.40419627,163.19,14.35,0.00,257.63,0,-110.00,-13.00,0.00,0.00,23.00,0.00,0,355
177.02,1544518327,1670.78,51.49301739,7.40400801,162.94,14.36,0.00,258.26,0,-104.00,-8.00,0.00,0.00,23.00,0.00,0,356
177.02,1544518327,1670.78,51.49301739,7.40400801,162.94,14.36,0.00,258.26,0,-110.00,-13.00,0.00,0.00,23.00,0.00,0,355
178.02,1544518328,1685.12,51.49299680,7.40381007,162.50,14.32,0.00,259.58,0,-112.00,-9.00,0.00,0.00,18.00,0.00,0,356
179.01,1544518329,1699.41,51.49297991,7.40359984,162.18,14.18,0.00,261.88,0,-112.00,-9.00,0.00,0.00,18.00,0.00,0,356
180.01,1544518330,1713.59,51.49296978,7.40338591,162.22,13.83,0.00,264.64,0,-115.00,-12.00,0.00,0.00,26.00,0.00,0,356
181.01,1544518331,1727.42,51.49296620,7.40319866,162.08,13.21,0.00,265.83,0,-115.00,-12.00,0.00,0.00,26.00,0.00,0,356
182.01,1544518332,1740.64,51.49296207,7.40301360,161.89,12.57,0.00,266.33,0,-109.00,-18.00,0.00,0.00,30.00,0.00,0,356
183.01,1544518333,1753.20,51.49296025,7.40284125,161.67,11.47,0.00,267.03,0,-109.00,-18.00,0.00,0.00,30.00,0.00,0,356
184.03,1544518334,1764.81,51.49295801,7.40268340,161.55,10.13,0.00,267.69,0,-111.00,-12.00,0.00,0.00,19.00,0.00,0,356
185.01,1544518335,1774.82,51.49295776,7.40254176,161.59,8.82,0.00,268.44,0,-111.00,-12.00,0.00,0.00,19.00,0.00,0,356
186.01,1544518336,1783.64,51.49295804,7.40241962,161.74,7.60,0.00,269.40,0,-111.00,-12.00,0.00,0.00,19.00,0.00,0,356
187.01,1544518337,1791.25,51.49295867,7.40230122,161.99,6.74,0.00,269.87,0,-108.00,-9.00,0.00,0.00,19.00,0.00,0,356
188.01,1544518338,1797.98,51.49296001,7.40220952,162.18,6.04,0.00,270.77,0,-108.00,-9.00,0.00,0.00,19.00,0.00,0,356
189.01,1544518339,1804.02,51.49296421,7.40212882,161.88,5.63,0.00,271.29,0,-108.00,-8.00,0.00,0.00,19.00,0.00,0,356
189.01,1544518339,1804.02,51.49296421,7.40212882,161.88,5.63,0.00,271.29,0,-113.00,-14.00,0.00,0.00,19.00,0.00,0,355
190.01,1544518340,1809.65,51.49296922,7.40206370,161.25,5.38,0.00,270.95,0,-108.00,-8.00,0.00,0.00,19.00,0.00,0,356
190.01,1544518340,1809.65,51.49296922,7.40206370,161.25,5.38,0.00,270.95,0,-113.00,-14.00,0.00,0.00,19.00,0.00,0,355
199.01,1544518349,1878.09,51.49247783,7.40174292,160.83,12.26,0.00,181.82,0,-116.00,-13.00,0.00,0.00,24.00,0.00,0,356
200.02,1544518350,1890.39,51.49236324,7.40174658,161.47,13.17,0.00,181.42,0,-116.00,-13.00,0.00,0.00,24.00,0.00,0,356
203.02,1544518353,1930.24,51.49200852,7.40176285,162.40,13.19,0.00,179.57,0,-113.00,-15.00,0.00,0.00,19.00,0.00,0,356
204.01,1544518354,1943.39,51.49188668,7.40177064,162.96,13.23,0.00,178.57,0,-113.00,-15.00,0.00,0.00,19.00,0.00,0,356
205.02,1544518355,1956.71,51.49176884,7.40177406,163.41,13.23,0.00,179.70,0,-115.00,-13.00,0.00,0.00,21.00,0.00,0,356
206.02,1544518356,1969.90,51.49164777,7.40176433,164.37,13.58,0.00,180.86,0,-115.00,-13.00,0.00,0.00,21.00,0.00,0,356
207.01,1544518357,1983.45,51.49151779,7.40175621,165.13,14.06,0.00,181.40,0,-115.00,-13.00,0.00,0.00,21.00,0.00,0,356
208.02,1544518358,1997.61,51.49139681,7.40174969,165.56,14.29,0.00,181.90,0,-116.00,-11.00,0.00,0.00,13.00,0.00,0,356
209.01,1544518359,2011.78,51.49127126,7.40174148,166.17,13.94,0.00,181.23,0,-116.00,-11.00,0.00,0.00,13.00,0.00,0,356
210.01,1544518360,2025.72,51.49114540,7.40173643,166.59,13.61,0.00,181.18,0,-110.00,-12.00,0.00,0.00,28.00,0.00,0,356
211.01,1544518361,2039.34,51.49102233,7.40173410,166.90,13.46,0.00,180.52,0,-110.00,-12.00,0.00,0.00,28.00,0.00,0,356
212.01,1544518362,2052.81,51.49090438,7.40173248,167.09,13.25,0.00,180.05,0,-113.00,-18.00,0.00,0.00,26.00,0.00,0,356
213.01,1544518363,2066.04,51.49078311,7.40173211,167.49,13.11,0.00,180.50,0,-113.00,-18.00,0.00,0.00,26.00,0.00,0,356
214.01,1544518364,2079.14,51.49066015,7.40172959,167.99,12.67,0.00,180.61,0,-113.00,-13.00,0.00,0.00,26.00,0.00,0,356
215.01,1544518365,2091.84,51.49053559,7.40172623,169.18,12.59,0.00,180.44,0,-113.00,-13.00,0.00,0.00,26.00,0.00,0,356
216.02,1544518366,2104.50,51.49041411,7.40172501,170.28,12.99,0.00,180.28,0,-115.00,-12.00,0.00,0.00,25.00,0.00,0,356
217.02,1544518367,2117.46,51.49029306,7.40172539,171.55,12.80,0.00,179.77,0,-115.00,-12.00,0.00,0.00,25.00,0.00,0,356
218.02,1544518368,2130.26,51.49017356,7.40172792,172.97,12.13,0.00,179.39,0,-110.00,-12.00,0.00,0.00,25.00,0.00,0,356
219.01,1544518369,2142.34,51.49005473,7.40172681,174.64,11.65,0.00,178.66,0,-110.00,-12.00,0.00,0.00,25.00,0.00,0,356
220.01,1544518370,2153.99,51.48994212,7.40172198,176.45,11.29,0.00,179.03,0,-112.00,-11.00,0.00,0.00,19.00,0.00,0,356
221.02,1544518371,2165.35,51.48984286,7.40172135,178.14,10.06,0.00,179.70,0,-112.00,-11.00,0.00,0.00,19.00,0.00,0,356
222.01,1544518372,2175.35,51.48979050,7.40172378,178.66,7.84,0.00,180.04,0,-107.00,-13.00,0.00,0.00,24.00,0.00,0,356
223.01,1544518373,2183.19,51.48972594,7.40172750,179.14,6.03,0.00,180.26,0,-107.00,-13.00,0.00,0.00,24.00,0.00,0,356
224.01,1544518374,2189.22,51.48967545,7.40172955,179.23,3.65,0.00,180.44,0,-109.00,-14.00,0.00,0.00,25.00,0.00,0,356
225.01,1544518375,2192.87,51.48966127,7.40173616,179.29,2.27,0.00,180.89,0,-109.00,-14.00,0.00,0.00,25.00,0.00,0,356
226.02,1544518376,2195.16,51.48964180,7.40174430,179.30,1.68,0.00,180.78,0,-111.00,-9.00,0.00,0.00,17.00,0.00,0,356
227.01,1544518377,2196.82,51.48964260,7.40175213,179.29,0.35,0.00,180.78,0,-111.00,-9.00,0.00,0.00,17.00,0.00,0,356
228.01,1544518378,2197.18,51.48964260,7.40175213,179.30,0.00,0.00,180.78,0,-111.00,-9.00,0.00,0.00,17.00,0.00,0,356
229.02,1544518379,2197.18,51.48964260,7.40175213,179.31,0.00,0.00,180.78,0,-110.00,-9.00,0.00,0.00,18.00,0.00,0,356
230.01,1544518380,2197.18,51.48964260,7.40175213,179.33,0.00,0.00,180.78,0,-110.00,-9.00,0.00,0.00,18.00,0.00,0,356
231.01,1544518381,2197.18,51.48964260,7.40175213,179.35,0.00,0.00,180.78,0,-110.00,-10.00,0.00,0.00,19.00,0.00,0,356
232.01,1544518382,2197.18,51.48964260,7.40175213,179.37,0.00,0.00,180.78,0,-110.00,-10.00,0.00,0.00,19.00,0.00,0,356
233.01,1544518383,2197.18,51.48964260,7.40175213,179.39,0.00,0.00,180.78,0,-110.00,-15.00,0.00,0.00,28.00,0.00,0,356
234.02,1544518384,2197.18,51.48964260,7.40175213,179.41,0.00,0.00,180.78,0,-110.00,-15.00,0.00,0.00,28.00,0.00,0,356
235.02,1544518385,2197.18,51.48964260,7.40175213,179.43,0.00,0.00,180.78,0,-111.00,-10.00,0.00,0.00,18.00,0.00,0,356
236.02,1544518386,2197.18,51.48964260,7.40175213,179.44,0.00,0.00,180.78,0,-111.00,-10.00,0.00,0.00,18.00,0.00,0,356
237.01,1544518387,2197.18,51.48964260,7.40175213,179.46,0.00,0.00,180.78,0,-111.00,-11.00,0.00,0.00,21.00,0.00,0,356
238.01,1544518388,2197.18,51.48964260,7.40175213,179.47,0.00,0.00,180.78,0,-111.00,-11.00,0.00,0.00,21.00,0.00,0,356
239.02,1544518389,2197.18,51.48964260,7.40175213,179.48,0.00,0.00,180.78,0,-111.00,-10.00,0.00,0.00,20.00,0.00,0,356
240.01,1544518390,2197.18,51.48964260,7.40175213,179.49,0.00,0.00,180.78,0,-111.00,-10.00,0.00,0.00,20.00,0.00,0,356
241.02,1544518391,2197.18,51.48964260,7.40175213,179.50,0.00,0.00,180.78,0,-111.00,-16.00,0.00,0.00,28.00,0.00,0,356
242.01,1544518392,2197.18,51.48964260,7.40175213,179.51,0.00,0.00,180.78,0,-111.00,-16.00,0.00,0.00,28.00,0.00,0,356
243.02,1544518393,2197.18,51.48964260,7.40175213,179.51,0.00,0.00,180.78,0,-111.00,-15.00,0.00,0.00,21.00,0.00,0,356
244.02,1544518394,2197.18,51.48964260,7.40175213,179.52,0.00,0.00,180.78,0,-111.00,-15.00,0.00,0.00,21.00,0.00,0,356
245.02,1544518395,2197.18,51.48964260,7.40175213,179.53,0.00,0.00,180.78,0,-111.00,-10.00,0.00,0.00,20.00,0.00,0,356
246.02,1544518396,2197.18,51.48964260,7.40175213,179.53,0.00,0.00,180.78,0,-111.00,-10.00,0.00,0.00,20.00,0.00,0,356
247.02,1544518397,2197.18,51.48964260,7.40175213,179.53,0.00,0.00,180.78,0,-111.00,-10.00,0.00,0.00,18.00,0.00,0,356
248.02,1544518398,2197.18,51.48964260,7.40175213,179.54,0.00,0.00,180.78,0,-111.00,-10.00,0.00,0.00,18.00,0.00,0,356
249.02,1544518399,2197.18,51.48964260,7.40175213,179.54,0.00,0.00,180.78,0,-111.00,-10.00,0.00,0.00,18.00,0.00,0,356
250.02,1544518400,2197.18,51.48964260,7.40175213,179.54,0.00,0.00,180.78,0,-111.00,-11.00,0.00,0.00,25.00,0.00,0,356
251.01,1544518401,2197.18,51.48964260,7.40175213,179.55,0.00,0.00,180.78,0,-111.00,-11.00,0.00,0.00,25.00,0.00,0,356
252.01,1544518402,2197.18,51.48964260,7.40175213,179.55,0.00,0.00,180.78,0,-110.00,-13.00,0.00,0.00,29.00,0.00,0,356
253.02,1544518403,2197.18,51.48964260,7.40175213,179.56,0.00,0.00,180.78,0,-110.00,-13.00,0.00,0.00,29.00,0.00,0,356
254.02,1544518404,2197.18,51.48964260,7.40175213,179.56,0.00,0.00,180.78,0,-112.00,-11.00,0.00,0.00,18.00,0.00,0,356
255.02,1544518405,2197.18,51.48964260,7.40175213,179.56,0.00,0.00,180.78,0,-112.00,-11.00,0.00,0.00,18.00,0.00,0,356
256.01,1544518406,2197.18,51.48964260,7.40175213,179.57,0.00,0.00,180.78,0,-111.00,-10.00,0.00,0.00,18.00,0.00,0,356
257.02,1544518407,2197.18,51.48964260,7.40175213,179.57,0.00,0.00,180.78,0,-111.00,-10.00,0.00,0.00,18.00,0.00,0,356
258.02,1544518408,2197.18,51.48964260,7.40175213,179.58,0.00,0.00,180.78,0,-110.00,-10.00,0.00,0.00,20.00,0.00,0,356
259.02,1544518409,2197.18,51.48964260,7.40175213,179.59,0.00,0.00,180.78,0,-110.00,-10.00,0.00,0.00,20.00,0.00,0,356
260.01,1544518410,2197.18,51.48964260,7.40175213,179.59,0.00,0.00,180.78,0,-111.00,-10.00,0.00,0.00,22.00,0.00,0,356
261.01,1544518411,2197.18,51.48964260,7.40175213,179.60,0.00,0.00,180.78,0,-111.00,-10.00,0.00,0.00,22.00,0.00,0,356
262.01,1544518412,2197.18,51.48964260,7.40175213,179.60,0.00,0.00,180.78,0,-111.00,-12.00,0.00,0.00,24.00,0.00,0,356
263.01,1544518413,2197.18,51.48964260,7.40175213,179.61,0.00,0.00,180.78,0,-111.00,-12.00,0.00,0.00,24.00,0.00,0,356
264.02,1544518414,2197.18,51.48964260,7.40175213,179.61,0.00,0.00,180.78,0,-111.00,-10.00,0.00,0.00,21.00,0.00,0,356
265.01,1544518415,2197.18,51.48964260,7.40175213,179.62,0.00,0.00,180.78,0,-111.00,-10.00,0.00,0.00,21.00,0.00,0,356
266.02,1544518416,2197.18,51.48964260,7.40175213,179.63,0.00,0.00,180.78,0,-111.00,-11.00,0.00,0.00,19.00,0.00,0,356
267.02,1544518417,2197.18,51.48964260,7.40175213,179.68,0.00,0.00,180.78,0,-111.00,-11.00,0.00,0.00,19.00,0.00,0,356
268.03,1544518418,2197.18,51.48964260,7.40175213,179.72,0.00,0.00,180.78,0,-110.00,-9.00,0.00,0.00,17.00,0.00,0,356
269.02,1544518419,2197.18,51.48964260,7.40175213,179.78,0.00,0.00,183.11,0,-110.00,-9.00,0.00,0.00,17.00,0.00,0,356
270.02,1544518420,2197.18,51.48964260,7.40175213,179.80,0.00,0.00,183.30,0,-110.00,-9.00,0.00,0.00,17.00,0.00,0,356
271.01,1544518421,2197.18,51.48958862,7.40176461,179.81,1.77,0.00,183.65,0,-109.00,-10.00,0.00,0.00,25.00,0.00,0,356
272.02,1544518422,2198.96,51.48957770,7.40176978,179.79,1.52,0.00,183.20,0,-109.00,-10.00,0.00,0.00,25.00,0.00,0,356
273.01,1544518423,2200.47,51.48957255,7.40177403,179.76,1.14,0.00,183.20,0,-108.00,-9.00,0.00,0.00,25.00,0.00,0,356
274.01,1544518424,2201.61,51.48956651,7.40177633,179.71,0.99,0.00,183.20,0,-108.00,-9.00,0.00,0.00,25.00,0.00,0,356
275.02,1544518425,2202.60,51.48956651,7.40177633,179.65,0.00,0.00,183.20,0,-110.00,-9.00,0.00,0.00,17.00,0.00,0,356
276.01,1544518426,2202.60,51.48956651,7.40177633,179.53,0.00,0.00,183.20,0,-110.00,-9.00,0.00,0.00,17.00,0.00,0,356
277.02,1544518427,2202.60,51.48956651,7.40177633,179.43,0.00,0.00,183.20,0,-111.00,-11.00,0.00,0.00,19.00,0.00,0,356
278.02,1544518428,2202.60,51.48956651,7.40177633,179.29,0.00,0.00,184.32,0,-111.00,-11.00,0.00,0.00,19.00,0.00,0,356
279.01,1544518429,2202.60,51.48956651,7.40177633,179.15,0.00,0.00,183.29,0,-109.00,-9.00,0.00,0.00,19.00,0.00,0,356
280.02,1544518430,2202.61,51.48949445,7.40177788,177.76,4.41,0.00,179.45,0,-109.00,-9.00,0.00,0.00,19.00,0.00,0,356
281.02,1544518431,2207.02,51.48945526,7.40182108,177.15,4.42,0.00,137.97,0,-105.00,-9.00,0.00,0.00,27.00,0.00,0,356
282.01,1544518432,2211.42,51.48944425,7.40186447,177.17,5.19,0.00,111.23,0,-105.00,-9.00,0.00,0.00,27.00,0.00,0,356
283.01,1544518433,2216.60,51.48943119,7.40195593,177.03,4.42,0.00,98.72,0,-105.00,-7.00,0.00,0.00,21.00,0.00,0,356
284.01,1544518434,2221.02,51.48941662,7.40205722,176.86,8.21,0.00,96.41,0,-105.00,-7.00,0.00,0.00,21.00,0.00,0,356
285.01,1544518435,2229.24,51.48940538,7.40219170,176.78,10.11,0.00,94.73,0,-107.00,-8.00,0.00,0.00,20.00,0.00,0,356
286.01,1544518436,2239.35,51.48939469,7.40235334,176.60,11.63,0.00,93.75,0,-107.00,-8.00,0.00,0.00,20.00,0.00,0,356
287.01,1544518437,2250.99,51.48938706,7.40252638,176.31,12.84,0.00,92.97,0,-110.00,-10.00,0.00,0.00,18.00,0.00,0,356
288.01,1544518438,2263.81,51.48937968,7.40273488,175.99,13.84,0.00,92.11,0,-110.00,-10.00,0.00,0.00,18.00,0.00,0,356
289.02,1544518439,2277.73,51.48937534,7.40295560,176.04,14.71,0.00,91.44,0,-110.00,-8.00,0.00,0.00,17.00,0.00,0,356
290.02,1544518440,2292.43,51.48937179,7.40318800,176.28,16.12,0.00,90.86,0,-110.00,-8.00,0.00,0.00,17.00,0.00,0,356
291.01,1544518441,2308.49,51.48936827,7.40341418,176.41,16.12,0.00,91.39,0,-110.00,-8.00,0.00,0.00,17.00,0.00,0,356
292.02,1544518442,2324.67,51.48936635,7.40364474,176.61,15.58,0.00,90.49,0,-109.00,-9.00,0.00,0.00,23.00,0.00,0,356
293.02,1544518443,2340.23,51.48936554,7.40387606,176.66,15.37,0.00,90.75,0,-109.00,-9.00,0.00,0.00,23.00,0.00,0,356
294.01,1544518444,2355.57,51.48936372,7.40409859,176.89,15.19,0.00,90.80,0,-110.00,-12.00,0.00,0.00,25.00,0.00,0,356
295.01,1544518445,2370.74,51.48936130,7.40431752,177.16,15.05,0.00,90.86,0,-110.00,-12.00,0.00,0.00,25.00,0.00,0,356
296.02,1544518446,2385.82,51.48935858,7.40453934,177.45,14.94,0.00,91.65,0,-113.00,-13.00,0.00,0.00,25.00,0.00,0,356
297.01,1544518447,2400.73,51.48935629,7.40475125,177.77,14.76,0.00,91.04,0,-113.00,-13.00,0.00,0.00,25.00,0.00,0,356
298.02,1544518448,2415.58,51.48935729,7.40496196,177.99,14.68,0.00,90.18,0,-112.00,-12.00,0.00,0.00,22.00,0.00,0,356
298.02,1544518448,2415.59,51.48935729,7.40496196,177.99,14.68,0.00,90.18,0,-113.00,-13.00,0.00,0.00,22.00,0.00,0,385
298.02,1544518448,2415.59,51.48935729,7.40496196,177.99,14.68,0.00,90.18,0,-111.00,-17.00,0.00,0.00,26.00,0.00,0,358
298.02,1544518448,2415.61,51.48935729,7.40496196,177.99,14.68,0.00,90.18,0,-111.00,-16.00,0.00,0.00,26.00,0.00,0,263
299.02,1544518449,2430.25,51.48935851,7.40517092,178.25,14.48,0.00,89.61,0,-112.00,-12.00,0.00,0.00,22.00,0.00,0,356
299.02,1544518449,2430.25,51.48935851,7.40517092,178.25,14.48,0.00,89.61,0,-113.00,-13.00,0.00,0.00,22.00,0.00,0,385
299.02,1544518449,2430.27,51.48935851,7.40517092,178.25,14.48,0.00,89.61,0,-111.00,-17.00,0.00,0.00,26.00,0.00,0,358
299.02,1544518449,2430.28,51.48935851,7.40517092,178.25,14.48,0.00,89.61,0,-111.00,-16.00,0.00,0.00,26.00,0.00,0,263
300.02,1544518450,2444.68,51.48936481,7.40538400,178.56,14.29,0.00,88.33,0,-102.00,-9.00,0.00,0.00,27.00,0.00,0,356
300.02,1544518450,2444.68,51.48936481,7.40538400,178.56,14.29,0.00,88.33,0,-108.00,-13.00,0.00,0.00,25.00,0.00,0,38
301.02,1544518451,2459.02,51.48937777,7.40556790,178.79,14.18,0.00,86.57,0,-102.00,-9.00,0.00,0.00,27.00,0.00,0,356
301.02,1544518451,2459.04,51.48937777,7.40556790,178.79,14.18,0.00,86.57,0,-108.00,-13.00,0.00,0.00,25.00,0.00,0,38
308.02,1544518458,2556.42,51.48955860,7.40693786,176.01,13.97,0.00,78.98,0,-109.00,-15.00,0.00,0.00,25.00,0.00,0,200
308.02,1544518458,2556.42,51.48955860,7.40693786,176.01,13.97,0.00,78.98,0,-110.00,-17.00,0.00,0.00,27.00,0.00,0,104
309.02,1544518459,2570.42,51.48958801,7.40712943,175.23,14.08,0.00,78.70,0,-109.00,-15.00,0.00,0.00,25.00,0.00,0,200
309.02,1544518459,2570.43,51.48958801,7.40712943,175.23,14.08,0.00,78.70,0,-110.00,-17.00,0.00,0.00,27.00,0.00,0,104
319.01,1544518469,2696.61,51.48982363,7.40887910,171.57,12.81,0.00,78.02,0,-108.00,-11.00,0.00,0.00,22.00,0.00,0,385
320.01,1544518470,2709.42,51.48984926,7.40906349,170.93,13.23,0.00,77.50,0,-108.00,-11.00,0.00,0.00,22.00,0.00,0,385
321.01,1544518471,2722.65,51.48987745,7.40927066,170.35,13.41,0.00,77.84,0,-107.00,-15.00,0.00,0.00,30.00,0.00,0,385
322.01,1544518472,2736.07,51.48990462,7.40945937,169.67,13.64,0.00,78.00,0,-107.00,-15.00,0.00,0.00,30.00,0.00,0,385
323.02,1544518473,2749.78,51.48993069,7.40963831,168.91,13.62,0.00,77.80,0,-107.00,-14.00,0.00,0.00,28.00,0.00,0,385
324.01,1544518474,2763.33,51.48995673,7.40983275,168.10,13.55,0.00,78.24,0,-107.00,-14.00,0.00,0.00,28.00,0.00,0,385
325.02,1544518475,2776.91,51.48997783,7.41002865,167.58,13.55,0.00,79.05,0,-109.00,-16.00,0.00,0.00,28.00,0.00,0,385
325.02,1544518475,2776.91,51.48997783,7.41002865,167.58,13.55,0.00,79.05,0,-114.00,-16.00,0.00,0.00,21.00,0.00,0,38
325.02,1544518475,2776.93,51.48997783,7.41002865,167.58,13.55,0.00,79.05,0,-115.00,-18.00,0.00,0.00,22.00,0.00,0,200
326.02,1544518476,2790.49,51.49000050,7.41022568,166.89,13.11,0.00,78.37,0,-109.00,-16.00,0.00,0.00,28.00,0.00,0,385
326.02,1544518476,2790.50,51.49000050,7.41022568,166.89,13.11,0.00,78.37,0,-114.00,-16.00,0.00,0.00,21.00,0.00,0,38
326.02,1544518476,2790.50,51.49000050,7.41022568,166.89,13.11,0.00,78.37,0,-115.00,-18.00,0.00,0.00,22.00,0.00,0,200
327.02,1544518477,2803.57,51.49002110,7.41039894,166.25,12.87,0.00,78.33,0,-109.00,-13.00,0.00,0.00,25.00,0.00,0,385
327.02,1544518477,2803.58,51.49002110,7.41039894,166.25,12.87,0.00,78.33,0,-110.00,-15.00,0.00,0.00,24.00,0.00,0,385
327.02,1544518477,2803.59,51.49002110,7.41039894,166.25,12.87,0.00,78.33,0,-112.00,-17.00,0.00,0.00,25.00,0.00,0,137
328.02,1544518478,2816.45,51.49004497,7.41058684,165.65,12.70,0.00,78.04,0,-109.00,-13.00,0.00,0.00,25.00,0.00,0,385
328.02,1544518478,2816.45,51.49004497,7.41058684,165.65,12.70,0.00,78.04,0,-110.00,-15.00,0.00,0.00,24.00,0.00,0,385
328.02,1544518478,2816.46,51.49004497,7.41058684,165.65,12.70,0.00,78.04,0,-112.00,-17.00,0.00,0.00,25.00,0.00,0,137
