0.03,1544518147,0.00,51.49020922,7.41164563,164.25,11.58,0.00,78.13,nan,nan,nan,nan,nan,nan,nan,nan,nan
1.04,1544518148,11.64,51.49022809,7.41180709,163.50,11.88,0.30,79.01,nan,nan,nan,nan,nan,nan,nan,nan,nan
2.05,1544518149,23.64,51.49024680,7.41197643,162.53,12.50,0.61,78.28,nan,nan,nan,nan,nan,nan,nan,nan,nan
3.04,1544518150,36.02,51.49026690,7.41213729,162.02,12.82,0.32,78.69,nan,nan,nan,nan,nan,nan,nan,nan,nan
4.04,1544518151,48.84,51.49029265,7.41232543,161.75,13.05,0.23,79.02,nan,nan,nan,nan,nan,nan,nan,nan,nan
5.04,1544518152,61.87,51.49031480,7.41250144,161.63,13.48,0.44,78.48,nan,nan,nan,nan,nan,nan,nan,nan,nan
6.04,1544518153,75.35,51.49034054,7.41271109,160.99,13.93,0.44,78.39,nan,nan,nan,nan,nan,nan,nan,nan,nan
7.04,1544518154,89.29,51.49036890,7.41292179,160.61,14.00,0.08,78.02,nan,nan,nan,nan,nan,nan,nan,nan,nan
8.04,1544518155,103.29,51.49039523,7.41312030,159.84,13.93,-0.07,77.88,nan,nan,nan,nan,nan,nan,nan,nan,nan
9.04,1544518156,117.21,51.49042208,7.41331965,158.99,13.77,-0.16,78.37,nan,nan,nan,nan,nan,nan,nan,nan,nan
10.04,1544518157,131.00,51.49045043,7.41352605,157.99,13.51,-0.26,78.71,nan,nan,nan,nan,nan,nan,nan,nan,nan
11.63,1544518159,152.55,51.49047510,7.41370655,156.96,13.56,0.03,78.42,1,-93.00,-9.00,-5.00,1.00,40.00,8.00,13828122,452
12.63,1544518160,166.01,51.49049969,7.41389404,156.09,13.43,-0.13,78.24,1,-93.00,-9.00,-5.00,1.00,40.00,8.00,13828122,452
13.62,1544518161,179.38,51.49052522,7.41409274,155.21,13.35,-0.08,77.96,1,-98.00,-10.00,-1.00,7.00,36.00,9.00,13828122,452
14.62,1544518162,192.74,51.49055250,7.41428763,153.99,13.39,0.04,77.40,1,-98.00,-10.00,-1.00,7.00,36.00,9.00,13828122,452
15.62,1544518163,206.16,51.49058087,7.41447779,153.20,13.47,0.08,78.25,1,-98.00,-13.00,-2.00,7.00,37.00,9.00,13828122,452
16.62,1544518164,219.57,51.49060490,7.41466909,152.68,13.17,-0.30,78.02,1,-98.00,-13.00,-2.00,7.00,37.00,9.00,13828122,452
17.62,1544518165,232.78,51.49062961,7.41485538,152.56,13.45,0.28,78.79,1,-99.00,-13.00,-1.00,4.00,39.00,9.00,13828122,452
18.62,1544518166,246.23,51.49064959,7.41504501,152.68,13.30,-0.15,79.42,1,-99.00,-13.00,-1.00,4.00,39.00,9.00,13828122,452
19.62,1544518167,259.53,51.49066417,7.41521877,152.83,13.12,-0.18,80.81,1,-102.00,-17.00,-8.00,3.00,39.00,9.00,13828122,452
20.63,1544518168,272.71,51.49067528,7.41540040,153.02,12.78,-0.34,82.26,1,-102.00,-17.00,-8.00,3.00,39.00,9.00,13828122,452
21.62,1544518169,285.43,51.49068473,7.41560209,152.93,12.77,-0.01,83.83,1,-100.00,-17.00,-10.00,4.00,43.00,9.00,13828122,452
22.62,1544518170,298.18,51.49068792,7.41578261,152.91,12.64,-0.13,85.75,1,-100.00,-17.00,-10.00,4.00,43.00,9.00,13828122,452
23.63,1544518171,310.91,51.49068690,7.41596970,152.95,12.40,-0.23,88.10,1,-99.00,-14.00,-11.00,6.00,40.00,7.00,13416987,62
24.63,1544518172,323.29,51.49067937,7.41613324,152.87,12.03,-0.38,90.48,1,-99.00,-14.00,-11.00,6.00,40.00,7.00,13416987,62
25.62,1544518173,335.25,51.49066792,7.41628534,152.57,10.71,-1.33,93.16,1,-99.00,-14.00,-11.00,6.00,40.00,7.00,13416987,62
26.62,1544518174,345.96,51.49065586,7.41641294,152.12,9.30,-1.41,96.02,1,-97.00,-12.00,3.00,4.00,41.00,7.00,13416987,62
27.62,1544518175,355.27,51.49064234,7.41654950,151.67,8.37,-0.93,97.76,1,-97.00,-12.00,3.00,4.00,41.00,7.00,13416987,62
28.62,1544518176,363.64,51.49062567,7.41666018,151.11,6.81,-1.56,100.07,1,-95.00,-12.00,4.00,6.00,43.00,7.00,13416987,62
29.62,1544518177,370.44,51.49061721,7.41672751,151.06,5.37,-1.44,101.30,1,-95.00,-12.00,4.00,6.00,43.00,7.00,13416987,62
30.63,1544518178,375.84,51.49060838,7.41680207,151.06,4.64,-0.73,101.94,1,-95.00,-12.00,5.00,6.00,43.00,7.00,13416987,62
31.63,1544518179,380.47,51.49059779,7.41683663,151.09,2.47,-2.18,102.89,1,-95.00,-12.00,5.00,6.00,43.00,7.00,13416987,62
32.62,1544518180,382.92,51.49059779,7.41683663,151.09,0.00,-2.48,102.89,1,-95.00,-11.00,6.00,6.00,41.00,7.00,13416987,62
33.62,1544518181,382.92,51.49059779,7.41683663,151.10,0.00,0.00,102.89,1,-95.00,-11.00,6.00,6.00,41.00,7.00,13416987,62
34.63,1544518182,382.92,51.49059779,7.41683663,151.10,0.00,0.00,102.89,1,-97.00,-12.00,3.00,6.00,40.00,7.00,13416987,62
35.63,1544518183,382.92,51.49059779,7.41683663,151.11,0.00,0.00,102.89,1,-97.00,-12.00,3.00,6.00,40.00,7.00,13416987,62
36.63,1544518184,382.92,51.49059779,7.41683663,151.12,0.00,0.00,102.89,1,-98.00,-13.00,3.00,6.00,40.00,7.00,13416987,62
37.63,1544518185,382.92,51.49059779,7.41683663,151.13,0.00,0.00,102.89,1,-98.00,-13.00,3.00,6.00,40.00,7.00,13416987,62
38.63,1544518186,382.92,51.49059779,7.41683663,151.14,0.00,0.00,102.89,1,-99.00,-14.00,1.00,6.00,40.00,7.00,13416987,62
39.63,1544518187,382.92,51.49059779,7.41683663,151.15,0.00,0.00,102.89,1,-99.00,-14.00,1.00,6.00,40.00,7.00,13416987,62
40.63,1544518188,382.92,51.49059779,7.41683663,151.16,0.00,0.00,102.89,1,-98.00,-13.00,2.00,7.00,41.00,7.00,13416987,62
41.63,1544518189,382.92,51.49059779,7.41683663,151.17,0.00,0.00,102.89,1,-98.00,-13.00,2.00,7.00,41.00,7.00,13416987,62
42.63,1544518190,382.92,51.49059779,7.41683663,151.18,0.00,0.00,102.89,1,-98.00,-14.00,2.00,7.00,41.00,7.00,13416987,62
43.62,1544518191,382.92,51.49059779,7.41683663,151.19,0.00,0.00,102.89,1,-98.00,-14.00,2.00,7.00,41.00,7.00,13416987,62
44.63,1544518192,382.92,51.49059779,7.41683663,151.20,0.00,0.00,102.89,1,-98.00,-14.00,2.00,7.00,41.00,7.00,13416987,62
45.63,1544518193,382.92,51.49059779,7.41683663,151.21,0.00,0.00,102.89,1,-98.00,-14.00,2.00,7.00,41.00,7.00,13416987,62
46.63,1544518194,382.92,51.49059779,7.41683663,151.21,0.00,0.00,102.89,1,-98.00,-14.00,2.00,7.00,41.00,7.00,13416987,62
47.62,1544518195,382.92,51.49059779,7.41683663,151.22,0.00,0.00,102.89,1,-98.00,-14.00,1.00,6.00,41.00,7.00,13416987,62
48.63,1544518196,382.92,51.49059779,7.41683663,151.23,0.00,0.00,102.89,1,-98.00,-14.00,1.00,6.00,41.00,7.00,13416987,62
49.63,1544518197,382.92,51.49059779,7.41683663,151.24,0.00,0.00,102.89,1,-98.00,-13.00,2.00,7.00,40.00,7.00,13416987,62
50.62,1544518198,382.92,51.49059779,7.41683663,151.24,0.00,0.00,102.89,1,-98.00,-13.00,2.00,7.00,40.00,7.00,13416987,62
51.63,1544518199,382.92,51.49059779,7.41683663,151.25,0.00,0.00,102.89,1,-98.00,-13.00,1.00,6.00,40.00,7.00,13416987,62
52.63,1544518200,382.92,51.49059779,7.41683663,151.26,0.00,0.00,102.89,1,-98.00,-13.00,1.00,6.00,40.00,7.00,13416987,62
53.63,1544518201,382.92,51.49059779,7.41683663,151.27,0.00,0.00,102.89,1,-98.00,-12.00,2.00,6.00,40.00,7.00,13416987,62
54.63,1544518202,382.92,51.49059779,7.41683663,151.28,0.00,0.00,102.89,1,-98.00,-12.00,2.00,6.00,40.00,7.00,13416987,62
55.63,1544518203,382.92,51.49059779,7.41683663,151.29,0.00,0.00,102.89,1,-99.00,-13.00,2.00,5.00,39.00,7.00,13416987,62
56.63,1544518204,382.92,51.49059779,7.41683663,151.30,0.00,0.00,102.89,1,-99.00,-13.00,2.00,5.00,39.00,7.00,13416987,62
57.63,1544518205,382.92,51.49059779,7.41683663,151.32,0.00,0.00,102.89,1,-97.00,-13.00,1.00,5.00,40.00,7.00,13416987,62
58.63,1544518206,382.92,51.49059779,7.41683663,151.54,0.00,0.00,95.79,1,-97.00,-13.00,1.00,5.00,40.00,7.00,13416987,62
59.62,1544518207,382.92,51.49058661,7.41694207,151.79,0.00,0.00,98.63,1,-96.00,-13.00,1.00,7.00,41.00,7.00,13416987,62
60.63,1544518208,382.92,51.49057711,7.41701680,154.27,4.61,0.00,99.44,1,-96.00,-13.00,1.00,7.00,41.00,7.00,13416987,62
61.63,1544518209,387.52,51.49056824,7.41710249,156.23,5.00,0.40,97.19,1,-96.00,-11.00,3.00,5.00,39.00,7.00,13416987,62
62.62,1544518210,392.51,51.49058386,7.41716521,157.73,5.71,0.70,65.91,1,-96.00,-11.00,3.00,5.00,39.00,7.00,13416987,62
63.62,1544518211,398.22,51.49062445,7.41724104,158.56,5.55,-0.16,42.59,1,-98.00,-13.00,4.00,9.00,39.00,7.00,13416987,62
64.62,1544518212,403.76,51.49068939,7.41726906,158.95,7.34,1.79,14.54,1,-98.00,-13.00,4.00,9.00,39.00,7.00,13416987,62
65.63,1544518213,411.15,51.49075468,7.41725938,158.70,8.59,1.24,354.85,1,-89.00,-10.00,7.00,6.00,47.00,7.00,13416987,62
66.63,1544518214,419.71,51.49082715,7.41724066,157.85,8.71,0.12,353.27,1,-89.00,-10.00,7.00,6.00,47.00,7.00,13416987,62
67.62,1544518215,428.41,51.49090240,7.41721074,157.35,8.75,0.04,352.48,1,-89.00,-10.00,7.00,6.00,47.00,7.00,13416987,62
68.62,1544518216,437.16,51.49098805,7.41717420,157.10,9.23,0.47,351.36,1,-83.00,-11.00,10.00,15.00,55.00,7.00,13416987,62
69.62,1544518217,446.39,51.49107599,7.41713160,156.86,8.98,-0.25,350.12,1,-83.00,-11.00,10.00,15.00,55.00,7.00,13416987,62
70.63,1544518218,455.38,51.49115127,7.41709213,156.85,9.20,0.22,349.42,1,-89.00,-12.00,11.00,11.00,47.00,7.00,13416987,62
71.62,1544518219,464.54,51.49122636,7.41705187,156.87,9.00,-0.19,348.78,1,-89.00,-12.00,11.00,11.00,47.00,7.00,13416987,62
72.62,1544518220,473.56,51.49130296,7.41701281,156.92,8.84,-0.16,348.43,1,-87.00,-11.00,11.00,10.00,50.00,7.00,13416987,62
73.62,1544518221,482.40,51.49137274,7.41697787,156.81,8.67,-0.17,347.54,1,-87.00,-11.00,11.00,10.00,50.00,7.00,13416987,62
74.62,1544518222,491.08,51.49144854,7.41694493,156.52,8.95,0.28,347.17,1,-91.00,-12.00,7.00,6.00,45.00,7.00,13416987,62
75.62,1544518223,500.02,51.49152842,7.41691484,156.42,8.95,0.00,346.51,1,-91.00,-12.00,7.00,6.00,45.00,7.00,13416987,62
76.63,1544518224,508.99,51.49160633,7.41688267,156.50,8.82,-0.14,345.58,1,-99.00,-13.00,2.00,7.00,39.00,7.00,13416987,62
77.63,1544518225,517.81,51.49167424,7.41685017,156.44,8.59,-0.23,344.77,1,-99.00,-13.00,2.00,7.00,39.00,7.00,13416987,62
78.62,1544518226,526.38,51.49174924,7.41681064,156.19,8.43,-0.16,343.19,1,-99.00,-14.00,0.00,7.00,39.00,7.00,13416987,62
79.63,1544518227,534.84,51.49181016,7.41677486,155.90,8.53,0.11,341.66,1,-99.00,-14.00,0.00,7.00,39.00,7.00,13416987,62
80.63,1544518228,543.43,51.49189000,7.41672346,155.86,9.07,0.53,339.58,1,-100.00,-13.00,0.00,8.00,38.00,7.00,13416987,62
81.63,1544518229,552.42,51.49195420,7.41667360,155.31,9.22,0.15,337.30,1,-100.00,-13.00,0.00,8.00,38.00,7.00,13416987,62
82.63,1544518230,561.64,51.49201929,7.41661825,154.98,7.47,-1.75,334.27,1,-101.00,-14.00,-1.00,6.00,38.00,7.00,13416987,62
83.62,1544518231,569.06,51.49208768,7.41656004,154.48,8.04,0.58,333.32,1,-101.00,-14.00,-1.00,6.00,38.00,7.00,13416987,62
84.62,1544518232,577.11,51.49216106,7.41649391,154.61,8.31,0.27,331.98,1,-101.00,-14.00,-3.00,7.00,37.00,7.00,13416987,62
85.62,1544518233,585.45,51.49222788,7.41642854,155.04,8.10,-0.21,330.06,1,-101.00,-14.00,-3.00,7.00,37.00,7.00,13416987,62
86.63,1544518234,593.64,51.49230266,7.41635655,155.65,8.71,0.60,330.99,1,-100.00,-14.00,-3.00,6.00,39.00,7.00,13416987,62
87.63,1544518235,602.27,51.49236919,7.41630285,156.72,8.35,-0.37,332.27,1,-100.00,-14.00,-3.00,6.00,39.00,7.00,13416987,62
88.63,1544518236,610.63,51.49245287,7.41623946,157.50,9.22,0.87,334.10,1,-100.00,-14.00,-3.00,6.00,39.00,7.00,13416987,62
89.63,1544518237,619.84,51.49252599,7.41619157,158.88,9.00,-0.21,336.12,1,-102.00,-14.00,-3.00,6.00,37.00,7.00,13416987,62
90.63,1544518238,628.89,51.49259674,7.41615677,159.51,8.79,-0.21,339.81,1,-102.00,-14.00,-3.00,6.00,37.00,7.00,13416987,62
91.62,1544518239,637.61,51.49267159,7.41612215,159.99,8.24,-0.56,341.07,1,-98.00,-12.00,-1.00,8.00,38.00,7.00,13416987,62
92.62,1544518240,645.85,51.49276796,7.41608443,159.70,8.78,0.54,343.73,1,-98.00,-12.00,-1.00,8.00,38.00,7.00,13416987,62
93.62,1544518241,654.64,51.49285989,7.41604678,159.58,9.52,0.74,344.60,1,-96.00,-11.00,0.00,6.00,39.00,7.00,13416987,62
94.62,1544518242,664.15,51.49294638,7.41600910,159.13,9.38,-0.13,342.26,1,-96.00,-11.00,0.00,6.00,39.00,7.00,13416987,62
95.63,1544518243,673.56,51.49302763,7.41597264,157.95,8.96,-0.42,341.62,1,-106.00,-14.00,-1.00,6.00,34.00,7.00,13416987,62
96.63,1544518244,682.52,51.49311251,7.41594134,157.14,9.34,0.38,344.05,1,-106.00,-14.00,-1.00,6.00,34.00,7.00,13416987,62
97.62,1544518245,691.83,51.49319909,7.41590978,156.68,9.15,-0.19,343.67,1,-104.00,-14.00,-3.00,5.00,36.00,7.00,13416987,62
98.62,1544518246,700.99,51.49329023,7.41588167,156.15,8.96,-0.19,344.86,1,-104.00,-14.00,-3.00,5.00,36.00,7.00,13416987,62
99.63,1544518247,709.95,51.49337255,7.41586527,155.30,8.14,-0.82,347.71,1,-104.00,-14.00,-2.00,6.00,34.00,7.00,13416987,62
100.63,1544518248,718.14,51.49344377,7.41585257,154.80,8.67,0.53,348.45,1,-104.00,-14.00,-2.00,6.00,34.00,7.00,13416987,62
101.63,1544518249,726.75,51.49351977,7.41583828,154.48,8.67,0.00,348.79,1,-106.00,-15.00,-4.00,5.00,34.00,7.00,13416987,62
102.63,1544518250,735.43,51.49359881,7.41582083,154.24,8.59,-0.08,348.58,1,-106.00,-15.00,-4.00,5.00,34.00,7.00,13416987,62
103.62,1544518251,744.01,51.49368936,7.41580037,154.15,8.79,0.20,347.95,1,-104.00,-14.00,-2.00,6.00,35.00,7.00,13416987,62
104.62,1544518252,752.80,51.49376733,7.41578283,153.75,9.00,0.21,348.28,1,-104.00,-14.00,-2.00,6.00,35.00,7.00,13416987,62
105.63,1544518253,761.82,51.49383532,7.41576504,152.77,8.54,-0.46,347.58,1,-108.00,-16.00,-4.00,4.00,32.00,7.00,13416987,62
106.63,1544518254,770.36,51.49393031,7.41573510,152.01,8.96,0.42,348.05,1,-108.00,-16.00,-4.00,4.00,32.00,7.00,13416987,62
107.63,1544518255,779.40,51.49401969,7.41570170,151.59,9.49,0.52,345.72,1,-111.00,-17.00,-7.00,4.00,31.00,7.00,13416987,62
108.63,1544518256,788.81,51.49409782,7.41566933,151.42,10.60,1.12,344.18,1,-111.00,-17.00,-7.00,4.00,31.00,7.00,13416987,62
109.63,1544518257,799.40,51.49418668,7.41563054,151.61,11.17,0.57,344.73,1,-111.00,-17.00,-7.00,4.00,31.00,7.00,13416987,62
110.63,1544518258,810.64,51.49427136,7.41559821,151.88,10.79,-0.38,345.39,1,-111.00,-17.00,-8.00,3.00,30.00,7.00,13416987,62
111.63,1544518259,821.37,51.49435472,7.41556613,152.17,10.03,-0.76,346.06,1,-111.00,-17.00,-8.00,3.00,30.00,7.00,13416987,62
112.63,1544518260,831.42,51.49443779,7.41552710,153.00,7.94,-2.09,346.45,1,-111.00,-19.00,-10.00,3.00,32.00,7.00,13416987,62
113.62,1544518261,839.32,51.49450854,7.41549954,153.57,6.24,-1.70,344.80,1,-111.00,-19.00,-10.00,3.00,32.00,7.00,13416987,62
114.63,1544518262,845.58,51.49454198,7.41541639,153.33,6.29,0.05,311.67,1,-111.00,-18.00,-10.00,3.00,32.00,7.00,13416987,62
115.63,1544518263,851.86,51.49454704,7.41532927,153.58,7.56,1.27,283.78,1,-111.00,-18.00,-10.00,3.00,32.00,7.00,13416987,62
116.63,1544518264,859.43,51.49453700,7.41520826,154.20,8.56,1.00,261.42,1,-112.00,-19.00,-12.00,2.00,32.00,17.00,13783578,367
117.63,1544518265,867.99,51.49452184,7.41506803,154.96,8.89,0.33,261.94,1,-112.00,-19.00,-12.00,2.00,32.00,17.00,13783578,367
118.62,1544518266,876.86,51.49450789,7.41491764,155.06,10.64,1.75,260.78,1,-93.00,-10.00,1.00,6.00,45.00,10.00,13542402,34
119.62,1544518267,887.49,51.49448974,7.41475829,155.05,11.33,0.69,259.95,1,-93.00,-10.00,1.00,6.00,45.00,10.00,13542402,34
120.63,1544518268,898.92,51.49446813,7.41458844,154.92,12.20,0.87,259.36,1,-99.00,-14.00,0.00,6.00,40.00,10.00,13542402,34
121.63,1544518269,911.12,51.49443950,7.41443367,154.88,12.58,0.37,258.61,1,-99.00,-14.00,0.00,6.00,40.00,10.00,13542402,34
122.62,1544518270,923.62,51.49441230,7.41422951,154.86,13.44,0.87,258.26,1,-99.00,-14.00,0.00,7.00,40.00,10.00,13542402,34
123.62,1544518271,937.07,51.49439031,7.41403649,154.79,13.34,-0.11,257.75,1,-99.00,-14.00,0.00,7.00,40.00,10.00,13542402,34
124.62,1544518272,950.39,51.49436563,7.41384438,155.11,13.25,-0.09,257.73,1,-104.00,-18.00,-4.00,4.00,39.00,10.00,13542402,34
125.63,1544518273,963.67,51.49433951,7.41365553,155.57,12.91,-0.35,257.21,1,-104.00,-18.00,-4.00,4.00,39.00,10.00,13542402,34
126.62,1544518274,976.54,51.49431355,7.41346339,155.65,12.95,0.04,257.21,1,-100.00,-17.00,-5.00,3.00,42.00,10.00,13542402,34
127.62,1544518275,989.49,51.49428702,7.41327654,155.76,13.10,0.14,257.60,1,-100.00,-17.00,-5.00,3.00,42.00,10.00,13542402,34
128.63,1544518276,1002.73,51.49426445,7.41308891,155.80,13.27,0.18,258.48,1,-100.00,-15.00,-5.00,3.00,41.00,10.00,13542402,34
129.62,1544518277,1015.89,51.49424094,7.41290162,155.88,13.32,0.05,258.71,1,-100.00,-15.00,-5.00,3.00,41.00,10.00,13542402,34
130.63,1544518278,1029.28,51.49421742,7.41270642,156.46,13.63,0.31,258.02,1,-100.00,-15.00,-5.00,3.00,41.00,10.00,13542402,34
131.63,1544518279,1042.86,51.49419443,7.41250769,157.28,13.66,0.02,257.55,1,-99.00,-18.00,-6.00,3.00,44.00,10.00,13542402,34
132.62,1544518280,1056.50,51.49417315,7.41231824,157.91,13.37,-0.28,258.19,1,-99.00,-18.00,-6.00,3.00,44.00,10.00,13542402,34
133.63,1544518281,1069.89,51.49414878,7.41212559,158.92,13.21,-0.17,257.48,1,-98.00,-15.00,-6.00,4.00,42.00,10.00,13542402,34
134.63,1544518282,1083.11,51.49412501,7.41194461,159.87,13.02,-0.18,257.49,1,-98.00,-15.00,-6.00,4.00,42.00,10.00,13542402,34
135.63,1544518283,1096.12,51.49410120,7.41176852,160.35,13.15,0.13,257.93,1,-97.00,-17.00,-7.00,4.00,50.00,13.00,13880067,38
136.63,1544518284,1109.28,51.49407492,7.41157768,161.12,13.15,0.00,257.64,1,-97.00,-17.00,-7.00,4.00,50.00,13.00,13880067,38
137.62,1544518285,1122.40,51.49404946,7.41139075,161.48,13.27,0.13,257.67,1,-94.00,-13.00,-6.00,6.00,44.00,10.00,13542402,34
138.62,1544518286,1135.66,51.49402208,7.41120011,161.80,13.48,0.21,257.94,1,-94.00,-13.00,-6.00,6.00,44.00,10.00,13542402,34
139.63,1544518287,1149.17,51.49399652,7.41101068,162.11,13.63,0.15,258.21,1,-97.00,-15.00,-2.00,4.00,43.00,10.00,13542402,34
140.63,1544518288,1162.84,51.49396939,7.41081027,162.44,13.62,-0.01,258.63,1,-97.00,-15.00,-2.00,4.00,43.00,10.00,13542402,34
141.62,1544518289,1176.39,51.49394581,7.41062493,162.69,13.54,-0.08,258.50,1,-95.00,-15.00,-4.00,4.00,45.00,10.00,13542402,34
142.62,1544518290,1189.95,51.49392001,7.41043549,162.93,13.41,-0.13,258.08,1,-95.00,-15.00,-4.00,4.00,45.00,10.00,13542402,34
143.62,1544518291,1203.36,51.49389305,7.41026292,163.37,13.49,0.08,258.18,1,-99.00,-17.00,-5.00,4.00,44.00,10.00,13542402,34
144.63,1544518292,1216.86,51.49386475,7.41008867,164.10,13.33,-0.16,257.68,1,-99.00,-17.00,-5.00,4.00,44.00,10.00,13542402,34
145.63,1544518293,1230.19,51.49383805,7.40990614,164.61,13.51,0.18,257.72,1,-99.00,-14.00,-3.00,5.00,41.00,10.00,13542402,34
146.63,1544518294,1243.72,51.49380858,7.40971512,165.07,13.86,0.35,257.39,1,-99.00,-14.00,-3.00,5.00,41.00,10.00,13542402,34
147.62,1544518295,1257.55,51.49377755,7.40951109,165.73,14.31,0.45,257.77,1,-93.00,-13.00,-1.00,6.00,45.00,10.00,13542402,34
148.62,1544518296,1271.86,51.49375103,7.40930776,166.09,14.21,-0.10,258.43,1,-93.00,-13.00,-1.00,6.00,45.00,10.00,13542402,34
149.63,1544518297,1286.19,51.49372600,7.40910247,166.40,14.25,0.04,258.08,1,-91.00,-12.00,1.00,7.00,47.00,10.00,13542402,34
150.63,1544518298,1300.38,51.49370038,7.40889474,166.75,14.43,0.18,257.74,1,-91.00,-12.00,1.00,7.00,47.00,10.00,13542402,34
151.62,1544518299,1314.74,51.49367388,7.40868857,167.10,14.69,0.26,257.83,1,-91.00,-12.00,1.00,7.00,47.00,10.00,13542402,34
152.62,1544518300,1329.44,51.49364624,7.40847774,167.43,14.90,0.21,258.32,1,-101.00,-19.00,-5.00,1.00,43.00,10.00,13542402,34
153.62,1544518301,1344.33,51.49361841,7.40826369,167.45,15.20,0.30,258.47,1,-101.00,-19.00,-5.00,1.00,43.00,10.00,13542402,34
154.63,1544518302,1359.56,51.49359003,7.40805403,167.56,15.17,-0.02,258.80,1,-100.00,-17.00,-5.00,3.00,42.00,10.00,13542402,34
155.63,1544518303,1374.72,51.49356103,7.40784384,167.50,15.39,0.21,258.59,1,-100.00,-17.00,-5.00,3.00,42.00,10.00,13542402,34
156.63,1544518304,1390.10,51.49353334,7.40762445,167.48,15.09,-0.29,258.24,1,-101.00,-16.00,-5.00,4.00,40.00,10.00,13542402,34
157.63,1544518305,1405.20,51.49350530,7.40741528,167.54,14.81,-0.28,257.74,1,-101.00,-16.00,-5.00,4.00,40.00,10.00,13542402,34
158.63,1544518306,1420.04,51.49347761,7.40720246,167.49,14.58,-0.23,257.96,1,-102.00,-18.00,-7.00,2.00,41.00,10.00,13542402,34
159.64,1544518307,1434.77,51.49345074,7.40700044,167.65,14.55,-0.03,257.58,1,-102.00,-18.00,-7.00,2.00,41.00,10.00,13542402,34
160.63,1544518308,1449.20,51.49342213,7.40680067,168.02,14.45,-0.10,257.72,1,-99.00,-16.00,-5.00,4.00,42.00,10.00,13542402,34
161.63,1544518309,1463.59,51.49339300,7.40660157,168.30,14.25,-0.20,258.13,1,-99.00,-16.00,-5.00,4.00,42.00,10.00,13542402,34
162.63,1544518310,1477.85,51.49336515,7.40639677,168.66,13.98,-0.27,258.04,1,-98.00,-15.00,-5.00,5.00,42.00,10.00,13542402,34
163.63,1544518311,1491.83,51.49333810,7.40620755,169.00,13.94,-0.04,258.43,1,-98.00,-15.00,-5.00,5.00,42.00,10.00,13542402,34
164.62,1544518312,1505.75,51.49331272,7.40600003,169.18,13.87,-0.07,258.02,1,-99.00,-15.00,-2.00,5.00,41.00,10.00,13542402,34
165.62,1544518313,1519.62,51.49328800,7.40580201,169.31,13.73,-0.14,257.86,1,-99.00,-15.00,-2.00,5.00,41.00,10.00,13542402,34
166.62,1544518314,1533.35,51.49326393,7.40560865,169.42,13.87,0.14,257.71,1,-95.00,-14.00,3.00,4.00,43.00,10.00,13542402,34
167.62,1544518315,1547.21,51.49324179,7.40541088,169.61,14.18,0.31,257.78,1,-95.00,-14.00,3.00,4.00,43.00,10.00,13542402,34
168.63,1544518316,1561.42,51.49321543,7.40522611,169.82,14.49,0.31,257.70,1,-103.00,-16.00,-4.00,4.00,39.00,10.00,13542402,34
169.63,1544518317,1575.93,51.49318748,7.40501426,169.97,14.90,0.41,258.13,1,-103.00,-16.00,-4.00,4.00,39.00,10.00,13542402,34
170.64,1544518318,1591.00,51.49315727,7.40481572,170.01,14.72,-0.18,257.96,1,-104.00,-16.00,-5.00,4.00,36.00,10.00,13542402,34
171.63,1544518319,1605.54,51.49312952,7.40461096,169.96,14.49,-0.24,258.16,1,-104.00,-16.00,-5.00,4.00,36.00,10.00,13542402,34
172.63,1544518320,1620.05,51.49310135,7.40440742,169.89,14.44,-0.05,258.34,1,-104.00,-16.00,-5.00,4.00,36.00,10.00,13542402,34
173.63,1544518321,1634.47,51.49307631,7.40419887,169.67,14.32,-0.11,258.48,1,-106.00,-17.00,-6.00,2.00,37.00,10.00,13542402,34
174.63,1544518322,1648.79,51.49305242,7.40399373,169.37,14.39,0.07,258.83,1,-106.00,-17.00,-6.00,2.00,37.00,10.00,13542402,34
175.62,1544518323,1663.17,51.49303073,7.40378931,168.89,14.26,-0.13,259.91,1,-106.00,-17.00,-7.00,3.00,37.00,10.00,13542402,34
176.63,1544518324,1677.44,51.49301653,7.40359561,168.66,14.26,0.00,262.08,1,-106.00,-17.00,-7.00,3.00,37.00,10.00,13542402,34
177.63,1544518325,1691.70,51.49300573,7.40338798,168.55,13.90,-0.37,264.62,1,-101.00,-17.00,-5.00,3.00,41.00,10.00,13542402,34
178.63,1544518326,1705.61,51.49299701,7.40318359,168.68,13.25,-0.64,265.81,1,-101.00,-17.00,-5.00,3.00,41.00,10.00,13542402,34
179.63,1544518327,1718.85,51.49298832,7.40299449,168.98,12.46,-0.80,266.37,1,-104.00,-18.00,-7.00,3.00,40.00,10.00,13542402,34
180.63,1544518328,1731.37,51.49298368,7.40282927,169.05,11.49,-0.97,266.97,1,-104.00,-18.00,-7.00,3.00,40.00,10.00,13542402,34
181.62,1544518329,1742.78,51.49297906,7.40267210,169.19,10.13,-1.36,267.63,nan,nan,nan,nan,nan,nan,nan,nan,nan
182.62,1544518330,1752.91,51.49297813,7.40253816,169.18,8.68,-1.45,268.50,nan,nan,nan,nan,nan,nan,nan,nan,nan
183.62,1544518331,1761.58,51.49297850,7.40242298,168.89,7.53,-1.15,269.25,nan,nan,nan,nan,nan,nan,nan,nan,nan
184.62,1544518332,1769.12,51.49298103,7.40232585,168.36,6.68,-0.85,269.71,nan,nan,nan,nan,nan,nan,nan,nan,nan
185.62,1544518333,1775.80,51.49298201,7.40222795,168.20,5.77,-0.91,270.43,nan,nan,nan,nan,nan,nan,nan,nan,nan
186.62,1544518334,1781.56,51.49298525,7.40214551,167.82,5.70,-0.07,271.33,nan,nan,nan,nan,nan,nan,nan,nan,nan
187.62,1544518335,1787.26,51.49298719,7.40206568,167.73,5.15,-0.55,272.03,nan,nan,nan,nan,nan,nan,nan,nan,nan
188.62,1544518336,1792.42,51.49298822,7.40198396,167.65,5.31,0.16,271.46,nan,nan,nan,nan,nan,nan,nan,nan,nan
189.62,1544518337,1797.73,51.49298958,7.40190120,167.53,6.04,0.73,270.66,nan,nan,nan,nan,nan,nan,nan,nan,nan
190.38,1544518338,1802.30,51.49298797,7.40181295,167.42,5.78,-0.34,267.77,nan,nan,nan,nan,nan,nan,nan,nan,nan
191.38,1544518339,1808.09,51.49294358,7.40176499,167.40,6.21,0.42,207.81,nan,nan,nan,nan,nan,nan,nan,nan,nan
192.39,1544518340,1814.33,51.49288184,7.40175969,167.04,7.99,1.77,186.01,nan,nan,nan,nan,nan,nan,nan,nan,nan
193.39,1544518341,1822.37,51.49279755,7.40175055,166.68,9.10,1.11,184.89,nan,nan,nan,nan,nan,nan,nan,nan,nan
194.38,1544518342,1831.37,51.49270473,7.40174144,167.34,10.13,1.04,183.62,nan,nan,nan,nan,nan,nan,nan,nan,nan
195.38,1544518343,1841.50,51.49259308,7.40173960,168.10,11.28,1.15,182.43,nan,nan,nan,nan,nan,nan,nan,nan,nan
196.38,1544518344,1852.78,51.49248460,7.40173865,168.84,12.28,1.00,181.78,nan,nan,nan,nan,nan,nan,nan,nan,nan
197.38,1544518345,1865.07,51.49236298,7.40174484,169.46,13.23,0.95,181.34,nan,nan,nan,nan,nan,nan,nan,nan,nan
198.38,1544518346,1878.29,51.49224631,7.40174419,170.02,13.36,0.13,180.82,nan,nan,nan,nan,nan,nan,nan,nan,nan
199.38,1544518347,1891.65,51.49213072,7.40174675,170.49,13.08,-0.28,180.24,nan,nan,nan,nan,nan,nan,nan,nan,nan
200.38,1544518348,1904.74,51.49200942,7.40175213,170.86,13.36,0.28,179.57,nan,nan,nan,nan,nan,nan,nan,nan,nan
201.38,1544518349,1918.10,51.49188975,7.40176032,171.19,13.32,-0.05,178.76,nan,nan,nan,nan,nan,nan,nan,nan,nan
202.38,1544518350,1931.39,51.49176233,7.40176713,171.59,13.32,0.00,179.37,nan,nan,nan,nan,nan,nan,nan,nan,nan
203.38,1544518351,1944.73,51.49164205,7.40176332,171.90,13.39,0.07,180.60,nan,nan,nan,nan,nan,nan,nan,nan,nan
204.38,1544518352,1958.12,51.49151814,7.40175860,172.24,13.96,0.58,181.05,nan,nan,nan,nan,nan,nan,nan,nan,nan
205.38,1544518353,1972.07,51.49139082,7.40175182,172.15,14.40,0.44,181.90,nan,nan,nan,nan,nan,nan,nan,nan,nan
206.38,1544518354,1986.49,51.49126682,7.40174729,171.91,14.12,-0.29,180.98,nan,nan,nan,nan,nan,nan,nan,nan,nan
207.38,1544518355,2000.59,51.49113117,7.40174176,172.10,13.82,-0.30,180.66,nan,nan,nan,nan,nan,nan,nan,nan,nan
208.38,1544518356,2014.39,51.49101187,7.40173901,172.39,13.62,-0.19,180.30,nan,nan,nan,nan,nan,nan,nan,nan,nan
209.38,1544518357,2028.03,51.49089041,7.40173639,172.48,13.20,-0.43,180.30,nan,nan,nan,nan,nan,nan,nan,nan,nan
210.38,1544518358,2041.24,51.49077243,7.40173677,172.30,13.71,0.51,180.78,nan,nan,nan,nan,nan,nan,nan,nan,nan
211.38,1544518359,2054.94,51.49065640,7.40173592,172.05,12.63,-1.08,180.12,nan,nan,nan,nan,nan,nan,nan,nan,nan
212.38,1544518360,2067.56,51.49054270,7.40173613,172.16,12.67,0.04,180.58,nan,nan,nan,nan,nan,nan,nan,nan,nan
213.38,1544518361,2080.24,51.49042508,7.40173682,172.53,13.04,0.37,180.38,nan,nan,nan,nan,nan,nan,nan,nan,nan
214.39,1544518362,2093.43,51.49031139,7.40173583,173.14,12.83,-0.20,180.19,nan,nan,nan,nan,nan,nan,nan,nan,nan
215.38,1544518363,2106.10,51.49020058,7.40173554,174.00,12.27,-0.57,179.71,nan,nan,nan,nan,nan,nan,nan,nan,nan
216.38,1544518364,2118.40,51.49008057,7.40173476,175.34,11.83,-0.44,179.10,nan,nan,nan,nan,nan,nan,nan,nan,nan
217.38,1544518365,2130.20,51.48997643,7.40174094,176.45,10.98,-0.85,178.39,nan,nan,nan,nan,nan,nan,nan,nan,nan
218.38,1544518366,2141.21,51.48988182,7.40174602,177.55,10.09,-0.90,179.16,nan,nan,nan,nan,nan,nan,nan,nan,nan
219.38,1544518367,2151.28,51.48979481,7.40174595,178.80,7.80,-2.29,179.76,nan,nan,nan,nan,nan,nan,nan,nan,nan
220.38,1544518368,2159.10,51.48973538,7.40174690,179.43,5.91,-1.89,180.75,nan,nan,nan,nan,nan,nan,nan,nan,nan
221.38,1544518369,2165.00,51.48970327,7.40174673,179.43,3.76,-2.15,181.20,nan,nan,nan,nan,nan,nan,nan,nan,nan
222.38,1544518370,2168.76,51.48968429,7.40174522,179.40,2.31,-1.46,180.26,nan,nan,nan,nan,nan,nan,nan,nan,nan
223.38,1544518371,2171.07,51.48966872,7.40174525,179.34,1.66,-0.65,180.79,nan,nan,nan,nan,nan,nan,nan,nan,nan
224.38,1544518372,2172.73,51.48966872,7.40174525,179.34,0.00,-1.66,180.79,nan,nan,nan,nan,nan,nan,nan,nan,nan
225.38,1544518373,2172.73,51.48966872,7.40174525,179.33,0.00,0.00,180.79,nan,nan,nan,nan,nan,nan,nan,nan,nan
226.38,1544518374,2172.73,51.48966872,7.40174525,179.33,0.00,0.00,180.79,nan,nan,nan,nan,nan,nan,nan,nan,nan
227.38,1544518375,2172.73,51.48966872,7.40174525,179.33,0.00,0.00,180.79,nan,nan,nan,nan,nan,nan,nan,nan,nan
228.38,1544518376,2172.73,51.48966872,7.40174525,179.33,0.00,0.00,180.79,nan,nan,nan,nan,nan,nan,nan,nan,nan
229.38,1544518377,2172.73,51.48966872,7.40174525,179.32,0.00,0.00,180.79,nan,nan,nan,nan,nan,nan,nan,nan,nan
230.38,1544518378,2172.73,51.48966872,7.40174525,179.31,0.00,0.00,180.79,nan,nan,nan,nan,nan,nan,nan,nan,nan
231.38,1544518379,2172.73,51.48966872,7.40174525,179.31,0.00,0.00,180.79,nan,nan,nan,nan,nan,nan,nan,nan,nan
232.38,1544518380,2172.73,51.48966872,7.40174525,179.31,0.00,0.00,180.79,nan,nan,nan,nan,nan,nan,nan,nan,nan
233.38,1544518381,2172.73,51.48966872,7.40174525,179.31,0.00,0.00,180.79,nan,nan,nan,nan,nan,nan,nan,nan,nan
234.38,1544518382,2172.73,51.48966872,7.40174525,179.31,0.00,0.00,180.79,nan,nan,nan,nan,nan,nan,nan,nan,nan
235.39,1544518383,2172.73,51.48966872,7.40174525,179.32,0.00,0.00,180.79,nan,nan,nan,nan,nan,nan,nan,nan,nan
236.38,1544518384,2172.73,51.48966872,7.40174525,179.33,0.00,0.00,180.79,nan,nan,nan,nan,nan,nan,nan,nan,nan
237.38,1544518385,2172.73,51.48966872,7.40174525,179.33,0.00,0.00,180.79,nan,nan,nan,nan,nan,nan,nan,nan,nan
238.38,1544518386,2172.73,51.48966872,7.40174525,179.34,0.00,0.00,180.79,nan,nan,nan,nan,nan,nan,nan,nan,nan
239.38,1544518387,2172.73,51.48966872,7.40174525,179.35,0.00,0.00,180.79,nan,nan,nan,nan,nan,nan,nan,nan,nan
240.38,1544518388,2172.73,51.48966872,7.40174525,179.35,0.00,0.00,180.79,nan,nan,nan,nan,nan,nan,nan,nan,nan
241.38,1544518389,2172.73,51.48966872,7.40174525,179.36,0.00,0.00,180.79,nan,nan,nan,nan,nan,nan,nan,nan,nan
242.38,1544518390,2172.73,51.48966872,7.40174525,179.37,0.00,0.00,180.79,nan,nan,nan,nan,nan,nan,nan,nan,nan
243.38,1544518391,2172.73,51.48966872,7.40174525,179.37,0.00,0.00,180.79,nan,nan,nan,nan,nan,nan,nan,nan,nan
244.38,1544518392,2172.73,51.48966872,7.40174525,179.38,0.00,0.00,180.79,nan,nan,nan,nan,nan,nan,nan,nan,nan
245.38,1544518393,2172.73,51.48966872,7.40174525,179.39,0.00,0.00,180.79,nan,nan,nan,nan,nan,nan,nan,nan,nan
246.38,1544518394,2172.73,51.48966872,7.40174525,179.40,0.00,0.00,180.79,nan,nan,nan,nan,nan,nan,nan,nan,nan
247.38,1544518395,2172.73,51.48966872,7.40174525,179.41,0.00,0.00,180.79,nan,nan,nan,nan,nan,nan,nan,nan,nan
248.38,1544518396,2172.73,51.48966872,7.40174525,179.43,0.00,0.00,180.79,nan,nan,nan,nan,nan,nan,nan,nan,nan
249.38,1544518397,2172.73,51.48966872,7.40174525,179.44,0.00,0.00,180.79,nan,nan,nan,nan,nan,nan,nan,nan,nan
250.38,1544518398,2172.73,51.48966872,7.40174525,179.46,0.00,0.00,180.79,nan,nan,nan,nan,nan,nan,nan,nan,nan
251.38,1544518399,2172.73,51.48966872,7.40174525,179.47,0.00,0.00,180.79,nan,nan,nan,nan,nan,nan,nan,nan,nan
252.38,1544518400,2172.73,51.48966872,7.40174525,179.49,0.00,0.00,180.79,nan,nan,nan,nan,nan,nan,nan,nan,nan
253.38,1544518401,2172.73,51.48966872,7.40174525,179.51,0.00,0.00,180.79,nan,nan,nan,nan,nan,nan,nan,nan,nan
254.38,1544518402,2172.73,51.48966872,7.40174525,179.53,0.00,0.00,180.79,nan,nan,nan,nan,nan,nan,nan,nan,nan
255.38,1544518403,2172.73,51.48966872,7.40174525,179.55,0.00,0.00,180.79,nan,nan,nan,nan,nan,nan,nan,nan,nan
256.38,1544518404,2172.73,51.48966872,7.40174525,179.57,0.00,0.00,180.79,nan,nan,nan,nan,nan,nan,nan,nan,nan
257.38,1544518405,2172.73,51.48966872,7.40174525,179.60,0.00,0.00,180.79,nan,nan,nan,nan,nan,nan,nan,nan,nan
258.38,1544518406,2172.73,51.48966872,7.40174525,179.62,0.00,0.00,180.79,nan,nan,nan,nan,nan,nan,nan,nan,nan
259.38,1544518407,2172.73,51.48966872,7.40174525,179.64,0.00,0.00,180.79,nan,nan,nan,nan,nan,nan,nan,nan,nan
260.38,1544518408,2172.73,51.48966872,7.40174525,179.65,0.00,0.00,180.79,nan,nan,nan,nan,nan,nan,nan,nan,nan
261.38,1544518409,2172.73,51.48966872,7.40174525,179.67,0.00,0.00,180.79,nan,nan,nan,nan,nan,nan,nan,nan,nan
262.38,1544518410,2172.73,51.48966872,7.40174525,179.68,0.00,0.00,180.79,nan,nan,nan,nan,nan,nan,nan,nan,nan
263.38,1544518411,2172.73,51.48966872,7.40174525,179.69,0.00,0.00,180.79,nan,nan,nan,nan,nan,nan,nan,nan,nan
264.38,1544518412,2172.73,51.48966872,7.40174525,179.77,0.00,0.00,180.79,nan,nan,nan,nan,nan,nan,nan,nan,nan
265.38,1544518413,2172.73,51.48966872,7.40174525,179.86,0.00,0.00,178.27,nan,nan,nan,nan,nan,nan,nan,nan,nan
266.38,1544518414,2172.73,51.48960037,7.40174859,179.98,0.00,0.00,177.04,nan,nan,nan,nan,nan,nan,nan,nan,nan
267.38,1544518415,2172.73,51.48957948,7.40175072,180.10,2.04,0.00,176.36,nan,nan,nan,nan,nan,nan,nan,nan,nan
268.38,1544518416,2174.77,51.48956052,7.40175215,180.22,1.78,-0.26,177.91,nan,nan,nan,nan,nan,nan,nan,nan,nan
269.38,1544518417,2176.55,51.48954223,7.40175032,180.35,1.49,-0.29,179.05,nan,nan,nan,nan,nan,nan,nan,nan,nan
270.38,1544518418,2178.04,51.48952616,7.40174731,180.49,1.23,-0.26,179.17,nan,nan,nan,nan,nan,nan,nan,nan,nan
271.38,1544518419,2179.27,51.48951638,7.40174539,180.63,0.97,-0.26,179.17,nan,nan,nan,nan,nan,nan,nan,nan,nan
272.38,1544518420,2180.24,51.48950866,7.40174400,180.78,0.78,-0.19,179.17,nan,nan,nan,nan,nan,nan,nan,nan,nan
273.38,1544518421,2181.02,51.48950866,7.40174400,180.91,0.00,-0.78,179.17,nan,nan,nan,nan,nan,nan,nan,nan,nan
274.38,1544518422,2181.02,51.48950866,7.40174400,181.05,0.00,0.00,179.17,nan,nan,nan,nan,nan,nan,nan,nan,nan
275.38,1544518423,2181.02,51.48950866,7.40174400,181.17,0.00,0.00,177.96,nan,nan,nan,nan,nan,nan,nan,nan,nan
276.38,1544518424,2181.02,51.48950866,7.40174400,181.28,0.00,0.00,177.69,nan,nan,nan,nan,nan,nan,nan,nan,nan
277.39,1544518425,2181.02,51.48942943,7.40174748,182.33,4.50,0.00,175.87,nan,nan,nan,nan,nan,nan,nan,nan,nan
278.38,1544518426,2185.46,51.48940616,7.40178118,183.34,4.39,-0.11,141.32,nan,nan,nan,nan,nan,nan,nan,nan,nan
279.38,1544518427,2189.86,51.48938558,7.40185791,184.11,5.67,1.28,111.61,nan,nan,nan,nan,nan,nan,nan,nan,nan
280.38,1544518428,2195.53,51.48937578,7.40196549,184.21,7.25,1.58,94.13,nan,nan,nan,nan,nan,nan,nan,nan,nan
281.38,1544518429,2202.78,51.48937003,7.40210816,183.80,8.69,1.44,92.49,nan,nan,nan,nan,nan,nan,nan,nan,nan
282.38,1544518430,2211.47,51.48936449,7.40225655,183.01,10.04,1.34,91.72,nan,nan,nan,nan,nan,nan,nan,nan,nan
283.38,1544518431,2221.50,51.48936114,7.40240726,182.51,11.23,1.20,92.70,nan,nan,nan,nan,nan,nan,nan,nan,nan
284.38,1544518432,2232.74,51.48935969,7.40256492,182.00,12.79,1.55,92.37,nan,nan,nan,nan,nan,nan,nan,nan,nan
285.38,1544518433,2245.53,51.48935632,7.40275289,181.44,13.96,1.17,91.90,nan,nan,nan,nan,nan,nan,nan,nan,nan
286.38,1544518434,2259.48,51.48935671,7.40295025,180.84,15.04,1.08,91.15,nan,nan,nan,nan,nan,nan,nan,nan,nan
287.38,1544518435,2274.52,51.48935659,7.40318240,180.19,16.23,1.19,91.06,nan,nan,nan,nan,nan,nan,nan,nan,nan
288.38,1544518436,2290.76,51.48935521,7.40340864,179.82,16.12,-0.12,90.55,nan,nan,nan,nan,nan,nan,nan,nan,nan
289.38,1544518437,2306.87,51.48935469,7.40363179,179.60,15.58,-0.53,91.18,nan,nan,nan,nan,nan,nan,nan,nan,nan
290.38,1544518438,2322.46,51.48935447,7.40384856,179.30,15.40,-0.18,90.85,nan,nan,nan,nan,nan,nan,nan,nan,nan
291.38,1544518439,2337.86,51.48935525,7.40407122,179.28,15.32,-0.08,90.93,nan,nan,nan,nan,nan,nan,nan,nan,nan
292.38,1544518440,2353.12,51.48935460,7.40428446,179.29,15.04,-0.28,91.16,nan,nan,nan,nan,nan,nan,nan,nan,nan
293.38,1544518441,2368.22,51.48935396,7.40449752,179.32,14.91,-0.12,91.21,nan,nan,nan,nan,nan,nan,nan,nan,nan
294.38,1544518442,2383.13,51.48935301,7.40470713,179.41,14.81,-0.10,91.15,nan,nan,nan,nan,nan,nan,nan,nan,nan
295.38,1544518443,2397.95,51.48935288,7.40492600,179.46,14.70,-0.11,90.82,nan,nan,nan,nan,nan,nan,nan,nan,nan
296.38,1544518444,2412.65,51.48935515,7.40513230,179.62,14.55,-0.15,90.03,nan,nan,nan,nan,nan,nan,nan,nan,nan
297.38,1544518445,2427.20,51.48936130,7.40533529,179.74,14.34,-0.21,88.38,nan,nan,nan,nan,nan,nan,nan,nan,nan
298.39,1544518446,2441.68,51.48937404,7.40557734,180.20,14.16,-0.18,86.56,nan,nan,nan,nan,nan,nan,nan,nan,nan
299.38,1544518447,2455.70,51.48938820,7.40575815,180.56,14.08,-0.08,84.95,nan,nan,nan,nan,nan,nan,nan,nan,nan
300.38,1544518448,2469.79,51.48940739,7.40593906,180.51,13.99,-0.10,82.97,nan,nan,nan,nan,nan,nan,nan,nan,nan
301.38,1544518449,2483.77,51.48943512,7.40616116,180.80,14.40,0.42,80.62,nan,nan,nan,nan,nan,nan,nan,nan,nan
302.38,1544518450,2498.17,51.48946720,7.40637620,180.82,13.60,-0.80,79.05,nan,nan,nan,nan,nan,nan,nan,nan,nan
303.38,1544518451,2511.78,51.48950282,7.40657549,181.17,13.49,-0.12,78.46,nan,nan,nan,nan,nan,nan,nan,nan,nan
304.38,1544518452,2525.27,51.48953434,7.40677221,181.23,13.79,0.30,77.80,nan,nan,nan,nan,nan,nan,nan,nan,nan
305.38,1544518453,2539.06,51.48956698,7.40695785,181.53,13.91,0.12,78.12,nan,nan,nan,nan,nan,nan,nan,nan,nan
306.38,1544518454,2552.96,51.48959733,7.40713937,181.37,13.99,0.08,78.36,nan,nan,nan,nan,nan,nan,nan,nan,nan
307.38,1544518455,2566.96,51.48962745,7.40733395,180.97,13.97,-0.02,77.56,nan,nan,nan,nan,nan,nan,nan,nan,nan
308.38,1544518456,2580.93,51.48965544,7.40751883,180.67,12.87,-1.10,78.34,nan,nan,nan,nan,nan,nan,nan,nan,nan
309.38,1544518457,2593.81,51.48968106,7.40770441,180.42,12.54,-0.33,78.75,nan,nan,nan,nan,nan,nan,nan,nan,nan
310.38,1544518458,2606.34,51.48970651,7.40789365,179.72,11.85,-0.69,79.24,nan,nan,nan,nan,nan,nan,nan,nan,nan
311.38,1544518459,2618.20,51.48972789,7.40807083,178.57,12.13,0.28,80.38,nan,nan,nan,nan,nan,nan,nan,nan,nan
312.38,1544518460,2630.32,51.48974575,7.40823195,177.71,12.16,0.03,79.86,nan,nan,nan,nan,nan,nan,nan,nan,nan
313.38,1544518461,2642.48,51.48976606,7.40840224,177.18,12.35,0.19,78.95,nan,nan,nan,nan,nan,nan,nan,nan,nan
314.38,1544518462,2654.83,51.48978880,7.40858249,176.57,12.52,0.17,78.33,nan,nan,nan,nan,nan,nan,nan,nan,nan
315.38,1544518463,2667.36,51.48981289,7.40875596,176.17,12.70,0.18,77.41,nan,nan,nan,nan,nan,nan,nan,nan,nan
316.38,1544518464,2680.04,51.48983841,7.40895155,175.92,12.87,0.18,78.05,nan,nan,nan,nan,nan,nan,nan,nan,nan
317.38,1544518465,2692.92,51.48986482,7.40912507,175.46,13.23,0.35,77.32,nan,nan,nan,nan,nan,nan,nan,nan,nan
318.38,1544518466,2706.14,51.48988940,7.40927735,174.93,13.51,0.29,77.65,nan,nan,nan,nan,nan,nan,nan,nan,nan
319.39,1544518467,2719.79,51.48991705,7.40947668,174.40,13.49,-0.02,77.98,nan,nan,nan,nan,nan,nan,nan,nan,nan
320.38,1544518468,2733.14,51.48994387,7.40965953,173.87,13.67,0.18,78.35,nan,nan,nan,nan,nan,nan,nan,nan,nan
321.38,1544518469,2746.81,51.48996807,7.40986142,173.34,13.56,-0.10,78.78,nan,nan,nan,nan,nan,nan,nan,nan,nan
322.38,1544518470,2760.38,51.48999212,7.41006736,172.83,13.39,-0.18,78.55,nan,nan,nan,nan,nan,nan,nan,nan,nan
323.38,1544518471,2773.77,51.49001526,7.41026897,171.71,13.07,-0.32,78.52,nan,nan,nan,nan,nan,nan,nan,nan,nan
324.38,1544518472,2786.84,51.49003908,7.41045264,170.43,12.89,-0.19,77.98,nan,nan,nan,nan,nan,nan,nan,nan,nan
325.38,1544518473,2799.73,51.49005809,7.41060224,169.51,12.89,0.01,78.68,nan,nan,nan,nan,nan,nan,nan,nan,nan
326.38,1544518474,2812.62,51.49008301,7.41077951,168.73,12.30,-0.59,78.21,nan,nan,nan,nan,nan,nan,nan,nan,nan
327.38,1544518475,2824.92,51.49010477,7.41092324,167.94,12.07,-0.24,77.86,nan,nan,nan,nan,nan,nan,nan,nan,nan
