0.09,1544517553,0.02,51.49037477,7.41228301,168.83,5.79,0.00,68.39,0,-97.00,-13.00,0.00,0.00,42.00,0.00,0,146
0.09,1544517553,0.02,51.49037477,7.41228301,168.83,5.79,0.00,68.39,0,-99.00,-16.00,0.00,0.00,42.00,0.00,0,266
0.09,1544517553,0.03,51.49037477,7.41228301,168.83,5.79,0.00,68.39,0,-101.00,-17.00,0.00,0.00,42.00,0.00,0,264
1.09,1544517554,5.83,51.49034830,7.41238677,166.68,7.67,0.00,71.55,0,-103.00,-17.00,0.00,0.00,39.00,0.00,0,450
1.09,1544517554,5.83,51.49034830,7.41238677,166.68,7.67,0.00,71.55,0,-105.00,-19.00,0.00,0.00,40.00,0.00,0,62
1.09,1544517554,5.84,51.49034830,7.41238677,166.68,7.67,0.00,71.55,0,-105.00,-19.00,0.00,0.00,40.00,0.00,0,146
2.09,1544517555,13.51,51.49036696,7.41254449,163.99,8.42,0.00,73.87,0,-103.00,-17.00,0.00,0.00,39.00,0.00,0,450
2.09,1544517555,13.51,51.49036696,7.41254449,163.99,8.42,0.00,73.87,0,-105.00,-19.00,0.00,0.00,40.00,0.00,0,62
2.09,1544517555,13.51,51.49036696,7.41254449,163.99,8.42,0.00,73.87,0,-105.00,-19.00,0.00,0.00,40.00,0.00,0,146
3.09,1544517556,21.90,51.49037609,7.41267305,161.74,9.69,0.00,76.06,0,-98.00,-14.00,0.00,0.00,44.00,0.00,0,450
4.09,1544517557,31.62,51.49038706,7.41283013,161.61,10.56,0.00,77.76,0,-98.00,-14.00,0.00,0.00,44.00,0.00,0,450
9.09,1544517562,90.70,51.49050862,7.41368349,161.35,11.69,0.00,79.35,0,-98.00,-14.00,0.00,0.00,41.00,0.00,0,450
10.09,1544517563,102.42,51.49052636,7.41384754,162.07,11.45,0.00,78.96,0,-98.00,-14.00,0.00,0.00,41.00,0.00,0,450
11.09,1544517564,113.87,51.49054430,7.41400308,162.93,10.93,0.00,78.36,0,-103.00,-18.00,0.00,0.00,41.00,0.00,0,450
11.09,1544517564,113.88,51.49054430,7.41400308,162.93,10.93,0.00,78.36,0,-104.00,-19.00,0.00,0.00,41.00,0.00,0,451
12.09,1544517565,124.79,51.49055851,7.41416131,163.67,9.90,0.00,77.54,0,-103.00,-18.00,0.00,0.00,41.00,0.00,0,450
12.09,1544517565,124.80,51.49055851,7.41416131,163.67,9.90,0.00,77.54,0,-104.00,-19.00,0.00,0.00,41.00,0.00,0,451
13.10,1544517566,134.78,51.49057236,7.41427660,164.21,8.08,0.00,78.00,0,-102.00,-18.00,0.00,0.00,43.00,0.00,0,451
13.10,1544517566,134.78,51.49057236,7.41427660,164.21,8.08,0.00,78.00,0,-102.00,-19.00,0.00,0.00,43.00,0.00,0,450
13.10,1544517566,134.78,51.49057236,7.41427660,164.21,8.08,0.00,78.00,0,-103.00,-20.00,0.00,0.00,43.00,0.00,0,62
14.09,1544517567,142.80,51.49058159,7.41436793,164.50,6.74,0.00,78.59,0,-102.00,-18.00,0.00,0.00,43.00,0.00,0,451
14.09,1544517567,142.81,51.49058159,7.41436793,164.50,6.74,0.00,78.59,0,-102.00,-19.00,0.00,0.00,43.00,0.00,0,450
14.09,1544517567,142.81,51.49058159,7.41436793,164.50,6.74,0.00,78.59,0,-103.00,-20.00,0.00,0.00,43.00,0.00,0,62
15.09,1544517568,149.52,51.49058971,7.41444940,164.88,5.51,0.00,77.75,0,-101.00,-17.00,0.00,0.00,41.00,0.00,0,451
15.09,1544517568,149.52,51.49058971,7.41444940,164.88,5.51,0.00,77.75,0,-102.00,-19.00,0.00,0.00,41.00,0.00,0,450
15.09,1544517568,149.53,51.49058971,7.41444940,164.88,5.51,0.00,77.75,0,-103.00,-19.00,0.00,0.00,42.00,0.00,0,62
16.09,1544517569,155.04,51.49059690,7.41451854,164.87,3.83,0.00,77.24,0,-101.00,-17.00,0.00,0.00,41.00,0.00,0,451
16.09,1544517569,155.04,51.49059690,7.41451854,164.87,3.83,0.00,77.24,0,-102.00,-19.00,0.00,0.00,41.00,0.00,0,450
16.09,1544517569,155.05,51.49059690,7.41451854,164.87,3.83,0.00,77.24,0,-103.00,-19.00,0.00,0.00,42.00,0.00,0,62
17.09,1544517570,158.87,51.49060439,7.41456989,164.89,3.31,0.00,78.86,0,-100.00,-15.00,0.00,0.00,41.00,0.00,0,451
17.09,1544517570,158.87,51.49060439,7.41456989,164.89,3.31,0.00,78.86,0,-101.00,-16.00,0.00,0.00,41.00,0.00,0,450
17.09,1544517570,158.87,51.49060439,7.41456989,164.89,3.31,0.00,78.86,0,-102.00,-18.00,0.00,0.00,41.00,0.00,0,62
18.09,1544517571,162.18,51.49061478,7.41464359,164.88,3.32,0.00,78.31,0,-100.00,-15.00,0.00,0.00,41.00,0.00,0,451
18.09,1544517571,162.18,51.49061478,7.41464359,164.88,3.32,0.00,78.31,0,-101.00,-16.00,0.00,0.00,41.00,0.00,0,450
18.09,1544517571,162.18,51.49061478,7.41464359,164.88,3.32,0.00,78.31,0,-102.00,-18.00,0.00,0.00,41.00,0.00,0,62
19.10,1544517572,165.52,51.49062186,7.41470573,164.83,3.62,0.00,77.23,0,-100.00,-15.00,0.00,0.00,42.00,0.00,0,451
19.10,1544517572,165.52,51.49062186,7.41470573,164.83,3.62,0.00,77.23,0,-101.00,-18.00,0.00,0.00,42.00,0.00,0,450
19.10,1544517572,165.52,51.49062186,7.41470573,164.83,3.62,0.00,77.23,0,-102.00,-18.00,0.00,0.00,42.00,0.00,0,62
20.09,1544517573,169.10,51.49063016,7.41475593,164.84,3.75,0.00,78.11,0,-100.00,-15.00,0.00,0.00,42.00,0.00,0,451
20.09,1544517573,169.10,51.49063016,7.41475593,164.84,3.75,0.00,78.11,0,-101.00,-18.00,0.00,0.00,42.00,0.00,0,450
20.09,1544517573,169.10,51.49063016,7.41475593,164.84,3.75,0.00,78.11,0,-102.00,-18.00,0.00,0.00,42.00,0.00,0,62
21.09,1544517574,172.86,51.49063752,7.41482062,164.57,4.82,0.00,78.75,0,-100.00,-15.00,0.00,0.00,42.00,0.00,0,451
21.09,1544517574,172.86,51.49063752,7.41482062,164.57,4.82,0.00,78.75,0,-101.00,-18.00,0.00,0.00,42.00,0.00,0,450
21.09,1544517574,172.86,51.49063752,7.41482062,164.57,4.82,0.00,78.75,0,-102.00,-18.00,0.00,0.00,42.00,0.00,0,62
22.09,1544517575,177.68,51.49064538,7.41490188,164.07,5.30,0.00,79.45,0,-100.00,-16.00,0.00,0.00,42.00,0.00,0,450
22.09,1544517575,177.68,51.49064538,7.41490188,164.07,5.30,0.00,79.45,0,-100.00,-17.00,0.00,0.00,43.00,0.00,0,62
22.09,1544517575,177.68,51.49064538,7.41490188,164.07,5.30,0.00,79.45,0,-101.00,-16.00,0.00,0.00,42.00,0.00,0,451
23.09,1544517576,182.97,51.49065267,7.41498552,163.66,5.61,0.00,80.12,0,-100.00,-16.00,0.00,0.00,42.00,0.00,0,450
23.09,1544517576,182.97,51.49065267,7.41498552,163.66,5.61,0.00,80.12,0,-100.00,-17.00,0.00,0.00,43.00,0.00,0,62
23.09,1544517576,182.97,51.49065267,7.41498552,163.66,5.61,0.00,80.12,0,-101.00,-16.00,0.00,0.00,42.00,0.00,0,451
24.09,1544517577,188.59,51.49065983,7.41506942,163.37,5.94,0.00,80.71,0,-98.00,-15.00,0.00,0.00,42.00,0.00,0,62
25.09,1544517578,194.53,51.49066606,7.41514482,163.19,5.47,0.00,81.72,0,-98.00,-15.00,0.00,0.00,42.00,0.00,0,62
26.09,1544517579,200.00,51.49067312,7.41521952,163.19,5.20,0.00,82.65,0,-96.00,-13.00,0.00,0.00,42.00,0.00,0,62
26.09,1544517579,200.00,51.49067312,7.41521952,163.19,5.20,0.00,82.65,0,0.00,0.00,0.00,0.00,63.00,0.00,0,357
26.09,1544517579,200.00,51.49067312,7.41521952,163.19,5.20,0.00,82.65,0,-225.00,-225.00,0.00,0.00,63.00,0.00,0,382
27.09,1544517580,205.20,51.49067603,7.41528535,163.17,3.76,0.00,83.20,0,-96.00,-13.00,0.00,0.00,42.00,0.00,0,62
27.09,1544517580,205.20,51.49067603,7.41528535,163.17,3.76,0.00,83.20,0,0.00,0.00,0.00,0.00,63.00,0.00,0,357
27.09,1544517580,205.20,51.49067603,7.41528535,163.17,3.76,0.00,83.20,0,-225.00,-225.00,0.00,0.00,63.00,0.00,0,382
28.09,1544517581,208.96,51.49067726,7.41533019,163.16,2.34,0.00,83.91,0,-101.00,-16.00,0.00,0.00,41.00,0.00,0,62
28.09,1544517581,208.96,51.49067726,7.41533019,163.16,2.34,0.00,83.91,0,0.00,0.00,0.00,0.00,63.00,0.00,0,357
28.09,1544517581,208.96,51.49067726,7.41533019,163.16,2.34,0.00,83.91,0,-225.00,-225.00,0.00,0.00,63.00,0.00,0,382
29.09,1544517582,211.30,51.49067619,7.41535061,163.14,2.06,0.00,84.56,0,-101.00,-16.00,0.00,0.00,41.00,0.00,0,62
29.09,1544517582,211.30,51.49067619,7.41535061,163.14,2.06,0.00,84.56,0,0.00,0.00,0.00,0.00,63.00,0.00,0,357
29.09,1544517582,211.30,51.49067619,7.41535061,163.14,2.06,0.00,84.56,0,-225.00,-225.00,0.00,0.00,63.00,0.00,0,382
30.09,1544517583,213.35,51.49067565,7.41539233,163.12,3.16,0.00,85.66,0,-97.00,-13.00,0.00,0.00,42.00,0.00,0,62
30.09,1544517583,213.36,51.49067565,7.41539233,163.12,3.16,0.00,85.66,0,0.00,0.00,0.00,0.00,63.00,0.00,0,357
31.09,1544517584,216.52,51.49067594,7.41546091,162.94,5.62,0.00,86.68,0,-97.00,-13.00,0.00,0.00,42.00,0.00,0,62
31.09,1544517584,216.53,51.49067594,7.41546091,162.94,5.62,0.00,86.68,0,0.00,0.00,0.00,0.00,63.00,0.00,0,357
32.09,1544517585,222.14,51.49067812,7.41556214,162.34,7.27,0.00,87.19,0,-97.00,-11.00,0.00,0.00,40.00,0.00,0,62
32.09,1544517585,222.14,51.49067812,7.41556214,162.34,7.27,0.00,87.19,0,0.00,0.00,0.00,0.00,63.00,0.00,0,357
32.09,1544517585,222.14,51.49067812,7.41556214,162.34,7.27,0.00,87.19,0,-225.00,-225.00,0.00,0.00,63.00,0.00,0,240
33.09,1544517586,229.42,51.49068025,7.41568858,161.66,8.88,0.00,87.75,0,-97.00,-11.00,0.00,0.00,40.00,0.00,0,62
33.09,1544517586,229.43,51.49068025,7.41568858,161.66,8.88,0.00,87.75,0,0.00,0.00,0.00,0.00,63.00,0.00,0,357
33.10,1544517586,229.44,51.49068025,7.41568858,161.66,8.88,0.00,87.75,0,-225.00,-225.00,0.00,0.00,63.00,0.00,0,240
34.09,1544517587,238.26,51.49068033,7.41584229,161.04,10.15,0.00,89.02,0,-103.00,-17.00,0.00,0.00,40.00,0.00,0,452
34.09,1544517587,238.27,51.49068033,7.41584229,161.04,10.15,0.00,89.02,0,-97.00,-10.00,0.00,0.00,41.00,0.00,0,275
34.09,1544517587,238.27,51.49068033,7.41584229,161.04,10.15,0.00,89.02,0,-103.00,-15.00,0.00,0.00,41.00,0.00,0,385
35.09,1544517588,248.45,51.49067731,7.41599849,160.36,10.68,0.00,90.22,0,-103.00,-17.00,0.00,0.00,40.00,0.00,0,452
35.09,1544517588,248.45,51.49067731,7.41599849,160.36,10.68,0.00,90.22,0,-97.00,-10.00,0.00,0.00,41.00,0.00,0,275
35.09,1544517588,248.45,51.49067731,7.41599849,160.36,10.68,0.00,90.22,0,-103.00,-15.00,0.00,0.00,41.00,0.00,0,385
36.09,1544517589,259.12,51.49066931,7.41614197,159.92,11.08,0.00,92.26,0,-92.00,-8.00,0.00,0.00,45.00,0.00,0,275
37.09,1544517590,270.16,51.49066143,7.41627289,159.65,10.72,0.00,94.15,0,-92.00,-8.00,0.00,0.00,45.00,0.00,0,275
38.09,1544517591,280.89,51.49065029,7.41640627,159.39,9.35,0.00,96.20,0,-89.00,-8.00,0.00,0.00,48.00,0.00,0,275
39.09,1544517592,290.25,51.49063979,7.41652291,159.05,7.45,0.00,97.40,0,-89.00,-8.00,0.00,0.00,48.00,0.00,0,275
40.09,1544517593,297.67,51.49062542,7.41663413,158.25,5.59,0.00,98.91,0,-91.00,-9.00,0.00,0.00,48.00,0.00,0,275
41.09,1544517594,303.27,51.49061137,7.41670653,157.47,4.48,0.00,99.77,0,-91.00,-9.00,0.00,0.00,48.00,0.00,0,275
42.10,1544517595,307.77,51.49059769,7.41678748,157.36,4.00,0.00,100.73,0,-91.00,-8.00,0.00,0.00,47.00,0.00,0,275
42.10,1544517595,307.77,51.49059769,7.41678748,157.36,4.00,0.00,100.73,0,-98.00,-15.00,0.00,0.00,47.00,0.00,0,274
43.09,1544517596,311.74,51.49058682,7.41683011,157.30,1.71,0.00,98.90,0,-91.00,-8.00,0.00,0.00,47.00,0.00,0,275
43.09,1544517596,311.74,51.49058682,7.41683011,157.30,1.71,0.00,98.90,0,-98.00,-15.00,0.00,0.00,47.00,0.00,0,274
44.09,1544517597,313.45,51.49058101,7.41684057,157.21,0.89,0.00,98.90,0,-91.00,-8.00,0.00,0.00,47.00,0.00,0,275
44.09,1544517597,313.45,51.49058101,7.41684057,157.21,0.89,0.00,98.90,0,-98.00,-15.00,0.00,0.00,47.00,0.00,0,274
45.09,1544517598,314.34,51.49058101,7.41684057,157.20,0.00,0.00,98.90,0,-95.00,-10.00,0.00,0.00,44.00,0.00,0,275
45.09,1544517598,314.34,51.49058101,7.41684057,157.20,0.00,0.00,98.90,0,-99.00,-14.00,0.00,0.00,44.00,0.00,0,274
46.09,1544517599,314.34,51.49058101,7.41684057,157.19,0.00,0.00,98.90,0,-95.00,-10.00,0.00,0.00,44.00,0.00,0,275
46.09,1544517599,314.34,51.49058101,7.41684057,157.19,0.00,0.00,98.90,0,-99.00,-14.00,0.00,0.00,44.00,0.00,0,274
47.09,1544517600,314.34,51.49058101,7.41684057,157.18,0.00,0.00,98.90,0,-95.00,-9.00,0.00,0.00,44.00,0.00,0,275
47.09,1544517600,314.34,51.49058101,7.41684057,157.18,0.00,0.00,98.90,0,-101.00,-13.00,0.00,0.00,43.00,0.00,0,65
48.09,1544517601,314.34,51.49058101,7.41684057,157.17,0.00,0.00,98.90,0,-95.00,-9.00,0.00,0.00,44.00,0.00,0,275
48.09,1544517601,314.34,51.49058101,7.41684057,157.17,0.00,0.00,98.90,0,-101.00,-13.00,0.00,0.00,43.00,0.00,0,65
49.09,1544517602,314.34,51.49058101,7.41684057,157.16,0.00,0.00,98.90,0,-94.00,-9.00,0.00,0.00,45.00,0.00,0,275
49.09,1544517602,314.34,51.49058101,7.41684057,157.16,0.00,0.00,98.90,0,-101.00,-16.00,0.00,0.00,45.00,0.00,0,274
50.09,1544517603,314.34,51.49058101,7.41684057,157.15,0.00,0.00,98.90,0,-94.00,-9.00,0.00,0.00,45.00,0.00,0,275
50.09,1544517603,314.34,51.49058101,7.41684057,157.15,0.00,0.00,98.90,0,-101.00,-16.00,0.00,0.00,45.00,0.00,0,274
51.16,1544517604,314.34,51.49058101,7.41684057,157.15,0.00,0.00,98.90,0,-94.00,-13.00,0.00,0.00,47.00,0.00,0,275
51.16,1544517604,314.34,51.49058101,7.41684057,157.15,0.00,0.00,98.90,0,-100.00,-19.00,0.00,0.00,48.00,0.00,0,274
52.09,1544517605,314.34,51.49058101,7.41684057,157.15,0.00,0.00,98.90,0,-94.00,-13.00,0.00,0.00,47.00,0.00,0,275
52.09,1544517605,314.34,51.49058101,7.41684057,157.15,0.00,0.00,98.90,0,-100.00,-19.00,0.00,0.00,48.00,0.00,0,274
53.09,1544517606,314.34,51.49058101,7.41684057,157.14,0.00,0.00,98.90,0,-94.00,-12.00,0.00,0.00,47.00,0.00,0,275
54.09,1544517607,314.34,51.49058101,7.41684057,157.14,0.00,0.00,98.90,0,-94.00,-12.00,0.00,0.00,47.00,0.00,0,275
55.09,1544517608,314.34,51.49058101,7.41684057,157.10,0.00,0.00,98.90,0,-93.00,-12.00,0.00,0.00,48.00,0.00,0,275
55.09,1544517608,314.34,51.49058101,7.41684057,157.10,0.00,0.00,98.90,0,-100.00,-19.00,0.00,0.00,48.00,0.00,0,274
56.09,1544517609,314.34,51.49058101,7.41684057,157.06,0.00,0.00,98.90,0,-93.00,-12.00,0.00,0.00,48.00,0.00,0,275
56.09,1544517609,314.34,51.49058101,7.41684057,157.06,0.00,0.00,98.90,0,-100.00,-19.00,0.00,0.00,48.00,0.00,0,274
57.09,1544517610,314.34,51.49058101,7.41684057,157.06,0.00,0.00,98.90,0,-93.00,-13.00,0.00,0.00,49.00,0.00,0,275
57.09,1544517610,314.34,51.49058101,7.41684057,157.06,0.00,0.00,98.90,0,-99.00,-17.00,0.00,0.00,49.00,0.00,0,274
58.09,1544517611,314.34,51.49058101,7.41684057,157.00,0.00,0.00,97.85,0,-93.00,-13.00,0.00,0.00,49.00,0.00,0,275
58.09,1544517611,314.34,51.49058101,7.41684057,157.00,0.00,0.00,97.85,0,-99.00,-17.00,0.00,0.00,49.00,0.00,0,274
59.09,1544517612,314.34,51.49058101,7.41684057,156.96,0.00,0.00,99.04,0,-93.00,-13.00,0.00,0.00,49.00,0.00,0,275
59.09,1544517612,314.34,51.49058101,7.41684057,156.96,0.00,0.00,99.04,0,-99.00,-18.00,0.00,0.00,49.00,0.00,0,274
60.09,1544517613,314.34,51.49055724,7.41697935,156.92,4.10,0.00,98.28,0,-93.00,-13.00,0.00,0.00,49.00,0.00,0,275
60.09,1544517613,314.34,51.49055724,7.41697935,156.92,4.10,0.00,98.28,0,-99.00,-18.00,0.00,0.00,49.00,0.00,0,274
61.09,1544517614,318.44,51.49054971,7.41704843,156.38,4.44,0.00,97.22,0,-91.00,-12.00,0.00,0.00,50.00,0.00,0,275
62.09,1544517615,322.87,51.49056329,7.41711714,155.99,4.99,0.00,69.04,0,-91.00,-12.00,0.00,0.00,50.00,0.00,0,275
63.10,1544517616,327.90,51.49058942,7.41717060,155.57,5.00,0.00,47.58,0,-92.00,-12.00,0.00,0.00,49.00,0.00,0,275
64.09,1544517617,332.85,51.49067944,7.41718449,154.61,6.95,0.00,358.99,0,-92.00,-12.00,0.00,0.00,49.00,0.00,0,275
65.09,1544517618,339.81,51.49067944,7.41718449,154.61,6.95,0.00,358.99,0,-92.00,-12.00,0.00,0.00,49.00,0.00,0,275
66.09,1544517619,346.76,51.49076083,7.41717741,154.46,8.37,0.00,356.88,0,-85.00,-7.00,0.00,0.00,51.00,0.00,0,275
67.09,1544517620,355.14,51.49084224,7.41716529,154.11,10.34,0.00,354.56,0,-85.00,-7.00,0.00,0.00,51.00,0.00,0,275
68.09,1544517621,365.50,51.49094358,7.41714204,153.94,11.71,0.00,352.75,0,-83.00,-6.00,0.00,0.00,53.00,0.00,0,275
69.09,1544517622,377.19,51.49103585,7.41711324,153.83,11.12,0.00,351.52,0,-83.00,-6.00,0.00,0.00,53.00,0.00,0,275
70.09,1544517623,388.30,51.49113146,7.41708788,153.71,10.08,0.00,350.68,0,-89.00,-12.00,0.00,0.00,52.00,0.00,0,275
71.09,1544517624,398.38,51.49122441,7.41705803,153.51,9.80,0.00,350.21,0,-89.00,-12.00,0.00,0.00,52.00,0.00,0,275
72.09,1544517625,408.22,51.49130863,7.41702970,153.53,9.14,0.00,349.57,0,-88.00,-12.00,0.00,0.00,52.00,0.00,0,275
73.09,1544517626,417.34,51.49138615,7.41699731,153.92,8.88,0.00,349.20,0,-88.00,-12.00,0.00,0.00,52.00,0.00,0,275
74.09,1544517627,426.22,51.49146075,7.41696542,154.45,9.01,0.00,348.61,0,-103.00,-19.00,0.00,0.00,42.00,0.00,0,306
74.09,1544517627,426.23,51.49146075,7.41696542,154.45,9.01,0.00,348.61,0,-94.00,-13.00,0.00,0.00,48.00,0.00,0,275
75.09,1544517628,435.24,51.49154236,7.41693311,154.66,9.44,0.00,348.11,0,-103.00,-19.00,0.00,0.00,42.00,0.00,0,306
75.09,1544517628,435.24,51.49154236,7.41693311,154.66,9.44,0.00,348.11,0,-94.00,-13.00,0.00,0.00,48.00,0.00,0,275
76.09,1544517629,444.67,51.49163089,7.41689427,154.75,10.54,0.00,346.98,0,-96.00,-12.00,0.00,0.00,45.00,0.00,0,275
76.09,1544517629,444.67,51.49163089,7.41689427,154.75,10.54,0.00,346.98,0,-100.00,-15.00,0.00,0.00,44.00,0.00,0,65
77.09,1544517630,455.23,51.49172831,7.41684801,154.89,11.54,0.00,345.21,0,-96.00,-12.00,0.00,0.00,45.00,0.00,0,275
77.09,1544517630,455.23,51.49172831,7.41684801,154.89,11.54,0.00,345.21,0,-100.00,-15.00,0.00,0.00,44.00,0.00,0,65
78.09,1544517631,466.75,51.49183119,7.41679483,154.72,11.89,0.00,343.34,0,-105.00,-18.00,0.00,0.00,39.00,0.00,0,59
78.09,1544517631,466.77,51.49183119,7.41679483,154.72,11.89,0.00,343.34,0,-99.00,-12.00,0.00,0.00,42.00,0.00,0,275
78.09,1544517631,466.77,51.49183119,7.41679483,154.72,11.89,0.00,343.34,0,-101.00,-13.00,0.00,0.00,41.00,0.00,0,65
79.09,1544517632,478.66,51.49194472,7.41672443,154.31,11.73,0.00,340.48,0,-105.00,-18.00,0.00,0.00,39.00,0.00,0,59
79.09,1544517632,478.66,51.49194472,7.41672443,154.31,11.73,0.00,340.48,0,-99.00,-12.00,0.00,0.00,42.00,0.00,0,275
79.09,1544517632,478.67,51.49194472,7.41672443,154.31,11.73,0.00,340.48,0,-101.00,-13.00,0.00,0.00,41.00,0.00,0,65
80.09,1544517633,490.39,51.49204812,7.41665005,154.20,11.98,0.00,337.75,0,-98.00,-13.00,0.00,0.00,40.00,0.00,0,306
80.09,1544517633,490.39,51.49204812,7.41665005,154.20,11.98,0.00,337.75,0,-102.00,-18.00,0.00,0.00,42.00,0.00,0,339
80.09,1544517633,490.39,51.49204812,7.41665005,154.20,11.98,0.00,337.75,0,-95.00,-12.00,0.00,0.00,47.00,0.00,0,65
80.09,1544517633,490.40,51.49204812,7.41665005,154.20,11.98,0.00,337.75,0,-99.00,-14.00,0.00,0.00,44.00,0.00,0,275
81.09,1544517634,502.36,51.49213748,7.41657264,154.56,11.86,0.00,335.17,0,-98.00,-13.00,0.00,0.00,40.00,0.00,0,306
81.09,1544517634,502.36,51.49213748,7.41657264,154.56,11.86,0.00,335.17,0,-102.00,-18.00,0.00,0.00,42.00,0.00,0,339
81.09,1544517634,502.38,51.49213748,7.41657264,154.56,11.86,0.00,335.17,0,-95.00,-12.00,0.00,0.00,47.00,0.00,0,65
81.09,1544517634,502.38,51.49213748,7.41657264,154.56,11.86,0.00,335.17,0,-99.00,-14.00,0.00,0.00,44.00,0.00,0,275
82.09,1544517635,514.17,51.49224033,7.41647811,154.63,11.94,0.00,333.76,0,-102.00,-18.00,0.00,0.00,40.00,0.00,0,306
82.09,1544517635,514.19,51.49224033,7.41647811,154.63,11.94,0.00,333.76,0,-104.00,-19.00,0.00,0.00,41.00,0.00,0,339
82.09,1544517635,514.20,51.49224033,7.41647811,154.63,11.94,0.00,333.76,0,-98.00,-13.00,0.00,0.00,44.00,0.00,0,275
82.09,1544517635,514.21,51.49224033,7.41647811,154.63,11.94,0.00,333.76,0,-100.00,-14.00,0.00,0.00,44.00,0.00,0,65
83.09,1544517636,526.17,51.49234597,7.41638413,155.27,12.50,0.00,334.57,0,-102.00,-18.00,0.00,0.00,40.00,0.00,0,306
83.09,1544517636,526.17,51.49234597,7.41638413,155.27,12.50,0.00,334.57,0,-104.00,-19.00,0.00,0.00,41.00,0.00,0,339
83.09,1544517636,526.18,51.49234597,7.41638413,155.27,12.50,0.00,334.57,0,-98.00,-13.00,0.00,0.00,44.00,0.00,0,275
83.10,1544517636,526.20,51.49234597,7.41638413,155.27,12.50,0.00,334.57,0,-100.00,-14.00,0.00,0.00,44.00,0.00,0,65
84.10,1544517637,538.76,51.49244870,7.41630379,155.57,12.34,0.00,335.98,0,-104.00,-17.00,0.00,0.00,38.00,0.00,0,306
84.10,1544517637,538.77,51.49244870,7.41630379,155.57,12.34,0.00,335.98,0,-106.00,-20.00,0.00,0.00,39.00,0.00,0,146
84.10,1544517637,538.79,51.49244870,7.41630379,155.57,12.34,0.00,335.98,0,-106.00,-20.00,0.00,0.00,39.00,0.00,0,339
84.10,1544517637,538.79,51.49244870,7.41630379,155.57,12.34,0.00,335.98,0,-99.00,-13.00,0.00,0.00,43.00,0.00,0,275
84.10,1544517637,538.80,51.49244870,7.41630379,155.57,12.34,0.00,335.98,0,-104.00,-20.00,0.00,0.00,45.00,0.00,0,65
85.09,1544517638,551.01,51.49255320,7.41623825,155.87,12.06,0.00,338.93,0,-104.00,-17.00,0.00,0.00,38.00,0.00,0,306
85.09,1544517638,551.01,51.49255320,7.41623825,155.87,12.06,0.00,338.93,0,-106.00,-20.00,0.00,0.00,39.00,0.00,0,146
85.09,1544517638,551.01,51.49255320,7.41623825,155.87,12.06,0.00,338.93,0,-106.00,-20.00,0.00,0.00,39.00,0.00,0,339
85.09,1544517638,551.02,51.49255320,7.41623825,155.87,12.06,0.00,338.93,0,-99.00,-13.00,0.00,0.00,43.00,0.00,0,275
85.09,1544517638,551.02,51.49255320,7.41623825,155.87,12.06,0.00,338.93,0,-104.00,-20.00,0.00,0.00,45.00,0.00,0,65
86.09,1544517639,563.06,51.49265640,7.41617916,156.22,11.98,0.00,341.03,0,-104.00,-17.00,0.00,0.00,38.00,0.00,0,306
86.09,1544517639,563.06,51.49265640,7.41617916,156.22,11.98,0.00,341.03,0,-106.00,-20.00,0.00,0.00,39.00,0.00,0,146
86.09,1544517639,563.08,51.49265640,7.41617916,156.22,11.98,0.00,341.03,0,-106.00,-20.00,0.00,0.00,39.00,0.00,0,339
86.09,1544517639,563.08,51.49265640,7.41617916,156.22,11.98,0.00,341.03,0,-99.00,-13.00,0.00,0.00,43.00,0.00,0,275
86.09,1544517639,563.08,51.49265640,7.41617916,156.22,11.98,0.00,341.03,0,-104.00,-20.00,0.00,0.00,45.00,0.00,0,65
87.09,1544517640,575.05,51.49273963,7.41613425,155.95,11.46,0.00,341.48,0,-104.00,-18.00,0.00,0.00,39.00,0.00,0,303
87.09,1544517640,575.06,51.49273963,7.41613425,155.95,11.46,0.00,341.48,0,-105.00,-18.00,0.00,0.00,39.00,0.00,0,146
87.09,1544517640,575.06,51.49273963,7.41613425,155.95,11.46,0.00,341.48,0,-107.00,-20.00,0.00,0.00,39.00,0.00,0,306
87.10,1544517640,575.08,51.49273963,7.41613425,155.95,11.46,0.00,341.48,0,-99.00,-13.00,0.00,0.00,43.00,0.00,0,275
88.09,1544517641,586.50,51.49282948,7.41608280,154.21,11.65,0.00,340.04,0,-104.00,-18.00,0.00,0.00,39.00,0.00,0,303
88.09,1544517641,586.50,51.49282948,7.41608280,154.21,11.65,0.00,340.04,0,-105.00,-18.00,0.00,0.00,39.00,0.00,0,146
88.09,1544517641,586.50,51.49282948,7.41608280,154.21,11.65,0.00,340.04,0,-107.00,-20.00,0.00,0.00,39.00,0.00,0,306
88.09,1544517641,586.52,51.49282948,7.41608280,154.21,11.65,0.00,340.04,0,-99.00,-13.00,0.00,0.00,43.00,0.00,0,275
89.09,1544517642,598.15,51.49293898,7.41603047,152.79,13.21,0.00,343.55,0,-111.00,-16.00,0.00,0.00,30.00,0.00,0,146
89.09,1544517642,598.16,51.49293898,7.41603047,152.79,13.21,0.00,343.55,0,-113.00,-18.00,0.00,0.00,31.00,0.00,0,306
89.09,1544517642,598.16,51.49293898,7.41603047,152.79,13.21,0.00,343.55,0,-105.00,-13.00,0.00,0.00,37.00,0.00,0,275
89.09,1544517642,598.16,51.49293898,7.41603047,152.79,13.21,0.00,343.55,0,-110.00,-17.00,0.00,0.00,37.00,0.00,0,38
90.09,1544517643,611.37,51.49304931,7.41598514,152.18,12.38,0.00,345.51,0,-111.00,-16.00,0.00,0.00,30.00,0.00,0,146
90.09,1544517643,611.37,51.49304931,7.41598514,152.18,12.38,0.00,345.51,0,-113.00,-18.00,0.00,0.00,31.00,0.00,0,306
90.09,1544517643,611.38,51.49304931,7.41598514,152.18,12.38,0.00,345.51,0,-105.00,-13.00,0.00,0.00,37.00,0.00,0,275
90.09,1544517643,611.38,51.49304931,7.41598514,152.18,12.38,0.00,345.51,0,-110.00,-17.00,0.00,0.00,37.00,0.00,0,38
91.09,1544517644,623.74,51.49315879,7.41594160,152.27,12.48,0.00,346.51,0,-108.00,-18.00,0.00,0.00,35.00,0.00,0,339
91.09,1544517644,623.75,51.49315879,7.41594160,152.27,12.48,0.00,346.51,0,-110.00,-18.00,0.00,0.00,35.00,0.00,0,306
91.09,1544517644,623.75,51.49315879,7.41594160,152.27,12.48,0.00,346.51,0,-104.00,-15.00,0.00,0.00,40.00,0.00,0,275
91.09,1544517644,623.77,51.49315879,7.41594160,152.27,12.48,0.00,346.51,0,-105.00,-16.00,0.00,0.00,40.00,0.00,0,34
92.09,1544517645,636.23,51.49328067,7.41589533,152.99,13.15,0.00,347.25,0,-108.00,-18.00,0.00,0.00,35.00,0.00,0,339
92.09,1544517645,636.23,51.49328067,7.41589533,152.99,13.15,0.00,347.25,0,-110.00,-18.00,0.00,0.00,35.00,0.00,0,306
92.09,1544517645,636.23,51.49328067,7.41589533,152.99,13.15,0.00,347.25,0,-104.00,-15.00,0.00,0.00,40.00,0.00,0,275
92.09,1544517645,636.25,51.49328067,7.41589533,152.99,13.15,0.00,347.25,0,-105.00,-16.00,0.00,0.00,40.00,0.00,0,34
93.09,1544517646,649.31,51.49340815,7.41584945,153.97,13.55,0.00,347.80,0,-111.00,-19.00,0.00,0.00,33.00,0.00,0,143
93.09,1544517646,649.31,51.49340815,7.41584945,153.97,13.55,0.00,347.80,0,-112.00,-18.00,0.00,0.00,33.00,0.00,0,339
93.09,1544517646,649.33,51.49340815,7.41584945,153.97,13.55,0.00,347.80,0,-113.00,-20.00,0.00,0.00,33.00,0.00,0,59
93.09,1544517646,649.33,51.49340815,7.41584945,153.97,13.55,0.00,347.80,0,-104.00,-14.00,0.00,0.00,38.00,0.00,0,34
93.09,1544517646,649.33,51.49340815,7.41584945,153.97,13.55,0.00,347.80,0,-107.00,-17.00,0.00,0.00,39.00,0.00,0,275
94.09,1544517647,662.94,51.49353067,7.41581036,154.94,13.51,0.00,348.24,0,-111.00,-19.00,0.00,0.00,33.00,0.00,0,143
94.10,1544517647,662.95,51.49353067,7.41581036,154.94,13.51,0.00,348.24,0,-112.00,-18.00,0.00,0.00,33.00,0.00,0,339
94.10,1544517647,662.95,51.49353067,7.41581036,154.94,13.51,0.00,348.24,0,-113.00,-20.00,0.00,0.00,33.00,0.00,0,59
94.10,1544517647,662.97,51.49353067,7.41581036,154.94,13.51,0.00,348.24,0,-104.00,-14.00,0.00,0.00,38.00,0.00,0,34
94.10,1544517647,662.98,51.49353067,7.41581036,154.94,13.51,0.00,348.24,0,-107.00,-17.00,0.00,0.00,39.00,0.00,0,275
95.09,1544517648,676.41,51.49365654,7.41577740,155.55,13.40,0.00,348.98,0,-101.00,-14.00,0.00,0.00,41.00,0.00,0,275
95.09,1544517648,676.43,51.49365654,7.41577740,155.55,13.40,0.00,348.98,0,-104.00,-17.00,0.00,0.00,41.00,0.00,0,34
96.09,1544517649,689.81,51.49378240,7.41574460,155.84,13.21,0.00,348.27,0,-101.00,-14.00,0.00,0.00,41.00,0.00,0,275
96.09,1544517649,689.82,51.49378240,7.41574460,155.84,13.21,0.00,348.27,0,-104.00,-17.00,0.00,0.00,41.00,0.00,0,34
97.09,1544517650,703.06,51.49389445,7.41571137,155.80,13.06,0.00,348.65,0,-111.00,-18.00,0.00,0.00,32.00,0.00,0,367
97.09,1544517650,703.06,51.49389445,7.41571137,155.80,13.06,0.00,348.65,0,-112.00,-18.00,0.00,0.00,32.00,0.00,0,375
97.10,1544517650,703.07,51.49389445,7.41571137,155.80,13.06,0.00,348.65,0,-113.00,-20.00,0.00,0.00,32.00,0.00,0,339
97.10,1544517650,703.08,51.49389445,7.41571137,155.80,13.06,0.00,348.65,0,-100.00,-12.00,0.00,0.00,41.00,0.00,0,34
97.10,1544517650,703.08,51.49389445,7.41571137,155.80,13.06,0.00,348.65,0,-107.00,-17.00,0.00,0.00,40.00,0.00,0,37
98.09,1544517651,716.05,51.49400181,7.41567566,155.72,12.85,0.00,346.87,0,-111.00,-18.00,0.00,0.00,32.00,0.00,0,367
98.09,1544517651,716.06,51.49400181,7.41567566,155.72,12.85,0.00,346.87,0,-112.00,-18.00,0.00,0.00,32.00,0.00,0,375
98.09,1544517651,716.06,51.49400181,7.41567566,155.72,12.85,0.00,346.87,0,-113.00,-20.00,0.00,0.00,32.00,0.00,0,339
98.09,1544517651,716.06,51.49400181,7.41567566,155.72,12.85,0.00,346.87,0,-100.00,-12.00,0.00,0.00,41.00,0.00,0,34
98.09,1544517651,716.07,51.49400181,7.41567566,155.72,12.85,0.00,346.87,0,-107.00,-17.00,0.00,0.00,40.00,0.00,0,37
99.09,1544517652,728.94,51.49411385,7.41563898,155.29,12.32,0.00,346.19,0,-113.00,-19.00,0.00,0.00,31.00,0.00,0,22
99.09,1544517652,728.95,51.49411385,7.41563898,155.29,12.32,0.00,346.19,0,-114.00,-19.00,0.00,0.00,31.00,0.00,0,367
99.09,1544517652,728.96,51.49411385,7.41563898,155.29,12.32,0.00,346.19,0,-114.00,-19.00,0.00,0.00,31.00,0.00,0,16
99.09,1544517652,728.96,51.49411385,7.41563898,155.29,12.32,0.00,346.19,0,-104.00,-15.00,0.00,0.00,41.00,0.00,0,34
99.10,1544517652,728.98,51.49411385,7.41563898,155.29,12.32,0.00,346.19,0,-105.00,-17.00,0.00,0.00,41.00,0.00,0,38
100.09,1544517653,741.25,51.49420839,7.41560488,154.84,11.82,0.00,346.70,0,-113.00,-19.00,0.00,0.00,31.00,0.00,0,22
100.09,1544517653,741.27,51.49420839,7.41560488,154.84,11.82,0.00,346.70,0,-114.00,-19.00,0.00,0.00,31.00,0.00,0,367
100.09,1544517653,741.27,51.49420839,7.41560488,154.84,11.82,0.00,346.70,0,-114.00,-19.00,0.00,0.00,31.00,0.00,0,16
100.09,1544517653,741.28,51.49420839,7.41560488,154.84,11.82,0.00,346.70,0,-104.00,-15.00,0.00,0.00,41.00,0.00,0,34
100.10,1544517653,741.29,51.49420839,7.41560488,154.84,11.82,0.00,346.70,0,-105.00,-17.00,0.00,0.00,41.00,0.00,0,38
101.09,1544517654,753.08,51.49430856,7.41557005,154.39,11.10,0.00,347.29,0,-101.00,-16.00,0.00,0.00,41.00,0.00,0,37
101.09,1544517654,753.08,51.49430856,7.41557005,154.39,11.10,0.00,347.29,0,-103.00,-18.00,0.00,0.00,41.00,0.00,0,38
101.09,1544517654,753.09,51.49430856,7.41557005,154.39,11.10,0.00,347.29,0,-110.00,-16.00,0.00,0.00,32.00,0.00,0,367
102.09,1544517655,764.16,51.49439351,7.41553959,154.05,9.53,0.00,347.97,0,-101.00,-16.00,0.00,0.00,41.00,0.00,0,37
102.09,1544517655,764.17,51.49439351,7.41553959,154.05,9.53,0.00,347.97,0,-103.00,-18.00,0.00,0.00,41.00,0.00,0,38
102.09,1544517655,764.17,51.49439351,7.41553959,154.05,9.53,0.00,347.97,0,-110.00,-16.00,0.00,0.00,32.00,0.00,0,367
103.09,1544517656,773.69,51.49447575,7.41550808,153.72,6.82,0.00,346.99,0,-97.00,-15.00,0.00,0.00,44.00,0.00,0,37
103.09,1544517656,773.69,51.49447575,7.41550808,153.72,6.82,0.00,346.99,0,-99.00,-17.00,0.00,0.00,44.00,0.00,0,38
103.09,1544517656,773.69,51.49447575,7.41550808,153.72,6.82,0.00,346.99,0,-108.00,-15.00,0.00,0.00,32.00,0.00,0,367
103.09,1544517656,773.69,51.49447575,7.41550808,153.72,6.82,0.00,346.99,0,-110.00,-15.00,0.00,0.00,32.00,0.00,0,16
103.09,1544517656,773.70,51.49447575,7.41550808,153.72,6.82,0.00,346.99,0,-112.00,-16.00,0.00,0.00,31.00,0.00,0,62
104.09,1544517657,780.51,51.49452028,7.41545536,153.02,6.73,0.00,326.82,0,-97.00,-15.00,0.00,0.00,44.00,0.00,0,37
104.09,1544517657,780.52,51.49452028,7.41545536,153.02,6.73,0.00,326.82,0,-99.00,-17.00,0.00,0.00,44.00,0.00,0,38
104.09,1544517657,780.52,51.49452028,7.41545536,153.02,6.73,0.00,326.82,0,-108.00,-15.00,0.00,0.00,32.00,0.00,0,367
104.09,1544517657,780.52,51.49452028,7.41545536,153.02,6.73,0.00,326.82,0,-110.00,-15.00,0.00,0.00,32.00,0.00,0,16
104.09,1544517657,780.52,51.49452028,7.41545536,153.02,6.73,0.00,326.82,0,-112.00,-16.00,0.00,0.00,31.00,0.00,0,62
105.10,1544517658,787.29,51.49455651,7.41534866,152.41,7.41,0.00,296.66,0,-98.00,-16.00,0.00,0.00,43.00,0.00,0,38
105.10,1544517658,787.29,51.49455651,7.41534866,152.41,7.41,0.00,296.66,0,-99.00,-16.00,0.00,0.00,43.00,0.00,0,37
105.10,1544517658,787.31,51.49455651,7.41534866,152.41,7.41,0.00,296.66,0,0.00,0.00,0.00,0.00,63.00,0.00,0,303
106.09,1544517659,794.65,51.49454412,7.41521566,151.80,7.67,0.00,257.04,0,-98.00,-16.00,0.00,0.00,43.00,0.00,0,38
106.09,1544517659,794.65,51.49454412,7.41521566,151.80,7.67,0.00,257.04,0,-99.00,-16.00,0.00,0.00,43.00,0.00,0,37
106.09,1544517659,794.66,51.49454412,7.41521566,151.80,7.67,0.00,257.04,0,0.00,0.00,0.00,0.00,63.00,0.00,0,303
107.09,1544517660,802.31,51.49453321,7.41510061,151.42,7.30,0.00,256.13,0,-98.00,-16.00,0.00,0.00,43.00,0.00,0,38
107.09,1544517660,802.32,51.49453321,7.41510061,151.42,7.30,0.00,256.13,0,-99.00,-16.00,0.00,0.00,43.00,0.00,0,37
107.09,1544517660,802.32,51.49453321,7.41510061,151.42,7.30,0.00,256.13,0,0.00,0.00,0.00,0.00,63.00,0.00,0,303
108.09,1544517661,809.64,51.49452027,7.41499120,151.59,8.10,0.00,255.22,0,-101.00,-17.00,0.00,0.00,42.00,0.00,0,38
108.09,1544517661,809.64,51.49452027,7.41499120,151.59,8.10,0.00,255.22,0,-102.00,-18.00,0.00,0.00,42.00,0.00,0,37
108.09,1544517661,809.64,51.49452027,7.41499120,151.59,8.10,0.00,255.22,0,0.00,0.00,0.00,0.00,63.00,0.00,0,303
109.09,1544517662,817.72,51.49449875,7.41485809,152.26,9.38,0.00,255.88,0,-101.00,-17.00,0.00,0.00,42.00,0.00,0,38
109.09,1544517662,817.73,51.49449875,7.41485809,152.26,9.38,0.00,255.88,0,-102.00,-18.00,0.00,0.00,42.00,0.00,0,37
109.09,1544517662,817.73,51.49449875,7.41485809,152.26,9.38,0.00,255.88,0,0.00,0.00,0.00,0.00,63.00,0.00,0,303
110.09,1544517663,827.09,51.49447347,7.41467851,152.13,12.20,0.00,256.68,0,-104.00,-19.00,0.00,0.00,42.00,0.00,0,38
110.09,1544517663,827.09,51.49447347,7.41467851,152.13,12.20,0.00,256.68,0,-104.00,-19.00,0.00,0.00,41.00,0.00,0,65
111.09,1544517664,839.31,51.49444712,7.41449038,151.83,12.65,0.00,256.71,0,-104.00,-19.00,0.00,0.00,42.00,0.00,0,38
111.09,1544517664,839.32,51.49444712,7.41449038,151.83,12.65,0.00,256.71,0,-104.00,-19.00,0.00,0.00,41.00,0.00,0,65
112.09,1544517665,851.95,51.49441840,7.41429010,151.69,13.17,0.00,257.64,0,-104.00,-19.00,0.00,0.00,41.00,0.00,0,38
113.09,1544517666,865.08,51.49439343,7.41410439,151.71,13.36,0.00,258.16,0,-104.00,-19.00,0.00,0.00,41.00,0.00,0,38
114.09,1544517667,878.49,51.49436801,7.41391646,152.27,13.99,0.00,258.62,0,-100.00,-15.00,0.00,0.00,41.00,0.00,0,275
114.09,1544517667,878.49,51.49436801,7.41391646,152.27,13.99,0.00,258.62,0,-104.00,-18.00,0.00,0.00,40.00,0.00,0,38
114.09,1544517667,878.51,51.49436801,7.41391646,152.27,13.99,0.00,258.62,0,-105.00,-12.00,0.00,0.00,33.00,0.00,0,62
114.09,1544517667,878.51,51.49436801,7.41391646,152.27,13.99,0.00,258.62,0,-111.00,-17.00,0.00,0.00,32.00,0.00,0,450
115.11,1544517668,892.69,51.49434208,7.41371630,152.99,13.24,0.00,257.73,0,-100.00,-15.00,0.00,0.00,41.00,0.00,0,275
115.11,1544517668,892.71,51.49434208,7.41371630,152.99,13.24,0.00,257.73,0,-104.00,-18.00,0.00,0.00,40.00,0.00,0,38
115.11,1544517668,892.71,51.49434208,7.41371630,152.99,13.24,0.00,257.73,0,-105.00,-12.00,0.00,0.00,33.00,0.00,0,62
115.11,1544517668,892.71,51.49434208,7.41371630,152.99,13.24,0.00,257.73,0,-111.00,-17.00,0.00,0.00,32.00,0.00,0,450
116.09,1544517669,905.72,51.49431772,7.41353398,153.65,12.23,0.00,258.14,0,-100.00,-15.00,0.00,0.00,41.00,0.00,0,38
116.09,1544517669,905.73,51.49431772,7.41353398,153.65,12.23,0.00,258.14,0,-104.00,-19.00,0.00,0.00,41.00,0.00,0,65
116.09,1544517669,905.73,51.49431772,7.41353398,153.65,12.23,0.00,258.14,0,-104.00,-20.00,0.00,0.00,41.00,0.00,0,37
117.09,1544517670,917.93,51.49429445,7.41335300,154.39,12.35,0.00,258.38,0,-100.00,-15.00,0.00,0.00,41.00,0.00,0,38
117.09,1544517670,917.93,51.49429445,7.41335300,154.39,12.35,0.00,258.38,0,-104.00,-19.00,0.00,0.00,41.00,0.00,0,65
117.09,1544517670,917.94,51.49429445,7.41335300,154.39,12.35,0.00,258.38,0,-104.00,-20.00,0.00,0.00,41.00,0.00,0,37
118.09,1544517671,930.31,51.49427447,7.41317864,154.67,12.88,0.00,259.28,0,-99.00,-16.00,0.00,0.00,42.00,0.00,0,38
118.09,1544517671,930.32,51.49427447,7.41317864,154.67,12.88,0.00,259.28,0,-102.00,-18.00,0.00,0.00,42.00,0.00,0,65
118.09,1544517671,930.33,51.49427447,7.41317864,154.67,12.88,0.00,259.28,0,-102.00,-19.00,0.00,0.00,42.00,0.00,0,37
119.09,1544517672,943.19,51.49425168,7.41299139,155.19,13.42,0.00,258.42,0,-99.00,-16.00,0.00,0.00,42.00,0.00,0,38
119.09,1544517672,943.20,51.49425168,7.41299139,155.19,13.42,0.00,258.42,0,-102.00,-18.00,0.00,0.00,42.00,0.00,0,65
119.09,1544517672,943.20,51.49425168,7.41299139,155.19,13.42,0.00,258.42,0,-102.00,-19.00,0.00,0.00,42.00,0.00,0,37
120.09,1544517673,956.61,51.49422388,7.41280836,155.60,13.59,0.00,258.03,0,-95.00,-12.00,0.00,0.00,42.00,0.00,0,38
120.09,1544517673,956.63,51.49422388,7.41280836,155.60,13.59,0.00,258.03,0,-100.00,-17.00,0.00,0.00,43.00,0.00,0,37
121.09,1544517674,970.20,51.49420198,7.41261772,156.28,13.98,0.00,258.13,0,-95.00,-12.00,0.00,0.00,42.00,0.00,0,38
121.09,1544517674,970.22,51.49420198,7.41261772,156.28,13.98,0.00,258.13,0,-100.00,-17.00,0.00,0.00,43.00,0.00,0,37
122.09,1544517675,984.20,51.49417536,7.41241696,157.18,13.84,0.00,258.39,0,-98.00,-14.00,0.00,0.00,41.00,0.00,0,34
122.09,1544517675,984.21,51.49417536,7.41241696,157.18,13.84,0.00,258.39,0,-100.00,-15.00,0.00,0.00,41.00,0.00,0,65
122.09,1544517675,984.23,51.49417536,7.41241696,157.18,13.84,0.00,258.39,0,-105.00,-20.00,0.00,0.00,40.00,0.00,0,37
122.09,1544517675,984.23,51.49417536,7.41241696,157.18,13.84,0.00,258.39,0,-106.00,-13.00,0.00,0.00,33.00,0.00,0,450
122.10,1544517675,984.24,51.49417536,7.41241696,157.18,13.84,0.00,258.39,0,-109.00,-18.00,0.00,0.00,34.00,0.00,0,76
123.09,1544517676,998.06,51.49415012,7.41222011,158.11,13.74,0.00,257.73,0,-98.00,-14.00,0.00,0.00,41.00,0.00,0,34
123.09,1544517676,998.06,51.49415012,7.41222011,158.11,13.74,0.00,257.73,0,-100.00,-15.00,0.00,0.00,41.00,0.00,0,65
123.09,1544517676,998.07,51.49415012,7.41222011,158.11,13.74,0.00,257.73,0,-105.00,-20.00,0.00,0.00,40.00,0.00,0,37
123.10,1544517676,998.08,51.49415012,7.41222011,158.11,13.74,0.00,257.73,0,-106.00,-13.00,0.00,0.00,33.00,0.00,0,450
123.10,1544517676,998.08,51.49415012,7.41222011,158.11,13.74,0.00,257.73,0,-109.00,-18.00,0.00,0.00,34.00,0.00,0,76
124.09,1544517677,1011.75,51.49412055,7.41201655,158.95,13.74,0.00,257.55,0,-97.00,-14.00,0.00,0.00,43.00,0.00,0,34
124.09,1544517677,1011.76,51.49412055,7.41201655,158.95,13.74,0.00,257.55,0,-101.00,-18.00,0.00,0.00,43.00,0.00,0,65
125.09,1544517678,1025.50,51.49409262,7.41181933,159.96,13.77,0.00,257.98,0,-97.00,-14.00,0.00,0.00,43.00,0.00,0,34
125.09,1544517678,1025.50,51.49409262,7.41181933,159.96,13.77,0.00,257.98,0,-101.00,-18.00,0.00,0.00,43.00,0.00,0,65
126.10,1544517679,1039.34,51.49406512,7.41163019,161.05,13.93,0.00,258.25,0,-98.00,-19.00,0.00,0.00,46.00,0.00,0,38
126.10,1544517679,1039.34,51.49406512,7.41163019,161.05,13.93,0.00,258.25,0,-99.00,-20.00,0.00,0.00,47.00,0.00,0,65
126.10,1544517679,1039.35,51.49406512,7.41163019,161.05,13.93,0.00,258.25,0,-97.00,-12.00,0.00,0.00,42.00,0.00,0,450
127.09,1544517680,1053.22,51.49403823,7.41143405,162.16,13.79,0.00,257.83,0,-98.00,-19.00,0.00,0.00,46.00,0.00,0,38
127.09,1544517680,1053.24,51.49403823,7.41143405,162.16,13.79,0.00,257.83,0,-99.00,-20.00,0.00,0.00,47.00,0.00,0,65
127.09,1544517680,1053.25,51.49403823,7.41143405,162.16,13.79,0.00,257.83,0,-97.00,-12.00,0.00,0.00,42.00,0.00,0,450
128.09,1544517681,1067.03,51.49401160,7.41124489,162.83,13.57,0.00,257.90,0,-98.00,-19.00,0.00,0.00,46.00,0.00,0,38
128.09,1544517681,1067.04,51.49401160,7.41124489,162.83,13.57,0.00,257.90,0,-99.00,-20.00,0.00,0.00,47.00,0.00,0,65
128.09,1544517681,1067.04,51.49401160,7.41124489,162.83,13.57,0.00,257.90,0,-97.00,-12.00,0.00,0.00,42.00,0.00,0,450
129.09,1544517682,1080.58,51.49398803,7.41106401,163.49,13.64,0.00,258.73,0,-95.00,-13.00,0.00,0.00,44.00,0.00,0,38
129.09,1544517682,1080.59,51.49398803,7.41106401,163.49,13.64,0.00,258.73,0,-101.00,-19.00,0.00,0.00,44.00,0.00,0,65
129.09,1544517682,1080.61,51.49398803,7.41106401,163.49,13.64,0.00,258.73,0,-102.00,-20.00,0.00,0.00,44.00,0.00,0,467
129.09,1544517682,1080.61,51.49398803,7.41106401,163.49,13.64,0.00,258.73,0,-101.00,-12.00,0.00,0.00,38.00,0.00,0,450
130.09,1544517683,1094.21,51.49396143,7.41086919,164.27,14.02,0.00,258.19,0,-95.00,-13.00,0.00,0.00,44.00,0.00,0,38
130.09,1544517683,1094.23,51.49396143,7.41086919,164.27,14.02,0.00,258.19,0,-101.00,-19.00,0.00,0.00,44.00,0.00,0,65
130.09,1544517683,1094.23,51.49396143,7.41086919,164.27,14.02,0.00,258.19,0,-102.00,-20.00,0.00,0.00,44.00,0.00,0,467
130.09,1544517683,1094.24,51.49396143,7.41086919,164.27,14.02,0.00,258.19,0,-101.00,-12.00,0.00,0.00,38.00,0.00,0,450
131.09,1544517684,1108.21,51.49393201,7.41066204,165.09,14.01,0.00,257.85,0,-97.00,-13.00,0.00,0.00,42.00,0.00,0,38
131.09,1544517684,1108.22,51.49393201,7.41066204,165.09,14.01,0.00,257.85,0,-101.00,-18.00,0.00,0.00,42.00,0.00,0,65
132.09,1544517685,1122.26,51.49390360,7.41046090,165.70,13.58,0.00,258.52,0,-97.00,-13.00,0.00,0.00,42.00,0.00,0,38
132.09,1544517685,1122.26,51.49390360,7.41046090,165.70,13.58,0.00,258.52,0,-101.00,-18.00,0.00,0.00,42.00,0.00,0,65
133.09,1544517686,1135.82,51.49387801,7.41026132,165.74,13.53,0.00,258.64,0,-97.00,-15.00,0.00,0.00,43.00,0.00,0,38
133.09,1544517686,1135.84,51.49387801,7.41026132,165.74,13.53,0.00,258.64,0,-100.00,-18.00,0.00,0.00,43.00,0.00,0,65
134.09,1544517687,1149.37,51.49385312,7.41007103,165.77,13.73,0.00,258.04,0,-97.00,-15.00,0.00,0.00,43.00,0.00,0,38
134.09,1544517687,1149.38,51.49385312,7.41007103,165.77,13.73,0.00,258.04,0,-100.00,-18.00,0.00,0.00,43.00,0.00,0,65
135.09,1544517688,1163.07,51.49382732,7.40987467,166.42,14.00,0.00,258.35,0,-101.00,-16.00,0.00,0.00,41.00,0.00,0,65
135.09,1544517688,1163.09,51.49382732,7.40987467,166.42,14.00,0.00,258.35,0,-101.00,-17.00,0.00,0.00,41.00,0.00,0,38
136.09,1544517689,1177.00,51.49379894,7.40967290,167.13,14.06,0.00,257.63,0,-101.00,-16.00,0.00,0.00,41.00,0.00,0,65
136.09,1544517689,1177.01,51.49379894,7.40967290,167.13,14.06,0.00,257.63,0,-101.00,-17.00,0.00,0.00,41.00,0.00,0,38
137.09,1544517690,1191.14,51.49377156,7.40947148,167.40,14.22,0.00,257.78,0,-96.00,-16.00,0.00,0.00,46.00,0.00,0,38
137.09,1544517690,1191.17,51.49377156,7.40947148,167.40,14.22,0.00,257.78,0,-98.00,-11.00,0.00,0.00,40.00,0.00,0,450
138.09,1544517691,1205.34,51.49374339,7.40927746,167.16,14.43,0.00,258.36,0,-96.00,-16.00,0.00,0.00,46.00,0.00,0,38
138.09,1544517691,1205.37,51.49374339,7.40927746,167.16,14.43,0.00,258.36,0,-98.00,-11.00,0.00,0.00,40.00,0.00,0,450
139.09,1544517692,1219.81,51.49371362,7.40906862,166.64,14.43,0.00,258.00,0,-96.00,-13.00,0.00,0.00,43.00,0.00,0,38
139.09,1544517692,1219.82,51.49371362,7.40906862,166.64,14.43,0.00,258.00,0,-102.00,-19.00,0.00,0.00,43.00,0.00,0,65
139.09,1544517692,1219.84,51.49371362,7.40906862,166.64,14.43,0.00,258.00,0,-98.00,-10.00,0.00,0.00,39.00,0.00,0,450
140.09,1544517693,1234.24,51.49368978,7.40887549,166.25,14.17,0.00,258.53,0,-96.00,-13.00,0.00,0.00,43.00,0.00,0,38
140.09,1544517693,1234.25,51.49368978,7.40887549,166.25,14.17,0.00,258.53,0,-102.00,-19.00,0.00,0.00,43.00,0.00,0,65
140.09,1544517693,1234.25,51.49368978,7.40887549,166.25,14.17,0.00,258.53,0,-98.00,-10.00,0.00,0.00,39.00,0.00,0,450
141.09,1544517694,1248.39,51.49366596,7.40868866,166.22,13.82,0.00,258.12,0,-97.00,-14.00,0.00,0.00,42.00,0.00,0,38
141.09,1544517694,1248.41,51.49366596,7.40868866,166.22,13.82,0.00,258.12,0,-101.00,-17.00,0.00,0.00,42.00,0.00,0,65
141.09,1544517694,1248.42,51.49366596,7.40868866,166.22,13.82,0.00,258.12,0,-96.00,-10.00,0.00,0.00,40.00,0.00,0,450
142.09,1544517695,1262.22,51.49363854,7.40849159,166.33,13.48,0.00,257.68,0,-97.00,-14.00,0.00,0.00,42.00,0.00,0,38
142.09,1544517695,1262.24,51.49363854,7.40849159,166.33,13.48,0.00,257.68,0,-101.00,-17.00,0.00,0.00,42.00,0.00,0,65
142.09,1544517695,1262.25,51.49363854,7.40849159,166.33,13.48,0.00,257.68,0,-96.00,-10.00,0.00,0.00,40.00,0.00,0,450
143.09,1544517696,1275.69,51.49361517,7.40829593,166.19,13.30,0.00,257.86,0,-99.00,-15.00,0.00,0.00,41.00,0.00,0,38
143.09,1544517696,1275.71,51.49361517,7.40829593,166.19,13.30,0.00,257.86,0,-102.00,-17.00,0.00,0.00,41.00,0.00,0,65
143.09,1544517696,1275.72,51.49361517,7.40829593,166.19,13.30,0.00,257.86,0,-88.00,-11.00,0.00,0.00,49.00,0.00,0,450
144.09,1544517697,1288.99,51.49359221,7.40810837,165.97,13.44,0.00,258.09,0,-99.00,-15.00,0.00,0.00,41.00,0.00,0,38
144.09,1544517697,1288.99,51.49359221,7.40810837,165.97,13.44,0.00,258.09,0,-102.00,-17.00,0.00,0.00,41.00,0.00,0,65
144.09,1544517697,1289.00,51.49359221,7.40810837,165.97,13.44,0.00,258.09,0,-88.00,-11.00,0.00,0.00,49.00,0.00,0,450
145.09,1544517698,1302.43,51.49356924,7.40792483,165.84,13.75,0.00,258.32,0,-101.00,-16.00,0.00,0.00,41.00,0.00,0,38
145.09,1544517698,1302.43,51.49356924,7.40792483,165.84,13.75,0.00,258.32,0,-101.00,-16.00,0.00,0.00,41.00,0.00,0,65
145.09,1544517698,1302.43,51.49356924,7.40792483,165.84,13.75,0.00,258.32,0,-89.00,-10.00,0.00,0.00,47.00,0.00,0,450
146.09,1544517699,1316.19,51.49354363,7.40773846,165.82,13.86,0.00,257.80,0,-101.00,-16.00,0.00,0.00,41.00,0.00,0,38
146.09,1544517699,1316.20,51.49354363,7.40773846,165.82,13.86,0.00,257.80,0,-101.00,-16.00,0.00,0.00,41.00,0.00,0,65
146.09,1544517699,1316.20,51.49354363,7.40773846,165.82,13.86,0.00,257.80,0,-89.00,-10.00,0.00,0.00,47.00,0.00,0,450
147.10,1544517700,1330.20,51.49351651,7.40753160,166.02,13.84,0.00,257.90,0,-101.00,-16.00,0.00,0.00,40.00,0.00,0,38
147.10,1544517700,1330.22,51.49351651,7.40753160,166.02,13.84,0.00,257.90,0,-102.00,-16.00,0.00,0.00,40.00,0.00,0,65
147.10,1544517700,1330.22,51.49351651,7.40753160,166.02,13.84,0.00,257.90,0,-105.00,-20.00,0.00,0.00,40.00,0.00,0,47
147.10,1544517700,1330.23,51.49351651,7.40753160,166.02,13.84,0.00,257.90,0,-87.00,-11.00,0.00,0.00,49.00,0.00,0,450
148.09,1544517701,1343.88,51.49349196,7.40733721,166.23,13.70,0.00,257.99,0,-101.00,-16.00,0.00,0.00,40.00,0.00,0,38
148.09,1544517701,1343.89,51.49349196,7.40733721,166.23,13.70,0.00,257.99,0,-102.00,-16.00,0.00,0.00,40.00,0.00,0,65
148.09,1544517701,1343.90,51.49349196,7.40733721,166.23,13.70,0.00,257.99,0,-105.00,-20.00,0.00,0.00,40.00,0.00,0,47
148.09,1544517701,1343.90,51.49349196,7.40733721,166.23,13.70,0.00,257.99,0,-87.00,-11.00,0.00,0.00,49.00,0.00,0,450
149.09,1544517702,1357.59,51.49346402,7.40715030,166.82,13.94,0.00,258.21,0,-101.00,-16.00,0.00,0.00,40.00,0.00,0,38
149.09,1544517702,1357.61,51.49346402,7.40715030,166.82,13.94,0.00,258.21,0,-102.00,-16.00,0.00,0.00,40.00,0.00,0,65
149.09,1544517702,1357.61,51.49346402,7.40715030,166.82,13.94,0.00,258.21,0,-105.00,-20.00,0.00,0.00,40.00,0.00,0,47
149.09,1544517702,1357.61,51.49346402,7.40715030,166.82,13.94,0.00,258.21,0,-87.00,-11.00,0.00,0.00,49.00,0.00,0,450
150.09,1544517703,1371.55,51.49343782,7.40695115,167.34,14.03,0.00,258.04,0,-102.00,-17.00,0.00,0.00,40.00,0.00,0,38
150.09,1544517703,1371.56,51.49343782,7.40695115,167.34,14.03,0.00,258.04,0,-103.00,-18.00,0.00,0.00,40.00,0.00,0,65
150.09,1544517703,1371.57,51.49343782,7.40695115,167.34,14.03,0.00,258.04,0,-89.00,-12.00,0.00,0.00,49.00,0.00,0,450
150.09,1544517703,1371.57,51.49343782,7.40695115,167.34,14.03,0.00,258.04,0,0.00,0.00,0.00,0.00,63.00,0.00,0,130
150.10,1544517703,1371.59,51.49343782,7.40695115,167.34,14.03,0.00,258.04,0,0.00,0.00,0.00,0.00,63.00,0.00,0,382
150.10,1544517703,1371.59,51.49343782,7.40695115,167.34,14.03,0.00,258.04,0,-225.00,-225.00,0.00,0.00,63.00,0.00,0,149
151.09,1544517704,1385.54,51.49340927,7.40674341,167.31,14.01,0.00,257.87,0,-102.00,-17.00,0.00,0.00,40.00,0.00,0,38
151.09,1544517704,1385.55,51.49340927,7.40674341,167.31,14.01,0.00,257.87,0,-103.00,-18.00,0.00,0.00,40.00,0.00,0,65
151.09,1544517704,1385.55,51.49340927,7.40674341,167.31,14.01,0.00,257.87,0,-89.00,-12.00,0.00,0.00,49.00,0.00,0,450
151.09,1544517704,1385.55,51.49340927,7.40674341,167.31,14.01,0.00,257.87,0,0.00,0.00,0.00,0.00,63.00,0.00,0,130
151.09,1544517704,1385.56,51.49340927,7.40674341,167.31,14.01,0.00,257.87,0,0.00,0.00,0.00,0.00,63.00,0.00,0,382
151.09,1544517704,1385.56,51.49340927,7.40674341,167.31,14.01,0.00,257.87,0,-225.00,-225.00,0.00,0.00,63.00,0.00,0,149
152.09,1544517705,1399.61,51.49338067,7.40654428,167.21,14.15,0.00,258.11,0,-99.00,-16.00,0.00,0.00,42.00,0.00,0,38
152.09,1544517705,1399.61,51.49338067,7.40654428,167.21,14.15,0.00,258.11,0,-102.00,-18.00,0.00,0.00,42.00,0.00,0,65
152.10,1544517705,1399.63,51.49338067,7.40654428,167.21,14.15,0.00,258.11,0,-104.00,-20.00,0.00,0.00,42.00,0.00,0,16
152.10,1544517705,1399.63,51.49338067,7.40654428,167.21,14.15,0.00,258.11,0,-86.00,-11.00,0.00,0.00,52.00,0.00,0,450
152.10,1544517705,1399.63,51.49338067,7.40654428,167.21,14.15,0.00,258.11,0,0.00,0.00,0.00,0.00,63.00,0.00,0,382
152.10,1544517705,1399.64,51.49338067,7.40654428,167.21,14.15,0.00,258.11,0,0.00,0.00,0.00,0.00,63.00,0.00,0,130
153.09,1544517706,1413.73,51.49335450,7.40634903,167.01,14.18,0.00,258.30,0,-99.00,-16.00,0.00,0.00,42.00,0.00,0,38
153.09,1544517706,1413.73,51.49335450,7.40634903,167.01,14.18,0.00,258.30,0,-102.00,-18.00,0.00,0.00,42.00,0.00,0,65
153.09,1544517706,1413.75,51.49335450,7.40634903,167.01,14.18,0.00,258.30,0,-104.00,-20.00,0.00,0.00,42.00,0.00,0,16
153.09,1544517706,1413.75,51.49335450,7.40634903,167.01,14.18,0.00,258.30,0,-86.00,-11.00,0.00,0.00,52.00,0.00,0,450
153.09,1544517706,1413.75,51.49335450,7.40634903,167.01,14.18,0.00,258.30,0,0.00,0.00,0.00,0.00,63.00,0.00,0,382
153.09,1544517706,1413.76,51.49335450,7.40634903,167.01,14.18,0.00,258.30,0,0.00,0.00,0.00,0.00,63.00,0.00,0,130
154.09,1544517707,1427.89,51.49332907,7.40615019,166.81,13.92,0.00,257.84,0,-102.00,-19.00,0.00,0.00,42.00,0.00,0,38
154.09,1544517707,1427.90,51.49332907,7.40615019,166.81,13.92,0.00,257.84,0,-89.00,-7.00,0.00,0.00,45.00,0.00,0,450
155.09,1544517708,1441.82,51.49330311,7.40595335,166.73,13.51,0.00,257.50,0,-102.00,-19.00,0.00,0.00,42.00,0.00,0,38
155.09,1544517708,1441.82,51.49330311,7.40595335,166.73,13.51,0.00,257.50,0,-89.00,-7.00,0.00,0.00,45.00,0.00,0,450
156.09,1544517709,1455.33,51.49327971,7.40576199,166.96,13.74,0.00,258.11,0,-85.00,-7.00,0.00,0.00,49.00,0.00,0,450
157.09,1544517710,1469.06,51.49325462,7.40556222,167.15,14.05,0.00,258.49,0,-85.00,-7.00,0.00,0.00,49.00,0.00,0,450
158.09,1544517711,1483.13,51.49322985,7.40536773,167.28,14.14,0.00,258.37,0,-103.00,-18.00,0.00,0.00,40.00,0.00,0,38
158.09,1544517711,1483.13,51.49322985,7.40536773,167.28,14.14,0.00,258.37,0,-105.00,-19.00,0.00,0.00,40.00,0.00,0,436
158.09,1544517711,1483.13,51.49322985,7.40536773,167.28,14.14,0.00,258.37,0,-91.00,-10.00,0.00,0.00,45.00,0.00,0,450
159.09,1544517712,1497.26,51.49320523,7.40516986,167.15,13.91,0.00,258.03,0,-103.00,-18.00,0.00,0.00,40.00,0.00,0,38
159.09,1544517712,1497.26,51.49320523,7.40516986,167.15,13.91,0.00,258.03,0,-105.00,-19.00,0.00,0.00,40.00,0.00,0,436
159.09,1544517712,1497.28,51.49320523,7.40516986,167.15,13.91,0.00,258.03,0,-91.00,-10.00,0.00,0.00,45.00,0.00,0,450
160.09,1544517713,1511.18,51.49318172,7.40498121,166.68,13.43,0.00,258.09,0,-107.00,-18.00,0.00,0.00,37.00,0.00,0,436
160.09,1544517713,1511.19,51.49318172,7.40498121,166.68,13.43,0.00,258.09,0,-107.00,-17.00,0.00,0.00,37.00,0.00,0,316
160.09,1544517713,1511.20,51.49318172,7.40498121,166.68,13.43,0.00,258.09,0,-107.00,-18.00,0.00,0.00,37.00,0.00,0,35
160.09,1544517713,1511.20,51.49318172,7.40498121,166.68,13.43,0.00,258.09,0,-88.00,-11.00,0.00,0.00,50.00,0.00,0,450
161.09,1544517714,1524.60,51.49315802,7.40479418,166.89,13.04,0.00,257.33,0,-107.00,-18.00,0.00,0.00,37.00,0.00,0,436
161.09,1544517714,1524.63,51.49315802,7.40479418,166.89,13.04,0.00,257.33,0,-107.00,-17.00,0.00,0.00,37.00,0.00,0,316
161.09,1544517714,1524.64,51.49315802,7.40479418,166.89,13.04,0.00,257.33,0,-107.00,-18.00,0.00,0.00,37.00,0.00,0,35
161.09,1544517714,1524.64,51.49315802,7.40479418,166.89,13.04,0.00,257.33,0,-88.00,-11.00,0.00,0.00,50.00,0.00,0,450
162.09,1544517715,1537.66,51.49313480,7.40461460,167.27,12.90,0.00,257.80,0,-106.00,-16.00,0.00,0.00,35.00,0.00,0,35
162.09,1544517715,1537.66,51.49313480,7.40461460,167.27,12.90,0.00,257.80,0,-106.00,-16.00,0.00,0.00,35.00,0.00,0,436
162.09,1544517715,1537.67,51.49313480,7.40461460,167.27,12.90,0.00,257.80,0,-107.00,-17.00,0.00,0.00,35.00,0.00,0,38
162.09,1544517715,1537.67,51.49313480,7.40461460,167.27,12.90,0.00,257.80,0,-87.00,-12.00,0.00,0.00,51.00,0.00,0,450
163.09,1544517716,1550.57,51.49311111,7.40443336,167.40,13.04,0.00,257.96,0,-106.00,-16.00,0.00,0.00,35.00,0.00,0,35
163.09,1544517716,1550.57,51.49311111,7.40443336,167.40,13.04,0.00,257.96,0,-106.00,-16.00,0.00,0.00,35.00,0.00,0,436
163.09,1544517716,1550.59,51.49311111,7.40443336,167.40,13.04,0.00,257.96,0,-107.00,-17.00,0.00,0.00,35.00,0.00,0,38
163.10,1544517716,1550.60,51.49311111,7.40443336,167.40,13.04,0.00,257.96,0,-87.00,-12.00,0.00,0.00,51.00,0.00,0,450
164.09,1544517717,1563.59,51.49308765,7.40424315,167.51,13.09,0.00,258.03,0,-106.00,-17.00,0.00,0.00,36.00,0.00,0,398
164.09,1544517717,1563.60,51.49308765,7.40424315,167.51,13.09,0.00,258.03,0,-106.00,-17.00,0.00,0.00,36.00,0.00,0,38
164.09,1544517717,1563.60,51.49308765,7.40424315,167.51,13.09,0.00,258.03,0,-107.00,-17.00,0.00,0.00,36.00,0.00,0,35
164.09,1544517717,1563.60,51.49308765,7.40424315,167.51,13.09,0.00,258.03,0,-89.00,-11.00,0.00,0.00,48.00,0.00,0,450
165.09,1544517718,1576.70,51.49306508,7.40406477,167.52,12.78,0.00,258.48,0,-106.00,-17.00,0.00,0.00,36.00,0.00,0,398
165.09,1544517718,1576.71,51.49306508,7.40406477,167.52,12.78,0.00,258.48,0,-106.00,-17.00,0.00,0.00,36.00,0.00,0,38
165.09,1544517718,1576.71,51.49306508,7.40406477,167.52,12.78,0.00,258.48,0,-107.00,-17.00,0.00,0.00,36.00,0.00,0,35
165.09,1544517718,1576.71,51.49306508,7.40406477,167.52,12.78,0.00,258.48,0,-89.00,-11.00,0.00,0.00,48.00,0.00,0,450
166.09,1544517719,1589.43,51.49304103,7.40387772,167.75,12.83,0.00,259.00,0,-101.00,-16.00,0.00,0.00,40.00,0.00,0,35
166.09,1544517719,1589.45,51.49304103,7.40387772,167.75,12.83,0.00,259.00,0,-103.00,-17.00,0.00,0.00,40.00,0.00,0,38
166.09,1544517719,1589.45,51.49304103,7.40387772,167.75,12.83,0.00,259.00,0,-103.00,-18.00,0.00,0.00,40.00,0.00,0,398
166.09,1544517719,1589.45,51.49304103,7.40387772,167.75,12.83,0.00,259.00,0,-92.00,-10.00,0.00,0.00,46.00,0.00,0,450
166.09,1544517719,1589.46,51.49304103,7.40387772,167.75,12.83,0.00,259.00,0,0.00,0.00,0.00,0.00,63.00,0.00,0,130
167.09,1544517720,1602.30,51.49302171,7.40369449,167.53,12.82,0.00,260.51,0,-101.00,-16.00,0.00,0.00,40.00,0.00,0,35
167.09,1544517720,1602.31,51.49302171,7.40369449,167.53,12.82,0.00,260.51,0,-103.00,-17.00,0.00,0.00,40.00,0.00,0,38
167.09,1544517720,1602.31,51.49302171,7.40369449,167.53,12.82,0.00,260.51,0,-103.00,-18.00,0.00,0.00,40.00,0.00,0,398
167.09,1544517720,1602.33,51.49302171,7.40369449,167.53,12.82,0.00,260.51,0,-92.00,-10.00,0.00,0.00,46.00,0.00,0,450
167.09,1544517720,1602.33,51.49302171,7.40369449,167.53,12.82,0.00,260.51,0,0.00,0.00,0.00,0.00,63.00,0.00,0,130
168.09,1544517721,1615.12,51.49300605,7.40350996,167.24,12.75,0.00,263.01,0,-102.00,-16.00,0.00,0.00,39.00,0.00,0,35
168.09,1544517721,1615.14,51.49300605,7.40350996,167.24,12.75,0.00,263.01,0,-102.00,-16.00,0.00,0.00,39.00,0.00,0,398
168.09,1544517721,1615.14,51.49300605,7.40350996,167.24,12.75,0.00,263.01,0,-106.00,-19.00,0.00,0.00,39.00,0.00,0,38
168.09,1544517721,1615.14,51.49300605,7.40350996,167.24,12.75,0.00,263.01,0,-92.00,-9.00,0.00,0.00,44.00,0.00,0,450
168.09,1544517721,1615.15,51.49300605,7.40350996,167.24,12.75,0.00,263.01,0,0.00,0.00,0.00,0.00,63.00,0.00,0,130
169.09,1544517722,1627.87,51.49299555,7.40332983,166.82,12.73,0.00,264.88,0,-102.00,-16.00,0.00,0.00,39.00,0.00,0,35
169.09,1544517722,1627.89,51.49299555,7.40332983,166.82,12.73,0.00,264.88,0,-102.00,-16.00,0.00,0.00,39.00,0.00,0,398
169.09,1544517722,1627.89,51.49299555,7.40332983,166.82,12.73,0.00,264.88,0,-106.00,-19.00,0.00,0.00,39.00,0.00,0,38
169.09,1544517722,1627.89,51.49299555,7.40332983,166.82,12.73,0.00,264.88,0,-92.00,-9.00,0.00,0.00,44.00,0.00,0,450
169.09,1544517722,1627.90,51.49299555,7.40332983,166.82,12.73,0.00,264.88,0,0.00,0.00,0.00,0.00,63.00,0.00,0,130
170.10,1544517723,1640.71,51.49298741,7.40315301,166.19,13.13,0.00,266.08,0,-101.00,-14.00,0.00,0.00,39.00,0.00,0,398
170.10,1544517723,1640.73,51.49298741,7.40315301,166.19,13.13,0.00,266.08,0,-102.00,-16.00,0.00,0.00,39.00,0.00,0,35
170.10,1544517723,1640.73,51.49298741,7.40315301,166.19,13.13,0.00,266.08,0,-107.00,-20.00,0.00,0.00,40.00,0.00,0,38
170.10,1544517723,1640.74,51.49298741,7.40315301,166.19,13.13,0.00,266.08,0,-93.00,-8.00,0.00,0.00,42.00,0.00,0,450
170.10,1544517723,1640.74,51.49298741,7.40315301,166.19,13.13,0.00,266.08,0,0.00,0.00,0.00,0.00,63.00,0.00,0,130
171.09,1544517724,1653.66,51.49297904,7.40297430,165.54,12.64,0.00,266.69,0,-101.00,-14.00,0.00,0.00,39.00,0.00,0,398
171.09,1544517724,1653.66,51.49297904,7.40297430,165.54,12.64,0.00,266.69,0,-102.00,-16.00,0.00,0.00,39.00,0.00,0,35
171.09,1544517724,1653.67,51.49297904,7.40297430,165.54,12.64,0.00,266.69,0,-107.00,-20.00,0.00,0.00,40.00,0.00,0,38
171.09,1544517724,1653.67,51.49297904,7.40297430,165.54,12.64,0.00,266.69,0,-93.00,-8.00,0.00,0.00,42.00,0.00,0,450
171.09,1544517724,1653.67,51.49297904,7.40297430,165.54,12.64,0.00,266.69,0,0.00,0.00,0.00,0.00,63.00,0.00,0,130
172.09,1544517725,1666.32,51.49297551,7.40280993,164.53,11.36,0.00,267.32,0,-101.00,-14.00,0.00,0.00,39.00,0.00,0,398
172.09,1544517725,1666.33,51.49297551,7.40280993,164.53,11.36,0.00,267.32,0,-102.00,-16.00,0.00,0.00,39.00,0.00,0,35
172.09,1544517725,1666.34,51.49297551,7.40280993,164.53,11.36,0.00,267.32,0,-107.00,-20.00,0.00,0.00,40.00,0.00,0,38
172.09,1544517725,1666.36,51.49297551,7.40280993,164.53,11.36,0.00,267.32,0,-93.00,-8.00,0.00,0.00,42.00,0.00,0,450
172.09,1544517725,1666.36,51.49297551,7.40280993,164.53,11.36,0.00,267.32,0,0.00,0.00,0.00,0.00,63.00,0.00,0,130
173.09,1544517726,1677.71,51.49297274,7.40266378,163.76,9.75,0.00,268.13,0,-102.00,-18.00,0.00,0.00,41.00,0.00,0,398
173.09,1544517726,1677.72,51.49297274,7.40266378,163.76,9.75,0.00,268.13,0,-103.00,-18.00,0.00,0.00,40.00,0.00,0,34
173.09,1544517726,1677.72,51.49297274,7.40266378,163.76,9.75,0.00,268.13,0,-104.00,-20.00,0.00,0.00,41.00,0.00,0,38
173.09,1544517726,1677.72,51.49297274,7.40266378,163.76,9.75,0.00,268.13,0,-91.00,-9.00,0.00,0.00,45.00,0.00,0,450
174.09,1544517727,1687.43,51.49297237,7.40253688,163.11,8.64,0.00,269.20,0,-102.00,-18.00,0.00,0.00,41.00,0.00,0,398
174.09,1544517727,1687.43,51.49297237,7.40253688,163.11,8.64,0.00,269.20,0,-103.00,-18.00,0.00,0.00,40.00,0.00,0,34
174.09,1544517727,1687.43,51.49297237,7.40253688,163.11,8.64,0.00,269.20,0,-104.00,-20.00,0.00,0.00,41.00,0.00,0,38
174.09,1544517727,1687.43,51.49297237,7.40253688,163.11,8.64,0.00,269.20,0,-91.00,-9.00,0.00,0.00,45.00,0.00,0,450
175.09,1544517728,1696.06,51.49297394,7.40231976,162.06,7.15,0.00,270.38,0,-103.00,-19.00,0.00,0.00,42.00,0.00,0,398
175.09,1544517728,1696.07,51.49297394,7.40231976,162.06,7.15,0.00,270.38,0,-103.00,-19.00,0.00,0.00,41.00,0.00,0,34
175.09,1544517728,1696.07,51.49297394,7.40231976,162.06,7.15,0.00,270.38,0,-93.00,-9.00,0.00,0.00,42.00,0.00,0,450
176.09,1544517729,1703.25,51.49297394,7.40231976,162.06,7.15,0.00,270.38,0,-103.00,-19.00,0.00,0.00,42.00,0.00,0,398
176.09,1544517729,1703.25,51.49297394,7.40231976,162.06,7.15,0.00,270.38,0,-103.00,-19.00,0.00,0.00,41.00,0.00,0,34
176.09,1544517729,1703.26,51.49297394,7.40231976,162.06,7.15,0.00,270.38,0,-93.00,-9.00,0.00,0.00,42.00,0.00,0,450
177.09,1544517730,1710.37,51.49298402,7.40222656,161.80,6.12,0.00,270.95,0,-100.00,-16.00,0.00,0.00,42.00,0.00,0,34
178.09,1544517731,1716.51,51.49299582,7.40214897,161.79,4.49,0.00,270.50,0,-100.00,-16.00,0.00,0.00,42.00,0.00,0,34
179.09,1544517732,1720.98,51.49299808,7.40211248,161.80,2.19,0.00,273.89,0,-98.00,-17.00,0.00,0.00,46.00,0.00,0,34
180.09,1544517733,1723.17,51.49299808,7.40211248,161.80,0.00,0.00,273.89,0,-98.00,-17.00,0.00,0.00,46.00,0.00,0,34
181.09,1544517734,1723.17,51.49299808,7.40211248,161.80,0.00,0.00,273.89,0,-98.00,-18.00,0.00,0.00,45.00,0.00,0,34
182.09,1544517735,1723.17,51.49299808,7.40211248,161.79,0.00,0.00,273.89,0,-98.00,-18.00,0.00,0.00,45.00,0.00,0,34
183.09,1544517736,1723.17,51.49299808,7.40211248,161.78,0.00,0.00,273.89,0,-98.00,-17.00,0.00,0.00,44.00,0.00,0,34
183.09,1544517736,1723.17,51.49299808,7.40211248,161.78,0.00,0.00,273.89,0,-100.00,-19.00,0.00,0.00,44.00,0.00,0,38
183.09,1544517736,1723.17,51.49299808,7.40211248,161.78,0.00,0.00,273.89,0,-91.00,-11.00,0.00,0.00,46.00,0.00,0,450
184.09,1544517737,1723.17,51.49299808,7.40211248,161.77,0.00,0.00,273.89,0,-98.00,-17.00,0.00,0.00,44.00,0.00,0,34
184.09,1544517737,1723.17,51.49299808,7.40211248,161.77,0.00,0.00,273.89,0,-100.00,-19.00,0.00,0.00,44.00,0.00,0,38
184.09,1544517737,1723.17,51.49299808,7.40211248,161.77,0.00,0.00,273.89,0,-91.00,-11.00,0.00,0.00,46.00,0.00,0,450
185.09,1544517738,1723.17,51.49299808,7.40211248,161.77,0.00,0.00,273.89,0,-98.00,-18.00,0.00,0.00,45.00,0.00,0,34
186.09,1544517739,1723.17,51.49299808,7.40211248,161.77,0.00,0.00,273.89,0,-98.00,-18.00,0.00,0.00,45.00,0.00,0,34
187.09,1544517740,1723.17,51.49299808,7.40211248,161.76,0.00,0.00,273.89,0,-96.00,-18.00,0.00,0.00,47.00,0.00,0,34
188.09,1544517741,1723.17,51.49299808,7.40211248,161.75,0.00,0.00,273.89,0,-96.00,-18.00,0.00,0.00,47.00,0.00,0,34
189.09,1544517742,1723.17,51.49299808,7.40211248,161.74,0.00,0.00,273.89,0,-98.00,-17.00,0.00,0.00,45.00,0.00,0,34
190.09,1544517743,1723.17,51.49299808,7.40211248,161.73,0.00,0.00,273.89,0,-98.00,-17.00,0.00,0.00,45.00,0.00,0,34
191.10,1544517744,1723.17,51.49299808,7.40211248,161.72,0.00,0.00,273.89,0,-97.00,-18.00,0.00,0.00,46.00,0.00,0,34
192.09,1544517745,1723.17,51.49299808,7.40211248,161.71,0.00,0.00,273.89,0,-97.00,-18.00,0.00,0.00,46.00,0.00,0,34
193.09,1544517746,1723.17,51.49299808,7.40211248,161.70,0.00,0.00,273.89,0,-97.00,-18.00,0.00,0.00,46.00,0.00,0,34
194.09,1544517747,1723.17,51.49299808,7.40211248,161.69,0.00,0.00,273.89,0,-98.00,-17.00,0.00,0.00,45.00,0.00,0,34
194.09,1544517747,1723.17,51.49299808,7.40211248,161.69,0.00,0.00,273.89,0,-91.00,-8.00,0.00,0.00,43.00,0.00,0,450
195.09,1544517748,1723.17,51.49299808,7.40211248,161.68,0.00,0.00,273.89,0,-98.00,-17.00,0.00,0.00,45.00,0.00,0,34
195.09,1544517748,1723.17,51.49299808,7.40211248,161.68,0.00,0.00,273.89,0,-91.00,-8.00,0.00,0.00,43.00,0.00,0,450
196.09,1544517749,1723.17,51.49299808,7.40211248,161.67,0.00,0.00,273.89,0,-98.00,-18.00,0.00,0.00,45.00,0.00,0,34
197.09,1544517750,1723.17,51.49299808,7.40211248,161.64,0.00,0.00,273.89,0,-98.00,-18.00,0.00,0.00,45.00,0.00,0,34
198.09,1544517751,1723.17,51.49299808,7.40211248,161.64,0.00,0.00,273.89,0,-97.00,-17.00,0.00,0.00,45.00,0.00,0,34
199.09,1544517752,1723.17,51.49299808,7.40211248,161.63,0.00,0.00,273.89,0,-97.00,-17.00,0.00,0.00,45.00,0.00,0,34
200.09,1544517753,1723.17,51.49299808,7.40211248,161.62,0.00,0.00,273.89,0,-98.00,-18.00,0.00,0.00,45.00,0.00,0,34
201.09,1544517754,1723.17,51.49299808,7.40211248,161.61,0.00,0.00,273.89,0,-98.00,-18.00,0.00,0.00,45.00,0.00,0,34
202.09,1544517755,1723.17,51.49299808,7.40211248,161.60,0.00,0.00,273.89,0,-97.00,-18.00,0.00,0.00,46.00,0.00,0,34
202.09,1544517755,1723.17,51.49299808,7.40211248,161.60,0.00,0.00,273.89,0,-91.00,-12.00,0.00,0.00,46.00,0.00,0,450
203.09,1544517756,1723.17,51.49299808,7.40211248,161.59,0.00,0.00,273.89,0,-97.00,-18.00,0.00,0.00,46.00,0.00,0,34
203.09,1544517756,1723.17,51.49299808,7.40211248,161.59,0.00,0.00,273.89,0,-91.00,-12.00,0.00,0.00,46.00,0.00,0,450
204.09,1544517757,1723.17,51.49299808,7.40211248,161.57,0.00,0.00,273.89,0,-97.00,-17.00,0.00,0.00,46.00,0.00,0,34
205.09,1544517758,1723.17,51.49299808,7.40211248,161.50,0.00,0.00,273.89,0,-97.00,-17.00,0.00,0.00,46.00,0.00,0,34
206.09,1544517759,1723.17,51.49299808,7.40211248,161.50,0.00,0.00,273.89,0,-98.00,-18.00,0.00,0.00,45.00,0.00,0,34
207.09,1544517760,1723.17,51.49300665,7.40197482,160.82,0.00,0.00,271.84,0,-98.00,-18.00,0.00,0.00,45.00,0.00,0,34
210.09,1544517763,1724.12,51.49296668,7.40181304,159.94,1.65,0.00,238.02,0,-98.00,-16.00,0.00,0.00,44.00,0.00,0,34
210.09,1544517763,1724.12,51.49296668,7.40181304,159.94,1.65,0.00,238.02,0,-101.00,-19.00,0.00,0.00,44.00,0.00,0,436
211.09,1544517764,1725.78,51.49289833,7.40178744,159.52,2.26,0.00,195.60,0,-98.00,-16.00,0.00,0.00,44.00,0.00,0,34
211.09,1544517764,1725.78,51.49289833,7.40178744,159.52,2.26,0.00,195.60,0,-101.00,-19.00,0.00,0.00,44.00,0.00,0,436
212.10,1544517765,1728.06,51.49281260,7.40177401,159.01,9.15,0.00,185.09,0,-100.00,-18.00,0.00,0.00,44.00,0.00,0,34
212.10,1544517765,1728.07,51.49281260,7.40177401,159.01,9.15,0.00,185.09,0,-100.00,-19.00,0.00,0.00,44.00,0.00,0,38
212.10,1544517765,1728.07,51.49281260,7.40177401,159.01,9.15,0.00,185.09,0,-88.00,-12.00,0.00,0.00,50.00,0.00,0,450
213.09,1544517766,1737.12,51.49262373,7.40175986,160.18,11.30,0.00,182.90,0,-100.00,-18.00,0.00,0.00,44.00,0.00,0,34
213.09,1544517766,1737.12,51.49262373,7.40175986,160.18,11.30,0.00,182.90,0,-100.00,-19.00,0.00,0.00,44.00,0.00,0,38
213.09,1544517766,1737.12,51.49262373,7.40175986,160.18,11.30,0.00,182.90,0,-88.00,-12.00,0.00,0.00,50.00,0.00,0,450
214.09,1544517767,1748.45,51.49262373,7.40175986,160.18,11.30,0.00,182.90,0,-100.00,-18.00,0.00,0.00,44.00,0.00,0,34
214.09,1544517767,1748.45,51.49262373,7.40175986,160.18,11.30,0.00,182.90,0,-100.00,-19.00,0.00,0.00,44.00,0.00,0,38
214.09,1544517767,1748.46,51.49262373,7.40175986,160.18,11.30,0.00,182.90,0,-88.00,-12.00,0.00,0.00,50.00,0.00,0,450
215.09,1544517768,1759.77,51.49250240,7.40175029,160.92,12.37,0.00,181.96,0,-104.00,-16.00,0.00,0.00,38.00,0.00,0,34
215.09,1544517768,1759.77,51.49250240,7.40175029,160.92,12.37,0.00,181.96,0,-105.00,-17.00,0.00,0.00,38.00,0.00,0,38
215.09,1544517768,1759.78,51.49250240,7.40175029,160.92,12.37,0.00,181.96,0,-107.00,-20.00,0.00,0.00,38.00,0.00,0,16
216.09,1544517769,1772.14,51.49239008,7.40175799,161.68,12.72,0.00,181.43,0,-104.00,-16.00,0.00,0.00,38.00,0.00,0,34
216.09,1544517769,1772.16,51.49239008,7.40175799,161.68,12.72,0.00,181.43,0,-105.00,-17.00,0.00,0.00,38.00,0.00,0,38
216.09,1544517769,1772.17,51.49239008,7.40175799,161.68,12.72,0.00,181.43,0,-107.00,-20.00,0.00,0.00,38.00,0.00,0,16
217.09,1544517770,1784.85,51.49227754,7.40175773,162.51,13.06,0.00,181.08,0,-102.00,-15.00,0.00,0.00,39.00,0.00,0,38
217.09,1544517770,1784.85,51.49227754,7.40175773,162.51,13.06,0.00,181.08,0,-104.00,-17.00,0.00,0.00,38.00,0.00,0,34
218.09,1544517771,1797.91,51.49215400,7.40175749,163.48,13.21,0.00,180.62,0,-102.00,-15.00,0.00,0.00,39.00,0.00,0,38
218.09,1544517771,1797.91,51.49215400,7.40175749,163.48,13.21,0.00,180.62,0,-104.00,-17.00,0.00,0.00,38.00,0.00,0,34
219.09,1544517772,1811.14,51.49203113,7.40175559,163.85,13.20,0.00,180.93,0,-105.00,-16.00,0.00,0.00,36.00,0.00,0,38
219.09,1544517772,1811.14,51.49203113,7.40175559,163.85,13.20,0.00,180.93,0,-107.00,-17.00,0.00,0.00,36.00,0.00,0,34
219.09,1544517772,1811.15,51.49203113,7.40175559,163.85,13.20,0.00,180.93,0,-108.00,-18.00,0.00,0.00,36.00,0.00,0,16
220.09,1544517773,1824.35,51.49191109,7.40175198,163.87,13.42,0.00,180.86,0,-105.00,-16.00,0.00,0.00,36.00,0.00,0,38
220.09,1544517773,1824.35,51.49191109,7.40175198,163.87,13.42,0.00,180.86,0,-107.00,-17.00,0.00,0.00,36.00,0.00,0,34
220.09,1544517773,1824.36,51.49191109,7.40175198,163.87,13.42,0.00,180.86,0,-108.00,-18.00,0.00,0.00,36.00,0.00,0,16
221.09,1544517774,1837.74,51.49178915,7.40174927,163.77,13.48,0.00,181.14,0,-105.00,-17.00,0.00,0.00,37.00,0.00,0,38
221.09,1544517774,1837.74,51.49178915,7.40174927,163.77,13.48,0.00,181.14,0,-107.00,-18.00,0.00,0.00,37.00,0.00,0,34
221.09,1544517774,1837.74,51.49178915,7.40174927,163.77,13.48,0.00,181.14,0,-107.00,-19.00,0.00,0.00,38.00,0.00,0,316
222.09,1544517775,1851.24,51.49167373,7.40174652,164.04,13.36,0.00,180.98,0,-105.00,-17.00,0.00,0.00,37.00,0.00,0,38
222.09,1544517775,1851.24,51.49167373,7.40174652,164.04,13.36,0.00,180.98,0,-107.00,-18.00,0.00,0.00,37.00,0.00,0,34
222.09,1544517775,1851.25,51.49167373,7.40174652,164.04,13.36,0.00,180.98,0,-107.00,-19.00,0.00,0.00,38.00,0.00,0,316
223.09,1544517776,1864.61,51.49155433,7.40174279,164.68,13.47,0.00,180.63,0,-105.00,-14.00,0.00,0.00,35.00,0.00,0,38
223.09,1544517776,1864.62,51.49155433,7.40174279,164.68,13.47,0.00,180.63,0,-109.00,-18.00,0.00,0.00,34.00,0.00,0,316
223.09,1544517776,1864.62,51.49155433,7.40174279,164.68,13.47,0.00,180.63,0,-109.00,-18.00,0.00,0.00,34.00,0.00,0,34
223.10,1544517776,1864.64,51.49155433,7.40174279,164.68,13.47,0.00,180.63,0,-89.00,-10.00,0.00,0.00,48.00,0.00,0,450
224.09,1544517777,1878.06,51.49142969,7.40173998,165.32,13.54,0.00,180.82,0,-105.00,-14.00,0.00,0.00,35.00,0.00,0,38
224.09,1544517777,1878.06,51.49142969,7.40173998,165.32,13.54,0.00,180.82,0,-109.00,-18.00,0.00,0.00,34.00,0.00,0,316
224.09,1544517777,1878.08,51.49142969,7.40173998,165.32,13.54,0.00,180.82,0,-109.00,-18.00,0.00,0.00,34.00,0.00,0,34
224.09,1544517777,1878.08,51.49142969,7.40173998,165.32,13.54,0.00,180.82,0,-89.00,-10.00,0.00,0.00,48.00,0.00,0,450
225.09,1544517778,1891.59,51.49129932,7.40173422,165.94,13.48,0.00,180.93,0,-101.00,-14.00,0.00,0.00,39.00,0.00,0,38
225.09,1544517778,1891.59,51.49129932,7.40173422,165.94,13.48,0.00,180.93,0,-103.00,-15.00,0.00,0.00,38.00,0.00,0,34
225.09,1544517778,1891.59,51.49129932,7.40173422,165.94,13.48,0.00,180.93,0,-106.00,-20.00,0.00,0.00,39.00,0.00,0,316
226.09,1544517779,1904.99,51.49117773,7.40173483,166.91,13.53,0.00,180.99,0,-101.00,-14.00,0.00,0.00,39.00,0.00,0,38
226.09,1544517779,1905.00,51.49117773,7.40173483,166.91,13.53,0.00,180.99,0,-103.00,-15.00,0.00,0.00,38.00,0.00,0,34
226.09,1544517779,1905.00,51.49117773,7.40173483,166.91,13.53,0.00,180.99,0,-106.00,-20.00,0.00,0.00,39.00,0.00,0,316
227.09,1544517780,1918.60,51.49105176,7.40173095,167.74,13.58,0.00,180.50,0,-103.00,-15.00,0.00,0.00,37.00,0.00,0,38
227.09,1544517780,1918.62,51.49105176,7.40173095,167.74,13.58,0.00,180.50,0,-105.00,-16.00,0.00,0.00,37.00,0.00,0,34
227.09,1544517780,1918.63,51.49105176,7.40173095,167.74,13.58,0.00,180.50,0,-106.00,-18.00,0.00,0.00,37.00,0.00,0,52
228.09,1544517781,1932.13,51.49092419,7.40172404,168.40,13.64,0.00,180.76,0,-103.00,-15.00,0.00,0.00,37.00,0.00,0,38
228.09,1544517781,1932.13,51.49092419,7.40172404,168.40,13.64,0.00,180.76,0,-105.00,-16.00,0.00,0.00,37.00,0.00,0,34
228.09,1544517781,1932.14,51.49092419,7.40172404,168.40,13.64,0.00,180.76,0,-106.00,-18.00,0.00,0.00,37.00,0.00,0,52
229.09,1544517782,1945.83,51.49079687,7.40171965,169.49,13.65,0.00,179.99,0,-107.00,-15.00,0.00,0.00,33.00,0.00,0,38
229.09,1544517782,1945.84,51.49079687,7.40171965,169.49,13.65,0.00,179.99,0,-108.00,-17.00,0.00,0.00,35.00,0.00,0,316
229.09,1544517782,1945.86,51.49079687,7.40171965,169.49,13.65,0.00,179.99,0,-109.00,-17.00,0.00,0.00,33.00,0.00,0,34
229.09,1544517782,1945.86,51.49079687,7.40171965,169.49,13.65,0.00,179.99,0,0.00,0.00,0.00,0.00,63.00,0.00,0,130
230.10,1544517783,1959.53,51.49066924,7.40171552,170.74,13.71,0.00,180.05,0,-107.00,-15.00,0.00,0.00,33.00,0.00,0,38
230.10,1544517783,1959.54,51.49066924,7.40171552,170.74,13.71,0.00,180.05,0,-108.00,-17.00,0.00,0.00,35.00,0.00,0,316
230.10,1544517783,1959.55,51.49066924,7.40171552,170.74,13.71,0.00,180.05,0,-109.00,-17.00,0.00,0.00,33.00,0.00,0,34
230.10,1544517783,1959.59,51.49066924,7.40171552,170.74,13.71,0.00,180.05,0,0.00,0.00,0.00,0.00,63.00,0.00,0,130
231.09,1544517784,1973.18,51.49053869,7.40171488,171.92,13.72,0.00,180.14,0,-106.00,-15.00,0.00,0.00,34.00,0.00,0,52
231.09,1544517784,1973.19,51.49053869,7.40171488,171.92,13.72,0.00,180.14,0,-109.00,-19.00,0.00,0.00,35.00,0.00,0,436
231.09,1544517784,1973.21,51.49053869,7.40171488,171.92,13.72,0.00,180.14,0,-109.00,-18.00,0.00,0.00,34.00,0.00,0,38
231.09,1544517784,1973.21,51.49053869,7.40171488,171.92,13.72,0.00,180.14,0,0.00,0.00,0.00,0.00,63.00,0.00,0,130
232.09,1544517785,1986.94,51.49042357,7.40171493,172.91,13.17,0.00,180.41,0,-106.00,-15.00,0.00,0.00,34.00,0.00,0,52
232.10,1544517785,1986.96,51.49042357,7.40171493,172.91,13.17,0.00,180.41,0,-109.00,-19.00,0.00,0.00,35.00,0.00,0,436
232.10,1544517785,1986.96,51.49042357,7.40171493,172.91,13.17,0.00,180.41,0,-109.00,-18.00,0.00,0.00,34.00,0.00,0,38
232.10,1544517785,1986.97,51.49042357,7.40171493,172.91,13.17,0.00,180.41,0,0.00,0.00,0.00,0.00,63.00,0.00,0,130
233.10,1544517786,2000.16,51.49020091,7.40171254,174.65,11.75,0.00,180.21,0,-107.00,-15.00,0.00,0.00,34.00,0.00,0,38
233.10,1544517786,2000.17,51.49020091,7.40171254,174.65,11.75,0.00,180.21,0,-109.00,-18.00,0.00,0.00,34.00,0.00,0,52
233.10,1544517786,2000.19,51.49020091,7.40171254,174.65,11.75,0.00,180.21,0,-111.00,-19.00,0.00,0.00,34.00,0.00,0,316
233.10,1544517786,2000.19,51.49020091,7.40171254,174.65,11.75,0.00,180.21,0,0.00,0.00,0.00,0.00,63.00,0.00,0,130
234.09,1544517787,2011.83,51.49020091,7.40171254,174.65,11.75,0.00,180.21,0,-107.00,-15.00,0.00,0.00,34.00,0.00,0,38
234.09,1544517787,2011.84,51.49020091,7.40171254,174.65,11.75,0.00,180.21,0,-109.00,-18.00,0.00,0.00,34.00,0.00,0,52
234.09,1544517787,2011.84,51.49020091,7.40171254,174.65,11.75,0.00,180.21,0,-111.00,-19.00,0.00,0.00,34.00,0.00,0,316
234.09,1544517787,2011.85,51.49020091,7.40171254,174.65,11.75,0.00,180.21,0,0.00,0.00,0.00,0.00,63.00,0.00,0,130
235.09,1544517788,2023.59,51.49008174,7.40170243,176.10,11.40,0.00,179.82,0,-107.00,-15.00,0.00,0.00,34.00,0.00,0,38
235.09,1544517788,2023.59,51.49008174,7.40170243,176.10,11.40,0.00,179.82,0,-109.00,-18.00,0.00,0.00,34.00,0.00,0,52
235.09,1544517788,2023.60,51.49008174,7.40170243,176.10,11.40,0.00,179.82,0,-111.00,-19.00,0.00,0.00,34.00,0.00,0,316
235.09,1544517788,2023.60,51.49008174,7.40170243,176.10,11.40,0.00,179.82,0,0.00,0.00,0.00,0.00,63.00,0.00,0,130
236.09,1544517789,2035.00,51.48999031,7.40170734,177.24,10.72,0.00,178.71,0,-107.00,-16.00,0.00,0.00,34.00,0.00,0,52
236.09,1544517789,2035.00,51.48999031,7.40170734,177.24,10.72,0.00,178.71,0,-109.00,-17.00,0.00,0.00,34.00,0.00,0,38
236.09,1544517789,2035.01,51.48999031,7.40170734,177.24,10.72,0.00,178.71,0,-111.00,-18.00,0.00,0.00,33.00,0.00,0,34
236.10,1544517789,2035.02,51.48999031,7.40170734,177.24,10.72,0.00,178.71,0,0.00,0.00,0.00,0.00,63.00,0.00,0,130
237.09,1544517790,2045.68,51.48990632,7.40171138,178.13,8.80,0.00,179.23,0,-107.00,-16.00,0.00,0.00,34.00,0.00,0,52
237.09,1544517790,2045.69,51.48990632,7.40171138,178.13,8.80,0.00,179.23,0,-109.00,-17.00,0.00,0.00,34.00,0.00,0,38
237.09,1544517790,2045.69,51.48990632,7.40171138,178.13,8.80,0.00,179.23,0,-111.00,-18.00,0.00,0.00,33.00,0.00,0,34
237.09,1544517790,2045.70,51.48990632,7.40171138,178.13,8.80,0.00,179.23,0,0.00,0.00,0.00,0.00,63.00,0.00,0,130
238.09,1544517791,2054.50,51.48983555,7.40171307,178.81,5.95,0.00,180.21,0,-104.00,-13.00,0.00,0.00,34.00,0.00,0,38
238.09,1544517791,2054.50,51.48983555,7.40171307,178.81,5.95,0.00,180.21,0,-109.00,-17.00,0.00,0.00,33.00,0.00,0,34
238.09,1544517791,2054.50,51.48983555,7.40171307,178.81,5.95,0.00,180.21,0,-110.00,-19.00,0.00,0.00,34.00,0.00,0,52
238.09,1544517791,2054.51,51.48983555,7.40171307,178.81,5.95,0.00,180.21,0,0.00,0.00,0.00,0.00,63.00,0.00,0,130
239.09,1544517792,2060.45,51.48980043,7.40171728,178.85,3.48,0.00,179.21,0,-104.00,-13.00,0.00,0.00,34.00,0.00,0,38
239.09,1544517792,2060.45,51.48980043,7.40171728,178.85,3.48,0.00,179.21,0,-109.00,-17.00,0.00,0.00,33.00,0.00,0,34
239.09,1544517792,2060.45,51.48980043,7.40171728,178.85,3.48,0.00,179.21,0,-110.00,-19.00,0.00,0.00,34.00,0.00,0,52
239.09,1544517792,2060.45,51.48980043,7.40171728,178.85,3.48,0.00,179.21,0,0.00,0.00,0.00,0.00,63.00,0.00,0,130
240.09,1544517793,2063.92,51.48977238,7.40171855,178.84,2.69,0.00,177.85,0,-108.00,-16.00,0.00,0.00,33.00,0.00,0,52
240.09,1544517793,2063.92,51.48977238,7.40171855,178.84,2.69,0.00,177.85,0,-110.00,-17.00,0.00,0.00,32.00,0.00,0,35
240.09,1544517793,2063.93,51.48977238,7.40171855,178.84,2.69,0.00,177.85,0,-111.00,-17.00,0.00,0.00,33.00,0.00,0,436
240.09,1544517793,2063.93,51.48977238,7.40171855,178.84,2.69,0.00,177.85,0,-90.00,-12.00,0.00,0.00,49.00,0.00,0,450
240.09,1544517793,2063.93,51.48977238,7.40171855,178.84,2.69,0.00,177.85,0,-91.00,-12.00,0.00,0.00,48.00,0.00,0,451
241.09,1544517794,2066.62,51.48975710,7.40171794,178.80,1.80,0.00,179.82,0,-108.00,-16.00,0.00,0.00,33.00,0.00,0,52
241.09,1544517794,2066.62,51.48975710,7.40171794,178.80,1.80,0.00,179.82,0,-110.00,-17.00,0.00,0.00,32.00,0.00,0,35
241.09,1544517794,2066.62,51.48975710,7.40171794,178.80,1.80,0.00,179.82,0,-111.00,-17.00,0.00,0.00,33.00,0.00,0,436
241.09,1544517794,2066.62,51.48975710,7.40171794,178.80,1.80,0.00,179.82,0,-90.00,-12.00,0.00,0.00,49.00,0.00,0,450
241.09,1544517794,2066.62,51.48975710,7.40171794,178.80,1.80,0.00,179.82,0,-91.00,-12.00,0.00,0.00,48.00,0.00,0,451
242.09,1544517795,2068.41,51.48974160,7.40171775,178.78,1.63,0.00,179.08,0,-108.00,-16.00,0.00,0.00,34.00,0.00,0,436
242.09,1544517795,2068.41,51.48974160,7.40171775,178.78,1.63,0.00,179.08,0,-108.00,-16.00,0.00,0.00,34.00,0.00,0,316
242.09,1544517795,2068.41,51.48974160,7.40171775,178.78,1.63,0.00,179.08,0,-110.00,-18.00,0.00,0.00,33.00,0.00,0,52
243.09,1544517796,2070.04,51.48972616,7.40171534,178.78,1.81,0.00,179.80,0,-108.00,-16.00,0.00,0.00,34.00,0.00,0,436
243.09,1544517796,2070.04,51.48972616,7.40171534,178.78,1.81,0.00,179.80,0,-108.00,-16.00,0.00,0.00,34.00,0.00,0,316
243.09,1544517796,2070.04,51.48972616,7.40171534,178.78,1.81,0.00,179.80,0,-110.00,-18.00,0.00,0.00,33.00,0.00,0,52
244.09,1544517797,2071.85,51.48971733,7.40171659,178.76,1.95,0.00,180.49,0,-103.00,-11.00,0.00,0.00,35.00,0.00,0,316
244.09,1544517797,2071.85,51.48971733,7.40171659,178.76,1.95,0.00,180.49,0,-107.00,-15.00,0.00,0.00,35.00,0.00,0,488
244.09,1544517797,2071.85,51.48971733,7.40171659,178.76,1.95,0.00,180.49,0,-107.00,-16.00,0.00,0.00,36.00,0.00,0,436
245.09,1544517798,2073.80,51.48969490,7.40171874,178.73,3.57,0.00,179.03,0,-103.00,-11.00,0.00,0.00,35.00,0.00,0,316
245.09,1544517798,2073.80,51.48969490,7.40171874,178.73,3.57,0.00,179.03,0,-107.00,-15.00,0.00,0.00,35.00,0.00,0,488
245.09,1544517798,2073.80,51.48969490,7.40171874,178.73,3.57,0.00,179.03,0,-107.00,-16.00,0.00,0.00,36.00,0.00,0,436
246.09,1544517799,2077.38,51.48964824,7.40172255,178.58,4.98,0.00,179.57,0,-101.00,-11.00,0.00,0.00,37.00,0.00,0,316
246.09,1544517799,2077.38,51.48964824,7.40172255,178.58,4.98,0.00,179.57,0,-106.00,-16.00,0.00,0.00,36.00,0.00,0,436
246.09,1544517799,2077.38,51.48964824,7.40172255,178.58,4.98,0.00,179.57,0,-106.00,-17.00,0.00,0.00,37.00,0.00,0,35
247.09,1544517800,2082.36,51.48960461,7.40172396,178.40,4.88,0.00,179.91,0,-101.00,-11.00,0.00,0.00,37.00,0.00,0,316
247.09,1544517800,2082.37,51.48960461,7.40172396,178.40,4.88,0.00,179.91,0,-106.00,-16.00,0.00,0.00,36.00,0.00,0,436
247.09,1544517800,2082.37,51.48960461,7.40172396,178.40,4.88,0.00,179.91,0,-106.00,-17.00,0.00,0.00,37.00,0.00,0,35
248.09,1544517801,2087.24,51.48955389,7.40172512,178.43,5.32,0.00,178.94,0,-104.00,-13.00,0.00,0.00,35.00,0.00,0,436
248.09,1544517801,2087.24,51.48955389,7.40172512,178.43,5.32,0.00,178.94,0,-107.00,-16.00,0.00,0.00,35.00,0.00,0,52
248.09,1544517801,2087.25,51.48955389,7.40172512,178.43,5.32,0.00,178.94,0,-107.00,-16.00,0.00,0.00,35.00,0.00,0,316
248.09,1544517801,2087.25,51.48955389,7.40172512,178.43,5.32,0.00,178.94,0,-87.00,-9.00,0.00,0.00,50.00,0.00,0,451
248.09,1544517801,2087.25,51.48955389,7.40172512,178.43,5.32,0.00,178.94,0,-87.00,-11.00,0.00,0.00,50.00,0.00,0,450
249.09,1544517802,2092.55,51.48949733,7.40173019,178.56,6.64,0.00,178.55,0,-104.00,-13.00,0.00,0.00,35.00,0.00,0,436
249.09,1544517802,2092.56,51.48949733,7.40173019,178.56,6.64,0.00,178.55,0,-107.00,-16.00,0.00,0.00,35.00,0.00,0,52
249.09,1544517802,2092.56,51.48949733,7.40173019,178.56,6.64,0.00,178.55,0,-107.00,-16.00,0.00,0.00,35.00,0.00,0,316
249.09,1544517802,2092.56,51.48949733,7.40173019,178.56,6.64,0.00,178.55,0,-87.00,-9.00,0.00,0.00,50.00,0.00,0,451
249.09,1544517802,2092.57,51.48949733,7.40173019,178.56,6.64,0.00,178.55,0,-87.00,-11.00,0.00,0.00,50.00,0.00,0,450
