5.05,1544517875,62.43,51.49027373,7.41219660,160.94,12.98,0.00,78.15,0,-121.00,-15.00,0.00,0.00,14.00,0.00,0,347
6.05,1544517876,75.41,51.49029744,7.41238012,160.48,13.24,0.00,77.68,0,-121.00,-15.00,0.00,0.00,14.00,0.00,0,347
7.05,1544517877,88.68,51.49032119,7.41257281,160.25,13.09,0.00,77.93,0,-118.00,-13.00,0.00,0.00,17.00,0.00,0,347
8.05,1544517878,101.80,51.49034644,7.41276253,160.04,13.49,0.00,78.74,0,-118.00,-13.00,0.00,0.00,17.00,0.00,0,347
11.05,1544517881,141.39,51.49042167,7.41332641,160.32,13.23,0.00,78.34,0,-122.00,-16.00,0.00,0.00,15.00,0.00,0,347
11.05,1544517881,141.40,51.49042167,7.41332641,160.32,13.23,0.00,78.34,0,-123.00,-18.00,0.00,0.00,16.00,0.00,0,356
12.05,1544517882,154.62,51.49045170,7.41353453,160.48,13.02,0.00,78.57,0,-122.00,-16.00,0.00,0.00,15.00,0.00,0,347
12.05,1544517882,154.62,51.49045170,7.41353453,160.48,13.02,0.00,78.57,0,-123.00,-18.00,0.00,0.00,16.00,0.00,0,356
13.05,1544517883,167.59,51.49047663,7.41370867,160.46,12.96,0.00,78.35,0,-119.00,-14.00,0.00,0.00,13.00,0.00,0,356
13.05,1544517883,167.59,51.49047663,7.41370867,160.46,12.96,0.00,78.35,0,-122.00,-16.00,0.00,0.00,13.00,0.00,0,347
13.05,1544517883,167.61,51.49047663,7.41370867,160.46,12.96,0.00,78.35,0,-126.00,-19.00,0.00,0.00,12.00,0.00,0,385
13.05,1544517883,167.61,51.49047663,7.41370867,160.46,12.96,0.00,78.35,0,-114.00,-17.00,0.00,0.00,22.00,0.00,0,274
14.06,1544517884,180.63,51.49050015,7.41388131,160.37,13.27,0.00,78.34,0,-119.00,-14.00,0.00,0.00,13.00,0.00,0,356
14.06,1544517884,180.65,51.49050015,7.41388131,160.37,13.27,0.00,78.34,0,-122.00,-16.00,0.00,0.00,13.00,0.00,0,347
14.06,1544517884,180.66,51.49050015,7.41388131,160.37,13.27,0.00,78.34,0,-126.00,-19.00,0.00,0.00,12.00,0.00,0,385
14.06,1544517884,180.66,51.49050015,7.41388131,160.37,13.27,0.00,78.34,0,-114.00,-17.00,0.00,0.00,22.00,0.00,0,274
45.05,1544517915,391.35,51.49057105,7.41697182,155.91,5.97,0.00,102.67,0,-112.00,-10.00,0.00,0.00,18.00,0.00,0,385
46.05,1544517916,397.31,51.49055822,7.41707090,156.11,7.24,0.00,100.69,0,-112.00,-10.00,0.00,0.00,18.00,0.00,0,385
47.05,1544517917,404.57,51.49057243,7.41716325,156.16,6.65,0.00,72.72,0,-110.00,-10.00,0.00,0.00,20.00,0.00,0,385
47.06,1544517917,404.58,51.49057243,7.41716325,156.16,6.65,0.00,72.72,0,-109.00,-14.00,0.00,0.00,25.00,0.00,0,333
47.06,1544517917,404.58,51.49057243,7.41716325,156.16,6.65,0.00,72.72,0,-110.00,-16.00,0.00,0.00,25.00,0.00,0,137
48.05,1544517918,411.19,51.49062630,7.41721427,155.86,6.97,0.00,28.03,0,-110.00,-10.00,0.00,0.00,20.00,0.00,0,385
48.05,1544517918,411.19,51.49062630,7.41721427,155.86,6.97,0.00,28.03,0,-109.00,-14.00,0.00,0.00,25.00,0.00,0,333
48.05,1544517918,411.19,51.49062630,7.41721427,155.86,6.97,0.00,28.03,0,-110.00,-16.00,0.00,0.00,25.00,0.00,0,137
49.05,1544517919,418.16,51.49070498,7.41724069,155.68,8.48,0.00,1.70,0,-114.00,-11.00,0.00,0.00,16.00,0.00,0,347
50.05,1544517920,426.65,51.49080192,7.41721856,155.89,10.14,0.00,357.71,0,-114.00,-11.00,0.00,0.00,16.00,0.00,0,347
51.05,1544517921,436.80,51.49091096,7.41719262,156.25,11.64,0.00,354.70,0,-111.00,-14.00,0.00,0.00,22.00,0.00,0,347
52.05,1544517922,448.43,51.49103036,7.41715773,156.57,13.45,0.00,352.64,0,-111.00,-14.00,0.00,0.00,22.00,0.00,0,347
53.05,1544517923,461.87,51.49114227,7.41711673,156.99,13.81,0.00,351.39,0,-110.00,-13.00,0.00,0.00,20.00,0.00,0,347
54.05,1544517924,475.74,51.49125365,7.41707496,157.41,13.19,0.00,350.43,0,-110.00,-13.00,0.00,0.00,20.00,0.00,0,347
55.05,1544517925,488.87,51.49135106,7.41702752,157.83,12.48,0.00,349.46,0,-111.00,-13.00,0.00,0.00,23.00,0.00,0,347
55.05,1544517925,488.89,51.49135106,7.41702752,157.83,12.48,0.00,349.46,0,-112.00,-13.00,0.00,0.00,22.00,0.00,0,216
56.05,1544517926,501.36,51.49146655,7.41698071,158.05,11.68,0.00,348.74,0,-111.00,-13.00,0.00,0.00,23.00,0.00,0,347
56.05,1544517926,501.36,51.49146655,7.41698071,158.05,11.68,0.00,348.74,0,-112.00,-13.00,0.00,0.00,22.00,0.00,0,216
57.05,1544517927,513.09,51.49157465,7.41693591,157.92,11.74,0.00,347.53,0,-110.00,-14.00,0.00,0.00,23.00,0.00,0,347
57.05,1544517927,513.09,51.49157465,7.41693591,157.92,11.74,0.00,347.53,0,-111.00,-13.00,0.00,0.00,22.00,0.00,0,216
58.05,1544517928,524.77,51.49167238,7.41689279,157.59,11.86,0.00,346.11,0,-110.00,-14.00,0.00,0.00,23.00,0.00,0,347
58.05,1544517928,524.78,51.49167238,7.41689279,157.59,11.86,0.00,346.11,0,-111.00,-13.00,0.00,0.00,22.00,0.00,0,216
59.05,1544517929,536.63,51.49176646,7.41684293,157.33,11.50,0.00,344.23,0,-110.00,-14.00,0.00,0.00,23.00,0.00,0,347
59.05,1544517929,536.64,51.49176646,7.41684293,157.33,11.50,0.00,344.23,0,-111.00,-13.00,0.00,0.00,22.00,0.00,0,216
60.05,1544517930,548.18,51.49185012,7.41678692,157.09,11.19,0.00,341.61,0,-110.00,-13.00,0.00,0.00,23.00,0.00,0,216
60.06,1544517930,548.20,51.49185012,7.41678692,157.09,11.19,0.00,341.61,0,-112.00,-15.00,0.00,0.00,24.00,0.00,0,347
61.05,1544517931,559.36,51.49193619,7.41672435,157.02,10.98,0.00,338.46,0,-110.00,-13.00,0.00,0.00,23.00,0.00,0,216
61.05,1544517931,559.37,51.49193619,7.41672435,157.02,10.98,0.00,338.46,0,-112.00,-15.00,0.00,0.00,24.00,0.00,0,347
62.06,1544517932,570.36,51.49203338,7.41664821,156.89,10.90,0.00,335.57,0,-112.00,-14.00,0.00,0.00,23.00,0.00,0,347
62.06,1544517932,570.36,51.49203338,7.41664821,156.89,10.90,0.00,335.57,0,-113.00,-14.00,0.00,0.00,23.00,0.00,0,289
63.05,1544517933,581.19,51.49213025,7.41656521,156.93,10.27,0.00,333.38,0,-112.00,-14.00,0.00,0.00,23.00,0.00,0,347
63.05,1544517933,581.19,51.49213025,7.41656521,156.93,10.27,0.00,333.38,0,-113.00,-14.00,0.00,0.00,23.00,0.00,0,289
64.05,1544517934,591.51,51.49221457,7.41648590,157.13,11.12,0.00,332.36,0,-108.00,-15.00,0.00,0.00,24.00,0.00,0,289
65.05,1544517935,602.63,51.49230775,7.41639875,157.24,11.38,0.00,332.36,0,-108.00,-15.00,0.00,0.00,24.00,0.00,0,289
66.05,1544517936,614.00,51.49239494,7.41632356,157.13,12.09,0.00,333.82,0,-100.00,-12.00,0.00,0.00,31.00,0.00,0,289
67.06,1544517937,626.13,51.49248710,7.41625420,156.68,11.96,0.00,335.86,0,-100.00,-12.00,0.00,0.00,31.00,0.00,0,289
68.05,1544517938,638.00,51.49258177,7.41619643,156.21,11.88,0.00,338.89,0,-108.00,-11.00,0.00,0.00,25.00,0.00,0,289
69.05,1544517939,649.91,51.49268566,7.41614210,155.58,12.10,0.00,341.73,0,-108.00,-11.00,0.00,0.00,25.00,0.00,0,289
144.05,1544518014,1611.60,51.49314185,7.40477695,162.80,15.44,0.00,258.29,0,-108.00,-11.00,0.00,0.00,22.00,0.00,0,356
145.05,1544518015,1627.05,51.49311055,7.40455355,162.77,15.43,0.00,258.23,0,-108.00,-11.00,0.00,0.00,22.00,0.00,0,356
146.05,1544518016,1642.46,51.49307934,7.40433357,163.10,15.25,0.00,258.55,0,-111.00,-11.00,0.00,0.00,20.00,0.00,0,356
147.05,1544518017,1657.71,51.49305112,7.40412768,163.34,14.90,0.00,258.51,0,-111.00,-11.00,0.00,0.00,20.00,0.00,0,356
148.05,1544518018,1672.62,51.49302390,7.40392076,163.46,14.56,0.00,258.92,0,-109.00,-10.00,0.00,0.00,23.00,0.00,0,356
149.05,1544518019,1687.10,51.49300136,7.40371132,163.40,14.41,0.00,260.17,0,-109.00,-10.00,0.00,0.00,23.00,0.00,0,356
154.05,1544518024,1757.61,51.49296747,7.40273097,161.50,11.80,0.00,268.26,0,-111.00,-10.00,0.00,0.00,20.00,0.00,0,356
154.05,1544518024,1757.61,51.49296747,7.40273097,161.50,11.80,0.00,268.26,0,-112.00,-10.00,0.00,0.00,18.00,0.00,0,123
154.05,1544518024,1757.63,51.49296747,7.40273097,161.50,11.80,0.00,268.26,0,-113.00,-11.00,0.00,0.00,16.00,0.00,0,125
155.05,1544518025,1769.37,51.49296596,7.40255641,161.35,10.38,0.00,269.12,0,-111.00,-10.00,0.00,0.00,20.00,0.00,0,356
155.05,1544518025,1769.38,51.49296596,7.40255641,161.35,10.38,0.00,269.12,0,-112.00,-10.00,0.00,0.00,18.00,0.00,0,123
155.05,1544518025,1769.38,51.49296596,7.40255641,161.35,10.38,0.00,269.12,0,-113.00,-11.00,0.00,0.00,16.00,0.00,0,125
156.05,1544518026,1779.79,51.49296768,7.40240839,161.53,9.22,0.00,269.89,0,-109.00,-11.00,0.00,0.00,20.00,0.00,0,356
156.06,1544518026,1779.80,51.49296768,7.40240839,161.53,9.22,0.00,269.89,0,-114.00,-14.00,0.00,0.00,19.00,0.00,0,355
157.05,1544518027,1788.99,51.49297084,7.40229299,161.52,7.90,0.00,270.28,0,-109.00,-11.00,0.00,0.00,20.00,0.00,0,356
157.05,1544518027,1789.00,51.49297084,7.40229299,161.52,7.90,0.00,270.28,0,-114.00,-14.00,0.00,0.00,19.00,0.00,0,355
158.05,1544518028,1796.87,51.49297359,7.40219449,161.43,6.01,0.00,270.07,0,-108.00,-9.00,0.00,0.00,21.00,0.00,0,356
158.05,1544518028,1796.87,51.49297359,7.40219449,161.43,6.01,0.00,270.07,0,-114.00,-15.00,0.00,0.00,21.00,0.00,0,355
159.05,1544518029,1802.90,51.49297537,7.40211182,161.44,4.35,0.00,269.59,0,-108.00,-9.00,0.00,0.00,21.00,0.00,0,356
159.06,1544518029,1802.90,51.49297537,7.40211182,161.44,4.35,0.00,269.59,0,-114.00,-15.00,0.00,0.00,21.00,0.00,0,355
173.05,1544518043,1827.48,51.49281690,7.40175796,156.89,8.76,0.00,189.57,0,-116.00,-13.00,0.00,0.00,20.00,0.00,0,356
174.05,1544518044,1836.23,51.49272857,7.40174942,157.31,10.26,0.00,186.33,0,-116.00,-13.00,0.00,0.00,20.00,0.00,0,356
175.05,1544518045,1846.52,51.49262308,7.40174237,157.83,11.33,0.00,184.87,0,-115.00,-13.00,0.00,0.00,23.00,0.00,0,356
176.05,1544518046,1857.81,51.49249475,7.40174470,158.09,12.35,0.00,183.48,0,-115.00,-13.00,0.00,0.00,23.00,0.00,0,356
177.05,1544518047,1870.17,51.49238897,7.40174908,158.47,13.10,0.00,182.43,0,-117.00,-11.00,0.00,0.00,14.00,0.00,0,356
178.05,1544518048,1883.31,51.49227540,7.40175201,158.82,13.53,0.00,181.82,0,-117.00,-11.00,0.00,0.00,14.00,0.00,0,356
179.05,1544518049,1896.84,51.49215892,7.40175759,159.17,13.85,0.00,181.45,0,-115.00,-11.00,0.00,0.00,15.00,0.00,0,356
180.05,1544518050,1910.65,51.49203210,7.40176622,159.71,14.12,0.00,180.69,0,-115.00,-11.00,0.00,0.00,15.00,0.00,0,356
181.05,1544518051,1924.77,51.49190355,7.40177243,160.31,14.39,0.00,181.00,0,-113.00,-17.00,0.00,0.00,26.00,0.00,0,356
182.05,1544518052,1939.16,51.49177554,7.40177579,161.03,14.28,0.00,180.74,0,-113.00,-17.00,0.00,0.00,26.00,0.00,0,356
183.06,1544518053,1953.60,51.49164689,7.40177660,161.92,14.48,0.00,180.51,0,-115.00,-16.00,0.00,0.00,20.00,0.00,0,356
184.05,1544518054,1967.96,51.49151632,7.40177575,163.02,14.56,0.00,180.85,0,-115.00,-16.00,0.00,0.00,20.00,0.00,0,356
185.05,1544518055,1982.47,51.49137843,7.40176737,164.74,14.43,0.00,181.15,0,-115.00,-16.00,0.00,0.00,20.00,0.00,0,356
186.05,1544518056,1996.93,51.49124804,7.40176262,165.88,14.44,0.00,181.26,0,-110.00,-13.00,0.00,0.00,22.00,0.00,0,356
187.05,1544518057,2011.34,51.49112075,7.40175950,166.49,14.38,0.00,180.86,0,-110.00,-13.00,0.00,0.00,22.00,0.00,0,356
188.05,1544518058,2025.72,51.49098913,7.40175607,167.02,14.30,0.00,181.08,0,-111.00,-10.00,0.00,0.00,19.00,0.00,0,356
189.05,1544518059,2040.06,51.49086126,7.40175363,167.66,14.33,0.00,180.87,0,-111.00,-10.00,0.00,0.00,19.00,0.00,0,356
190.06,1544518060,2054.43,51.49072984,7.40174841,168.37,14.45,0.00,180.93,0,-115.00,-11.00,0.00,0.00,16.00,0.00,0,356
191.05,1544518061,2068.79,51.49060280,7.40174180,169.10,14.38,0.00,180.93,0,-115.00,-11.00,0.00,0.00,16.00,0.00,0,356
192.05,1544518062,2083.19,51.49047309,7.40173960,169.67,14.19,0.00,180.46,0,-113.00,-17.00,0.00,0.00,24.00,0.00,0,356
193.05,1544518063,2097.38,51.49033723,7.40173532,170.97,14.11,0.00,179.51,0,-113.00,-17.00,0.00,0.00,24.00,0.00,0,356
194.05,1544518064,2111.48,51.49020900,7.40173338,172.30,13.88,0.00,178.96,0,-111.00,-11.00,0.00,0.00,22.00,0.00,0,356
195.05,1544518065,2125.36,51.49008459,7.40173827,173.31,13.12,0.00,178.50,0,-111.00,-11.00,0.00,0.00,22.00,0.00,0,356
196.05,1544518066,2138.49,51.48997283,7.40174620,174.03,11.95,0.00,179.12,0,-107.00,-11.00,0.00,0.00,22.00,0.00,0,356
197.05,1544518067,2150.41,51.48987795,7.40174560,174.62,9.47,0.00,179.81,0,-107.00,-11.00,0.00,0.00,22.00,0.00,0,356
198.05,1544518068,2159.92,51.48980812,7.40174789,174.96,7.77,0.00,179.66,0,-109.00,-9.00,0.00,0.00,20.00,0.00,0,356
199.05,1544518069,2167.69,51.48974488,7.40175030,175.20,6.15,0.00,180.24,0,-109.00,-9.00,0.00,0.00,20.00,0.00,0,356
200.06,1544518070,2173.85,51.48969795,7.40174858,175.19,3.87,0.00,180.95,0,-110.00,-10.00,0.00,0.00,18.00,0.00,0,356
201.05,1544518071,2177.69,51.48966896,7.40175038,175.14,2.09,0.00,181.50,0,-110.00,-10.00,0.00,0.00,18.00,0.00,0,356
202.05,1544518072,2179.78,51.48966204,7.40175308,175.07,1.06,0.00,181.50,0,-109.00,-15.00,0.00,0.00,26.00,0.00,0,356
203.05,1544518073,2180.84,51.48966204,7.40175308,175.07,0.00,0.00,181.50,0,-109.00,-15.00,0.00,0.00,26.00,0.00,0,356
204.05,1544518074,2180.84,51.48966204,7.40175308,175.06,0.00,0.00,181.50,0,-111.00,-12.00,0.00,0.00,20.00,0.00,0,356
205.05,1544518075,2180.84,51.48966204,7.40175308,175.04,0.00,0.00,181.50,0,-111.00,-12.00,0.00,0.00,20.00,0.00,0,356
206.06,1544518076,2180.84,51.48966204,7.40175308,174.92,0.00,0.00,182.68,0,-111.00,-11.00,0.00,0.00,21.00,0.00,0,356
207.05,1544518077,2180.84,51.48966204,7.40175308,174.82,0.00,0.00,181.68,0,-111.00,-11.00,0.00,0.00,21.00,0.00,0,356
208.05,1544518078,2180.84,51.48962586,7.40175575,174.73,2.86,0.00,179.86,0,-111.00,-11.00,0.00,0.00,21.00,0.00,0,356
209.05,1544518079,2183.71,51.48959319,7.40175615,174.26,5.33,0.00,179.88,0,-109.00,-9.00,0.00,0.00,20.00,0.00,0,356
210.05,1544518080,2189.04,51.48952782,7.40175549,174.01,7.18,0.00,179.94,0,-109.00,-9.00,0.00,0.00,20.00,0.00,0,356
211.06,1544518081,2196.30,51.48945182,7.40179829,174.46,7.60,0.00,155.86,0,-109.00,-9.00,0.00,0.00,19.00,0.00,0,356
212.05,1544518082,2203.80,51.48940904,7.40186619,174.83,6.88,0.00,133.06,0,-109.00,-9.00,0.00,0.00,19.00,0.00,0,356
213.05,1544518083,2210.69,51.48939521,7.40198728,175.15,7.18,0.00,96.27,0,-109.00,-9.00,0.00,0.00,20.00,0.00,0,356
214.05,1544518084,2217.88,51.48938790,7.40214309,175.66,9.74,0.00,94.27,0,-109.00,-9.00,0.00,0.00,20.00,0.00,0,356
215.05,1544518085,2227.61,51.48938549,7.40226873,176.04,8.01,0.00,93.63,0,-109.00,-10.00,0.00,0.00,20.00,0.00,0,356
216.05,1544518086,2235.63,51.48938570,7.40237522,176.35,6.15,0.00,92.72,0,-109.00,-10.00,0.00,0.00,20.00,0.00,0,356
217.05,1544518087,2241.74,51.48938481,7.40245948,176.48,5.06,0.00,91.92,0,-110.00,-10.00,0.00,0.00,20.00,0.00,0,356
218.05,1544518088,2246.80,51.48938345,7.40254032,176.78,4.91,0.00,91.52,0,-110.00,-10.00,0.00,0.00,20.00,0.00,0,356
219.05,1544518089,2251.74,51.48938432,7.40261242,176.95,5.41,0.00,91.12,0,-108.00,-9.00,0.00,0.00,19.00,0.00,0,356
220.05,1544518090,2257.13,51.48938584,7.40270204,177.26,5.66,0.00,90.40,0,-108.00,-9.00,0.00,0.00,19.00,0.00,0,356
221.05,1544518091,2262.79,51.48938675,7.40278247,177.50,5.85,0.00,91.28,0,-110.00,-11.00,0.00,0.00,22.00,0.00,0,356
222.05,1544518092,2268.65,51.48938674,7.40285576,177.53,5.88,0.00,91.63,0,-110.00,-11.00,0.00,0.00,22.00,0.00,0,356
223.05,1544518093,2274.52,51.48938482,7.40293573,177.37,6.40,0.00,92.37,0,-109.00,-11.00,0.00,0.00,20.00,0.00,0,356
224.05,1544518094,2280.92,51.48938287,7.40303643,177.14,7.65,0.00,91.70,0,-109.00,-11.00,0.00,0.00,20.00,0.00,0,356
225.05,1544518095,2288.58,51.48937974,7.40314568,177.03,8.02,0.00,90.72,0,-111.00,-15.00,0.00,0.00,23.00,0.00,0,356
226.05,1544518096,2296.61,51.48938126,7.40327715,177.12,8.02,0.00,90.52,0,-111.00,-15.00,0.00,0.00,23.00,0.00,0,356
227.06,1544518097,2304.67,51.48938280,7.40340330,177.04,8.19,0.00,91.51,0,-113.00,-11.00,0.00,0.00,19.00,0.00,0,356
227.06,1544518097,2304.68,51.48938280,7.40340330,177.04,8.19,0.00,91.51,0,-116.00,-15.00,0.00,0.00,19.00,0.00,0,289
228.05,1544518098,2312.83,51.48938379,7.40352383,176.96,8.23,0.00,91.05,0,-113.00,-11.00,0.00,0.00,19.00,0.00,0,356
228.05,1544518098,2312.83,51.48938379,7.40352383,176.96,8.23,0.00,91.05,0,-116.00,-15.00,0.00,0.00,19.00,0.00,0,289
229.05,1544518099,2321.06,51.48938442,7.40364377,176.90,8.41,0.00,90.77,0,-113.00,-11.00,0.00,0.00,19.00,0.00,0,356
229.05,1544518099,2321.06,51.48938442,7.40364377,176.90,8.41,0.00,90.77,0,-116.00,-15.00,0.00,0.00,19.00,0.00,0,289
230.05,1544518100,2329.45,51.48938549,7.40377033,177.21,9.05,0.00,90.75,0,-109.00,-11.00,0.00,0.00,21.00,0.00,0,356
231.05,1544518101,2338.50,51.48938499,7.40390048,177.19,9.35,0.00,90.36,0,-109.00,-11.00,0.00,0.00,21.00,0.00,0,356
232.05,1544518102,2347.86,51.48938421,7.40402329,177.36,9.48,0.00,90.37,0,-113.00,-16.00,0.00,0.00,24.00,0.00,0,356
232.05,1544518102,2347.87,51.48938421,7.40402329,177.36,9.48,0.00,90.37,0,-116.00,-20.00,0.00,0.00,24.00,0.00,0,289
233.05,1544518103,2357.36,51.48938379,7.40416445,177.66,9.67,0.00,90.66,0,-113.00,-16.00,0.00,0.00,24.00,0.00,0,356
233.05,1544518103,2357.37,51.48938379,7.40416445,177.66,9.67,0.00,90.66,0,-116.00,-20.00,0.00,0.00,24.00,0.00,0,289
234.05,1544518104,2366.99,51.48938275,7.40429794,177.97,9.61,0.00,91.06,0,-113.00,-13.00,0.00,0.00,19.00,0.00,0,356
234.05,1544518104,2366.99,51.48938275,7.40429794,177.97,9.61,0.00,91.06,0,-116.00,-15.00,0.00,0.00,19.00,0.00,0,289
235.05,1544518105,2376.60,51.48938118,7.40443085,178.23,9.36,0.00,90.37,0,-113.00,-13.00,0.00,0.00,19.00,0.00,0,356
235.05,1544518105,2376.61,51.48938118,7.40443085,178.23,9.36,0.00,90.37,0,-116.00,-15.00,0.00,0.00,19.00,0.00,0,289
236.05,1544518106,2385.96,51.48937927,7.40457123,178.51,9.58,0.00,90.21,0,-115.00,-18.00,0.00,0.00,24.00,0.00,0,356
237.05,1544518107,2395.57,51.48937853,7.40471690,178.96,9.69,0.00,90.57,0,-115.00,-18.00,0.00,0.00,24.00,0.00,0,356
238.05,1544518108,2405.26,51.48937805,7.40486283,179.27,9.78,0.00,90.63,0,-112.00,-15.00,0.00,0.00,25.00,0.00,0,356
238.05,1544518108,2405.27,51.48937805,7.40486283,179.27,9.78,0.00,90.63,0,-115.00,-18.00,0.00,0.00,25.00,0.00,0,385
239.05,1544518109,2415.01,51.48937682,7.40500223,179.60,9.71,0.00,89.91,0,-112.00,-15.00,0.00,0.00,25.00,0.00,0,356
239.05,1544518109,2415.02,51.48937682,7.40500223,179.60,9.71,0.00,89.91,0,-115.00,-18.00,0.00,0.00,25.00,0.00,0,385
240.05,1544518110,2424.72,51.48937742,7.40513791,179.95,10.06,0.00,89.09,0,-108.00,-12.00,0.00,0.00,24.00,0.00,0,356
241.05,1544518111,2434.80,51.48938223,7.40530190,179.96,10.50,0.00,87.84,0,-108.00,-12.00,0.00,0.00,24.00,0.00,0,356
242.05,1544518112,2445.30,51.48939001,7.40545788,180.11,10.48,0.00,86.60,0,-103.00,-13.00,0.00,0.00,30.00,0.00,0,356
242.05,1544518112,2445.30,51.48939001,7.40545788,180.11,10.48,0.00,86.60,0,-119.00,-13.00,0.00,0.00,14.00,0.00,0,337
242.05,1544518112,2445.31,51.48939001,7.40545788,180.11,10.48,0.00,86.60,0,-120.00,-14.00,0.00,0.00,14.00,0.00,0,125
243.05,1544518113,2455.77,51.48939853,7.40560436,180.39,10.21,0.00,85.39,0,-103.00,-13.00,0.00,0.00,30.00,0.00,0,356
243.05,1544518113,2455.77,51.48939853,7.40560436,180.39,10.21,0.00,85.39,0,-119.00,-13.00,0.00,0.00,14.00,0.00,0,337
243.05,1544518113,2455.77,51.48939853,7.40560436,180.39,10.21,0.00,85.39,0,-120.00,-14.00,0.00,0.00,14.00,0.00,0,125
244.06,1544518114,2466.04,51.48940487,7.40570622,180.99,9.40,0.00,84.26,0,-110.00,-17.00,0.00,0.00,31.00,0.00,0,385
244.06,1544518114,2466.05,51.48940487,7.40570622,180.99,9.40,0.00,84.26,0,-111.00,-15.00,0.00,0.00,31.00,0.00,0,356
244.06,1544518114,2466.05,51.48940487,7.40570622,180.99,9.40,0.00,84.26,0,-115.00,-10.00,0.00,0.00,14.00,0.00,0,337
244.06,1544518114,2466.07,51.48940487,7.40570622,180.99,9.40,0.00,84.26,0,-119.00,-13.00,0.00,0.00,14.00,0.00,0,125
245.06,1544518115,2475.45,51.48941819,7.40584942,181.19,9.56,0.00,82.39,0,-110.00,-17.00,0.00,0.00,31.00,0.00,0,385
245.06,1544518115,2475.45,51.48941819,7.40584942,181.19,9.56,0.00,82.39,0,-111.00,-15.00,0.00,0.00,31.00,0.00,0,356
245.06,1544518115,2475.46,51.48941819,7.40584942,181.19,9.56,0.00,82.39,0,-115.00,-10.00,0.00,0.00,14.00,0.00,0,337
245.06,1544518115,2475.47,51.48941819,7.40584942,181.19,9.56,0.00,82.39,0,-119.00,-13.00,0.00,0.00,14.00,0.00,0,125
246.06,1544518116,2485.00,51.48943614,7.40599410,181.07,9.83,0.00,80.68,0,-114.00,-18.00,0.00,0.00,24.00,0.00,0,356
246.06,1544518116,2485.00,51.48943614,7.40599410,181.07,9.83,0.00,80.68,0,-117.00,-11.00,0.00,0.00,13.00,0.00,0,337
246.06,1544518116,2485.01,51.48943614,7.40599410,181.07,9.83,0.00,80.68,0,-118.00,-13.00,0.00,0.00,14.00,0.00,0,125
247.06,1544518117,2494.82,51.48945575,7.40614813,180.76,10.63,0.00,79.83,0,-114.00,-18.00,0.00,0.00,24.00,0.00,0,356
247.06,1544518117,2494.82,51.48945575,7.40614813,180.76,10.63,0.00,79.83,0,-117.00,-11.00,0.00,0.00,13.00,0.00,0,337
247.06,1544518117,2494.84,51.48945575,7.40614813,180.76,10.63,0.00,79.83,0,-118.00,-13.00,0.00,0.00,14.00,0.00,0,125
248.06,1544518118,2505.47,51.48947609,7.40628877,180.78,10.37,0.00,78.45,0,-112.00,-16.00,0.00,0.00,24.00,0.00,0,385
248.06,1544518118,2505.48,51.48947609,7.40628877,180.78,10.37,0.00,78.45,0,-115.00,-17.00,0.00,0.00,24.00,0.00,0,356
248.06,1544518118,2505.48,51.48947609,7.40628877,180.78,10.37,0.00,78.45,0,-114.00,-10.00,0.00,0.00,15.00,0.00,0,337
248.06,1544518118,2505.49,51.48947609,7.40628877,180.78,10.37,0.00,78.45,0,-120.00,-15.00,0.00,0.00,15.00,0.00,0,490
249.05,1544518119,2515.78,51.48950260,7.40643570,181.30,10.92,0.00,77.67,0,-112.00,-16.00,0.00,0.00,24.00,0.00,0,385
249.05,1544518119,2515.78,51.48950260,7.40643570,181.30,10.92,0.00,77.67,0,-115.00,-17.00,0.00,0.00,24.00,0.00,0,356
249.05,1544518119,2515.79,51.48950260,7.40643570,181.30,10.92,0.00,77.67,0,-114.00,-10.00,0.00,0.00,15.00,0.00,0,337
249.05,1544518119,2515.79,51.48950260,7.40643570,181.30,10.92,0.00,77.67,0,-120.00,-15.00,0.00,0.00,15.00,0.00,0,490
250.06,1544518120,2526.85,51.48952886,7.40658351,181.73,10.71,0.00,77.21,0,-109.00,-14.00,0.00,0.00,24.00,0.00,0,385
250.07,1544518120,2526.87,51.48952886,7.40658351,181.73,10.71,0.00,77.21,0,-115.00,-17.00,0.00,0.00,22.00,0.00,0,356
250.07,1544518120,2526.88,51.48952886,7.40658351,181.73,10.71,0.00,77.21,0,-111.00,-10.00,0.00,0.00,18.00,0.00,0,337
250.07,1544518120,2526.88,51.48952886,7.40658351,181.73,10.71,0.00,77.21,0,-118.00,-15.00,0.00,0.00,18.00,0.00,0,118
251.06,1544518121,2537.48,51.48955517,7.40673320,182.03,10.48,0.00,77.58,0,-109.00,-14.00,0.00,0.00,24.00,0.00,0,385
251.06,1544518121,2537.48,51.48955517,7.40673320,182.03,10.48,0.00,77.58,0,-115.00,-17.00,0.00,0.00,22.00,0.00,0,356
251.06,1544518121,2537.49,51.48955517,7.40673320,182.03,10.48,0.00,77.58,0,-111.00,-10.00,0.00,0.00,18.00,0.00,0,337
251.06,1544518121,2537.50,51.48955517,7.40673320,182.03,10.48,0.00,77.58,0,-118.00,-15.00,0.00,0.00,18.00,0.00,0,118
252.06,1544518122,2547.95,51.48957827,7.40688769,182.11,10.25,0.00,78.68,0,-109.00,-14.00,0.00,0.00,24.00,0.00,0,385
252.06,1544518122,2547.96,51.48957827,7.40688769,182.11,10.25,0.00,78.68,0,-115.00,-17.00,0.00,0.00,22.00,0.00,0,356
252.06,1544518122,2547.96,51.48957827,7.40688769,182.11,10.25,0.00,78.68,0,-111.00,-10.00,0.00,0.00,18.00,0.00,0,337
252.06,1544518122,2547.97,51.48957827,7.40688769,182.11,10.25,0.00,78.68,0,-118.00,-15.00,0.00,0.00,18.00,0.00,0,118
253.06,1544518123,2558.19,51.48960028,7.40703257,182.14,10.09,0.00,79.12,0,-107.00,-13.00,0.00,0.00,27.00,0.00,0,385
253.06,1544518123,2558.20,51.48960028,7.40703257,182.14,10.09,0.00,79.12,0,-108.00,-7.00,0.00,0.00,18.00,0.00,0,337
253.06,1544518123,2558.20,51.48960028,7.40703257,182.14,10.09,0.00,79.12,0,-115.00,-14.00,0.00,0.00,18.00,0.00,0,289
254.06,1544518124,2568.28,51.48962254,7.40717687,182.15,10.42,0.00,78.49,0,-107.00,-13.00,0.00,0.00,27.00,0.00,0,385
254.06,1544518124,2568.29,51.48962254,7.40717687,182.15,10.42,0.00,78.49,0,-108.00,-7.00,0.00,0.00,18.00,0.00,0,337
254.06,1544518124,2568.29,51.48962254,7.40717687,182.15,10.42,0.00,78.49,0,-115.00,-14.00,0.00,0.00,18.00,0.00,0,289
255.05,1544518125,2578.69,51.48964518,7.40732635,182.09,10.44,0.00,77.83,0,-105.00,-14.00,0.00,0.00,28.00,0.00,0,385
255.06,1544518125,2578.70,51.48964518,7.40732635,182.09,10.44,0.00,77.83,0,-106.00,-6.00,0.00,0.00,20.00,0.00,0,337
256.06,1544518126,2589.15,51.48966828,7.40746446,182.05,10.32,0.00,77.54,0,-105.00,-14.00,0.00,0.00,28.00,0.00,0,385
256.06,1544518126,2589.16,51.48966828,7.40746446,182.05,10.32,0.00,77.54,0,-106.00,-6.00,0.00,0.00,20.00,0.00,0,337
257.06,1544518127,2599.48,51.48969261,7.40761148,181.75,10.15,0.00,78.22,0,-111.00,-16.00,0.00,0.00,24.00,0.00,0,385
257.06,1544518127,2599.49,51.48969261,7.40761148,181.75,10.15,0.00,78.22,0,-116.00,-18.00,0.00,0.00,23.00,0.00,0,356
257.06,1544518127,2599.49,51.48969261,7.40761148,181.75,10.15,0.00,78.22,0,-107.00,-7.00,0.00,0.00,20.00,0.00,0,337
258.06,1544518128,2609.62,51.48971291,7.40775485,181.38,9.48,0.00,78.55,0,-111.00,-16.00,0.00,0.00,24.00,0.00,0,385
258.06,1544518128,2609.62,51.48971291,7.40775485,181.38,9.48,0.00,78.55,0,-116.00,-18.00,0.00,0.00,23.00,0.00,0,356
258.06,1544518128,2609.63,51.48971291,7.40775485,181.38,9.48,0.00,78.55,0,-107.00,-7.00,0.00,0.00,20.00,0.00,0,337
259.05,1544518129,2619.08,51.48973077,7.40789213,180.61,9.93,0.00,78.00,0,-114.00,-17.00,0.00,0.00,26.00,0.00,0,385
259.05,1544518129,2619.09,51.48973077,7.40789213,180.61,9.93,0.00,78.00,0,-107.00,-6.00,0.00,0.00,18.00,0.00,0,337
260.05,1544518130,2629.02,51.48974852,7.40803233,179.96,10.13,0.00,79.00,0,-114.00,-17.00,0.00,0.00,26.00,0.00,0,385
260.06,1544518130,2629.03,51.48974852,7.40803233,179.96,10.13,0.00,79.00,0,-107.00,-6.00,0.00,0.00,18.00,0.00,0,337
261.05,1544518131,2639.11,51.48976650,7.40816555,179.01,9.88,0.00,78.64,0,-109.00,-16.00,0.00,0.00,28.00,0.00,0,385
261.05,1544518131,2639.11,51.48976650,7.40816555,179.01,9.88,0.00,78.64,0,-109.00,-9.00,0.00,0.00,22.00,0.00,0,337
261.05,1544518131,2639.11,51.48976650,7.40816555,179.01,9.88,0.00,78.64,0,-114.00,-13.00,0.00,0.00,21.00,0.00,0,125
262.05,1544518132,2649.01,51.48978298,7.40829414,178.29,9.15,0.00,77.98,0,-109.00,-16.00,0.00,0.00,28.00,0.00,0,385
262.05,1544518132,2649.02,51.48978298,7.40829414,178.29,9.15,0.00,77.98,0,-109.00,-9.00,0.00,0.00,22.00,0.00,0,337
262.06,1544518132,2649.03,51.48978298,7.40829414,178.29,9.15,0.00,77.98,0,-114.00,-13.00,0.00,0.00,21.00,0.00,0,125
263.06,1544518133,2658.17,51.48979940,7.40842433,177.73,8.79,0.00,77.82,0,-108.00,-13.00,0.00,0.00,25.00,0.00,0,385
263.06,1544518133,2658.17,51.48979940,7.40842433,177.73,8.79,0.00,77.82,0,-114.00,-18.00,0.00,0.00,26.00,0.00,0,386
263.06,1544518133,2658.18,51.48979940,7.40842433,177.73,8.79,0.00,77.82,0,-111.00,-9.00,0.00,0.00,19.00,0.00,0,337
263.06,1544518133,2658.19,51.48979940,7.40842433,177.73,8.79,0.00,77.82,0,-113.00,-10.00,0.00,0.00,19.00,0.00,0,125
264.06,1544518134,2666.97,51.48981776,7.40855440,177.47,8.18,0.00,77.55,0,-108.00,-13.00,0.00,0.00,25.00,0.00,0,385
264.06,1544518134,2666.98,51.48981776,7.40855440,177.47,8.18,0.00,77.55,0,-114.00,-18.00,0.00,0.00,26.00,0.00,0,386
264.06,1544518134,2666.98,51.48981776,7.40855440,177.47,8.18,0.00,77.55,0,-111.00,-9.00,0.00,0.00,19.00,0.00,0,337
264.06,1544518134,2666.99,51.48981776,7.40855440,177.47,8.18,0.00,77.55,0,-113.00,-10.00,0.00,0.00,19.00,0.00,0,125
265.06,1544518135,2675.15,51.48983540,7.40867135,176.72,8.14,0.00,76.88,0,-110.00,-14.00,0.00,0.00,23.00,0.00,0,385
265.06,1544518135,2675.16,51.48983540,7.40867135,176.72,8.14,0.00,76.88,0,-115.00,-17.00,0.00,0.00,23.00,0.00,0,356
265.06,1544518135,2675.16,51.48983540,7.40867135,176.72,8.14,0.00,76.88,0,-110.00,-10.00,0.00,0.00,19.00,0.00,0,337
265.06,1544518135,2675.16,51.48983540,7.40867135,176.72,8.14,0.00,76.88,0,-112.00,-11.00,0.00,0.00,19.00,0.00,0,125
266.06,1544518136,2683.29,51.48985943,7.40880719,176.37,10.11,0.00,74.07,0,-110.00,-14.00,0.00,0.00,23.00,0.00,0,385
266.06,1544518136,2683.29,51.48985943,7.40880719,176.37,10.11,0.00,74.07,0,-115.00,-17.00,0.00,0.00,23.00,0.00,0,356
266.06,1544518136,2683.30,51.48985943,7.40880719,176.37,10.11,0.00,74.07,0,-110.00,-10.00,0.00,0.00,19.00,0.00,0,337
266.06,1544518136,2683.31,51.48985943,7.40880719,176.37,10.11,0.00,74.07,0,-112.00,-11.00,0.00,0.00,19.00,0.00,0,125
267.06,1544518137,2693.41,51.48988521,7.40895852,176.06,10.52,0.00,73.11,0,-111.00,-13.00,0.00,0.00,24.00,0.00,0,385
267.06,1544518137,2693.41,51.48988521,7.40895852,176.06,10.52,0.00,73.11,0,-110.00,-7.00,0.00,0.00,17.00,0.00,0,337
267.06,1544518137,2693.42,51.48988521,7.40895852,176.06,10.52,0.00,73.11,0,-117.00,-14.00,0.00,0.00,17.00,0.00,0,322
268.05,1544518138,2703.91,51.48991051,7.40910389,175.49,11.38,0.00,75.61,0,-111.00,-13.00,0.00,0.00,24.00,0.00,0,385
268.06,1544518138,2703.92,51.48991051,7.40910389,175.49,11.38,0.00,75.61,0,-110.00,-7.00,0.00,0.00,17.00,0.00,0,337
268.06,1544518138,2703.92,51.48991051,7.40910389,175.49,11.38,0.00,75.61,0,-117.00,-14.00,0.00,0.00,17.00,0.00,0,322
269.06,1544518139,2715.30,51.48993186,7.40926214,175.00,11.66,0.00,78.32,0,-104.00,-11.00,0.00,0.00,26.00,0.00,0,385
269.06,1544518139,2715.31,51.48993186,7.40926214,175.00,11.66,0.00,78.32,0,-112.00,-9.00,0.00,0.00,16.00,0.00,0,337
269.06,1544518139,2715.31,51.48993186,7.40926214,175.00,11.66,0.00,78.32,0,-117.00,-14.00,0.00,0.00,16.00,0.00,0,125
270.05,1544518140,2726.90,51.48995186,7.40942848,174.21,11.67,0.00,79.04,0,-104.00,-11.00,0.00,0.00,26.00,0.00,0,385
270.05,1544518140,2726.90,51.48995186,7.40942848,174.21,11.67,0.00,79.04,0,-112.00,-9.00,0.00,0.00,16.00,0.00,0,337
270.05,1544518140,2726.90,51.48995186,7.40942848,174.21,11.67,0.00,79.04,0,-117.00,-14.00,0.00,0.00,16.00,0.00,0,125
271.06,1544518141,2738.68,51.48996832,7.40960272,173.54,12.07,0.00,79.84,0,-107.00,-17.00,0.00,0.00,31.00,0.00,0,385
271.06,1544518141,2738.70,51.48996832,7.40960272,173.54,12.07,0.00,79.84,0,-113.00,-7.00,0.00,0.00,14.00,0.00,0,337
271.06,1544518141,2738.70,51.48996832,7.40960272,173.54,12.07,0.00,79.84,0,-120.00,-14.00,0.00,0.00,14.00,0.00,0,322
272.05,1544518142,2750.64,51.48998528,7.40976713,173.05,12.12,0.00,79.31,0,-107.00,-17.00,0.00,0.00,31.00,0.00,0,385
272.05,1544518142,2750.64,51.48998528,7.40976713,173.05,12.12,0.00,79.31,0,-113.00,-7.00,0.00,0.00,14.00,0.00,0,337
272.05,1544518142,2750.64,51.48998528,7.40976713,173.05,12.12,0.00,79.31,0,-120.00,-14.00,0.00,0.00,14.00,0.00,0,322
273.05,1544518143,2762.75,51.49000512,7.40993662,172.69,12.09,0.00,78.83,0,-107.00,-17.00,0.00,0.00,31.00,0.00,0,385
273.05,1544518143,2762.75,51.49000512,7.40993662,172.69,12.09,0.00,78.83,0,-113.00,-7.00,0.00,0.00,14.00,0.00,0,337
273.05,1544518143,2762.76,51.49000512,7.40993662,172.69,12.09,0.00,78.83,0,-120.00,-14.00,0.00,0.00,14.00,0.00,0,322
274.05,1544518144,2774.85,51.49002569,7.41010097,172.14,12.14,0.00,78.92,0,-120.00,-10.00,0.00,0.00,11.00,0.00,0,337
274.05,1544518144,2774.85,51.49002569,7.41010097,172.14,12.14,0.00,78.92,0,-121.00,-15.00,0.00,0.00,13.00,0.00,0,125
275.05,1544518145,2787.04,51.49004527,7.41026443,171.66,12.31,0.00,78.81,0,-120.00,-10.00,0.00,0.00,11.00,0.00,0,337
275.05,1544518145,2787.04,51.49004527,7.41026443,171.66,12.31,0.00,78.81,0,-121.00,-15.00,0.00,0.00,13.00,0.00,0,125
276.05,1544518146,2799.33,51.49006522,7.41043311,171.24,12.35,0.00,78.47,0,-111.00,-18.00,0.00,0.00,28.00,0.00,0,385
276.05,1544518146,2799.34,51.49006522,7.41043311,171.24,12.35,0.00,78.47,0,-114.00,-9.00,0.00,0.00,15.00,0.00,0,337
276.05,1544518146,2799.34,51.49006522,7.41043311,171.24,12.35,0.00,78.47,0,-120.00,-16.00,0.00,0.00,15.00,0.00,0,310
277.05,1544518147,2811.70,51.49008739,7.41060881,170.53,12.00,0.00,78.08,0,-111.00,-18.00,0.00,0.00,28.00,0.00,0,385
277.06,1544518147,2811.71,51.49008739,7.41060881,170.53,12.00,0.00,78.08,0,-114.00,-9.00,0.00,0.00,15.00,0.00,0,337
277.06,1544518147,2811.71,51.49008739,7.41060881,170.53,12.00,0.00,78.08,0,-120.00,-16.00,0.00,0.00,15.00,0.00,0,310
278.05,1544518148,2823.70,51.49011009,7.41078480,169.80,12.18,0.00,77.60,0,-115.00,-9.00,0.00,0.00,13.00,0.00,0,337
278.06,1544518148,2823.72,51.49011009,7.41078480,169.80,12.18,0.00,77.60,0,-121.00,-15.00,0.00,0.00,13.00,0.00,0,322
279.05,1544518149,2835.86,51.49013324,7.41095848,169.30,12.08,0.00,76.97,0,-115.00,-9.00,0.00,0.00,13.00,0.00,0,337
279.05,1544518149,2835.87,51.49013324,7.41095848,169.30,12.08,0.00,76.97,0,-121.00,-15.00,0.00,0.00,13.00,0.00,0,322
