0.03,1544517552,0.00,51.49034718,7.41229861,163.11,0.00,0.00,66.14,1,-92.00,-7.00,23.00,8.00,46.00,7.00,26385408,95
1.04,1544517553,0.00,51.49038988,7.41242917,163.45,7.71,0.00,79.39,1,-92.00,-7.00,23.00,8.00,46.00,7.00,26385408,95
2.04,1544517554,7.71,51.49038395,7.41254107,162.08,8.33,0.62,80.21,1,-94.00,-10.00,14.00,8.00,44.00,7.00,26385408,95
3.04,1544517555,16.03,51.49038590,7.41267469,161.59,8.56,0.24,78.04,1,-94.00,-10.00,14.00,8.00,44.00,7.00,26385408,95
4.04,1544517556,24.60,51.49041848,7.41284178,161.99,9.75,1.19,78.21,1,-87.00,-6.00,28.00,11.00,50.00,7.00,26385408,95
5.04,1544517557,34.34,51.49043579,7.41301185,162.63,10.90,1.15,76.92,1,-87.00,-6.00,28.00,11.00,50.00,7.00,26385408,95
6.04,1544517558,45.26,51.49044594,7.41318069,163.03,11.39,0.48,77.95,1,-90.00,-5.00,27.00,11.00,46.00,7.00,26385408,95
7.04,1544517559,56.64,51.49046301,7.41337563,162.96,11.70,0.31,78.47,1,-90.00,-5.00,27.00,11.00,46.00,7.00,26385408,95
8.04,1544517560,68.34,51.49048509,7.41355495,162.91,11.80,0.10,78.92,1,-86.00,-6.00,35.00,10.00,51.00,7.00,26385408,95
9.04,1544517561,80.14,51.49050150,7.41370607,162.89,11.90,0.10,79.03,1,-86.00,-6.00,35.00,10.00,51.00,7.00,26385408,95
10.04,1544517562,92.04,51.49052146,7.41389913,162.38,11.99,0.09,79.63,1,-87.00,-7.00,25.00,13.00,48.00,7.00,26385408,95
11.14,1544517563,105.29,51.49053972,7.41407295,162.13,10.86,-1.02,78.67,1,-87.00,-7.00,25.00,13.00,48.00,7.00,26385408,95
12.14,1544517564,116.07,51.49055387,7.41421130,162.13,10.04,-0.83,78.15,1,-88.00,-7.00,18.00,9.00,49.00,7.00,26385408,95
13.14,1544517565,126.15,51.49056755,7.41432337,162.44,8.08,-1.95,78.51,1,-88.00,-7.00,18.00,9.00,49.00,7.00,26385408,95
14.14,1544517566,134.20,51.49057738,7.41440799,162.76,6.91,-1.17,79.46,1,-85.00,-6.00,15.00,11.00,50.00,7.00,26385408,95
15.14,1544517567,141.12,51.49058355,7.41449827,163.04,5.35,-1.57,79.13,1,-85.00,-6.00,15.00,11.00,50.00,7.00,26385408,95
16.14,1544517568,146.48,51.49058905,7.41456297,163.07,3.93,-1.41,78.82,1,-87.00,-11.00,12.00,14.00,56.00,7.00,26385408,95
17.14,1544517569,150.41,51.49059425,7.41462197,163.10,3.10,-0.84,79.36,1,-87.00,-11.00,12.00,14.00,56.00,7.00,26385408,95
18.14,1544517570,153.50,51.49060049,7.41466652,163.15,3.09,-0.01,80.60,1,-86.00,-5.00,13.00,15.00,50.00,7.00,26385408,95
19.14,1544517571,156.59,51.49060717,7.41473270,163.20,3.59,0.51,80.26,1,-86.00,-5.00,13.00,15.00,50.00,7.00,26385408,95
20.15,1544517572,160.21,51.49061315,7.41479982,163.23,3.73,0.13,79.24,1,-85.00,-6.00,2.00,10.00,52.00,7.00,26385408,95
21.13,1544517573,163.89,51.49061957,7.41485703,163.22,4.65,0.94,79.65,1,-85.00,-6.00,2.00,10.00,52.00,7.00,26385408,95
22.14,1544517574,168.55,51.49063028,7.41494192,162.79,5.31,0.66,80.16,1,-85.00,-6.00,2.00,10.00,52.00,7.00,26385408,95
23.14,1544517575,173.86,51.49063916,7.41501684,162.29,5.67,0.36,80.99,1,-87.00,-6.00,13.00,15.00,49.00,7.00,26385408,95
24.14,1544517576,179.53,51.49064894,7.41508365,161.74,6.02,0.35,81.76,1,-87.00,-6.00,13.00,15.00,49.00,7.00,26385408,95
25.14,1544517577,185.56,51.49065835,7.41516749,161.04,5.40,-0.62,82.32,1,-86.00,-9.00,13.00,8.00,53.00,7.00,26385408,95
26.14,1544517578,190.96,51.49066627,7.41525293,160.36,5.11,-0.29,83.01,1,-86.00,-9.00,13.00,8.00,53.00,7.00,26385408,95
27.14,1544517579,196.09,51.49066944,7.41530657,160.30,3.88,-1.23,83.53,1,-81.00,-5.00,7.00,6.00,56.00,2.00,29391105,167
28.14,1544517580,199.96,51.49067048,7.41534832,160.23,2.26,-1.62,83.88,1,-81.00,-5.00,7.00,6.00,56.00,2.00,29391105,167
29.14,1544517581,202.23,51.49066957,7.41536379,160.17,2.00,-0.26,84.24,1,-82.00,-8.00,11.00,9.00,57.00,2.00,29391105,167
30.14,1544517582,204.23,51.49066956,7.41539883,160.16,3.06,1.06,85.20,1,-82.00,-8.00,11.00,9.00,57.00,2.00,29391105,167
31.14,1544517583,207.30,51.49067104,7.41546163,159.97,5.58,2.51,85.70,1,-84.00,-7.00,11.00,11.00,54.00,2.00,29391105,167
32.14,1544517584,212.84,51.49067236,7.41555381,159.68,7.48,1.91,86.50,1,-84.00,-7.00,11.00,11.00,54.00,2.00,29391105,167
33.14,1544517585,220.31,51.49067422,7.41567444,159.34,8.89,1.41,87.64,1,-82.00,-9.00,13.00,11.00,58.00,2.00,29391105,167
34.14,1544517586,229.27,51.49067498,7.41581549,159.17,10.03,1.13,88.89,1,-82.00,-9.00,13.00,11.00,58.00,2.00,29391105,167
35.13,1544517587,239.21,51.49067362,7.41598813,158.84,10.90,0.88,90.53,1,-79.00,-5.00,18.00,12.00,54.00,2.00,29391105,167
36.14,1544517588,250.15,51.49066748,7.41614726,158.70,11.05,0.14,92.42,1,-79.00,-5.00,18.00,12.00,54.00,2.00,29391105,167
37.13,1544517589,261.16,51.49065820,7.41631162,158.37,10.66,-0.39,93.87,1,-84.00,-5.00,22.00,10.00,51.00,2.00,29391105,167
38.14,1544517590,271.84,51.49064550,7.41644600,157.88,8.99,-1.67,96.17,1,-84.00,-5.00,22.00,10.00,51.00,2.00,29391105,167
39.14,1544517591,280.84,51.49062801,7.41657485,157.60,7.87,-1.12,97.22,1,-83.00,-5.00,28.00,11.00,53.00,2.00,29391105,167
40.14,1544517592,288.71,51.49061269,7.41668158,157.32,5.69,-2.17,99.65,1,-83.00,-5.00,28.00,11.00,53.00,2.00,29391105,167
41.15,1544517594,294.46,51.49060106,7.41673264,157.80,4.15,-1.53,102.61,1,-83.00,-6.00,22.00,11.00,54.00,2.00,29391105,167
42.14,1544517594,298.55,51.49058752,7.41680567,157.85,3.43,-0.73,103.07,1,-83.00,-6.00,22.00,11.00,54.00,2.00,29391105,167
43.13,1544517595,301.98,51.49057961,7.41685629,157.92,1.96,-1.47,102.28,1,-83.00,-6.00,22.00,11.00,54.00,2.00,29391105,167
44.14,1544517596,303.95,51.49057321,7.41687550,157.95,0.85,-1.11,102.28,1,-82.00,-6.00,20.00,12.00,53.00,2.00,29391105,167
45.14,1544517597,304.80,51.49057321,7.41687550,157.95,0.00,-0.85,102.28,1,-82.00,-6.00,20.00,12.00,53.00,2.00,29391105,167
46.14,1544517598,304.80,51.49057321,7.41687550,157.94,0.00,0.00,102.28,1,-83.00,-8.00,22.00,12.00,55.00,2.00,29391105,167
47.14,1544517599,304.80,51.49057321,7.41687550,157.94,0.00,0.00,102.28,1,-83.00,-8.00,22.00,12.00,55.00,2.00,29391105,167
48.14,1544517600,304.80,51.49057321,7.41687550,157.94,0.00,0.00,102.28,1,-83.00,-5.00,25.00,15.00,52.00,2.00,29391105,167
49.14,1544517601,304.80,51.49057321,7.41687550,157.93,0.00,0.00,102.28,1,-83.00,-5.00,25.00,15.00,52.00,2.00,29391105,167
50.14,1544517602,304.80,51.49057321,7.41687550,157.93,0.00,0.00,102.28,1,-79.00,-5.00,22.00,11.00,57.00,2.00,29391105,167
51.13,1544517603,304.80,51.49057321,7.41687550,157.93,0.00,0.00,102.28,1,-79.00,-5.00,22.00,11.00,57.00,2.00,29391105,167
52.14,1544517604,304.80,51.49057321,7.41687550,157.93,0.00,0.00,102.28,1,-78.00,-5.00,27.00,13.00,58.00,2.00,29391105,167
53.14,1544517605,304.80,51.49057321,7.41687550,157.93,0.00,0.00,102.28,1,-78.00,-5.00,27.00,13.00,58.00,2.00,29391105,167
54.14,1544517606,304.80,51.49057321,7.41687550,157.93,0.00,0.00,102.28,1,-82.00,-5.00,25.00,13.00,54.00,2.00,29391105,167
55.14,1544517607,304.80,51.49057321,7.41687550,157.93,0.00,0.00,102.28,1,-82.00,-5.00,25.00,13.00,54.00,2.00,29391105,167
56.14,1544517608,304.80,51.49057321,7.41687550,157.92,0.00,0.00,102.28,1,-81.00,-6.00,27.00,12.00,56.00,2.00,29391105,167
57.14,1544517609,304.80,51.49057321,7.41687550,157.89,0.00,0.00,102.28,1,-81.00,-6.00,27.00,12.00,56.00,2.00,29391105,167
58.14,1544517610,304.80,51.49057321,7.41687550,157.81,0.00,0.00,102.23,1,-77.00,-4.00,26.00,12.00,60.00,2.00,29391105,167
59.14,1544517611,304.80,51.49057321,7.41687550,157.72,0.00,0.00,102.76,1,-77.00,-4.00,26.00,12.00,60.00,2.00,29391105,167
60.14,1544517612,304.80,51.49054719,7.41700982,157.65,3.71,0.00,101.81,1,-77.00,-6.00,27.00,12.00,62.00,2.00,29391105,167
61.14,1544517613,308.50,51.49054686,7.41707976,156.73,4.55,0.84,88.90,1,-77.00,-6.00,27.00,12.00,62.00,2.00,29391105,167
62.14,1544517614,313.09,51.49056677,7.41715197,156.02,4.91,0.36,63.78,1,-83.00,-8.00,22.00,12.00,57.00,2.00,29391105,167
63.14,1544517615,317.97,51.49058706,7.41720576,155.40,5.04,0.13,60.82,1,-83.00,-8.00,22.00,12.00,57.00,2.00,29391105,167
64.14,1544517616,323.01,51.49063021,7.41722822,154.37,5.32,0.27,18.06,1,-83.00,-8.00,22.00,12.00,57.00,2.00,29391105,167
65.14,1544517617,328.32,51.49068325,7.41722382,153.62,6.41,1.09,2.96,1,-86.00,-7.00,13.00,11.00,50.00,2.00,29391105,167
66.14,1544517618,334.74,51.49074545,7.41719264,153.22,8.39,1.98,349.29,1,-86.00,-7.00,13.00,11.00,50.00,2.00,29391105,167
67.14,1544517619,343.13,51.49083762,7.41716063,152.99,10.46,2.07,349.95,1,-94.00,-6.00,13.00,8.00,42.00,2.00,29391105,167
68.14,1544517620,353.59,51.49093917,7.41712949,152.93,10.91,0.46,349.45,1,-94.00,-6.00,13.00,8.00,42.00,2.00,29391105,167
69.14,1544517621,364.52,51.49104755,7.41709409,153.04,10.83,-0.09,348.82,1,-96.00,-7.00,12.00,8.00,40.00,2.00,29391105,167
70.14,1544517622,375.34,51.49115038,7.41706097,153.15,10.10,-0.73,348.42,1,-96.00,-7.00,12.00,8.00,40.00,2.00,29391105,167
71.14,1544517623,385.43,51.49124164,7.41703039,153.35,9.69,-0.41,348.97,1,-90.00,-5.00,15.00,15.00,47.00,2.00,29391105,167
72.14,1544517624,395.13,51.49132721,7.41700226,153.50,9.23,-0.46,349.11,1,-90.00,-5.00,15.00,15.00,47.00,2.00,29391105,167
73.14,1544517625,404.34,51.49140024,7.41698085,153.72,8.89,-0.34,348.78,1,-92.00,-6.00,11.00,11.00,45.00,2.00,29391105,167
74.14,1544517626,413.22,51.49148170,7.41695258,153.82,8.95,0.06,348.10,1,-92.00,-6.00,11.00,11.00,45.00,2.00,29391105,167
75.14,1544517627,422.18,51.49155923,7.41692139,153.97,9.85,0.90,347.45,1,-94.00,-7.00,8.00,11.00,43.00,2.00,29391105,167
76.14,1544517628,432.04,51.49164897,7.41688545,154.16,10.66,0.82,345.88,1,-94.00,-7.00,8.00,11.00,43.00,2.00,29391105,167
77.14,1544517629,442.70,51.49174695,7.41683876,154.16,11.50,0.84,344.06,1,-91.00,-7.00,10.00,13.00,43.00,2.00,29391105,167
78.14,1544517630,454.20,51.49184098,7.41678314,154.16,12.32,0.82,342.05,1,-91.00,-7.00,10.00,13.00,43.00,2.00,29391105,167
79.14,1544517631,466.50,51.49193721,7.41671542,154.05,12.68,0.36,339.53,1,-86.00,-5.00,17.00,11.00,50.00,2.00,29391105,167
80.14,1544517632,479.17,51.49202891,7.41663757,154.47,12.72,0.04,337.12,1,-86.00,-5.00,17.00,11.00,50.00,2.00,29391105,167
81.14,1544517633,491.92,51.49213173,7.41654448,153.90,12.51,-0.21,335.01,1,-84.00,-6.00,16.00,10.00,52.00,2.00,29391105,167
82.14,1544517634,504.38,51.49223914,7.41645126,154.00,12.58,0.06,333.60,1,-84.00,-6.00,16.00,10.00,52.00,2.00,29391105,167
83.14,1544517635,517.05,51.49234410,7.41636175,154.36,12.47,-0.10,334.51,1,-89.00,-7.00,10.00,11.00,48.00,2.00,29391105,167
84.14,1544517636,529.47,51.49244985,7.41628171,154.86,12.39,-0.08,336.18,1,-89.00,-7.00,10.00,11.00,48.00,2.00,29391105,167
85.14,1544517637,541.86,51.49256412,7.41620763,155.45,12.17,-0.22,338.37,1,-89.00,-7.00,10.00,11.00,48.00,2.00,29391105,167
86.14,1544517638,554.02,51.49266419,7.41615471,156.01,12.08,-0.09,341.26,1,-97.00,-7.00,10.00,8.00,40.00,2.00,29391105,167
87.14,1544517639,566.09,51.49278729,7.41610612,156.65,12.37,0.29,344.55,1,-97.00,-7.00,10.00,8.00,40.00,2.00,29391105,167
88.14,1544517640,578.46,51.49288403,7.41607420,156.94,12.47,0.11,347.23,1,-96.00,-7.00,12.00,12.00,42.00,2.00,29391105,167
89.14,1544517641,590.92,51.49298165,7.41604365,157.54,12.69,0.22,348.71,1,-96.00,-7.00,12.00,12.00,42.00,2.00,29391105,167
90.14,1544517642,603.63,51.49308693,7.41600977,157.09,11.24,-1.45,347.94,1,-99.00,-8.00,10.00,10.00,41.00,2.00,29391105,167
91.14,1544517643,614.84,51.49319486,7.41596771,157.21,12.44,1.20,347.49,1,-99.00,-8.00,10.00,10.00,41.00,2.00,29391105,167
92.14,1544517644,627.29,51.49331309,7.41592441,157.47,13.43,0.99,347.45,1,-98.00,-10.00,8.00,7.00,42.00,2.00,29391105,167
93.14,1544517645,640.79,51.49342123,7.41588280,157.28,13.58,0.15,348.34,1,-98.00,-10.00,8.00,7.00,42.00,2.00,29391105,167
94.14,1544517646,654.34,51.49354680,7.41583617,157.04,13.55,-0.03,348.41,1,-97.00,-9.00,9.00,8.00,40.00,2.00,29391105,167
95.14,1544517647,667.90,51.49365812,7.41579909,156.61,13.47,-0.08,349.05,1,-97.00,-9.00,9.00,8.00,40.00,2.00,29391105,167
96.14,1544517648,681.35,51.49378102,7.41575813,156.21,13.16,-0.31,348.73,1,-96.00,-8.00,13.00,15.00,42.00,2.00,29391105,167
97.14,1544517649,694.51,51.49389868,7.41571748,155.69,13.02,-0.14,348.21,1,-96.00,-8.00,13.00,15.00,42.00,2.00,29391105,167
98.14,1544517650,707.52,51.49400656,7.41567747,155.68,12.92,-0.10,347.52,1,-91.00,-8.00,14.00,13.00,48.00,2.00,29391105,167
99.14,1544517651,720.45,51.49411865,7.41563441,155.55,12.22,-0.70,346.56,1,-91.00,-8.00,14.00,13.00,48.00,2.00,29391105,167
100.14,1544517652,732.66,51.49422398,7.41558910,155.39,11.80,-0.42,346.17,1,-90.00,-8.00,15.00,10.00,49.00,2.00,29391105,167
101.14,1544517653,744.51,51.49432919,7.41554712,155.04,10.66,-1.13,346.70,1,-90.00,-8.00,15.00,10.00,49.00,2.00,29391105,167
102.14,1544517654,755.15,51.49439992,7.41551764,155.01,9.35,-1.31,347.13,1,-91.00,-9.00,7.00,13.00,49.00,2.00,29391105,167
103.14,1544517655,764.48,51.49447596,7.41548699,154.89,6.80,-2.55,346.34,1,-91.00,-9.00,7.00,13.00,49.00,2.00,29391105,167
104.14,1544517656,771.32,51.49452020,7.41543702,155.21,5.87,-0.93,318.86,1,-89.00,-9.00,9.00,15.00,49.00,2.00,29391105,167
105.14,1544517657,777.16,51.49454969,7.41535842,155.74,6.59,0.72,295.95,1,-89.00,-9.00,9.00,15.00,49.00,2.00,29391105,167
106.14,1544517658,783.75,51.49454793,7.41524278,155.68,6.94,0.35,268.18,1,-89.00,-9.00,9.00,15.00,49.00,2.00,29391105,167
107.14,1544517659,790.71,51.49453849,7.41511359,155.46,8.72,1.77,264.87,1,-97.00,-12.00,7.00,9.00,44.00,2.00,29391105,167
108.14,1544517660,799.42,51.49452375,7.41495902,154.93,9.99,1.28,263.62,1,-97.00,-12.00,7.00,9.00,44.00,2.00,29391105,167
109.14,1544517661,809.41,51.49451097,7.41480669,154.55,10.15,0.16,262.09,1,-92.00,-9.00,7.00,12.00,47.00,2.00,29391105,167
110.14,1544517662,819.56,51.49449143,7.41464379,154.09,11.56,1.40,260.86,1,-92.00,-9.00,7.00,12.00,47.00,2.00,29391105,167
111.14,1544517663,831.11,51.49447521,7.41447638,154.04,12.23,0.67,260.09,1,-96.00,-11.00,8.00,7.00,45.00,2.00,29391105,167
112.14,1544517664,843.32,51.49444923,7.41428503,153.87,12.75,0.52,259.17,1,-96.00,-11.00,8.00,7.00,45.00,2.00,29391105,167
113.14,1544517665,856.10,51.49442384,7.41408401,153.78,13.75,1.00,258.23,1,-90.00,-10.00,12.00,10.00,50.00,3.00,29391104,165
114.13,1544517666,869.78,51.49439636,7.41387530,153.87,13.99,0.24,258.59,1,-90.00,-10.00,12.00,10.00,50.00,3.00,29391104,165
115.14,1544517667,883.81,51.49436572,7.41367851,154.37,13.52,-0.47,257.97,1,-87.00,-6.00,16.00,11.00,50.00,3.00,29391104,165
116.14,1544517668,897.32,51.49433714,7.41350365,154.49,12.56,-0.96,257.83,1,-87.00,-6.00,16.00,11.00,50.00,3.00,29391104,165
117.14,1544517669,909.89,51.49430532,7.41331882,155.07,12.57,0.01,258.20,1,-85.00,-7.00,13.00,11.00,55.00,3.00,29391104,165
118.14,1544517670,922.46,51.49427468,7.41313696,155.40,12.92,0.35,257.99,1,-85.00,-7.00,13.00,11.00,55.00,3.00,29391104,165
119.14,1544517671,935.39,51.49424527,7.41296170,156.47,13.18,0.25,257.34,1,-85.00,-6.00,11.00,10.00,53.00,3.00,29391104,165
120.14,1544517672,948.55,51.49421533,7.41276945,157.23,13.56,0.39,257.99,1,-85.00,-6.00,11.00,10.00,53.00,3.00,29391104,165
121.13,1544517673,962.07,51.49419086,7.41259200,157.86,13.85,0.29,257.41,1,-84.00,-7.00,21.00,12.00,54.00,3.00,29391104,165
122.14,1544517674,975.93,51.49416214,7.41240023,157.90,13.77,-0.08,257.96,1,-84.00,-7.00,21.00,12.00,54.00,3.00,29391104,165
123.14,1544517675,989.76,51.49413540,7.41221356,158.39,13.62,-0.14,257.95,1,-77.00,-5.00,22.00,11.00,58.00,3.00,29391104,165
124.14,1544517676,1003.38,51.49410851,7.41201954,159.11,13.75,0.12,257.68,1,-77.00,-5.00,22.00,11.00,58.00,3.00,29391104,165
125.15,1544517677,1017.22,51.49408378,7.41183585,160.28,13.79,0.04,257.83,1,-79.00,-5.00,20.00,12.00,56.00,3.00,29391104,165
126.14,1544517678,1030.91,51.49405337,7.41162482,161.49,13.88,0.09,258.23,1,-79.00,-5.00,20.00,12.00,56.00,3.00,29391104,165
127.14,1544517679,1044.78,51.49402348,7.41142125,162.38,13.87,-0.01,257.67,1,-79.00,-5.00,20.00,12.00,56.00,3.00,29391104,165
128.14,1544517680,1058.66,51.49399483,7.41122641,163.00,13.76,-0.11,257.42,1,-80.00,-5.00,18.00,15.00,56.00,3.00,29391104,165
129.14,1544517681,1072.42,51.49396545,7.41103027,163.50,13.82,0.06,258.03,1,-80.00,-5.00,18.00,15.00,56.00,3.00,29391104,165
130.14,1544517682,1086.22,51.49393463,7.41082496,163.85,14.13,0.31,258.36,1,-80.00,-6.00,15.00,13.00,58.00,3.00,29391104,165
131.14,1544517683,1100.38,51.49390355,7.41063076,163.98,14.00,-0.13,258.35,1,-80.00,-6.00,15.00,13.00,58.00,3.00,29391104,165
132.14,1544517684,1114.39,51.49387534,7.41045101,164.44,13.36,-0.64,258.73,1,-77.00,-6.00,32.00,15.00,59.00,3.00,29391104,165
133.14,1544517685,1127.70,51.49384542,7.41024551,164.27,13.52,0.16,258.65,1,-77.00,-6.00,32.00,15.00,59.00,3.00,29391104,165
134.14,1544517686,1141.22,51.49381539,7.41004092,163.99,13.70,0.18,258.13,1,-85.00,-8.00,15.00,12.00,53.00,3.00,29391104,165
135.14,1544517687,1154.94,51.49378960,7.40985944,163.88,13.85,0.15,257.95,1,-85.00,-8.00,15.00,12.00,53.00,3.00,29391104,165
136.14,1544517688,1168.81,51.49376019,7.40966076,163.93,14.13,0.28,257.87,1,-87.00,-8.00,6.00,11.00,53.00,3.00,29391104,165
137.14,1544517689,1182.95,51.49373127,7.40946391,164.28,14.30,0.17,257.78,1,-87.00,-8.00,6.00,11.00,53.00,3.00,29391104,165
138.14,1544517690,1197.25,51.49370126,7.40926071,164.59,14.47,0.17,258.17,1,-72.00,-6.00,14.00,11.00,63.00,3.00,29391104,165
139.13,1544517691,1211.65,51.49367484,7.40906283,164.67,14.54,0.07,258.57,1,-72.00,-6.00,14.00,11.00,63.00,3.00,29391104,165
140.14,1544517692,1226.26,51.49364765,7.40886173,164.97,14.14,-0.40,258.22,1,-85.00,-10.00,12.00,10.00,56.00,3.00,29391104,165
141.15,1544517694,1240.51,51.49361955,7.40867194,165.28,13.76,-0.38,258.23,1,-85.00,-10.00,12.00,10.00,56.00,3.00,29391104,165
142.14,1544517694,1254.21,51.49359433,7.40848379,165.41,13.50,-0.26,258.12,1,-81.00,-8.00,11.00,15.00,60.00,3.00,29391104,165
143.14,1544517695,1267.70,51.49357057,7.40829835,165.73,13.27,-0.23,257.90,1,-81.00,-8.00,11.00,15.00,60.00,3.00,29391104,165
144.14,1544517696,1280.94,51.49354465,7.40810724,165.95,13.32,0.05,257.64,1,-82.00,-9.00,8.00,6.00,57.00,3.00,29391106,166
145.14,1544517697,1294.27,51.49351716,7.40791883,166.24,13.74,0.42,258.39,1,-82.00,-9.00,8.00,6.00,57.00,3.00,29391106,166
146.15,1544517699,1308.12,51.49348968,7.40771373,166.60,13.91,0.17,257.86,1,-85.00,-7.00,14.00,11.00,53.00,3.00,29391106,166
147.14,1544517699,1321.90,51.49345940,7.40750663,166.64,13.72,-0.19,257.83,1,-85.00,-7.00,14.00,11.00,53.00,3.00,29391106,166
148.14,1544517700,1335.63,51.49343209,7.40731181,166.63,13.73,0.00,257.82,1,-85.00,-7.00,14.00,11.00,53.00,3.00,29391106,166
149.14,1544517701,1349.33,51.49340608,7.40711856,166.45,14.15,0.43,257.74,1,-84.00,-6.00,12.00,14.00,52.00,3.00,29391106,166
150.14,1544517702,1363.48,51.49338084,7.40692910,166.12,14.07,-0.08,258.03,1,-84.00,-6.00,12.00,14.00,52.00,3.00,29391106,166
151.14,1544517703,1377.58,51.49335391,7.40672120,165.62,14.08,0.01,258.16,1,-81.00,-6.00,16.00,11.00,56.00,3.00,29391106,166
152.14,1544517704,1391.68,51.49333127,7.40653598,165.58,14.38,0.30,257.99,1,-81.00,-6.00,16.00,11.00,56.00,3.00,29391106,166
153.14,1544517705,1406.07,51.49330455,7.40632944,165.52,14.34,-0.04,257.95,1,-86.00,-9.00,17.00,8.00,52.00,3.00,29391106,166
154.13,1544517706,1420.32,51.49327930,7.40612697,165.13,13.92,-0.43,257.51,1,-86.00,-9.00,17.00,8.00,52.00,3.00,29391106,166
155.14,1544517707,1434.29,51.49325804,7.40594906,165.25,13.45,-0.47,257.72,1,-91.00,-7.00,13.00,8.00,47.00,3.00,29391106,166
156.14,1544517708,1447.75,51.49323372,7.40575433,165.33,13.69,0.24,258.33,1,-91.00,-7.00,13.00,8.00,47.00,3.00,29391106,166
157.14,1544517709,1461.43,51.49320847,7.40556287,165.12,14.02,0.33,258.51,1,-92.00,-7.00,11.00,12.00,46.00,3.00,29391106,166
158.14,1544517710,1475.44,51.49318254,7.40536146,164.95,14.07,0.05,258.47,1,-92.00,-7.00,11.00,12.00,46.00,3.00,29391106,166
159.14,1544517711,1489.52,51.49316043,7.40517530,164.77,13.71,-0.36,258.59,1,-90.00,-8.00,14.00,11.00,49.00,3.00,29391106,166
160.14,1544517712,1503.23,51.49314236,7.40500699,164.55,13.41,-0.30,257.87,1,-90.00,-8.00,14.00,11.00,49.00,3.00,29391106,166
161.14,1544517713,1516.64,51.49311950,7.40481128,164.30,13.01,-0.40,257.98,1,-90.00,-7.00,23.00,9.00,48.00,3.00,29391106,166
162.14,1544517714,1529.66,51.49310127,7.40464209,164.73,12.76,-0.25,257.96,1,-90.00,-7.00,23.00,9.00,48.00,3.00,29391106,166
163.14,1544517715,1542.42,51.49307884,7.40446030,165.28,12.96,0.19,258.07,1,-92.00,-8.00,8.00,6.00,46.00,3.00,29391106,166
164.14,1544517716,1555.39,51.49305741,7.40427804,165.83,13.01,0.05,258.29,1,-92.00,-8.00,8.00,6.00,46.00,3.00,29391106,166
165.14,1544517717,1568.40,51.49303691,7.40409920,166.31,12.70,-0.31,258.60,1,-92.00,-7.00,12.00,10.00,46.00,3.00,29391106,166
166.14,1544517718,1581.09,51.49301671,7.40391624,166.71,12.76,0.05,258.97,1,-92.00,-7.00,12.00,10.00,46.00,3.00,29391106,166
167.15,1544517720,1593.98,51.49300233,7.40372711,166.97,12.75,-0.00,260.50,1,-91.00,-8.00,4.00,7.00,49.00,3.00,29391106,166
168.14,1544517720,1606.61,51.49299041,7.40352450,167.19,12.62,-0.14,263.16,1,-91.00,-8.00,4.00,7.00,49.00,3.00,29391106,166
169.14,1544517721,1619.23,51.49298375,7.40333845,167.68,12.70,0.09,264.98,1,-91.00,-8.00,4.00,7.00,49.00,3.00,29391106,166
170.14,1544517722,1631.93,51.49297948,7.40316156,167.58,13.00,0.29,265.80,1,-91.00,-8.00,13.00,8.00,48.00,3.00,29391106,166
171.14,1544517723,1644.94,51.49297724,7.40298183,167.32,12.54,-0.46,266.58,1,-91.00,-8.00,13.00,8.00,48.00,3.00,29391106,166
172.14,1544517724,1657.47,51.49297541,7.40281386,166.95,11.24,-1.30,267.34,1,-95.00,-7.00,11.00,8.00,42.00,3.00,29391106,166
173.14,1544517725,1668.74,51.49297279,7.40265753,166.83,9.68,-1.56,268.07,1,-95.00,-7.00,11.00,8.00,42.00,3.00,29391106,166
174.14,1544517726,1678.40,51.49297285,7.40253694,166.63,8.64,-1.04,268.94,1,-90.00,-8.00,5.00,6.00,44.00,5.00,26385410,94
175.14,1544517727,1687.02,51.49297461,7.40240921,166.47,7.96,-0.68,269.58,1,-90.00,-8.00,5.00,6.00,44.00,5.00,26385410,94
176.14,1544517728,1694.98,51.49297528,7.40229717,166.43,7.08,-0.88,270.18,1,-91.00,-7.00,11.00,11.00,47.00,5.00,26385410,94
177.14,1544517729,1702.06,51.49297688,7.40220094,166.49,6.08,-1.00,270.71,1,-91.00,-7.00,11.00,11.00,47.00,5.00,26385410,94
178.14,1544517730,1708.14,51.49297920,7.40210723,166.42,4.41,-1.67,269.90,1,-92.00,-7.00,13.00,8.00,46.00,5.00,26385410,94
179.14,1544517731,1712.55,51.49298215,7.40208197,166.39,1.61,-2.80,270.91,1,-92.00,-7.00,13.00,8.00,46.00,5.00,26385410,94
180.14,1544517732,1714.16,51.49298215,7.40208197,166.39,0.00,-1.61,270.91,1,-91.00,-7.00,24.00,6.00,47.00,5.00,26385410,94
181.14,1544517733,1714.16,51.49298215,7.40208197,166.38,0.00,0.00,270.91,1,-91.00,-7.00,24.00,6.00,47.00,5.00,26385410,94
182.14,1544517734,1714.16,51.49298215,7.40208197,166.37,0.00,0.00,270.91,1,-92.00,-7.00,11.00,8.00,47.00,5.00,26385410,94
183.14,1544517735,1714.16,51.49298215,7.40208197,166.35,0.00,0.00,270.91,1,-92.00,-7.00,11.00,8.00,47.00,5.00,26385410,94
184.14,1544517736,1714.16,51.49298215,7.40208197,166.34,0.00,0.00,270.91,1,-92.00,-8.00,28.00,6.00,48.00,5.00,26385410,94
185.14,1544517737,1714.16,51.49298215,7.40208197,166.33,0.00,0.00,270.91,1,-92.00,-8.00,28.00,6.00,48.00,5.00,26385410,94
186.14,1544517738,1714.16,51.49298215,7.40208197,166.31,0.00,0.00,270.91,1,-91.00,-7.00,24.00,8.00,48.00,5.00,26385410,94
187.14,1544517739,1714.16,51.49298215,7.40208197,166.30,0.00,0.00,270.91,1,-91.00,-7.00,24.00,8.00,48.00,5.00,26385410,94
188.15,1544517741,1714.16,51.49298215,7.40208197,166.29,0.00,0.00,270.91,1,-92.00,-7.00,24.00,6.00,46.00,5.00,26385410,94
189.14,1544517741,1714.16,51.49298215,7.40208197,166.28,0.00,0.00,270.91,1,-92.00,-7.00,24.00,6.00,46.00,5.00,26385410,94
190.14,1544517742,1714.16,51.49298215,7.40208197,166.28,0.00,0.00,270.91,1,-92.00,-7.00,24.00,6.00,46.00,5.00,26385410,94
191.14,1544517743,1714.16,51.49298215,7.40208197,166.28,0.00,0.00,270.91,1,-93.00,-9.00,21.00,8.00,47.00,5.00,26385410,94
192.14,1544517744,1714.16,51.49298215,7.40208197,166.28,0.00,0.00,270.91,1,-93.00,-9.00,21.00,8.00,47.00,5.00,26385410,94
193.14,1544517745,1714.16,51.49298215,7.40208197,166.28,0.00,0.00,270.91,1,-92.00,-8.00,11.00,7.00,47.00,5.00,26385410,94
194.14,1544517746,1714.16,51.49298215,7.40208197,166.29,0.00,0.00,270.91,1,-92.00,-8.00,11.00,7.00,47.00,5.00,26385410,94
195.14,1544517747,1714.16,51.49298215,7.40208197,166.29,0.00,0.00,270.91,1,-92.00,-7.00,24.00,6.00,45.00,5.00,26385410,94
196.14,1544517748,1714.16,51.49298215,7.40208197,166.30,0.00,0.00,270.91,1,-92.00,-7.00,24.00,6.00,45.00,5.00,26385410,94
197.14,1544517749,1714.16,51.49298215,7.40208197,166.31,0.00,0.00,270.91,1,-92.00,-7.00,11.00,7.00,46.00,5.00,26385410,94
198.14,1544517750,1714.16,51.49298215,7.40208197,166.33,0.00,0.00,270.91,1,-92.00,-7.00,11.00,7.00,46.00,5.00,26385410,94
199.14,1544517751,1714.16,51.49298215,7.40208197,166.34,0.00,0.00,270.91,1,-91.00,-8.00,21.00,6.00,48.00,5.00,26385410,94
200.14,1544517752,1714.16,51.49298215,7.40208197,166.35,0.00,0.00,270.91,1,-91.00,-8.00,21.00,6.00,48.00,5.00,26385410,94
201.14,1544517753,1714.16,51.49298215,7.40208197,166.37,0.00,0.00,270.91,1,-91.00,-8.00,23.00,7.00,48.00,5.00,26385410,94
202.14,1544517754,1714.16,51.49298215,7.40208197,166.38,0.00,0.00,270.91,1,-91.00,-8.00,23.00,7.00,48.00,5.00,26385410,94
203.14,1544517755,1714.16,51.49298215,7.40208197,166.39,0.00,0.00,270.91,1,-92.00,-7.00,25.00,7.00,46.00,5.00,26385410,94
204.14,1544517756,1714.16,51.49298215,7.40208197,166.41,0.00,0.00,270.91,1,-92.00,-7.00,25.00,7.00,46.00,5.00,26385410,94
205.14,1544517757,1714.16,51.49298215,7.40208197,166.42,0.00,0.00,270.91,1,-91.00,-8.00,21.00,7.00,48.00,5.00,26385410,94
206.14,1544517758,1714.16,51.49298215,7.40208197,166.54,0.00,0.00,270.91,1,-91.00,-8.00,21.00,7.00,48.00,5.00,26385410,94
207.14,1544517759,1714.16,51.49298079,7.40204580,166.63,0.00,0.00,268.02,1,-92.00,-7.00,24.00,7.00,47.00,5.00,26385410,94
208.14,1544517760,1714.16,51.49298130,7.40197178,167.02,0.00,0.00,269.96,1,-92.00,-7.00,24.00,7.00,47.00,5.00,26385410,94
209.15,1544517761,1714.16,51.49297226,7.40189156,167.26,0.97,0.00,258.41,1,-92.00,-7.00,25.00,7.00,46.00,5.00,26385410,94
210.14,1544517762,1715.13,51.49293373,7.40184821,167.26,1.65,0.69,216.19,1,-92.00,-7.00,25.00,7.00,46.00,5.00,26385410,94
211.14,1544517763,1716.78,51.49287344,7.40181178,167.38,2.27,0.61,196.27,1,-92.00,-7.00,25.00,7.00,46.00,5.00,26385410,94
212.14,1544517764,1719.04,51.49279409,7.40179111,167.45,2.89,0.62,186.39,1,-91.00,-7.00,10.00,7.00,48.00,5.00,26385410,94
213.14,1544517765,1721.93,51.49270795,7.40178484,167.30,10.41,7.52,181.58,1,-91.00,-7.00,10.00,7.00,48.00,5.00,26385410,94
214.14,1544517766,1732.35,51.49260715,7.40177332,167.83,11.19,0.78,181.17,1,-90.00,-6.00,32.00,10.00,48.00,5.00,26385410,94
215.14,1544517767,1743.55,51.49248473,7.40176052,168.54,12.17,0.98,180.76,1,-90.00,-6.00,32.00,10.00,48.00,5.00,26385410,94
216.14,1544517768,1755.71,51.49237446,7.40175604,169.30,12.62,0.46,180.22,1,-87.00,-7.00,29.00,11.00,52.00,5.00,26385410,94
217.14,1544517769,1768.35,51.49226176,7.40175267,170.00,13.04,0.42,180.38,1,-87.00,-7.00,29.00,11.00,52.00,5.00,26385410,94
218.14,1544517770,1781.39,51.49214252,7.40174868,170.35,13.27,0.23,180.30,1,-88.00,-7.00,26.00,11.00,50.00,5.00,26385410,94
219.14,1544517771,1794.65,51.49202211,7.40174498,170.61,13.19,-0.08,180.65,1,-88.00,-7.00,26.00,11.00,50.00,5.00,26385410,94
220.14,1544517772,1807.84,51.49190292,7.40174329,170.33,13.32,0.12,180.94,1,-86.00,-10.00,23.00,12.00,55.00,5.00,26385410,94
221.14,1544517773,1821.16,51.49177991,7.40174138,170.18,13.51,0.19,180.43,1,-86.00,-10.00,23.00,12.00,55.00,5.00,26385410,94
222.14,1544517774,1834.70,51.49165494,7.40173876,170.33,13.37,-0.14,180.73,1,-84.00,-9.00,22.00,14.00,55.00,5.00,26385410,94
223.14,1544517775,1848.01,51.49152289,7.40173459,170.76,13.61,0.25,181.18,1,-84.00,-9.00,22.00,14.00,55.00,5.00,26385410,94
224.14,1544517776,1861.63,51.49140161,7.40173128,171.22,13.60,-0.01,181.10,1,-87.00,-10.00,31.00,11.00,54.00,5.00,26385410,94
225.14,1544517777,1875.27,51.49127331,7.40172152,172.23,13.50,-0.10,181.22,1,-87.00,-10.00,31.00,11.00,54.00,5.00,26385410,94
226.14,1544517778,1888.77,51.49115869,7.40171631,172.87,13.43,-0.08,180.56,1,-84.00,-6.00,28.00,11.00,53.00,5.00,26385410,94
227.14,1544517779,1902.20,51.49104372,7.40171344,172.97,13.51,0.08,181.08,1,-84.00,-6.00,28.00,11.00,53.00,5.00,26385410,94
228.14,1544517780,1915.70,51.49092396,7.40171445,173.07,13.71,0.20,180.15,1,-81.00,-7.00,35.00,14.00,58.00,5.00,26385410,94
229.14,1544517781,1929.41,51.49080475,7.40171652,173.10,13.79,0.08,180.73,1,-81.00,-7.00,35.00,14.00,58.00,5.00,26385410,94
230.15,1544517783,1943.37,51.49067168,7.40171614,173.80,13.72,-0.07,180.47,1,-81.00,-6.00,36.00,15.00,57.00,5.00,26385410,94
231.13,1544517783,1956.88,51.49054659,7.40171472,174.20,13.70,-0.02,180.44,1,-81.00,-6.00,36.00,15.00,57.00,5.00,26385410,94
232.14,1544517784,1970.60,51.49042385,7.40171275,174.86,13.18,-0.52,181.12,1,-81.00,-6.00,36.00,15.00,57.00,5.00,26385410,94
233.14,1544517785,1983.78,51.49030493,7.40170718,175.89,12.40,-0.78,181.37,1,-82.00,-7.00,23.00,14.00,57.00,5.00,26385410,94
234.14,1544517786,1996.20,51.49019875,7.40170358,176.57,11.95,-0.44,181.10,1,-82.00,-7.00,23.00,14.00,57.00,5.00,26385410,94
235.14,1544517787,2008.17,51.49008238,7.40169789,177.11,11.44,-0.51,180.60,1,-82.00,-6.00,29.00,15.00,56.00,5.00,26385410,94
236.14,1544517788,2019.61,51.48999022,7.40169703,177.57,10.84,-0.60,179.57,1,-82.00,-6.00,29.00,15.00,56.00,5.00,26385410,94
237.14,1544517789,2030.43,51.48992271,7.40169934,177.76,8.89,-1.95,178.88,1,-79.00,-6.00,33.00,15.00,58.00,5.00,26385410,94
238.14,1544517790,2039.32,51.48983769,7.40169934,178.67,5.89,-3.00,179.89,1,-79.00,-6.00,33.00,15.00,58.00,5.00,26385410,94
239.14,1544517791,2045.22,51.48979691,7.40170150,178.79,3.64,-2.24,180.51,1,-77.00,-7.00,26.00,15.00,61.00,5.00,26385410,94
240.14,1544517792,2048.86,51.48977704,7.40170267,178.91,2.59,-1.05,179.93,1,-77.00,-7.00,26.00,15.00,61.00,5.00,26385410,94
241.14,1544517793,2051.45,51.48975392,7.40170239,179.01,2.12,-0.47,181.83,1,-75.00,-6.00,35.00,15.00,62.00,5.00,26385410,94
242.14,1544517794,2053.57,51.48974446,7.40170161,179.11,1.12,-1.00,181.41,1,-75.00,-6.00,35.00,15.00,62.00,5.00,26385410,94
243.14,1544517795,2054.70,51.48973266,7.40170616,179.17,1.53,0.41,179.60,1,-74.00,-6.00,30.00,15.00,62.00,5.00,26385410,94
244.14,1544517796,2056.23,51.48971394,7.40171239,179.22,2.09,0.56,179.94,1,-74.00,-6.00,30.00,15.00,62.00,5.00,26385410,94
245.14,1544517797,2058.32,51.48968655,7.40171635,179.27,3.66,1.57,180.95,1,-71.00,-6.00,26.00,15.00,63.00,5.00,26385410,94
246.14,1544517798,2061.97,51.48964405,7.40171904,179.56,4.96,1.30,180.57,1,-71.00,-6.00,26.00,15.00,63.00,5.00,26385410,94
247.14,1544517799,2066.93,51.48960071,7.40171784,180.02,4.81,-0.14,180.37,1,-67.00,-5.00,36.00,15.00,63.00,5.00,26385410,94
248.14,1544517800,2071.74,51.48955410,7.40171814,180.47,4.80,-0.02,181.56,1,-67.00,-5.00,36.00,15.00,63.00,5.00,26385410,94
249.14,1544517801,2076.54,51.48949310,7.40171477,180.90,5.70,0.90,182.12,1,-70.00,-6.00,35.00,15.00,63.00,5.00,26385410,94
250.14,1544517802,2082.24,51.48944007,7.40174841,181.14,6.28,0.59,156.90,1,-70.00,-6.00,35.00,15.00,63.00,5.00,26385410,94
251.14,1544517803,2088.53,51.48939193,7.40181137,181.04,6.50,0.22,139.08,1,-65.00,-6.00,24.00,15.00,63.00,5.00,26385410,94
252.14,1544517804,2095.00,51.48938306,7.40192384,180.89,7.87,1.37,93.62,1,-65.00,-6.00,24.00,15.00,63.00,5.00,26385410,94
253.14,1544517805,2102.94,51.48937756,7.40205445,180.74,8.85,0.98,92.77,1,-70.00,-6.00,30.00,13.00,63.00,5.00,26385410,94
254.14,1544517806,2111.74,51.48937809,7.40220912,180.18,10.73,1.90,92.17,1,-70.00,-6.00,30.00,13.00,63.00,5.00,26385410,94
255.14,1544517807,2122.46,51.48937767,7.40237324,179.76,11.37,0.64,91.77,1,-70.00,-6.00,30.00,13.00,63.00,5.00,26385410,94
256.14,1544517808,2133.83,51.48937533,7.40252994,179.98,11.05,-0.32,91.51,1,-69.00,-5.00,27.00,12.00,63.00,5.00,26385410,94
257.14,1544517809,2144.89,51.48937387,7.40269331,180.62,11.33,0.28,91.28,1,-69.00,-5.00,27.00,12.00,63.00,5.00,26385410,94
258.14,1544517810,2156.22,51.48937654,7.40284594,180.94,11.98,0.65,91.15,1,-72.00,-5.00,34.00,12.00,63.00,5.00,26385410,94
259.14,1544517811,2168.22,51.48937677,7.40303266,181.00,12.45,0.47,90.98,1,-72.00,-5.00,34.00,12.00,63.00,5.00,26385410,94
260.14,1544517812,2180.65,51.48937621,7.40323699,180.62,12.26,-0.19,90.97,1,-72.00,-6.00,37.00,13.00,63.00,5.00,26385410,94
261.14,1544517813,2192.91,51.48937599,7.40342733,180.01,12.11,-0.14,91.08,1,-72.00,-6.00,37.00,13.00,63.00,5.00,26385410,94
262.14,1544517814,2205.02,51.48937287,7.40362288,179.55,12.25,0.14,90.28,1,-70.00,-8.00,33.00,12.00,63.00,5.00,26385410,94
263.14,1544517815,2217.27,51.48937106,7.40380046,179.08,12.43,0.18,90.20,1,-70.00,-8.00,33.00,12.00,63.00,5.00,26385410,94
264.14,1544517816,2229.72,51.48937398,7.40393948,178.47,12.14,-0.29,90.75,1,-77.00,-8.00,24.00,12.00,62.00,5.00,26385410,94
265.14,1544517817,2241.87,51.48937296,7.40411070,177.89,12.10,-0.05,91.20,1,-77.00,-8.00,24.00,12.00,62.00,5.00,26385410,94
266.14,1544517818,2253.97,51.48937418,7.40427111,177.33,12.29,0.19,90.53,1,-75.00,-7.00,18.00,12.00,63.00,5.00,26385410,94
267.14,1544517819,2266.24,51.48937166,7.40446212,177.11,12.41,0.13,91.13,1,-75.00,-7.00,18.00,12.00,63.00,5.00,26385410,94
268.14,1544517820,2278.67,51.48937155,7.40463470,177.18,12.51,0.10,91.05,1,-77.00,-10.00,18.00,14.00,63.00,5.00,26385410,94
269.14,1544517821,2291.18,51.48937014,7.40482194,177.51,12.18,-0.34,91.41,1,-77.00,-10.00,18.00,14.00,63.00,5.00,26385410,94
270.14,1544517822,2303.33,51.48937021,7.40498893,177.85,11.90,-0.28,90.54,1,-71.00,-6.00,19.00,12.00,63.00,1.00,26385408,95
271.14,1544517823,2315.21,51.48937318,7.40515179,178.16,11.62,-0.28,89.67,1,-71.00,-6.00,19.00,12.00,63.00,1.00,26385408,95
272.15,1544517825,2326.98,51.48937610,7.40533985,178.55,11.73,0.11,88.73,1,-70.00,-7.00,14.00,11.00,63.00,1.00,26385408,95
273.14,1544517825,2338.55,51.48938199,7.40550332,178.76,11.23,-0.50,87.05,1,-70.00,-7.00,14.00,11.00,63.00,1.00,26385408,95
274.14,1544517826,2349.88,51.48939264,7.40566947,179.11,10.89,-0.35,85.40,1,-73.00,-7.00,22.00,12.00,63.00,1.00,26385408,95
275.14,1544517827,2360.71,51.48940571,7.40581577,179.21,10.85,-0.03,83.70,1,-73.00,-7.00,22.00,12.00,63.00,1.00,26385408,95
276.14,1544517828,2371.55,51.48942200,7.40595610,179.23,9.91,-0.94,81.36,1,-73.00,-7.00,22.00,12.00,63.00,1.00,26385408,95
277.14,1544517829,2381.49,51.48944080,7.40607451,179.63,9.53,-0.39,80.07,1,-75.00,-7.00,13.00,11.00,61.00,1.00,26385408,95
278.14,1544517830,2391.00,51.48945987,7.40620230,179.70,8.97,-0.56,78.69,1,-75.00,-7.00,13.00,11.00,61.00,1.00,26385408,95
279.14,1544517831,2399.96,51.48947521,7.40632546,179.75,8.48,-0.49,78.00,1,-74.00,-6.00,17.00,12.00,63.00,1.00,26385408,95
280.14,1544517832,2408.45,51.48949844,7.40645598,179.88,8.67,0.19,77.15,1,-74.00,-6.00,17.00,12.00,63.00,1.00,26385408,95
281.14,1544517833,2417.10,51.48952569,7.40660039,180.21,9.11,0.44,76.62,1,-74.00,-6.00,27.00,12.00,63.00,1.00,26385408,95
282.14,1544517834,2426.21,51.48954080,7.40670272,180.25,8.65,-0.46,76.84,1,-74.00,-6.00,27.00,12.00,63.00,1.00,26385408,95
283.14,1544517835,2434.87,51.48955986,7.40682755,180.17,8.64,-0.01,77.46,1,-76.00,-6.00,17.00,12.00,60.00,1.00,26385408,95
284.14,1544517836,2443.53,51.48957945,7.40695010,180.33,9.75,1.11,77.72,1,-76.00,-6.00,17.00,12.00,60.00,1.00,26385408,95
285.14,1544517837,2453.28,51.48960216,7.40711054,180.37,10.00,0.26,77.71,1,-77.00,-7.00,14.00,9.00,61.00,1.00,26385408,95
286.14,1544517838,2463.26,51.48962615,7.40726553,180.52,10.12,0.12,76.89,1,-77.00,-7.00,14.00,9.00,61.00,1.00,26385408,95
287.14,1544517839,2473.38,51.48965032,7.40741862,180.65,10.13,0.01,76.50,1,-75.00,-6.00,14.00,10.00,62.00,1.00,26385408,95
288.16,1544517841,2483.78,51.48967025,7.40755369,180.57,10.13,0.01,76.22,1,-75.00,-6.00,14.00,10.00,62.00,1.00,26385408,95
289.14,1544517841,2493.65,51.48968935,7.40767190,180.46,10.15,0.02,76.21,1,-76.00,-8.00,10.00,11.00,62.00,1.00,26385408,95
290.14,1544517842,2503.79,51.48970971,7.40781277,180.18,9.64,-0.51,77.29,1,-76.00,-8.00,10.00,11.00,62.00,1.00,26385408,95
291.14,1544517843,2513.43,51.48972280,7.40794595,179.64,10.49,0.85,80.56,1,-77.00,-6.00,9.00,10.00,60.00,1.00,26385408,95
292.14,1544517844,2523.91,51.48973390,7.40807941,179.17,9.59,-0.91,82.21,1,-77.00,-6.00,9.00,10.00,60.00,1.00,26385408,95
293.14,1544517845,2533.50,51.48974474,7.40820635,178.74,10.09,0.50,82.72,1,-80.00,-7.00,10.00,11.00,58.00,1.00,26385408,95
294.14,1544517846,2543.58,51.48975881,7.40835266,178.17,9.57,-0.52,80.35,1,-80.00,-7.00,10.00,11.00,58.00,1.00,26385408,95
295.15,1544517847,2553.24,51.48977512,7.40848482,177.73,9.43,-0.13,78.83,1,-79.00,-7.00,27.00,12.00,58.00,1.00,26385408,95
296.14,1544517848,2562.60,51.48979583,7.40862398,177.31,9.39,-0.05,77.82,1,-79.00,-7.00,27.00,12.00,58.00,1.00,26385408,95
297.14,1544517849,2571.99,51.48981734,7.40876654,176.88,9.34,-0.05,76.83,1,-79.00,-7.00,27.00,12.00,58.00,1.00,26385408,95
298.14,1544517850,2581.32,51.48983771,7.40891248,176.68,9.54,0.20,77.40,1,-75.00,-6.00,7.00,12.00,57.00,1.00,26385408,95
299.14,1544517851,2590.87,51.48985721,7.40905017,176.20,10.46,0.92,77.85,1,-75.00,-6.00,7.00,12.00,57.00,1.00,26385408,95
300.14,1544517852,2601.33,51.48987978,7.40923276,175.91,11.68,1.22,77.85,1,-74.00,-6.00,18.00,11.00,62.00,1.00,26385408,95
301.14,1544517853,2613.02,51.48990135,7.40938775,175.49,12.11,0.43,77.48,1,-74.00,-6.00,18.00,11.00,62.00,1.00,26385408,95
302.14,1544517854,2625.14,51.48992268,7.40955316,174.81,12.53,0.42,77.31,1,-73.00,-5.00,12.00,12.00,63.00,1.00,26385408,95
303.14,1544517855,2637.68,51.48994809,7.40976003,174.70,12.83,0.30,77.99,1,-73.00,-5.00,12.00,12.00,63.00,1.00,26385408,95
304.14,1544517856,2650.49,51.48996925,7.40992129,174.25,12.91,0.09,78.46,1,-79.00,-6.00,11.00,10.00,57.00,1.00,26385408,95
305.14,1544517857,2663.41,51.48998987,7.41007769,173.54,12.84,-0.07,78.85,1,-79.00,-6.00,11.00,10.00,57.00,1.00,26385408,95
306.14,1544517858,2676.24,51.49001053,7.41025703,173.08,12.76,-0.08,78.97,1,-79.00,-6.00,13.00,12.00,57.00,1.00,26385408,95
307.14,1544517859,2689.02,51.49003135,7.41043177,172.02,12.49,-0.28,79.68,1,-79.00,-6.00,13.00,12.00,57.00,1.00,26385408,95
308.14,1544517860,2701.50,51.49005478,7.41061171,170.65,12.57,0.08,78.91,1,-81.00,-7.00,10.00,10.00,58.00,1.00,26385408,95
309.14,1544517861,2714.07,51.49007491,7.41077263,169.60,12.46,-0.11,78.44,1,-81.00,-7.00,10.00,10.00,58.00,1.00,26385408,95
310.14,1544517862,2726.51,51.49009627,7.41093767,168.65,13.07,0.62,78.57,1,-86.00,-7.00,8.00,12.00,50.00,1.00,26385408,95
311.14,1544517863,2739.61,51.49012280,7.41113060,167.33,13.22,0.15,78.17,1,-86.00,-7.00,8.00,12.00,50.00,1.00,26385408,95
312.14,1544517864,2752.78,51.49014903,7.41131018,165.96,12.53,-0.69,78.08,1,-91.00,-8.00,6.00,10.00,47.00,1.00,26385408,95
