0.03,1544433265,0.00,51.49028494,7.41209721,164.83,11.63,0.00,77.48,1,-92.00,-6.00,10.00,15.00,45.00,1.00,26385408,95
1.04,1544433266,11.68,51.49030805,7.41225763,164.42,11.95,0.32,78.26,1,-92.00,-6.00,10.00,15.00,45.00,1.00,26385408,95
2.04,1544433267,23.63,51.49033110,7.41243779,163.83,12.60,0.65,79.12,1,-90.00,-7.00,7.00,15.00,43.00,1.00,26385408,95
3.04,1544433268,36.23,51.49035132,7.41261027,163.16,12.74,0.15,78.55,1,-90.00,-7.00,7.00,15.00,43.00,1.00,26385408,95
4.04,1544433269,48.97,51.49037801,7.41279644,162.84,12.93,0.18,77.86,1,-90.00,-6.00,12.00,15.00,46.00,1.00,26385408,95
5.04,1544433270,61.88,51.49040807,7.41297076,162.74,12.76,-0.17,78.26,1,-90.00,-6.00,12.00,15.00,46.00,1.00,26385408,95
6.04,1544433271,74.65,51.49043507,7.41315134,162.40,12.73,-0.03,78.56,1,-89.00,-6.00,9.00,15.00,47.00,1.00,26385408,95
7.04,1544433272,87.38,51.49046151,7.41332050,162.12,12.77,0.05,78.83,1,-89.00,-6.00,9.00,15.00,47.00,1.00,26385408,95
8.04,1544433273,100.15,51.49048709,7.41351025,161.56,12.99,0.21,78.50,1,-90.00,-6.00,15.00,15.00,46.00,1.00,26385408,95
9.04,1544433274,113.13,51.49051281,7.41369634,161.25,13.22,0.23,78.63,1,-90.00,-6.00,15.00,15.00,46.00,1.00,26385408,95
10.04,1544433275,126.36,51.49053406,7.41386852,160.59,13.13,-0.10,78.54,1,-91.00,-6.00,7.00,15.00,46.00,1.00,26385408,95
11.04,1544433276,139.49,51.49055628,7.41406254,159.95,13.18,0.05,78.28,1,-91.00,-6.00,7.00,15.00,46.00,1.00,26385408,95
12.04,1544433277,152.73,51.49058044,7.41424390,159.43,12.99,-0.18,77.85,1,-80.00,-6.00,10.00,15.00,57.00,1.00,26385408,95
13.03,1544433278,165.61,51.49060324,7.41443121,158.88,13.13,0.14,78.14,1,-80.00,-6.00,10.00,15.00,57.00,1.00,26385408,95
14.03,1544433279,178.75,51.49062623,7.41461276,158.39,13.01,-0.13,78.51,1,-85.00,-5.00,23.00,15.00,51.00,1.00,26385408,95
15.04,1544433280,191.79,51.49064763,7.41481622,158.12,13.07,0.06,79.36,1,-85.00,-5.00,23.00,15.00,51.00,1.00,26385408,95
16.04,1544433281,204.88,51.49066195,7.41498470,157.81,12.79,-0.27,80.47,1,-86.00,-5.00,17.00,10.00,49.00,1.00,26385408,95
17.04,1544433282,217.66,51.49067625,7.41516582,157.25,12.82,0.03,81.48,1,-86.00,-5.00,17.00,10.00,49.00,1.00,26385408,95
18.04,1544433283,230.57,51.49068816,7.41533954,156.92,12.55,-0.27,82.46,1,-85.00,-6.00,3.00,6.00,51.00,4.00,29391105,167
19.04,1544433284,243.02,51.49069557,7.41553729,156.44,12.34,-0.22,83.96,1,-85.00,-6.00,3.00,6.00,51.00,4.00,29391105,167
20.04,1544433285,255.36,51.49070174,7.41574572,155.97,12.13,-0.21,85.86,1,-85.00,-6.00,3.00,6.00,51.00,4.00,29391105,167
21.04,1544433286,267.50,51.49070045,7.41588933,155.81,11.78,-0.35,87.89,1,-86.00,-7.00,23.00,11.00,51.00,4.00,29391105,167
22.04,1544433287,279.28,51.49069627,7.41605416,155.77,11.30,-0.48,90.24,1,-86.00,-7.00,23.00,11.00,51.00,4.00,29391105,167
23.04,1544433288,290.56,51.49068871,7.41621422,155.71,10.04,-1.26,92.65,1,-84.00,-8.00,18.00,12.00,54.00,4.00,29391105,167
24.04,1544433289,300.61,51.49067793,7.41633238,155.94,8.87,-1.17,95.54,1,-84.00,-8.00,18.00,12.00,54.00,4.00,29391105,167
25.04,1544433290,309.49,51.49065325,7.41643739,156.04,7.43,-1.44,110.73,1,-83.00,-7.00,18.00,12.00,55.00,4.00,29391105,167
26.04,1544433291,316.93,51.49063298,7.41654768,155.78,5.75,-1.68,108.07,1,-83.00,-7.00,18.00,12.00,55.00,4.00,29391105,167
27.04,1544433292,322.67,51.49061652,7.41663308,155.73,5.11,-0.63,107.90,1,-85.00,-6.00,19.00,12.00,48.00,4.00,29391105,167
28.04,1544433293,327.78,51.49060822,7.41669462,155.74,3.90,-1.21,106.24,1,-85.00,-6.00,19.00,12.00,48.00,4.00,29391105,167
29.04,1544433294,331.69,51.49060122,7.41674701,155.73,2.86,-1.05,103.70,1,-88.00,-6.00,14.00,11.00,49.00,4.00,29391105,167
30.04,1544433295,334.54,51.49059584,7.41677968,155.70,1.90,-0.96,104.41,1,-88.00,-6.00,14.00,11.00,49.00,4.00,29391105,167
31.03,1544433296,336.43,51.49059118,7.41680459,155.69,1.20,-0.70,103.29,1,-83.00,-6.00,22.00,12.00,55.00,4.00,29391105,167
32.03,1544433297,337.63,51.49058851,7.41681556,155.72,0.80,-0.40,103.29,1,-83.00,-6.00,22.00,12.00,55.00,4.00,29391105,167
33.03,1544433298,338.43,51.49058851,7.41681556,155.73,0.00,-0.80,103.29,1,-82.00,-7.00,19.00,14.00,54.00,4.00,29391105,167
34.03,1544433299,338.43,51.49058851,7.41681556,155.73,0.00,0.00,103.29,1,-82.00,-7.00,19.00,14.00,54.00,4.00,29391105,167
35.04,1544433300,338.43,51.49058851,7.41681556,155.73,0.00,0.00,103.29,1,-84.00,-6.00,20.00,13.00,49.00,4.00,29391105,167
36.04,1544433301,338.43,51.49058851,7.41681556,155.72,0.00,0.00,103.29,1,-84.00,-6.00,20.00,13.00,49.00,4.00,29391105,167
37.04,1544433302,338.43,51.49058851,7.41681556,155.72,0.00,0.00,103.29,1,-82.00,-6.00,24.00,15.00,53.00,4.00,29391105,167
38.04,1544433303,338.43,51.49058851,7.41681556,155.60,0.00,0.00,103.29,1,-82.00,-6.00,24.00,15.00,53.00,4.00,29391105,167
39.05,1544433304,338.43,51.49058851,7.41681556,155.50,0.00,0.00,103.29,1,-81.00,-5.00,22.00,14.00,55.00,4.00,29391105,167
40.04,1544433305,338.43,51.49058851,7.41681556,155.49,0.00,0.00,103.29,1,-81.00,-5.00,22.00,14.00,55.00,4.00,29391105,167
41.04,1544433306,338.43,51.49058851,7.41681556,155.49,0.00,0.00,103.29,1,-81.00,-5.00,22.00,14.00,55.00,4.00,29391105,167
42.04,1544433307,338.43,51.49058851,7.41681556,155.49,0.00,0.00,103.29,1,-81.00,-6.00,25.00,14.00,57.00,4.00,29391105,167
43.04,1544433308,338.43,51.49058851,7.41681556,155.50,0.00,0.00,103.29,1,-81.00,-6.00,25.00,14.00,57.00,4.00,29391105,167
44.04,1544433309,338.43,51.49058851,7.41681556,155.51,0.00,0.00,103.29,1,-83.00,-6.00,25.00,15.00,53.00,4.00,29391105,167
45.04,1544433310,338.43,51.49058851,7.41681556,155.53,0.00,0.00,103.29,1,-83.00,-6.00,25.00,15.00,53.00,4.00,29391105,167
46.04,1544433311,338.43,51.49058851,7.41681556,155.54,0.00,0.00,103.29,1,-82.00,-6.00,25.00,12.00,56.00,4.00,29391105,167
47.04,1544433312,338.43,51.49058851,7.41681556,155.56,0.00,0.00,103.29,1,-82.00,-6.00,25.00,12.00,56.00,4.00,29391105,167
48.04,1544433313,338.43,51.49058851,7.41681556,155.57,0.00,0.00,103.29,1,-82.00,-6.00,24.00,15.00,56.00,4.00,29391105,167
49.04,1544433314,338.43,51.49058851,7.41681556,155.59,0.00,0.00,103.29,1,-82.00,-6.00,24.00,15.00,56.00,4.00,29391105,167
50.04,1544433315,338.43,51.49058851,7.41681556,155.60,0.00,0.00,103.29,1,-81.00,-7.00,23.00,14.00,57.00,4.00,29391105,167
51.03,1544433316,338.43,51.49058851,7.41681556,155.61,0.00,0.00,103.29,1,-81.00,-7.00,23.00,14.00,57.00,4.00,29391105,167
52.03,1544433317,338.43,51.49058851,7.41681556,155.63,0.00,0.00,103.29,1,-81.00,-5.00,22.00,11.00,56.00,4.00,29391105,167
53.03,1544433318,338.43,51.49058851,7.41681556,155.64,0.00,0.00,103.29,1,-81.00,-5.00,22.00,11.00,56.00,4.00,29391105,167
54.03,1544433319,338.43,51.49058851,7.41681556,155.72,0.00,0.00,107.45,1,-81.00,-5.00,20.00,11.00,54.00,4.00,29391105,167
55.04,1544433320,338.43,51.49058851,7.41681556,155.79,0.00,0.00,106.66,1,-81.00,-5.00,20.00,11.00,54.00,4.00,29391105,167
56.04,1544433321,338.43,51.49055902,7.41696102,155.87,3.71,0.00,104.45,1,-82.00,-6.00,28.00,15.00,55.00,4.00,29391105,167
57.04,1544433322,342.15,51.49054963,7.41702451,156.58,4.20,0.49,102.80,1,-82.00,-6.00,28.00,15.00,55.00,4.00,29391105,167
58.04,1544433323,346.34,51.49054238,7.41709405,157.04,4.36,0.16,99.06,1,-83.00,-6.00,19.00,15.00,52.00,4.00,29391105,167
59.04,1544433324,350.71,51.49055412,7.41716754,157.47,4.49,0.13,71.36,1,-83.00,-6.00,19.00,15.00,52.00,4.00,29391105,167
60.04,1544433325,355.23,51.49058110,7.41720896,157.57,4.63,0.13,47.64,1,-86.00,-7.00,20.00,11.00,52.00,4.00,29391105,167
61.04,1544433326,359.83,51.49061454,7.41723562,157.75,4.99,0.36,26.89,1,-86.00,-7.00,20.00,11.00,52.00,4.00,29391105,167
62.04,1544433327,364.82,51.49066273,7.41723395,157.92,6.22,1.23,0.68,1,-86.00,-7.00,20.00,11.00,52.00,4.00,29391105,167
63.04,1544433328,371.05,51.49072684,7.41722512,158.49,7.04,0.82,356.84,1,-89.00,-7.00,19.00,14.00,48.00,4.00,29391105,167
64.03,1544433329,378.07,51.49080359,7.41720590,158.83,8.41,1.37,353.66,1,-89.00,-7.00,19.00,14.00,48.00,4.00,29391105,167
65.04,1544433330,386.49,51.49089061,7.41719253,159.37,9.18,0.77,352.30,1,-94.00,-7.00,13.00,12.00,43.00,4.00,29391105,167
66.04,1544433331,395.67,51.49097783,7.41716671,159.93,8.91,-0.27,351.12,1,-94.00,-7.00,13.00,12.00,43.00,4.00,29391105,167
67.04,1544433332,404.58,51.49106567,7.41713712,160.22,9.13,0.22,350.24,1,-97.00,-7.00,25.00,15.00,39.00,4.00,29391105,167
68.04,1544433333,413.72,51.49114979,7.41710483,160.39,9.10,-0.02,349.78,1,-97.00,-7.00,25.00,15.00,39.00,4.00,29391105,167
69.04,1544433334,422.81,51.49123681,7.41706449,160.08,9.25,0.15,348.41,1,-92.00,-6.00,11.00,15.00,46.00,4.00,29391105,167
70.04,1544433335,432.05,51.49131904,7.41702770,159.89,9.90,0.65,348.03,1,-92.00,-6.00,11.00,15.00,46.00,4.00,29391105,167
71.04,1544433336,441.97,51.49140384,7.41699337,159.62,10.53,0.63,349.00,1,-94.00,-7.00,8.00,11.00,44.00,4.00,29391105,167
72.04,1544433337,452.51,51.49149179,7.41696237,159.33,9.65,-0.88,349.08,1,-94.00,-7.00,8.00,11.00,44.00,4.00,29391105,167
73.03,1544433338,462.13,51.49157245,7.41693180,159.18,9.56,-0.10,348.64,1,-96.00,-9.00,7.00,5.00,42.00,4.00,29391105,167
74.03,1544433339,471.68,51.49165909,7.41689399,159.07,9.91,0.35,346.93,1,-96.00,-9.00,7.00,5.00,42.00,4.00,29391105,167
75.04,1544433340,481.66,51.49174002,7.41684288,159.35,10.00,0.09,344.76,1,-95.00,-9.00,2.00,8.00,43.00,4.00,29391105,167
76.04,1544433341,491.60,51.49182457,7.41678228,159.72,10.20,0.20,342.45,1,-95.00,-9.00,2.00,8.00,43.00,4.00,29391105,167
77.04,1544433342,501.81,51.49191101,7.41672291,159.84,10.44,0.24,339.69,1,-90.00,-5.00,17.00,12.00,45.00,4.00,29391105,167
78.04,1544433343,512.25,51.49198698,7.41666055,160.05,10.81,0.37,337.25,1,-90.00,-5.00,17.00,12.00,45.00,4.00,29391105,167
79.04,1544433344,523.06,51.49206757,7.41659233,159.69,10.67,-0.14,334.42,1,-86.00,-5.00,27.00,10.00,50.00,4.00,29391105,167
80.04,1544433345,533.74,51.49215630,7.41650761,159.15,12.06,1.39,332.87,1,-86.00,-5.00,27.00,10.00,50.00,4.00,29391105,167
81.05,1544433347,545.93,51.49225118,7.41641587,158.63,12.18,0.11,331.57,1,-91.00,-7.00,5.00,12.00,47.00,4.00,29391105,167
82.03,1544433347,557.93,51.49235502,7.41632293,158.34,12.33,0.15,332.84,1,-91.00,-7.00,5.00,12.00,47.00,4.00,29391105,167
83.03,1544433348,570.28,51.49244432,7.41625372,157.92,11.26,-1.07,335.36,1,-91.00,-7.00,5.00,12.00,47.00,4.00,29391105,167
84.04,1544433349,581.57,51.49253536,7.41619034,156.74,11.55,0.29,337.37,1,-91.00,-6.00,13.00,15.00,45.00,4.00,29391105,167
85.04,1544433350,593.11,51.49262745,7.41614596,155.69,12.30,0.75,340.84,1,-91.00,-6.00,13.00,15.00,45.00,4.00,29391105,167
86.04,1544433351,605.42,51.49275604,7.41613696,154.69,13.67,1.37,356.58,1,-98.00,-9.00,7.00,15.00,38.00,4.00,29391105,167
87.04,1544433352,619.07,51.49288875,7.41612376,153.84,13.80,0.14,355.61,1,-98.00,-9.00,7.00,15.00,38.00,4.00,29391105,167
88.04,1544433353,632.89,51.49301074,7.41611027,153.47,13.29,-0.52,355.99,1,-100.00,-8.00,12.00,15.00,39.00,4.00,29391105,167
89.04,1544433354,646.16,51.49313529,7.41608249,152.75,12.76,-0.52,352.87,1,-100.00,-8.00,12.00,15.00,39.00,4.00,29391105,167
90.04,1544433355,658.96,51.49325727,7.41604899,152.13,12.65,-0.12,350.99,1,-96.00,-9.00,4.00,13.00,41.00,4.00,29391105,167
91.05,1544433356,671.68,51.49337463,7.41600944,152.17,12.65,0.01,350.17,1,-96.00,-9.00,4.00,13.00,41.00,4.00,29391105,167
92.04,1544433357,684.25,51.49348330,7.41596464,151.75,12.62,-0.03,349.69,1,-98.00,-9.00,5.00,6.00,41.00,4.00,29391105,167
93.03,1544433358,696.81,51.49359578,7.41591560,151.81,12.44,-0.18,349.27,1,-98.00,-9.00,5.00,6.00,41.00,4.00,29391105,167
94.04,1544433359,709.31,51.49369972,7.41586407,152.07,11.99,-0.44,348.28,1,-98.00,-9.00,6.00,8.00,41.00,4.00,29391105,167
95.04,1544433360,721.27,51.49379666,7.41582499,152.35,11.13,-0.86,348.71,1,-98.00,-9.00,6.00,8.00,41.00,4.00,29391105,167
96.04,1544433361,732.40,51.49389650,7.41578773,152.77,10.79,-0.34,348.71,1,-92.00,-10.00,8.00,8.00,49.00,4.00,29391105,167
97.04,1544433362,743.23,51.49398804,7.41574748,153.35,10.03,-0.76,346.62,1,-92.00,-10.00,8.00,8.00,49.00,4.00,29391105,167
98.04,1544433363,753.26,51.49407130,7.41569991,153.87,9.27,-0.77,344.50,1,-91.00,-8.00,1.00,14.00,48.00,4.00,29391105,167
99.04,1544433364,762.52,51.49414789,7.41565647,153.63,8.33,-0.94,344.94,1,-91.00,-8.00,1.00,14.00,48.00,4.00,29391105,167
100.04,1544433365,770.86,51.49421173,7.41562613,153.02,7.24,-1.09,346.30,1,-89.00,-7.00,12.00,15.00,48.00,4.00,29391105,167
101.04,1544433366,778.11,51.49427568,7.41559044,153.30,5.60,-1.63,346.13,1,-89.00,-7.00,12.00,15.00,48.00,4.00,29391105,167
102.04,1544433367,783.71,51.49431236,7.41556766,153.83,4.59,-1.01,346.48,1,-90.00,-8.00,8.00,10.00,49.00,4.00,29391105,167
103.04,1544433368,788.29,51.49434159,7.41554971,153.89,3.70,-0.89,346.94,1,-90.00,-8.00,8.00,10.00,49.00,4.00,29391105,167
104.04,1544433369,791.99,51.49435323,7.41555061,153.96,1.86,-1.83,348.41,1,-90.00,-8.00,8.00,10.00,49.00,4.00,29391105,167
105.04,1544433370,793.86,51.49435323,7.41555061,153.96,0.00,-1.86,348.41,1,-94.00,-10.00,11.00,6.00,47.00,4.00,29391105,167
106.04,1544433371,793.86,51.49435323,7.41555061,153.96,0.00,0.00,348.41,1,-94.00,-10.00,11.00,6.00,47.00,4.00,29391105,167
107.04,1544433372,793.86,51.49435323,7.41555061,153.95,0.00,0.00,348.41,1,-93.00,-8.00,10.00,15.00,46.00,4.00,29391105,167
108.04,1544433373,793.86,51.49435323,7.41555061,153.93,0.00,0.00,348.41,1,-93.00,-8.00,10.00,15.00,46.00,4.00,29391105,167
109.04,1544433374,793.86,51.49435323,7.41555061,153.92,0.00,0.00,348.41,1,-93.00,-8.00,7.00,15.00,46.00,4.00,29391105,167
110.04,1544433375,793.86,51.49435323,7.41555061,153.90,0.00,0.00,348.41,1,-93.00,-8.00,7.00,15.00,46.00,4.00,29391105,167
111.04,1544433376,793.86,51.49435323,7.41555061,153.87,0.00,0.00,348.41,1,-92.00,-8.00,13.00,15.00,48.00,4.00,29391105,167
112.04,1544433377,793.86,51.49435323,7.41555061,153.84,0.00,0.00,348.41,1,-92.00,-8.00,13.00,15.00,48.00,4.00,29391105,167
113.04,1544433378,793.86,51.49435323,7.41555061,153.81,0.00,0.00,348.41,1,-92.00,-8.00,8.00,6.00,47.00,4.00,29391105,167
114.04,1544433379,793.86,51.49435323,7.41555061,153.77,0.00,0.00,348.41,1,-92.00,-8.00,8.00,6.00,47.00,4.00,29391105,167
115.04,1544433380,793.86,51.49435323,7.41555061,153.73,0.00,0.00,348.41,1,-92.00,-8.00,8.00,6.00,47.00,4.00,29391105,167
116.04,1544433381,793.86,51.49435323,7.41555061,153.69,0.00,0.00,348.41,1,-92.00,-8.00,8.00,6.00,47.00,4.00,29391105,167
117.04,1544433382,793.86,51.49435323,7.41555061,153.64,0.00,0.00,348.41,1,-93.00,-11.00,7.00,5.00,49.00,4.00,29391105,167
118.04,1544433383,793.86,51.49435323,7.41555061,153.59,0.00,0.00,348.41,1,-93.00,-11.00,7.00,5.00,49.00,4.00,29391105,167
119.04,1544433384,793.86,51.49435323,7.41555061,153.54,0.00,0.00,348.41,1,-96.00,-8.00,11.00,11.00,43.00,4.00,29391105,167
120.04,1544433385,793.86,51.49435323,7.41555061,153.49,0.00,0.00,348.41,1,-96.00,-8.00,11.00,11.00,43.00,4.00,29391105,167
121.04,1544433386,793.86,51.49435323,7.41555061,153.44,0.00,0.00,348.41,1,-92.00,-8.00,7.00,9.00,47.00,4.00,29391105,167
122.04,1544433387,793.86,51.49435323,7.41555061,153.00,0.00,0.00,348.41,1,-92.00,-8.00,7.00,9.00,47.00,4.00,29391105,167
123.04,1544433388,793.86,51.49435323,7.41555061,152.59,0.00,0.00,348.41,1,-95.00,-10.00,6.00,6.00,45.00,4.00,29391105,167
124.04,1544433389,793.86,51.49435323,7.41555061,152.22,0.00,0.00,349.77,1,-95.00,-10.00,6.00,6.00,45.00,4.00,29391105,167
125.04,1544433390,793.86,51.49435323,7.41555061,151.86,0.00,0.00,4.66,1,-95.00,-10.00,6.00,6.00,45.00,4.00,29391105,167
126.04,1544433391,793.86,51.49442741,7.41556697,151.53,2.81,0.00,346.69,1,-93.00,-11.00,5.00,6.00,50.00,4.00,29391105,167
127.04,1544433392,796.66,51.49445482,7.41556649,151.22,1.70,-1.11,348.42,1,-93.00,-11.00,5.00,6.00,50.00,4.00,29391105,167
128.04,1544433393,798.36,51.49446821,7.41556872,150.95,0.69,-1.01,348.42,1,-94.00,-8.00,10.00,8.00,45.00,4.00,29391105,167
129.04,1544433394,799.05,51.49446821,7.41556872,150.93,0.00,-0.69,348.42,1,-94.00,-8.00,10.00,8.00,45.00,4.00,29391105,167
130.04,1544433395,799.05,51.49446821,7.41556872,150.76,0.00,0.00,348.42,1,-95.00,-10.00,4.00,6.00,47.00,4.00,29391105,167
131.04,1544433396,799.05,51.49446821,7.41556872,150.64,0.00,0.00,335.27,1,-95.00,-10.00,4.00,6.00,47.00,4.00,29391105,167
132.04,1544433397,799.05,51.49446821,7.41556872,150.48,0.00,0.00,312.86,1,-90.00,-9.00,5.00,15.00,51.00,4.00,29391105,167
133.04,1544433398,799.05,51.49453920,7.41543983,150.19,6.02,0.00,290.84,1,-90.00,-9.00,5.00,15.00,51.00,4.00,29391105,167
134.04,1544433399,805.06,51.49453103,7.41531407,150.23,6.93,0.91,256.03,1,-92.00,-10.00,5.00,5.00,46.00,4.00,29391105,167
135.04,1544433400,812.03,51.49451494,7.41519561,150.55,8.23,1.29,256.37,1,-92.00,-10.00,5.00,5.00,46.00,4.00,29391105,167
136.04,1544433401,820.25,51.49449641,7.41505713,150.91,9.54,1.31,257.46,1,-93.00,-13.00,4.00,8.00,49.00,4.00,29391105,167
137.04,1544433402,829.79,51.49447894,7.41492243,151.59,10.48,0.93,257.91,1,-93.00,-13.00,4.00,8.00,49.00,4.00,29391105,167
138.04,1544433403,840.25,51.49445774,7.41475211,152.12,10.82,0.35,258.50,1,-97.00,-10.00,10.00,10.00,43.00,4.00,29391105,167
139.04,1544433404,851.08,51.49443538,7.41458930,152.72,11.64,0.82,258.49,1,-97.00,-10.00,10.00,10.00,43.00,4.00,29391105,167
140.04,1544433405,862.70,51.49441499,7.41443657,153.46,12.39,0.76,258.01,1,-92.00,-8.00,5.00,6.00,46.00,3.00,29391104,165
141.05,1544433406,875.19,51.49439029,7.41425251,154.06,12.64,0.25,258.23,1,-92.00,-8.00,5.00,6.00,46.00,3.00,29391104,165
142.04,1544433407,887.73,51.49436613,7.41406908,154.62,12.31,-0.33,257.90,1,-91.00,-8.00,7.00,8.00,46.00,3.00,29391104,165
143.04,1544433408,900.02,51.49434454,7.41389995,155.48,12.23,-0.08,257.61,1,-91.00,-8.00,7.00,8.00,46.00,3.00,29391104,165
144.05,1544433410,912.40,51.49431903,7.41372884,156.55,12.39,0.16,256.96,1,-89.00,-8.00,8.00,8.00,50.00,3.00,29391104,165
145.04,1544433410,924.68,51.49429414,7.41354825,157.44,12.45,0.06,257.39,1,-89.00,-8.00,8.00,8.00,50.00,3.00,29391104,165
146.04,1544433411,937.11,51.49427105,7.41337306,158.47,12.53,0.08,258.29,1,-89.00,-8.00,8.00,8.00,50.00,3.00,29391104,165
147.04,1544433412,949.64,51.49424828,7.41319136,159.52,12.97,0.45,258.56,1,-89.00,-8.00,10.00,7.00,48.00,3.00,29391104,165
148.04,1544433413,962.60,51.49422430,7.41300960,160.26,13.12,0.14,257.76,1,-89.00,-8.00,10.00,7.00,48.00,3.00,29391104,165
149.04,1544433414,975.72,51.49419943,7.41282649,161.00,13.04,-0.08,258.23,1,-86.00,-6.00,17.00,9.00,51.00,3.00,29391104,165
150.04,1544433415,988.74,51.49417594,7.41263567,162.05,13.07,0.03,258.19,1,-86.00,-6.00,17.00,9.00,51.00,3.00,29391104,165
151.04,1544433416,1001.83,51.49415093,7.41244209,163.02,13.02,-0.05,258.55,1,-79.00,-5.00,13.00,9.00,57.00,3.00,29391104,165
152.04,1544433417,1014.86,51.49412674,7.41226392,163.94,13.21,0.19,258.34,1,-79.00,-5.00,13.00,9.00,57.00,3.00,29391104,165
153.03,1544433418,1028.01,51.49410272,7.41207606,164.69,13.23,0.03,257.88,1,-77.00,-6.00,14.00,8.00,53.00,3.00,29391104,165
154.04,1544433419,1041.28,51.49407962,7.41189159,165.27,13.24,0.01,258.83,1,-77.00,-6.00,14.00,8.00,53.00,3.00,29391104,165
155.04,1544433420,1054.53,51.49405469,7.41169366,165.74,13.69,0.45,258.34,1,-83.00,-6.00,16.00,10.00,53.00,3.00,29391104,165
156.04,1544433421,1068.20,51.49403013,7.41149995,166.16,13.80,0.11,258.43,1,-83.00,-6.00,16.00,10.00,53.00,3.00,29391104,165
157.04,1544433422,1082.02,51.49400528,7.41129333,166.43,13.85,0.05,258.09,1,-79.00,-7.00,14.00,10.00,59.00,3.00,29391104,165
158.03,1544433423,1095.84,51.49398010,7.41110825,166.69,13.73,-0.12,257.96,1,-79.00,-7.00,14.00,10.00,59.00,3.00,29391104,165
159.04,1544433424,1109.61,51.49395587,7.41092464,166.93,13.46,-0.27,257.94,1,-82.00,-7.00,24.00,12.00,56.00,3.00,29391104,165
160.04,1544433425,1123.07,51.49393030,7.41073770,166.88,13.38,-0.08,258.36,1,-82.00,-7.00,24.00,12.00,56.00,3.00,29391104,165
161.04,1544433426,1136.45,51.49390569,7.41054261,166.97,13.53,0.15,257.85,1,-80.00,-6.00,20.00,15.00,57.00,3.00,29391104,165
162.04,1544433427,1149.97,51.49388221,7.41035103,167.07,13.66,0.13,258.05,1,-80.00,-6.00,20.00,15.00,57.00,3.00,29391104,165
163.04,1544433428,1163.67,51.49385837,7.41015385,166.97,13.71,0.05,257.88,1,-85.00,-7.00,16.00,10.00,51.00,3.00,29391104,165
164.04,1544433429,1177.37,51.49383707,7.40996854,166.78,13.79,0.08,257.84,1,-85.00,-7.00,16.00,10.00,51.00,3.00,29391104,165
165.05,1544433430,1191.27,51.49381440,7.40978047,166.63,13.63,-0.16,257.93,1,-88.00,-7.00,13.00,11.00,49.00,3.00,29391104,165
166.04,1544433431,1204.81,51.49378932,7.40958885,166.39,13.49,-0.15,257.78,1,-88.00,-7.00,13.00,11.00,49.00,3.00,29391104,165
167.04,1544433432,1218.29,51.49376228,7.40938813,166.43,13.65,0.16,258.20,1,-88.00,-7.00,13.00,11.00,49.00,3.00,29391104,165
168.04,1544433433,1231.94,51.49373492,7.40919138,166.60,13.73,0.08,258.01,1,-82.00,-10.00,12.00,10.00,59.00,3.00,29391104,165
169.04,1544433434,1245.67,51.49370865,7.40901399,166.71,13.39,-0.34,257.83,1,-82.00,-10.00,12.00,10.00,59.00,3.00,29391104,165
170.04,1544433435,1259.06,51.49368238,7.40882097,166.94,13.35,-0.04,257.52,1,-81.00,-8.00,13.00,10.00,58.00,3.00,29391104,165
171.04,1544433436,1272.44,51.49365678,7.40862976,167.12,13.59,0.24,257.89,1,-81.00,-8.00,13.00,10.00,58.00,3.00,29391104,165
172.04,1544433437,1286.00,51.49363095,7.40843866,167.45,13.74,0.15,258.41,1,-86.00,-11.00,7.00,9.00,56.00,3.00,29391104,165
173.04,1544433438,1299.75,51.49360352,7.40825040,167.84,13.88,0.14,258.62,1,-86.00,-11.00,7.00,9.00,56.00,3.00,29391104,165
174.04,1544433439,1313.63,51.49357638,7.40805125,168.28,14.16,0.28,258.57,1,-84.00,-7.00,7.00,6.00,54.00,3.00,29391106,166
175.04,1544433440,1327.79,51.49354865,7.40784014,168.58,14.49,0.33,258.71,1,-84.00,-7.00,7.00,6.00,54.00,3.00,29391106,166
176.04,1544433441,1342.29,51.49352164,7.40762981,168.84,14.94,0.45,258.14,1,-82.00,-7.00,16.00,11.00,56.00,3.00,29391106,166
177.04,1544433442,1357.21,51.49349305,7.40741353,169.11,15.02,0.08,257.82,1,-82.00,-7.00,16.00,11.00,56.00,3.00,29391106,166
178.04,1544433443,1372.22,51.49346697,7.40721911,168.97,14.69,-0.33,257.90,1,-82.00,-6.00,22.00,12.00,56.00,3.00,29391106,166
179.04,1544433444,1386.92,51.49343941,7.40701716,168.42,14.54,-0.15,258.25,1,-82.00,-6.00,22.00,12.00,56.00,3.00,29391106,166
180.04,1544433445,1401.46,51.49341368,7.40681185,168.06,14.26,-0.28,257.99,1,-83.00,-7.00,19.00,10.00,55.00,3.00,29391106,166
181.04,1544433446,1415.74,51.49338960,7.40660543,168.04,14.63,0.37,258.04,1,-83.00,-7.00,19.00,10.00,55.00,3.00,29391106,166
182.04,1544433447,1430.38,51.49336330,7.40638816,168.28,14.85,0.21,257.80,1,-85.00,-7.00,17.00,9.00,53.00,3.00,29391106,166
183.04,1544433448,1445.20,51.49333595,7.40616645,168.72,15.01,0.16,257.74,1,-85.00,-7.00,17.00,9.00,53.00,3.00,29391106,166
184.04,1544433449,1460.21,51.49330655,7.40596552,168.73,14.85,-0.16,257.72,1,-92.00,-7.00,16.00,9.00,45.00,3.00,29391106,166
185.04,1544433450,1475.06,51.49327699,7.40576222,168.65,14.82,-0.03,258.03,1,-92.00,-7.00,16.00,9.00,45.00,3.00,29391106,166
186.04,1544433451,1489.98,51.49324775,7.40555414,168.59,14.85,0.03,257.98,1,-92.00,-7.00,14.00,10.00,45.00,3.00,29391106,166
187.04,1544433452,1504.71,51.49321861,7.40534497,168.48,14.89,0.04,258.00,1,-92.00,-7.00,14.00,10.00,45.00,3.00,29391106,166
188.04,1544433453,1519.61,51.49318915,7.40512979,168.38,14.91,0.03,258.02,1,-92.00,-7.00,14.00,10.00,45.00,3.00,29391106,166
189.04,1544433454,1534.51,51.49316043,7.40491936,168.30,14.89,-0.03,257.62,1,-91.00,-7.00,8.00,10.00,47.00,3.00,29391106,166
190.04,1544433455,1549.39,51.49313150,7.40471029,168.22,14.57,-0.32,258.13,1,-91.00,-7.00,8.00,10.00,47.00,3.00,29391106,166
191.04,1544433456,1563.99,51.49310395,7.40450542,168.17,14.45,-0.11,258.18,1,-91.00,-8.00,7.00,6.00,47.00,3.00,29391106,166
192.04,1544433457,1578.42,51.49307804,7.40429911,168.20,14.26,-0.19,258.59,1,-91.00,-8.00,7.00,6.00,47.00,3.00,29391106,166
193.04,1544433458,1592.69,51.49305436,7.40409516,168.35,13.76,-0.50,258.55,1,-91.00,-8.00,11.00,7.00,48.00,3.00,29391106,166
194.04,1544433459,1606.44,51.49303163,7.40390680,168.41,13.55,-0.21,258.98,1,-91.00,-8.00,11.00,7.00,48.00,3.00,29391106,166
195.04,1544433460,1620.03,51.49301463,7.40372650,168.02,13.30,-0.25,260.21,1,-92.00,-9.00,5.00,10.00,46.00,3.00,29391106,166
196.04,1544433461,1633.32,51.49299983,7.40352913,167.72,13.32,0.02,261.98,1,-92.00,-9.00,5.00,10.00,46.00,3.00,29391106,166
197.04,1544433462,1646.64,51.49299135,7.40332425,167.63,13.42,0.11,263.91,1,-92.00,-10.00,2.00,8.00,50.00,3.00,29391106,166
198.04,1544433463,1660.06,51.49298489,7.40312993,167.56,13.21,-0.21,265.56,1,-92.00,-10.00,2.00,8.00,50.00,3.00,29391106,166
199.04,1544433464,1673.28,51.49298988,7.40297145,167.33,12.44,-0.78,266.84,1,-96.00,-13.00,0.00,6.00,47.00,3.00,29391106,166
200.04,1544433465,1685.72,51.49299094,7.40278188,167.25,11.32,-1.12,267.89,1,-96.00,-13.00,0.00,6.00,47.00,3.00,29391106,166
201.04,1544433466,1697.06,51.49299394,7.40263926,166.64,10.23,-1.09,269.00,1,-97.00,-9.00,8.00,11.00,43.00,3.00,29391106,166
202.04,1544433467,1707.24,51.49299606,7.40250197,165.77,9.50,-0.73,269.92,1,-97.00,-9.00,8.00,11.00,43.00,3.00,29391106,166
203.04,1544433468,1716.77,51.49300009,7.40237782,164.88,8.29,-1.21,270.49,1,-93.00,-7.00,3.00,6.00,45.00,6.00,26385410,94
204.04,1544433469,1725.05,51.49300294,7.40227498,163.69,6.94,-1.35,270.89,1,-93.00,-7.00,3.00,6.00,45.00,6.00,26385410,94
205.04,1544433470,1731.99,51.49300533,7.40218091,162.83,5.25,-1.69,270.28,1,-90.00,-7.00,25.00,9.00,48.00,6.00,26385410,94
206.04,1544433471,1737.23,51.49300662,7.40211538,162.75,3.19,-2.06,269.76,1,-90.00,-7.00,25.00,9.00,48.00,6.00,26385410,94
207.05,1544433473,1740.46,51.49300662,7.40208124,162.67,1.17,-1.99,269.97,1,-92.00,-7.00,24.00,11.00,46.00,6.00,26385410,94
208.04,1544433473,1741.61,51.49300662,7.40208124,162.66,0.00,-1.19,269.97,1,-92.00,-7.00,24.00,11.00,46.00,6.00,26385410,94
209.04,1544433474,1741.61,51.49300662,7.40208124,162.65,0.00,0.00,269.97,1,-92.00,-7.00,24.00,11.00,46.00,6.00,26385410,94
210.04,1544433475,1741.61,51.49300662,7.40208124,162.64,0.00,0.00,269.97,1,-91.00,-6.00,25.00,8.00,47.00,6.00,26385410,94
211.04,1544433476,1741.61,51.49300662,7.40208124,162.63,0.00,0.00,269.97,1,-91.00,-6.00,25.00,8.00,47.00,6.00,26385410,94
212.04,1544433477,1741.61,51.49300662,7.40208124,162.62,0.00,0.00,269.97,1,-91.00,-6.00,11.00,8.00,47.00,6.00,26385410,94
213.04,1544433478,1741.61,51.49300662,7.40208124,162.61,0.00,0.00,269.97,1,-91.00,-6.00,11.00,8.00,47.00,6.00,26385410,94
214.04,1544433479,1741.61,51.49300662,7.40208124,162.57,0.00,0.00,276.57,1,-92.00,-8.00,7.00,8.00,48.00,6.00,26385410,94
215.04,1544433480,1741.61,51.49301045,7.40199738,162.12,0.00,0.00,275.03,1,-92.00,-8.00,7.00,8.00,48.00,6.00,26385410,94
216.04,1544433481,1741.61,51.49301200,7.40192192,161.74,6.07,0.00,273.66,1,-92.00,-10.00,7.00,8.00,47.00,6.00,26385410,94
217.04,1544433482,1747.67,51.49299035,7.40185882,161.64,6.63,0.56,243.04,1,-92.00,-10.00,7.00,8.00,47.00,6.00,26385410,94
218.04,1544433483,1754.30,51.49293135,7.40179060,161.72,6.02,-0.61,210.17,1,-92.00,-8.00,12.00,10.00,46.00,6.00,26385410,94
219.04,1544433484,1760.32,51.49286913,7.40175866,162.06,7.03,1.00,193.73,1,-92.00,-8.00,12.00,10.00,46.00,6.00,26385410,94
220.04,1544433485,1767.34,51.49279665,7.40173791,162.61,8.21,1.19,190.51,1,-89.00,-7.00,27.00,10.00,50.00,6.00,26385410,94
221.04,1544433486,1775.59,51.49272603,7.40173390,163.17,8.97,0.75,187.75,1,-89.00,-7.00,27.00,10.00,50.00,6.00,26385410,94
222.04,1544433487,1784.52,51.49263095,7.40174600,163.96,10.05,1.09,174.54,1,-91.00,-9.00,20.00,12.00,49.00,6.00,26385410,94
223.04,1544433488,1794.60,51.49253638,7.40175456,164.91,10.92,0.87,176.18,1,-91.00,-9.00,20.00,12.00,49.00,6.00,26385410,94
224.04,1544433489,1805.51,51.49244409,7.40175607,165.77,11.90,0.97,177.62,1,-86.00,-7.00,18.00,13.00,51.00,6.00,26385410,94
225.04,1544433490,1817.39,51.49233918,7.40176275,166.31,12.21,0.32,178.61,1,-86.00,-7.00,18.00,13.00,51.00,6.00,26385410,94
226.04,1544433491,1829.62,51.49222499,7.40176156,166.67,12.29,0.08,179.55,1,-90.00,-7.00,15.00,11.00,48.00,6.00,26385410,94
227.04,1544433492,1841.91,51.49211373,7.40176116,167.11,12.11,-0.18,180.30,1,-90.00,-7.00,15.00,11.00,48.00,6.00,26385410,94
228.04,1544433493,1854.10,51.49200119,7.40176053,167.36,12.23,0.12,181.02,1,-86.00,-8.00,30.00,11.00,54.00,6.00,26385410,94
229.04,1544433494,1866.24,51.49190109,7.40175410,167.15,12.45,0.22,180.95,1,-86.00,-8.00,30.00,11.00,54.00,6.00,26385410,94
230.04,1544433495,1878.69,51.49178610,7.40174826,167.01,12.52,0.07,180.69,1,-86.00,-8.00,30.00,11.00,54.00,6.00,26385410,94
231.04,1544433496,1891.26,51.49167589,7.40174583,167.09,12.64,0.12,180.75,1,-86.00,-6.00,25.00,12.00,51.00,6.00,26385410,94
232.04,1544433497,1903.85,51.49155905,7.40173622,167.50,12.69,0.05,180.96,1,-86.00,-6.00,25.00,12.00,51.00,6.00,26385410,94
233.03,1544433498,1916.52,51.49144343,7.40173217,167.98,12.66,-0.04,181.39,1,-87.00,-8.00,16.00,13.00,51.00,6.00,26385410,94
234.03,1544433499,1929.18,51.49132839,7.40172630,168.25,12.58,-0.08,181.45,1,-87.00,-8.00,16.00,13.00,51.00,6.00,26385410,94
235.04,1544433500,1941.77,51.49121643,7.40172330,168.32,12.70,0.12,181.08,1,-87.00,-6.00,17.00,11.00,50.00,6.00,26385410,94
236.04,1544433501,1954.49,51.49110657,7.40172428,168.16,12.87,0.18,180.48,1,-87.00,-6.00,17.00,11.00,50.00,6.00,26385410,94
237.04,1544433502,1967.35,51.49099147,7.40172008,168.16,12.93,0.06,180.71,1,-83.00,-7.00,33.00,12.00,54.00,6.00,26385410,94
238.04,1544433503,1980.30,51.49087251,7.40171986,167.96,12.85,-0.08,180.51,1,-83.00,-7.00,33.00,12.00,54.00,6.00,26385410,94
239.04,1544433504,1993.14,51.49074886,7.40171506,168.52,12.56,-0.30,180.63,1,-83.00,-6.00,17.00,15.00,54.00,6.00,26385410,94
240.04,1544433505,2005.70,51.49064872,7.40171146,169.19,12.65,0.09,180.59,1,-83.00,-6.00,17.00,15.00,54.00,6.00,26385410,94
241.04,1544433506,2018.37,51.49053257,7.40171500,169.89,12.75,0.10,180.24,1,-83.00,-5.00,21.00,12.00,53.00,6.00,26385410,94
242.04,1544433507,2031.10,51.49040504,7.40171444,170.36,12.71,-0.04,180.48,1,-83.00,-5.00,21.00,12.00,53.00,6.00,26385410,94
243.04,1544433508,2043.82,51.49030022,7.40171636,170.70,12.11,-0.59,179.59,1,-82.00,-7.00,32.00,15.00,55.00,6.00,26385410,94
244.04,1544433509,2055.92,51.49019888,7.40172352,170.85,11.71,-0.40,179.14,1,-82.00,-7.00,32.00,15.00,55.00,6.00,26385410,94
245.04,1544433510,2067.64,51.49010326,7.40173308,170.85,11.36,-0.35,178.53,1,-82.00,-6.00,28.00,12.00,55.00,6.00,26385410,94
246.04,1544433511,2079.01,51.49000167,7.40174065,171.00,10.97,-0.40,178.08,1,-82.00,-6.00,28.00,12.00,55.00,6.00,26385410,94
247.04,1544433512,2089.97,51.48990773,7.40174286,171.03,9.97,-1.00,177.65,1,-81.00,-6.00,36.00,15.00,56.00,6.00,26385410,94
248.04,1544433513,2099.94,51.48982638,7.40174811,171.27,9.18,-0.79,177.99,1,-81.00,-6.00,36.00,15.00,56.00,6.00,26385410,94
249.05,1544433515,2109.21,51.48974856,7.40174994,171.60,8.33,-0.84,179.41,1,-76.00,-6.00,32.00,11.00,59.00,6.00,26385410,94
250.04,1544433515,2117.45,51.48968083,7.40174937,171.80,6.84,-1.50,180.16,1,-76.00,-6.00,32.00,11.00,59.00,6.00,26385410,94
251.03,1544433516,2124.27,51.48964166,7.40175232,171.83,3.87,-2.99,180.77,1,-76.00,-6.00,32.00,11.00,59.00,6.00,26385410,94
252.04,1544433517,2128.15,51.48961465,7.40175153,171.88,1.41,-2.45,183.21,1,-69.00,-7.00,21.00,13.00,63.00,6.00,26385410,94
253.04,1544433518,2129.56,51.48961465,7.40175153,171.89,0.00,-1.42,183.21,1,-69.00,-7.00,21.00,13.00,63.00,6.00,26385410,94
254.04,1544433519,2129.56,51.48961465,7.40175153,171.90,0.00,0.00,183.21,1,-64.00,-7.00,24.00,13.00,63.00,6.00,26385410,94
255.04,1544433520,2129.56,51.48961465,7.40175153,171.91,0.00,0.00,183.21,1,-64.00,-7.00,24.00,13.00,63.00,6.00,26385410,94
256.04,1544433521,2129.56,51.48961465,7.40175153,171.93,0.00,0.00,183.21,1,-66.00,-5.00,40.00,13.00,63.00,6.00,26385410,94
257.04,1544433522,2129.56,51.48961465,7.40175153,171.96,0.00,0.00,183.21,1,-66.00,-5.00,40.00,13.00,63.00,6.00,26385410,94
258.04,1544433523,2129.56,51.48961465,7.40175153,171.98,0.00,0.00,183.21,1,-66.00,-6.00,32.00,13.00,63.00,6.00,26385410,94
259.04,1544433524,2129.56,51.48961465,7.40175153,172.01,0.00,0.00,183.21,1,-66.00,-6.00,32.00,13.00,63.00,6.00,26385410,94
260.04,1544433525,2129.56,51.48961465,7.40175153,172.04,0.00,0.00,183.21,1,-66.00,-7.00,40.00,13.00,63.00,6.00,26385410,94
261.04,1544433526,2129.56,51.48961465,7.40175153,172.07,0.00,0.00,183.21,1,-66.00,-7.00,40.00,13.00,63.00,6.00,26385410,94
262.04,1544433527,2129.56,51.48961465,7.40175153,172.10,0.00,0.00,183.21,1,-66.00,-5.00,40.00,13.00,63.00,6.00,26385410,94
263.04,1544433528,2129.56,51.48961465,7.40175153,172.13,0.00,0.00,183.21,1,-66.00,-5.00,40.00,13.00,63.00,6.00,26385410,94
264.04,1544433529,2129.56,51.48961465,7.40175153,172.16,0.00,0.00,183.21,1,-66.00,-6.00,30.00,13.00,63.00,6.00,26385410,94
265.04,1544433530,2129.56,51.48961465,7.40175153,172.19,0.00,0.00,183.21,1,-66.00,-6.00,30.00,13.00,63.00,6.00,26385410,94
266.04,1544433531,2129.56,51.48961465,7.40175153,172.22,0.00,0.00,183.21,1,-66.00,-5.00,34.00,13.00,63.00,6.00,26385410,94
267.04,1544433532,2129.56,51.48961465,7.40175153,172.53,0.00,0.00,183.21,1,-66.00,-5.00,34.00,13.00,63.00,6.00,26385410,94
268.04,1544433533,2129.56,51.48961465,7.40175153,172.79,0.00,0.00,182.61,1,-68.00,-6.00,28.00,14.00,63.00,6.00,26385410,94
269.04,1544433534,2129.56,51.48954276,7.40175610,173.04,0.00,0.00,182.25,1,-68.00,-6.00,28.00,14.00,63.00,6.00,26385410,94
270.04,1544433535,2129.56,51.48949861,7.40175385,173.33,2.95,0.00,181.67,1,-69.00,-6.00,16.00,14.00,63.00,6.00,26385410,94
271.04,1544433536,2132.49,51.48947148,7.40175544,173.59,2.51,-0.45,181.01,1,-69.00,-6.00,16.00,14.00,63.00,6.00,26385410,94
272.04,1544433537,2135.00,51.48945703,7.40175895,173.82,1.97,-0.54,180.29,1,-69.00,-6.00,16.00,14.00,63.00,6.00,26385410,94
273.04,1544433538,2136.96,51.48944352,7.40176435,174.04,1.57,-0.39,178.80,1,-71.00,-7.00,29.00,13.00,63.00,6.00,26385410,94
274.04,1544433539,2138.54,51.48943764,7.40176791,174.21,0.85,-0.72,178.80,1,-71.00,-7.00,29.00,13.00,63.00,6.00,26385410,94
275.04,1544433540,2139.39,51.48943698,7.40177239,174.36,0.41,-0.45,178.80,1,-68.00,-6.00,33.00,12.00,63.00,6.00,26385410,94
276.04,1544433541,2139.80,51.48943698,7.40177239,174.41,0.00,-0.41,178.80,1,-68.00,-6.00,33.00,12.00,63.00,6.00,26385410,94
277.04,1544433542,2139.80,51.48943698,7.40177239,174.45,0.00,0.00,154.60,1,-67.00,-6.00,27.00,12.00,63.00,6.00,26385410,94
278.04,1544433543,2139.80,51.48943698,7.40177239,174.52,0.00,0.00,119.76,1,-67.00,-6.00,27.00,12.00,63.00,6.00,26385410,94
279.04,1544433544,2139.80,51.48938878,7.40189552,174.84,4.84,0.00,98.18,1,-69.00,-5.00,37.00,12.00,63.00,6.00,26385410,94
280.04,1544433545,2144.63,51.48938624,7.40198463,175.61,6.72,1.88,94.79,1,-69.00,-5.00,37.00,12.00,63.00,6.00,26385410,94
281.04,1544433546,2151.36,51.48938647,7.40210381,176.72,8.72,2.00,93.19,1,-70.00,-5.00,31.00,12.00,63.00,6.00,26385410,94
282.04,1544433547,2160.08,51.48938680,7.40223278,177.61,9.83,1.11,92.00,1,-70.00,-5.00,31.00,12.00,63.00,6.00,26385410,94
283.04,1544433548,2169.89,51.48938664,7.40237912,178.34,10.66,0.84,91.23,1,-71.00,-5.00,28.00,10.00,63.00,6.00,26385410,94
284.03,1544433549,2180.51,51.48938768,7.40254271,178.93,11.29,0.63,90.72,1,-71.00,-5.00,28.00,10.00,63.00,6.00,26385410,94
285.04,1544433550,2191.85,51.48938856,7.40270052,179.30,11.72,0.43,91.09,1,-71.00,-5.00,22.00,12.00,63.00,6.00,26385410,94
286.04,1544433551,2203.57,51.48938914,7.40286741,179.74,11.57,-0.15,91.15,1,-71.00,-5.00,22.00,12.00,63.00,6.00,26385410,94
287.04,1544433552,2215.16,51.48938813,7.40303950,180.28,11.41,-0.16,90.92,1,-70.00,-5.00,35.00,12.00,63.00,6.00,26385410,94
288.04,1544433553,2226.55,51.48938853,7.40320960,180.97,11.69,0.28,90.72,1,-70.00,-5.00,35.00,12.00,63.00,6.00,26385410,94
289.04,1544433554,2238.25,51.48938704,7.40337300,181.35,11.80,0.11,91.06,1,-72.00,-6.00,15.00,12.00,63.00,6.00,26385410,94
290.04,1544433555,2250.04,51.48938610,7.40354626,181.68,11.76,-0.04,90.89,1,-72.00,-6.00,15.00,12.00,63.00,6.00,26385410,94
291.04,1544433556,2261.89,51.48938555,7.40371804,182.07,12.07,0.30,90.39,1,-71.00,-5.00,16.00,15.00,63.00,6.00,26385410,94
292.03,1544433557,2273.83,51.48938423,7.40389233,182.31,12.49,0.42,90.25,1,-71.00,-5.00,16.00,15.00,63.00,6.00,26385410,94
293.03,1544433558,2286.33,51.48938894,7.40406587,182.70,12.90,0.41,89.43,1,-71.00,-5.00,16.00,15.00,63.00,6.00,26385410,94
294.04,1544433559,2299.24,51.48939202,7.40425830,183.07,13.06,0.16,89.07,1,-75.00,-8.00,16.00,11.00,62.00,6.00,26385410,94
295.04,1544433560,2312.34,51.48939535,7.40445197,183.37,12.89,-0.17,88.43,1,-75.00,-8.00,16.00,11.00,62.00,6.00,26385410,94
296.04,1544433561,2325.21,51.48939821,7.40464150,183.78,12.44,-0.45,89.09,1,-77.00,-9.00,16.00,10.00,63.00,6.00,26385410,94
297.04,1544433562,2337.65,51.48940328,7.40479751,183.97,12.52,0.08,90.19,1,-77.00,-9.00,16.00,10.00,63.00,6.00,26385410,94
298.04,1544433563,2350.16,51.48940362,7.40498887,184.18,12.42,-0.10,90.92,1,-74.00,-7.00,8.00,6.00,63.00,2.00,26385408,95
299.04,1544433564,2362.59,51.48940391,7.40517177,184.68,12.14,-0.28,90.57,1,-74.00,-7.00,8.00,6.00,63.00,2.00,26385408,95
300.04,1544433565,2374.73,51.48940383,7.40535313,185.26,12.04,-0.11,89.30,1,-76.00,-7.00,18.00,12.00,62.00,2.00,26385408,95
301.05,1544433567,2386.90,51.48940721,7.40552748,185.53,12.34,0.30,87.72,1,-76.00,-7.00,18.00,12.00,62.00,2.00,26385408,95
302.04,1544433567,2399.10,51.48941284,7.40569823,185.44,12.12,-0.22,85.76,1,-74.00,-8.00,22.00,15.00,63.00,2.00,26385408,95
303.03,1544433568,2411.19,51.48942423,7.40586234,185.16,12.06,-0.06,83.86,1,-74.00,-8.00,22.00,15.00,63.00,2.00,26385408,95
304.04,1544433569,2423.26,51.48944043,7.40602605,184.86,11.92,-0.14,82.21,1,-76.00,-7.00,19.00,9.00,61.00,2.00,26385408,95
305.04,1544433570,2435.18,51.48946451,7.40617550,184.46,12.08,0.16,79.88,1,-76.00,-7.00,19.00,9.00,61.00,2.00,26385408,95
306.04,1544433571,2447.28,51.48949135,7.40634304,183.98,12.67,0.59,78.52,1,-77.00,-7.00,24.00,11.00,61.00,2.00,26385408,95
307.04,1544433572,2459.94,51.48951786,7.40653864,183.69,13.02,0.34,78.09,1,-77.00,-7.00,24.00,11.00,61.00,2.00,26385408,95
308.04,1544433573,2472.97,51.48954490,7.40672198,183.45,13.19,0.17,77.67,1,-75.00,-6.00,23.00,9.00,62.00,2.00,26385408,95
309.04,1544433574,2486.14,51.48957310,7.40691461,183.35,13.21,0.02,77.77,1,-75.00,-6.00,23.00,9.00,62.00,2.00,26385408,95
310.04,1544433575,2499.35,51.48960187,7.40712130,183.66,13.10,-0.11,77.77,1,-73.00,-6.00,12.00,9.00,63.00,2.00,26385408,95
311.03,1544433576,2512.41,51.48962961,7.40731852,184.04,13.03,-0.07,78.36,1,-73.00,-6.00,12.00,9.00,63.00,2.00,26385408,95
312.05,1544433578,2525.61,51.48965371,7.40748690,184.15,13.00,-0.03,78.45,1,-74.00,-8.00,15.00,10.00,63.00,2.00,26385408,95
313.04,1544433578,2538.49,51.48968193,7.40768119,184.32,12.87,-0.14,79.34,1,-74.00,-8.00,15.00,10.00,63.00,2.00,26385408,95
314.04,1544433579,2551.35,51.48970518,7.40782733,183.97,12.93,0.07,79.80,1,-74.00,-8.00,15.00,10.00,63.00,2.00,26385408,95
315.04,1544433580,2564.31,51.48972535,7.40800948,183.46,13.36,0.43,80.80,1,-81.00,-8.00,12.00,13.00,57.00,2.00,26385408,95
316.04,1544433581,2577.65,51.48974481,7.40819879,182.77,13.18,-0.18,80.39,1,-81.00,-8.00,12.00,13.00,57.00,2.00,26385408,95
317.04,1544433582,2590.83,51.48976752,7.40838343,182.54,13.30,0.12,79.29,1,-81.00,-7.00,8.00,6.00,57.00,2.00,26385408,95
318.04,1544433583,2604.15,51.48979154,7.40858869,182.01,13.45,0.14,78.59,1,-81.00,-7.00,8.00,6.00,57.00,2.00,26385408,95
319.04,1544433584,2617.58,51.48981601,7.40878147,181.41,13.57,0.12,78.01,1,-80.00,-6.00,13.00,11.00,55.00,2.00,26385408,95
320.04,1544433585,2631.15,51.48983996,7.40896628,180.96,13.57,-0.00,77.99,1,-80.00,-6.00,13.00,11.00,55.00,2.00,26385408,95
321.04,1544433586,2644.77,51.48986716,7.40916009,180.45,13.59,0.03,78.13,1,-79.00,-5.00,16.00,10.00,57.00,2.00,26385408,95
322.04,1544433587,2658.29,51.48989322,7.40934752,179.90,13.66,0.06,78.37,1,-79.00,-5.00,16.00,10.00,57.00,2.00,26385408,95
323.03,1544433588,2671.93,51.48991898,7.40953328,179.26,13.57,-0.08,78.15,1,-74.00,-7.00,16.00,12.00,63.00,2.00,26385408,95
324.03,1544433589,2685.51,51.48994461,7.40972081,178.40,13.30,-0.27,78.78,1,-74.00,-7.00,16.00,12.00,63.00,2.00,26385408,95
325.03,1544433590,2698.81,51.48996744,7.40989480,177.30,13.02,-0.28,78.34,1,-78.00,-8.00,16.00,9.00,61.00,2.00,26385408,95
326.04,1544433591,2711.86,51.48999025,7.41007499,176.21,12.97,-0.05,78.69,1,-78.00,-8.00,16.00,9.00,61.00,2.00,26385408,95
327.04,1544433592,2724.83,51.49001149,7.41024965,175.24,12.96,-0.02,79.17,1,-80.00,-5.00,15.00,8.00,55.00,2.00,26385408,95
328.04,1544433593,2737.79,51.49003413,7.41042993,174.13,12.84,-0.12,78.56,1,-80.00,-5.00,15.00,8.00,55.00,2.00,26385408,95
329.04,1544433594,2750.62,51.49005761,7.41061060,173.08,12.71,-0.12,78.23,1,-78.00,-6.00,18.00,11.00,59.00,2.00,26385408,95
330.04,1544433595,2763.35,51.49008470,7.41078111,172.12,12.56,-0.15,77.28,1,-78.00,-6.00,18.00,11.00,59.00,2.00,26385408,95
331.04,1544433596,2775.92,51.49011157,7.41095555,171.21,12.45,-0.11,76.67,1,-85.00,-6.00,19.00,10.00,52.00,2.00,26385408,95
332.03,1544433597,2788.31,51.49013901,7.41113607,170.06,12.34,-0.11,77.31,1,-85.00,-6.00,19.00,10.00,52.00,2.00,26385408,95
333.04,1544433598,2800.70,51.49016571,7.41129903,168.96,12.33,-0.01,78.20,1,-82.00,-7.00,12.00,8.00,51.00,2.00,26385408,95
334.03,1544433599,2812.99,51.49018953,7.41147544,168.31,12.23,-0.09,78.99,1,-82.00,-7.00,12.00,8.00,51.00,2.00,26385408,95
335.04,1544433600,2825.26,51.49021223,7.41164480,167.95,12.18,-0.05,79.23,1,-82.00,-7.00,12.00,8.00,51.00,2.00,26385408,95
336.04,1544433601,2837.43,51.49023506,7.41182879,167.72,12.14,-0.04,78.74,1,-91.00,-7.00,9.00,8.00,45.00,2.00,26385408,95
