10.04,1544433275,126.39,51.49053406,7.41386852,160.59,13.13,0.00,78.54,0,-95.00,-7.00,0.00,0.00,44.00,0.00,0,167
11.04,1544433276,139.50,51.49055628,7.41406254,159.95,13.18,0.00,78.28,0,-95.00,-7.00,0.00,0.00,44.00,0.00,0,167
16.04,1544433281,204.89,51.49066195,7.41498470,157.81,12.79,0.00,80.47,0,-92.00,-7.00,0.00,0.00,47.00,0.00,0,167
17.04,1544433282,217.69,51.49067625,7.41516582,157.25,12.82,0.00,81.48,0,-92.00,-7.00,0.00,0.00,47.00,0.00,0,167
67.04,1544433332,404.60,51.49106567,7.41713712,160.22,9.13,0.00,350.24,0,-100.00,-7.00,0.00,0.00,39.00,0.00,0,95
67.04,1544433332,404.61,51.49106567,7.41713712,160.22,9.13,0.00,350.24,0,-100.00,-7.00,0.00,0.00,36.00,0.00,0,469
68.04,1544433333,413.73,51.49114979,7.41710483,160.39,9.10,0.00,349.78,0,-100.00,-7.00,0.00,0.00,39.00,0.00,0,95
68.04,1544433333,413.74,51.49114979,7.41710483,160.39,9.10,0.00,349.78,0,-100.00,-7.00,0.00,0.00,36.00,0.00,0,469
73.04,1544433338,462.14,51.49157245,7.41693180,159.18,9.56,0.00,348.64,0,-101.00,-12.00,0.00,0.00,42.00,0.00,0,222
73.04,1544433338,462.14,51.49157245,7.41693180,159.18,9.56,0.00,348.64,0,-100.00,-10.00,0.00,0.00,39.00,0.00,0,45
74.03,1544433339,471.68,51.49165909,7.41689399,159.07,9.91,0.00,346.93,0,-101.00,-12.00,0.00,0.00,42.00,0.00,0,222
74.04,1544433339,471.69,51.49165909,7.41689399,159.07,9.91,0.00,346.93,0,-100.00,-10.00,0.00,0.00,39.00,0.00,0,45
75.04,1544433340,481.69,51.49174002,7.41684288,159.35,10.00,0.00,344.76,0,-97.00,-11.00,0.00,0.00,44.00,0.00,0,45
76.04,1544433341,491.61,51.49182457,7.41678228,159.72,10.20,0.00,342.45,0,-97.00,-11.00,0.00,0.00,44.00,0.00,0,45
90.04,1544433355,658.98,51.49325727,7.41604899,152.13,12.65,0.00,350.99,0,-99.00,-12.00,0.00,0.00,45.00,0.00,0,165
90.04,1544433355,658.99,51.49325727,7.41604899,152.13,12.65,0.00,350.99,0,-101.00,-11.00,0.00,0.00,42.00,0.00,0,222
90.04,1544433355,659.00,51.49325727,7.41604899,152.13,12.65,0.00,350.99,0,-97.00,-9.00,0.00,0.00,42.00,0.00,0,45
91.05,1544433357,671.71,51.49337463,7.41600944,152.17,12.65,0.00,350.17,0,-99.00,-12.00,0.00,0.00,45.00,0.00,0,165
91.05,1544433357,671.72,51.49337463,7.41600944,152.17,12.65,0.00,350.17,0,-101.00,-11.00,0.00,0.00,42.00,0.00,0,222
91.05,1544433357,671.73,51.49337463,7.41600944,152.17,12.65,0.00,350.17,0,-97.00,-9.00,0.00,0.00,42.00,0.00,0,45
92.04,1544433357,684.27,51.49348330,7.41596464,151.75,12.62,0.00,349.69,0,-103.00,-15.00,0.00,0.00,44.00,0.00,0,165
93.04,1544433358,696.83,51.49359578,7.41591560,151.81,12.44,0.00,349.27,0,-103.00,-15.00,0.00,0.00,44.00,0.00,0,165
94.04,1544433359,709.33,51.49369972,7.41586407,152.07,11.99,0.00,348.28,0,-99.00,-14.00,0.00,0.00,47.00,0.00,0,165
94.04,1544433359,709.34,51.49369972,7.41586407,152.07,11.99,0.00,348.28,0,-99.00,-11.00,0.00,0.00,41.00,0.00,0,292
95.04,1544433360,721.28,51.49379666,7.41582499,152.35,11.13,0.00,348.71,0,-99.00,-14.00,0.00,0.00,47.00,0.00,0,165
95.04,1544433360,721.28,51.49379666,7.41582499,152.35,11.13,0.00,348.71,0,-99.00,-11.00,0.00,0.00,41.00,0.00,0,292
96.04,1544433361,732.41,51.49389650,7.41578773,152.77,10.79,0.00,348.71,0,-93.00,-12.00,0.00,0.00,51.00,0.00,0,165
96.04,1544433361,732.42,51.49389650,7.41578773,152.77,10.79,0.00,348.71,0,-94.00,-12.00,0.00,0.00,47.00,0.00,0,292
97.04,1544433362,743.24,51.49398804,7.41574748,153.35,10.03,0.00,346.62,0,-93.00,-12.00,0.00,0.00,51.00,0.00,0,165
97.04,1544433362,743.25,51.49398804,7.41574748,153.35,10.03,0.00,346.62,0,-94.00,-12.00,0.00,0.00,47.00,0.00,0,292
98.04,1544433363,753.27,51.49407130,7.41569991,153.87,9.27,0.00,344.50,0,-94.00,-12.00,0.00,0.00,48.00,0.00,0,165
98.04,1544433363,753.29,51.49407130,7.41569991,153.87,9.27,0.00,344.50,0,-93.00,-12.00,0.00,0.00,48.00,0.00,0,292
99.04,1544433364,762.54,51.49414789,7.41565647,153.63,8.33,0.00,344.94,0,-94.00,-12.00,0.00,0.00,48.00,0.00,0,165
99.04,1544433364,762.54,51.49414789,7.41565647,153.63,8.33,0.00,344.94,0,-93.00,-12.00,0.00,0.00,48.00,0.00,0,292
100.04,1544433365,770.87,51.49421173,7.41562613,153.02,7.24,0.00,346.30,0,-95.00,-13.00,0.00,0.00,50.00,0.00,0,418
100.04,1544433365,770.88,51.49421173,7.41562613,153.02,7.24,0.00,346.30,0,-95.00,-14.00,0.00,0.00,50.00,0.00,0,165
100.04,1544433365,770.89,51.49421173,7.41562613,153.02,7.24,0.00,346.30,0,-93.00,-12.00,0.00,0.00,47.00,0.00,0,349
100.04,1544433365,770.89,51.49421173,7.41562613,153.02,7.24,0.00,346.30,0,-94.00,-12.00,0.00,0.00,48.00,0.00,0,292
101.04,1544433366,778.12,51.49427568,7.41559044,153.30,5.60,0.00,346.13,0,-95.00,-13.00,0.00,0.00,50.00,0.00,0,418
101.04,1544433366,778.12,51.49427568,7.41559044,153.30,5.60,0.00,346.13,0,-95.00,-14.00,0.00,0.00,50.00,0.00,0,165
101.04,1544433366,778.13,51.49427568,7.41559044,153.30,5.60,0.00,346.13,0,-93.00,-12.00,0.00,0.00,47.00,0.00,0,349
101.05,1544433366,778.13,51.49427568,7.41559044,153.30,5.60,0.00,346.13,0,-94.00,-12.00,0.00,0.00,48.00,0.00,0,292
102.04,1544433367,783.72,51.49431236,7.41556766,153.83,4.59,0.00,346.48,0,-93.00,-11.00,0.00,0.00,50.00,0.00,0,165
102.04,1544433367,783.72,51.49431236,7.41556766,153.83,4.59,0.00,346.48,0,-91.00,-9.00,0.00,0.00,47.00,0.00,0,292
102.04,1544433367,783.72,51.49431236,7.41556766,153.83,4.59,0.00,346.48,0,-95.00,-13.00,0.00,0.00,47.00,0.00,0,349
103.04,1544433368,788.30,51.49434159,7.41554971,153.89,3.70,0.00,346.94,0,-93.00,-11.00,0.00,0.00,50.00,0.00,0,165
103.04,1544433368,788.30,51.49434159,7.41554971,153.89,3.70,0.00,346.94,0,-91.00,-9.00,0.00,0.00,47.00,0.00,0,292
103.04,1544433368,788.30,51.49434159,7.41554971,153.89,3.70,0.00,346.94,0,-95.00,-13.00,0.00,0.00,47.00,0.00,0,349
104.04,1544433369,792.00,51.49435323,7.41555061,153.96,1.86,0.00,348.41,0,-93.00,-11.00,0.00,0.00,50.00,0.00,0,165
104.04,1544433369,792.00,51.49435323,7.41555061,153.96,1.86,0.00,348.41,0,-91.00,-9.00,0.00,0.00,47.00,0.00,0,292
104.04,1544433369,792.00,51.49435323,7.41555061,153.96,1.86,0.00,348.41,0,-95.00,-13.00,0.00,0.00,47.00,0.00,0,349
105.04,1544433370,793.86,51.49435323,7.41555061,153.96,0.00,0.00,348.41,0,-95.00,-10.00,0.00,0.00,47.00,0.00,0,165
105.04,1544433370,793.86,51.49435323,7.41555061,153.96,0.00,0.00,348.41,0,-97.00,-11.00,0.00,0.00,46.00,0.00,0,418
105.04,1544433370,793.86,51.49435323,7.41555061,153.96,0.00,0.00,348.41,0,-93.00,-10.00,0.00,0.00,45.00,0.00,0,292
105.04,1544433370,793.86,51.49435323,7.41555061,153.96,0.00,0.00,348.41,0,-94.00,-9.00,0.00,0.00,44.00,0.00,0,349
106.04,1544433371,793.86,51.49435323,7.41555061,153.96,0.00,0.00,348.41,0,-95.00,-10.00,0.00,0.00,47.00,0.00,0,165
106.04,1544433371,793.86,51.49435323,7.41555061,153.96,0.00,0.00,348.41,0,-97.00,-11.00,0.00,0.00,46.00,0.00,0,418
106.04,1544433371,793.86,51.49435323,7.41555061,153.96,0.00,0.00,348.41,0,-93.00,-10.00,0.00,0.00,45.00,0.00,0,292
106.04,1544433371,793.86,51.49435323,7.41555061,153.96,0.00,0.00,348.41,0,-94.00,-9.00,0.00,0.00,44.00,0.00,0,349
107.04,1544433372,793.86,51.49435323,7.41555061,153.95,0.00,0.00,348.41,0,-95.00,-9.00,0.00,0.00,46.00,0.00,0,418
107.04,1544433372,793.86,51.49435323,7.41555061,153.95,0.00,0.00,348.41,0,-97.00,-12.00,0.00,0.00,46.00,0.00,0,165
107.04,1544433372,793.86,51.49435323,7.41555061,153.95,0.00,0.00,348.41,0,-93.00,-9.00,0.00,0.00,44.00,0.00,0,349
107.04,1544433372,793.86,51.49435323,7.41555061,153.95,0.00,0.00,348.41,0,-93.00,-9.00,0.00,0.00,44.00,0.00,0,292
108.04,1544433373,793.86,51.49435323,7.41555061,153.93,0.00,0.00,348.41,0,-95.00,-9.00,0.00,0.00,46.00,0.00,0,418
108.04,1544433373,793.86,51.49435323,7.41555061,153.93,0.00,0.00,348.41,0,-97.00,-12.00,0.00,0.00,46.00,0.00,0,165
108.04,1544433373,793.86,51.49435323,7.41555061,153.93,0.00,0.00,348.41,0,-93.00,-9.00,0.00,0.00,44.00,0.00,0,349
108.04,1544433373,793.86,51.49435323,7.41555061,153.93,0.00,0.00,348.41,0,-93.00,-9.00,0.00,0.00,44.00,0.00,0,292
109.04,1544433374,793.86,51.49435323,7.41555061,153.92,0.00,0.00,348.41,0,-96.00,-10.00,0.00,0.00,46.00,0.00,0,418
109.04,1544433374,793.86,51.49435323,7.41555061,153.92,0.00,0.00,348.41,0,-96.00,-11.00,0.00,0.00,46.00,0.00,0,165
109.04,1544433374,793.86,51.49435323,7.41555061,153.92,0.00,0.00,348.41,0,-91.00,-10.00,0.00,0.00,46.00,0.00,0,349
109.04,1544433374,793.86,51.49435323,7.41555061,153.92,0.00,0.00,348.41,0,-93.00,-10.00,0.00,0.00,46.00,0.00,0,292
110.04,1544433375,793.86,51.49435323,7.41555061,153.90,0.00,0.00,348.41,0,-96.00,-10.00,0.00,0.00,46.00,0.00,0,418
110.04,1544433375,793.86,51.49435323,7.41555061,153.90,0.00,0.00,348.41,0,-96.00,-11.00,0.00,0.00,46.00,0.00,0,165
110.04,1544433375,793.86,51.49435323,7.41555061,153.90,0.00,0.00,348.41,0,-91.00,-10.00,0.00,0.00,46.00,0.00,0,349
110.04,1544433375,793.86,51.49435323,7.41555061,153.90,0.00,0.00,348.41,0,-93.00,-10.00,0.00,0.00,46.00,0.00,0,292
111.04,1544433376,793.86,51.49435323,7.41555061,153.87,0.00,0.00,348.41,0,-95.00,-10.00,0.00,0.00,47.00,0.00,0,418
111.04,1544433376,793.86,51.49435323,7.41555061,153.87,0.00,0.00,348.41,0,-96.00,-12.00,0.00,0.00,48.00,0.00,0,165
111.04,1544433376,793.86,51.49435323,7.41555061,153.87,0.00,0.00,348.41,0,-91.00,-9.00,0.00,0.00,46.00,0.00,0,349
111.04,1544433376,793.86,51.49435323,7.41555061,153.87,0.00,0.00,348.41,0,-93.00,-10.00,0.00,0.00,46.00,0.00,0,292
112.04,1544433377,793.86,51.49435323,7.41555061,153.84,0.00,0.00,348.41,0,-95.00,-10.00,0.00,0.00,47.00,0.00,0,418
112.04,1544433377,793.86,51.49435323,7.41555061,153.84,0.00,0.00,348.41,0,-96.00,-12.00,0.00,0.00,48.00,0.00,0,165
112.04,1544433377,793.86,51.49435323,7.41555061,153.84,0.00,0.00,348.41,0,-91.00,-9.00,0.00,0.00,46.00,0.00,0,349
112.04,1544433377,793.86,51.49435323,7.41555061,153.84,0.00,0.00,348.41,0,-93.00,-10.00,0.00,0.00,46.00,0.00,0,292
113.04,1544433378,793.86,51.49435323,7.41555061,153.81,0.00,0.00,348.41,0,-96.00,-12.00,0.00,0.00,48.00,0.00,0,418
113.04,1544433378,793.86,51.49435323,7.41555061,153.81,0.00,0.00,348.41,0,-96.00,-13.00,0.00,0.00,48.00,0.00,0,165
113.04,1544433378,793.86,51.49435323,7.41555061,153.81,0.00,0.00,348.41,0,-92.00,-10.00,0.00,0.00,46.00,0.00,0,349
113.04,1544433378,793.86,51.49435323,7.41555061,153.81,0.00,0.00,348.41,0,-93.00,-9.00,0.00,0.00,46.00,0.00,0,292
114.04,1544433379,793.86,51.49435323,7.41555061,153.77,0.00,0.00,348.41,0,-96.00,-12.00,0.00,0.00,48.00,0.00,0,418
114.04,1544433379,793.86,51.49435323,7.41555061,153.77,0.00,0.00,348.41,0,-96.00,-13.00,0.00,0.00,48.00,0.00,0,165
114.04,1544433379,793.86,51.49435323,7.41555061,153.77,0.00,0.00,348.41,0,-92.00,-10.00,0.00,0.00,46.00,0.00,0,349
114.04,1544433379,793.86,51.49435323,7.41555061,153.77,0.00,0.00,348.41,0,-93.00,-9.00,0.00,0.00,46.00,0.00,0,292
115.04,1544433380,793.86,51.49435323,7.41555061,153.73,0.00,0.00,348.41,0,-93.00,-11.00,0.00,0.00,49.00,0.00,0,418
115.04,1544433380,793.86,51.49435323,7.41555061,153.73,0.00,0.00,348.41,0,-96.00,-13.00,0.00,0.00,48.00,0.00,0,165
115.04,1544433380,793.86,51.49435323,7.41555061,153.73,0.00,0.00,348.41,0,-91.00,-10.00,0.00,0.00,46.00,0.00,0,349
115.04,1544433380,793.86,51.49435323,7.41555061,153.73,0.00,0.00,348.41,0,-93.00,-10.00,0.00,0.00,46.00,0.00,0,292
116.04,1544433381,793.86,51.49435323,7.41555061,153.69,0.00,0.00,348.41,0,-93.00,-11.00,0.00,0.00,49.00,0.00,0,418
116.04,1544433381,793.86,51.49435323,7.41555061,153.69,0.00,0.00,348.41,0,-96.00,-13.00,0.00,0.00,48.00,0.00,0,165
116.04,1544433381,793.86,51.49435323,7.41555061,153.69,0.00,0.00,348.41,0,-91.00,-10.00,0.00,0.00,46.00,0.00,0,349
116.04,1544433381,793.86,51.49435323,7.41555061,153.69,0.00,0.00,348.41,0,-93.00,-10.00,0.00,0.00,46.00,0.00,0,292
117.04,1544433382,793.86,51.49435323,7.41555061,153.64,0.00,0.00,348.41,0,-95.00,-13.00,0.00,0.00,50.00,0.00,0,418
117.04,1544433382,793.86,51.49435323,7.41555061,153.64,0.00,0.00,348.41,0,-95.00,-14.00,0.00,0.00,50.00,0.00,0,165
117.04,1544433382,793.86,51.49435323,7.41555061,153.64,0.00,0.00,348.41,0,-92.00,-10.00,0.00,0.00,46.00,0.00,0,349
117.04,1544433382,793.86,51.49435323,7.41555061,153.64,0.00,0.00,348.41,0,-93.00,-10.00,0.00,0.00,46.00,0.00,0,292
118.04,1544433383,793.86,51.49435323,7.41555061,153.59,0.00,0.00,348.41,0,-95.00,-13.00,0.00,0.00,50.00,0.00,0,418
118.04,1544433383,793.86,51.49435323,7.41555061,153.59,0.00,0.00,348.41,0,-95.00,-14.00,0.00,0.00,50.00,0.00,0,165
118.04,1544433383,793.86,51.49435323,7.41555061,153.59,0.00,0.00,348.41,0,-92.00,-10.00,0.00,0.00,46.00,0.00,0,349
118.04,1544433383,793.86,51.49435323,7.41555061,153.59,0.00,0.00,348.41,0,-93.00,-10.00,0.00,0.00,46.00,0.00,0,292
119.04,1544433384,793.86,51.49435323,7.41555061,153.54,0.00,0.00,348.41,0,-98.00,-10.00,0.00,0.00,44.00,0.00,0,418
119.04,1544433384,793.86,51.49435323,7.41555061,153.54,0.00,0.00,348.41,0,-100.00,-13.00,0.00,0.00,45.00,0.00,0,165
119.04,1544433384,793.86,51.49435323,7.41555061,153.54,0.00,0.00,348.41,0,-95.00,-9.00,0.00,0.00,42.00,0.00,0,349
119.04,1544433384,793.86,51.49435323,7.41555061,153.54,0.00,0.00,348.41,0,-97.00,-10.00,0.00,0.00,42.00,0.00,0,292
120.04,1544433385,793.86,51.49435323,7.41555061,153.49,0.00,0.00,348.41,0,-98.00,-10.00,0.00,0.00,44.00,0.00,0,418
120.04,1544433385,793.86,51.49435323,7.41555061,153.49,0.00,0.00,348.41,0,-100.00,-13.00,0.00,0.00,45.00,0.00,0,165
120.04,1544433385,793.86,51.49435323,7.41555061,153.49,0.00,0.00,348.41,0,-95.00,-9.00,0.00,0.00,42.00,0.00,0,349
120.04,1544433385,793.86,51.49435323,7.41555061,153.49,0.00,0.00,348.41,0,-97.00,-10.00,0.00,0.00,42.00,0.00,0,292
121.04,1544433386,793.86,51.49435323,7.41555061,153.44,0.00,0.00,348.41,0,-94.00,-10.00,0.00,0.00,47.00,0.00,0,418
121.04,1544433386,793.86,51.49435323,7.41555061,153.44,0.00,0.00,348.41,0,-95.00,-11.00,0.00,0.00,47.00,0.00,0,165
121.04,1544433386,793.86,51.49435323,7.41555061,153.44,0.00,0.00,348.41,0,-93.00,-9.00,0.00,0.00,45.00,0.00,0,349
121.04,1544433386,793.86,51.49435323,7.41555061,153.44,0.00,0.00,348.41,0,-95.00,-10.00,0.00,0.00,44.00,0.00,0,292
122.04,1544433387,793.86,51.49435323,7.41555061,153.00,0.00,0.00,348.41,0,-94.00,-10.00,0.00,0.00,47.00,0.00,0,418
122.04,1544433387,793.86,51.49435323,7.41555061,153.00,0.00,0.00,348.41,0,-95.00,-11.00,0.00,0.00,47.00,0.00,0,165
122.04,1544433387,793.86,51.49435323,7.41555061,153.00,0.00,0.00,348.41,0,-93.00,-9.00,0.00,0.00,45.00,0.00,0,349
122.04,1544433387,793.86,51.49435323,7.41555061,153.00,0.00,0.00,348.41,0,-95.00,-10.00,0.00,0.00,44.00,0.00,0,292
123.04,1544433388,793.86,51.49435323,7.41555061,152.59,0.00,0.00,348.41,0,-95.00,-11.00,0.00,0.00,47.00,0.00,0,165
123.04,1544433388,793.86,51.49435323,7.41555061,152.59,0.00,0.00,348.41,0,-97.00,-12.00,0.00,0.00,46.00,0.00,0,418
123.04,1544433388,793.86,51.49435323,7.41555061,152.59,0.00,0.00,348.41,0,-94.00,-10.00,0.00,0.00,44.00,0.00,0,292
123.04,1544433388,793.86,51.49435323,7.41555061,152.59,0.00,0.00,348.41,0,-97.00,-10.00,0.00,0.00,42.00,0.00,0,349
124.04,1544433389,793.86,51.49435323,7.41555061,152.22,0.00,0.00,349.77,0,-95.00,-11.00,0.00,0.00,47.00,0.00,0,165
124.04,1544433389,793.86,51.49435323,7.41555061,152.22,0.00,0.00,349.77,0,-97.00,-12.00,0.00,0.00,46.00,0.00,0,418
124.04,1544433389,793.86,51.49435323,7.41555061,152.22,0.00,0.00,349.77,0,-94.00,-10.00,0.00,0.00,44.00,0.00,0,292
124.04,1544433389,793.86,51.49435323,7.41555061,152.22,0.00,0.00,349.77,0,-97.00,-10.00,0.00,0.00,42.00,0.00,0,349
125.04,1544433390,793.86,51.49435323,7.41555061,151.86,0.00,0.00,4.66,0,-95.00,-11.00,0.00,0.00,47.00,0.00,0,165
125.04,1544433390,793.86,51.49435323,7.41555061,151.86,0.00,0.00,4.66,0,-97.00,-12.00,0.00,0.00,46.00,0.00,0,418
125.04,1544433390,793.86,51.49435323,7.41555061,151.86,0.00,0.00,4.66,0,-94.00,-10.00,0.00,0.00,44.00,0.00,0,292
125.04,1544433390,793.86,51.49435323,7.41555061,151.86,0.00,0.00,4.66,0,-97.00,-10.00,0.00,0.00,42.00,0.00,0,349
126.04,1544433391,793.87,51.49442741,7.41556697,151.53,2.81,0.00,346.69,0,-93.00,-10.00,0.00,0.00,50.00,0.00,0,165
126.04,1544433391,793.87,51.49442741,7.41556697,151.53,2.81,0.00,346.69,0,-95.00,-12.00,0.00,0.00,49.00,0.00,0,418
126.04,1544433391,793.87,51.49442741,7.41556697,151.53,2.81,0.00,346.69,0,-92.00,-10.00,0.00,0.00,48.00,0.00,0,292
126.05,1544433391,793.87,51.49442741,7.41556697,151.53,2.81,0.00,346.69,0,-94.00,-11.00,0.00,0.00,47.00,0.00,0,349
127.04,1544433392,796.66,51.49445482,7.41556649,151.22,1.70,0.00,348.42,0,-93.00,-10.00,0.00,0.00,50.00,0.00,0,165
127.04,1544433392,796.67,51.49445482,7.41556649,151.22,1.70,0.00,348.42,0,-95.00,-12.00,0.00,0.00,49.00,0.00,0,418
127.04,1544433392,796.67,51.49445482,7.41556649,151.22,1.70,0.00,348.42,0,-92.00,-10.00,0.00,0.00,48.00,0.00,0,292
127.04,1544433392,796.67,51.49445482,7.41556649,151.22,1.70,0.00,348.42,0,-94.00,-11.00,0.00,0.00,47.00,0.00,0,349
128.04,1544433393,798.36,51.49446821,7.41556872,150.95,0.69,0.00,348.42,0,-96.00,-10.00,0.00,0.00,46.00,0.00,0,165
128.04,1544433393,798.36,51.49446821,7.41556872,150.95,0.69,0.00,348.42,0,-93.00,-10.00,0.00,0.00,45.00,0.00,0,292
128.04,1544433393,798.36,51.49446821,7.41556872,150.95,0.69,0.00,348.42,0,-98.00,-12.00,0.00,0.00,42.00,0.00,0,349
129.04,1544433394,799.05,51.49446821,7.41556872,150.93,0.00,0.00,348.42,0,-96.00,-10.00,0.00,0.00,46.00,0.00,0,165
129.04,1544433394,799.05,51.49446821,7.41556872,150.93,0.00,0.00,348.42,0,-93.00,-10.00,0.00,0.00,45.00,0.00,0,292
129.04,1544433394,799.05,51.49446821,7.41556872,150.93,0.00,0.00,348.42,0,-98.00,-12.00,0.00,0.00,42.00,0.00,0,349
130.04,1544433395,799.05,51.49446821,7.41556872,150.76,0.00,0.00,348.42,0,-91.00,-8.00,0.00,0.00,49.00,0.00,0,165
130.04,1544433395,799.05,51.49446821,7.41556872,150.76,0.00,0.00,348.42,0,-92.00,-8.00,0.00,0.00,45.00,0.00,0,292
130.04,1544433395,799.05,51.49446821,7.41556872,150.76,0.00,0.00,348.42,0,-97.00,-12.00,0.00,0.00,44.00,0.00,0,349
131.04,1544433396,799.05,51.49446821,7.41556872,150.64,0.00,0.00,335.27,0,-91.00,-8.00,0.00,0.00,49.00,0.00,0,165
131.04,1544433396,799.05,51.49446821,7.41556872,150.64,0.00,0.00,335.27,0,-92.00,-8.00,0.00,0.00,45.00,0.00,0,292
131.05,1544433396,799.05,51.49446821,7.41556872,150.64,0.00,0.00,335.27,0,-97.00,-12.00,0.00,0.00,44.00,0.00,0,349
132.04,1544433397,799.05,51.49446821,7.41556872,150.48,0.00,0.00,312.86,0,-89.00,-9.00,0.00,0.00,52.00,0.00,0,165
132.04,1544433397,799.05,51.49446821,7.41556872,150.48,0.00,0.00,312.86,0,-90.00,-9.00,0.00,0.00,48.00,0.00,0,292
132.04,1544433397,799.05,51.49446821,7.41556872,150.48,0.00,0.00,312.86,0,-95.00,-12.00,0.00,0.00,45.00,0.00,0,349
133.04,1544433398,799.06,51.49453920,7.41543983,150.19,6.02,0.00,290.84,0,-89.00,-9.00,0.00,0.00,52.00,0.00,0,165
133.04,1544433398,799.06,51.49453920,7.41543983,150.19,6.02,0.00,290.84,0,-90.00,-9.00,0.00,0.00,48.00,0.00,0,292
133.04,1544433398,799.07,51.49453920,7.41543983,150.19,6.02,0.00,290.84,0,-95.00,-12.00,0.00,0.00,45.00,0.00,0,349
134.04,1544433399,805.07,51.49453103,7.41531407,150.23,6.93,0.00,256.03,0,-92.00,-10.00,0.00,0.00,50.00,0.00,0,165
134.04,1544433399,805.08,51.49453103,7.41531407,150.23,6.93,0.00,256.03,0,-98.00,-15.00,0.00,0.00,49.00,0.00,0,418
134.04,1544433399,805.08,51.49453103,7.41531407,150.23,6.93,0.00,256.03,0,-92.00,-10.00,0.00,0.00,47.00,0.00,0,292
134.04,1544433399,805.08,51.49453103,7.41531407,150.23,6.93,0.00,256.03,0,-96.00,-12.00,0.00,0.00,45.00,0.00,0,349
135.04,1544433400,812.04,51.49451494,7.41519561,150.55,8.23,0.00,256.37,0,-92.00,-10.00,0.00,0.00,50.00,0.00,0,165
135.04,1544433400,812.05,51.49451494,7.41519561,150.55,8.23,0.00,256.37,0,-98.00,-15.00,0.00,0.00,49.00,0.00,0,418
135.04,1544433400,812.05,51.49451494,7.41519561,150.55,8.23,0.00,256.37,0,-92.00,-10.00,0.00,0.00,47.00,0.00,0,292
135.05,1544433401,812.13,51.49451494,7.41519561,150.55,8.23,0.00,256.37,0,-96.00,-12.00,0.00,0.00,45.00,0.00,0,349
136.04,1544433401,820.26,51.49449641,7.41505713,150.91,9.54,0.00,257.46,0,-93.00,-12.00,0.00,0.00,51.00,0.00,0,165
136.04,1544433401,820.27,51.49449641,7.41505713,150.91,9.54,0.00,257.46,0,-91.00,-9.00,0.00,0.00,48.00,0.00,0,292
136.04,1544433401,820.28,51.49449641,7.41505713,150.91,9.54,0.00,257.46,0,-97.00,-13.00,0.00,0.00,46.00,0.00,0,349
137.04,1544433402,829.80,51.49447894,7.41492243,151.59,10.48,0.00,257.91,0,-93.00,-12.00,0.00,0.00,51.00,0.00,0,165
137.04,1544433402,829.81,51.49447894,7.41492243,151.59,10.48,0.00,257.91,0,-91.00,-9.00,0.00,0.00,48.00,0.00,0,292
137.04,1544433402,829.82,51.49447894,7.41492243,151.59,10.48,0.00,257.91,0,-97.00,-13.00,0.00,0.00,46.00,0.00,0,349
138.04,1544433403,840.28,51.49445774,7.41475211,152.12,10.82,0.00,258.50,0,-97.00,-10.00,0.00,0.00,44.00,0.00,0,165
138.04,1544433403,840.29,51.49445774,7.41475211,152.12,10.82,0.00,258.50,0,-95.00,-10.00,0.00,0.00,43.00,0.00,0,292
139.04,1544433404,851.09,51.49443538,7.41458930,152.72,11.64,0.00,258.49,0,-97.00,-10.00,0.00,0.00,44.00,0.00,0,165
139.04,1544433404,851.10,51.49443538,7.41458930,152.72,11.64,0.00,258.49,0,-95.00,-10.00,0.00,0.00,43.00,0.00,0,292
144.05,1544433410,912.43,51.49431903,7.41372884,156.55,12.39,0.00,256.96,0,-93.00,-13.00,0.00,0.00,50.00,0.00,0,291
145.04,1544433410,924.71,51.49429414,7.41354825,157.44,12.45,0.00,257.39,0,-93.00,-13.00,0.00,0.00,50.00,0.00,0,291
146.04,1544433411,937.13,51.49427105,7.41337306,158.47,12.53,0.00,258.29,0,-93.00,-13.00,0.00,0.00,50.00,0.00,0,291
147.04,1544433412,949.67,51.49424828,7.41319136,159.52,12.97,0.00,258.56,0,-90.00,-8.00,0.00,0.00,50.00,0.00,0,167
147.04,1544433412,949.68,51.49424828,7.41319136,159.52,12.97,0.00,258.56,0,-89.00,-9.00,0.00,0.00,49.00,0.00,0,291
148.04,1544433413,962.63,51.49422430,7.41300960,160.26,13.12,0.00,257.76,0,-90.00,-8.00,0.00,0.00,50.00,0.00,0,167
148.04,1544433413,962.64,51.49422430,7.41300960,160.26,13.12,0.00,257.76,0,-89.00,-9.00,0.00,0.00,49.00,0.00,0,291
163.04,1544433428,1163.70,51.49385837,7.41015385,166.97,13.71,0.00,257.88,0,-88.00,-12.00,0.00,0.00,53.00,0.00,0,293
164.04,1544433429,1177.39,51.49383707,7.40996854,166.78,13.79,0.00,257.84,0,-88.00,-12.00,0.00,0.00,53.00,0.00,0,293
165.05,1544433431,1191.30,51.49381440,7.40978047,166.63,13.63,0.00,257.93,0,-89.00,-11.00,0.00,0.00,53.00,0.00,0,166
165.05,1544433431,1191.31,51.49381440,7.40978047,166.63,13.63,0.00,257.93,0,-91.00,-11.00,0.00,0.00,48.00,0.00,0,293
166.04,1544433431,1204.84,51.49378932,7.40958885,166.39,13.49,0.00,257.78,0,-89.00,-11.00,0.00,0.00,53.00,0.00,0,166
166.04,1544433431,1204.84,51.49378932,7.40958885,166.39,13.49,0.00,257.78,0,-91.00,-11.00,0.00,0.00,48.00,0.00,0,293
167.04,1544433432,1218.32,51.49376228,7.40938813,166.43,13.65,0.00,258.20,0,-89.00,-11.00,0.00,0.00,53.00,0.00,0,166
167.04,1544433432,1218.34,51.49376228,7.40938813,166.43,13.65,0.00,258.20,0,-91.00,-11.00,0.00,0.00,48.00,0.00,0,293
168.04,1544433433,1231.97,51.49373492,7.40919138,166.60,13.73,0.00,258.01,0,-85.00,-12.00,0.00,0.00,59.00,0.00,0,166
168.04,1544433433,1231.97,51.49373492,7.40919138,166.60,13.73,0.00,258.01,0,-85.00,-11.00,0.00,0.00,55.00,0.00,0,293
169.04,1544433434,1245.70,51.49370865,7.40901399,166.71,13.39,0.00,257.83,0,-85.00,-12.00,0.00,0.00,59.00,0.00,0,166
169.04,1544433434,1245.70,51.49370865,7.40901399,166.71,13.39,0.00,257.83,0,-85.00,-11.00,0.00,0.00,55.00,0.00,0,293
170.04,1544433435,1259.08,51.49368238,7.40882097,166.94,13.35,0.00,257.52,0,-85.00,-11.00,0.00,0.00,58.00,0.00,0,166
170.04,1544433435,1259.09,51.49368238,7.40882097,166.94,13.35,0.00,257.52,0,-81.00,-11.00,0.00,0.00,59.00,0.00,0,293
171.04,1544433436,1272.46,51.49365678,7.40862976,167.12,13.59,0.00,257.89,0,-85.00,-11.00,0.00,0.00,58.00,0.00,0,166
171.04,1544433436,1272.47,51.49365678,7.40862976,167.12,13.59,0.00,257.89,0,-81.00,-11.00,0.00,0.00,59.00,0.00,0,293
172.04,1544433437,1286.03,51.49363095,7.40843866,167.45,13.74,0.00,258.41,0,-83.00,-8.00,0.00,0.00,57.00,0.00,0,166
172.04,1544433437,1286.03,51.49363095,7.40843866,167.45,13.74,0.00,258.41,0,-82.00,-8.00,0.00,0.00,54.00,0.00,0,293
173.04,1544433438,1299.77,51.49360352,7.40825040,167.84,13.88,0.00,258.62,0,-83.00,-8.00,0.00,0.00,57.00,0.00,0,166
173.04,1544433438,1299.77,51.49360352,7.40825040,167.84,13.88,0.00,258.62,0,-82.00,-8.00,0.00,0.00,54.00,0.00,0,293
174.04,1544433439,1313.66,51.49357638,7.40805125,168.28,14.16,0.00,258.57,0,-85.00,-10.00,0.00,0.00,57.00,0.00,0,165
174.04,1544433439,1313.67,51.49357638,7.40805125,168.28,14.16,0.00,258.57,0,-86.00,-11.00,0.00,0.00,54.00,0.00,0,292
175.04,1544433440,1327.82,51.49354865,7.40784014,168.58,14.49,0.00,258.71,0,-85.00,-10.00,0.00,0.00,57.00,0.00,0,165
175.04,1544433440,1327.82,51.49354865,7.40784014,168.58,14.49,0.00,258.71,0,-86.00,-11.00,0.00,0.00,54.00,0.00,0,292
176.04,1544433441,1342.32,51.49352164,7.40762981,168.84,14.94,0.00,258.14,0,-89.00,-13.00,0.00,0.00,56.00,0.00,0,165
176.04,1544433441,1342.33,51.49352164,7.40762981,168.84,14.94,0.00,258.14,0,-86.00,-12.00,0.00,0.00,54.00,0.00,0,292
177.04,1544433442,1357.24,51.49349305,7.40741353,169.11,15.02,0.00,257.82,0,-89.00,-13.00,0.00,0.00,56.00,0.00,0,165
177.04,1544433442,1357.26,51.49349305,7.40741353,169.11,15.02,0.00,257.82,0,-86.00,-12.00,0.00,0.00,54.00,0.00,0,292
191.04,1544433456,1564.02,51.49310395,7.40450542,168.17,14.45,0.00,258.18,0,-93.00,-7.00,0.00,0.00,44.00,0.00,0,468
192.04,1544433457,1578.43,51.49307804,7.40429911,168.20,14.26,0.00,258.59,0,-93.00,-7.00,0.00,0.00,44.00,0.00,0,468
193.04,1544433458,1592.69,51.49305436,7.40409516,168.35,13.76,0.00,258.55,0,-95.00,-13.00,0.00,0.00,48.00,0.00,0,94
193.04,1544433458,1592.71,51.49305436,7.40409516,168.35,13.76,0.00,258.55,0,-93.00,-8.00,0.00,0.00,45.00,0.00,0,468
194.04,1544433459,1606.45,51.49303163,7.40390680,168.41,13.55,0.00,258.98,0,-95.00,-13.00,0.00,0.00,48.00,0.00,0,94
194.04,1544433459,1606.45,51.49303163,7.40390680,168.41,13.55,0.00,258.98,0,-93.00,-8.00,0.00,0.00,45.00,0.00,0,468
195.04,1544433460,1620.06,51.49301463,7.40372650,168.02,13.30,0.00,260.21,0,-95.00,-12.00,0.00,0.00,48.00,0.00,0,94
195.04,1544433460,1620.07,51.49301463,7.40372650,168.02,13.30,0.00,260.21,0,-92.00,-7.00,0.00,0.00,44.00,0.00,0,468
196.04,1544433461,1633.35,51.49299983,7.40352913,167.72,13.32,0.00,261.98,0,-95.00,-12.00,0.00,0.00,48.00,0.00,0,94
196.04,1544433461,1633.36,51.49299983,7.40352913,167.72,13.32,0.00,261.98,0,-92.00,-7.00,0.00,0.00,44.00,0.00,0,468
197.04,1544433462,1646.65,51.49299135,7.40332425,167.63,13.42,0.00,263.91,0,-92.00,-9.00,0.00,0.00,48.00,0.00,0,94
197.04,1544433462,1646.66,51.49299135,7.40332425,167.63,13.42,0.00,263.91,0,-89.00,-6.00,0.00,0.00,46.00,0.00,0,468
198.04,1544433463,1660.09,51.49298489,7.40312993,167.56,13.21,0.00,265.56,0,-92.00,-9.00,0.00,0.00,48.00,0.00,0,94
198.04,1544433463,1660.10,51.49298489,7.40312993,167.56,13.21,0.00,265.56,0,-89.00,-6.00,0.00,0.00,46.00,0.00,0,468
199.04,1544433464,1673.29,51.49298988,7.40297145,167.33,12.44,0.00,266.84,0,-95.00,-10.00,0.00,0.00,47.00,0.00,0,94
199.04,1544433464,1673.30,51.49298988,7.40297145,167.33,12.44,0.00,266.84,0,-93.00,-6.00,0.00,0.00,42.00,0.00,0,468
200.04,1544433465,1685.74,51.49299094,7.40278188,167.25,11.32,0.00,267.89,0,-95.00,-10.00,0.00,0.00,47.00,0.00,0,94
200.04,1544433465,1685.75,51.49299094,7.40278188,167.25,11.32,0.00,267.89,0,-93.00,-6.00,0.00,0.00,42.00,0.00,0,468
201.04,1544433466,1697.07,51.49299394,7.40263926,166.64,10.23,0.00,269.00,0,-93.00,-7.00,0.00,0.00,45.00,0.00,0,94
201.04,1544433466,1697.08,51.49299394,7.40263926,166.64,10.23,0.00,269.00,0,-91.00,-6.00,0.00,0.00,44.00,0.00,0,468
202.04,1544433467,1707.25,51.49299606,7.40250197,165.77,9.50,0.00,269.92,0,-93.00,-7.00,0.00,0.00,45.00,0.00,0,94
202.04,1544433467,1707.25,51.49299606,7.40250197,165.77,9.50,0.00,269.92,0,-91.00,-6.00,0.00,0.00,44.00,0.00,0,468
203.04,1544433468,1716.78,51.49300009,7.40237782,164.88,8.29,0.00,270.49,0,-98.00,-9.00,0.00,0.00,44.00,0.00,0,166
204.04,1544433469,1725.07,51.49300294,7.40227498,163.69,6.94,0.00,270.89,0,-98.00,-9.00,0.00,0.00,44.00,0.00,0,166
216.04,1544433481,1741.62,51.49301200,7.40192192,161.74,6.07,0.00,273.66,0,-97.00,-13.00,0.00,0.00,48.00,0.00,0,264
216.04,1544433481,1741.62,51.49301200,7.40192192,161.74,6.07,0.00,273.66,0,-99.00,-13.00,0.00,0.00,46.00,0.00,0,166
217.04,1544433482,1747.69,51.49299035,7.40185882,161.64,6.63,0.00,243.04,0,-97.00,-13.00,0.00,0.00,48.00,0.00,0,264
217.04,1544433482,1747.69,51.49299035,7.40185882,161.64,6.63,0.00,243.04,0,-99.00,-13.00,0.00,0.00,46.00,0.00,0,166
218.04,1544433483,1754.30,51.49293135,7.40179060,161.72,6.02,0.00,210.17,0,-98.00,-11.00,0.00,0.00,46.00,0.00,0,166
219.04,1544433484,1760.34,51.49286913,7.40175866,162.06,7.03,0.00,193.73,0,-98.00,-11.00,0.00,0.00,46.00,0.00,0,166
226.04,1544433491,1829.64,51.49222499,7.40176156,166.67,12.29,0.00,179.55,0,-97.00,-9.00,0.00,0.00,45.00,0.00,0,166
227.04,1544433492,1841.92,51.49211373,7.40176116,167.11,12.11,0.00,180.30,0,-97.00,-9.00,0.00,0.00,45.00,0.00,0,166
294.04,1544433559,2299.25,51.48939202,7.40425830,183.07,13.06,0.00,89.07,0,-74.00,-9.00,0.00,0.00,63.00,0.00,0,95
294.04,1544433559,2299.25,51.48939202,7.40425830,183.07,13.06,0.00,89.07,0,-80.00,-9.00,0.00,0.00,61.00,0.00,0,426
295.04,1544433560,2312.36,51.48939535,7.40445197,183.37,12.89,0.00,88.43,0,-74.00,-9.00,0.00,0.00,63.00,0.00,0,95
295.04,1544433560,2312.38,51.48939535,7.40445197,183.37,12.89,0.00,88.43,0,-80.00,-9.00,0.00,0.00,61.00,0.00,0,426
296.04,1544433561,2325.24,51.48939821,7.40464150,183.78,12.44,0.00,89.09,0,-76.00,-8.00,0.00,0.00,63.00,0.00,0,95
296.04,1544433561,2325.25,51.48939821,7.40464150,183.78,12.44,0.00,89.09,0,-81.00,-7.00,0.00,0.00,58.00,0.00,0,426
297.04,1544433562,2337.67,51.48940328,7.40479751,183.97,12.52,0.00,90.19,0,-76.00,-8.00,0.00,0.00,63.00,0.00,0,95
297.04,1544433562,2337.69,51.48940328,7.40479751,183.97,12.52,0.00,90.19,0,-81.00,-7.00,0.00,0.00,58.00,0.00,0,426
