31.16,1544519644,365.56,51.49062217,7.41661295,156.41,0.00,0.00,114.01,0,-98.00,-12.00,0.00,0.00,41.00,0.00,0,62
32.16,1544519645,365.56,51.49062217,7.41661295,156.40,0.00,0.00,114.01,0,-98.00,-12.00,0.00,0.00,41.00,0.00,0,62
33.16,1544519646,365.56,51.49062217,7.41661295,156.39,0.00,0.00,114.01,0,-98.00,-11.00,0.00,0.00,40.00,0.00,0,62
34.16,1544519647,365.56,51.49062217,7.41661295,156.38,0.00,0.00,114.01,0,-98.00,-11.00,0.00,0.00,40.00,0.00,0,62
35.16,1544519648,365.56,51.49062217,7.41661295,156.38,0.00,0.00,114.01,0,-98.00,-11.00,0.00,0.00,40.00,0.00,0,62
36.16,1544519649,365.56,51.49062217,7.41661295,156.37,0.00,0.00,114.01,0,-98.00,-10.00,0.00,0.00,39.00,0.00,0,62
37.17,1544519650,365.56,51.49062217,7.41661295,156.37,0.00,0.00,114.01,0,-98.00,-10.00,0.00,0.00,39.00,0.00,0,62
38.16,1544519651,365.56,51.49062217,7.41661295,156.36,0.00,0.00,114.01,0,-98.00,-11.00,0.00,0.00,41.00,0.00,0,62
38.16,1544519651,365.56,51.49062217,7.41661295,156.36,0.00,0.00,114.01,0,-104.00,-19.00,0.00,0.00,42.00,0.00,0,452
39.17,1544519652,365.56,51.49062217,7.41661295,156.35,0.00,0.00,114.01,0,-98.00,-11.00,0.00,0.00,41.00,0.00,0,62
39.17,1544519652,365.56,51.49062217,7.41661295,156.35,0.00,0.00,114.01,0,-104.00,-19.00,0.00,0.00,42.00,0.00,0,452
40.16,1544519653,365.56,51.49062217,7.41661295,156.31,0.00,0.00,108.14,0,-98.00,-17.00,0.00,0.00,45.00,0.00,0,385
40.16,1544519653,365.56,51.49062217,7.41661295,156.31,0.00,0.00,108.14,0,-99.00,-19.00,0.00,0.00,46.00,0.00,0,65
40.16,1544519653,365.56,51.49062217,7.41661295,156.31,0.00,0.00,108.14,0,-98.00,-13.00,0.00,0.00,42.00,0.00,0,62
41.16,1544519654,365.56,51.49059569,7.41673858,156.19,0.00,0.00,106.61,0,-98.00,-17.00,0.00,0.00,45.00,0.00,0,385
41.17,1544519654,365.56,51.49059569,7.41673858,156.19,0.00,0.00,106.61,0,-99.00,-19.00,0.00,0.00,46.00,0.00,0,65
41.17,1544519654,365.56,51.49059569,7.41673858,156.19,0.00,0.00,106.61,0,-98.00,-13.00,0.00,0.00,42.00,0.00,0,62
42.16,1544519655,365.57,51.49058502,7.41680359,156.48,4.49,0.00,104.44,0,-97.00,-15.00,0.00,0.00,45.00,0.00,0,274
42.16,1544519655,365.57,51.49058502,7.41680359,156.48,4.49,0.00,104.44,0,-98.00,-10.00,0.00,0.00,40.00,0.00,0,62
43.16,1544519656,370.06,51.49057114,7.41688766,156.72,5.66,0.00,103.68,0,-97.00,-15.00,0.00,0.00,45.00,0.00,0,274
43.16,1544519656,370.06,51.49057114,7.41688766,156.72,5.66,0.00,103.68,0,-98.00,-10.00,0.00,0.00,40.00,0.00,0,62
44.16,1544519657,375.70,51.49055825,7.41697424,156.91,6.75,0.00,102.60,0,-96.00,-18.00,0.00,0.00,48.00,0.00,0,385
44.16,1544519657,375.70,51.49055825,7.41697424,156.91,6.75,0.00,102.60,0,-97.00,-19.00,0.00,0.00,48.00,0.00,0,274
44.16,1544519657,375.71,51.49055825,7.41697424,156.91,6.75,0.00,102.60,0,-95.00,-12.00,0.00,0.00,44.00,0.00,0,62
44.16,1544519657,375.71,51.49055825,7.41697424,156.91,6.75,0.00,102.60,0,-100.00,-20.00,0.00,0.00,46.00,0.00,0,339
45.16,1544519658,382.48,51.49056016,7.41704657,157.11,6.45,0.00,89.04,0,-96.00,-18.00,0.00,0.00,48.00,0.00,0,385
45.16,1544519658,382.48,51.49056016,7.41704657,157.11,6.45,0.00,89.04,0,-97.00,-19.00,0.00,0.00,48.00,0.00,0,274
45.16,1544519658,382.49,51.49056016,7.41704657,157.11,6.45,0.00,89.04,0,-95.00,-12.00,0.00,0.00,44.00,0.00,0,62
45.17,1544519658,382.49,51.49056016,7.41704657,157.11,6.45,0.00,89.04,0,-100.00,-20.00,0.00,0.00,46.00,0.00,0,339
46.16,1544519659,388.90,51.49058199,7.41712061,157.11,6.33,0.00,61.40,0,-95.00,-12.00,0.00,0.00,42.00,0.00,0,62
47.16,1544519660,395.24,51.49062917,7.41717905,156.87,7.16,0.00,28.04,0,-95.00,-12.00,0.00,0.00,42.00,0.00,0,62
48.16,1544519661,402.41,51.49069617,7.41720392,156.54,8.28,0.00,3.51,0,-94.00,-12.00,0.00,0.00,45.00,0.00,0,62
49.16,1544519662,410.68,51.49076513,7.41718150,156.49,9.05,0.00,350.15,0,-94.00,-12.00,0.00,0.00,45.00,0.00,0,62
50.16,1544519663,419.75,51.49084479,7.41715636,156.66,10.30,0.00,349.25,0,-88.00,-11.00,0.00,0.00,50.00,0.00,0,62
51.16,1544519664,430.00,51.49093738,7.41713435,156.32,9.57,0.00,350.13,0,-88.00,-11.00,0.00,0.00,50.00,0.00,0,62
52.16,1544519665,439.60,51.49103378,7.41710764,155.68,9.36,0.00,349.47,0,-93.00,-9.00,0.00,0.00,44.00,0.00,0,62
53.16,1544519666,448.97,51.49111435,7.41708372,155.72,9.63,0.00,348.82,0,-93.00,-9.00,0.00,0.00,44.00,0.00,0,62
56.17,1544519669,478.21,51.49136332,7.41699186,157.59,9.25,0.00,348.35,0,-96.00,-10.00,0.00,0.00,41.00,0.00,0,62
57.16,1544519670,487.38,51.49144054,7.41696602,158.38,9.45,0.00,348.42,0,-96.00,-10.00,0.00,0.00,41.00,0.00,0,62
58.16,1544519671,496.84,51.49153081,7.41693823,158.93,10.31,0.00,347.74,0,-96.00,-10.00,0.00,0.00,41.00,0.00,0,62
59.16,1544519672,507.17,51.49161880,7.41690432,159.31,10.57,0.00,346.72,0,-100.00,-16.00,0.00,0.00,41.00,0.00,0,197
59.16,1544519672,507.17,51.49161880,7.41690432,159.31,10.57,0.00,346.72,0,-99.00,-11.00,0.00,0.00,38.00,0.00,0,62
59.16,1544519672,507.18,51.49161880,7.41690432,159.31,10.57,0.00,346.72,0,-106.00,-20.00,0.00,0.00,40.00,0.00,0,59
60.16,1544519673,517.75,51.49170521,7.41686931,159.69,11.21,0.00,344.96,0,-100.00,-16.00,0.00,0.00,41.00,0.00,0,197
60.16,1544519673,517.75,51.49170521,7.41686931,159.69,11.21,0.00,344.96,0,-99.00,-11.00,0.00,0.00,38.00,0.00,0,62
60.16,1544519673,517.76,51.49170521,7.41686931,159.69,11.21,0.00,344.96,0,-106.00,-20.00,0.00,0.00,40.00,0.00,0,59
61.16,1544519674,528.94,51.49180113,7.41681816,159.99,11.67,0.00,342.47,0,-103.00,-14.00,0.00,0.00,38.00,0.00,0,62
61.16,1544519674,528.95,51.49180113,7.41681816,159.99,11.67,0.00,342.47,0,-108.00,-18.00,0.00,0.00,38.00,0.00,0,59
62.16,1544519675,540.61,51.49188409,7.41675762,160.11,12.32,0.00,339.80,0,-103.00,-14.00,0.00,0.00,38.00,0.00,0,62
62.16,1544519675,540.62,51.49188409,7.41675762,160.11,12.32,0.00,339.80,0,-108.00,-18.00,0.00,0.00,38.00,0.00,0,59
63.16,1544519676,552.94,51.49198459,7.41667995,159.88,12.53,0.00,336.85,0,-95.00,-14.00,0.00,0.00,44.00,0.00,0,65
63.16,1544519676,552.94,51.49198459,7.41667995,159.88,12.53,0.00,336.85,0,-101.00,-14.00,0.00,0.00,39.00,0.00,0,62
63.16,1544519676,552.95,51.49198459,7.41667995,159.88,12.53,0.00,336.85,0,-106.00,-19.00,0.00,0.00,39.00,0.00,0,339
64.16,1544519677,565.47,51.49209098,7.41659123,159.74,11.88,0.00,334.51,0,-95.00,-14.00,0.00,0.00,44.00,0.00,0,65
64.16,1544519677,565.49,51.49209098,7.41659123,159.74,11.88,0.00,334.51,0,-101.00,-14.00,0.00,0.00,39.00,0.00,0,62
64.16,1544519677,565.50,51.49209098,7.41659123,159.74,11.88,0.00,334.51,0,-106.00,-19.00,0.00,0.00,39.00,0.00,0,339
65.16,1544519678,577.37,51.49220337,7.41648649,159.28,12.80,0.00,332.57,0,-99.00,-14.00,0.00,0.00,41.00,0.00,0,65
65.16,1544519678,577.38,51.49220337,7.41648649,159.28,12.80,0.00,332.57,0,-103.00,-19.00,0.00,0.00,41.00,0.00,0,385
65.17,1544519678,577.40,51.49220337,7.41648649,159.28,12.80,0.00,332.57,0,-100.00,-12.00,0.00,0.00,39.00,0.00,0,62
65.17,1544519678,577.41,51.49220337,7.41648649,159.28,12.80,0.00,332.57,0,-106.00,-18.00,0.00,0.00,38.00,0.00,0,339
66.16,1544519679,590.16,51.49231889,7.41637749,158.69,13.05,0.00,333.44,0,-99.00,-14.00,0.00,0.00,41.00,0.00,0,65
66.16,1544519679,590.17,51.49231889,7.41637749,158.69,13.05,0.00,333.44,0,-103.00,-19.00,0.00,0.00,41.00,0.00,0,385
66.16,1544519679,590.18,51.49231889,7.41637749,158.69,13.05,0.00,333.44,0,-100.00,-12.00,0.00,0.00,39.00,0.00,0,62
66.17,1544519679,590.19,51.49231889,7.41637749,158.69,13.05,0.00,333.44,0,-106.00,-18.00,0.00,0.00,38.00,0.00,0,339
67.16,1544519680,603.21,51.49243047,7.41628025,158.51,13.39,0.00,334.76,0,-102.00,-18.00,0.00,0.00,42.00,0.00,0,52
67.16,1544519680,603.22,51.49243047,7.41628025,158.51,13.39,0.00,334.76,0,-103.00,-20.00,0.00,0.00,42.00,0.00,0,65
67.16,1544519680,603.23,51.49243047,7.41628025,158.51,13.39,0.00,334.76,0,-101.00,-14.00,0.00,0.00,39.00,0.00,0,62
67.17,1544519680,603.25,51.49243047,7.41628025,158.51,13.39,0.00,334.76,0,-107.00,-20.00,0.00,0.00,39.00,0.00,0,339
68.16,1544519681,616.61,51.49254103,7.41619849,158.41,13.27,0.00,336.87,0,-102.00,-18.00,0.00,0.00,42.00,0.00,0,52
68.16,1544519681,616.62,51.49254103,7.41619849,158.41,13.27,0.00,336.87,0,-103.00,-20.00,0.00,0.00,42.00,0.00,0,65
68.17,1544519681,616.63,51.49254103,7.41619849,158.41,13.27,0.00,336.87,0,-101.00,-14.00,0.00,0.00,39.00,0.00,0,62
68.17,1544519681,616.65,51.49254103,7.41619849,158.41,13.27,0.00,336.87,0,-107.00,-20.00,0.00,0.00,39.00,0.00,0,339
69.16,1544519682,629.83,51.49266065,7.41612732,158.24,14.25,0.00,340.70,0,-99.00,-14.00,0.00,0.00,40.00,0.00,0,62
69.16,1544519682,629.85,51.49266065,7.41612732,158.24,14.25,0.00,340.70,0,-106.00,-20.00,0.00,0.00,40.00,0.00,0,306
70.16,1544519683,644.10,51.49278220,7.41607834,157.57,14.65,0.00,344.02,0,-99.00,-14.00,0.00,0.00,40.00,0.00,0,62
70.16,1544519683,644.12,51.49278220,7.41607834,157.57,14.65,0.00,344.02,0,-106.00,-20.00,0.00,0.00,40.00,0.00,0,306
71.16,1544519684,658.75,51.49290881,7.41603229,157.45,14.09,0.00,346.63,0,-104.00,-16.00,0.00,0.00,37.00,0.00,0,37
71.16,1544519684,658.77,51.49290881,7.41603229,157.45,14.09,0.00,346.63,0,-108.00,-20.00,0.00,0.00,37.00,0.00,0,34
71.16,1544519684,658.78,51.49290881,7.41603229,157.45,14.09,0.00,346.63,0,-102.00,-11.00,0.00,0.00,36.00,0.00,0,62
72.16,1544519685,672.85,51.49301444,7.41592894,157.80,12.74,0.00,326.26,0,-104.00,-16.00,0.00,0.00,37.00,0.00,0,37
72.16,1544519685,672.86,51.49301444,7.41592894,157.80,12.74,0.00,326.26,0,-108.00,-20.00,0.00,0.00,37.00,0.00,0,34
72.16,1544519685,672.88,51.49301444,7.41592894,157.80,12.74,0.00,326.26,0,-102.00,-11.00,0.00,0.00,36.00,0.00,0,62
73.16,1544519686,685.58,51.49309441,7.41584912,157.40,11.68,0.00,327.38,0,-102.00,-16.00,0.00,0.00,39.00,0.00,0,34
73.16,1544519686,685.58,51.49309441,7.41584912,157.40,11.68,0.00,327.38,0,-105.00,-19.00,0.00,0.00,40.00,0.00,0,197
74.16,1544519687,697.25,51.49321319,7.41580677,156.39,13.72,0.00,346.25,0,-102.00,-16.00,0.00,0.00,39.00,0.00,0,34
74.16,1544519687,697.27,51.49321319,7.41580677,156.39,13.72,0.00,346.25,0,-105.00,-19.00,0.00,0.00,40.00,0.00,0,197
75.16,1544519688,711.00,51.49334013,7.41578015,155.98,15.12,0.00,347.34,0,-101.00,-15.00,0.00,0.00,39.00,0.00,0,34
75.16,1544519688,711.01,51.49334013,7.41578015,155.98,15.12,0.00,347.34,0,-106.00,-20.00,0.00,0.00,40.00,0.00,0,37
75.16,1544519688,711.03,51.49334013,7.41578015,155.98,15.12,0.00,347.34,0,-105.00,-13.00,0.00,0.00,34.00,0.00,0,62
75.16,1544519688,711.03,51.49334013,7.41578015,155.98,15.12,0.00,347.34,0,-110.00,-19.00,0.00,0.00,35.00,0.00,0,143
76.16,1544519689,726.12,51.49348404,7.41573897,155.08,14.23,0.00,347.98,0,-101.00,-15.00,0.00,0.00,39.00,0.00,0,34
76.16,1544519689,726.13,51.49348404,7.41573897,155.08,14.23,0.00,347.98,0,-106.00,-20.00,0.00,0.00,40.00,0.00,0,37
76.16,1544519689,726.13,51.49348404,7.41573897,155.08,14.23,0.00,347.98,0,-105.00,-13.00,0.00,0.00,34.00,0.00,0,62
76.16,1544519689,726.15,51.49348404,7.41573897,155.08,14.23,0.00,347.98,0,-110.00,-19.00,0.00,0.00,35.00,0.00,0,143
77.17,1544519690,740.46,51.49360680,7.41571031,154.35,13.69,0.00,347.19,0,-104.00,-15.00,0.00,0.00,37.00,0.00,0,275
77.17,1544519690,740.48,51.49360680,7.41571031,154.35,13.69,0.00,347.19,0,-106.00,-16.00,0.00,0.00,36.00,0.00,0,375
77.17,1544519690,740.49,51.49360680,7.41571031,154.35,13.69,0.00,347.19,0,-107.00,-17.00,0.00,0.00,36.00,0.00,0,37
77.17,1544519690,740.50,51.49360680,7.41571031,154.35,13.69,0.00,347.19,0,-103.00,-11.00,0.00,0.00,34.00,0.00,0,62
78.16,1544519691,754.06,51.49372370,7.41568641,153.99,14.00,0.00,347.63,0,-104.00,-15.00,0.00,0.00,37.00,0.00,0,275
78.16,1544519691,754.07,51.49372370,7.41568641,153.99,14.00,0.00,347.63,0,-106.00,-16.00,0.00,0.00,36.00,0.00,0,375
78.17,1544519691,754.09,51.49372370,7.41568641,153.99,14.00,0.00,347.63,0,-107.00,-17.00,0.00,0.00,36.00,0.00,0,37
78.17,1544519691,754.09,51.49372370,7.41568641,153.99,14.00,0.00,347.63,0,-103.00,-11.00,0.00,0.00,34.00,0.00,0,62
79.17,1544519692,768.09,51.49384465,7.41565927,153.36,13.15,0.00,348.04,0,-104.00,-15.00,0.00,0.00,37.00,0.00,0,275
79.17,1544519692,768.10,51.49384465,7.41565927,153.36,13.15,0.00,348.04,0,-106.00,-16.00,0.00,0.00,36.00,0.00,0,375
79.17,1544519692,768.11,51.49384465,7.41565927,153.36,13.15,0.00,348.04,0,-107.00,-17.00,0.00,0.00,36.00,0.00,0,37
79.17,1544519692,768.11,51.49384465,7.41565927,153.36,13.15,0.00,348.04,0,-103.00,-11.00,0.00,0.00,34.00,0.00,0,62
80.16,1544519693,781.21,51.49396827,7.41561772,152.57,13.22,0.00,346.24,0,-104.00,-16.00,0.00,0.00,37.00,0.00,0,38
80.16,1544519693,781.22,51.49396827,7.41561772,152.57,13.22,0.00,346.24,0,-106.00,-17.00,0.00,0.00,37.00,0.00,0,37
80.16,1544519693,781.22,51.49396827,7.41561772,152.57,13.22,0.00,346.24,0,-106.00,-19.00,0.00,0.00,38.00,0.00,0,275
81.16,1544519694,794.42,51.49408255,7.41558526,152.32,13.82,0.00,345.88,0,-104.00,-16.00,0.00,0.00,37.00,0.00,0,38
81.16,1544519694,794.43,51.49408255,7.41558526,152.32,13.82,0.00,345.88,0,-106.00,-17.00,0.00,0.00,37.00,0.00,0,37
81.16,1544519694,794.45,51.49408255,7.41558526,152.32,13.82,0.00,345.88,0,-106.00,-19.00,0.00,0.00,38.00,0.00,0,275
82.16,1544519695,808.22,51.49419317,7.41555433,152.20,12.59,0.00,346.76,0,-102.00,-16.00,0.00,0.00,39.00,0.00,0,37
82.16,1544519695,808.24,51.49419317,7.41555433,152.20,12.59,0.00,346.76,0,-103.00,-16.00,0.00,0.00,39.00,0.00,0,38
82.16,1544519695,808.25,51.49419317,7.41555433,152.20,12.59,0.00,346.76,0,-107.00,-20.00,0.00,0.00,38.00,0.00,0,197
83.16,1544519696,820.84,51.49431150,7.41552538,152.70,12.22,0.00,346.91,0,-102.00,-16.00,0.00,0.00,39.00,0.00,0,37
83.16,1544519696,820.85,51.49431150,7.41552538,152.70,12.22,0.00,346.91,0,-103.00,-16.00,0.00,0.00,39.00,0.00,0,38
83.17,1544519696,820.86,51.49431150,7.41552538,152.70,12.22,0.00,346.91,0,-107.00,-20.00,0.00,0.00,38.00,0.00,0,197
84.16,1544519697,833.03,51.49438905,7.41550618,153.52,7.53,0.00,346.16,0,-101.00,-17.00,0.00,0.00,41.00,0.00,0,37
84.16,1544519697,833.04,51.49438905,7.41550618,153.52,7.53,0.00,346.16,0,-102.00,-17.00,0.00,0.00,41.00,0.00,0,38
85.16,1544519698,840.55,51.49444458,7.41548925,154.37,5.80,0.00,346.92,0,-101.00,-17.00,0.00,0.00,41.00,0.00,0,37
85.16,1544519698,840.55,51.49444458,7.41548925,154.37,5.80,0.00,346.92,0,-102.00,-17.00,0.00,0.00,41.00,0.00,0,38
86.16,1544519699,846.37,51.49449249,7.41547989,154.95,4.73,0.00,346.32,0,-98.00,-15.00,0.00,0.00,43.00,0.00,0,38
86.17,1544519699,846.37,51.49449249,7.41547989,154.95,4.73,0.00,346.32,0,-101.00,-18.00,0.00,0.00,43.00,0.00,0,37
86.17,1544519699,846.37,51.49449249,7.41547989,154.95,4.73,0.00,346.32,0,-110.00,-15.00,0.00,0.00,32.00,0.00,0,16
86.17,1544519699,846.38,51.49449249,7.41547989,154.95,4.73,0.00,346.32,0,-110.00,-16.00,0.00,0.00,31.00,0.00,0,367
86.17,1544519699,846.38,51.49449249,7.41547989,154.95,4.73,0.00,346.32,0,-113.00,-18.00,0.00,0.00,31.00,0.00,0,450
87.16,1544519700,851.09,51.49452897,7.41544283,154.98,3.89,0.00,323.72,0,-98.00,-15.00,0.00,0.00,43.00,0.00,0,38
87.17,1544519700,851.10,51.49452897,7.41544283,154.98,3.89,0.00,323.72,0,-101.00,-18.00,0.00,0.00,43.00,0.00,0,37
87.17,1544519700,851.10,51.49452897,7.41544283,154.98,3.89,0.00,323.72,0,-110.00,-15.00,0.00,0.00,32.00,0.00,0,16
87.17,1544519700,851.10,51.49452897,7.41544283,154.98,3.89,0.00,323.72,0,-110.00,-16.00,0.00,0.00,31.00,0.00,0,367
87.17,1544519700,851.11,51.49452897,7.41544283,154.98,3.89,0.00,323.72,0,-113.00,-18.00,0.00,0.00,31.00,0.00,0,450
88.17,1544519701,854.99,51.49454481,7.41536149,155.82,6.56,0.00,281.15,0,-97.00,-15.00,0.00,0.00,43.00,0.00,0,38
88.17,1544519701,855.00,51.49454481,7.41536149,155.82,6.56,0.00,281.15,0,-99.00,-17.00,0.00,0.00,43.00,0.00,0,37
88.17,1544519701,855.00,51.49454481,7.41536149,155.82,6.56,0.00,281.15,0,-108.00,-14.00,0.00,0.00,32.00,0.00,0,16
88.17,1544519701,855.00,51.49454481,7.41536149,155.82,6.56,0.00,281.15,0,-110.00,-16.00,0.00,0.00,32.00,0.00,0,367
88.17,1544519701,855.01,51.49454481,7.41536149,155.82,6.56,0.00,281.15,0,-110.00,-16.00,0.00,0.00,32.00,0.00,0,17
88.17,1544519701,855.02,51.49454481,7.41536149,155.82,6.56,0.00,281.15,0,0.00,0.00,0.00,0.00,63.00,0.00,0,303
89.16,1544519702,861.54,51.49453500,7.41529003,156.18,7.42,0.00,261.05,0,-97.00,-15.00,0.00,0.00,43.00,0.00,0,38
89.16,1544519702,861.54,51.49453500,7.41529003,156.18,7.42,0.00,261.05,0,-99.00,-17.00,0.00,0.00,43.00,0.00,0,37
89.17,1544519702,861.55,51.49453500,7.41529003,156.18,7.42,0.00,261.05,0,-108.00,-14.00,0.00,0.00,32.00,0.00,0,16
89.17,1544519702,861.56,51.49453500,7.41529003,156.18,7.42,0.00,261.05,0,-110.00,-16.00,0.00,0.00,32.00,0.00,0,367
89.17,1544519702,861.56,51.49453500,7.41529003,156.18,7.42,0.00,261.05,0,-110.00,-16.00,0.00,0.00,32.00,0.00,0,17
89.17,1544519702,861.57,51.49453500,7.41529003,156.18,7.42,0.00,261.05,0,0.00,0.00,0.00,0.00,63.00,0.00,0,303
90.16,1544519703,868.96,51.49452066,7.41517547,155.98,8.61,0.00,258.62,0,-99.00,-16.00,0.00,0.00,43.00,0.00,0,37
90.16,1544519703,868.96,51.49452066,7.41517547,155.98,8.61,0.00,258.62,0,-101.00,-18.00,0.00,0.00,43.00,0.00,0,38
90.16,1544519703,868.96,51.49452066,7.41517547,155.98,8.61,0.00,258.62,0,0.00,0.00,0.00,0.00,63.00,0.00,0,303
91.16,1544519704,877.57,51.49450394,7.41502974,156.01,10.85,0.00,259.37,0,-99.00,-16.00,0.00,0.00,43.00,0.00,0,37
91.16,1544519704,877.59,51.49450394,7.41502974,156.01,10.85,0.00,259.37,0,-101.00,-18.00,0.00,0.00,43.00,0.00,0,38
91.16,1544519704,877.59,51.49450394,7.41502974,156.01,10.85,0.00,259.37,0,0.00,0.00,0.00,0.00,63.00,0.00,0,303
92.16,1544519705,888.42,51.49448624,7.41487199,156.04,11.81,0.00,258.81,0,-105.00,-19.00,0.00,0.00,38.00,0.00,0,275
92.16,1544519705,888.43,51.49448624,7.41487199,156.04,11.81,0.00,258.81,0,-106.00,-19.00,0.00,0.00,39.00,0.00,0,38
93.16,1544519706,900.23,51.49446992,7.41469891,156.03,12.55,0.00,257.99,0,-105.00,-19.00,0.00,0.00,38.00,0.00,0,275
93.16,1544519706,900.24,51.49446992,7.41469891,156.03,12.55,0.00,257.99,0,-106.00,-19.00,0.00,0.00,39.00,0.00,0,38
94.16,1544519707,912.75,51.49444602,7.41452690,155.90,12.23,0.00,257.39,0,-106.00,-16.00,0.00,0.00,36.00,0.00,0,275
95.17,1544519708,925.06,51.49442159,7.41436073,155.27,12.20,0.00,256.45,0,-106.00,-16.00,0.00,0.00,36.00,0.00,0,275
96.16,1544519709,937.23,51.49439816,7.41419480,154.79,11.78,0.00,257.04,0,-101.00,-14.00,0.00,0.00,38.00,0.00,0,275
96.16,1544519709,937.24,51.49439816,7.41419480,154.79,11.78,0.00,257.04,0,-105.00,-17.00,0.00,0.00,38.00,0.00,0,38
96.16,1544519709,937.24,51.49439816,7.41419480,154.79,11.78,0.00,257.04,0,-112.00,-17.00,0.00,0.00,31.00,0.00,0,450
96.17,1544519709,937.25,51.49439816,7.41419480,154.79,11.78,0.00,257.04,0,-113.00,-17.00,0.00,0.00,32.00,0.00,0,62
96.17,1544519709,937.25,51.49439816,7.41419480,154.79,11.78,0.00,257.04,0,-113.00,-19.00,0.00,0.00,32.00,0.00,0,339
97.16,1544519710,949.01,51.49437383,7.41402736,154.52,10.91,0.00,257.83,0,-101.00,-14.00,0.00,0.00,38.00,0.00,0,275
97.17,1544519710,949.02,51.49437383,7.41402736,154.52,10.91,0.00,257.83,0,-105.00,-17.00,0.00,0.00,38.00,0.00,0,38
97.17,1544519710,949.02,51.49437383,7.41402736,154.52,10.91,0.00,257.83,0,-112.00,-17.00,0.00,0.00,31.00,0.00,0,450
97.17,1544519710,949.05,51.49437383,7.41402736,154.52,10.91,0.00,257.83,0,-113.00,-17.00,0.00,0.00,32.00,0.00,0,62
97.17,1544519710,949.06,51.49437383,7.41402736,154.52,10.91,0.00,257.83,0,-113.00,-19.00,0.00,0.00,32.00,0.00,0,339
98.17,1544519711,960.02,51.49435072,7.41387670,154.35,10.20,0.00,258.15,0,-103.00,-15.00,0.00,0.00,37.00,0.00,0,38
98.17,1544519711,960.02,51.49435072,7.41387670,154.35,10.20,0.00,258.15,0,-106.00,-18.00,0.00,0.00,37.00,0.00,0,65
98.17,1544519711,960.03,51.49435072,7.41387670,154.35,10.20,0.00,258.15,0,-107.00,-18.00,0.00,0.00,36.00,0.00,0,37
98.18,1544519711,960.04,51.49435072,7.41387670,154.35,10.20,0.00,258.15,0,-114.00,-17.00,0.00,0.00,29.00,0.00,0,450
98.18,1544519711,960.04,51.49435072,7.41387670,154.35,10.20,0.00,258.15,0,-114.00,-17.00,0.00,0.00,29.00,0.00,0,62
98.18,1544519711,960.05,51.49435072,7.41387670,154.35,10.20,0.00,258.15,0,-115.00,-19.00,0.00,0.00,30.00,0.00,0,271
99.16,1544519712,970.13,51.49433091,7.41373930,154.60,9.02,0.00,257.67,0,-103.00,-15.00,0.00,0.00,37.00,0.00,0,38
99.16,1544519712,970.13,51.49433091,7.41373930,154.60,9.02,0.00,257.67,0,-106.00,-18.00,0.00,0.00,37.00,0.00,0,65
99.17,1544519712,970.14,51.49433091,7.41373930,154.60,9.02,0.00,257.67,0,-107.00,-18.00,0.00,0.00,36.00,0.00,0,37
99.17,1544519712,970.15,51.49433091,7.41373930,154.60,9.02,0.00,257.67,0,-114.00,-17.00,0.00,0.00,29.00,0.00,0,450
99.17,1544519712,970.16,51.49433091,7.41373930,154.60,9.02,0.00,257.67,0,-114.00,-17.00,0.00,0.00,29.00,0.00,0,62
99.17,1544519712,970.16,51.49433091,7.41373930,154.60,9.02,0.00,257.67,0,-115.00,-19.00,0.00,0.00,30.00,0.00,0,271
100.17,1544519713,979.15,51.49431711,7.41364141,154.50,7.25,0.00,258.29,0,-103.00,-15.00,0.00,0.00,37.00,0.00,0,38
100.17,1544519713,979.16,51.49431711,7.41364141,154.50,7.25,0.00,258.29,0,-106.00,-18.00,0.00,0.00,37.00,0.00,0,65
100.17,1544519713,979.16,51.49431711,7.41364141,154.50,7.25,0.00,258.29,0,-107.00,-18.00,0.00,0.00,36.00,0.00,0,37
100.17,1544519713,979.18,51.49431711,7.41364141,154.50,7.25,0.00,258.29,0,-114.00,-17.00,0.00,0.00,29.00,0.00,0,450
100.17,1544519713,979.20,51.49431711,7.41364141,154.50,7.25,0.00,258.29,0,-114.00,-17.00,0.00,0.00,29.00,0.00,0,62
100.17,1544519713,979.21,51.49431711,7.41364141,154.50,7.25,0.00,258.29,0,-115.00,-19.00,0.00,0.00,30.00,0.00,0,271
101.16,1544519714,986.38,51.49430685,7.41356153,154.69,5.32,0.00,257.73,0,-104.00,-16.00,0.00,0.00,37.00,0.00,0,38
101.16,1544519714,986.38,51.49430685,7.41356153,154.69,5.32,0.00,257.73,0,-106.00,-18.00,0.00,0.00,37.00,0.00,0,65
101.16,1544519714,986.38,51.49430685,7.41356153,154.69,5.32,0.00,257.73,0,-107.00,-19.00,0.00,0.00,37.00,0.00,0,37
102.16,1544519715,991.70,51.49430142,7.41348784,154.74,3.75,0.00,258.69,0,-104.00,-16.00,0.00,0.00,37.00,0.00,0,38
102.16,1544519715,991.70,51.49430142,7.41348784,154.74,3.75,0.00,258.69,0,-106.00,-18.00,0.00,0.00,37.00,0.00,0,65
102.16,1544519715,991.71,51.49430142,7.41348784,154.74,3.75,0.00,258.69,0,-107.00,-19.00,0.00,0.00,37.00,0.00,0,37
103.16,1544519716,995.44,51.49429686,7.41344400,154.76,2.22,0.00,257.68,0,-101.00,-16.00,0.00,0.00,41.00,0.00,0,38
103.16,1544519716,995.44,51.49429686,7.41344400,154.76,2.22,0.00,257.68,0,-103.00,-19.00,0.00,0.00,41.00,0.00,0,37
103.16,1544519716,995.44,51.49429686,7.41344400,154.76,2.22,0.00,257.68,0,-103.00,-19.00,0.00,0.00,41.00,0.00,0,65
104.16,1544519717,997.66,51.49429814,7.41343449,154.80,1.04,0.00,257.68,0,-101.00,-16.00,0.00,0.00,41.00,0.00,0,38
104.16,1544519717,997.66,51.49429814,7.41343449,154.80,1.04,0.00,257.68,0,-103.00,-19.00,0.00,0.00,41.00,0.00,0,37
104.16,1544519717,997.66,51.49429814,7.41343449,154.80,1.04,0.00,257.68,0,-103.00,-19.00,0.00,0.00,41.00,0.00,0,65
105.16,1544519718,998.70,51.49429814,7.41343449,154.80,0.00,0.00,257.68,0,-100.00,-14.00,0.00,0.00,40.00,0.00,0,38
105.16,1544519718,998.70,51.49429814,7.41343449,154.80,0.00,0.00,257.68,0,-104.00,-17.00,0.00,0.00,39.00,0.00,0,37
105.16,1544519718,998.70,51.49429814,7.41343449,154.80,0.00,0.00,257.68,0,-105.00,-19.00,0.00,0.00,40.00,0.00,0,65
106.16,1544519719,998.70,51.49429814,7.41343449,154.80,0.00,0.00,257.68,0,-100.00,-14.00,0.00,0.00,40.00,0.00,0,38
106.16,1544519719,998.70,51.49429814,7.41343449,154.80,0.00,0.00,257.68,0,-104.00,-17.00,0.00,0.00,39.00,0.00,0,37
106.16,1544519719,998.70,51.49429814,7.41343449,154.80,0.00,0.00,257.68,0,-105.00,-19.00,0.00,0.00,40.00,0.00,0,65
107.16,1544519720,998.70,51.49429814,7.41343449,154.81,0.00,0.00,257.68,0,-100.00,-17.00,0.00,0.00,42.00,0.00,0,38
107.16,1544519720,998.70,51.49429814,7.41343449,154.81,0.00,0.00,257.68,0,-103.00,-20.00,0.00,0.00,42.00,0.00,0,37
107.17,1544519720,998.70,51.49429814,7.41343449,154.81,0.00,0.00,257.68,0,-111.00,-17.00,0.00,0.00,32.00,0.00,0,367
107.17,1544519720,998.70,51.49429814,7.41343449,154.81,0.00,0.00,257.68,0,-112.00,-19.00,0.00,0.00,32.00,0.00,0,76
107.17,1544519720,998.70,51.49429814,7.41343449,154.81,0.00,0.00,257.68,0,-113.00,-16.00,0.00,0.00,32.00,0.00,0,450
108.16,1544519721,998.70,51.49429814,7.41343449,154.80,0.00,0.00,257.68,0,-100.00,-17.00,0.00,0.00,42.00,0.00,0,38
108.16,1544519721,998.70,51.49429814,7.41343449,154.80,0.00,0.00,257.68,0,-103.00,-20.00,0.00,0.00,42.00,0.00,0,37
108.17,1544519721,998.70,51.49429814,7.41343449,154.80,0.00,0.00,257.68,0,-111.00,-17.00,0.00,0.00,32.00,0.00,0,367
108.17,1544519721,998.70,51.49429814,7.41343449,154.80,0.00,0.00,257.68,0,-112.00,-19.00,0.00,0.00,32.00,0.00,0,76
108.17,1544519721,998.70,51.49429814,7.41343449,154.80,0.00,0.00,257.68,0,-113.00,-16.00,0.00,0.00,32.00,0.00,0,450
109.16,1544519722,998.70,51.49429814,7.41343449,154.78,0.00,0.00,257.68,0,-99.00,-16.00,0.00,0.00,42.00,0.00,0,38
109.17,1544519722,998.70,51.49429814,7.41343449,154.78,0.00,0.00,257.68,0,-101.00,-17.00,0.00,0.00,42.00,0.00,0,37
109.17,1544519722,998.70,51.49429814,7.41343449,154.78,0.00,0.00,257.68,0,0.00,0.00,0.00,0.00,63.00,0.00,0,303
109.17,1544519722,998.70,51.49429814,7.41343449,154.78,0.00,0.00,257.68,0,0.00,0.00,0.00,0.00,63.00,0.00,0,382
110.16,1544519723,998.70,51.49429814,7.41343449,155.15,0.00,0.00,260.30,0,-99.00,-16.00,0.00,0.00,42.00,0.00,0,38
110.16,1544519723,998.70,51.49429814,7.41343449,155.15,0.00,0.00,260.30,0,-101.00,-17.00,0.00,0.00,42.00,0.00,0,37
110.16,1544519723,998.70,51.49429814,7.41343449,155.15,0.00,0.00,260.30,0,0.00,0.00,0.00,0.00,63.00,0.00,0,303
110.16,1544519723,998.70,51.49429814,7.41343449,155.15,0.00,0.00,260.30,0,0.00,0.00,0.00,0.00,63.00,0.00,0,382
111.16,1544519724,998.70,51.49427872,7.41325523,155.84,0.00,0.00,259.84,0,-98.00,-15.00,0.00,0.00,43.00,0.00,0,38
111.16,1544519724,998.70,51.49427872,7.41325523,155.84,0.00,0.00,259.84,0,-101.00,-18.00,0.00,0.00,43.00,0.00,0,37
111.16,1544519724,998.70,51.49427872,7.41325523,155.84,0.00,0.00,259.84,0,0.00,0.00,0.00,0.00,63.00,0.00,0,303
111.16,1544519724,998.70,51.49427872,7.41325523,155.84,0.00,0.00,259.84,0,0.00,0.00,0.00,0.00,63.00,0.00,0,382
112.16,1544519725,998.73,51.49426709,7.41314660,156.57,8.87,0.00,259.39,0,-98.00,-15.00,0.00,0.00,43.00,0.00,0,38
112.16,1544519725,998.73,51.49426709,7.41314660,156.57,8.87,0.00,259.39,0,-101.00,-18.00,0.00,0.00,43.00,0.00,0,37
112.16,1544519725,998.74,51.49426709,7.41314660,156.57,8.87,0.00,259.39,0,0.00,0.00,0.00,0.00,63.00,0.00,0,303
112.17,1544519725,998.75,51.49426709,7.41314660,156.57,8.87,0.00,259.39,0,0.00,0.00,0.00,0.00,63.00,0.00,0,382
113.16,1544519726,1007.55,51.49424775,7.41300663,156.91,10.25,0.00,258.68,0,-100.00,-14.00,0.00,0.00,40.00,0.00,0,38
113.16,1544519726,1007.56,51.49424775,7.41300663,156.91,10.25,0.00,258.68,0,-103.00,-18.00,0.00,0.00,40.00,0.00,0,37
113.16,1544519726,1007.56,51.49424775,7.41300663,156.91,10.25,0.00,258.68,0,-104.00,-17.00,0.00,0.00,39.00,0.00,0,65
113.16,1544519726,1007.56,51.49424775,7.41300663,156.91,10.25,0.00,258.68,0,0.00,0.00,0.00,0.00,63.00,0.00,0,303
113.16,1544519726,1007.57,51.49424775,7.41300663,156.91,10.25,0.00,258.68,0,0.00,0.00,0.00,0.00,63.00,0.00,0,382
114.16,1544519727,1017.86,51.49422571,7.41283581,157.16,11.16,0.00,258.55,0,-100.00,-14.00,0.00,0.00,40.00,0.00,0,38
114.16,1544519727,1017.87,51.49422571,7.41283581,157.16,11.16,0.00,258.55,0,-103.00,-18.00,0.00,0.00,40.00,0.00,0,37
114.17,1544519727,1017.88,51.49422571,7.41283581,157.16,11.16,0.00,258.55,0,-104.00,-17.00,0.00,0.00,39.00,0.00,0,65
114.17,1544519727,1017.89,51.49422571,7.41283581,157.16,11.16,0.00,258.55,0,0.00,0.00,0.00,0.00,63.00,0.00,0,303
114.17,1544519727,1017.89,51.49422571,7.41283581,157.16,11.16,0.00,258.55,0,0.00,0.00,0.00,0.00,63.00,0.00,0,382
115.17,1544519728,1029.06,51.49420262,7.41267103,157.42,12.17,0.00,257.72,0,-102.00,-15.00,0.00,0.00,38.00,0.00,0,34
115.17,1544519728,1029.07,51.49420262,7.41267103,157.42,12.17,0.00,257.72,0,-103.00,-15.00,0.00,0.00,37.00,0.00,0,65
115.17,1544519728,1029.08,51.49420262,7.41267103,157.42,12.17,0.00,257.72,0,-106.00,-18.00,0.00,0.00,37.00,0.00,0,37
115.17,1544519728,1029.08,51.49420262,7.41267103,157.42,12.17,0.00,257.72,0,-104.00,-14.00,0.00,0.00,35.00,0.00,0,450
115.17,1544519728,1029.09,51.49420262,7.41267103,157.42,12.17,0.00,257.72,0,-109.00,-19.00,0.00,0.00,35.00,0.00,0,76
115.17,1544519728,1029.12,51.49420262,7.41267103,157.42,12.17,0.00,257.72,0,-111.00,-19.00,0.00,0.00,35.00,0.00,0,367
116.16,1544519729,1041.20,51.49417563,7.41248475,157.68,13.08,0.00,257.36,0,-102.00,-15.00,0.00,0.00,38.00,0.00,0,34
116.17,1544519729,1041.21,51.49417563,7.41248475,157.68,13.08,0.00,257.36,0,-103.00,-15.00,0.00,0.00,37.00,0.00,0,65
116.17,1544519729,1041.23,51.49417563,7.41248475,157.68,13.08,0.00,257.36,0,-106.00,-18.00,0.00,0.00,37.00,0.00,0,37
116.17,1544519729,1041.23,51.49417563,7.41248475,157.68,13.08,0.00,257.36,0,-104.00,-14.00,0.00,0.00,35.00,0.00,0,450
116.17,1544519729,1041.24,51.49417563,7.41248475,157.68,13.08,0.00,257.36,0,-109.00,-19.00,0.00,0.00,35.00,0.00,0,76
116.17,1544519729,1041.25,51.49417563,7.41248475,157.68,13.08,0.00,257.36,0,-111.00,-19.00,0.00,0.00,35.00,0.00,0,367
117.16,1544519730,1054.27,51.49414800,7.41229125,157.99,13.99,0.00,257.84,0,-99.00,-13.00,0.00,0.00,39.00,0.00,0,34
117.16,1544519730,1054.28,51.49414800,7.41229125,157.99,13.99,0.00,257.84,0,-102.00,-16.00,0.00,0.00,39.00,0.00,0,65
117.17,1544519730,1054.30,51.49414800,7.41229125,157.99,13.99,0.00,257.84,0,-107.00,-17.00,0.00,0.00,35.00,0.00,0,76
117.17,1544519730,1054.30,51.49414800,7.41229125,157.99,13.99,0.00,257.84,0,-108.00,-15.00,0.00,0.00,35.00,0.00,0,450
118.16,1544519731,1068.21,51.49412610,7.41209561,158.17,14.71,0.00,258.56,0,-99.00,-13.00,0.00,0.00,39.00,0.00,0,34
118.16,1544519731,1068.21,51.49412610,7.41209561,158.17,14.71,0.00,258.56,0,-102.00,-16.00,0.00,0.00,39.00,0.00,0,65
118.16,1544519731,1068.21,51.49412610,7.41209561,158.17,14.71,0.00,258.56,0,-107.00,-17.00,0.00,0.00,35.00,0.00,0,76
118.16,1544519731,1068.22,51.49412610,7.41209561,158.17,14.71,0.00,258.56,0,-108.00,-15.00,0.00,0.00,35.00,0.00,0,450
119.17,1544519732,1083.11,51.49410259,7.41188584,158.08,14.64,0.00,258.71,0,-96.00,-12.00,0.00,0.00,40.00,0.00,0,34
119.17,1544519732,1083.13,51.49410259,7.41188584,158.08,14.64,0.00,258.71,0,-101.00,-19.00,0.00,0.00,44.00,0.00,0,37
119.17,1544519732,1083.14,51.49410259,7.41188584,158.08,14.64,0.00,258.71,0,-102.00,-17.00,0.00,0.00,40.00,0.00,0,65
120.16,1544519733,1097.62,51.49408019,7.41168797,157.97,14.84,0.00,258.18,0,-96.00,-12.00,0.00,0.00,40.00,0.00,0,34
120.16,1544519733,1097.64,51.49408019,7.41168797,157.97,14.84,0.00,258.18,0,-101.00,-19.00,0.00,0.00,44.00,0.00,0,37
120.17,1544519733,1097.65,51.49408019,7.41168797,157.97,14.84,0.00,258.18,0,-102.00,-17.00,0.00,0.00,40.00,0.00,0,65
121.16,1544519734,1112.45,51.49405612,7.41147939,157.81,14.93,0.00,258.11,0,-96.00,-12.00,0.00,0.00,40.00,0.00,0,34
121.16,1544519734,1112.47,51.49405612,7.41147939,157.81,14.93,0.00,258.11,0,-101.00,-19.00,0.00,0.00,44.00,0.00,0,37
121.16,1544519734,1112.47,51.49405612,7.41147939,157.81,14.93,0.00,258.11,0,-102.00,-17.00,0.00,0.00,40.00,0.00,0,65
122.16,1544519735,1127.37,51.49403166,7.41126919,157.68,15.06,0.00,258.09,0,-95.00,-12.00,0.00,0.00,42.00,0.00,0,34
123.16,1544519736,1142.42,51.49400669,7.41105567,157.63,15.16,0.00,257.62,0,-95.00,-12.00,0.00,0.00,42.00,0.00,0,34
124.16,1544519737,1157.58,51.49398196,7.41085032,157.54,15.14,0.00,257.96,0,-95.00,-14.00,0.00,0.00,44.00,0.00,0,34
124.16,1544519737,1157.60,51.49398196,7.41085032,157.54,15.14,0.00,257.96,0,-101.00,-20.00,0.00,0.00,44.00,0.00,0,65
125.16,1544519738,1172.73,51.49395436,7.41063628,157.70,15.04,0.00,258.02,0,-95.00,-14.00,0.00,0.00,44.00,0.00,0,34
125.16,1544519738,1172.74,51.49395436,7.41063628,157.70,15.04,0.00,258.02,0,-101.00,-20.00,0.00,0.00,44.00,0.00,0,65
126.16,1544519739,1187.81,51.49392660,7.41042545,158.07,14.74,0.00,258.28,0,-97.00,-14.00,0.00,0.00,42.00,0.00,0,34
126.17,1544519739,1187.82,51.49392660,7.41042545,158.07,14.74,0.00,258.28,0,-102.00,-18.00,0.00,0.00,42.00,0.00,0,65
126.17,1544519739,1187.82,51.49392660,7.41042545,158.07,14.74,0.00,258.28,0,-102.00,-12.00,0.00,0.00,36.00,0.00,0,450
126.17,1544519739,1187.84,51.49392660,7.41042545,158.07,14.74,0.00,258.28,0,-106.00,-17.00,0.00,0.00,36.00,0.00,0,76
126.17,1544519739,1187.85,51.49392660,7.41042545,158.07,14.74,0.00,258.28,0,-109.00,-18.00,0.00,0.00,37.00,0.00,0,313
127.16,1544519740,1202.54,51.49389761,7.41021663,158.65,14.85,0.00,258.14,0,-97.00,-14.00,0.00,0.00,42.00,0.00,0,34
127.16,1544519740,1202.54,51.49389761,7.41021663,158.65,14.85,0.00,258.14,0,-102.00,-18.00,0.00,0.00,42.00,0.00,0,65
127.17,1544519740,1202.56,51.49389761,7.41021663,158.65,14.85,0.00,258.14,0,-102.00,-12.00,0.00,0.00,36.00,0.00,0,450
127.17,1544519740,1202.57,51.49389761,7.41021663,158.65,14.85,0.00,258.14,0,-106.00,-17.00,0.00,0.00,36.00,0.00,0,76
127.17,1544519740,1202.59,51.49389761,7.41021663,158.65,14.85,0.00,258.14,0,-109.00,-18.00,0.00,0.00,37.00,0.00,0,313
128.16,1544519741,1217.37,51.49386890,7.41001421,159.08,14.81,0.00,258.11,0,-99.00,-13.00,0.00,0.00,40.00,0.00,0,34
128.16,1544519741,1217.38,51.49386890,7.41001421,159.08,14.81,0.00,258.11,0,-102.00,-16.00,0.00,0.00,39.00,0.00,0,65
129.16,1544519742,1232.16,51.49383951,7.40980503,159.56,14.67,0.00,257.93,0,-99.00,-13.00,0.00,0.00,40.00,0.00,0,34
129.16,1544519742,1232.17,51.49383951,7.40980503,159.56,14.67,0.00,257.93,0,-102.00,-16.00,0.00,0.00,39.00,0.00,0,65
130.16,1544519743,1246.78,51.49380960,7.40959959,159.86,14.49,0.00,258.09,0,-99.00,-18.00,0.00,0.00,45.00,0.00,0,38
130.16,1544519743,1246.78,51.49380960,7.40959959,159.86,14.49,0.00,258.09,0,-100.00,-13.00,0.00,0.00,39.00,0.00,0,450
130.16,1544519743,1246.78,51.49380960,7.40959959,159.86,14.49,0.00,258.09,0,-105.00,-20.00,0.00,0.00,40.00,0.00,0,76
130.16,1544519743,1246.80,51.49380960,7.40959959,159.86,14.49,0.00,258.09,0,-106.00,-20.00,0.00,0.00,40.00,0.00,0,313
131.16,1544519744,1261.36,51.49378195,7.40939961,160.19,14.47,0.00,258.16,0,-99.00,-18.00,0.00,0.00,45.00,0.00,0,38
131.16,1544519744,1261.36,51.49378195,7.40939961,160.19,14.47,0.00,258.16,0,-100.00,-13.00,0.00,0.00,39.00,0.00,0,450
131.17,1544519744,1261.37,51.49378195,7.40939961,160.19,14.47,0.00,258.16,0,-105.00,-20.00,0.00,0.00,40.00,0.00,0,76
131.17,1544519744,1261.39,51.49378195,7.40939961,160.19,14.47,0.00,258.16,0,-106.00,-20.00,0.00,0.00,40.00,0.00,0,313
132.16,1544519745,1275.80,51.49375585,7.40919758,160.42,14.55,0.00,258.04,0,-98.00,-14.00,0.00,0.00,41.00,0.00,0,38
132.16,1544519745,1275.81,51.49375585,7.40919758,160.42,14.55,0.00,258.04,0,-100.00,-16.00,0.00,0.00,41.00,0.00,0,65
132.16,1544519745,1275.83,51.49375585,7.40919758,160.42,14.55,0.00,258.04,0,-99.00,-12.00,0.00,0.00,40.00,0.00,0,450
133.16,1544519746,1290.37,51.49372946,7.40899873,160.50,14.68,0.00,257.99,0,-98.00,-14.00,0.00,0.00,41.00,0.00,0,38
133.17,1544519746,1290.39,51.49372946,7.40899873,160.50,14.68,0.00,257.99,0,-100.00,-16.00,0.00,0.00,41.00,0.00,0,65
133.17,1544519746,1290.40,51.49372946,7.40899873,160.50,14.68,0.00,257.99,0,-99.00,-12.00,0.00,0.00,40.00,0.00,0,450
134.16,1544519747,1305.04,51.49370135,7.40879139,160.62,14.95,0.00,257.77,0,-98.00,-13.00,0.00,0.00,40.00,0.00,0,38
134.17,1544519747,1305.07,51.49370135,7.40879139,160.62,14.95,0.00,257.77,0,-102.00,-17.00,0.00,0.00,40.00,0.00,0,65
134.17,1544519747,1305.07,51.49370135,7.40879139,160.62,14.95,0.00,257.77,0,-97.00,-12.00,0.00,0.00,40.00,0.00,0,450
135.16,1544519748,1319.98,51.49367296,7.40858111,160.83,15.13,0.00,258.31,0,-98.00,-13.00,0.00,0.00,40.00,0.00,0,38
135.16,1544519748,1319.99,51.49367296,7.40858111,160.83,15.13,0.00,258.31,0,-102.00,-17.00,0.00,0.00,40.00,0.00,0,65
135.16,1544519748,1320.01,51.49367296,7.40858111,160.83,15.13,0.00,258.31,0,-97.00,-12.00,0.00,0.00,40.00,0.00,0,450
136.16,1544519749,1335.10,51.49364485,7.40836535,161.08,15.17,0.00,258.60,0,-100.00,-15.00,0.00,0.00,40.00,0.00,0,38
136.16,1544519749,1335.12,51.49364485,7.40836535,161.08,15.17,0.00,258.60,0,-102.00,-17.00,0.00,0.00,40.00,0.00,0,65
136.16,1544519749,1335.12,51.49364485,7.40836535,161.08,15.17,0.00,258.60,0,-91.00,-12.00,0.00,0.00,47.00,0.00,0,450
137.16,1544519750,1350.27,51.49361600,7.40814940,161.28,15.29,0.00,258.54,0,-100.00,-15.00,0.00,0.00,40.00,0.00,0,38
137.16,1544519750,1350.29,51.49361600,7.40814940,161.28,15.29,0.00,258.54,0,-102.00,-17.00,0.00,0.00,40.00,0.00,0,65
137.16,1544519750,1350.30,51.49361600,7.40814940,161.28,15.29,0.00,258.54,0,-91.00,-12.00,0.00,0.00,47.00,0.00,0,450
138.16,1544519751,1365.57,51.49358672,7.40792874,161.73,15.08,0.00,258.07,0,-100.00,-15.00,0.00,0.00,40.00,0.00,0,38
138.16,1544519751,1365.57,51.49358672,7.40792874,161.73,15.08,0.00,258.07,0,-103.00,-17.00,0.00,0.00,40.00,0.00,0,65
138.16,1544519751,1365.59,51.49358672,7.40792874,161.73,15.08,0.00,258.07,0,-105.00,-20.00,0.00,0.00,40.00,0.00,0,52
138.17,1544519751,1365.60,51.49358672,7.40792874,161.73,15.08,0.00,258.07,0,-88.00,-12.00,0.00,0.00,50.00,0.00,0,450
139.16,1544519752,1380.64,51.49355971,7.40772212,162.04,14.79,0.00,257.93,0,-100.00,-15.00,0.00,0.00,40.00,0.00,0,38
139.16,1544519752,1380.65,51.49355971,7.40772212,162.04,14.79,0.00,257.93,0,-103.00,-17.00,0.00,0.00,40.00,0.00,0,65
139.16,1544519752,1380.66,51.49355971,7.40772212,162.04,14.79,0.00,257.93,0,-105.00,-20.00,0.00,0.00,40.00,0.00,0,52
139.17,1544519752,1380.68,51.49355971,7.40772212,162.04,14.79,0.00,257.93,0,-88.00,-12.00,0.00,0.00,50.00,0.00,0,450
140.17,1544519753,1395.58,51.49353142,7.40751434,162.36,14.69,0.00,258.14,0,-101.00,-16.00,0.00,0.00,40.00,0.00,0,38
140.17,1544519753,1395.59,51.49353142,7.40751434,162.36,14.69,0.00,258.14,0,-102.00,-16.00,0.00,0.00,40.00,0.00,0,65
140.17,1544519753,1395.60,51.49353142,7.40751434,162.36,14.69,0.00,258.14,0,-106.00,-20.00,0.00,0.00,40.00,0.00,0,47
140.18,1544519753,1395.62,51.49353142,7.40751434,162.36,14.69,0.00,258.14,0,-87.00,-11.00,0.00,0.00,52.00,0.00,0,450
141.17,1544519754,1410.16,51.49350421,7.40731064,162.61,14.62,0.00,257.67,0,-101.00,-16.00,0.00,0.00,40.00,0.00,0,38
141.17,1544519754,1410.17,51.49350421,7.40731064,162.61,14.62,0.00,257.67,0,-102.00,-16.00,0.00,0.00,40.00,0.00,0,65
141.17,1544519754,1410.17,51.49350421,7.40731064,162.61,14.62,0.00,257.67,0,-106.00,-20.00,0.00,0.00,40.00,0.00,0,47
141.17,1544519754,1410.19,51.49350421,7.40731064,162.61,14.62,0.00,257.67,0,-87.00,-11.00,0.00,0.00,52.00,0.00,0,450
142.16,1544519755,1424.74,51.49347524,7.40710660,162.82,14.55,0.00,258.03,0,-101.00,-16.00,0.00,0.00,40.00,0.00,0,38
142.16,1544519755,1424.75,51.49347524,7.40710660,162.82,14.55,0.00,258.03,0,-102.00,-16.00,0.00,0.00,40.00,0.00,0,65
142.16,1544519755,1424.77,51.49347524,7.40710660,162.82,14.55,0.00,258.03,0,-106.00,-20.00,0.00,0.00,40.00,0.00,0,47
142.16,1544519755,1424.77,51.49347524,7.40710660,162.82,14.55,0.00,258.03,0,-87.00,-11.00,0.00,0.00,52.00,0.00,0,450
143.16,1544519756,1439.31,51.49344522,7.40688878,163.05,14.46,0.00,258.20,0,-100.00,-17.00,0.00,0.00,42.00,0.00,0,38
143.17,1544519756,1439.33,51.49344522,7.40688878,163.05,14.46,0.00,258.20,0,-102.00,-19.00,0.00,0.00,42.00,0.00,0,65
143.17,1544519756,1439.34,51.49344522,7.40688878,163.05,14.46,0.00,258.20,0,-102.00,-19.00,0.00,0.00,41.00,0.00,0,16
143.17,1544519756,1439.34,51.49344522,7.40688878,163.05,14.46,0.00,258.20,0,-89.00,-12.00,0.00,0.00,49.00,0.00,0,450
144.16,1544519757,1453.77,51.49341631,7.40667781,162.99,14.48,0.00,257.64,0,-100.00,-17.00,0.00,0.00,42.00,0.00,0,38
144.17,1544519757,1453.78,51.49341631,7.40667781,162.99,14.48,0.00,257.64,0,-102.00,-19.00,0.00,0.00,42.00,0.00,0,65
144.17,1544519757,1453.78,51.49341631,7.40667781,162.99,14.48,0.00,257.64,0,-102.00,-19.00,0.00,0.00,41.00,0.00,0,16
144.17,1544519757,1453.80,51.49341631,7.40667781,162.99,14.48,0.00,257.64,0,-89.00,-12.00,0.00,0.00,49.00,0.00,0,450
145.16,1544519758,1468.22,51.49338998,7.40647518,163.05,14.57,0.00,257.79,0,-102.00,-17.00,0.00,0.00,40.00,0.00,0,38
145.16,1544519758,1468.23,51.49338998,7.40647518,163.05,14.57,0.00,257.79,0,-104.00,-19.00,0.00,0.00,40.00,0.00,0,65
145.16,1544519758,1468.25,51.49338998,7.40647518,163.05,14.57,0.00,257.79,0,-87.00,-12.00,0.00,0.00,51.00,0.00,0,450
146.16,1544519759,1482.82,51.49335980,7.40626510,163.28,14.63,0.00,258.15,0,-102.00,-17.00,0.00,0.00,40.00,0.00,0,38
146.17,1544519759,1482.84,51.49335980,7.40626510,163.28,14.63,0.00,258.15,0,-104.00,-19.00,0.00,0.00,40.00,0.00,0,65
146.17,1544519759,1482.85,51.49335980,7.40626510,163.28,14.63,0.00,258.15,0,-87.00,-12.00,0.00,0.00,51.00,0.00,0,450
147.16,1544519760,1497.46,51.49332856,7.40605183,163.57,14.78,0.00,257.88,0,-98.00,-18.00,0.00,0.00,45.00,0.00,0,35
147.17,1544519760,1497.47,51.49332856,7.40605183,163.57,14.78,0.00,257.88,0,-86.00,-11.00,0.00,0.00,52.00,0.00,0,450
148.16,1544519761,1512.20,51.49329848,7.40584234,163.81,14.82,0.00,257.79,0,-98.00,-18.00,0.00,0.00,45.00,0.00,0,35
148.16,1544519761,1512.22,51.49329848,7.40584234,163.81,14.82,0.00,257.79,0,-86.00,-11.00,0.00,0.00,52.00,0.00,0,450
149.16,1544519762,1527.02,51.49326840,7.40562823,164.18,15.17,0.00,258.22,0,-101.00,-15.00,0.00,0.00,39.00,0.00,0,35
149.16,1544519762,1527.04,51.49326840,7.40562823,164.18,15.17,0.00,258.22,0,-86.00,-12.00,0.00,0.00,53.00,0.00,0,450
150.16,1544519763,1542.20,51.49323884,7.40541406,164.41,15.54,0.00,258.35,0,-101.00,-15.00,0.00,0.00,39.00,0.00,0,35
150.16,1544519763,1542.21,51.49323884,7.40541406,164.41,15.54,0.00,258.35,0,-86.00,-12.00,0.00,0.00,53.00,0.00,0,450
151.17,1544519764,1557.81,51.49320795,7.40519086,164.70,15.64,0.00,258.34,0,-106.00,-16.00,0.00,0.00,36.00,0.00,0,38
151.17,1544519764,1557.83,51.49320795,7.40519086,164.70,15.64,0.00,258.34,0,-109.00,-19.00,0.00,0.00,36.00,0.00,0,35
151.17,1544519764,1557.83,51.49320795,7.40519086,164.70,15.64,0.00,258.34,0,-109.00,-19.00,0.00,0.00,35.00,0.00,0,316
151.17,1544519764,1557.84,51.49320795,7.40519086,164.70,15.64,0.00,258.34,0,-92.00,-13.00,0.00,0.00,46.00,0.00,0,450
152.16,1544519765,1573.38,51.49318075,7.40498053,164.74,15.30,0.00,258.19,0,-106.00,-16.00,0.00,0.00,36.00,0.00,0,38
152.16,1544519765,1573.39,51.49318075,7.40498053,164.74,15.30,0.00,258.19,0,-109.00,-19.00,0.00,0.00,36.00,0.00,0,35
152.16,1544519765,1573.41,51.49318075,7.40498053,164.74,15.30,0.00,258.19,0,-109.00,-19.00,0.00,0.00,35.00,0.00,0,316
152.17,1544519765,1573.42,51.49318075,7.40498053,164.74,15.30,0.00,258.19,0,-92.00,-13.00,0.00,0.00,46.00,0.00,0,450
153.16,1544519766,1588.69,51.49315185,7.40476502,164.83,15.03,0.00,257.91,0,-107.00,-18.00,0.00,0.00,36.00,0.00,0,38
153.16,1544519766,1588.69,51.49315185,7.40476502,164.83,15.03,0.00,257.91,0,-107.00,-18.00,0.00,0.00,36.00,0.00,0,52
153.16,1544519766,1588.70,51.49315185,7.40476502,164.83,15.03,0.00,257.91,0,-107.00,-18.00,0.00,0.00,35.00,0.00,0,35
153.17,1544519766,1588.72,51.49315185,7.40476502,164.83,15.03,0.00,257.91,0,-87.00,-12.00,0.00,0.00,51.00,0.00,0,450
154.16,1544519767,1603.71,51.49312089,7.40455624,164.79,14.77,0.00,257.36,0,-107.00,-18.00,0.00,0.00,36.00,0.00,0,38
154.16,1544519767,1603.73,51.49312089,7.40455624,164.79,14.77,0.00,257.36,0,-107.00,-18.00,0.00,0.00,36.00,0.00,0,52
154.17,1544519767,1603.74,51.49312089,7.40455624,164.79,14.77,0.00,257.36,0,-107.00,-18.00,0.00,0.00,35.00,0.00,0,35
154.17,1544519767,1603.74,51.49312089,7.40455624,164.79,14.77,0.00,257.36,0,-87.00,-12.00,0.00,0.00,51.00,0.00,0,450
155.16,1544519768,1618.49,51.49308936,7.40433585,164.87,14.53,0.00,258.11,0,-107.00,-16.00,0.00,0.00,35.00,0.00,0,38
155.17,1544519768,1618.51,51.49308936,7.40433585,164.87,14.53,0.00,258.11,0,-108.00,-16.00,0.00,0.00,34.00,0.00,0,35
155.17,1544519768,1618.51,51.49308936,7.40433585,164.87,14.53,0.00,258.11,0,-109.00,-19.00,0.00,0.00,35.00,0.00,0,436
155.17,1544519768,1618.52,51.49308936,7.40433585,164.87,14.53,0.00,258.11,0,-90.00,-12.00,0.00,0.00,48.00,0.00,0,450
156.16,1544519769,1633.01,51.49306127,7.40413576,165.02,14.34,0.00,258.27,0,-107.00,-16.00,0.00,0.00,35.00,0.00,0,38
156.16,1544519769,1633.02,51.49306127,7.40413576,165.02,14.34,0.00,258.27,0,-108.00,-16.00,0.00,0.00,34.00,0.00,0,35
156.17,1544519769,1633.03,51.49306127,7.40413576,165.02,14.34,0.00,258.27,0,-109.00,-19.00,0.00,0.00,35.00,0.00,0,436
156.17,1544519769,1633.05,51.49306127,7.40413576,165.02,14.34,0.00,258.27,0,-90.00,-12.00,0.00,0.00,48.00,0.00,0,450
157.16,1544519770,1647.34,51.49303389,7.40392896,165.07,14.09,0.00,258.97,0,-104.00,-15.00,0.00,0.00,36.00,0.00,0,35
157.16,1544519770,1647.34,51.49303389,7.40392896,165.07,14.09,0.00,258.97,0,-106.00,-17.00,0.00,0.00,37.00,0.00,0,436
157.16,1544519770,1647.36,51.49303389,7.40392896,165.07,14.09,0.00,258.97,0,-107.00,-18.00,0.00,0.00,37.00,0.00,0,398
157.17,1544519770,1647.37,51.49303389,7.40392896,165.07,14.09,0.00,258.97,0,-89.00,-12.00,0.00,0.00,49.00,0.00,0,450
158.16,1544519771,1661.44,51.49301355,7.40372975,165.15,14.17,0.00,260.52,0,-104.00,-15.00,0.00,0.00,36.00,0.00,0,35
158.16,1544519771,1661.45,51.49301355,7.40372975,165.15,14.17,0.00,260.52,0,-106.00,-17.00,0.00,0.00,37.00,0.00,0,436
158.17,1544519771,1661.47,51.49301355,7.40372975,165.15,14.17,0.00,260.52,0,-107.00,-18.00,0.00,0.00,37.00,0.00,0,398
158.17,1544519771,1661.48,51.49301355,7.40372975,165.15,14.17,0.00,260.52,0,-89.00,-12.00,0.00,0.00,49.00,0.00,0,450
159.16,1544519772,1675.61,51.49300058,7.40353271,165.16,14.22,0.00,263.01,0,-101.00,-14.00,0.00,0.00,39.00,0.00,0,398
159.16,1544519772,1675.61,51.49300058,7.40353271,165.16,14.22,0.00,263.01,0,-101.00,-15.00,0.00,0.00,39.00,0.00,0,35
159.16,1544519772,1675.63,51.49300058,7.40353271,165.16,14.22,0.00,263.01,0,-104.00,-18.00,0.00,0.00,39.00,0.00,0,38
159.17,1544519772,1675.64,51.49300058,7.40353271,165.16,14.22,0.00,263.01,0,-90.00,-12.00,0.00,0.00,48.00,0.00,0,450
160.16,1544519773,1689.83,51.49299383,7.40333191,165.09,14.43,0.00,264.81,0,-101.00,-14.00,0.00,0.00,39.00,0.00,0,398
160.16,1544519773,1689.85,51.49299383,7.40333191,165.09,14.43,0.00,264.81,0,-101.00,-15.00,0.00,0.00,39.00,0.00,0,35
160.17,1544519773,1689.86,51.49299383,7.40333191,165.09,14.43,0.00,264.81,0,-104.00,-18.00,0.00,0.00,39.00,0.00,0,38
160.17,1544519773,1689.86,51.49299383,7.40333191,165.09,14.43,0.00,264.81,0,-90.00,-12.00,0.00,0.00,48.00,0.00,0,450
161.17,1544519774,1704.38,51.49298608,7.40311305,165.09,14.64,0.00,265.96,0,-99.00,-11.00,0.00,0.00,38.00,0.00,0,398
161.17,1544519774,1704.39,51.49298608,7.40311305,165.09,14.64,0.00,265.96,0,-103.00,-15.00,0.00,0.00,37.00,0.00,0,35
161.17,1544519774,1704.39,51.49298608,7.40311305,165.09,14.64,0.00,265.96,0,-92.00,-12.00,0.00,0.00,46.00,0.00,0,450
162.16,1544519775,1718.89,51.49298148,7.40290513,164.97,14.72,0.00,266.92,0,-99.00,-11.00,0.00,0.00,38.00,0.00,0,398
162.16,1544519775,1718.89,51.49298148,7.40290513,164.97,14.72,0.00,266.92,0,-103.00,-15.00,0.00,0.00,37.00,0.00,0,35
162.16,1544519775,1718.90,51.49298148,7.40290513,164.97,14.72,0.00,266.92,0,-92.00,-12.00,0.00,0.00,46.00,0.00,0,450
163.16,1544519776,1733.61,51.49297868,7.40269370,164.80,14.21,0.00,267.64,0,-99.00,-11.00,0.00,0.00,38.00,0.00,0,398
163.16,1544519776,1733.62,51.49297868,7.40269370,164.80,14.21,0.00,267.64,0,-103.00,-15.00,0.00,0.00,37.00,0.00,0,35
163.16,1544519776,1733.64,51.49297868,7.40269370,164.80,14.21,0.00,267.64,0,-92.00,-12.00,0.00,0.00,46.00,0.00,0,450
164.16,1544519777,1747.83,51.49297700,7.40250394,164.40,12.98,0.00,268.40,0,-103.00,-15.00,0.00,0.00,37.00,0.00,0,398
164.16,1544519777,1747.84,51.49297700,7.40250394,164.40,12.98,0.00,268.40,0,-105.00,-17.00,0.00,0.00,38.00,0.00,0,38
164.17,1544519777,1747.85,51.49297700,7.40250394,164.40,12.98,0.00,268.40,0,-106.00,-17.00,0.00,0.00,37.00,0.00,0,436
164.17,1544519777,1747.87,51.49297700,7.40250394,164.40,12.98,0.00,268.40,0,-91.00,-12.00,0.00,0.00,47.00,0.00,0,450
165.16,1544519778,1760.80,51.49297888,7.40232534,164.12,11.66,0.00,269.46,0,-103.00,-15.00,0.00,0.00,37.00,0.00,0,398
165.17,1544519778,1760.83,51.49297888,7.40232534,164.12,11.66,0.00,269.46,0,-105.00,-17.00,0.00,0.00,38.00,0.00,0,38
165.17,1544519778,1760.83,51.49297888,7.40232534,164.12,11.66,0.00,269.46,0,-106.00,-17.00,0.00,0.00,37.00,0.00,0,436
165.17,1544519778,1760.84,51.49297888,7.40232534,164.12,11.66,0.00,269.46,0,-91.00,-12.00,0.00,0.00,47.00,0.00,0,450
166.16,1544519779,1772.46,51.49298380,7.40216588,163.73,10.77,0.00,270.51,0,-99.00,-17.00,0.00,0.00,44.00,0.00,0,34
166.16,1544519779,1772.48,51.49298380,7.40216588,163.73,10.77,0.00,270.51,0,-91.00,-12.00,0.00,0.00,47.00,0.00,0,450
167.16,1544519780,1783.16,51.49298727,7.40202025,163.36,8.91,0.00,271.17,0,-99.00,-17.00,0.00,0.00,44.00,0.00,0,34
167.16,1544519780,1783.17,51.49298727,7.40202025,163.36,8.91,0.00,271.17,0,-91.00,-12.00,0.00,0.00,47.00,0.00,0,450
168.16,1544519781,1792.10,51.49297531,7.40190323,163.16,7.25,0.00,254.55,0,-92.00,-15.00,0.00,0.00,49.00,0.00,0,34
169.16,1544519782,1799.33,51.49293528,7.40180252,163.27,6.56,0.00,229.39,0,-92.00,-15.00,0.00,0.00,49.00,0.00,0,34
170.16,1544519783,1805.90,51.49287885,7.40177832,163.53,7.64,0.00,195.69,0,-100.00,-17.00,0.00,0.00,42.00,0.00,0,436
170.16,1544519783,1805.91,51.49287885,7.40177832,163.53,7.64,0.00,195.69,0,-100.00,-16.00,0.00,0.00,41.00,0.00,0,34
171.16,1544519784,1813.57,51.49281507,7.40178104,163.77,8.65,0.00,179.66,0,-100.00,-17.00,0.00,0.00,42.00,0.00,0,436
171.16,1544519784,1813.57,51.49281507,7.40178104,163.77,8.65,0.00,179.66,0,-100.00,-16.00,0.00,0.00,41.00,0.00,0,34
172.16,1544519785,1822.20,51.49272879,7.40178414,163.41,9.82,0.00,180.26,0,-103.00,-18.00,0.00,0.00,40.00,0.00,0,34
172.16,1544519785,1822.22,51.49272879,7.40178414,163.41,9.82,0.00,180.26,0,-103.00,-18.00,0.00,0.00,40.00,0.00,0,38
173.18,1544519786,1832.16,51.49261635,7.40177944,162.83,11.49,0.00,179.49,0,-103.00,-18.00,0.00,0.00,40.00,0.00,0,34
173.18,1544519786,1832.17,51.49261635,7.40177944,162.83,11.49,0.00,179.49,0,-103.00,-18.00,0.00,0.00,40.00,0.00,0,38
174.16,1544519787,1843.50,51.49250355,7.40177757,162.29,12.00,0.00,179.93,0,-105.00,-18.00,0.00,0.00,38.00,0.00,0,38
174.16,1544519787,1843.52,51.49250355,7.40177757,162.29,12.00,0.00,179.93,0,-105.00,-18.00,0.00,0.00,38.00,0.00,0,34
174.16,1544519787,1843.52,51.49250355,7.40177757,162.29,12.00,0.00,179.93,0,-90.00,-9.00,0.00,0.00,46.00,0.00,0,450
175.16,1544519788,1855.51,51.49239195,7.40178253,162.16,12.33,0.00,180.55,0,-105.00,-18.00,0.00,0.00,38.00,0.00,0,38
175.16,1544519788,1855.52,51.49239195,7.40178253,162.16,12.33,0.00,180.55,0,-105.00,-18.00,0.00,0.00,38.00,0.00,0,34
175.16,1544519788,1855.53,51.49239195,7.40178253,162.16,12.33,0.00,180.55,0,-90.00,-9.00,0.00,0.00,46.00,0.00,0,450
176.16,1544519789,1867.83,51.49228600,7.40178311,162.05,12.39,0.00,180.28,0,-104.00,-16.00,0.00,0.00,37.00,0.00,0,38
176.16,1544519789,1867.83,51.49228600,7.40178311,162.05,12.39,0.00,180.28,0,-107.00,-19.00,0.00,0.00,37.00,0.00,0,34
177.16,1544519790,1880.23,51.49218657,7.40177696,161.54,12.01,0.00,180.45,0,-104.00,-16.00,0.00,0.00,37.00,0.00,0,38
177.16,1544519790,1880.24,51.49218657,7.40177696,161.54,12.01,0.00,180.45,0,-107.00,-19.00,0.00,0.00,37.00,0.00,0,34
178.16,1544519791,1892.23,51.49208020,7.40177699,160.96,11.86,0.00,179.87,0,-105.00,-16.00,0.00,0.00,36.00,0.00,0,38
178.16,1544519791,1892.24,51.49208020,7.40177699,160.96,11.86,0.00,179.87,0,-107.00,-18.00,0.00,0.00,37.00,0.00,0,34
178.16,1544519791,1892.25,51.49208020,7.40177699,160.96,11.86,0.00,179.87,0,-109.00,-20.00,0.00,0.00,36.00,0.00,0,16
179.16,1544519792,1904.10,51.49196906,7.40178058,160.42,12.35,0.00,178.68,0,-105.00,-16.00,0.00,0.00,36.00,0.00,0,38
179.16,1544519792,1904.11,51.49196906,7.40178058,160.42,12.35,0.00,178.68,0,-107.00,-18.00,0.00,0.00,37.00,0.00,0,34
179.16,1544519792,1904.13,51.49196906,7.40178058,160.42,12.35,0.00,178.68,0,-109.00,-20.00,0.00,0.00,36.00,0.00,0,16
180.16,1544519793,1916.44,51.49186159,7.40178692,159.91,12.73,0.00,177.72,0,-103.00,-16.00,0.00,0.00,38.00,0.00,0,38
180.16,1544519793,1916.45,51.49186159,7.40178692,159.91,12.73,0.00,177.72,0,0.00,0.00,0.00,0.00,63.00,0.00,0,130
181.16,1544519794,1929.17,51.49173769,7.40179610,160.29,12.73,0.00,178.28,0,-103.00,-16.00,0.00,0.00,38.00,0.00,0,38
181.16,1544519794,1929.18,51.49173769,7.40179610,160.29,12.73,0.00,178.28,0,0.00,0.00,0.00,0.00,63.00,0.00,0,130
182.16,1544519795,1941.91,51.49160630,7.40180251,161.54,13.05,0.00,179.27,0,-106.00,-15.00,0.00,0.00,35.00,0.00,0,38
182.16,1544519795,1941.92,51.49160630,7.40180251,161.54,13.05,0.00,179.27,0,-109.00,-18.00,0.00,0.00,35.00,0.00,0,316
182.16,1544519795,1941.94,51.49160630,7.40180251,161.54,13.05,0.00,179.27,0,-110.00,-18.00,0.00,0.00,34.00,0.00,0,34
182.17,1544519795,1941.95,51.49160630,7.40180251,161.54,13.05,0.00,179.27,0,0.00,0.00,0.00,0.00,63.00,0.00,0,130
183.16,1544519796,1954.97,51.49149121,7.40179711,163.12,12.90,0.00,181.03,0,-106.00,-15.00,0.00,0.00,35.00,0.00,0,38
183.16,1544519796,1954.98,51.49149121,7.40179711,163.12,12.90,0.00,181.03,0,-109.00,-18.00,0.00,0.00,35.00,0.00,0,316
183.17,1544519796,1955.00,51.49149121,7.40179711,163.12,12.90,0.00,181.03,0,-110.00,-18.00,0.00,0.00,34.00,0.00,0,34
183.17,1544519796,1955.01,51.49149121,7.40179711,163.12,12.90,0.00,181.03,0,0.00,0.00,0.00,0.00,63.00,0.00,0,130
184.17,1544519797,1968.00,51.49139316,7.40178917,164.19,13.26,0.00,182.49,0,-102.00,-14.00,0.00,0.00,37.00,0.00,0,38
184.17,1544519797,1968.01,51.49139316,7.40178917,164.19,13.26,0.00,182.49,0,-106.00,-17.00,0.00,0.00,37.00,0.00,0,34
184.17,1544519797,1968.01,51.49139316,7.40178917,164.19,13.26,0.00,182.49,0,-108.00,-20.00,0.00,0.00,37.00,0.00,0,316
184.18,1544519797,1968.03,51.49139316,7.40178917,164.19,13.26,0.00,182.49,0,0.00,0.00,0.00,0.00,63.00,0.00,0,130
185.16,1544519798,1981.13,51.49128081,7.40177721,164.93,13.44,0.00,182.95,0,-102.00,-14.00,0.00,0.00,37.00,0.00,0,38
185.16,1544519798,1981.14,51.49128081,7.40177721,164.93,13.44,0.00,182.95,0,-106.00,-17.00,0.00,0.00,37.00,0.00,0,34
185.17,1544519798,1981.16,51.49128081,7.40177721,164.93,13.44,0.00,182.95,0,-108.00,-20.00,0.00,0.00,37.00,0.00,0,316
185.17,1544519798,1981.16,51.49128081,7.40177721,164.93,13.44,0.00,182.95,0,0.00,0.00,0.00,0.00,63.00,0.00,0,130
186.16,1544519799,1994.56,51.49117343,7.40176385,165.33,13.40,0.00,182.21,0,-102.00,-14.00,0.00,0.00,37.00,0.00,0,38
186.16,1544519799,1994.57,51.49117343,7.40176385,165.33,13.40,0.00,182.21,0,-106.00,-17.00,0.00,0.00,37.00,0.00,0,34
186.16,1544519799,1994.59,51.49117343,7.40176385,165.33,13.40,0.00,182.21,0,-108.00,-20.00,0.00,0.00,37.00,0.00,0,316
186.17,1544519799,1994.60,51.49117343,7.40176385,165.33,13.40,0.00,182.21,0,0.00,0.00,0.00,0.00,63.00,0.00,0,130
187.16,1544519800,2007.98,51.49105254,7.40175334,165.57,14.34,0.00,181.64,0,-102.00,-15.00,0.00,0.00,38.00,0.00,0,38
187.16,1544519800,2007.99,51.49105254,7.40175334,165.57,14.34,0.00,181.64,0,-105.00,-17.00,0.00,0.00,37.00,0.00,0,34
187.17,1544519800,2008.01,51.49105254,7.40175334,165.57,14.34,0.00,181.64,0,0.00,0.00,0.00,0.00,63.00,0.00,0,130
188.16,1544519801,2022.30,51.49091518,7.40174782,165.81,14.80,0.00,181.30,0,-102.00,-15.00,0.00,0.00,38.00,0.00,0,38
188.16,1544519801,2022.30,51.49091518,7.40174782,165.81,14.80,0.00,181.30,0,-105.00,-17.00,0.00,0.00,37.00,0.00,0,34
188.16,1544519801,2022.32,51.49091518,7.40174782,165.81,14.80,0.00,181.30,0,0.00,0.00,0.00,0.00,63.00,0.00,0,130
189.16,1544519802,2037.11,51.49077840,7.40174221,165.93,15.33,0.00,180.72,0,-105.00,-12.00,0.00,0.00,33.00,0.00,0,38
189.16,1544519802,2037.11,51.49077840,7.40174221,165.93,15.33,0.00,180.72,0,-109.00,-16.00,0.00,0.00,32.00,0.00,0,34
189.16,1544519802,2037.13,51.49077840,7.40174221,165.93,15.33,0.00,180.72,0,-110.00,-17.00,0.00,0.00,33.00,0.00,0,52
189.17,1544519802,2037.14,51.49077840,7.40174221,165.93,15.33,0.00,180.72,0,0.00,0.00,0.00,0.00,63.00,0.00,0,130
190.16,1544519803,2052.45,51.49064360,7.40174135,166.06,15.64,0.00,179.94,0,-105.00,-12.00,0.00,0.00,33.00,0.00,0,38
190.16,1544519803,2052.46,51.49064360,7.40174135,166.06,15.64,0.00,179.94,0,-109.00,-16.00,0.00,0.00,32.00,0.00,0,34
190.16,1544519803,2052.46,51.49064360,7.40174135,166.06,15.64,0.00,179.94,0,-110.00,-17.00,0.00,0.00,33.00,0.00,0,52
190.17,1544519803,2052.48,51.49064360,7.40174135,166.06,15.64,0.00,179.94,0,0.00,0.00,0.00,0.00,63.00,0.00,0,130
191.16,1544519804,2068.11,51.49050057,7.40174306,166.18,15.68,0.00,179.70,0,-108.00,-16.00,0.00,0.00,34.00,0.00,0,52
191.17,1544519804,2068.12,51.49050057,7.40174306,166.18,15.68,0.00,179.70,0,-109.00,-17.00,0.00,0.00,34.00,0.00,0,316
191.17,1544519804,2068.12,51.49050057,7.40174306,166.18,15.68,0.00,179.70,0,-109.00,-17.00,0.00,0.00,34.00,0.00,0,38
191.17,1544519804,2068.14,51.49050057,7.40174306,166.18,15.68,0.00,179.70,0,0.00,0.00,0.00,0.00,63.00,0.00,0,130
191.17,1544519804,2068.15,51.49050057,7.40174306,166.18,15.68,0.00,179.70,0,-225.00,-225.00,0.00,0.00,63.00,0.00,0,149
192.16,1544519805,2083.79,51.49035478,7.40174472,166.42,15.75,0.00,179.51,0,-108.00,-16.00,0.00,0.00,34.00,0.00,0,52
192.17,1544519805,2083.80,51.49035478,7.40174472,166.42,15.75,0.00,179.51,0,-109.00,-17.00,0.00,0.00,34.00,0.00,0,316
192.17,1544519805,2083.82,51.49035478,7.40174472,166.42,15.75,0.00,179.51,0,-109.00,-17.00,0.00,0.00,34.00,0.00,0,38
192.17,1544519805,2083.82,51.49035478,7.40174472,166.42,15.75,0.00,179.51,0,0.00,0.00,0.00,0.00,63.00,0.00,0,130
192.17,1544519805,2083.83,51.49035478,7.40174472,166.42,15.75,0.00,179.51,0,-225.00,-225.00,0.00,0.00,63.00,0.00,0,149
193.16,1544519806,2099.50,51.49021152,7.40174759,166.62,15.47,0.00,179.42,0,-108.00,-16.00,0.00,0.00,33.00,0.00,0,38
193.16,1544519806,2099.52,51.49021152,7.40174759,166.62,15.47,0.00,179.42,0,-108.00,-16.00,0.00,0.00,33.00,0.00,0,52
193.16,1544519806,2099.53,51.49021152,7.40174759,166.62,15.47,0.00,179.42,0,-111.00,-19.00,0.00,0.00,33.00,0.00,0,34
193.17,1544519806,2099.55,51.49021152,7.40174759,166.62,15.47,0.00,179.42,0,0.00,0.00,0.00,0.00,63.00,0.00,0,130
194.16,1544519807,2114.98,51.49008044,7.40175140,167.62,14.54,0.00,178.88,0,-108.00,-16.00,0.00,0.00,33.00,0.00,0,38
194.16,1544519807,2115.00,51.49008044,7.40175140,167.62,14.54,0.00,178.88,0,-108.00,-16.00,0.00,0.00,33.00,0.00,0,52
194.17,1544519807,2115.01,51.49008044,7.40175140,167.62,14.54,0.00,178.88,0,-111.00,-19.00,0.00,0.00,33.00,0.00,0,34
194.17,1544519807,2115.03,51.49008044,7.40175140,167.62,14.54,0.00,178.88,0,0.00,0.00,0.00,0.00,63.00,0.00,0,130
195.16,1544519808,2129.52,51.48994392,7.40175418,169.22,13.95,0.00,179.37,0,-106.00,-13.00,0.00,0.00,32.00,0.00,0,38
195.16,1544519808,2129.54,51.48994392,7.40175418,169.22,13.95,0.00,179.37,0,-111.00,-18.00,0.00,0.00,32.00,0.00,0,34
195.17,1544519808,2129.55,51.48994392,7.40175418,169.22,13.95,0.00,179.37,0,-111.00,-17.00,0.00,0.00,32.00,0.00,0,52
195.17,1544519808,2129.55,51.48994392,7.40175418,169.22,13.95,0.00,179.37,0,0.00,0.00,0.00,0.00,63.00,0.00,0,130
196.17,1544519809,2143.51,51.48983561,7.40175610,170.39,11.86,0.00,179.89,0,-106.00,-13.00,0.00,0.00,32.00,0.00,0,38
196.17,1544519809,2143.54,51.48983561,7.40175610,170.39,11.86,0.00,179.89,0,-111.00,-18.00,0.00,0.00,32.00,0.00,0,34
196.17,1544519809,2143.55,51.48983561,7.40175610,170.39,11.86,0.00,179.89,0,-111.00,-17.00,0.00,0.00,32.00,0.00,0,52
196.17,1544519809,2143.57,51.48983561,7.40175610,170.39,11.86,0.00,179.89,0,0.00,0.00,0.00,0.00,63.00,0.00,0,130
197.16,1544519810,2155.31,51.48973728,7.40175684,172.12,9.76,0.00,180.03,0,-106.00,-14.00,0.00,0.00,35.00,0.00,0,316
198.16,1544519811,2165.07,51.48966203,7.40176245,173.37,6.74,0.00,179.43,0,-106.00,-14.00,0.00,0.00,35.00,0.00,0,316
199.16,1544519812,2171.78,51.48961327,7.40176904,173.45,3.96,0.00,179.90,0,-106.00,-18.00,0.00,0.00,39.00,0.00,0,52
199.16,1544519812,2171.78,51.48961327,7.40176904,173.45,3.96,0.00,179.90,0,-106.00,-18.00,0.00,0.00,38.00,0.00,0,436
199.16,1544519812,2171.78,51.48961327,7.40176904,173.45,3.96,0.00,179.90,0,-106.00,-19.00,0.00,0.00,39.00,0.00,0,316
199.16,1544519812,2171.78,51.48961327,7.40176904,173.45,3.96,0.00,179.90,0,-88.00,-10.00,0.00,0.00,48.00,0.00,0,451
199.16,1544519812,2171.78,51.48961327,7.40176904,173.45,3.96,0.00,179.90,0,-90.00,-11.00,0.00,0.00,48.00,0.00,0,450
200.16,1544519813,2175.76,51.48959564,7.40176973,173.47,0.88,0.00,180.38,0,-106.00,-18.00,0.00,0.00,39.00,0.00,0,52
200.17,1544519813,2175.76,51.48959564,7.40176973,173.47,0.88,0.00,180.38,0,-106.00,-18.00,0.00,0.00,38.00,0.00,0,436
200.17,1544519813,2175.76,51.48959564,7.40176973,173.47,0.88,0.00,180.38,0,-106.00,-19.00,0.00,0.00,39.00,0.00,0,316
200.17,1544519813,2175.76,51.48959564,7.40176973,173.47,0.88,0.00,180.38,0,-88.00,-10.00,0.00,0.00,48.00,0.00,0,451
200.17,1544519813,2175.76,51.48959564,7.40176973,173.47,0.88,0.00,180.38,0,-90.00,-11.00,0.00,0.00,48.00,0.00,0,450
201.16,1544519814,2176.63,51.48959564,7.40176973,173.47,0.00,0.00,180.38,0,-103.00,-14.00,0.00,0.00,37.00,0.00,0,316
201.16,1544519814,2176.63,51.48959564,7.40176973,173.47,0.00,0.00,180.38,0,-108.00,-19.00,0.00,0.00,36.00,0.00,0,34
201.16,1544519814,2176.63,51.48959564,7.40176973,173.47,0.00,0.00,180.38,0,-109.00,-19.00,0.00,0.00,36.00,0.00,0,52
202.16,1544519815,2176.63,51.48959564,7.40176973,173.48,0.00,0.00,180.38,0,-103.00,-14.00,0.00,0.00,37.00,0.00,0,316
202.16,1544519815,2176.63,51.48959564,7.40176973,173.48,0.00,0.00,180.38,0,-108.00,-19.00,0.00,0.00,36.00,0.00,0,34
202.16,1544519815,2176.63,51.48959564,7.40176973,173.48,0.00,0.00,180.38,0,-109.00,-19.00,0.00,0.00,36.00,0.00,0,52
203.16,1544519816,2176.63,51.48959564,7.40176973,173.49,0.00,0.00,180.38,0,-103.00,-14.00,0.00,0.00,37.00,0.00,0,316
203.16,1544519816,2176.63,51.48959564,7.40176973,173.49,0.00,0.00,180.38,0,-108.00,-19.00,0.00,0.00,37.00,0.00,0,52
203.17,1544519816,2176.63,51.48959564,7.40176973,173.49,0.00,0.00,180.38,0,-109.00,-19.00,0.00,0.00,37.00,0.00,0,16
204.16,1544519817,2176.63,51.48959564,7.40176973,173.50,0.00,0.00,180.38,0,-103.00,-14.00,0.00,0.00,37.00,0.00,0,316
204.16,1544519817,2176.63,51.48959564,7.40176973,173.50,0.00,0.00,180.38,0,-108.00,-19.00,0.00,0.00,37.00,0.00,0,52
204.16,1544519817,2176.63,51.48959564,7.40176973,173.50,0.00,0.00,180.38,0,-109.00,-19.00,0.00,0.00,37.00,0.00,0,16
205.17,1544519818,2176.63,51.48959564,7.40176973,173.51,0.00,0.00,180.38,0,-103.00,-13.00,0.00,0.00,36.00,0.00,0,316
205.17,1544519818,2176.63,51.48959564,7.40176973,173.51,0.00,0.00,180.38,0,-108.00,-18.00,0.00,0.00,36.00,0.00,0,52
205.17,1544519818,2176.63,51.48959564,7.40176973,173.51,0.00,0.00,180.38,0,-109.00,-18.00,0.00,0.00,35.00,0.00,0,16
206.16,1544519819,2176.63,51.48959564,7.40176973,173.51,0.00,0.00,180.38,0,-103.00,-13.00,0.00,0.00,36.00,0.00,0,316
206.16,1544519819,2176.63,51.48959564,7.40176973,173.51,0.00,0.00,180.38,0,-108.00,-18.00,0.00,0.00,36.00,0.00,0,52
206.17,1544519819,2176.63,51.48959564,7.40176973,173.51,0.00,0.00,180.38,0,-109.00,-18.00,0.00,0.00,35.00,0.00,0,16
207.16,1544519820,2176.63,51.48959564,7.40176973,173.52,0.00,0.00,180.38,0,-103.00,-13.00,0.00,0.00,36.00,0.00,0,316
207.16,1544519820,2176.63,51.48959564,7.40176973,173.52,0.00,0.00,180.38,0,-108.00,-18.00,0.00,0.00,36.00,0.00,0,52
207.16,1544519820,2176.63,51.48959564,7.40176973,173.52,0.00,0.00,180.38,0,-109.00,-18.00,0.00,0.00,35.00,0.00,0,16
208.16,1544519821,2176.63,51.48959564,7.40176973,173.52,0.00,0.00,180.38,0,-103.00,-14.00,0.00,0.00,38.00,0.00,0,316
208.17,1544519821,2176.63,51.48959564,7.40176973,173.52,0.00,0.00,180.38,0,-107.00,-19.00,0.00,0.00,38.00,0.00,0,16
208.17,1544519821,2176.63,51.48959564,7.40176973,173.52,0.00,0.00,180.38,0,-108.00,-19.00,0.00,0.00,37.00,0.00,0,52
209.16,1544519822,2176.63,51.48959564,7.40176973,173.53,0.00,0.00,180.38,0,-103.00,-14.00,0.00,0.00,38.00,0.00,0,316
209.16,1544519822,2176.63,51.48959564,7.40176973,173.53,0.00,0.00,180.38,0,-107.00,-19.00,0.00,0.00,38.00,0.00,0,16
209.16,1544519822,2176.63,51.48959564,7.40176973,173.53,0.00,0.00,180.38,0,-108.00,-19.00,0.00,0.00,37.00,0.00,0,52
210.18,1544519823,2176.63,51.48959564,7.40176973,173.54,0.00,0.00,180.38,0,-103.00,-15.00,0.00,0.00,38.00,0.00,0,316
210.18,1544519823,2176.63,51.48959564,7.40176973,173.54,0.00,0.00,180.38,0,-108.00,-19.00,0.00,0.00,38.00,0.00,0,16
210.18,1544519823,2176.63,51.48959564,7.40176973,173.54,0.00,0.00,180.38,0,-108.00,-20.00,0.00,0.00,37.00,0.00,0,52
210.18,1544519823,2176.63,51.48959564,7.40176973,173.54,0.00,0.00,180.38,0,-90.00,-10.00,0.00,0.00,46.00,0.00,0,450
210.18,1544519823,2176.63,51.48959564,7.40176973,173.54,0.00,0.00,180.38,0,-93.00,-12.00,0.00,0.00,47.00,0.00,0,451
211.17,1544519824,2176.63,51.48959564,7.40176973,173.54,0.00,0.00,180.38,0,-103.00,-15.00,0.00,0.00,38.00,0.00,0,316
211.17,1544519824,2176.63,51.48959564,7.40176973,173.54,0.00,0.00,180.38,0,-108.00,-19.00,0.00,0.00,38.00,0.00,0,16
211.17,1544519824,2176.63,51.48959564,7.40176973,173.54,0.00,0.00,180.38,0,-108.00,-20.00,0.00,0.00,37.00,0.00,0,52
211.17,1544519824,2176.63,51.48959564,7.40176973,173.54,0.00,0.00,180.38,0,-90.00,-10.00,0.00,0.00,46.00,0.00,0,450
211.17,1544519824,2176.63,51.48959564,7.40176973,173.54,0.00,0.00,180.38,0,-93.00,-12.00,0.00,0.00,47.00,0.00,0,451
212.16,1544519825,2176.63,51.48959564,7.40176973,173.55,0.00,0.00,180.38,0,-103.00,-14.00,0.00,0.00,37.00,0.00,0,316
212.16,1544519825,2176.63,51.48959564,7.40176973,173.55,0.00,0.00,180.38,0,-108.00,-19.00,0.00,0.00,37.00,0.00,0,16
212.16,1544519825,2176.63,51.48959564,7.40176973,173.55,0.00,0.00,180.38,0,-108.00,-19.00,0.00,0.00,36.00,0.00,0,52
213.16,1544519826,2176.63,51.48959564,7.40176973,173.56,0.00,0.00,180.38,0,-103.00,-14.00,0.00,0.00,37.00,0.00,0,316
213.16,1544519826,2176.63,51.48959564,7.40176973,173.56,0.00,0.00,180.38,0,-108.00,-19.00,0.00,0.00,37.00,0.00,0,16
213.17,1544519826,2176.63,51.48959564,7.40176973,173.56,0.00,0.00,180.38,0,-108.00,-19.00,0.00,0.00,36.00,0.00,0,52
214.16,1544519827,2176.63,51.48959564,7.40176973,173.57,0.00,0.00,180.38,0,-103.00,-14.00,0.00,0.00,37.00,0.00,0,316
214.16,1544519827,2176.63,51.48959564,7.40176973,173.57,0.00,0.00,180.38,0,-108.00,-19.00,0.00,0.00,36.00,0.00,0,16
214.16,1544519827,2176.63,51.48959564,7.40176973,173.57,0.00,0.00,180.38,0,-108.00,-19.00,0.00,0.00,36.00,0.00,0,52
215.16,1544519828,2176.63,51.48959564,7.40176973,173.59,0.00,0.00,180.38,0,-103.00,-14.00,0.00,0.00,37.00,0.00,0,316
215.16,1544519828,2176.63,51.48959564,7.40176973,173.59,0.00,0.00,180.38,0,-108.00,-19.00,0.00,0.00,36.00,0.00,0,16
215.16,1544519828,2176.63,51.48959564,7.40176973,173.59,0.00,0.00,180.38,0,-108.00,-19.00,0.00,0.00,36.00,0.00,0,52
216.16,1544519829,2176.63,51.48959564,7.40176973,173.60,0.00,0.00,180.38,0,-103.00,-14.00,0.00,0.00,37.00,0.00,0,316
216.16,1544519829,2176.63,51.48959564,7.40176973,173.60,0.00,0.00,180.38,0,-107.00,-18.00,0.00,0.00,36.00,0.00,0,52
217.16,1544519830,2176.63,51.48959564,7.40176973,173.61,0.00,0.00,180.38,0,-103.00,-14.00,0.00,0.00,37.00,0.00,0,316
217.16,1544519830,2176.63,51.48959564,7.40176973,173.61,0.00,0.00,180.38,0,-107.00,-18.00,0.00,0.00,36.00,0.00,0,52
218.16,1544519831,2176.63,51.48959564,7.40176973,173.62,0.00,0.00,180.38,0,-103.00,-14.00,0.00,0.00,37.00,0.00,0,316
218.16,1544519831,2176.63,51.48959564,7.40176973,173.62,0.00,0.00,180.38,0,-108.00,-18.00,0.00,0.00,36.00,0.00,0,52
218.17,1544519831,2176.63,51.48959564,7.40176973,173.62,0.00,0.00,180.38,0,-109.00,-19.00,0.00,0.00,36.00,0.00,0,436
218.17,1544519831,2176.63,51.48959564,7.40176973,173.62,0.00,0.00,180.38,0,-90.00,-12.00,0.00,0.00,48.00,0.00,0,450
218.17,1544519831,2176.63,51.48959564,7.40176973,173.62,0.00,0.00,180.38,0,-91.00,-13.00,0.00,0.00,48.00,0.00,0,451
219.16,1544519832,2176.63,51.48959564,7.40176973,173.62,0.00,0.00,180.38,0,-103.00,-14.00,0.00,0.00,37.00,0.00,0,316
219.17,1544519832,2176.63,51.48959564,7.40176973,173.62,0.00,0.00,180.38,0,-108.00,-18.00,0.00,0.00,36.00,0.00,0,52
219.17,1544519832,2176.63,51.48959564,7.40176973,173.62,0.00,0.00,180.38,0,-109.00,-19.00,0.00,0.00,36.00,0.00,0,436
219.17,1544519832,2176.63,51.48959564,7.40176973,173.62,0.00,0.00,180.38,0,-90.00,-12.00,0.00,0.00,48.00,0.00,0,450
219.17,1544519832,2176.63,51.48959564,7.40176973,173.62,0.00,0.00,180.38,0,-91.00,-13.00,0.00,0.00,48.00,0.00,0,451
220.16,1544519833,2176.63,51.48959564,7.40176973,173.62,0.00,0.00,180.38,0,-102.00,-14.00,0.00,0.00,38.00,0.00,0,316
220.16,1544519833,2176.63,51.48959564,7.40176973,173.62,0.00,0.00,180.38,0,-107.00,-19.00,0.00,0.00,38.00,0.00,0,52
221.16,1544519834,2176.63,51.48959564,7.40176973,173.57,0.00,0.00,183.36,0,-102.00,-14.00,0.00,0.00,38.00,0.00,0,316
221.16,1544519834,2176.63,51.48959564,7.40176973,173.57,0.00,0.00,183.36,0,-107.00,-19.00,0.00,0.00,38.00,0.00,0,52
222.16,1544519835,2176.63,51.48959564,7.40176973,173.51,0.00,0.00,182.74,0,-105.00,-16.00,0.00,0.00,36.00,0.00,0,16
222.16,1544519835,2176.63,51.48959564,7.40176973,173.51,0.00,0.00,182.74,0,-105.00,-16.00,0.00,0.00,36.00,0.00,0,316
222.16,1544519835,2176.63,51.48959564,7.40176973,173.51,0.00,0.00,182.74,0,-107.00,-17.00,0.00,0.00,35.00,0.00,0,436
223.16,1544519836,2176.64,51.48950739,7.40174548,173.49,3.45,0.00,181.87,0,-105.00,-16.00,0.00,0.00,36.00,0.00,0,16
223.16,1544519836,2176.64,51.48950739,7.40174548,173.49,3.45,0.00,181.87,0,-105.00,-16.00,0.00,0.00,36.00,0.00,0,316
223.16,1544519836,2176.64,51.48950739,7.40174548,173.49,3.45,0.00,181.87,0,-107.00,-17.00,0.00,0.00,35.00,0.00,0,436
224.16,1544519837,2180.09,51.48948234,7.40174013,173.48,3.01,0.00,181.30,0,-103.00,-13.00,0.00,0.00,35.00,0.00,0,27
224.16,1544519837,2180.09,51.48948234,7.40174013,173.48,3.01,0.00,181.30,0,-105.00,-14.00,0.00,0.00,34.00,0.00,0,316
224.17,1544519837,2180.10,51.48948234,7.40174013,173.48,3.01,0.00,181.30,0,-106.00,-16.00,0.00,0.00,35.00,0.00,0,436
224.17,1544519837,2180.10,51.48948234,7.40174013,173.48,3.01,0.00,181.30,0,-225.00,-225.00,0.00,0.00,63.00,0.00,0,149
224.17,1544519837,2180.10,51.48948234,7.40174013,173.48,3.01,0.00,181.30,0,0.00,0.00,0.00,0.00,63.00,0.00,0,130
225.16,1544519838,2183.10,51.48945883,7.40173444,173.47,2.88,0.00,180.85,0,-103.00,-13.00,0.00,0.00,35.00,0.00,0,27
225.16,1544519838,2183.10,51.48945883,7.40173444,173.47,2.88,0.00,180.85,0,-105.00,-14.00,0.00,0.00,34.00,0.00,0,316
225.17,1544519838,2183.10,51.48945883,7.40173444,173.47,2.88,0.00,180.85,0,-106.00,-16.00,0.00,0.00,35.00,0.00,0,436
225.17,1544519838,2183.10,51.48945883,7.40173444,173.47,2.88,0.00,180.85,0,-225.00,-225.00,0.00,0.00,63.00,0.00,0,149
225.17,1544519838,2183.11,51.48945883,7.40173444,173.47,2.88,0.00,180.85,0,0.00,0.00,0.00,0.00,63.00,0.00,0,130
226.17,1544519839,2186.00,51.48943102,7.40174360,173.17,4.38,0.00,161.77,0,-101.00,-14.00,0.00,0.00,38.00,0.00,0,436
226.17,1544519839,2186.01,51.48943102,7.40174360,173.17,4.38,0.00,161.77,0,-89.00,-11.00,0.00,0.00,49.00,0.00,0,450
226.17,1544519839,2186.01,51.48943102,7.40174360,173.17,4.38,0.00,161.77,0,-89.00,-12.00,0.00,0.00,49.00,0.00,0,451
227.16,1544519840,2190.35,51.48940545,7.40180064,173.08,6.36,0.00,121.54,0,-101.00,-14.00,0.00,0.00,38.00,0.00,0,436
227.16,1544519840,2190.35,51.48940545,7.40180064,173.08,6.36,0.00,121.54,0,-89.00,-11.00,0.00,0.00,49.00,0.00,0,450
227.17,1544519840,2190.36,51.48940545,7.40180064,173.08,6.36,0.00,121.54,0,-89.00,-12.00,0.00,0.00,49.00,0.00,0,451
228.16,1544519841,2196.70,51.48939593,7.40191434,172.75,7.78,0.00,93.63,0,-101.00,-14.00,0.00,0.00,38.00,0.00,0,436
228.16,1544519841,2196.70,51.48939593,7.40191434,172.75,7.78,0.00,93.63,0,-89.00,-11.00,0.00,0.00,49.00,0.00,0,450
228.16,1544519841,2196.70,51.48939593,7.40191434,172.75,7.78,0.00,93.63,0,-89.00,-12.00,0.00,0.00,49.00,0.00,0,451
229.16,1544519842,2204.50,51.48939534,7.40202563,173.09,9.18,0.00,92.70,0,-101.00,-13.00,0.00,0.00,38.00,0.00,0,316
229.16,1544519842,2204.50,51.48939534,7.40202563,173.09,9.18,0.00,92.70,0,-104.00,-16.00,0.00,0.00,38.00,0.00,0,38
229.16,1544519842,2204.50,51.48939534,7.40202563,173.09,9.18,0.00,92.70,0,-107.00,-19.00,0.00,0.00,38.00,0.00,0,52
230.16,1544519843,2213.66,51.48939944,7.40214261,173.98,10.34,0.00,92.35,0,-101.00,-13.00,0.00,0.00,38.00,0.00,0,316
230.16,1544519843,2213.67,51.48939944,7.40214261,173.98,10.34,0.00,92.35,0,-104.00,-16.00,0.00,0.00,38.00,0.00,0,38
230.16,1544519843,2213.67,51.48939944,7.40214261,173.98,10.34,0.00,92.35,0,-107.00,-19.00,0.00,0.00,38.00,0.00,0,52
