15.10,1544519332,211.56,51.49055701,7.41403901,163.98,14.07,0.00,78.57,0,-92.00,-7.00,0.00,0.00,47.00,0.00,0,167
16.10,1544519333,225.62,51.49057815,7.41420633,163.64,13.90,0.00,78.48,0,-92.00,-7.00,0.00,0.00,47.00,0.00,0,167
21.11,1544519338,292.98,51.49066501,7.41511186,160.74,13.59,0.00,80.68,0,-87.00,-8.00,0.00,0.00,54.00,0.00,0,167
22.10,1544519339,306.37,51.49068124,7.41529994,159.08,13.61,0.00,82.44,0,-87.00,-8.00,0.00,0.00,54.00,0.00,0,167
23.10,1544519340,319.96,51.49069494,7.41549507,157.66,13.26,0.00,84.15,0,-87.00,-8.00,0.00,0.00,54.00,0.00,0,167
38.10,1544519355,471.16,51.49091141,7.41716098,153.37,11.61,0.00,352.83,0,-95.00,-6.00,0.00,0.00,44.00,0.00,0,95
39.10,1544519356,482.78,51.49100199,7.41713469,153.89,11.77,0.00,351.64,0,-95.00,-6.00,0.00,0.00,44.00,0.00,0,95
40.10,1544519357,494.50,51.49111481,7.41709934,154.20,12.60,0.00,350.61,0,-98.00,-7.00,0.00,0.00,38.00,0.00,0,469
41.10,1544519358,507.16,51.49121462,7.41706162,154.77,12.40,0.00,349.82,0,-98.00,-7.00,0.00,0.00,38.00,0.00,0,469
45.10,1544519362,556.07,51.49164228,7.41689773,155.11,12.15,0.00,346.10,0,-99.00,-12.00,0.00,0.00,44.00,0.00,0,45
46.10,1544519363,568.26,51.49174323,7.41684720,154.69,11.68,0.00,344.16,0,-99.00,-12.00,0.00,0.00,44.00,0.00,0,45
61.10,1544519378,745.17,51.49327899,7.41599128,155.84,12.03,0.00,350.42,0,-101.00,-13.00,0.00,0.00,43.00,0.00,0,165
61.11,1544519378,745.19,51.49327899,7.41599128,155.84,12.03,0.00,350.42,0,-100.00,-11.00,0.00,0.00,39.00,0.00,0,292
62.10,1544519379,757.15,51.49337942,7.41594892,156.19,12.35,0.00,349.50,0,-101.00,-13.00,0.00,0.00,43.00,0.00,0,165
62.10,1544519379,757.17,51.49337942,7.41594892,156.19,12.35,0.00,349.50,0,-100.00,-11.00,0.00,0.00,39.00,0.00,0,292
63.11,1544519380,769.59,51.49348804,7.41590377,156.07,12.56,0.00,348.99,0,-101.00,-13.00,0.00,0.00,43.00,0.00,0,165
63.11,1544519380,769.59,51.49348804,7.41590377,156.07,12.56,0.00,348.99,0,-100.00,-11.00,0.00,0.00,39.00,0.00,0,292
64.10,1544519381,782.11,51.49359878,7.41585535,155.78,12.27,0.00,348.09,0,-101.00,-13.00,0.00,0.00,43.00,0.00,0,165
64.10,1544519381,782.11,51.49359878,7.41585535,155.78,12.27,0.00,348.09,0,-100.00,-11.00,0.00,0.00,39.00,0.00,0,292
65.10,1544519382,794.35,51.49370987,7.41581122,155.71,12.38,0.00,348.13,0,-101.00,-13.00,0.00,0.00,43.00,0.00,0,165
65.10,1544519382,794.36,51.49370987,7.41581122,155.71,12.38,0.00,348.13,0,-100.00,-11.00,0.00,0.00,39.00,0.00,0,292
66.10,1544519383,806.73,51.49382034,7.41577054,155.69,12.45,0.00,348.49,0,-95.00,-10.00,0.00,0.00,47.00,0.00,0,165
66.10,1544519383,806.75,51.49382034,7.41577054,155.69,12.45,0.00,348.49,0,-97.00,-10.00,0.00,0.00,42.00,0.00,0,292
67.10,1544519384,819.19,51.49392894,7.41573041,155.48,12.68,0.00,347.89,0,-95.00,-10.00,0.00,0.00,47.00,0.00,0,165
67.10,1544519384,819.19,51.49392894,7.41573041,155.48,12.68,0.00,347.89,0,-97.00,-10.00,0.00,0.00,42.00,0.00,0,292
68.10,1544519385,831.88,51.49404125,7.41568476,155.19,12.85,0.00,346.54,0,-95.00,-13.00,0.00,0.00,50.00,0.00,0,165
68.10,1544519385,831.89,51.49404125,7.41568476,155.19,12.85,0.00,346.54,0,-92.00,-11.00,0.00,0.00,48.00,0.00,0,292
69.10,1544519386,844.71,51.49415403,7.41563704,154.70,12.64,0.00,345.48,0,-95.00,-13.00,0.00,0.00,50.00,0.00,0,165
69.10,1544519386,844.73,51.49415403,7.41563704,154.70,12.64,0.00,345.48,0,-92.00,-11.00,0.00,0.00,48.00,0.00,0,292
72.10,1544519389,877.03,51.49441009,7.41552487,155.31,8.70,0.00,346.86,0,-96.00,-12.00,0.00,0.00,48.00,0.00,0,165
72.10,1544519389,877.03,51.49441009,7.41552487,155.31,8.70,0.00,346.86,0,-97.00,-12.00,0.00,0.00,47.00,0.00,0,418
72.10,1544519389,877.04,51.49441009,7.41552487,155.31,8.70,0.00,346.86,0,-94.00,-10.00,0.00,0.00,45.00,0.00,0,349
72.10,1544519389,877.04,51.49441009,7.41552487,155.31,8.70,0.00,346.86,0,-94.00,-11.00,0.00,0.00,46.00,0.00,0,292
73.10,1544519390,885.77,51.49447271,7.41549501,155.48,6.93,0.00,345.49,0,-96.00,-12.00,0.00,0.00,48.00,0.00,0,165
73.10,1544519390,885.77,51.49447271,7.41549501,155.48,6.93,0.00,345.49,0,-97.00,-12.00,0.00,0.00,47.00,0.00,0,418
73.11,1544519390,885.78,51.49447271,7.41549501,155.48,6.93,0.00,345.49,0,-94.00,-10.00,0.00,0.00,45.00,0.00,0,349
73.11,1544519390,885.79,51.49447271,7.41549501,155.48,6.93,0.00,345.49,0,-94.00,-11.00,0.00,0.00,46.00,0.00,0,292
74.10,1544519391,892.70,51.49451618,7.41543728,155.86,6.54,0.00,320.48,0,-96.00,-11.00,0.00,0.00,47.00,0.00,0,165
74.10,1544519391,892.71,51.49451618,7.41543728,155.86,6.54,0.00,320.48,0,-99.00,-12.00,0.00,0.00,44.00,0.00,0,418
74.11,1544519391,892.71,51.49451618,7.41543728,155.86,6.54,0.00,320.48,0,-93.00,-11.00,0.00,0.00,47.00,0.00,0,292
75.10,1544519392,899.24,51.49452915,7.41534729,156.43,7.79,0.00,275.98,0,-96.00,-11.00,0.00,0.00,47.00,0.00,0,165
75.10,1544519392,899.25,51.49452915,7.41534729,156.43,7.79,0.00,275.98,0,-99.00,-12.00,0.00,0.00,44.00,0.00,0,418
75.10,1544519392,899.25,51.49452915,7.41534729,156.43,7.79,0.00,275.98,0,-93.00,-11.00,0.00,0.00,47.00,0.00,0,292
76.10,1544519393,907.04,51.49452840,7.41523487,156.47,8.26,0.00,258.43,0,-92.00,-9.00,0.00,0.00,48.00,0.00,0,165
76.11,1544519393,907.05,51.49452840,7.41523487,156.47,8.26,0.00,258.43,0,-97.00,-12.00,0.00,0.00,47.00,0.00,0,418
76.11,1544519393,907.05,51.49452840,7.41523487,156.47,8.26,0.00,258.43,0,-94.00,-8.00,0.00,0.00,42.00,0.00,0,292
76.11,1544519393,907.06,51.49452840,7.41523487,156.47,8.26,0.00,258.43,0,-99.00,-11.00,0.00,0.00,40.00,0.00,0,349
77.10,1544519394,915.30,51.49451068,7.41510034,156.14,9.34,0.00,256.44,0,-92.00,-9.00,0.00,0.00,48.00,0.00,0,165
77.10,1544519394,915.31,51.49451068,7.41510034,156.14,9.34,0.00,256.44,0,-97.00,-12.00,0.00,0.00,47.00,0.00,0,418
77.11,1544519394,915.32,51.49451068,7.41510034,156.14,9.34,0.00,256.44,0,-94.00,-8.00,0.00,0.00,42.00,0.00,0,292
77.11,1544519394,915.33,51.49451068,7.41510034,156.14,9.34,0.00,256.44,0,-99.00,-11.00,0.00,0.00,40.00,0.00,0,349
78.10,1544519395,924.63,51.49448717,7.41497479,156.56,10.44,0.00,256.42,0,-91.00,-10.00,0.00,0.00,51.00,0.00,0,165
78.10,1544519395,924.64,51.49448717,7.41497479,156.56,10.44,0.00,256.42,0,-90.00,-8.00,0.00,0.00,47.00,0.00,0,292
79.10,1544519396,935.07,51.49445647,7.41478273,156.84,11.69,0.00,256.92,0,-91.00,-10.00,0.00,0.00,51.00,0.00,0,165
79.10,1544519396,935.08,51.49445647,7.41478273,156.84,11.69,0.00,256.92,0,-90.00,-8.00,0.00,0.00,47.00,0.00,0,292
80.10,1544519397,946.78,51.49442893,7.41459769,157.22,12.64,0.00,257.28,0,-93.00,-8.00,0.00,0.00,47.00,0.00,0,165
80.10,1544519397,946.78,51.49442893,7.41459769,157.22,12.64,0.00,257.28,0,-92.00,-8.00,0.00,0.00,44.00,0.00,0,292
81.11,1544519398,959.43,51.49440227,7.41441740,157.26,12.82,0.00,256.69,0,-93.00,-8.00,0.00,0.00,47.00,0.00,0,165
81.11,1544519398,959.44,51.49440227,7.41441740,157.26,12.82,0.00,256.69,0,-92.00,-8.00,0.00,0.00,44.00,0.00,0,292
87.10,1544519404,1038.01,51.49424065,7.41329501,160.13,13.44,0.00,257.90,0,-97.00,-13.00,0.00,0.00,47.00,0.00,0,167
88.10,1544519405,1051.45,51.49421369,7.41310208,160.31,13.54,0.00,258.45,0,-97.00,-13.00,0.00,0.00,47.00,0.00,0,167
108.10,1544519425,1272.05,51.49381880,7.40998996,166.60,11.90,0.00,256.94,0,-91.00,-13.00,0.00,0.00,53.00,0.00,0,166
108.10,1544519425,1272.05,51.49381880,7.40998996,166.60,11.90,0.00,256.94,0,-89.00,-11.00,0.00,0.00,50.00,0.00,0,293
109.10,1544519426,1283.94,51.49379194,7.40980277,166.55,12.46,0.00,257.29,0,-91.00,-13.00,0.00,0.00,53.00,0.00,0,166
109.10,1544519426,1283.94,51.49379194,7.40980277,166.55,12.46,0.00,257.29,0,-89.00,-11.00,0.00,0.00,50.00,0.00,0,293
110.10,1544519427,1296.40,51.49376332,7.40960424,166.64,13.24,0.00,257.74,0,-87.00,-11.00,0.00,0.00,57.00,0.00,0,166
110.10,1544519427,1296.41,51.49376332,7.40960424,166.64,13.24,0.00,257.74,0,-86.00,-11.00,0.00,0.00,54.00,0.00,0,293
111.11,1544519428,1309.69,51.49373973,7.40942128,166.62,13.29,0.00,257.73,0,-87.00,-11.00,0.00,0.00,57.00,0.00,0,166
111.11,1544519428,1309.70,51.49373973,7.40942128,166.62,13.29,0.00,257.73,0,-86.00,-11.00,0.00,0.00,54.00,0.00,0,293
114.10,1544519431,1349.79,51.49367038,7.40886716,166.15,13.75,0.00,258.17,0,-82.00,-8.00,0.00,0.00,59.00,0.00,0,166
114.10,1544519431,1349.79,51.49367038,7.40886716,166.15,13.75,0.00,258.17,0,-81.00,-7.00,0.00,0.00,55.00,0.00,0,293
115.10,1544519432,1363.58,51.49364597,7.40866880,165.85,13.81,0.00,257.80,0,-82.00,-8.00,0.00,0.00,59.00,0.00,0,166
115.10,1544519432,1363.59,51.49364597,7.40866880,165.85,13.81,0.00,257.80,0,-81.00,-7.00,0.00,0.00,55.00,0.00,0,293
116.10,1544519433,1377.39,51.49361918,7.40846818,166.13,14.06,0.00,257.89,0,-83.00,-10.00,0.00,0.00,59.00,0.00,0,165
116.10,1544519433,1377.40,51.49361918,7.40846818,166.13,14.06,0.00,257.89,0,-83.00,-10.00,0.00,0.00,56.00,0.00,0,292
117.10,1544519434,1391.43,51.49358960,7.40826522,166.23,14.42,0.00,257.86,0,-83.00,-10.00,0.00,0.00,59.00,0.00,0,165
117.10,1544519434,1391.45,51.49358960,7.40826522,166.23,14.42,0.00,257.86,0,-83.00,-10.00,0.00,0.00,56.00,0.00,0,292
118.10,1544519435,1405.84,51.49356221,7.40805777,166.56,14.65,0.00,258.35,0,-84.00,-11.00,0.00,0.00,56.00,0.00,0,292
119.10,1544519436,1420.51,51.49353186,7.40784003,166.65,14.85,0.00,258.06,0,-84.00,-11.00,0.00,0.00,56.00,0.00,0,292
120.10,1544519437,1435.30,51.49350343,7.40762947,167.10,14.64,0.00,258.25,0,-88.00,-13.00,0.00,0.00,56.00,0.00,0,165
120.10,1544519437,1435.30,51.49350343,7.40762947,167.10,14.64,0.00,258.25,0,-84.00,-10.00,0.00,0.00,55.00,0.00,0,292
121.10,1544519438,1449.99,51.49347645,7.40742145,167.57,14.41,0.00,257.80,0,-88.00,-13.00,0.00,0.00,56.00,0.00,0,165
121.10,1544519438,1450.00,51.49347645,7.40742145,167.57,14.41,0.00,257.80,0,-84.00,-10.00,0.00,0.00,55.00,0.00,0,292
124.10,1544519441,1492.45,51.49339486,7.40682036,168.01,13.83,0.00,257.93,0,-90.00,-14.00,0.00,0.00,56.00,0.00,0,165
125.10,1544519442,1506.27,51.49336866,7.40663497,167.63,14.05,0.00,258.06,0,-90.00,-14.00,0.00,0.00,56.00,0.00,0,165
126.11,1544519443,1520.45,51.49334464,7.40644093,167.41,14.12,0.00,257.93,0,-96.00,-13.00,0.00,0.00,48.00,0.00,0,165
126.11,1544519443,1520.47,51.49334464,7.40644093,167.41,14.12,0.00,257.93,0,-95.00,-11.00,0.00,0.00,46.00,0.00,0,292
127.10,1544519444,1534.44,51.49331938,7.40623804,167.15,14.14,0.00,258.08,0,-96.00,-13.00,0.00,0.00,48.00,0.00,0,165
127.10,1544519444,1534.46,51.49331938,7.40623804,167.15,14.14,0.00,258.08,0,-95.00,-11.00,0.00,0.00,46.00,0.00,0,292
128.10,1544519445,1548.59,51.49329575,7.40603482,167.22,14.49,0.00,257.60,0,-96.00,-13.00,0.00,0.00,48.00,0.00,0,165
128.10,1544519445,1548.60,51.49329575,7.40603482,167.22,14.49,0.00,257.60,0,-95.00,-11.00,0.00,0.00,46.00,0.00,0,292
135.10,1544519452,1652.39,51.49310978,7.40457225,168.21,14.36,0.00,258.08,0,-93.00,-7.00,0.00,0.00,45.00,0.00,0,94
135.10,1544519452,1652.39,51.49310978,7.40457225,168.21,14.36,0.00,258.08,0,-93.00,-7.00,0.00,0.00,42.00,0.00,0,468
136.10,1544519453,1666.76,51.49308328,7.40436935,168.23,14.22,0.00,258.33,0,-93.00,-7.00,0.00,0.00,45.00,0.00,0,94
136.10,1544519453,1666.77,51.49308328,7.40436935,168.23,14.22,0.00,258.33,0,-93.00,-7.00,0.00,0.00,42.00,0.00,0,468
137.10,1544519454,1680.97,51.49305604,7.40416392,168.51,13.97,0.00,258.55,0,-95.00,-7.00,0.00,0.00,45.00,0.00,0,94
137.10,1544519454,1680.98,51.49305604,7.40416392,168.51,13.97,0.00,258.55,0,-98.00,-7.00,0.00,0.00,39.00,0.00,0,468
138.10,1544519455,1694.94,51.49303081,7.40397305,168.76,13.70,0.00,258.90,0,-95.00,-7.00,0.00,0.00,45.00,0.00,0,94
138.10,1544519455,1694.95,51.49303081,7.40397305,168.76,13.70,0.00,258.90,0,-98.00,-7.00,0.00,0.00,39.00,0.00,0,468
139.10,1544519456,1708.64,51.49300981,7.40377320,168.93,13.46,0.00,260.14,0,-94.00,-8.00,0.00,0.00,45.00,0.00,0,94
139.10,1544519456,1708.65,51.49300981,7.40377320,168.93,13.46,0.00,260.14,0,-90.00,-6.00,0.00,0.00,45.00,0.00,0,468
140.10,1544519457,1722.04,51.49299349,7.40357576,168.91,13.53,0.00,262.47,0,-94.00,-8.00,0.00,0.00,45.00,0.00,0,94
140.10,1544519457,1722.04,51.49299349,7.40357576,168.91,13.53,0.00,262.47,0,-90.00,-6.00,0.00,0.00,45.00,0.00,0,468
141.10,1544519458,1735.63,51.49298515,7.40337478,169.03,13.67,0.00,264.77,0,-90.00,-8.00,0.00,0.00,50.00,0.00,0,94
141.10,1544519458,1735.64,51.49298515,7.40337478,169.03,13.67,0.00,264.77,0,-89.00,-6.00,0.00,0.00,46.00,0.00,0,468
142.10,1544519459,1749.26,51.49298342,7.40318297,169.22,13.56,0.00,266.72,0,-90.00,-8.00,0.00,0.00,50.00,0.00,0,94
142.10,1544519459,1749.28,51.49298342,7.40318297,169.22,13.56,0.00,266.72,0,-89.00,-6.00,0.00,0.00,46.00,0.00,0,468
143.10,1544519460,1762.84,51.49298261,7.40298121,169.56,12.83,0.00,268.11,0,-93.00,-9.00,0.00,0.00,48.00,0.00,0,94
143.10,1544519460,1762.84,51.49298261,7.40298121,169.56,12.83,0.00,268.11,0,-92.00,-7.00,0.00,0.00,44.00,0.00,0,468
144.10,1544519461,1775.66,51.49298416,7.40280907,169.83,11.75,0.00,268.77,0,-93.00,-9.00,0.00,0.00,48.00,0.00,0,94
144.10,1544519461,1775.66,51.49298416,7.40280907,169.83,11.75,0.00,268.77,0,-92.00,-7.00,0.00,0.00,44.00,0.00,0,468
145.10,1544519462,1787.47,51.49298531,7.40264038,170.64,10.95,0.00,268.28,0,-93.00,-7.00,0.00,0.00,45.00,0.00,0,94
145.11,1544519462,1787.48,51.49298531,7.40264038,170.64,10.95,0.00,268.28,0,-92.00,-7.00,0.00,0.00,43.00,0.00,0,468
146.10,1544519463,1798.39,51.49298453,7.40248693,170.95,10.37,0.00,267.67,0,-93.00,-7.00,0.00,0.00,45.00,0.00,0,94
146.10,1544519463,1798.40,51.49298453,7.40248693,170.95,10.37,0.00,267.67,0,-92.00,-7.00,0.00,0.00,43.00,0.00,0,468
147.11,1544519464,1808.84,51.49297889,7.40235547,170.91,9.17,0.00,266.69,0,-98.00,-9.00,0.00,0.00,43.00,0.00,0,166
148.10,1544519465,1817.94,51.49297914,7.40224460,170.44,7.29,0.00,267.48,0,-98.00,-9.00,0.00,0.00,43.00,0.00,0,166
149.10,1544519466,1825.23,51.49298021,7.40214612,170.35,5.03,0.00,269.19,0,-98.00,-9.00,0.00,0.00,43.00,0.00,0,166
152.10,1544519469,1835.21,51.49299009,7.40208135,170.14,0.00,0.00,271.02,0,-97.00,-13.00,0.00,0.00,50.00,0.00,0,166
152.10,1544519469,1835.21,51.49299009,7.40208135,170.14,0.00,0.00,271.02,0,-98.00,-14.00,0.00,0.00,50.00,0.00,0,264
153.10,1544519470,1835.21,51.49299009,7.40208135,170.13,0.00,0.00,271.02,0,-97.00,-13.00,0.00,0.00,50.00,0.00,0,166
153.10,1544519470,1835.21,51.49299009,7.40208135,170.13,0.00,0.00,271.02,0,-98.00,-14.00,0.00,0.00,50.00,0.00,0,264
154.10,1544519471,1835.21,51.49299009,7.40208135,170.12,0.00,0.00,271.02,0,-97.00,-8.00,0.00,0.00,44.00,0.00,0,166
154.10,1544519471,1835.21,51.49299009,7.40208135,170.12,0.00,0.00,271.02,0,-98.00,-12.00,0.00,0.00,47.00,0.00,0,264
155.10,1544519472,1835.21,51.49299009,7.40208135,170.11,0.00,0.00,271.02,0,-97.00,-8.00,0.00,0.00,44.00,0.00,0,166
155.10,1544519472,1835.21,51.49299009,7.40208135,170.11,0.00,0.00,271.02,0,-98.00,-12.00,0.00,0.00,47.00,0.00,0,264
156.10,1544519473,1835.21,51.49299009,7.40208135,170.10,0.00,0.00,271.02,0,-96.00,-13.00,0.00,0.00,50.00,0.00,0,166
156.10,1544519473,1835.21,51.49299009,7.40208135,170.10,0.00,0.00,271.02,0,-98.00,-14.00,0.00,0.00,50.00,0.00,0,264
157.10,1544519474,1835.21,51.49299009,7.40208135,170.10,0.00,0.00,271.02,0,-96.00,-13.00,0.00,0.00,50.00,0.00,0,166
157.10,1544519474,1835.21,51.49299009,7.40208135,170.10,0.00,0.00,271.02,0,-98.00,-14.00,0.00,0.00,50.00,0.00,0,264
158.10,1544519475,1835.21,51.49299009,7.40208135,170.09,0.00,0.00,271.02,0,-96.00,-7.00,0.00,0.00,43.00,0.00,0,166
158.10,1544519475,1835.21,51.49299009,7.40208135,170.09,0.00,0.00,271.02,0,-97.00,-11.00,0.00,0.00,47.00,0.00,0,264
159.10,1544519476,1835.21,51.49299009,7.40208135,170.08,0.00,0.00,271.02,0,-96.00,-7.00,0.00,0.00,43.00,0.00,0,166
159.10,1544519476,1835.21,51.49299009,7.40208135,170.08,0.00,0.00,271.02,0,-97.00,-11.00,0.00,0.00,47.00,0.00,0,264
160.10,1544519477,1835.21,51.49299009,7.40208135,170.06,0.00,0.00,271.02,0,-94.00,-8.00,0.00,0.00,46.00,0.00,0,166
160.10,1544519477,1835.21,51.49299009,7.40208135,170.06,0.00,0.00,271.02,0,-97.00,-12.00,0.00,0.00,48.00,0.00,0,264
161.10,1544519478,1835.21,51.49299009,7.40208135,170.05,0.00,0.00,271.02,0,-94.00,-8.00,0.00,0.00,46.00,0.00,0,166
161.10,1544519478,1835.21,51.49299009,7.40208135,170.05,0.00,0.00,271.02,0,-97.00,-12.00,0.00,0.00,48.00,0.00,0,264
162.10,1544519479,1835.21,51.49299009,7.40208135,170.04,0.00,0.00,271.02,0,-95.00,-7.00,0.00,0.00,44.00,0.00,0,166
162.10,1544519479,1835.21,51.49299009,7.40208135,170.04,0.00,0.00,271.02,0,-97.00,-12.00,0.00,0.00,47.00,0.00,0,264
163.11,1544519480,1835.21,51.49299009,7.40208135,170.02,0.00,0.00,271.02,0,-95.00,-7.00,0.00,0.00,44.00,0.00,0,166
163.11,1544519480,1835.21,51.49299009,7.40208135,170.02,0.00,0.00,271.02,0,-97.00,-12.00,0.00,0.00,47.00,0.00,0,264
164.10,1544519481,1835.21,51.49299009,7.40208135,170.01,0.00,0.00,271.02,0,-95.00,-8.00,0.00,0.00,46.00,0.00,0,166
164.10,1544519481,1835.21,51.49299009,7.40208135,170.01,0.00,0.00,271.02,0,-98.00,-13.00,0.00,0.00,48.00,0.00,0,264
165.10,1544519482,1835.21,51.49299009,7.40208135,169.99,0.00,0.00,271.02,0,-95.00,-8.00,0.00,0.00,46.00,0.00,0,166
165.10,1544519482,1835.21,51.49299009,7.40208135,169.99,0.00,0.00,271.02,0,-98.00,-13.00,0.00,0.00,48.00,0.00,0,264
166.10,1544519483,1835.21,51.49299009,7.40208135,169.98,0.00,0.00,271.02,0,-95.00,-8.00,0.00,0.00,47.00,0.00,0,166
166.10,1544519483,1835.21,51.49299009,7.40208135,169.98,0.00,0.00,271.02,0,-97.00,-12.00,0.00,0.00,48.00,0.00,0,264
167.10,1544519484,1835.21,51.49299009,7.40208135,169.97,0.00,0.00,271.02,0,-95.00,-8.00,0.00,0.00,47.00,0.00,0,166
167.10,1544519484,1835.21,51.49299009,7.40208135,169.97,0.00,0.00,271.02,0,-97.00,-12.00,0.00,0.00,48.00,0.00,0,264
168.11,1544519485,1835.21,51.49299009,7.40208135,169.95,0.00,0.00,271.02,0,-95.00,-9.00,0.00,0.00,45.00,0.00,0,166
168.11,1544519485,1835.21,51.49299009,7.40208135,169.95,0.00,0.00,271.02,0,-98.00,-13.00,0.00,0.00,48.00,0.00,0,264
169.10,1544519486,1835.21,51.49299009,7.40208135,169.94,0.00,0.00,271.02,0,-95.00,-9.00,0.00,0.00,45.00,0.00,0,166
169.10,1544519486,1835.21,51.49299009,7.40208135,169.94,0.00,0.00,271.02,0,-98.00,-13.00,0.00,0.00,48.00,0.00,0,264
170.10,1544519487,1835.21,51.49299009,7.40208135,169.93,0.00,0.00,271.02,0,-95.00,-9.00,0.00,0.00,45.00,0.00,0,166
170.10,1544519487,1835.21,51.49299009,7.40208135,169.93,0.00,0.00,271.02,0,-98.00,-13.00,0.00,0.00,48.00,0.00,0,264
171.10,1544519488,1835.21,51.49299009,7.40208135,169.92,0.00,0.00,271.02,0,-96.00,-6.00,0.00,0.00,42.00,0.00,0,166
172.10,1544519489,1835.21,51.49299009,7.40208135,169.91,0.00,0.00,271.02,0,-96.00,-6.00,0.00,0.00,42.00,0.00,0,166
173.10,1544519490,1835.21,51.49299009,7.40208135,169.90,0.00,0.00,271.02,0,-95.00,-9.00,0.00,0.00,47.00,0.00,0,166
174.10,1544519491,1835.21,51.49299009,7.40208135,169.89,0.00,0.00,271.02,0,-95.00,-9.00,0.00,0.00,47.00,0.00,0,166
175.10,1544519492,1835.21,51.49299009,7.40208135,169.88,0.00,0.00,271.02,0,-96.00,-7.00,0.00,0.00,43.00,0.00,0,166
175.10,1544519492,1835.21,51.49299009,7.40208135,169.88,0.00,0.00,271.02,0,-97.00,-11.00,0.00,0.00,47.00,0.00,0,264
176.10,1544519493,1835.21,51.49299009,7.40208135,169.87,0.00,0.00,271.02,0,-96.00,-7.00,0.00,0.00,43.00,0.00,0,166
176.10,1544519493,1835.21,51.49299009,7.40208135,169.87,0.00,0.00,271.02,0,-97.00,-11.00,0.00,0.00,47.00,0.00,0,264
177.10,1544519494,1835.21,51.49299009,7.40208135,169.86,0.00,0.00,271.02,0,-95.00,-6.00,0.00,0.00,43.00,0.00,0,166
177.10,1544519494,1835.21,51.49299009,7.40208135,169.86,0.00,0.00,271.02,0,-96.00,-10.00,0.00,0.00,46.00,0.00,0,264
178.10,1544519495,1835.21,51.49299009,7.40208135,169.85,0.00,0.00,271.02,0,-95.00,-6.00,0.00,0.00,43.00,0.00,0,166
178.10,1544519495,1835.21,51.49299009,7.40208135,169.85,0.00,0.00,271.02,0,-96.00,-10.00,0.00,0.00,46.00,0.00,0,264
179.10,1544519496,1835.21,51.49299009,7.40208135,169.84,0.00,0.00,271.02,0,-94.00,-6.00,0.00,0.00,43.00,0.00,0,166
180.10,1544519497,1835.21,51.49299009,7.40208135,169.83,0.00,0.00,271.02,0,-94.00,-6.00,0.00,0.00,43.00,0.00,0,166
181.10,1544519498,1835.21,51.49299009,7.40208135,169.83,0.00,0.00,271.02,0,-94.00,-9.00,0.00,0.00,47.00,0.00,0,166
182.10,1544519499,1835.21,51.49299009,7.40208135,169.82,0.00,0.00,271.02,0,-94.00,-9.00,0.00,0.00,47.00,0.00,0,166
183.10,1544519500,1835.21,51.49299009,7.40208135,169.73,0.00,0.00,271.02,0,-98.00,-9.00,0.00,0.00,42.00,0.00,0,166
184.10,1544519501,1835.21,51.49299009,7.40208135,169.64,0.00,0.00,269.07,0,-98.00,-9.00,0.00,0.00,42.00,0.00,0,166
185.10,1544519502,1835.21,51.49299057,7.40194673,168.25,0.00,0.00,265.61,0,-96.00,-8.00,0.00,0.00,45.00,0.00,0,166
186.10,1544519503,1835.22,51.49294613,7.40183139,167.43,6.85,0.00,233.84,0,-96.00,-8.00,0.00,0.00,45.00,0.00,0,166
252.10,1544519569,2346.75,51.48939097,7.40370556,177.38,13.53,0.00,90.75,0,-83.00,-12.00,0.00,0.00,62.00,0.00,0,426
253.10,1544519570,2360.32,51.48939081,7.40391277,177.85,13.74,0.00,90.56,0,-83.00,-12.00,0.00,0.00,62.00,0.00,0,426
254.11,1544519571,2374.17,51.48939114,7.40411490,178.38,14.15,0.00,90.82,0,-78.00,-10.00,0.00,0.00,63.00,0.00,0,95
254.11,1544519571,2374.17,51.48939114,7.40411490,178.38,14.15,0.00,90.82,0,-81.00,-8.00,0.00,0.00,60.00,0.00,0,426
255.10,1544519572,2388.22,51.48939069,7.40432146,179.03,14.02,0.00,91.18,0,-78.00,-10.00,0.00,0.00,63.00,0.00,0,95
255.10,1544519572,2388.23,51.48939069,7.40432146,179.03,14.02,0.00,91.18,0,-81.00,-8.00,0.00,0.00,60.00,0.00,0,426
256.10,1544519573,2402.24,51.48939233,7.40450521,179.53,13.48,0.00,90.76,0,-78.00,-10.00,0.00,0.00,63.00,0.00,0,95
256.10,1544519573,2402.25,51.48939233,7.40450521,179.53,13.48,0.00,90.76,0,-81.00,-8.00,0.00,0.00,60.00,0.00,0,426
257.10,1544519574,2415.70,51.48939232,7.40469570,179.95,13.06,0.00,90.83,0,-77.00,-10.00,0.00,0.00,63.00,0.00,0,95
257.10,1544519574,2415.71,51.48939232,7.40469570,179.95,13.06,0.00,90.83,0,-81.00,-6.00,0.00,0.00,57.00,0.00,0,426
258.10,1544519575,2428.77,51.48939209,7.40487626,180.17,12.73,0.00,91.02,0,-77.00,-10.00,0.00,0.00,63.00,0.00,0,95
258.10,1544519575,2428.78,51.48939209,7.40487626,180.17,12.73,0.00,91.02,0,-81.00,-6.00,0.00,0.00,57.00,0.00,0,426
