0.01,1544518677,0.00,51.49022026,7.41224909,167.15,0.00,0.00,76.55,0,-107.00,-14.00,0.00,0.00,27.00,0.00,0,385
0.01,1544518677,0.00,51.49022026,7.41224909,167.15,0.00,0.00,76.55,0,-110.00,-17.00,0.00,0.00,27.00,0.00,0,384
0.01,1544518677,0.00,51.49022026,7.41224909,167.15,0.00,0.00,76.55,0,-113.00,-19.00,0.00,0.00,27.00,0.00,0,390
1.02,1544518678,0.00,51.49022026,7.41224909,166.64,0.00,0.00,78.29,0,-107.00,-14.00,0.00,0.00,27.00,0.00,0,385
1.02,1544518678,0.00,51.49022026,7.41224909,166.64,0.00,0.00,78.29,0,-110.00,-17.00,0.00,0.00,27.00,0.00,0,384
1.02,1544518678,0.00,51.49022026,7.41224909,166.64,0.00,0.00,78.29,0,-113.00,-19.00,0.00,0.00,27.00,0.00,0,390
2.02,1544518679,0.02,51.49032165,7.41250438,166.41,9.14,0.00,77.18,0,-108.00,-14.00,0.00,0.00,27.00,0.00,0,385
2.02,1544518679,0.03,51.49032165,7.41250438,166.41,9.14,0.00,77.18,0,-110.00,-19.00,0.00,0.00,30.00,0.00,0,333
2.02,1544518679,0.03,51.49032165,7.41250438,166.41,9.14,0.00,77.18,0,-110.00,-17.00,0.00,0.00,27.00,0.00,0,384
2.02,1544518679,0.04,51.49032165,7.41250438,166.41,9.14,0.00,77.18,0,-113.00,-20.00,0.00,0.00,27.00,0.00,0,390
2.02,1544518679,0.05,51.49032165,7.41250438,166.41,9.14,0.00,77.18,0,-117.00,-24.00,0.00,0.00,27.00,0.00,0,211
3.02,1544518680,9.15,51.49034320,7.41265537,165.79,10.16,0.00,78.34,0,-108.00,-14.00,0.00,0.00,27.00,0.00,0,385
3.02,1544518680,9.16,51.49034320,7.41265537,165.79,10.16,0.00,78.34,0,-110.00,-19.00,0.00,0.00,30.00,0.00,0,333
3.02,1544518680,9.16,51.49034320,7.41265537,165.79,10.16,0.00,78.34,0,-110.00,-17.00,0.00,0.00,27.00,0.00,0,384
3.02,1544518680,9.17,51.49034320,7.41265537,165.79,10.16,0.00,78.34,0,-113.00,-20.00,0.00,0.00,27.00,0.00,0,390
3.02,1544518680,9.18,51.49034320,7.41265537,165.79,10.16,0.00,78.34,0,-117.00,-24.00,0.00,0.00,27.00,0.00,0,211
4.02,1544518681,19.33,51.49036921,7.41282520,165.42,11.09,0.00,78.83,0,-109.00,-16.00,0.00,0.00,27.00,0.00,0,385
4.02,1544518681,19.33,51.49036921,7.41282520,165.42,11.09,0.00,78.83,0,-112.00,-18.00,0.00,0.00,27.00,0.00,0,333
4.02,1544518681,19.34,51.49036921,7.41282520,165.42,11.09,0.00,78.83,0,-113.00,-20.00,0.00,0.00,26.00,0.00,0,390
4.02,1544518681,19.35,51.49036921,7.41282520,165.42,11.09,0.00,78.83,0,-112.00,-20.00,0.00,0.00,27.00,0.00,0,384
4.02,1544518681,19.37,51.49036921,7.41282520,165.42,11.09,0.00,78.83,0,-114.00,-20.00,0.00,0.00,26.00,0.00,0,158
4.02,1544518681,19.37,51.49036921,7.41282520,165.42,11.09,0.00,78.83,0,-114.00,-21.00,0.00,0.00,26.00,0.00,0,184
4.02,1544518681,19.38,51.49036921,7.41282520,165.42,11.09,0.00,78.83,0,-117.00,-21.00,0.00,0.00,24.00,0.00,0,311
5.02,1544518682,30.42,51.49040129,7.41299401,165.42,12.32,0.00,77.83,0,-109.00,-16.00,0.00,0.00,27.00,0.00,0,385
5.02,1544518682,30.43,51.49040129,7.41299401,165.42,12.32,0.00,77.83,0,-112.00,-18.00,0.00,0.00,27.00,0.00,0,333
5.02,1544518682,30.45,51.49040129,7.41299401,165.42,12.32,0.00,77.83,0,-113.00,-20.00,0.00,0.00,26.00,0.00,0,390
5.02,1544518682,30.45,51.49040129,7.41299401,165.42,12.32,0.00,77.83,0,-112.00,-20.00,0.00,0.00,27.00,0.00,0,384
5.02,1544518682,30.46,51.49040129,7.41299401,165.42,12.32,0.00,77.83,0,-114.00,-20.00,0.00,0.00,26.00,0.00,0,158
5.02,1544518682,30.47,51.49040129,7.41299401,165.42,12.32,0.00,77.83,0,-114.00,-21.00,0.00,0.00,26.00,0.00,0,184
5.02,1544518682,30.47,51.49040129,7.41299401,165.42,12.32,0.00,77.83,0,-117.00,-21.00,0.00,0.00,24.00,0.00,0,311
6.02,1544518683,42.72,51.49043517,7.41318396,165.56,12.99,0.00,77.21,0,-110.00,-16.00,0.00,0.00,26.00,0.00,0,385
6.02,1544518683,42.72,51.49043517,7.41318396,165.56,12.99,0.00,77.21,0,-112.00,-18.00,0.00,0.00,26.00,0.00,0,390
6.02,1544518683,42.73,51.49043517,7.41318396,165.56,12.99,0.00,77.21,0,-113.00,-17.00,0.00,0.00,25.00,0.00,0,175
7.02,1544518684,55.70,51.49046100,7.41334976,165.34,12.80,0.00,77.96,0,-110.00,-16.00,0.00,0.00,26.00,0.00,0,385
7.02,1544518684,55.71,51.49046100,7.41334976,165.34,12.80,0.00,77.96,0,-112.00,-18.00,0.00,0.00,26.00,0.00,0,390
7.02,1544518684,55.73,51.49046100,7.41334976,165.34,12.80,0.00,77.96,0,-113.00,-17.00,0.00,0.00,25.00,0.00,0,175
8.02,1544518685,68.52,51.49048568,7.41351474,164.69,12.75,0.00,78.27,0,-112.00,-16.00,0.00,0.00,25.00,0.00,0,385
8.02,1544518685,68.52,51.49048568,7.41351474,164.69,12.75,0.00,78.27,0,-115.00,-21.00,0.00,0.00,26.00,0.00,0,158
8.02,1544518685,68.53,51.49048568,7.41351474,164.69,12.75,0.00,78.27,0,-114.00,-19.00,0.00,0.00,26.00,0.00,0,390
8.02,1544518685,68.54,51.49048568,7.41351474,164.69,12.75,0.00,78.27,0,-116.00,-20.00,0.00,0.00,25.00,0.00,0,175
9.02,1544518686,81.26,51.49051229,7.41370095,163.77,12.77,0.00,78.45,0,-112.00,-16.00,0.00,0.00,25.00,0.00,0,385
9.02,1544518686,81.27,51.49051229,7.41370095,163.77,12.77,0.00,78.45,0,-115.00,-21.00,0.00,0.00,26.00,0.00,0,158
9.02,1544518686,81.29,51.49051229,7.41370095,163.77,12.77,0.00,78.45,0,-114.00,-19.00,0.00,0.00,26.00,0.00,0,390
9.02,1544518686,81.29,51.49051229,7.41370095,163.77,12.77,0.00,78.45,0,-116.00,-20.00,0.00,0.00,25.00,0.00,0,175
12.03,1544518689,120.36,51.49058505,7.41425022,160.76,13.67,0.00,78.22,0,-107.00,-14.00,0.00,0.00,26.00,0.00,0,207
12.03,1544518689,120.37,51.49058505,7.41425022,160.76,13.67,0.00,78.22,0,-112.00,-18.00,0.00,0.00,26.00,0.00,0,137
12.03,1544518689,120.37,51.49058505,7.41425022,160.76,13.67,0.00,78.22,0,-112.00,-18.00,0.00,0.00,26.00,0.00,0,385
12.03,1544518689,120.38,51.49058505,7.41425022,160.76,13.67,0.00,78.22,0,-113.00,-19.00,0.00,0.00,26.00,0.00,0,136
12.03,1544518689,120.40,51.49058505,7.41425022,160.76,13.67,0.00,78.22,0,-117.00,-14.00,0.00,0.00,16.00,0.00,0,289
12.03,1544518689,120.40,51.49058505,7.41425022,160.76,13.67,0.00,78.22,0,-119.00,-15.00,0.00,0.00,16.00,0.00,0,347
12.03,1544518689,120.41,51.49058505,7.41425022,160.76,13.67,0.00,78.22,0,-108.00,-5.00,0.00,0.00,16.00,0.00,0,125
13.02,1544518690,133.92,51.49060927,7.41444398,160.21,13.72,0.00,78.80,0,-107.00,-14.00,0.00,0.00,26.00,0.00,0,207
13.02,1544518690,133.93,51.49060927,7.41444398,160.21,13.72,0.00,78.80,0,-112.00,-18.00,0.00,0.00,26.00,0.00,0,137
13.02,1544518690,133.93,51.49060927,7.41444398,160.21,13.72,0.00,78.80,0,-112.00,-18.00,0.00,0.00,26.00,0.00,0,385
13.02,1544518690,133.94,51.49060927,7.41444398,160.21,13.72,0.00,78.80,0,-113.00,-19.00,0.00,0.00,26.00,0.00,0,136
13.02,1544518690,133.96,51.49060927,7.41444398,160.21,13.72,0.00,78.80,0,-117.00,-14.00,0.00,0.00,16.00,0.00,0,289
13.02,1544518690,133.97,51.49060927,7.41444398,160.21,13.72,0.00,78.80,0,-119.00,-15.00,0.00,0.00,16.00,0.00,0,347
13.02,1544518690,133.97,51.49060927,7.41444398,160.21,13.72,0.00,78.80,0,-108.00,-5.00,0.00,0.00,16.00,0.00,0,125
14.02,1544518691,147.64,51.49063350,7.41465179,159.64,13.61,0.00,79.19,0,-107.00,-14.00,0.00,0.00,26.00,0.00,0,207
14.02,1544518691,147.65,51.49063350,7.41465179,159.64,13.61,0.00,79.19,0,-112.00,-18.00,0.00,0.00,26.00,0.00,0,137
14.02,1544518691,147.67,51.49063350,7.41465179,159.64,13.61,0.00,79.19,0,-112.00,-18.00,0.00,0.00,26.00,0.00,0,385
14.02,1544518691,147.67,51.49063350,7.41465179,159.64,13.61,0.00,79.19,0,-113.00,-19.00,0.00,0.00,26.00,0.00,0,136
14.02,1544518691,147.68,51.49063350,7.41465179,159.64,13.61,0.00,79.19,0,-117.00,-14.00,0.00,0.00,16.00,0.00,0,289
14.02,1544518691,147.69,51.49063350,7.41465179,159.64,13.61,0.00,79.19,0,-119.00,-15.00,0.00,0.00,16.00,0.00,0,347
14.02,1544518691,147.69,51.49063350,7.41465179,159.64,13.61,0.00,79.19,0,-108.00,-5.00,0.00,0.00,16.00,0.00,0,125
15.01,1544518692,161.14,51.49065064,7.41483159,159.13,13.08,0.00,80.25,0,-124.00,-14.00,0.00,0.00,10.00,0.00,0,337
15.01,1544518692,161.15,51.49065064,7.41483159,159.13,13.08,0.00,80.25,0,-115.00,-18.00,0.00,0.00,22.00,0.00,0,385
15.01,1544518692,161.15,51.49065064,7.41483159,159.13,13.08,0.00,80.25,0,-115.00,-18.00,0.00,0.00,22.00,0.00,0,136
16.02,1544518693,174.30,51.49067001,7.41501708,158.24,12.88,0.00,80.81,0,-124.00,-14.00,0.00,0.00,10.00,0.00,0,337
16.02,1544518693,174.30,51.49067001,7.41501708,158.24,12.88,0.00,80.81,0,-115.00,-18.00,0.00,0.00,22.00,0.00,0,385
16.02,1544518693,174.31,51.49067001,7.41501708,158.24,12.88,0.00,80.81,0,-115.00,-18.00,0.00,0.00,22.00,0.00,0,136
19.02,1544518696,212.51,51.49070856,7.41556145,156.72,12.76,0.00,83.96,0,-112.00,-18.00,0.00,0.00,27.00,0.00,0,333
19.02,1544518696,212.52,51.49070856,7.41556145,156.72,12.76,0.00,83.96,0,-112.00,-19.00,0.00,0.00,26.00,0.00,0,500
19.02,1544518696,212.53,51.49070856,7.41556145,156.72,12.76,0.00,83.96,0,-113.00,-20.00,0.00,0.00,26.00,0.00,0,384
19.02,1544518696,212.55,51.49070856,7.41556145,156.72,12.76,0.00,83.96,0,-113.00,-19.00,0.00,0.00,25.00,0.00,0,137
19.02,1544518696,212.55,51.49070856,7.41556145,156.72,12.76,0.00,83.96,0,-115.00,-20.00,0.00,0.00,27.00,0.00,0,335
19.02,1544518696,212.56,51.49070856,7.41556145,156.72,12.76,0.00,83.96,0,-115.00,-20.00,0.00,0.00,25.00,0.00,0,158
19.03,1544518696,212.57,51.49070856,7.41556145,156.72,12.76,0.00,83.96,0,-123.00,-14.00,0.00,0.00,10.00,0.00,0,494
19.03,1544518696,212.57,51.49070856,7.41556145,156.72,12.76,0.00,83.96,0,-125.00,-16.00,0.00,0.00,10.00,0.00,0,58
19.03,1544518696,212.59,51.49070856,7.41556145,156.72,12.76,0.00,83.96,0,-125.00,-16.00,0.00,0.00,11.00,0.00,0,125
20.02,1544518697,225.27,51.49071088,7.41575039,156.50,12.66,0.00,86.35,0,-112.00,-18.00,0.00,0.00,27.00,0.00,0,333
20.02,1544518697,225.27,51.49071088,7.41575039,156.50,12.66,0.00,86.35,0,-112.00,-19.00,0.00,0.00,26.00,0.00,0,500
20.02,1544518697,225.29,51.49071088,7.41575039,156.50,12.66,0.00,86.35,0,-113.00,-20.00,0.00,0.00,26.00,0.00,0,384
20.02,1544518697,225.30,51.49071088,7.41575039,156.50,12.66,0.00,86.35,0,-113.00,-19.00,0.00,0.00,25.00,0.00,0,137
20.02,1544518697,225.30,51.49071088,7.41575039,156.50,12.66,0.00,86.35,0,-115.00,-20.00,0.00,0.00,27.00,0.00,0,335
20.02,1544518697,225.31,51.49071088,7.41575039,156.50,12.66,0.00,86.35,0,-115.00,-20.00,0.00,0.00,25.00,0.00,0,158
20.02,1544518697,225.32,51.49071088,7.41575039,156.50,12.66,0.00,86.35,0,-123.00,-14.00,0.00,0.00,10.00,0.00,0,494
20.03,1544518697,225.34,51.49071088,7.41575039,156.50,12.66,0.00,86.35,0,-125.00,-16.00,0.00,0.00,10.00,0.00,0,58
20.03,1544518697,225.34,51.49071088,7.41575039,156.50,12.66,0.00,86.35,0,-125.00,-16.00,0.00,0.00,11.00,0.00,0,125
21.02,1544518698,237.89,51.49070412,7.41591622,156.28,12.40,0.00,88.79,0,-115.00,-11.00,0.00,0.00,15.00,0.00,0,385
21.02,1544518698,237.90,51.49070412,7.41591622,156.28,12.40,0.00,88.79,0,-120.00,-17.00,0.00,0.00,17.00,0.00,0,289
21.02,1544518698,237.91,51.49070412,7.41591622,156.28,12.40,0.00,88.79,0,-121.00,-16.00,0.00,0.00,16.00,0.00,0,345
21.02,1544518698,237.92,51.49070412,7.41591622,156.28,12.40,0.00,88.79,0,-111.00,-18.00,0.00,0.00,26.00,0.00,0,384
22.02,1544518699,250.29,51.49069105,7.41607397,156.14,12.49,0.00,91.33,0,-115.00,-11.00,0.00,0.00,15.00,0.00,0,385
22.02,1544518699,250.29,51.49069105,7.41607397,156.14,12.49,0.00,91.33,0,-120.00,-17.00,0.00,0.00,17.00,0.00,0,289
22.02,1544518699,250.30,51.49069105,7.41607397,156.14,12.49,0.00,91.33,0,-121.00,-16.00,0.00,0.00,16.00,0.00,0,345
22.02,1544518699,250.31,51.49069105,7.41607397,156.14,12.49,0.00,91.33,0,-111.00,-18.00,0.00,0.00,26.00,0.00,0,384
23.01,1544518700,262.75,51.49067665,7.41625013,156.16,12.35,0.00,93.73,0,-111.00,-10.00,0.00,0.00,20.00,0.00,0,385
24.02,1544518701,275.12,51.49066155,7.41643678,156.18,11.73,0.00,94.82,0,-111.00,-10.00,0.00,0.00,20.00,0.00,0,385
25.02,1544518702,286.84,51.49064351,7.41659303,156.14,9.56,0.00,97.75,0,-113.00,-12.00,0.00,0.00,19.00,0.00,0,385
25.02,1544518702,286.85,51.49064351,7.41659303,156.14,9.56,0.00,97.75,0,-119.00,-20.00,0.00,0.00,22.00,0.00,0,345
26.02,1544518703,296.41,51.49062805,7.41671446,156.06,7.32,0.00,98.81,0,-113.00,-12.00,0.00,0.00,19.00,0.00,0,385
26.02,1544518703,296.42,51.49062805,7.41671446,156.06,7.32,0.00,98.81,0,-119.00,-20.00,0.00,0.00,22.00,0.00,0,345
27.02,1544518704,303.72,51.49061554,7.41679110,155.92,5.96,0.00,99.71,0,-110.00,-12.00,0.00,0.00,23.00,0.00,0,385
27.02,1544518704,303.73,51.49061554,7.41679110,155.92,5.96,0.00,99.71,0,-117.00,-16.00,0.00,0.00,23.00,0.00,0,345
28.02,1544518705,309.70,51.49060325,7.41686861,155.90,3.64,0.00,99.88,0,-110.00,-12.00,0.00,0.00,23.00,0.00,0,385
28.02,1544518705,309.70,51.49060325,7.41686861,155.90,3.64,0.00,99.88,0,-117.00,-16.00,0.00,0.00,23.00,0.00,0,345
29.02,1544518706,313.32,51.49059686,7.41689326,155.90,0.85,0.00,99.88,0,-112.00,-15.00,0.00,0.00,25.00,0.00,0,385
29.02,1544518706,313.32,51.49059686,7.41689326,155.90,0.85,0.00,99.88,0,-115.00,-19.00,0.00,0.00,24.00,0.00,0,345
30.01,1544518707,314.17,51.49059686,7.41689326,155.90,0.00,0.00,99.88,0,-112.00,-15.00,0.00,0.00,25.00,0.00,0,385
30.01,1544518707,314.17,51.49059686,7.41689326,155.90,0.00,0.00,99.88,0,-115.00,-19.00,0.00,0.00,24.00,0.00,0,345
31.02,1544518708,314.17,51.49126750,7.41753720,155.91,0.00,0.00,99.88,0,-111.00,-15.00,0.00,0.00,23.00,0.00,0,385
32.01,1544518709,314.17,51.49059686,7.41689326,155.91,0.00,0.00,99.88,0,-111.00,-15.00,0.00,0.00,23.00,0.00,0,385
33.02,1544518710,314.17,51.49059686,7.41689326,155.91,0.00,0.00,99.88,0,-111.00,-14.00,0.00,0.00,22.00,0.00,0,385
34.01,1544518711,314.17,51.49059686,7.41689326,155.92,0.00,0.00,99.88,0,-111.00,-14.00,0.00,0.00,22.00,0.00,0,385
35.02,1544518712,314.17,51.49059686,7.41689326,155.92,0.00,0.00,99.88,0,-111.00,-14.00,0.00,0.00,22.00,0.00,0,385
36.02,1544518713,314.17,51.49059686,7.41689326,155.93,0.00,0.00,99.88,0,-111.00,-11.00,0.00,0.00,19.00,0.00,0,385
36.02,1544518713,314.17,51.49059686,7.41689326,155.93,0.00,0.00,99.88,0,-105.00,-12.00,0.00,0.00,27.00,0.00,0,385
36.02,1544518713,314.17,51.49059686,7.41689326,155.93,0.00,0.00,99.88,0,-108.00,-15.00,0.00,0.00,26.00,0.00,0,91
37.01,1544518714,314.17,51.49059686,7.41689326,155.93,0.00,0.00,99.88,0,-111.00,-11.00,0.00,0.00,19.00,0.00,0,385
37.02,1544518714,314.17,51.49059686,7.41689326,155.93,0.00,0.00,99.88,0,-105.00,-12.00,0.00,0.00,27.00,0.00,0,385
37.02,1544518714,314.17,51.49059686,7.41689326,155.93,0.00,0.00,99.88,0,-108.00,-15.00,0.00,0.00,26.00,0.00,0,91
38.02,1544518715,314.17,51.49059686,7.41689326,155.94,0.00,0.00,99.88,0,-111.00,-10.00,0.00,0.00,19.00,0.00,0,385
38.02,1544518715,314.17,51.49059686,7.41689326,155.94,0.00,0.00,99.88,0,-106.00,-11.00,0.00,0.00,26.00,0.00,0,385
38.02,1544518715,314.17,51.49059686,7.41689326,155.94,0.00,0.00,99.88,0,-108.00,-15.00,0.00,0.00,26.00,0.00,0,384
39.02,1544518716,314.17,51.49059686,7.41689326,155.94,0.00,0.00,99.88,0,-111.00,-10.00,0.00,0.00,19.00,0.00,0,385
39.02,1544518716,314.17,51.49059686,7.41689326,155.94,0.00,0.00,99.88,0,-106.00,-11.00,0.00,0.00,26.00,0.00,0,385
39.02,1544518716,314.17,51.49059686,7.41689326,155.94,0.00,0.00,99.88,0,-108.00,-15.00,0.00,0.00,26.00,0.00,0,384
40.02,1544518717,314.17,51.49059686,7.41689326,155.95,0.00,0.00,99.88,0,-111.00,-10.00,0.00,0.00,17.00,0.00,0,385
40.02,1544518717,314.17,51.49059686,7.41689326,155.95,0.00,0.00,99.88,0,-116.00,-15.00,0.00,0.00,17.00,0.00,0,345
40.02,1544518717,314.17,51.49059686,7.41689326,155.95,0.00,0.00,99.88,0,-106.00,-12.00,0.00,0.00,27.00,0.00,0,385
40.02,1544518717,314.17,51.49059686,7.41689326,155.95,0.00,0.00,99.88,0,-107.00,-15.00,0.00,0.00,27.00,0.00,0,384
41.02,1544518718,314.17,51.49059686,7.41689326,155.95,0.00,0.00,99.88,0,-111.00,-10.00,0.00,0.00,17.00,0.00,0,385
41.02,1544518718,314.17,51.49059686,7.41689326,155.95,0.00,0.00,99.88,0,-116.00,-15.00,0.00,0.00,17.00,0.00,0,345
41.02,1544518718,314.17,51.49059686,7.41689326,155.95,0.00,0.00,99.88,0,-106.00,-12.00,0.00,0.00,27.00,0.00,0,385
41.02,1544518718,314.17,51.49059686,7.41689326,155.95,0.00,0.00,99.88,0,-107.00,-15.00,0.00,0.00,27.00,0.00,0,384
42.02,1544518719,314.17,51.49059686,7.41689326,155.96,0.00,0.00,99.88,0,-111.00,-10.00,0.00,0.00,18.00,0.00,0,385
42.02,1544518719,314.17,51.49059686,7.41689326,155.96,0.00,0.00,99.88,0,-116.00,-15.00,0.00,0.00,18.00,0.00,0,345
42.02,1544518719,314.17,51.49059686,7.41689326,155.96,0.00,0.00,99.88,0,-107.00,-13.00,0.00,0.00,26.00,0.00,0,385
42.02,1544518719,314.17,51.49059686,7.41689326,155.96,0.00,0.00,99.88,0,-109.00,-15.00,0.00,0.00,26.00,0.00,0,384
43.02,1544518720,314.17,51.49059686,7.41689326,155.96,0.00,0.00,99.88,0,-111.00,-10.00,0.00,0.00,18.00,0.00,0,385
43.02,1544518720,314.17,51.49059686,7.41689326,155.96,0.00,0.00,99.88,0,-116.00,-15.00,0.00,0.00,18.00,0.00,0,345
43.02,1544518720,314.17,51.49059686,7.41689326,155.96,0.00,0.00,99.88,0,-107.00,-13.00,0.00,0.00,26.00,0.00,0,385
43.02,1544518720,314.17,51.49059686,7.41689326,155.96,0.00,0.00,99.88,0,-109.00,-15.00,0.00,0.00,26.00,0.00,0,384
44.01,1544518721,314.17,51.49059686,7.41689326,155.96,0.00,0.00,99.88,0,-112.00,-13.00,0.00,0.00,20.00,0.00,0,385
44.01,1544518721,314.17,51.49059686,7.41689326,155.96,0.00,0.00,99.88,0,-117.00,-17.00,0.00,0.00,20.00,0.00,0,345
44.01,1544518721,314.17,51.49059686,7.41689326,155.96,0.00,0.00,99.88,0,-108.00,-13.00,0.00,0.00,25.00,0.00,0,385
44.01,1544518721,314.17,51.49059686,7.41689326,155.96,0.00,0.00,99.88,0,-111.00,-16.00,0.00,0.00,25.00,0.00,0,384
45.02,1544518722,314.17,51.49059686,7.41689326,155.96,0.00,0.00,99.88,0,-112.00,-13.00,0.00,0.00,20.00,0.00,0,385
45.02,1544518722,314.17,51.49059686,7.41689326,155.96,0.00,0.00,99.88,0,-117.00,-17.00,0.00,0.00,20.00,0.00,0,345
45.02,1544518722,314.17,51.49059686,7.41689326,155.96,0.00,0.00,99.88,0,-108.00,-13.00,0.00,0.00,25.00,0.00,0,385
45.02,1544518722,314.17,51.49059686,7.41689326,155.96,0.00,0.00,99.88,0,-111.00,-16.00,0.00,0.00,25.00,0.00,0,384
46.02,1544518723,314.17,51.49059686,7.41689326,155.96,0.00,0.00,99.88,0,-112.00,-11.00,0.00,0.00,17.00,0.00,0,385
46.02,1544518723,314.17,51.49059686,7.41689326,155.96,0.00,0.00,99.88,0,-117.00,-16.00,0.00,0.00,17.00,0.00,0,345
46.02,1544518723,314.17,51.49059686,7.41689326,155.96,0.00,0.00,99.88,0,-108.00,-13.00,0.00,0.00,26.00,0.00,0,385
46.02,1544518723,314.17,51.49059686,7.41689326,155.96,0.00,0.00,99.88,0,-110.00,-17.00,0.00,0.00,26.00,0.00,0,384
47.02,1544518724,314.17,51.49059686,7.41689326,155.95,0.00,0.00,99.88,0,-112.00,-11.00,0.00,0.00,17.00,0.00,0,385
47.02,1544518724,314.17,51.49059686,7.41689326,155.95,0.00,0.00,99.88,0,-117.00,-16.00,0.00,0.00,17.00,0.00,0,345
47.02,1544518724,314.17,51.49059686,7.41689326,155.95,0.00,0.00,99.88,0,-108.00,-13.00,0.00,0.00,26.00,0.00,0,385
47.02,1544518724,314.17,51.49059686,7.41689326,155.95,0.00,0.00,99.88,0,-110.00,-17.00,0.00,0.00,26.00,0.00,0,384
48.02,1544518725,314.17,51.49059686,7.41689326,155.95,0.00,0.00,99.88,0,-112.00,-9.00,0.00,0.00,16.00,0.00,0,385
48.02,1544518725,314.17,51.49059686,7.41689326,155.95,0.00,0.00,99.88,0,-118.00,-15.00,0.00,0.00,17.00,0.00,0,345
48.02,1544518725,314.17,51.49059686,7.41689326,155.95,0.00,0.00,99.88,0,-107.00,-14.00,0.00,0.00,28.00,0.00,0,385
48.02,1544518725,314.17,51.49059686,7.41689326,155.95,0.00,0.00,99.88,0,-108.00,-16.00,0.00,0.00,28.00,0.00,0,384
49.01,1544518726,314.17,51.49059686,7.41689326,155.94,0.00,0.00,99.88,0,-112.00,-9.00,0.00,0.00,16.00,0.00,0,385
49.02,1544518726,314.17,51.49059686,7.41689326,155.94,0.00,0.00,99.88,0,-118.00,-15.00,0.00,0.00,17.00,0.00,0,345
49.02,1544518726,314.17,51.49059686,7.41689326,155.94,0.00,0.00,99.88,0,-107.00,-14.00,0.00,0.00,28.00,0.00,0,385
49.02,1544518726,314.17,51.49059686,7.41689326,155.94,0.00,0.00,99.88,0,-108.00,-16.00,0.00,0.00,28.00,0.00,0,384
50.05,1544518727,314.17,51.49059686,7.41689326,155.94,0.00,0.00,99.88,0,-111.00,-12.00,0.00,0.00,20.00,0.00,0,385
50.06,1544518727,314.17,51.49059686,7.41689326,155.94,0.00,0.00,99.88,0,-106.00,-13.00,0.00,0.00,28.00,0.00,0,385
50.06,1544518727,314.17,51.49059686,7.41689326,155.94,0.00,0.00,99.88,0,-108.00,-16.00,0.00,0.00,28.00,0.00,0,384
51.02,1544518728,314.17,51.49127210,7.41741110,155.93,0.00,0.00,99.88,0,-111.00,-12.00,0.00,0.00,20.00,0.00,0,385
51.02,1544518728,314.17,51.49127210,7.41741110,155.93,0.00,0.00,99.88,0,-106.00,-13.00,0.00,0.00,28.00,0.00,0,385
51.02,1544518728,314.17,51.49127210,7.41741110,155.93,0.00,0.00,99.88,0,-108.00,-16.00,0.00,0.00,28.00,0.00,0,384
52.01,1544518729,314.17,51.49059686,7.41689326,155.92,0.00,0.00,99.88,0,-111.00,-12.00,0.00,0.00,22.00,0.00,0,385
52.01,1544518729,314.17,51.49059686,7.41689326,155.92,0.00,0.00,99.88,0,-117.00,-18.00,0.00,0.00,21.00,0.00,0,345
52.01,1544518729,314.17,51.49059686,7.41689326,155.92,0.00,0.00,99.88,0,-108.00,-13.00,0.00,0.00,24.00,0.00,0,385
52.02,1544518729,314.17,51.49059686,7.41689326,155.92,0.00,0.00,99.88,0,-110.00,-16.00,0.00,0.00,24.00,0.00,0,384
53.02,1544518730,314.17,51.49059686,7.41689326,155.91,0.00,0.00,99.88,0,-111.00,-12.00,0.00,0.00,22.00,0.00,0,385
53.02,1544518730,314.17,51.49059686,7.41689326,155.91,0.00,0.00,99.88,0,-117.00,-18.00,0.00,0.00,21.00,0.00,0,345
53.02,1544518730,314.17,51.49059686,7.41689326,155.91,0.00,0.00,99.88,0,-108.00,-13.00,0.00,0.00,24.00,0.00,0,385
53.02,1544518730,314.17,51.49059686,7.41689326,155.91,0.00,0.00,99.88,0,-110.00,-16.00,0.00,0.00,24.00,0.00,0,384
54.03,1544518731,314.17,51.49059686,7.41689326,155.91,0.00,0.00,99.88,0,-111.00,-11.00,0.00,0.00,19.00,0.00,0,385
54.03,1544518731,314.17,51.49059686,7.41689326,155.91,0.00,0.00,99.88,0,-116.00,-16.00,0.00,0.00,19.00,0.00,0,345
54.03,1544518731,314.17,51.49059686,7.41689326,155.91,0.00,0.00,99.88,0,-107.00,-13.00,0.00,0.00,26.00,0.00,0,385
54.03,1544518731,314.17,51.49059686,7.41689326,155.91,0.00,0.00,99.88,0,-109.00,-15.00,0.00,0.00,26.00,0.00,0,384
55.02,1544518732,314.17,51.49059686,7.41689326,155.90,0.00,0.00,99.88,0,-111.00,-11.00,0.00,0.00,19.00,0.00,0,385
55.02,1544518732,314.17,51.49059686,7.41689326,155.90,0.00,0.00,99.88,0,-116.00,-16.00,0.00,0.00,19.00,0.00,0,345
55.02,1544518732,314.17,51.49059686,7.41689326,155.90,0.00,0.00,99.88,0,-107.00,-13.00,0.00,0.00,26.00,0.00,0,385
55.02,1544518732,314.17,51.49059686,7.41689326,155.90,0.00,0.00,99.88,0,-109.00,-15.00,0.00,0.00,26.00,0.00,0,384
56.02,1544518733,314.17,51.49059686,7.41689326,155.90,0.00,0.00,99.88,0,-111.00,-11.00,0.00,0.00,19.00,0.00,0,385
56.02,1544518733,314.17,51.49059686,7.41689326,155.90,0.00,0.00,99.88,0,-116.00,-16.00,0.00,0.00,19.00,0.00,0,345
56.02,1544518733,314.17,51.49059686,7.41689326,155.90,0.00,0.00,99.88,0,-107.00,-13.00,0.00,0.00,26.00,0.00,0,385
56.02,1544518733,314.17,51.49059686,7.41689326,155.90,0.00,0.00,99.88,0,-109.00,-15.00,0.00,0.00,26.00,0.00,0,384
57.02,1544518734,314.17,51.49059686,7.41689326,155.89,0.00,0.00,99.88,0,-110.00,-10.00,0.00,0.00,18.00,0.00,0,385
57.02,1544518734,314.17,51.49059686,7.41689326,155.89,0.00,0.00,99.88,0,-116.00,-15.00,0.00,0.00,18.00,0.00,0,345
57.02,1544518734,314.17,51.49059686,7.41689326,155.89,0.00,0.00,99.88,0,-108.00,-13.00,0.00,0.00,26.00,0.00,0,385
57.02,1544518734,314.17,51.49059686,7.41689326,155.89,0.00,0.00,99.88,0,-109.00,-16.00,0.00,0.00,27.00,0.00,0,91
58.02,1544518735,314.17,51.49059686,7.41689326,155.89,0.00,0.00,99.88,0,-110.00,-10.00,0.00,0.00,18.00,0.00,0,385
58.02,1544518735,314.17,51.49059686,7.41689326,155.89,0.00,0.00,99.88,0,-116.00,-15.00,0.00,0.00,18.00,0.00,0,345
58.02,1544518735,314.17,51.49059686,7.41689326,155.89,0.00,0.00,99.88,0,-108.00,-13.00,0.00,0.00,26.00,0.00,0,385
58.02,1544518735,314.17,51.49059686,7.41689326,155.89,0.00,0.00,99.88,0,-109.00,-16.00,0.00,0.00,27.00,0.00,0,91
59.02,1544518736,314.17,51.49059686,7.41689326,155.88,0.00,0.00,99.88,0,-111.00,-10.00,0.00,0.00,18.00,0.00,0,385
59.02,1544518736,314.17,51.49059686,7.41689326,155.88,0.00,0.00,99.88,0,-116.00,-15.00,0.00,0.00,19.00,0.00,0,345
59.02,1544518736,314.17,51.49059686,7.41689326,155.88,0.00,0.00,99.88,0,-105.00,-13.00,0.00,0.00,27.00,0.00,0,385
59.02,1544518736,314.17,51.49059686,7.41689326,155.88,0.00,0.00,99.88,0,-108.00,-15.00,0.00,0.00,27.00,0.00,0,91
60.02,1544518737,314.17,51.49059686,7.41689326,155.87,0.00,0.00,99.88,0,-111.00,-10.00,0.00,0.00,18.00,0.00,0,385
60.02,1544518737,314.17,51.49059686,7.41689326,155.87,0.00,0.00,99.88,0,-116.00,-15.00,0.00,0.00,19.00,0.00,0,345
60.02,1544518737,314.17,51.49059686,7.41689326,155.87,0.00,0.00,99.88,0,-105.00,-13.00,0.00,0.00,27.00,0.00,0,385
60.02,1544518737,314.17,51.49059686,7.41689326,155.87,0.00,0.00,99.88,0,-108.00,-15.00,0.00,0.00,27.00,0.00,0,91
61.01,1544518738,314.17,51.49059686,7.41689326,155.87,0.00,0.00,99.88,0,-111.00,-10.00,0.00,0.00,18.00,0.00,0,385
61.01,1544518738,314.17,51.49059686,7.41689326,155.87,0.00,0.00,99.88,0,-116.00,-15.00,0.00,0.00,18.00,0.00,0,345
61.01,1544518738,314.17,51.49059686,7.41689326,155.87,0.00,0.00,99.88,0,-106.00,-13.00,0.00,0.00,28.00,0.00,0,385
61.01,1544518738,314.17,51.49059686,7.41689326,155.87,0.00,0.00,99.88,0,-108.00,-16.00,0.00,0.00,28.00,0.00,0,91
62.02,1544518739,314.17,51.49059686,7.41689326,155.86,0.00,0.00,99.88,0,-111.00,-10.00,0.00,0.00,18.00,0.00,0,385
62.02,1544518739,314.17,51.49059686,7.41689326,155.86,0.00,0.00,99.88,0,-116.00,-15.00,0.00,0.00,18.00,0.00,0,345
62.02,1544518739,314.17,51.49059686,7.41689326,155.86,0.00,0.00,99.88,0,-106.00,-13.00,0.00,0.00,28.00,0.00,0,385
62.02,1544518739,314.17,51.49059686,7.41689326,155.86,0.00,0.00,99.88,0,-108.00,-16.00,0.00,0.00,28.00,0.00,0,91
63.01,1544518740,314.17,51.49059686,7.41689326,155.85,0.00,0.00,99.88,0,-111.00,-12.00,0.00,0.00,22.00,0.00,0,385
63.01,1544518740,314.17,51.49059686,7.41689326,155.85,0.00,0.00,99.88,0,-107.00,-14.00,0.00,0.00,28.00,0.00,0,385
63.01,1544518740,314.17,51.49059686,7.41689326,155.85,0.00,0.00,99.88,0,-111.00,-19.00,0.00,0.00,28.00,0.00,0,91
64.02,1544518741,314.17,51.49059686,7.41689326,155.85,0.00,0.00,99.88,0,-111.00,-12.00,0.00,0.00,22.00,0.00,0,385
64.02,1544518741,314.17,51.49059686,7.41689326,155.85,0.00,0.00,99.88,0,-107.00,-14.00,0.00,0.00,28.00,0.00,0,385
64.02,1544518741,314.17,51.49059686,7.41689326,155.85,0.00,0.00,99.88,0,-111.00,-19.00,0.00,0.00,28.00,0.00,0,91
65.02,1544518742,314.17,51.49059686,7.41689326,155.84,0.00,0.00,99.88,0,-112.00,-11.00,0.00,0.00,18.00,0.00,0,385
65.02,1544518742,314.17,51.49059686,7.41689326,155.84,0.00,0.00,99.88,0,-117.00,-15.00,0.00,0.00,18.00,0.00,0,345
65.02,1544518742,314.17,51.49059686,7.41689326,155.84,0.00,0.00,99.88,0,-106.00,-14.00,0.00,0.00,28.00,0.00,0,385
65.02,1544518742,314.17,51.49059686,7.41689326,155.84,0.00,0.00,99.88,0,-108.00,-17.00,0.00,0.00,28.00,0.00,0,91
66.02,1544518743,314.17,51.49059686,7.41689326,155.83,0.00,0.00,99.88,0,-112.00,-11.00,0.00,0.00,18.00,0.00,0,385
66.02,1544518743,314.17,51.49059686,7.41689326,155.83,0.00,0.00,99.88,0,-117.00,-15.00,0.00,0.00,18.00,0.00,0,345
66.02,1544518743,314.17,51.49059686,7.41689326,155.83,0.00,0.00,99.88,0,-106.00,-14.00,0.00,0.00,28.00,0.00,0,385
66.02,1544518743,314.17,51.49059686,7.41689326,155.83,0.00,0.00,99.88,0,-108.00,-17.00,0.00,0.00,28.00,0.00,0,91
67.02,1544518744,314.17,51.49059686,7.41689326,155.83,0.00,0.00,99.88,0,-111.00,-10.00,0.00,0.00,18.00,0.00,0,385
67.02,1544518744,314.17,51.49059686,7.41689326,155.83,0.00,0.00,99.88,0,-116.00,-15.00,0.00,0.00,18.00,0.00,0,345
67.02,1544518744,314.17,51.49059686,7.41689326,155.83,0.00,0.00,99.88,0,-106.00,-14.00,0.00,0.00,28.00,0.00,0,385
67.02,1544518744,314.17,51.49059686,7.41689326,155.83,0.00,0.00,99.88,0,-107.00,-16.00,0.00,0.00,28.00,0.00,0,384
68.02,1544518745,314.17,51.49059686,7.41689326,155.82,0.00,0.00,99.88,0,-111.00,-10.00,0.00,0.00,18.00,0.00,0,385
68.02,1544518745,314.17,51.49059686,7.41689326,155.82,0.00,0.00,99.88,0,-116.00,-15.00,0.00,0.00,18.00,0.00,0,345
68.02,1544518745,314.17,51.49059686,7.41689326,155.82,0.00,0.00,99.88,0,-106.00,-14.00,0.00,0.00,28.00,0.00,0,385
68.02,1544518745,314.17,51.49059686,7.41689326,155.82,0.00,0.00,99.88,0,-107.00,-16.00,0.00,0.00,28.00,0.00,0,384
69.02,1544518746,314.17,51.49059686,7.41689326,155.81,0.00,0.00,99.88,0,-112.00,-13.00,0.00,0.00,20.00,0.00,0,385
69.02,1544518746,314.17,51.49059686,7.41689326,155.81,0.00,0.00,99.88,0,-117.00,-18.00,0.00,0.00,21.00,0.00,0,345
69.02,1544518746,314.17,51.49059686,7.41689326,155.81,0.00,0.00,99.88,0,-105.00,-13.00,0.00,0.00,29.00,0.00,0,385
69.02,1544518746,314.17,51.49059686,7.41689326,155.81,0.00,0.00,99.88,0,-106.00,-16.00,0.00,0.00,29.00,0.00,0,384
70.02,1544518747,314.17,51.49059686,7.41689326,155.81,0.00,0.00,99.88,0,-112.00,-13.00,0.00,0.00,20.00,0.00,0,385
70.02,1544518747,314.17,51.49059686,7.41689326,155.81,0.00,0.00,99.88,0,-117.00,-18.00,0.00,0.00,21.00,0.00,0,345
70.02,1544518747,314.17,51.49059686,7.41689326,155.81,0.00,0.00,99.88,0,-105.00,-13.00,0.00,0.00,29.00,0.00,0,385
70.02,1544518747,314.17,51.49059686,7.41689326,155.81,0.00,0.00,99.88,0,-106.00,-16.00,0.00,0.00,29.00,0.00,0,384
71.02,1544518748,314.17,51.49131720,7.41775810,155.80,0.00,0.00,99.88,0,-112.00,-10.00,0.00,0.00,18.00,0.00,0,385
71.02,1544518748,314.17,51.49131720,7.41775810,155.80,0.00,0.00,99.88,0,-117.00,-15.00,0.00,0.00,17.00,0.00,0,345
71.02,1544518748,314.17,51.49131720,7.41775810,155.80,0.00,0.00,99.88,0,-105.00,-13.00,0.00,0.00,28.00,0.00,0,385
71.02,1544518748,314.17,51.49131720,7.41775810,155.80,0.00,0.00,99.88,0,-107.00,-17.00,0.00,0.00,28.00,0.00,0,333
72.02,1544518749,314.17,51.49059686,7.41689326,155.80,0.00,0.00,99.88,0,-112.00,-10.00,0.00,0.00,18.00,0.00,0,385
72.02,1544518749,314.17,51.49059686,7.41689326,155.80,0.00,0.00,99.88,0,-117.00,-15.00,0.00,0.00,17.00,0.00,0,345
72.02,1544518749,314.17,51.49059686,7.41689326,155.80,0.00,0.00,99.88,0,-105.00,-13.00,0.00,0.00,28.00,0.00,0,385
72.02,1544518749,314.17,51.49059686,7.41689326,155.80,0.00,0.00,99.88,0,-107.00,-17.00,0.00,0.00,28.00,0.00,0,333
73.02,1544518750,314.17,51.49059686,7.41689326,155.79,0.00,0.00,99.88,0,-112.00,-13.00,0.00,0.00,20.00,0.00,0,385
73.02,1544518750,314.17,51.49059686,7.41689326,155.79,0.00,0.00,99.88,0,-116.00,-17.00,0.00,0.00,20.00,0.00,0,345
73.02,1544518750,314.17,51.49059686,7.41689326,155.79,0.00,0.00,99.88,0,-108.00,-15.00,0.00,0.00,28.00,0.00,0,385
73.02,1544518750,314.17,51.49059686,7.41689326,155.79,0.00,0.00,99.88,0,-111.00,-19.00,0.00,0.00,28.00,0.00,0,333
74.02,1544518751,314.17,51.49059686,7.41689326,155.79,0.00,0.00,99.88,0,-112.00,-13.00,0.00,0.00,20.00,0.00,0,385
74.02,1544518751,314.17,51.49059686,7.41689326,155.79,0.00,0.00,99.88,0,-116.00,-17.00,0.00,0.00,20.00,0.00,0,345
74.02,1544518751,314.17,51.49059686,7.41689326,155.79,0.00,0.00,99.88,0,-108.00,-15.00,0.00,0.00,28.00,0.00,0,385
74.02,1544518751,314.17,51.49059686,7.41689326,155.79,0.00,0.00,99.88,0,-111.00,-19.00,0.00,0.00,28.00,0.00,0,333
75.02,1544518752,314.17,51.49059686,7.41689326,155.78,0.00,0.00,99.88,0,-113.00,-13.00,0.00,0.00,21.00,0.00,0,385
75.02,1544518752,314.17,51.49059686,7.41689326,155.78,0.00,0.00,99.88,0,-107.00,-14.00,0.00,0.00,28.00,0.00,0,385
75.02,1544518752,314.17,51.49059686,7.41689326,155.78,0.00,0.00,99.88,0,-111.00,-19.00,0.00,0.00,28.00,0.00,0,333
76.02,1544518753,314.17,51.49059686,7.41689326,155.78,0.00,0.00,99.88,0,-113.00,-13.00,0.00,0.00,21.00,0.00,0,385
76.02,1544518753,314.17,51.49059686,7.41689326,155.78,0.00,0.00,99.88,0,-107.00,-14.00,0.00,0.00,28.00,0.00,0,385
76.02,1544518753,314.17,51.49059686,7.41689326,155.78,0.00,0.00,99.88,0,-111.00,-19.00,0.00,0.00,28.00,0.00,0,333
77.03,1544518754,314.17,51.49059686,7.41689326,155.77,0.00,0.00,99.88,0,-112.00,-11.00,0.00,0.00,19.00,0.00,0,385
77.03,1544518754,314.17,51.49059686,7.41689326,155.77,0.00,0.00,99.88,0,-115.00,-14.00,0.00,0.00,21.00,0.00,0,345
77.03,1544518754,314.17,51.49059686,7.41689326,155.77,0.00,0.00,99.88,0,-107.00,-14.00,0.00,0.00,28.00,0.00,0,333
77.03,1544518754,314.17,51.49059686,7.41689326,155.77,0.00,0.00,99.88,0,-109.00,-16.00,0.00,0.00,28.00,0.00,0,137
78.02,1544518755,314.17,51.49059686,7.41689326,155.71,0.00,0.00,101.86,0,-112.00,-11.00,0.00,0.00,19.00,0.00,0,385
78.02,1544518755,314.17,51.49059686,7.41689326,155.71,0.00,0.00,101.86,0,-115.00,-14.00,0.00,0.00,21.00,0.00,0,345
78.02,1544518755,314.17,51.49059686,7.41689326,155.71,0.00,0.00,101.86,0,-107.00,-14.00,0.00,0.00,28.00,0.00,0,333
78.02,1544518755,314.17,51.49059686,7.41689326,155.71,0.00,0.00,101.86,0,-109.00,-16.00,0.00,0.00,28.00,0.00,0,137
79.02,1544518756,314.17,51.49059686,7.41689326,155.69,0.00,0.00,100.71,0,-112.00,-11.00,0.00,0.00,19.00,0.00,0,385
79.02,1544518756,314.17,51.49059686,7.41689326,155.69,0.00,0.00,100.71,0,-115.00,-14.00,0.00,0.00,21.00,0.00,0,345
79.02,1544518756,314.17,51.49059686,7.41689326,155.69,0.00,0.00,100.71,0,-107.00,-14.00,0.00,0.00,28.00,0.00,0,333
79.02,1544518756,314.17,51.49059686,7.41689326,155.69,0.00,0.00,100.71,0,-109.00,-16.00,0.00,0.00,28.00,0.00,0,137
80.02,1544518757,314.18,51.49057502,7.41705252,155.33,5.89,0.00,96.63,0,-111.00,-11.00,0.00,0.00,20.00,0.00,0,385
80.02,1544518757,314.18,51.49057502,7.41705252,155.33,5.89,0.00,96.63,0,-108.00,-16.00,0.00,0.00,28.00,0.00,0,385
80.02,1544518757,314.19,51.49057502,7.41705252,155.33,5.89,0.00,96.63,0,-108.00,-17.00,0.00,0.00,28.00,0.00,0,384
81.02,1544518758,320.07,51.49060350,7.41711748,155.14,6.54,0.00,53.92,0,-111.00,-11.00,0.00,0.00,20.00,0.00,0,385
81.02,1544518758,320.07,51.49060350,7.41711748,155.14,6.54,0.00,53.92,0,-108.00,-16.00,0.00,0.00,28.00,0.00,0,385
81.02,1544518758,320.08,51.49060350,7.41711748,155.14,6.54,0.00,53.92,0,-108.00,-17.00,0.00,0.00,28.00,0.00,0,384
82.02,1544518759,326.61,51.49065963,7.41716656,154.98,7.06,0.00,25.16,0,-114.00,-12.00,0.00,0.00,19.00,0.00,0,347
83.02,1544518760,333.66,51.49072418,7.41717167,154.84,8.06,0.00,1.29,0,-114.00,-12.00,0.00,0.00,19.00,0.00,0,347
84.02,1544518761,341.73,51.49080050,7.41716247,154.88,8.98,0.00,357.41,0,-113.00,-14.00,0.00,0.00,21.00,0.00,0,347
85.02,1544518762,350.70,51.49088911,7.41714645,155.07,9.51,0.00,354.78,0,-113.00,-14.00,0.00,0.00,21.00,0.00,0,347
86.02,1544518763,360.22,51.49099029,7.41711626,155.18,11.85,0.00,352.68,0,-113.00,-12.00,0.00,0.00,21.00,0.00,0,347
87.02,1544518764,372.10,51.49109308,7.41708263,155.26,12.13,0.00,351.28,0,-113.00,-12.00,0.00,0.00,21.00,0.00,0,347
88.01,1544518765,384.19,51.49120213,7.41704688,155.53,11.76,0.00,350.55,0,-110.00,-12.00,0.00,0.00,23.00,0.00,0,347
89.01,1544518766,395.95,51.49130833,7.41700519,155.43,11.68,0.00,349.86,0,-110.00,-12.00,0.00,0.00,23.00,0.00,0,347
90.02,1544518767,407.66,51.49141617,7.41697021,155.70,12.09,0.00,349.32,0,-111.00,-11.00,0.00,0.00,20.00,0.00,0,216
90.02,1544518767,407.67,51.49141617,7.41697021,155.70,12.09,0.00,349.32,0,-113.00,-13.00,0.00,0.00,21.00,0.00,0,347
91.02,1544518768,419.76,51.49152100,7.41723620,153.30,11.60,0.00,349.70,0,-111.00,-11.00,0.00,0.00,20.00,0.00,0,216
91.02,1544518768,419.77,51.49152100,7.41723620,153.30,11.60,0.00,349.70,0,-113.00,-13.00,0.00,0.00,21.00,0.00,0,347
92.02,1544518769,431.35,51.49161802,7.41690287,156.50,12.10,0.00,348.49,0,-110.00,-16.00,0.00,0.00,24.00,0.00,0,347
92.02,1544518769,431.36,51.49161802,7.41690287,156.50,12.10,0.00,348.49,0,-110.00,-16.00,0.00,0.00,25.00,0.00,0,216
93.02,1544518770,443.46,51.49172132,7.41685530,157.12,12.01,0.00,346.36,0,-110.00,-16.00,0.00,0.00,24.00,0.00,0,347
93.02,1544518770,443.48,51.49172132,7.41685530,157.12,12.01,0.00,346.36,0,-110.00,-16.00,0.00,0.00,25.00,0.00,0,216
94.01,1544518771,455.42,51.49180473,7.41681004,157.44,11.56,0.00,343.87,0,-112.00,-18.00,0.00,0.00,25.00,0.00,0,347
94.01,1544518771,455.43,51.49180473,7.41681004,157.44,11.56,0.00,343.87,0,-114.00,-18.00,0.00,0.00,25.00,0.00,0,216
94.01,1544518771,455.43,51.49180473,7.41681004,157.44,11.56,0.00,343.87,0,-115.00,-20.00,0.00,0.00,25.00,0.00,0,289
95.02,1544518772,467.02,51.49190818,7.41674162,157.75,12.02,0.00,340.55,0,-112.00,-18.00,0.00,0.00,25.00,0.00,0,347
95.02,1544518772,467.03,51.49190818,7.41674162,157.75,12.02,0.00,340.55,0,-114.00,-18.00,0.00,0.00,25.00,0.00,0,216
95.02,1544518772,467.03,51.49190818,7.41674162,157.75,12.02,0.00,340.55,0,-115.00,-20.00,0.00,0.00,25.00,0.00,0,289
96.01,1544518773,479.02,51.49201873,7.41665758,158.08,12.46,0.00,337.22,0,-109.00,-16.00,0.00,0.00,24.00,0.00,0,289
97.01,1544518774,491.48,51.49212326,7.41657471,158.11,12.08,0.00,335.42,0,-109.00,-16.00,0.00,0.00,24.00,0.00,0,289
98.02,1544518775,503.66,51.49222518,7.41649287,158.15,12.29,0.00,334.00,0,-109.00,-12.00,0.00,0.00,23.00,0.00,0,289
99.01,1544518776,515.85,51.49232387,7.41641109,157.97,12.86,0.00,333.53,0,-109.00,-12.00,0.00,0.00,23.00,0.00,0,289
100.02,1544518777,528.74,51.49243066,7.41632268,158.14,12.06,0.00,334.98,0,-109.00,-12.00,0.00,0.00,23.00,0.00,0,289
101.01,1544518778,540.72,51.49253946,7.41624796,158.34,12.44,0.00,337.33,0,-105.00,-10.00,0.00,0.00,26.00,0.00,0,289
102.02,1544518779,553.22,51.49261748,7.41620356,159.02,12.03,0.00,340.14,0,-105.00,-10.00,0.00,0.00,26.00,0.00,0,289
201.01,1544518878,1506.95,51.49311403,7.40481441,165.20,13.85,0.00,257.96,0,-111.00,-13.00,0.00,0.00,25.00,0.00,0,356
202.01,1544518879,1520.83,51.49308694,7.40461642,165.48,13.74,0.00,258.16,0,-111.00,-13.00,0.00,0.00,25.00,0.00,0,356
203.02,1544518880,1534.67,51.49306189,7.40443044,165.52,13.39,0.00,258.31,0,-108.00,-12.00,0.00,0.00,26.00,0.00,0,356
204.02,1544518881,1548.02,51.49303751,7.40424202,165.47,13.44,0.00,258.68,0,-108.00,-12.00,0.00,0.00,26.00,0.00,0,356
205.02,1544518882,1561.45,51.49301516,7.40405055,165.49,13.36,0.00,259.07,0,-108.00,-12.00,0.00,0.00,26.00,0.00,0,356
208.01,1544518885,1600.90,51.49296603,7.40347743,165.93,13.25,0.00,263.75,0,-115.00,-12.00,0.00,0.00,17.00,0.00,0,356
209.01,1544518886,1614.14,51.49296322,7.40330591,165.94,12.45,0.00,265.69,0,-115.00,-12.00,0.00,0.00,17.00,0.00,0,356
210.02,1544518887,1626.61,51.49296312,7.40313316,165.72,12.08,0.00,267.34,0,-113.00,-13.00,0.00,0.00,23.00,0.00,0,356
211.01,1544518888,1638.62,51.49304500,7.40340910,164.20,11.78,0.00,268.83,0,-113.00,-13.00,0.00,0.00,23.00,0.00,0,356
212.02,1544518889,1650.46,51.49297087,7.40278596,165.53,11.30,0.00,270.00,0,-112.00,-12.00,0.00,0.00,19.00,0.00,0,356
213.02,1544518890,1661.76,51.49297559,7.40264175,165.27,9.66,0.00,270.25,0,-112.00,-12.00,0.00,0.00,19.00,0.00,0,356
214.02,1544518891,1671.42,51.49297970,7.40251775,164.91,7.90,0.00,270.55,0,-113.00,-10.00,0.00,0.00,17.00,0.00,0,356
215.02,1544518892,1679.32,51.49298122,7.40240596,164.75,7.65,0.00,268.98,0,-113.00,-10.00,0.00,0.00,17.00,0.00,0,356
216.02,1544518893,1686.97,51.49298243,7.40232369,165.02,5.05,0.00,266.56,0,-110.00,-10.00,0.00,0.00,19.00,0.00,0,356
217.02,1544518894,1692.04,51.49298314,7.40226093,165.10,3.48,0.00,266.52,0,-110.00,-10.00,0.00,0.00,19.00,0.00,0,356
218.01,1544518895,1695.49,51.49298530,7.40221243,165.16,1.81,0.00,265.80,0,-111.00,-11.00,0.00,0.00,19.00,0.00,0,356
219.01,1544518896,1697.30,51.49298920,7.40220467,165.18,0.69,0.00,265.80,0,-111.00,-11.00,0.00,0.00,19.00,0.00,0,356
231.02,1544518908,1749.02,51.49251350,7.40183820,165.69,9.38,0.00,185.66,0,-115.00,-12.00,0.00,0.00,18.00,0.00,0,356
232.02,1544518909,1758.40,51.49265425,7.40174185,164.98,10.84,0.00,183.42,0,-115.00,-12.00,0.00,0.00,18.00,0.00,0,356
233.02,1544518910,1769.23,51.49254929,7.40174001,163.67,10.61,0.00,182.17,0,-115.00,-15.00,0.00,0.00,19.00,0.00,0,356
234.02,1544518911,1779.85,51.49246206,7.40174051,162.96,10.34,0.00,181.79,0,-115.00,-15.00,0.00,0.00,19.00,0.00,0,356
235.02,1544518912,1790.20,51.49236620,7.40173751,162.95,10.58,0.00,181.44,0,-116.00,-12.00,0.00,0.00,15.00,0.00,0,356
236.01,1544518913,1800.76,51.49226738,7.40173774,162.70,10.74,0.00,181.21,0,-116.00,-12.00,0.00,0.00,15.00,0.00,0,356
237.02,1544518914,1811.51,51.49217304,7.40174360,162.43,10.06,0.00,181.08,0,-112.00,-14.00,0.00,0.00,24.00,0.00,0,356
238.01,1544518915,1821.55,51.49208452,7.40174997,162.17,9.64,0.00,181.25,0,-112.00,-14.00,0.00,0.00,24.00,0.00,0,356
239.01,1544518916,1831.20,51.49198979,7.40174849,162.62,9.61,0.00,180.95,0,-113.00,-13.00,0.00,0.00,26.00,0.00,0,356
240.01,1544518917,1840.81,51.49188465,7.40174153,163.78,10.24,0.00,181.05,0,-113.00,-13.00,0.00,0.00,26.00,0.00,0,356
241.01,1544518918,1851.02,51.49179113,7.40173965,164.74,10.10,0.00,180.88,0,-116.00,-16.00,0.00,0.00,21.00,0.00,0,356
242.01,1544518919,1861.11,51.49170528,7.40173994,165.43,9.80,0.00,180.26,0,-116.00,-16.00,0.00,0.00,21.00,0.00,0,356
243.01,1544518920,1870.91,51.49161899,7.40173967,166.06,9.35,0.00,180.54,0,-113.00,-12.00,0.00,0.00,16.00,0.00,0,356
244.01,1544518921,1880.30,51.49154255,7.40174061,166.30,8.97,0.00,180.83,0,-113.00,-12.00,0.00,0.00,16.00,0.00,0,356
245.02,1544518922,1889.35,51.49146134,7.40173646,167.07,8.39,0.00,181.44,0,-111.00,-11.00,0.00,0.00,20.00,0.00,0,356
246.01,1544518923,1897.66,51.49137699,7.40172664,168.32,7.62,0.00,181.42,0,-111.00,-11.00,0.00,0.00,20.00,0.00,0,356
247.01,1544518924,1905.28,51.49130927,7.40172404,169.15,7.49,0.00,181.01,0,-111.00,-11.00,0.00,0.00,20.00,0.00,0,356
248.01,1544518925,1912.78,51.49124074,7.40172421,169.59,8.32,0.00,180.38,0,-108.00,-11.00,0.00,0.00,26.00,0.00,0,356
249.01,1544518926,1921.10,51.49116852,7.40172778,169.44,9.70,0.00,181.35,0,-108.00,-11.00,0.00,0.00,26.00,0.00,0,356
250.02,1544518927,1930.84,51.49108993,7.40172961,169.08,9.45,0.00,180.98,0,-110.00,-10.00,0.00,0.00,19.00,0.00,0,356
251.02,1544518928,1940.27,51.49100304,7.40172670,169.13,8.77,0.00,180.25,0,-110.00,-10.00,0.00,0.00,19.00,0.00,0,356
252.01,1544518929,1949.01,51.49083900,7.40160460,172.50,8.45,0.00,179.60,0,-114.00,-12.00,0.00,0.00,17.00,0.00,0,356
253.01,1544518930,1957.45,51.49085196,7.40173547,169.24,8.56,0.00,179.52,0,-114.00,-12.00,0.00,0.00,17.00,0.00,0,356
254.02,1544518931,1966.06,51.49077505,7.40173716,169.10,9.27,0.00,179.43,0,-115.00,-13.00,0.00,0.00,16.00,0.00,0,356
255.01,1544518932,1975.31,51.49069117,7.40174114,168.79,9.82,0.00,179.47,0,-115.00,-13.00,0.00,0.00,16.00,0.00,0,356
256.02,1544518933,1985.17,51.49060797,7.40174487,168.37,9.69,0.00,180.05,0,-113.00,-10.00,0.00,0.00,17.00,0.00,0,356
257.02,1544518934,1994.84,51.49052572,7.40175014,168.06,9.06,0.00,179.49,0,-113.00,-10.00,0.00,0.00,17.00,0.00,0,356
258.02,1544518935,2003.91,51.49043582,7.40174984,168.15,9.62,0.00,178.76,0,-112.00,-10.00,0.00,0.00,17.00,0.00,0,356
259.02,1544518936,2013.52,51.49033845,7.40174700,168.70,9.82,0.00,179.09,0,-112.00,-10.00,0.00,0.00,17.00,0.00,0,356
260.02,1544518937,2023.35,51.49024011,7.40174345,169.87,9.76,0.00,179.89,0,-109.00,-9.00,0.00,0.00,22.00,0.00,0,356
261.02,1544518938,2033.11,51.49014618,7.40174461,170.65,10.67,0.00,179.06,0,-109.00,-9.00,0.00,0.00,22.00,0.00,0,356
262.02,1544518939,2043.80,51.49003493,7.40175041,171.71,11.58,0.00,178.48,0,-108.00,-10.00,0.00,0.00,20.00,0.00,0,356
263.02,1544518940,2055.37,51.48993581,7.40175784,172.35,11.31,0.00,178.93,0,-108.00,-10.00,0.00,0.00,20.00,0.00,0,356
264.02,1544518941,2066.69,51.48984333,7.40176110,172.79,10.34,0.00,179.65,0,-108.00,-8.00,0.00,0.00,19.00,0.00,0,356
265.01,1544518942,2077.00,51.48976462,7.40175986,172.82,9.17,0.00,180.08,0,-108.00,-8.00,0.00,0.00,19.00,0.00,0,356
266.02,1544518943,2086.26,51.48968286,7.40175268,173.49,7.53,0.00,180.57,0,-110.00,-10.00,0.00,0.00,21.00,0.00,0,356
267.02,1544518944,2093.72,51.48962774,7.40175403,173.69,4.58,0.00,180.19,0,-110.00,-10.00,0.00,0.00,21.00,0.00,0,356
268.01,1544518945,2098.29,51.48960927,7.40175389,173.67,2.56,0.00,180.93,0,-110.00,-10.00,0.00,0.00,21.00,0.00,0,356
269.01,1544518946,2100.85,51.48960927,7.40175389,173.66,0.00,0.00,180.93,0,-108.00,-8.00,0.00,0.00,20.00,0.00,0,356
270.02,1544518947,2100.85,51.48960927,7.40175389,173.66,0.00,0.00,180.93,0,-108.00,-8.00,0.00,0.00,20.00,0.00,0,356
271.02,1544518948,2100.85,51.48945690,7.40178890,173.65,0.00,0.00,180.93,0,-109.00,-8.00,0.00,0.00,18.00,0.00,0,356
272.01,1544518949,2100.85,51.48960927,7.40175389,173.64,0.00,0.00,180.93,0,-109.00,-8.00,0.00,0.00,18.00,0.00,0,356
273.01,1544518950,2100.85,51.48960927,7.40175389,173.63,0.00,0.00,180.93,0,-109.00,-11.00,0.00,0.00,21.00,0.00,0,356
274.01,1544518951,2100.85,51.48960927,7.40175389,173.62,0.00,0.00,180.93,0,-109.00,-11.00,0.00,0.00,21.00,0.00,0,356
275.01,1544518952,2100.85,51.48960927,7.40175389,173.61,0.00,0.00,180.93,0,-109.00,-14.00,0.00,0.00,24.00,0.00,0,356
276.02,1544518953,2100.85,51.48960927,7.40175389,173.60,0.00,0.00,180.93,0,-109.00,-14.00,0.00,0.00,24.00,0.00,0,356
277.02,1544518954,2100.85,51.48960927,7.40175389,173.58,0.00,0.00,180.93,0,-110.00,-8.00,0.00,0.00,17.00,0.00,0,356
278.02,1544518955,2100.85,51.48960927,7.40175389,173.57,0.00,0.00,180.93,0,-110.00,-8.00,0.00,0.00,17.00,0.00,0,356
279.01,1544518956,2100.85,51.48960927,7.40175389,173.55,0.00,0.00,180.93,0,-109.00,-8.00,0.00,0.00,18.00,0.00,0,356
280.02,1544518957,2100.85,51.48960927,7.40175389,173.54,0.00,0.00,180.93,0,-109.00,-8.00,0.00,0.00,18.00,0.00,0,356
281.02,1544518958,2100.85,51.48960927,7.40175389,173.53,0.00,0.00,180.93,0,-110.00,-12.00,0.00,0.00,23.00,0.00,0,356
282.01,1544518959,2100.85,51.48960927,7.40175389,173.53,0.00,0.00,180.93,0,-110.00,-12.00,0.00,0.00,23.00,0.00,0,356
283.01,1544518960,2100.85,51.48960927,7.40175389,173.40,0.00,0.00,180.93,0,-109.00,-12.00,0.00,0.00,23.00,0.00,0,356
284.01,1544518961,2100.85,51.48960927,7.40175389,171.88,0.00,0.00,184.25,0,-109.00,-12.00,0.00,0.00,23.00,0.00,0,356
285.01,1544518962,2100.85,51.48952841,7.40175407,170.57,0.00,0.00,181.47,0,-108.00,-12.00,0.00,0.00,20.00,0.00,0,356
286.01,1544518963,2100.86,51.48945187,7.40182413,170.98,6.85,0.00,138.77,0,-108.00,-12.00,0.00,0.00,20.00,0.00,0,356
287.02,1544518964,2107.77,51.48941782,7.40191189,171.20,7.94,0.00,112.55,0,-107.00,-8.00,0.00,0.00,20.00,0.00,0,356
288.01,1544518965,2115.64,51.48940517,7.40202720,171.86,8.97,0.00,93.94,0,-107.00,-8.00,0.00,0.00,20.00,0.00,0,356
289.01,1544518966,2124.62,51.48939567,7.40216403,172.30,10.09,0.00,94.47,0,-107.00,-8.00,0.00,0.00,20.00,0.00,0,356
290.02,1544518967,2134.76,51.48938472,7.40232094,172.70,11.47,0.00,93.02,0,-110.00,-11.00,0.00,0.00,21.00,0.00,0,356
291.02,1544518968,2146.21,51.48945300,7.40246220,173.19,12.45,0.00,92.09,0,-110.00,-11.00,0.00,0.00,21.00,0.00,0,356
292.01,1544518969,2158.60,51.48937023,7.40267307,173.57,13.30,0.00,91.37,0,-109.00,-10.00,0.00,0.00,23.00,0.00,0,356
293.02,1544518970,2171.97,51.48936743,7.40287338,173.89,13.87,0.00,90.54,0,-109.00,-10.00,0.00,0.00,23.00,0.00,0,356
294.01,1544518971,2185.77,51.48936652,7.40309552,173.98,14.10,0.00,90.47,0,-110.00,-11.00,0.00,0.00,22.00,0.00,0,356
295.01,1544518972,2199.89,51.48936493,7.40330066,174.23,14.64,0.00,90.47,0,-110.00,-11.00,0.00,0.00,22.00,0.00,0,356
296.02,1544518973,2214.59,51.48936415,7.40350650,174.52,14.61,0.00,90.43,0,-110.00,-13.00,0.00,0.00,19.00,0.00,0,356
296.02,1544518973,2214.61,51.48936415,7.40350650,174.52,14.61,0.00,90.43,0,-115.00,-16.00,0.00,0.00,19.00,0.00,0,289
297.02,1544518974,2229.20,51.48936295,7.40371068,174.64,14.46,0.00,90.11,0,-110.00,-13.00,0.00,0.00,19.00,0.00,0,356
297.02,1544518974,2229.21,51.48936295,7.40371068,174.64,14.46,0.00,90.11,0,-115.00,-16.00,0.00,0.00,19.00,0.00,0,289
298.02,1544518975,2243.66,51.48936137,7.40391972,174.65,14.47,0.00,90.47,0,-114.00,-11.00,0.00,0.00,15.00,0.00,0,356
298.02,1544518975,2243.67,51.48936137,7.40391972,174.65,14.47,0.00,90.47,0,-118.00,-13.00,0.00,0.00,15.00,0.00,0,289
299.02,1544518976,2258.13,51.48936041,7.40412018,174.47,14.53,0.00,91.22,0,-114.00,-11.00,0.00,0.00,15.00,0.00,0,356
299.02,1544518976,2258.15,51.48936041,7.40412018,174.47,14.53,0.00,91.22,0,-118.00,-13.00,0.00,0.00,15.00,0.00,0,289
300.02,1544518977,2272.65,51.48935896,7.40432787,174.25,14.70,0.00,91.38,0,-114.00,-12.00,0.00,0.00,18.00,0.00,0,356
300.02,1544518977,2272.66,51.48935896,7.40432787,174.25,14.70,0.00,91.38,0,-114.00,-13.00,0.00,0.00,18.00,0.00,0,289
301.02,1544518978,2287.36,51.48935838,7.40454780,173.91,14.92,0.00,90.52,0,-114.00,-12.00,0.00,0.00,18.00,0.00,0,356
301.02,1544518978,2287.38,51.48935838,7.40454780,173.91,14.92,0.00,90.52,0,-114.00,-13.00,0.00,0.00,18.00,0.00,0,289
302.02,1544518979,2302.30,51.48935603,7.40475249,173.84,14.71,0.00,90.44,0,-112.00,-11.00,0.00,0.00,19.00,0.00,0,356
302.02,1544518979,2302.31,51.48935603,7.40475249,173.84,14.71,0.00,90.44,0,-114.00,-12.00,0.00,0.00,18.00,0.00,0,385
302.02,1544518979,2302.33,51.48935603,7.40475249,173.84,14.71,0.00,90.44,0,-111.00,-16.00,0.00,0.00,24.00,0.00,0,38
302.02,1544518979,2302.33,51.48935603,7.40475249,173.84,14.71,0.00,90.44,0,-113.00,-18.00,0.00,0.00,24.00,0.00,0,358
303.02,1544518980,2317.00,51.48935488,7.40496563,173.74,14.29,0.00,89.93,0,-112.00,-11.00,0.00,0.00,19.00,0.00,0,356
303.02,1544518980,2317.01,51.48935488,7.40496563,173.74,14.29,0.00,89.93,0,-114.00,-12.00,0.00,0.00,18.00,0.00,0,385
303.02,1544518980,2317.01,51.48935488,7.40496563,173.74,14.29,0.00,89.93,0,-111.00,-16.00,0.00,0.00,24.00,0.00,0,38
303.02,1544518980,2317.03,51.48935488,7.40496563,173.74,14.29,0.00,89.93,0,-113.00,-18.00,0.00,0.00,24.00,0.00,0,358
304.02,1544518981,2331.36,51.48935887,7.40517425,173.50,13.85,0.00,89.05,0,-104.00,-12.00,0.00,0.00,28.00,0.00,0,356
304.02,1544518981,2331.37,51.48935887,7.40517425,173.50,13.85,0.00,89.05,0,-110.00,-15.00,0.00,0.00,24.00,0.00,0,38
304.02,1544518981,2331.39,51.48935887,7.40517425,173.50,13.85,0.00,89.05,0,-115.00,-20.00,0.00,0.00,24.00,0.00,0,207
305.01,1544518982,2345.06,51.48936570,7.40538776,173.35,13.48,0.00,87.79,0,-104.00,-12.00,0.00,0.00,28.00,0.00,0,356
305.01,1544518982,2345.06,51.48936570,7.40538776,173.35,13.48,0.00,87.79,0,-110.00,-15.00,0.00,0.00,24.00,0.00,0,38
305.01,1544518982,2345.06,51.48936570,7.40538776,173.35,13.48,0.00,87.79,0,-115.00,-20.00,0.00,0.00,24.00,0.00,0,207
321.03,1544518998,2549.50,51.48973143,7.40829266,177.72,12.97,0.00,78.51,0,-109.00,-13.00,0.00,0.00,26.00,0.00,0,385
321.03,1544518998,2549.52,51.48973143,7.40829266,177.72,12.97,0.00,78.51,0,-107.00,-14.00,0.00,0.00,27.00,0.00,0,207
321.03,1544518998,2549.52,51.48973143,7.40829266,177.72,12.97,0.00,78.51,0,-109.00,-16.00,0.00,0.00,27.00,0.00,0,158
322.01,1544518999,2562.26,51.48975730,7.40846730,176.92,12.38,0.00,77.24,0,-109.00,-13.00,0.00,0.00,26.00,0.00,0,385
322.01,1544518999,2562.26,51.48975730,7.40846730,176.92,12.38,0.00,77.24,0,-107.00,-14.00,0.00,0.00,27.00,0.00,0,207
322.01,1544518999,2562.27,51.48975730,7.40846730,176.92,12.38,0.00,77.24,0,-109.00,-16.00,0.00,0.00,27.00,0.00,0,158
323.01,1544519000,2574.62,51.48978697,7.40863507,175.81,12.68,0.00,75.79,0,-113.00,-15.00,0.00,0.00,24.00,0.00,0,385
323.01,1544519000,2574.64,51.48978697,7.40863507,175.81,12.68,0.00,75.79,0,-116.00,-18.00,0.00,0.00,24.00,0.00,0,356
324.02,1544519001,2587.37,51.48981894,7.40879121,174.65,12.81,0.00,75.40,0,-113.00,-15.00,0.00,0.00,24.00,0.00,0,385
324.02,1544519001,2587.38,51.48981894,7.40879121,174.65,12.81,0.00,75.40,0,-116.00,-18.00,0.00,0.00,24.00,0.00,0,356
325.02,1544519002,2600.18,51.48985402,7.40898231,173.67,12.96,0.00,76.39,0,-108.00,-14.00,0.00,0.00,26.00,0.00,0,385
326.02,1544519003,2613.14,51.48988247,7.40915738,172.76,13.06,0.00,77.64,0,-108.00,-14.00,0.00,0.00,26.00,0.00,0,385
327.02,1544519004,2626.20,51.48990487,7.40933645,171.85,11.81,0.00,79.28,0,-105.00,-11.00,0.00,0.00,26.00,0.00,0,385
328.02,1544519005,2638.01,51.48992705,7.40952396,170.75,13.39,0.00,79.77,0,-105.00,-11.00,0.00,0.00,26.00,0.00,0,385
329.02,1544519006,2651.51,51.48995023,7.40972260,169.80,13.16,0.00,79.59,0,-100.00,-11.00,0.00,0.00,28.00,0.00,0,385
329.03,1544519006,2651.52,51.48995023,7.40972260,169.80,13.16,0.00,79.59,0,-113.00,-16.00,0.00,0.00,23.00,0.00,0,38
329.03,1544519006,2651.54,51.48995023,7.40972260,169.80,13.16,0.00,79.59,0,-116.00,-20.00,0.00,0.00,23.00,0.00,0,207
330.02,1544519007,2664.61,51.48997104,7.40991008,169.04,12.64,0.00,79.86,0,-100.00,-11.00,0.00,0.00,28.00,0.00,0,385
330.02,1544519007,2664.64,51.48997104,7.40991008,169.04,12.64,0.00,79.86,0,-113.00,-16.00,0.00,0.00,23.00,0.00,0,38
330.02,1544519007,2664.65,51.48997104,7.40991008,169.04,12.64,0.00,79.86,0,-116.00,-20.00,0.00,0.00,23.00,0.00,0,207
331.02,1544519008,2677.21,51.48993840,7.41004280,168.44,12.70,0.00,79.34,0,-100.00,-11.00,0.00,0.00,28.00,0.00,0,385
331.02,1544519008,2677.23,51.48993840,7.41004280,168.44,12.70,0.00,79.34,0,-113.00,-16.00,0.00,0.00,23.00,0.00,0,38
331.02,1544519008,2677.24,51.48993840,7.41004280,168.44,12.70,0.00,79.34,0,-116.00,-20.00,0.00,0.00,23.00,0.00,0,207
332.02,1544519009,2689.96,51.49001187,7.41027286,168.14,12.55,0.00,79.05,0,-111.00,-16.00,0.00,0.00,25.00,0.00,0,385
333.02,1544519010,2702.43,51.49003370,7.41044020,167.82,12.26,0.00,78.11,0,-111.00,-16.00,0.00,0.00,25.00,0.00,0,385
