9.06,1544432936,84.40,51.49053465,7.41379655,158.29,11.80,0.00,79.20,0,-92.00,-7.00,0.00,0.00,47.00,0.00,0,167
10.07,1544432937,96.31,51.49055343,7.41396570,157.63,11.83,0.00,79.35,0,-92.00,-7.00,0.00,0.00,47.00,0.00,0,167
19.06,1544432946,205.15,51.49070735,7.41553346,152.78,11.77,0.00,83.01,0,-87.00,-6.00,0.00,0.00,48.00,0.00,0,469
20.06,1544432947,216.97,51.49071414,7.41569344,152.47,11.45,0.00,85.25,0,-87.00,-6.00,0.00,0.00,48.00,0.00,0,469
38.06,1544432965,366.73,51.49099836,7.41712815,155.63,8.45,0.00,351.08,0,-98.00,-11.00,0.00,0.00,46.00,0.00,0,95
38.06,1544432965,366.73,51.49099836,7.41712815,155.63,8.45,0.00,351.08,0,-97.00,-7.00,0.00,0.00,42.00,0.00,0,469
39.06,1544432966,375.18,51.49109041,7.41709548,155.82,8.99,0.00,349.81,0,-98.00,-11.00,0.00,0.00,46.00,0.00,0,95
39.06,1544432966,375.18,51.49109041,7.41709548,155.82,8.99,0.00,349.81,0,-97.00,-7.00,0.00,0.00,42.00,0.00,0,469
44.07,1544432971,424.48,51.49157375,7.41693113,156.04,10.31,0.00,347.10,0,-101.00,-13.00,0.00,0.00,46.00,0.00,0,222
44.07,1544432971,424.49,51.49157375,7.41693113,156.04,10.31,0.00,347.10,0,-99.00,-8.00,0.00,0.00,39.00,0.00,0,45
45.06,1544432972,434.72,51.49165872,7.41689265,155.99,10.06,0.00,345.88,0,-101.00,-13.00,0.00,0.00,46.00,0.00,0,222
45.06,1544432972,434.73,51.49165872,7.41689265,155.99,10.06,0.00,345.88,0,-99.00,-8.00,0.00,0.00,39.00,0.00,0,45
46.06,1544432973,444.79,51.49175221,7.41685014,155.89,10.11,0.00,344.34,0,-101.00,-13.00,0.00,0.00,46.00,0.00,0,222
46.06,1544432973,444.79,51.49175221,7.41685014,155.89,10.11,0.00,344.34,0,-99.00,-8.00,0.00,0.00,39.00,0.00,0,45
47.06,1544432974,454.90,51.49183870,7.41680351,155.87,9.77,0.00,342.45,0,-98.00,-15.00,0.00,0.00,48.00,0.00,0,45
48.06,1544432975,464.66,51.49191452,7.41675321,155.96,9.79,0.00,339.76,0,-98.00,-15.00,0.00,0.00,48.00,0.00,0,45
61.06,1544432988,615.09,51.49318472,7.41593331,154.09,12.14,0.00,346.10,0,-100.00,-12.00,0.00,0.00,44.00,0.00,0,165
61.06,1544432988,615.10,51.49318472,7.41593331,154.09,12.14,0.00,346.10,0,-101.00,-11.00,0.00,0.00,42.00,0.00,0,222
61.06,1544432988,615.10,51.49318472,7.41593331,154.09,12.14,0.00,346.10,0,-98.00,-11.00,0.00,0.00,42.00,0.00,0,292
61.07,1544432988,615.11,51.49318472,7.41593331,154.09,12.14,0.00,346.10,0,-99.00,-9.00,0.00,0.00,40.00,0.00,0,45
62.06,1544432989,627.19,51.49329357,7.41589589,153.53,12.02,0.00,346.66,0,-100.00,-12.00,0.00,0.00,44.00,0.00,0,165
62.06,1544432989,627.20,51.49329357,7.41589589,153.53,12.02,0.00,346.66,0,-101.00,-11.00,0.00,0.00,42.00,0.00,0,222
62.06,1544432989,627.20,51.49329357,7.41589589,153.53,12.02,0.00,346.66,0,-98.00,-11.00,0.00,0.00,42.00,0.00,0,292
62.06,1544432989,627.21,51.49329357,7.41589589,153.53,12.02,0.00,346.66,0,-99.00,-9.00,0.00,0.00,40.00,0.00,0,45
63.06,1544432990,639.25,51.49339545,7.41586464,153.56,11.86,0.00,347.11,0,-103.00,-14.00,0.00,0.00,42.00,0.00,0,165
64.06,1544432991,651.05,51.49348443,7.41583636,153.05,11.69,0.00,348.09,0,-103.00,-14.00,0.00,0.00,42.00,0.00,0,165
65.06,1544432992,662.72,51.49360106,7.41580617,152.82,11.80,0.00,348.44,0,-99.00,-13.00,0.00,0.00,46.00,0.00,0,165
65.06,1544432992,662.72,51.49360106,7.41580617,152.82,11.80,0.00,348.44,0,-96.00,-12.00,0.00,0.00,45.00,0.00,0,292
66.06,1544432993,674.50,51.49371518,7.41577070,152.68,11.88,0.00,347.54,0,-99.00,-13.00,0.00,0.00,46.00,0.00,0,165
66.06,1544432993,674.50,51.49371518,7.41577070,152.68,11.88,0.00,347.54,0,-96.00,-12.00,0.00,0.00,45.00,0.00,0,292
67.07,1544432994,686.52,51.49382350,7.41573917,152.81,12.07,0.00,348.23,0,-93.00,-12.00,0.00,0.00,51.00,0.00,0,165
67.07,1544432994,686.53,51.49382350,7.41573917,152.81,12.07,0.00,348.23,0,-92.00,-10.00,0.00,0.00,47.00,0.00,0,292
68.06,1544432995,698.48,51.49393450,7.41570282,153.43,11.79,0.00,347.31,0,-93.00,-12.00,0.00,0.00,51.00,0.00,0,165
68.06,1544432995,698.50,51.49393450,7.41570282,153.43,11.79,0.00,347.31,0,-92.00,-10.00,0.00,0.00,47.00,0.00,0,292
69.06,1544432996,710.27,51.49404643,7.41566065,153.57,11.91,0.00,345.27,0,-93.00,-12.00,0.00,0.00,51.00,0.00,0,165
69.06,1544432996,710.28,51.49404643,7.41566065,153.57,11.91,0.00,345.27,0,-92.00,-10.00,0.00,0.00,47.00,0.00,0,292
70.06,1544432997,722.23,51.49414348,7.41562269,153.22,9.75,0.00,345.36,0,-99.00,-13.00,0.00,0.00,46.00,0.00,0,165
70.06,1544432997,722.24,51.49414348,7.41562269,153.22,9.75,0.00,345.36,0,-98.00,-12.00,0.00,0.00,43.00,0.00,0,292
70.06,1544432997,722.25,51.49414348,7.41562269,153.22,9.75,0.00,345.36,0,-99.00,-12.00,0.00,0.00,43.00,0.00,0,349
71.06,1544432998,731.95,51.49421863,7.41559060,153.14,7.37,0.00,346.08,0,-99.00,-13.00,0.00,0.00,46.00,0.00,0,165
71.06,1544432998,731.96,51.49421863,7.41559060,153.14,7.37,0.00,346.08,0,-98.00,-12.00,0.00,0.00,43.00,0.00,0,292
71.06,1544432998,731.96,51.49421863,7.41559060,153.14,7.37,0.00,346.08,0,-99.00,-12.00,0.00,0.00,43.00,0.00,0,349
72.05,1544432999,739.28,51.49427712,7.41557033,153.01,6.17,0.00,346.49,0,-97.00,-11.00,0.00,0.00,46.00,0.00,0,165
72.05,1544432999,739.28,51.49427712,7.41557033,153.01,6.17,0.00,346.49,0,-98.00,-11.00,0.00,0.00,46.00,0.00,0,418
72.06,1544432999,739.29,51.49427712,7.41557033,153.01,6.17,0.00,346.49,0,-96.00,-9.00,0.00,0.00,42.00,0.00,0,349
72.06,1544432999,739.29,51.49427712,7.41557033,153.01,6.17,0.00,346.49,0,-96.00,-11.00,0.00,0.00,44.00,0.00,0,292
73.06,1544433000,745.48,51.49433395,7.41554805,153.12,5.36,0.00,346.91,0,-97.00,-11.00,0.00,0.00,46.00,0.00,0,165
73.06,1544433000,745.49,51.49433395,7.41554805,153.12,5.36,0.00,346.91,0,-98.00,-11.00,0.00,0.00,46.00,0.00,0,418
73.06,1544433000,745.49,51.49433395,7.41554805,153.12,5.36,0.00,346.91,0,-96.00,-9.00,0.00,0.00,42.00,0.00,0,349
73.06,1544433000,745.50,51.49433395,7.41554805,153.12,5.36,0.00,346.91,0,-96.00,-11.00,0.00,0.00,44.00,0.00,0,292
74.06,1544433001,750.84,51.49438040,7.41552672,153.19,3.58,0.00,347.67,0,-94.00,-12.00,0.00,0.00,49.00,0.00,0,418
74.06,1544433001,750.85,51.49438040,7.41552672,153.19,3.58,0.00,347.67,0,-96.00,-14.00,0.00,0.00,49.00,0.00,0,165
74.06,1544433001,750.85,51.49438040,7.41552672,153.19,3.58,0.00,347.67,0,-96.00,-10.00,0.00,0.00,43.00,0.00,0,349
74.06,1544433001,750.85,51.49438040,7.41552672,153.19,3.58,0.00,347.67,0,-98.00,-12.00,0.00,0.00,43.00,0.00,0,292
75.06,1544433002,754.42,51.49442254,7.41551776,153.27,1.20,0.00,346.05,0,-94.00,-12.00,0.00,0.00,49.00,0.00,0,418
75.06,1544433002,754.42,51.49442254,7.41551776,153.27,1.20,0.00,346.05,0,-96.00,-14.00,0.00,0.00,49.00,0.00,0,165
75.06,1544433002,754.42,51.49442254,7.41551776,153.27,1.20,0.00,346.05,0,-96.00,-10.00,0.00,0.00,43.00,0.00,0,349
75.06,1544433002,754.43,51.49442254,7.41551776,153.27,1.20,0.00,346.05,0,-98.00,-12.00,0.00,0.00,43.00,0.00,0,292
76.06,1544433003,755.62,51.49443217,7.41550146,153.47,0.29,0.00,346.05,0,-97.00,-10.00,0.00,0.00,44.00,0.00,0,165
76.06,1544433003,755.62,51.49443217,7.41550146,153.47,0.29,0.00,346.05,0,-99.00,-11.00,0.00,0.00,43.00,0.00,0,418
76.06,1544433003,755.62,51.49443217,7.41550146,153.47,0.29,0.00,346.05,0,-95.00,-9.00,0.00,0.00,42.00,0.00,0,349
76.06,1544433003,755.62,51.49443217,7.41550146,153.47,0.29,0.00,346.05,0,-98.00,-11.00,0.00,0.00,42.00,0.00,0,292
77.06,1544433004,755.91,51.49443217,7.41550146,153.50,0.00,0.00,346.05,0,-97.00,-10.00,0.00,0.00,44.00,0.00,0,165
77.06,1544433004,755.91,51.49443217,7.41550146,153.50,0.00,0.00,346.05,0,-99.00,-11.00,0.00,0.00,43.00,0.00,0,418
77.06,1544433004,755.91,51.49443217,7.41550146,153.50,0.00,0.00,346.05,0,-95.00,-9.00,0.00,0.00,42.00,0.00,0,349
77.06,1544433004,755.91,51.49443217,7.41550146,153.50,0.00,0.00,346.05,0,-98.00,-11.00,0.00,0.00,42.00,0.00,0,292
78.06,1544433005,755.91,51.49443217,7.41550146,153.54,0.00,0.00,346.05,0,-97.00,-12.00,0.00,0.00,46.00,0.00,0,165
78.06,1544433005,755.91,51.49443217,7.41550146,153.54,0.00,0.00,346.05,0,-99.00,-13.00,0.00,0.00,46.00,0.00,0,418
78.06,1544433005,755.91,51.49443217,7.41550146,153.54,0.00,0.00,346.05,0,-95.00,-9.00,0.00,0.00,42.00,0.00,0,349
78.06,1544433005,755.91,51.49443217,7.41550146,153.54,0.00,0.00,346.05,0,-98.00,-11.00,0.00,0.00,42.00,0.00,0,292
79.06,1544433006,755.91,51.49443217,7.41550146,153.58,0.00,0.00,346.05,0,-97.00,-12.00,0.00,0.00,46.00,0.00,0,165
79.06,1544433006,755.91,51.49443217,7.41550146,153.58,0.00,0.00,346.05,0,-99.00,-13.00,0.00,0.00,46.00,0.00,0,418
79.06,1544433006,755.91,51.49443217,7.41550146,153.58,0.00,0.00,346.05,0,-95.00,-9.00,0.00,0.00,42.00,0.00,0,349
79.06,1544433006,755.91,51.49443217,7.41550146,153.58,0.00,0.00,346.05,0,-98.00,-11.00,0.00,0.00,42.00,0.00,0,292
80.06,1544433007,755.91,51.49443217,7.41550146,153.62,0.00,0.00,346.05,0,-92.00,-10.00,0.00,0.00,49.00,0.00,0,165
80.06,1544433007,755.91,51.49443217,7.41550146,153.62,0.00,0.00,346.05,0,-96.00,-12.00,0.00,0.00,48.00,0.00,0,418
80.06,1544433007,755.91,51.49443217,7.41550146,153.62,0.00,0.00,346.05,0,-92.00,-9.00,0.00,0.00,45.00,0.00,0,349
80.07,1544433007,755.91,51.49443217,7.41550146,153.62,0.00,0.00,346.05,0,-94.00,-11.00,0.00,0.00,45.00,0.00,0,292
81.06,1544433008,755.91,51.49443217,7.41550146,153.67,0.00,0.00,346.05,0,-92.00,-10.00,0.00,0.00,49.00,0.00,0,165
81.06,1544433008,755.91,51.49443217,7.41550146,153.67,0.00,0.00,346.05,0,-96.00,-12.00,0.00,0.00,48.00,0.00,0,418
81.06,1544433008,755.91,51.49443217,7.41550146,153.67,0.00,0.00,346.05,0,-92.00,-9.00,0.00,0.00,45.00,0.00,0,349
81.06,1544433008,755.91,51.49443217,7.41550146,153.67,0.00,0.00,346.05,0,-94.00,-11.00,0.00,0.00,45.00,0.00,0,292
82.05,1544433009,755.91,51.49443217,7.41550146,153.71,0.00,0.00,346.05,0,-94.00,-10.00,0.00,0.00,48.00,0.00,0,165
82.06,1544433009,755.91,51.49443217,7.41550146,153.71,0.00,0.00,346.05,0,-96.00,-12.00,0.00,0.00,47.00,0.00,0,418
82.06,1544433009,755.91,51.49443217,7.41550146,153.71,0.00,0.00,346.05,0,-92.00,-9.00,0.00,0.00,45.00,0.00,0,349
82.06,1544433009,755.91,51.49443217,7.41550146,153.71,0.00,0.00,346.05,0,-95.00,-11.00,0.00,0.00,45.00,0.00,0,292
83.06,1544433010,755.91,51.49443217,7.41550146,153.75,0.00,0.00,346.05,0,-94.00,-10.00,0.00,0.00,48.00,0.00,0,165
83.06,1544433010,755.91,51.49443217,7.41550146,153.75,0.00,0.00,346.05,0,-96.00,-12.00,0.00,0.00,47.00,0.00,0,418
83.06,1544433010,755.91,51.49443217,7.41550146,153.75,0.00,0.00,346.05,0,-92.00,-9.00,0.00,0.00,45.00,0.00,0,349
83.06,1544433010,755.91,51.49443217,7.41550146,153.75,0.00,0.00,346.05,0,-95.00,-11.00,0.00,0.00,45.00,0.00,0,292
84.06,1544433011,755.91,51.49443217,7.41550146,153.80,0.00,0.00,346.05,0,-97.00,-10.00,0.00,0.00,44.00,0.00,0,165
84.06,1544433011,755.91,51.49443217,7.41550146,153.80,0.00,0.00,346.05,0,-98.00,-11.00,0.00,0.00,44.00,0.00,0,418
84.06,1544433011,755.91,51.49443217,7.41550146,153.80,0.00,0.00,346.05,0,-94.00,-9.00,0.00,0.00,43.00,0.00,0,349
84.06,1544433011,755.91,51.49443217,7.41550146,153.80,0.00,0.00,346.05,0,-97.00,-10.00,0.00,0.00,43.00,0.00,0,292
85.06,1544433012,755.91,51.49443217,7.41550146,153.85,0.00,0.00,346.05,0,-97.00,-10.00,0.00,0.00,44.00,0.00,0,165
85.06,1544433012,755.91,51.49443217,7.41550146,153.85,0.00,0.00,346.05,0,-98.00,-11.00,0.00,0.00,44.00,0.00,0,418
85.06,1544433012,755.91,51.49443217,7.41550146,153.85,0.00,0.00,346.05,0,-94.00,-9.00,0.00,0.00,43.00,0.00,0,349
85.06,1544433012,755.91,51.49443217,7.41550146,153.85,0.00,0.00,346.05,0,-97.00,-10.00,0.00,0.00,43.00,0.00,0,292
86.06,1544433013,755.91,51.49443217,7.41550146,153.90,0.00,0.00,346.05,0,-93.00,-9.00,0.00,0.00,48.00,0.00,0,165
86.06,1544433013,755.91,51.49443217,7.41550146,153.90,0.00,0.00,346.05,0,-97.00,-12.00,0.00,0.00,46.00,0.00,0,418
86.06,1544433013,755.91,51.49443217,7.41550146,153.90,0.00,0.00,346.05,0,-94.00,-9.00,0.00,0.00,44.00,0.00,0,349
86.06,1544433013,755.91,51.49443217,7.41550146,153.90,0.00,0.00,346.05,0,-96.00,-11.00,0.00,0.00,44.00,0.00,0,292
87.06,1544433014,755.91,51.49443217,7.41550146,153.96,0.00,0.00,346.05,0,-93.00,-9.00,0.00,0.00,48.00,0.00,0,165
87.06,1544433014,755.91,51.49443217,7.41550146,153.96,0.00,0.00,346.05,0,-97.00,-12.00,0.00,0.00,46.00,0.00,0,418
87.06,1544433014,755.91,51.49443217,7.41550146,153.96,0.00,0.00,346.05,0,-94.00,-9.00,0.00,0.00,44.00,0.00,0,349
87.06,1544433014,755.91,51.49443217,7.41550146,153.96,0.00,0.00,346.05,0,-96.00,-11.00,0.00,0.00,44.00,0.00,0,292
88.06,1544433015,755.91,51.49443217,7.41550146,154.02,0.00,0.00,346.05,0,-93.00,-9.00,0.00,0.00,48.00,0.00,0,165
88.06,1544433015,755.91,51.49443217,7.41550146,154.02,0.00,0.00,346.05,0,-97.00,-11.00,0.00,0.00,45.00,0.00,0,418
88.06,1544433015,755.91,51.49443217,7.41550146,154.02,0.00,0.00,346.05,0,-92.00,-9.00,0.00,0.00,45.00,0.00,0,349
88.06,1544433015,755.91,51.49443217,7.41550146,154.02,0.00,0.00,346.05,0,-95.00,-11.00,0.00,0.00,44.00,0.00,0,292
89.06,1544433016,755.91,51.49443217,7.41550146,154.08,0.00,0.00,346.05,0,-93.00,-9.00,0.00,0.00,48.00,0.00,0,165
89.06,1544433016,755.91,51.49443217,7.41550146,154.08,0.00,0.00,346.05,0,-97.00,-11.00,0.00,0.00,45.00,0.00,0,418
89.06,1544433016,755.91,51.49443217,7.41550146,154.08,0.00,0.00,346.05,0,-92.00,-9.00,0.00,0.00,45.00,0.00,0,349
89.06,1544433016,755.91,51.49443217,7.41550146,154.08,0.00,0.00,346.05,0,-95.00,-11.00,0.00,0.00,44.00,0.00,0,292
90.07,1544433017,755.91,51.49443217,7.41550146,154.13,0.00,0.00,346.05,0,-92.00,-10.00,0.00,0.00,48.00,0.00,0,165
90.07,1544433017,755.91,51.49443217,7.41550146,154.13,0.00,0.00,346.05,0,-97.00,-12.00,0.00,0.00,47.00,0.00,0,418
90.07,1544433017,755.91,51.49443217,7.41550146,154.13,0.00,0.00,346.05,0,-92.00,-11.00,0.00,0.00,47.00,0.00,0,349
90.07,1544433017,755.91,51.49443217,7.41550146,154.13,0.00,0.00,346.05,0,-95.00,-13.00,0.00,0.00,46.00,0.00,0,292
91.06,1544433018,755.91,51.49443217,7.41550146,154.18,0.00,0.00,346.05,0,-92.00,-10.00,0.00,0.00,48.00,0.00,0,165
91.06,1544433018,755.91,51.49443217,7.41550146,154.18,0.00,0.00,346.05,0,-97.00,-12.00,0.00,0.00,47.00,0.00,0,418
91.06,1544433018,755.91,51.49443217,7.41550146,154.18,0.00,0.00,346.05,0,-92.00,-11.00,0.00,0.00,47.00,0.00,0,349
91.06,1544433018,755.91,51.49443217,7.41550146,154.18,0.00,0.00,346.05,0,-95.00,-13.00,0.00,0.00,46.00,0.00,0,292
92.06,1544433019,755.91,51.49443217,7.41550146,154.21,0.00,0.00,346.05,0,-92.00,-10.00,0.00,0.00,48.00,0.00,0,165
92.06,1544433019,755.91,51.49443217,7.41550146,154.21,0.00,0.00,346.05,0,-97.00,-12.00,0.00,0.00,47.00,0.00,0,418
92.06,1544433019,755.91,51.49443217,7.41550146,154.21,0.00,0.00,346.05,0,-92.00,-11.00,0.00,0.00,47.00,0.00,0,349
92.06,1544433019,755.91,51.49443217,7.41550146,154.21,0.00,0.00,346.05,0,-95.00,-13.00,0.00,0.00,46.00,0.00,0,292
93.06,1544433020,755.91,51.49443217,7.41550146,154.25,0.00,0.00,346.05,0,-94.00,-9.00,0.00,0.00,47.00,0.00,0,165
93.06,1544433020,755.91,51.49443217,7.41550146,154.25,0.00,0.00,346.05,0,-96.00,-11.00,0.00,0.00,46.00,0.00,0,418
93.06,1544433020,755.91,51.49443217,7.41550146,154.25,0.00,0.00,346.05,0,-92.00,-9.00,0.00,0.00,45.00,0.00,0,349
93.06,1544433020,755.91,51.49443217,7.41550146,154.25,0.00,0.00,346.05,0,-93.00,-10.00,0.00,0.00,46.00,0.00,0,292
94.06,1544433021,755.91,51.49443217,7.41550146,154.29,0.00,0.00,346.05,0,-94.00,-9.00,0.00,0.00,47.00,0.00,0,165
94.06,1544433021,755.91,51.49443217,7.41550146,154.29,0.00,0.00,346.05,0,-96.00,-11.00,0.00,0.00,46.00,0.00,0,418
94.06,1544433021,755.91,51.49443217,7.41550146,154.29,0.00,0.00,346.05,0,-92.00,-9.00,0.00,0.00,45.00,0.00,0,349
94.06,1544433021,755.91,51.49443217,7.41550146,154.29,0.00,0.00,346.05,0,-93.00,-10.00,0.00,0.00,46.00,0.00,0,292
95.06,1544433022,755.91,51.49443217,7.41550146,154.33,0.00,0.00,346.05,0,-94.00,-11.00,0.00,0.00,48.00,0.00,0,165
95.06,1544433022,755.91,51.49443217,7.41550146,154.33,0.00,0.00,346.05,0,-96.00,-13.00,0.00,0.00,48.00,0.00,0,418
95.06,1544433022,755.91,51.49443217,7.41550146,154.33,0.00,0.00,346.05,0,-92.00,-11.00,0.00,0.00,47.00,0.00,0,349
95.06,1544433022,755.91,51.49443217,7.41550146,154.33,0.00,0.00,346.05,0,-95.00,-12.00,0.00,0.00,46.00,0.00,0,292
96.06,1544433023,755.91,51.49443217,7.41550146,154.38,0.00,0.00,346.05,0,-94.00,-11.00,0.00,0.00,48.00,0.00,0,165
96.06,1544433023,755.91,51.49443217,7.41550146,154.38,0.00,0.00,346.05,0,-96.00,-13.00,0.00,0.00,48.00,0.00,0,418
96.06,1544433023,755.91,51.49443217,7.41550146,154.38,0.00,0.00,346.05,0,-92.00,-11.00,0.00,0.00,47.00,0.00,0,349
96.06,1544433023,755.91,51.49443217,7.41550146,154.38,0.00,0.00,346.05,0,-95.00,-12.00,0.00,0.00,46.00,0.00,0,292
97.06,1544433024,755.91,51.49443217,7.41550146,154.42,0.00,0.00,346.05,0,-97.00,-12.00,0.00,0.00,45.00,0.00,0,165
97.06,1544433024,755.91,51.49443217,7.41550146,154.42,0.00,0.00,346.05,0,-99.00,-13.00,0.00,0.00,45.00,0.00,0,418
97.06,1544433024,755.91,51.49443217,7.41550146,154.42,0.00,0.00,346.05,0,-97.00,-10.00,0.00,0.00,42.00,0.00,0,349
97.06,1544433024,755.91,51.49443217,7.41550146,154.42,0.00,0.00,346.05,0,-98.00,-11.00,0.00,0.00,42.00,0.00,0,292
98.06,1544433025,755.91,51.49443217,7.41550146,154.47,0.00,0.00,346.05,0,-97.00,-12.00,0.00,0.00,45.00,0.00,0,165
98.06,1544433025,755.91,51.49443217,7.41550146,154.47,0.00,0.00,346.05,0,-99.00,-13.00,0.00,0.00,45.00,0.00,0,418
98.06,1544433025,755.91,51.49443217,7.41550146,154.47,0.00,0.00,346.05,0,-97.00,-10.00,0.00,0.00,42.00,0.00,0,349
98.06,1544433025,755.91,51.49443217,7.41550146,154.47,0.00,0.00,346.05,0,-98.00,-11.00,0.00,0.00,42.00,0.00,0,292
99.06,1544433026,755.91,51.49443217,7.41550146,154.52,0.00,0.00,346.05,0,-93.00,-9.00,0.00,0.00,48.00,0.00,0,165
99.06,1544433026,755.91,51.49443217,7.41550146,154.52,0.00,0.00,346.05,0,-98.00,-11.00,0.00,0.00,45.00,0.00,0,418
99.06,1544433026,755.91,51.49443217,7.41550146,154.52,0.00,0.00,346.05,0,-96.00,-10.00,0.00,0.00,42.00,0.00,0,349
99.06,1544433026,755.91,51.49443217,7.41550146,154.52,0.00,0.00,346.05,0,-96.00,-10.00,0.00,0.00,43.00,0.00,0,292
100.06,1544433027,755.91,51.49443217,7.41550146,154.57,0.00,0.00,346.05,0,-93.00,-9.00,0.00,0.00,48.00,0.00,0,165
100.06,1544433027,755.91,51.49443217,7.41550146,154.57,0.00,0.00,346.05,0,-98.00,-11.00,0.00,0.00,45.00,0.00,0,418
100.07,1544433027,755.91,51.49443217,7.41550146,154.57,0.00,0.00,346.05,0,-96.00,-10.00,0.00,0.00,42.00,0.00,0,349
100.07,1544433027,755.91,51.49443217,7.41550146,154.57,0.00,0.00,346.05,0,-96.00,-10.00,0.00,0.00,43.00,0.00,0,292
101.06,1544433028,755.91,51.49443217,7.41550146,154.62,0.00,0.00,346.05,0,-93.00,-10.00,0.00,0.00,49.00,0.00,0,165
101.06,1544433028,755.91,51.49443217,7.41550146,154.62,0.00,0.00,346.05,0,-98.00,-13.00,0.00,0.00,48.00,0.00,0,418
101.06,1544433028,755.91,51.49443217,7.41550146,154.62,0.00,0.00,346.05,0,-94.00,-10.00,0.00,0.00,44.00,0.00,0,349
101.06,1544433028,755.91,51.49443217,7.41550146,154.62,0.00,0.00,346.05,0,-94.00,-10.00,0.00,0.00,44.00,0.00,0,292
102.05,1544433029,755.91,51.49443580,7.41549969,155.05,0.00,0.00,350.14,0,-93.00,-10.00,0.00,0.00,49.00,0.00,0,165
102.05,1544433029,755.91,51.49443580,7.41549969,155.05,0.00,0.00,350.14,0,-98.00,-13.00,0.00,0.00,48.00,0.00,0,418
102.05,1544433029,755.91,51.49443580,7.41549969,155.05,0.00,0.00,350.14,0,-94.00,-10.00,0.00,0.00,44.00,0.00,0,349
102.05,1544433029,755.91,51.49443580,7.41549969,155.05,0.00,0.00,350.14,0,-94.00,-10.00,0.00,0.00,44.00,0.00,0,292
103.05,1544433030,755.91,51.49442121,7.41550217,155.37,0.00,0.00,344.16,0,-96.00,-14.00,0.00,0.00,50.00,0.00,0,165
103.06,1544433030,755.91,51.49442121,7.41550217,155.37,0.00,0.00,344.16,0,-96.00,-14.00,0.00,0.00,50.00,0.00,0,418
103.06,1544433030,755.91,51.49442121,7.41550217,155.37,0.00,0.00,344.16,0,-94.00,-13.00,0.00,0.00,48.00,0.00,0,349
103.06,1544433030,755.91,51.49442121,7.41550217,155.37,0.00,0.00,344.16,0,-94.00,-13.00,0.00,0.00,48.00,0.00,0,292
104.05,1544433031,755.91,51.49442885,7.41549328,155.63,0.65,0.00,348.62,0,-96.00,-14.00,0.00,0.00,50.00,0.00,0,165
104.06,1544433031,755.91,51.49442885,7.41549328,155.63,0.65,0.00,348.62,0,-96.00,-14.00,0.00,0.00,50.00,0.00,0,418
104.06,1544433031,755.91,51.49442885,7.41549328,155.63,0.65,0.00,348.62,0,-94.00,-13.00,0.00,0.00,48.00,0.00,0,349
104.06,1544433031,755.91,51.49442885,7.41549328,155.63,0.65,0.00,348.62,0,-94.00,-13.00,0.00,0.00,48.00,0.00,0,292
105.06,1544433032,756.56,51.49444349,7.41548456,155.86,1.03,0.00,355.63,0,-92.00,-12.00,0.00,0.00,52.00,0.00,0,165
105.06,1544433032,756.57,51.49444349,7.41548456,155.86,1.03,0.00,355.63,0,-96.00,-16.00,0.00,0.00,52.00,0.00,0,418
105.06,1544433032,756.57,51.49444349,7.41548456,155.86,1.03,0.00,355.63,0,-90.00,-10.00,0.00,0.00,49.00,0.00,0,292
105.06,1544433032,756.57,51.49444349,7.41548456,155.86,1.03,0.00,355.63,0,-95.00,-14.00,0.00,0.00,48.00,0.00,0,349
106.06,1544433033,757.60,51.49446713,7.41546261,156.06,1.47,0.00,340.33,0,-92.00,-12.00,0.00,0.00,52.00,0.00,0,165
106.06,1544433033,757.60,51.49446713,7.41546261,156.06,1.47,0.00,340.33,0,-96.00,-16.00,0.00,0.00,52.00,0.00,0,418
106.06,1544433033,757.60,51.49446713,7.41546261,156.06,1.47,0.00,340.33,0,-90.00,-10.00,0.00,0.00,49.00,0.00,0,292
106.06,1544433033,757.60,51.49446713,7.41546261,156.06,1.47,0.00,340.33,0,-95.00,-14.00,0.00,0.00,48.00,0.00,0,349
107.06,1544433034,759.06,51.49448646,7.41544939,156.22,1.75,0.00,335.87,0,-94.00,-13.00,0.00,0.00,50.00,0.00,0,165
107.06,1544433034,759.06,51.49448646,7.41544939,156.22,1.75,0.00,335.87,0,-95.00,-13.00,0.00,0.00,47.00,0.00,0,292
107.06,1544433034,759.07,51.49448646,7.41544939,156.22,1.75,0.00,335.87,0,-95.00,-10.00,0.00,0.00,43.00,0.00,0,349
108.06,1544433035,760.81,51.49451239,7.41543635,156.30,1.72,0.00,348.18,0,-94.00,-13.00,0.00,0.00,50.00,0.00,0,165
108.06,1544433035,760.81,51.49451239,7.41543635,156.30,1.72,0.00,348.18,0,-95.00,-13.00,0.00,0.00,47.00,0.00,0,292
108.06,1544433035,760.81,51.49451239,7.41543635,156.30,1.72,0.00,348.18,0,-95.00,-10.00,0.00,0.00,43.00,0.00,0,349
109.05,1544433036,762.52,51.49451872,7.41543432,156.31,0.97,0.00,348.18,0,-91.00,-8.00,0.00,0.00,48.00,0.00,0,165
109.05,1544433036,762.52,51.49451872,7.41543432,156.31,0.97,0.00,348.18,0,-93.00,-9.00,0.00,0.00,46.00,0.00,0,292
110.06,1544433037,763.50,51.49451913,7.41543553,156.33,0.54,0.00,348.18,0,-91.00,-8.00,0.00,0.00,48.00,0.00,0,165
110.06,1544433037,763.50,51.49451913,7.41543553,156.33,0.54,0.00,348.18,0,-93.00,-9.00,0.00,0.00,46.00,0.00,0,292
114.06,1544433041,764.04,51.49454494,7.41544831,156.82,0.00,0.00,254.70,0,-91.00,-11.00,0.00,0.00,52.00,0.00,0,167
114.06,1544433041,764.04,51.49454494,7.41544831,156.82,0.00,0.00,254.70,0,-88.00,-8.00,0.00,0.00,48.00,0.00,0,291
115.06,1544433042,764.04,51.49455109,7.41545020,156.66,0.00,0.00,259.25,0,-91.00,-11.00,0.00,0.00,52.00,0.00,0,167
115.06,1544433042,764.04,51.49455109,7.41545020,156.66,0.00,0.00,259.25,0,-88.00,-8.00,0.00,0.00,48.00,0.00,0,291
116.06,1544433043,764.04,51.49455585,7.41545653,156.62,0.00,0.00,259.25,0,-90.00,-11.00,0.00,0.00,52.00,0.00,0,167
116.06,1544433043,764.04,51.49455585,7.41545653,156.62,0.00,0.00,259.25,0,-88.00,-8.00,0.00,0.00,49.00,0.00,0,291
116.06,1544433043,764.04,51.49455585,7.41545653,156.62,0.00,0.00,259.25,0,-94.00,-14.00,0.00,0.00,48.00,0.00,0,349
117.06,1544433044,764.04,51.49456018,7.41545736,156.19,0.00,0.00,351.72,0,-90.00,-11.00,0.00,0.00,52.00,0.00,0,167
117.06,1544433044,764.04,51.49456018,7.41545736,156.19,0.00,0.00,351.72,0,-88.00,-8.00,0.00,0.00,49.00,0.00,0,291
117.06,1544433044,764.04,51.49456018,7.41545736,156.19,0.00,0.00,351.72,0,-94.00,-14.00,0.00,0.00,48.00,0.00,0,349
118.06,1544433045,764.04,51.49456137,7.41545735,155.84,0.00,0.00,339.96,0,-91.00,-11.00,0.00,0.00,52.00,0.00,0,167
118.06,1544433045,764.04,51.49456137,7.41545735,155.84,0.00,0.00,339.96,0,-88.00,-8.00,0.00,0.00,49.00,0.00,0,291
119.06,1544433046,764.05,51.49455809,7.41545881,155.61,1.17,0.00,295.51,0,-91.00,-11.00,0.00,0.00,52.00,0.00,0,167
119.06,1544433046,764.05,51.49455809,7.41545881,155.61,1.17,0.00,295.51,0,-88.00,-8.00,0.00,0.00,49.00,0.00,0,291
120.06,1544433047,765.22,51.49455581,7.41540226,154.38,2.56,0.00,267.43,0,-94.00,-11.00,0.00,0.00,48.00,0.00,0,167
120.06,1544433047,765.23,51.49455581,7.41540226,154.38,2.56,0.00,267.43,0,-90.00,-8.00,0.00,0.00,46.00,0.00,0,291
121.06,1544433048,767.78,51.49454138,7.41528735,153.70,3.99,0.00,253.51,0,-94.00,-11.00,0.00,0.00,48.00,0.00,0,167
121.06,1544433048,767.78,51.49454138,7.41528735,153.70,3.99,0.00,253.51,0,-90.00,-8.00,0.00,0.00,46.00,0.00,0,291
122.05,1544433049,771.75,51.49452968,7.41514137,154.01,5.22,0.00,261.71,0,-93.00,-11.00,0.00,0.00,50.00,0.00,0,167
122.05,1544433049,771.75,51.49452968,7.41514137,154.01,5.22,0.00,261.71,0,-92.00,-10.00,0.00,0.00,47.00,0.00,0,291
122.05,1544433049,771.75,51.49452968,7.41514137,154.01,5.22,0.00,261.71,0,-97.00,-13.00,0.00,0.00,45.00,0.00,0,349
123.05,1544433050,776.97,51.49451863,7.41501793,154.31,6.25,0.00,261.54,0,-93.00,-11.00,0.00,0.00,50.00,0.00,0,167
123.05,1544433050,776.97,51.49451863,7.41501793,154.31,6.25,0.00,261.54,0,-92.00,-10.00,0.00,0.00,47.00,0.00,0,291
123.05,1544433050,776.97,51.49451863,7.41501793,154.31,6.25,0.00,261.54,0,-97.00,-13.00,0.00,0.00,45.00,0.00,0,349
124.05,1544433051,783.22,51.49449922,7.41486411,154.95,10.87,0.00,257.53,0,-94.00,-11.00,0.00,0.00,49.00,0.00,0,167
124.05,1544433051,783.23,51.49449922,7.41486411,154.95,10.87,0.00,257.53,0,-92.00,-10.00,0.00,0.00,47.00,0.00,0,291
125.06,1544433052,794.13,51.49447354,7.41470323,155.91,11.39,0.00,258.33,0,-94.00,-11.00,0.00,0.00,49.00,0.00,0,167
125.06,1544433052,794.14,51.49447354,7.41470323,155.91,11.39,0.00,258.33,0,-92.00,-10.00,0.00,0.00,47.00,0.00,0,291
126.06,1544433053,805.53,51.49444955,7.41451959,156.80,12.01,0.00,259.31,0,-100.00,-11.00,0.00,0.00,44.00,0.00,0,167
126.06,1544433053,805.54,51.49444955,7.41451959,156.80,12.01,0.00,259.31,0,-99.00,-11.00,0.00,0.00,42.00,0.00,0,291
127.06,1544433054,817.54,51.49442685,7.41435734,157.28,11.87,0.00,258.46,0,-100.00,-11.00,0.00,0.00,44.00,0.00,0,167
127.06,1544433054,817.55,51.49442685,7.41435734,157.28,11.87,0.00,258.46,0,-99.00,-11.00,0.00,0.00,42.00,0.00,0,291
132.06,1544433059,878.14,51.49427892,7.41344517,164.32,12.13,0.00,257.67,0,-88.00,-11.00,0.00,0.00,57.00,0.00,0,167
132.06,1544433059,878.14,51.49427892,7.41344517,164.32,12.13,0.00,257.67,0,-86.00,-10.00,0.00,0.00,53.00,0.00,0,291
133.05,1544433060,890.15,51.49425293,7.41329291,165.89,12.26,0.00,258.16,0,-88.00,-11.00,0.00,0.00,57.00,0.00,0,167
133.05,1544433060,890.15,51.49425293,7.41329291,165.89,12.26,0.00,258.16,0,-86.00,-10.00,0.00,0.00,53.00,0.00,0,291
134.05,1544433061,902.42,51.49422891,7.41313375,166.89,12.25,0.00,257.74,0,-88.00,-11.00,0.00,0.00,57.00,0.00,0,167
134.05,1544433061,902.42,51.49422891,7.41313375,166.89,12.25,0.00,257.74,0,-86.00,-10.00,0.00,0.00,53.00,0.00,0,291
151.06,1544433078,1127.46,51.49379007,7.40995160,170.91,13.94,0.00,258.16,0,-89.00,-14.00,0.00,0.00,57.00,0.00,0,166
151.06,1544433078,1127.47,51.49379007,7.40995160,170.91,13.94,0.00,258.16,0,-87.00,-13.00,0.00,0.00,55.00,0.00,0,293
152.05,1544433079,1141.33,51.49376245,7.40975634,171.04,14.05,0.00,257.63,0,-89.00,-14.00,0.00,0.00,57.00,0.00,0,166
152.05,1544433079,1141.33,51.49376245,7.40975634,171.04,14.05,0.00,257.63,0,-87.00,-13.00,0.00,0.00,55.00,0.00,0,293
153.07,1544433080,1155.56,51.49373444,7.40955393,171.20,13.86,0.00,257.95,0,-88.00,-10.00,0.00,0.00,54.00,0.00,0,166
153.07,1544433080,1155.56,51.49373444,7.40955393,171.20,13.86,0.00,257.95,0,-85.00,-10.00,0.00,0.00,54.00,0.00,0,293
154.06,1544433081,1169.31,51.49370782,7.40935800,171.42,13.57,0.00,258.55,0,-88.00,-10.00,0.00,0.00,54.00,0.00,0,166
154.06,1544433081,1169.33,51.49370782,7.40935800,171.42,13.57,0.00,258.55,0,-85.00,-10.00,0.00,0.00,54.00,0.00,0,293
155.06,1544433082,1182.87,51.49368110,7.40915886,171.88,13.78,0.00,258.33,0,-88.00,-10.00,0.00,0.00,54.00,0.00,0,166
155.06,1544433082,1182.88,51.49368110,7.40915886,171.88,13.78,0.00,258.33,0,-85.00,-10.00,0.00,0.00,54.00,0.00,0,293
156.06,1544433083,1196.66,51.49365405,7.40896455,172.35,13.68,0.00,258.20,0,-87.00,-11.00,0.00,0.00,56.00,0.00,0,166
156.06,1544433083,1196.68,51.49365405,7.40896455,172.35,13.68,0.00,258.20,0,-85.00,-10.00,0.00,0.00,54.00,0.00,0,293
157.06,1544433084,1210.32,51.49362841,7.40877403,172.72,13.60,0.00,258.20,0,-87.00,-11.00,0.00,0.00,56.00,0.00,0,166
157.06,1544433084,1210.34,51.49362841,7.40877403,172.72,13.60,0.00,258.20,0,-85.00,-10.00,0.00,0.00,54.00,0.00,0,293
160.06,1544433087,1251.55,51.49354766,7.40818862,174.14,14.09,0.00,258.26,0,-88.00,-12.00,0.00,0.00,55.00,0.00,0,165
160.06,1544433087,1251.57,51.49354766,7.40818862,174.14,14.09,0.00,258.26,0,-87.00,-10.00,0.00,0.00,53.00,0.00,0,292
161.06,1544433088,1265.63,51.49351891,7.40797849,174.85,14.34,0.00,258.40,0,-88.00,-12.00,0.00,0.00,55.00,0.00,0,165
161.06,1544433088,1265.64,51.49351891,7.40797849,174.85,14.34,0.00,258.40,0,-87.00,-10.00,0.00,0.00,53.00,0.00,0,292
162.06,1544433089,1279.98,51.49349166,7.40777770,175.51,14.18,0.00,258.36,0,-86.00,-10.00,0.00,0.00,56.00,0.00,0,165
162.06,1544433089,1279.99,51.49349166,7.40777770,175.51,14.18,0.00,258.36,0,-83.00,-9.00,0.00,0.00,55.00,0.00,0,292
163.06,1544433090,1294.07,51.49346520,7.40757866,175.90,13.79,0.00,258.39,0,-86.00,-10.00,0.00,0.00,56.00,0.00,0,165
163.06,1544433090,1294.07,51.49346520,7.40757866,175.90,13.79,0.00,258.39,0,-83.00,-9.00,0.00,0.00,55.00,0.00,0,292
164.05,1544433091,1307.84,51.49343958,7.40739019,176.09,13.56,0.00,258.09,0,-89.00,-15.00,0.00,0.00,58.00,0.00,0,165
165.06,1544433092,1321.45,51.49341457,7.40720563,175.68,13.54,0.00,258.56,0,-89.00,-15.00,0.00,0.00,58.00,0.00,0,165
168.06,1544433095,1361.40,51.49334290,7.40665167,174.64,13.42,0.00,258.33,0,-94.00,-13.00,0.00,0.00,51.00,0.00,0,165
168.06,1544433095,1361.40,51.49334290,7.40665167,174.64,13.42,0.00,258.33,0,-92.00,-12.00,0.00,0.00,49.00,0.00,0,292
169.06,1544433096,1374.80,51.49332149,7.40646836,174.01,13.76,0.00,258.29,0,-94.00,-13.00,0.00,0.00,51.00,0.00,0,165
169.06,1544433096,1374.82,51.49332149,7.40646836,174.01,13.76,0.00,258.29,0,-92.00,-12.00,0.00,0.00,49.00,0.00,0,292
170.06,1544433097,1388.62,51.49330008,7.40627906,173.57,13.61,0.00,257.85,0,-96.00,-14.00,0.00,0.00,49.00,0.00,0,165
170.06,1544433097,1388.63,51.49330008,7.40627906,173.57,13.61,0.00,257.85,0,-93.00,-12.00,0.00,0.00,48.00,0.00,0,292
171.06,1544433098,1402.25,51.49328074,7.40609530,173.12,13.44,0.00,258.00,0,-96.00,-14.00,0.00,0.00,49.00,0.00,0,165
171.06,1544433098,1402.26,51.49328074,7.40609530,173.12,13.44,0.00,258.00,0,-93.00,-12.00,0.00,0.00,48.00,0.00,0,292
179.06,1544433106,1516.32,51.49308616,7.40447675,171.25,14.51,0.00,257.90,0,-91.00,-8.00,0.00,0.00,48.00,0.00,0,94
179.06,1544433106,1516.33,51.49308616,7.40447675,171.25,14.51,0.00,257.90,0,-86.00,-8.00,0.00,0.00,50.00,0.00,0,468
180.06,1544433107,1530.81,51.49306086,7.40427121,171.03,14.34,0.00,257.98,0,-91.00,-8.00,0.00,0.00,48.00,0.00,0,94
180.06,1544433107,1530.82,51.49306086,7.40427121,171.03,14.34,0.00,257.98,0,-86.00,-8.00,0.00,0.00,50.00,0.00,0,468
181.06,1544433108,1545.20,51.49303514,7.40406614,170.76,14.16,0.00,258.24,0,-93.00,-8.00,0.00,0.00,47.00,0.00,0,94
181.06,1544433108,1545.21,51.49303514,7.40406614,170.76,14.16,0.00,258.24,0,-92.00,-8.00,0.00,0.00,44.00,0.00,0,468
182.05,1544433109,1559.27,51.49301120,7.40386173,170.64,13.96,0.00,258.70,0,-93.00,-8.00,0.00,0.00,47.00,0.00,0,94
182.05,1544433109,1559.28,51.49301120,7.40386173,170.64,13.96,0.00,258.70,0,-92.00,-8.00,0.00,0.00,44.00,0.00,0,468
183.06,1544433110,1573.31,51.49299803,7.40366831,170.39,13.37,0.00,261.18,0,-93.00,-9.00,0.00,0.00,48.00,0.00,0,94
183.06,1544433110,1573.32,51.49299803,7.40366831,170.39,13.37,0.00,261.18,0,-91.00,-7.00,0.00,0.00,47.00,0.00,0,468
184.06,1544433111,1586.70,51.49298770,7.40346336,170.04,13.26,0.00,263.42,0,-93.00,-9.00,0.00,0.00,48.00,0.00,0,94
184.06,1544433111,1586.71,51.49298770,7.40346336,170.04,13.26,0.00,263.42,0,-91.00,-7.00,0.00,0.00,47.00,0.00,0,468
185.06,1544433112,1599.97,51.49298195,7.40327183,169.55,13.23,0.00,264.69,0,-90.00,-9.00,0.00,0.00,51.00,0.00,0,94
185.06,1544433112,1599.99,51.49298195,7.40327183,169.55,13.23,0.00,264.69,0,-89.00,-8.00,0.00,0.00,49.00,0.00,0,468
186.06,1544433113,1613.15,51.49298137,7.40310166,168.76,13.13,0.00,265.42,0,-90.00,-9.00,0.00,0.00,51.00,0.00,0,94
186.06,1544433113,1613.16,51.49298137,7.40310166,168.76,13.13,0.00,265.42,0,-89.00,-8.00,0.00,0.00,49.00,0.00,0,468
187.06,1544433114,1626.28,51.49297983,7.40290745,168.14,11.99,0.00,266.31,0,-94.00,-10.00,0.00,0.00,48.00,0.00,0,94
187.06,1544433114,1626.29,51.49297983,7.40290745,168.14,11.99,0.00,266.31,0,-93.00,-10.00,0.00,0.00,46.00,0.00,0,468
188.06,1544433115,1638.26,51.49297894,7.40274093,167.88,10.40,0.00,268.07,0,-94.00,-10.00,0.00,0.00,48.00,0.00,0,94
188.06,1544433115,1638.28,51.49297894,7.40274093,167.88,10.40,0.00,268.07,0,-93.00,-10.00,0.00,0.00,46.00,0.00,0,468
197.06,1544433124,1690.01,51.49300893,7.40209701,163.62,0.00,0.00,268.19,0,-98.00,-10.00,0.00,0.00,44.00,0.00,0,166
198.06,1544433125,1690.01,51.49300893,7.40209701,163.62,0.00,0.00,268.19,0,-98.00,-10.00,0.00,0.00,44.00,0.00,0,166
199.06,1544433126,1690.01,51.49300893,7.40209701,163.61,0.00,0.00,268.19,0,-98.00,-10.00,0.00,0.00,44.00,0.00,0,166
200.06,1544433127,1690.01,51.49300893,7.40209701,163.60,0.00,0.00,268.19,0,-98.00,-9.00,0.00,0.00,43.00,0.00,0,166
201.06,1544433128,1690.01,51.49300893,7.40209701,163.59,0.00,0.00,268.19,0,-98.00,-9.00,0.00,0.00,43.00,0.00,0,166
202.06,1544433129,1690.01,51.49300893,7.40209701,163.58,0.00,0.00,268.19,0,-98.00,-10.00,0.00,0.00,46.00,0.00,0,166
203.06,1544433130,1690.01,51.49300893,7.40209701,163.57,0.00,0.00,268.19,0,-98.00,-10.00,0.00,0.00,46.00,0.00,0,166
204.06,1544433131,1690.01,51.49300893,7.40209701,163.55,0.00,0.00,268.19,0,-97.00,-10.00,0.00,0.00,45.00,0.00,0,166
205.06,1544433132,1690.01,51.49300893,7.40209701,163.54,0.00,0.00,268.19,0,-97.00,-10.00,0.00,0.00,45.00,0.00,0,166
206.06,1544433133,1690.01,51.49300893,7.40209701,163.52,0.00,0.00,268.19,0,-97.00,-9.00,0.00,0.00,44.00,0.00,0,166
207.06,1544433134,1690.01,51.49300893,7.40209701,163.50,0.00,0.00,268.19,0,-97.00,-9.00,0.00,0.00,44.00,0.00,0,166
208.06,1544433135,1690.01,51.49300893,7.40209701,163.48,0.00,0.00,268.19,0,-98.00,-9.00,0.00,0.00,45.00,0.00,0,166
209.06,1544433136,1690.01,51.49300893,7.40209701,163.46,0.00,0.00,268.19,0,-98.00,-9.00,0.00,0.00,45.00,0.00,0,166
210.06,1544433137,1690.01,51.49300893,7.40209701,163.44,0.00,0.00,268.19,0,-98.00,-10.00,0.00,0.00,43.00,0.00,0,166
211.05,1544433138,1690.01,51.49300893,7.40209701,163.42,0.00,0.00,268.19,0,-98.00,-10.00,0.00,0.00,43.00,0.00,0,166
212.05,1544433139,1690.01,51.49300893,7.40209701,163.41,0.00,0.00,268.19,0,-99.00,-12.00,0.00,0.00,45.00,0.00,0,166
213.05,1544433140,1690.01,51.49300893,7.40209701,163.39,0.00,0.00,268.19,0,-99.00,-12.00,0.00,0.00,45.00,0.00,0,166
214.05,1544433141,1690.01,51.49300893,7.40209701,163.38,0.00,0.00,268.19,0,-99.00,-11.00,0.00,0.00,46.00,0.00,0,166
215.06,1544433142,1690.01,51.49300893,7.40209701,163.36,0.00,0.00,268.19,0,-99.00,-11.00,0.00,0.00,46.00,0.00,0,166
216.06,1544433143,1690.01,51.49300893,7.40209701,163.34,0.00,0.00,268.19,0,-99.00,-12.00,0.00,0.00,46.00,0.00,0,166
217.06,1544433144,1690.01,51.49300893,7.40209701,163.33,0.00,0.00,268.19,0,-99.00,-12.00,0.00,0.00,46.00,0.00,0,166
218.06,1544433145,1690.01,51.49300893,7.40209701,163.31,0.00,0.00,268.19,0,-98.00,-9.00,0.00,0.00,42.00,0.00,0,166
219.06,1544433146,1690.01,51.49300893,7.40209701,163.15,0.00,0.00,268.19,0,-98.00,-9.00,0.00,0.00,42.00,0.00,0,166
220.06,1544433147,1690.01,51.49300893,7.40209701,162.99,0.00,0.00,274.43,0,-98.00,-9.00,0.00,0.00,42.00,0.00,0,166
221.06,1544433148,1690.01,51.49300998,7.40200007,162.84,0.00,0.00,273.89,0,-97.00,-9.00,0.00,0.00,44.00,0.00,0,166
222.06,1544433149,1690.02,51.49301040,7.40194633,162.69,3.86,0.00,273.16,0,-97.00,-9.00,0.00,0.00,44.00,0.00,0,166
223.06,1544433150,1693.89,51.49300342,7.40187808,161.23,4.24,0.00,258.54,0,-97.00,-7.00,0.00,0.00,42.00,0.00,0,166
223.06,1544433150,1693.89,51.49300342,7.40187808,161.23,4.24,0.00,258.54,0,-98.00,-13.00,0.00,0.00,46.00,0.00,0,264
224.06,1544433151,1698.13,51.49297527,7.40180417,160.32,4.83,0.00,236.86,0,-97.00,-7.00,0.00,0.00,42.00,0.00,0,166
224.06,1544433151,1698.13,51.49297527,7.40180417,160.32,4.83,0.00,236.86,0,-98.00,-13.00,0.00,0.00,46.00,0.00,0,264
225.06,1544433152,1702.95,51.49294061,7.40175626,160.29,3.41,0.00,213.47,0,-97.00,-11.00,0.00,0.00,45.00,0.00,0,166
226.06,1544433153,1706.37,51.49290841,7.40173473,160.31,3.92,0.00,198.52,0,-97.00,-11.00,0.00,0.00,45.00,0.00,0,166
275.06,1544433202,2171.05,51.48941481,7.40298341,179.20,12.25,0.00,91.38,0,-84.00,-12.00,0.00,0.00,60.00,0.00,0,426
276.06,1544433203,2183.31,51.48941635,7.40317290,179.15,12.45,0.00,90.61,0,-84.00,-12.00,0.00,0.00,60.00,0.00,0,426
281.07,1544433208,2245.86,51.48941651,7.40405264,180.25,12.01,0.00,90.78,0,-80.00,-11.00,0.00,0.00,63.00,0.00,0,95
281.07,1544433208,2245.87,51.48941651,7.40405264,180.25,12.01,0.00,90.78,0,-81.00,-10.00,0.00,0.00,62.00,0.00,0,426
282.06,1544433209,2257.75,51.48941917,7.40422921,180.46,11.92,0.00,90.20,0,-80.00,-11.00,0.00,0.00,63.00,0.00,0,95
282.06,1544433209,2257.75,51.48941917,7.40422921,180.46,11.92,0.00,90.20,0,-81.00,-10.00,0.00,0.00,62.00,0.00,0,426
283.06,1544433210,2269.72,51.48942112,7.40439460,180.59,11.88,0.00,89.41,0,-80.00,-11.00,0.00,0.00,63.00,0.00,0,95
283.06,1544433210,2269.72,51.48942112,7.40439460,180.59,11.88,0.00,89.41,0,-81.00,-10.00,0.00,0.00,62.00,0.00,0,426
284.06,1544433211,2281.58,51.48942196,7.40456080,180.53,11.63,0.00,90.31,0,-75.00,-10.00,0.00,0.00,63.00,0.00,0,95
284.06,1544433211,2281.59,51.48942196,7.40456080,180.53,11.63,0.00,90.31,0,-81.00,-7.00,0.00,0.00,58.00,0.00,0,426
285.06,1544433212,2293.22,51.48942328,7.40472939,180.56,11.50,0.00,91.17,0,-75.00,-10.00,0.00,0.00,63.00,0.00,0,95
285.06,1544433212,2293.23,51.48942328,7.40472939,180.56,11.50,0.00,91.17,0,-81.00,-7.00,0.00,0.00,58.00,0.00,0,426
