0.06,1544432926,0.00,51.49033257,7.41229236,161.88,6.76,0.00,76.84,1,-98.00,-10.00,-1.00,9.00,37.00,9.00,13828122,452
1.07,1544432927,6.79,51.49035707,7.41242188,162.54,7.65,0.89,77.47,1,-101.00,-12.00,-1.00,6.00,36.00,9.00,13828122,452
2.07,1544432928,14.43,51.49037504,7.41255103,162.67,8.57,0.92,76.36,1,-101.00,-12.00,-1.00,6.00,36.00,9.00,13828122,452
3.07,1544432929,23.00,51.49039838,7.41271635,162.96,10.08,1.51,77.02,1,-94.00,-9.00,5.00,12.00,40.00,9.00,13828122,452
4.07,1544432930,33.08,51.49041659,7.41286530,162.87,10.73,0.65,77.88,1,-94.00,-9.00,5.00,12.00,40.00,9.00,13828122,452
5.07,1544432931,43.81,51.49043878,7.41301302,162.82,10.93,0.19,78.33,1,-98.00,-8.00,1.00,10.00,36.00,9.00,13828122,452
6.07,1544432932,54.75,51.49045587,7.41314320,162.83,11.19,0.26,79.23,1,-98.00,-8.00,1.00,10.00,36.00,9.00,13828122,452
7.07,1544432933,66.00,51.49047383,7.41330992,162.96,11.66,0.47,79.69,1,-94.00,-9.00,-2.00,5.00,41.00,9.00,13828122,452
8.06,1544432934,77.57,51.49048857,7.41347543,162.53,11.69,0.02,78.87,1,-94.00,-9.00,-2.00,5.00,41.00,9.00,13828122,452
9.06,1544432935,89.26,51.49050542,7.41365001,161.89,11.67,-0.02,78.96,1,-94.00,-9.00,-2.00,5.00,41.00,9.00,13828122,452
10.06,1544432936,100.93,51.49052130,7.41381542,161.41,11.80,0.13,79.23,1,-99.00,-9.00,-1.00,8.00,36.00,9.00,13828122,452
11.07,1544432937,112.79,51.49053772,7.41398107,161.06,11.90,0.10,78.90,1,-99.00,-9.00,-1.00,8.00,36.00,9.00,13828122,452
12.07,1544432938,124.65,51.49055744,7.41414789,160.73,12.02,0.12,78.10,1,-101.00,-11.00,-3.00,6.00,35.00,9.00,13828122,452
13.07,1544432939,136.67,51.49057934,7.41432973,160.46,12.25,0.23,78.20,1,-101.00,-11.00,-3.00,6.00,35.00,9.00,13828122,452
14.07,1544432940,148.92,51.49060041,7.41451214,160.09,12.31,0.06,78.70,1,-101.00,-13.00,-3.00,5.00,37.00,9.00,13828122,452
15.07,1544432941,161.23,51.49062140,7.41468598,159.76,12.29,-0.02,78.90,1,-101.00,-13.00,-3.00,5.00,37.00,9.00,13828122,452
16.07,1544432942,173.52,51.49063546,7.41483936,159.64,12.31,0.01,79.36,1,-103.00,-17.00,-6.00,4.00,41.00,9.00,13828122,452
17.07,1544432943,185.84,51.49065218,7.41500503,159.31,12.08,-0.22,80.33,1,-103.00,-17.00,-6.00,4.00,41.00,9.00,13828122,452
18.07,1544432944,197.89,51.49066741,7.41518563,158.66,11.97,-0.11,81.41,1,-97.00,-14.00,-9.00,6.00,42.00,7.00,13416987,62
19.07,1544432945,209.89,51.49067880,7.41534883,158.19,11.91,-0.06,82.54,1,-97.00,-14.00,-9.00,6.00,42.00,7.00,13416987,62
20.07,1544432946,221.79,51.49069102,7.41552408,157.29,11.76,-0.16,83.64,1,-97.00,-12.00,-2.00,9.00,42.00,7.00,13416987,62
21.07,1544432947,233.54,51.49069883,7.41570457,156.16,11.49,-0.26,85.64,1,-97.00,-12.00,-2.00,9.00,42.00,7.00,13416987,62
22.07,1544432948,245.04,51.49069864,7.41585823,155.47,11.17,-0.33,87.82,1,-100.00,-13.00,0.00,5.00,38.00,7.00,13416987,62
23.07,1544432949,256.21,51.49069278,7.41600008,155.14,10.65,-0.52,89.92,1,-100.00,-13.00,0.00,5.00,38.00,7.00,13416987,62
24.07,1544432950,266.85,51.49068640,7.41615430,155.06,9.83,-0.82,92.04,1,-98.00,-12.00,3.00,10.00,41.00,7.00,13416987,62
25.07,1544432951,276.70,51.49067611,7.41629695,155.17,8.63,-1.19,94.35,1,-98.00,-12.00,3.00,10.00,41.00,7.00,13416987,62
26.07,1544432952,285.31,51.49066305,7.41642755,155.49,7.70,-0.94,97.32,1,-94.00,-12.00,7.00,10.00,44.00,7.00,13416987,62
27.07,1544432953,293.02,51.49064805,7.41655557,155.50,7.87,0.17,99.14,1,-94.00,-12.00,7.00,10.00,44.00,7.00,13416987,62
28.07,1544432954,300.95,51.49062751,7.41668750,155.68,8.02,0.15,100.75,1,-96.00,-12.00,5.00,5.00,42.00,7.00,13416987,62
29.07,1544432955,308.90,51.49060375,7.41680518,156.11,7.70,-0.32,102.12,1,-96.00,-12.00,5.00,5.00,42.00,7.00,13416987,62
30.07,1544432956,316.60,51.49058102,7.41690924,156.66,7.93,0.23,102.61,1,-96.00,-12.00,5.00,5.00,42.00,7.00,13416987,62
31.07,1544432957,324.52,51.49055932,7.41701921,157.02,8.09,0.16,101.21,1,-96.00,-12.00,4.00,6.00,42.00,7.00,13416987,62
32.07,1544432958,332.62,51.49056437,7.41709691,157.20,6.21,-1.88,75.55,1,-96.00,-12.00,4.00,6.00,42.00,7.00,13416987,62
33.07,1544432959,338.82,51.49059158,7.41715532,157.09,6.41,0.21,52.24,1,-96.00,-11.00,3.00,6.00,41.00,7.00,13416987,62
34.07,1544432960,345.24,51.49063788,7.41719246,156.91,6.66,0.25,22.34,1,-96.00,-11.00,3.00,6.00,41.00,7.00,13416987,62
35.07,1544432961,351.89,51.49070410,7.41719774,156.75,7.20,0.54,357.95,1,-96.00,-12.00,5.00,10.00,41.00,7.00,13416987,62
36.07,1544432962,359.10,51.49077183,7.41718808,156.57,7.44,0.24,355.97,1,-96.00,-12.00,5.00,10.00,41.00,7.00,13416987,62
37.07,1544432963,366.54,51.49084666,7.41717044,156.62,7.71,0.27,354.54,1,-85.00,-11.00,13.00,11.00,52.00,7.00,13416987,62
38.07,1544432964,374.26,51.49092988,7.41714713,156.75,9.05,1.33,352.86,1,-85.00,-11.00,13.00,11.00,52.00,7.00,13416987,62
39.07,1544432965,383.30,51.49101814,7.41712368,156.75,9.38,0.34,351.36,1,-89.00,-11.00,13.00,9.00,48.00,7.00,13416987,62
40.07,1544432966,392.70,51.49111476,7.41709574,156.51,9.98,0.59,350.36,1,-89.00,-11.00,13.00,9.00,48.00,7.00,13416987,62
41.07,1544432967,402.67,51.49121366,7.41706073,156.38,10.38,0.40,349.64,1,-82.00,-11.00,11.00,15.00,53.00,7.00,13416987,62
42.07,1544432968,413.04,51.49130657,7.41702410,156.02,10.44,0.06,349.23,1,-82.00,-11.00,11.00,15.00,53.00,7.00,13416987,62
43.07,1544432969,423.49,51.49139841,7.41699088,155.76,10.33,-0.11,348.37,1,-92.00,-12.00,9.00,7.00,46.00,7.00,13416987,62
44.07,1544432970,433.81,51.49148506,7.41695256,155.52,10.32,-0.01,347.79,1,-92.00,-12.00,9.00,7.00,46.00,7.00,13416987,62
45.07,1544432971,444.14,51.49157443,7.41692165,154.96,10.30,-0.02,347.28,1,-100.00,-14.00,2.00,6.00,40.00,7.00,13416987,62
46.07,1544432972,454.43,51.49166053,7.41688000,154.72,10.22,-0.08,345.95,1,-100.00,-14.00,2.00,6.00,40.00,7.00,13416987,62
47.07,1544432973,464.65,51.49175336,7.41683422,154.60,10.08,-0.15,344.61,1,-100.00,-13.00,-1.00,7.00,38.00,7.00,13416987,62
48.07,1544432974,474.74,51.49185197,7.41678311,154.67,9.90,-0.18,342.90,1,-100.00,-13.00,-1.00,7.00,38.00,7.00,13416987,62
49.08,1544432975,484.72,51.49194103,7.41672613,155.08,10.05,0.15,340.03,1,-102.00,-14.00,-2.00,6.00,37.00,7.00,13416987,62
50.07,1544432976,494.70,51.49201184,7.41666846,155.52,10.15,0.10,336.64,1,-102.00,-14.00,-2.00,6.00,37.00,7.00,13416987,62
51.07,1544432977,504.84,51.49208264,7.41661378,155.78,10.36,0.21,335.14,1,-102.00,-14.00,-2.00,6.00,37.00,7.00,13416987,62
52.07,1544432978,515.22,51.49217455,7.41653343,155.88,10.92,0.56,333.63,1,-101.00,-14.00,-3.00,6.00,39.00,7.00,13416987,62
53.07,1544432979,526.15,51.49226722,7.41645258,156.04,11.49,0.56,332.65,1,-101.00,-14.00,-3.00,6.00,39.00,7.00,13416987,62
54.07,1544432980,537.61,51.49235987,7.41637202,155.83,12.37,0.88,333.42,1,-102.00,-14.00,-3.00,6.00,38.00,7.00,13416987,62
55.07,1544432981,549.99,51.49245581,7.41629925,155.43,12.60,0.23,335.09,1,-102.00,-14.00,-3.00,6.00,38.00,7.00,13416987,62
56.07,1544432982,562.62,51.49256685,7.41622607,155.12,12.44,-0.16,337.81,1,-101.00,-14.00,-3.00,5.00,39.00,7.00,13416987,62
57.07,1544432983,575.04,51.49266877,7.41617248,154.83,12.15,-0.29,340.77,1,-101.00,-14.00,-3.00,5.00,39.00,7.00,13416987,62
58.07,1544432984,587.18,51.49279080,7.41612078,154.67,13.05,0.90,344.14,1,-101.00,-14.00,-3.00,6.00,38.00,7.00,13416987,62
59.07,1544432985,600.22,51.49289016,7.41608645,154.98,12.12,-0.93,346.10,1,-101.00,-14.00,-3.00,6.00,38.00,7.00,13416987,62
60.07,1544432986,612.34,51.49299466,7.41606187,155.05,12.69,0.57,349.83,1,-106.00,-14.00,-1.00,6.00,34.00,7.00,13416987,62
61.07,1544432987,625.05,51.49310848,7.41603368,154.88,12.69,-0.00,349.18,1,-106.00,-14.00,-1.00,6.00,34.00,7.00,13416987,62
62.07,1544432988,637.75,51.49322893,7.41599892,154.27,12.50,-0.19,349.38,1,-105.00,-15.00,-4.00,5.00,36.00,7.00,13416987,62
63.07,1544432989,650.24,51.49334198,7.41596518,153.76,12.03,-0.47,348.88,1,-105.00,-15.00,-4.00,5.00,36.00,7.00,13416987,62
64.07,1544432990,662.27,51.49344450,7.41593132,153.22,11.93,-0.11,348.72,1,-106.00,-13.00,-3.00,6.00,33.00,7.00,13416987,62
65.07,1544432991,674.17,51.49355027,7.41589667,152.90,12.02,0.09,348.79,1,-106.00,-13.00,-3.00,6.00,33.00,7.00,13416987,62
66.07,1544432992,686.20,51.49365567,7.41586074,152.66,11.99,-0.03,348.27,1,-97.00,-12.00,-1.00,7.00,41.00,7.00,13416987,62
67.07,1544432993,698.21,51.49376608,7.41582185,152.34,12.26,0.27,348.46,1,-97.00,-12.00,-1.00,7.00,41.00,7.00,13416987,62
68.07,1544432994,710.48,51.49387026,7.41578092,151.96,12.01,-0.25,347.49,1,-107.00,-14.00,-2.00,5.00,32.00,7.00,13416987,62
69.07,1544432995,722.48,51.49397274,7.41574278,151.43,11.77,-0.25,346.71,1,-107.00,-14.00,-2.00,5.00,32.00,7.00,13416987,62
70.08,1544432996,734.34,51.49407672,7.41569684,150.99,11.52,-0.25,344.80,1,-112.00,-18.00,-6.00,3.00,31.00,7.00,13416987,62
71.06,1544432997,745.71,51.49417070,7.41565318,150.71,10.28,-1.25,344.37,1,-112.00,-18.00,-6.00,3.00,31.00,7.00,13416987,62
72.07,1544432998,756.06,51.49424328,7.41562201,150.64,7.62,-2.64,345.34,1,-112.00,-18.00,-6.00,3.00,31.00,7.00,13416987,62
73.07,1544432999,763.68,51.49430173,7.41560055,150.78,6.50,-1.12,346.48,1,-99.00,-13.00,-3.00,6.00,41.00,12.00,13542402,34
74.07,1544433000,770.17,51.49434706,7.41557524,151.69,5.31,-1.20,346.88,1,-99.00,-13.00,-3.00,6.00,41.00,12.00,13542402,34
75.07,1544433001,775.47,51.49437477,7.41555651,151.80,3.75,-1.56,347.22,1,-99.00,-14.00,-2.00,6.00,40.00,12.00,13542402,34
76.07,1544433002,779.21,51.49438684,7.41554606,151.94,1.12,-2.63,347.22,1,-99.00,-14.00,-2.00,6.00,40.00,12.00,13542402,34
77.06,1544433003,780.33,51.49438684,7.41554606,151.96,0.00,-1.12,347.22,1,-95.00,-14.00,-3.00,5.00,45.00,12.00,13542402,34
78.07,1544433004,780.33,51.49438684,7.41554606,151.98,0.00,0.00,347.22,1,-95.00,-14.00,-3.00,5.00,45.00,12.00,13542402,34
79.07,1544433005,780.33,51.49438684,7.41554606,152.00,0.00,0.00,347.22,1,-100.00,-15.00,-4.00,4.00,42.00,12.00,13542402,34
80.07,1544433006,780.33,51.49438684,7.41554606,152.02,0.00,0.00,347.22,1,-100.00,-15.00,-4.00,4.00,42.00,12.00,13542402,34
81.07,1544433007,780.33,51.49438684,7.41554606,152.04,0.00,0.00,347.22,1,-99.00,-15.00,-4.00,4.00,41.00,12.00,13542402,34
82.07,1544433008,780.33,51.49438684,7.41554606,152.07,0.00,0.00,347.22,1,-99.00,-15.00,-4.00,4.00,41.00,12.00,13542402,34
83.07,1544433009,780.33,51.49438684,7.41554606,152.09,0.00,0.00,347.22,1,-97.00,-14.00,-5.00,6.00,41.00,13.00,13880067,38
84.07,1544433010,780.33,51.49438684,7.41554606,152.12,0.00,0.00,347.22,1,-97.00,-14.00,-5.00,6.00,41.00,13.00,13880067,38
85.07,1544433011,780.33,51.49438684,7.41554606,152.15,0.00,0.00,347.22,1,-99.00,-15.00,-7.00,6.00,41.00,13.00,13880067,38
86.07,1544433012,780.33,51.49438684,7.41554606,152.18,0.00,0.00,347.22,1,-99.00,-15.00,-7.00,6.00,41.00,13.00,13880067,38
87.07,1544433013,780.33,51.49438684,7.41554606,152.21,0.00,0.00,347.22,1,-99.00,-15.00,-6.00,7.00,39.00,13.00,13880067,38
88.07,1544433014,780.33,51.49438684,7.41554606,152.23,0.00,0.00,347.22,1,-99.00,-15.00,-6.00,7.00,39.00,13.00,13880067,38
89.07,1544433015,780.33,51.49438684,7.41554606,152.26,0.00,0.00,347.22,1,-99.00,-13.00,-5.00,5.00,40.00,13.00,13880067,38
90.07,1544433016,780.33,51.49438684,7.41554606,152.29,0.00,0.00,347.22,1,-99.00,-13.00,-5.00,5.00,40.00,13.00,13880067,38
91.07,1544433017,780.33,51.49438684,7.41554606,152.31,0.00,0.00,347.22,1,-98.00,-13.00,-6.00,6.00,41.00,13.00,13880067,38
92.07,1544433018,780.33,51.49438684,7.41554606,152.34,0.00,0.00,347.22,1,-98.00,-13.00,-6.00,6.00,41.00,13.00,13880067,38
93.09,1544433019,780.33,51.49438684,7.41554606,152.37,0.00,0.00,347.22,1,-98.00,-15.00,-6.00,7.00,40.00,13.00,13880067,38
94.07,1544433020,780.33,51.49438684,7.41554606,152.39,0.00,0.00,347.22,1,-98.00,-15.00,-6.00,7.00,40.00,13.00,13880067,38
95.07,1544433021,780.33,51.49438684,7.41554606,152.42,0.00,0.00,347.22,1,-98.00,-15.00,-6.00,7.00,40.00,13.00,13880067,38
96.07,1544433022,780.33,51.49438684,7.41554606,152.45,0.00,0.00,347.22,1,-98.00,-12.00,-6.00,7.00,40.00,13.00,13880067,38
97.07,1544433023,780.33,51.49438684,7.41554606,152.48,0.00,0.00,347.22,1,-98.00,-12.00,-6.00,7.00,40.00,13.00,13880067,38
98.07,1544433024,780.33,51.49438684,7.41554606,152.51,0.00,0.00,347.22,1,-99.00,-16.00,-7.00,5.00,43.00,13.00,13880067,38
99.07,1544433025,780.33,51.49438684,7.41554606,152.54,0.00,0.00,347.22,1,-99.00,-16.00,-7.00,5.00,43.00,13.00,13880067,38
100.07,1544433026,780.33,51.49438684,7.41554606,152.57,0.00,0.00,347.22,1,-100.00,-16.00,-7.00,6.00,41.00,13.00,13880067,38
101.07,1544433027,780.33,51.49438684,7.41554606,152.60,0.00,0.00,347.22,1,-100.00,-16.00,-7.00,6.00,41.00,13.00,13880067,38
102.07,1544433028,780.33,51.49438684,7.41554606,152.62,0.00,0.00,347.22,1,-100.00,-16.00,-6.00,6.00,41.00,13.00,13880067,38
103.07,1544433029,780.33,51.49441615,7.41553841,152.90,0.00,0.00,353.44,1,-100.00,-16.00,-6.00,6.00,41.00,13.00,13880067,38
104.07,1544433030,780.33,51.49443422,7.41553029,153.14,0.00,0.00,348.09,1,-97.00,-14.00,-4.00,4.00,44.00,13.00,13880067,38
105.07,1544433031,780.33,51.49445109,7.41552213,153.36,1.04,0.00,351.59,1,-97.00,-14.00,-4.00,4.00,44.00,13.00,13880067,38
106.07,1544433032,781.37,51.49447803,7.41550604,153.54,1.62,0.58,347.98,1,-100.00,-16.00,-4.00,7.00,42.00,13.00,13880067,38
107.07,1544433033,782.99,51.49450474,7.41548941,153.71,2.06,0.44,346.20,1,-100.00,-16.00,-4.00,7.00,42.00,13.00,13880067,38
108.07,1544433034,785.05,51.49453281,7.41547098,153.86,2.34,0.28,344.68,1,-96.00,-14.00,-4.00,7.00,43.00,13.00,13880067,38
109.07,1544433035,787.40,51.49454813,7.41546029,154.02,2.27,-0.07,347.16,1,-96.00,-14.00,-4.00,7.00,43.00,13.00,13880067,38
110.06,1544433036,789.66,51.49454533,7.41546145,154.16,1.40,-0.88,353.53,1,-99.00,-16.00,-5.00,5.00,43.00,13.00,13880067,38
111.07,1544433037,791.07,51.49454073,7.41546348,154.31,0.83,-0.57,353.53,1,-99.00,-16.00,-5.00,5.00,43.00,13.00,13880067,38
112.07,1544433038,791.89,51.49452922,7.41546691,154.32,0.48,-0.35,353.53,1,-98.00,-16.00,-6.00,5.00,44.00,13.00,13880067,38
113.07,1544433039,792.38,51.49451617,7.41547447,154.34,0.00,-0.48,353.53,1,-98.00,-16.00,-6.00,5.00,44.00,13.00,13880067,38
114.07,1544433040,792.38,51.49450910,7.41548116,154.36,0.00,0.00,353.53,1,-98.00,-16.00,-6.00,4.00,43.00,13.00,13880067,38
115.07,1544433041,792.38,51.49450010,7.41548543,154.58,0.00,0.00,217.19,1,-98.00,-16.00,-6.00,4.00,43.00,13.00,13880067,38
116.08,1544433042,792.38,51.49449644,7.41548576,154.83,0.00,0.00,217.19,1,-99.00,-15.00,-5.00,6.00,43.00,13.00,13880067,38
117.07,1544433043,792.38,51.49449575,7.41548970,154.86,0.00,0.00,217.19,1,-99.00,-15.00,-5.00,6.00,43.00,13.00,13880067,38
118.07,1544433044,792.38,51.49450029,7.41548813,155.00,0.00,0.00,342.61,1,-99.00,-15.00,-5.00,6.00,43.00,13.00,13880067,38
119.07,1544433045,792.38,51.49450430,7.41548769,155.17,0.00,0.00,355.07,1,-95.00,-12.00,-4.00,6.00,42.00,13.00,13880066,37
120.07,1544433046,792.38,51.49451529,7.41545857,155.26,1.16,0.00,300.24,1,-95.00,-12.00,-4.00,6.00,42.00,13.00,13880066,37
121.07,1544433047,793.54,51.49451967,7.41538550,156.20,2.65,1.49,269.00,1,-98.00,-15.00,-4.00,4.00,43.00,13.00,13880066,37
122.07,1544433048,796.19,51.49451348,7.41525524,156.91,4.07,1.42,256.37,1,-98.00,-15.00,-4.00,4.00,43.00,13.00,13880066,37
123.07,1544433049,800.25,51.49451420,7.41515283,157.62,5.01,0.94,267.07,1,-99.00,-16.00,-3.00,5.00,42.00,13.00,13880066,37
124.07,1544433050,805.26,51.49451013,7.41502737,157.94,6.09,1.07,268.00,1,-99.00,-16.00,-3.00,5.00,42.00,13.00,13880066,37
125.07,1544433051,811.36,51.49449197,7.41488226,157.91,7.27,1.18,258.71,1,-98.00,-14.00,-4.00,5.00,42.00,11.00,13542402,34
126.07,1544433052,818.62,51.49447014,7.41470357,157.77,11.53,4.26,257.75,1,-98.00,-14.00,-4.00,5.00,42.00,11.00,13542402,34
127.07,1544433053,830.14,51.49445012,7.41453712,157.59,11.94,0.41,258.25,1,-98.00,-14.00,-1.00,5.00,42.00,11.00,13542402,34
128.07,1544433054,842.09,51.49442316,7.41436469,157.58,11.88,-0.06,258.61,1,-98.00,-14.00,-1.00,5.00,42.00,11.00,13542402,34
129.07,1544433055,853.96,51.49439649,7.41418657,157.85,12.10,0.22,258.71,1,-95.00,-14.00,-1.00,5.00,45.00,11.00,13542402,34
130.07,1544433056,866.04,51.49437033,7.41401268,158.02,12.35,0.26,258.47,1,-95.00,-14.00,-1.00,5.00,45.00,11.00,13542402,34
131.07,1544433057,878.41,51.49434151,7.41382536,158.50,12.48,0.13,258.06,1,-99.00,-15.00,-3.00,4.00,42.00,11.00,13542402,34
132.07,1544433058,890.89,51.49431493,7.41363946,158.84,12.08,-0.40,257.71,1,-99.00,-15.00,-3.00,4.00,42.00,11.00,13542402,34
133.07,1544433059,902.96,51.49428989,7.41346333,159.20,11.91,-0.16,257.20,1,-100.00,-15.00,-3.00,4.00,41.00,11.00,13542402,34
134.07,1544433060,914.88,51.49426463,7.41330296,159.58,12.13,0.22,257.24,1,-100.00,-15.00,-3.00,4.00,41.00,11.00,13542402,34
135.07,1544433061,927.00,51.49423853,7.41313403,159.63,12.36,0.22,257.57,1,-95.00,-14.00,-2.00,6.00,45.00,11.00,13542402,34
136.07,1544433062,939.41,51.49421431,7.41296974,159.63,12.47,0.12,258.14,1,-95.00,-14.00,-2.00,6.00,45.00,11.00,13542402,34
137.07,1544433063,951.84,51.49419168,7.41280111,159.25,12.71,0.23,258.32,1,-94.00,-12.00,-4.00,5.00,43.00,13.00,13880067,38
138.07,1544433064,964.61,51.49417002,7.41262242,158.93,12.94,0.23,257.78,1,-94.00,-12.00,-4.00,5.00,43.00,13.00,13880067,38
139.08,1544433065,977.60,51.49414762,7.41244746,158.79,12.96,0.02,257.54,1,-98.00,-15.00,-4.00,5.00,43.00,13.00,13880067,38
140.07,1544433066,990.48,51.49412491,7.41224886,159.20,12.73,-0.22,257.72,1,-98.00,-15.00,-4.00,5.00,43.00,13.00,13880067,38
141.07,1544433067,1003.21,51.49410168,7.41206863,159.48,12.85,0.12,257.35,1,-98.00,-15.00,-4.00,5.00,43.00,13.00,13880067,38
142.07,1544433068,1016.02,51.49408286,7.41188023,159.90,13.41,0.56,257.81,1,-93.00,-15.00,-6.00,5.00,47.00,13.00,13880067,38
143.07,1544433069,1029.44,51.49405973,7.41169454,160.28,13.28,-0.13,257.83,1,-93.00,-15.00,-6.00,5.00,47.00,13.00,13880067,38
144.07,1544433070,1042.71,51.49403548,7.41148423,160.99,13.52,0.23,258.40,1,-98.00,-17.00,-7.00,3.00,45.00,13.00,13880067,38
145.07,1544433071,1056.25,51.49400937,7.41129884,161.42,13.68,0.17,257.68,1,-98.00,-17.00,-7.00,3.00,45.00,13.00,13880067,38
146.07,1544433072,1069.93,51.49398152,7.41110641,161.92,13.61,-0.07,258.14,1,-96.00,-16.00,-6.00,5.00,46.00,13.00,13880067,38
147.07,1544433073,1083.54,51.49395388,7.41092173,162.21,13.61,-0.00,257.59,1,-96.00,-16.00,-6.00,5.00,46.00,13.00,13880067,38
148.07,1544433074,1097.18,51.49392482,7.41072371,162.58,13.60,-0.01,256.94,1,-94.00,-15.00,-4.00,5.00,47.00,13.00,13880067,38
149.07,1544433075,1110.77,51.49389573,7.41052177,163.25,13.70,0.10,257.89,1,-94.00,-15.00,-4.00,5.00,47.00,13.00,13880067,38
150.07,1544433076,1124.41,51.49386909,7.41032771,163.62,13.46,-0.24,258.04,1,-96.00,-18.00,-5.00,4.00,47.00,13.00,13880067,38
151.07,1544433077,1137.90,51.49384418,7.41013144,164.04,13.70,0.23,257.79,1,-96.00,-18.00,-5.00,4.00,47.00,13.00,13880067,38
152.07,1544433078,1151.60,51.49381982,7.40993915,164.21,13.85,0.15,257.87,1,-99.00,-19.00,-8.00,1.00,46.00,13.00,13880067,38
153.07,1544433079,1165.43,51.49379418,7.40974721,164.13,14.07,0.22,257.99,1,-99.00,-19.00,-8.00,1.00,46.00,13.00,13880067,38
154.07,1544433080,1179.53,51.49376921,7.40954411,164.28,13.81,-0.26,257.90,1,-93.00,-14.00,-9.00,4.00,47.00,8.00,13542402,34
155.07,1544433081,1193.34,51.49374344,7.40935846,164.36,13.53,-0.28,257.93,1,-93.00,-14.00,-9.00,4.00,47.00,8.00,13542402,34
156.09,1544433082,1207.10,51.49371784,7.40917326,164.40,13.67,0.13,257.64,1,-92.00,-13.00,-1.00,6.00,47.00,8.00,13542402,34
157.07,1544433083,1220.53,51.49369217,7.40897767,164.80,13.66,-0.01,257.68,1,-92.00,-13.00,-1.00,6.00,47.00,8.00,13542402,34
158.07,1544433084,1234.21,51.49366648,7.40877442,165.39,13.50,-0.16,258.22,1,-98.00,-16.00,-3.00,3.00,45.00,8.00,13542402,34
159.07,1544433085,1247.69,51.49364018,7.40858344,165.81,13.61,0.11,258.20,1,-98.00,-16.00,-3.00,3.00,45.00,8.00,13542402,34
160.08,1544433086,1261.42,51.49361391,7.40840013,165.97,13.62,0.01,258.00,1,-97.00,-16.00,-3.00,4.00,44.00,8.00,13542402,34
161.07,1544433087,1274.89,51.49358886,7.40820313,165.85,14.06,0.44,258.14,1,-97.00,-16.00,-3.00,4.00,44.00,8.00,13542402,34
162.07,1544433088,1288.98,51.49356333,7.40800139,166.16,14.34,0.28,257.79,1,-97.00,-16.00,-3.00,4.00,44.00,8.00,13542402,34
163.07,1544433089,1303.32,51.49353813,7.40781189,166.79,14.13,-0.22,258.10,1,-97.00,-16.00,-4.00,4.00,45.00,8.00,13542402,34
164.07,1544433090,1317.43,51.49351069,7.40761312,167.05,13.91,-0.21,259.04,1,-97.00,-16.00,-4.00,4.00,45.00,8.00,13542402,34
165.07,1544433091,1331.34,51.49348430,7.40742025,166.97,13.66,-0.26,259.01,1,-99.00,-17.00,-6.00,3.00,44.00,8.00,13542402,34
166.07,1544433092,1344.99,51.49345727,7.40721636,166.99,13.53,-0.12,258.05,1,-99.00,-17.00,-6.00,3.00,44.00,8.00,13542402,34
167.07,1544433093,1358.55,51.49343167,7.40703492,167.00,13.21,-0.32,257.87,1,-98.00,-15.00,-6.00,4.00,43.00,8.00,13542402,34
168.07,1544433094,1371.78,51.49340760,7.40684741,166.92,13.30,0.09,257.54,1,-98.00,-15.00,-6.00,4.00,43.00,8.00,13542402,34
169.07,1544433095,1385.08,51.49338416,7.40665609,166.99,13.53,0.22,257.84,1,-96.00,-14.00,-2.00,5.00,44.00,8.00,13542402,34
170.07,1544433096,1398.61,51.49335752,7.40646473,166.74,13.78,0.26,257.68,1,-96.00,-14.00,-2.00,5.00,44.00,8.00,13542402,34
171.07,1544433097,1412.35,51.49333176,7.40627490,166.36,13.62,-0.16,257.91,1,-93.00,-14.00,-1.00,6.00,46.00,8.00,13542402,34
172.07,1544433098,1425.98,51.49330521,7.40607504,166.34,13.46,-0.16,257.74,1,-93.00,-14.00,-1.00,6.00,46.00,8.00,13542402,34
173.06,1544433099,1439.38,51.49327880,7.40588267,166.38,13.62,0.16,257.96,1,-90.00,-12.00,2.00,7.00,48.00,8.00,13542402,34
174.06,1544433100,1453.02,51.49325349,7.40568848,166.54,14.09,0.47,257.95,1,-90.00,-12.00,2.00,7.00,48.00,8.00,13542402,34
175.07,1544433101,1467.15,51.49322731,7.40548349,166.95,14.44,0.35,257.93,1,-90.00,-12.00,6.00,7.00,48.00,8.00,13542402,34
176.07,1544433102,1481.58,51.49320010,7.40527849,167.27,14.92,0.49,257.89,1,-90.00,-12.00,6.00,7.00,48.00,8.00,13542402,34
177.07,1544433103,1496.54,51.49317298,7.40507336,167.40,14.87,-0.05,257.87,1,-102.00,-15.00,-2.00,4.00,39.00,8.00,13542402,34
178.07,1544433104,1511.39,51.49314687,7.40486779,167.27,14.45,-0.42,257.95,1,-102.00,-15.00,-2.00,4.00,39.00,8.00,13542402,34
179.07,1544433105,1525.85,51.49312149,7.40466526,167.05,14.33,-0.12,258.08,1,-101.00,-15.00,-3.00,5.00,40.00,8.00,13542402,34
180.07,1544433106,1540.18,51.49309611,7.40446403,166.64,14.55,0.21,258.11,1,-101.00,-15.00,-3.00,5.00,40.00,8.00,13542402,34
181.08,1544433107,1554.86,51.49307068,7.40426260,166.18,14.33,-0.22,258.06,1,-104.00,-17.00,-4.00,4.00,39.00,8.00,13542402,34
182.07,1544433108,1569.05,51.49304517,7.40406038,165.80,14.20,-0.13,258.79,1,-104.00,-17.00,-4.00,4.00,39.00,8.00,13542402,34
183.07,1544433109,1583.27,51.49302374,7.40386198,165.53,14.01,-0.19,259.41,1,-104.00,-17.00,-4.00,4.00,39.00,8.00,13542402,34
184.07,1544433110,1597.28,51.49300515,7.40365859,165.42,13.41,-0.60,261.45,1,-103.00,-16.00,-6.00,4.00,38.00,8.00,13542402,34
185.07,1544433111,1610.66,51.49299586,7.40347187,165.41,13.23,-0.18,263.79,1,-103.00,-16.00,-6.00,4.00,38.00,8.00,13542402,34
186.07,1544433112,1623.91,51.49298956,7.40328500,165.30,13.47,0.23,265.10,1,-99.00,-15.00,-5.00,4.00,42.00,8.00,13542402,34
187.07,1544433113,1637.39,51.49298162,7.40308800,165.20,13.05,-0.42,265.54,1,-99.00,-15.00,-5.00,4.00,42.00,8.00,13542402,34
188.07,1544433114,1650.42,51.49297674,7.40290116,165.47,12.05,-1.00,266.41,1,-101.00,-17.00,-6.00,3.00,41.00,8.00,13542402,34
189.07,1544433115,1662.48,51.49297674,7.40273951,165.77,10.44,-1.61,267.73,1,-101.00,-17.00,-6.00,3.00,41.00,8.00,13542402,34
190.06,1544433116,1672.88,51.49297836,7.40260807,165.73,9.36,-1.09,268.98,1,-98.00,-13.00,-6.00,5.00,41.00,10.00,13542403,35
191.07,1544433117,1682.29,51.49298019,7.40248060,165.39,8.61,-0.74,269.94,1,-98.00,-13.00,-6.00,5.00,41.00,10.00,13542403,35
192.06,1544433118,1690.84,51.49298441,7.40236699,164.73,7.90,-0.72,270.42,1,-89.00,-11.00,1.00,7.00,49.00,10.00,13542403,35
193.07,1544433119,1698.78,51.49298851,7.40226786,163.89,6.65,-1.24,271.01,1,-89.00,-11.00,1.00,7.00,49.00,10.00,13542403,35
194.06,1544433120,1705.40,51.49299133,7.40219089,163.13,4.92,-1.74,270.68,1,-89.00,-8.00,3.00,10.00,45.00,10.00,13542403,35
195.06,1544433121,1710.32,51.49299398,7.40212679,163.08,3.05,-1.87,269.99,1,-89.00,-8.00,3.00,10.00,45.00,10.00,13542403,35
196.07,1544433122,1713.38,51.49299796,7.40209191,163.05,1.11,-1.93,271.85,1,-90.00,-10.00,4.00,6.00,47.00,10.00,13542403,35
197.06,1544433123,1714.49,51.49299796,7.40209191,163.05,0.00,-1.12,271.85,1,-90.00,-10.00,4.00,6.00,47.00,10.00,13542403,35
198.06,1544433124,1714.49,51.49299796,7.40209191,163.05,0.00,0.00,271.85,1,-90.00,-9.00,5.00,7.00,48.00,10.00,13542403,35
199.06,1544433125,1714.49,51.49299796,7.40209191,163.05,0.00,0.00,271.85,1,-90.00,-9.00,5.00,7.00,48.00,10.00,13542403,35
200.06,1544433126,1714.49,51.49299796,7.40209191,163.04,0.00,0.00,271.85,1,-90.00,-11.00,6.00,6.00,49.00,10.00,13542403,35
201.06,1544433127,1714.49,51.49299796,7.40209191,163.03,0.00,0.00,271.85,1,-90.00,-11.00,6.00,6.00,49.00,10.00,13542403,35
202.07,1544433128,1714.49,51.49299796,7.40209191,163.01,0.00,0.00,271.85,1,-91.00,-11.00,6.00,6.00,48.00,10.00,13542403,35
203.06,1544433129,1714.49,51.49299796,7.40209191,162.99,0.00,0.00,271.85,1,-91.00,-11.00,6.00,6.00,48.00,10.00,13542403,35
204.06,1544433130,1714.49,51.49299796,7.40209191,162.96,0.00,0.00,271.85,1,-91.00,-11.00,6.00,6.00,48.00,10.00,13542403,35
205.06,1544433131,1714.49,51.49299796,7.40209191,162.92,0.00,0.00,271.85,1,-90.00,-11.00,6.00,6.00,48.00,10.00,13542403,35
206.07,1544433132,1714.49,51.49299796,7.40209191,162.87,0.00,0.00,271.85,1,-90.00,-11.00,6.00,6.00,48.00,10.00,13542403,35
207.07,1544433133,1714.49,51.49299796,7.40209191,162.81,0.00,0.00,271.85,1,-91.00,-11.00,7.00,7.00,48.00,10.00,13542403,35
208.07,1544433134,1714.49,51.49299796,7.40209191,162.76,0.00,0.00,271.85,1,-91.00,-11.00,7.00,7.00,48.00,10.00,13542403,35
209.06,1544433135,1714.49,51.49299796,7.40209191,162.70,0.00,0.00,271.85,1,-91.00,-10.00,7.00,7.00,47.00,10.00,13542403,35
210.07,1544433136,1714.49,51.49299796,7.40209191,162.65,0.00,0.00,271.85,1,-91.00,-10.00,7.00,7.00,47.00,10.00,13542403,35
211.06,1544433137,1714.49,51.49299796,7.40209191,162.61,0.00,0.00,271.85,1,-92.00,-11.00,7.00,7.00,47.00,10.00,13542403,35
212.07,1544433138,1714.49,51.49299796,7.40209191,162.58,0.00,0.00,271.85,1,-92.00,-11.00,7.00,7.00,47.00,10.00,13542403,35
213.07,1544433139,1714.49,51.49299796,7.40209191,162.55,0.00,0.00,271.85,1,-92.00,-11.00,7.00,7.00,47.00,10.00,13542403,35
214.07,1544433140,1714.49,51.49299796,7.40209191,162.53,0.00,0.00,271.85,1,-92.00,-11.00,7.00,7.00,47.00,10.00,13542403,35
215.07,1544433141,1714.49,51.49299796,7.40209191,162.52,0.00,0.00,271.85,1,-91.00,-11.00,8.00,8.00,49.00,10.00,13542403,35
216.07,1544433142,1714.49,51.49299796,7.40209191,162.51,0.00,0.00,271.85,1,-91.00,-11.00,8.00,8.00,49.00,10.00,13542403,35
217.07,1544433143,1714.49,51.49299796,7.40209191,162.50,0.00,0.00,271.85,1,-91.00,-11.00,8.00,8.00,47.00,10.00,13542403,35
218.07,1544433144,1714.49,51.49299796,7.40209191,162.50,0.00,0.00,271.85,1,-91.00,-11.00,8.00,8.00,47.00,10.00,13542403,35
219.07,1544433145,1714.49,51.49299796,7.40209191,162.50,0.00,0.00,271.85,1,-91.00,-12.00,7.00,8.00,48.00,10.00,13542403,35
220.07,1544433146,1714.49,51.49299796,7.40209191,162.51,0.00,0.00,271.85,1,-91.00,-12.00,7.00,8.00,48.00,10.00,13542403,35
221.07,1544433147,1714.49,51.49299796,7.40209191,162.54,0.00,0.00,283.89,1,-90.00,-12.00,5.00,6.00,48.00,10.00,13542403,35
222.07,1544433148,1714.49,51.49301116,7.40199018,162.56,0.00,0.00,281.04,1,-90.00,-12.00,5.00,6.00,48.00,10.00,13542403,35
223.07,1544433149,1714.49,51.49301381,7.40193849,162.61,3.82,0.00,277.44,1,-88.00,-12.00,4.00,6.00,51.00,10.00,13542403,35
224.07,1544433150,1718.29,51.49300636,7.40187810,162.97,4.20,0.39,258.74,1,-88.00,-12.00,4.00,6.00,51.00,10.00,13542403,35
225.07,1544433151,1722.48,51.49298759,7.40183286,163.01,3.94,-0.27,239.38,1,-88.00,-12.00,4.00,6.00,51.00,10.00,13542403,35
226.07,1544433152,1726.43,51.49296117,7.40180221,163.04,3.55,-0.39,218.65,1,-90.00,-12.00,2.00,6.00,49.00,10.00,13542403,35
227.07,1544433153,1729.97,51.49293692,7.40178800,163.07,3.86,0.31,198.38,1,-90.00,-12.00,2.00,6.00,49.00,10.00,13542403,35
228.07,1544433154,1733.84,51.49289628,7.40178360,162.90,5.58,1.72,180.07,1,-92.00,-12.00,2.00,6.00,45.00,10.00,13542403,35
229.06,1544433155,1739.39,51.49283411,7.40177892,162.87,7.05,1.48,181.10,1,-92.00,-12.00,2.00,6.00,45.00,10.00,13542403,35
230.07,1544433156,1746.49,51.49276984,7.40177532,162.38,8.49,1.43,181.58,1,-98.00,-15.00,2.00,5.00,42.00,10.00,13542403,35
231.07,1544433157,1754.96,51.49267404,7.40177389,161.90,9.41,0.92,180.85,1,-98.00,-15.00,2.00,5.00,42.00,10.00,13542403,35
232.09,1544433158,1764.61,51.49257472,7.40176747,162.03,10.40,0.97,180.72,1,-98.00,-13.00,0.00,6.00,41.00,10.00,13542403,35
233.07,1544433159,1774.75,51.49247972,7.40176172,162.28,11.38,1.00,180.24,1,-98.00,-13.00,0.00,6.00,41.00,10.00,13542403,35
234.07,1544433160,1786.13,51.49237290,7.40175734,162.49,11.98,0.61,180.34,1,-99.00,-14.00,-1.00,5.00,41.00,10.00,13542403,35
235.07,1544433161,1798.10,51.49226652,7.40175267,162.65,12.57,0.58,180.38,1,-99.00,-14.00,-1.00,5.00,41.00,10.00,13542403,35
236.07,1544433162,1810.68,51.49215297,7.40174537,163.07,12.14,-0.43,181.31,1,-101.00,-16.00,-3.00,4.00,41.00,10.00,13542403,35
237.07,1544433163,1822.82,51.49204136,7.40173949,163.42,12.21,0.07,181.23,1,-101.00,-16.00,-3.00,4.00,41.00,10.00,13542403,35
238.07,1544433164,1835.03,51.49193145,7.40173466,163.81,12.28,0.08,180.95,1,-103.00,-16.00,-5.00,3.00,39.00,10.00,13542403,35
239.07,1544433165,1847.29,51.49181843,7.40172788,164.31,11.86,-0.42,180.82,1,-103.00,-16.00,-5.00,3.00,39.00,10.00,13542403,35
240.07,1544433166,1859.15,51.49171040,7.40172104,164.90,11.62,-0.24,180.89,1,-105.00,-16.00,-5.00,4.00,37.00,10.00,13542403,35
241.07,1544433167,1870.79,51.49160924,7.40171797,165.46,11.93,0.31,180.68,1,-105.00,-16.00,-5.00,4.00,37.00,10.00,13542403,35
242.07,1544433168,1882.73,51.49150270,7.40171395,165.88,11.80,-0.13,181.03,1,-106.00,-16.00,-5.00,4.00,35.00,10.00,13542403,35
243.07,1544433169,1894.53,51.49139819,7.40171126,166.17,11.63,-0.17,180.94,1,-106.00,-16.00,-5.00,4.00,35.00,10.00,13542403,35
244.08,1544433170,1906.25,51.49129623,7.40170969,166.50,11.67,0.03,181.23,1,-104.00,-17.00,-5.00,4.00,38.00,10.00,13542403,35
245.07,1544433171,1917.81,51.49118766,7.40171131,166.69,11.13,-0.54,180.59,1,-104.00,-17.00,-5.00,4.00,38.00,10.00,13542403,35
246.07,1544433172,1928.93,51.49108785,7.40171628,167.10,10.88,-0.25,179.75,1,-104.00,-17.00,-5.00,4.00,38.00,10.00,13542403,35
247.07,1544433173,1939.83,51.49099061,7.40171972,167.86,11.11,0.22,178.92,1,-102.00,-16.00,-5.00,4.00,40.00,10.00,13542403,35
248.07,1544433174,1950.95,51.49089527,7.40172423,168.31,11.18,0.08,178.22,1,-102.00,-16.00,-5.00,4.00,40.00,10.00,13542403,35
249.07,1544433175,1962.12,51.49079039,7.40173144,168.99,11.33,0.15,178.76,1,-106.00,-16.00,-4.00,5.00,35.00,10.00,13542403,35
250.07,1544433176,1973.44,51.49067906,7.40173483,169.51,11.29,-0.05,179.43,1,-106.00,-16.00,-4.00,5.00,35.00,10.00,13542403,35
251.07,1544433177,1984.72,51.49058392,7.40173471,169.85,11.26,-0.03,179.61,1,-107.00,-16.00,-6.00,4.00,35.00,10.00,13542403,35
252.07,1544433178,1996.00,51.49048512,7.40173671,170.06,11.44,0.19,179.24,1,-107.00,-16.00,-6.00,4.00,35.00,10.00,13542403,35
253.07,1544433179,2007.44,51.49039440,7.40173925,170.04,11.24,-0.20,179.61,1,-109.00,-18.00,-9.00,4.00,35.00,10.00,13542403,35
254.07,1544433180,2018.68,51.49029834,7.40173664,169.90,11.35,0.12,180.58,1,-109.00,-18.00,-9.00,4.00,35.00,10.00,13542403,35
255.07,1544433181,2030.04,51.49018783,7.40173021,170.07,11.47,0.12,180.89,1,-109.00,-18.00,-8.00,4.00,34.00,10.00,13542403,35
256.07,1544433182,2041.51,51.49008344,7.40172567,170.42,11.52,0.05,180.06,1,-109.00,-18.00,-8.00,4.00,34.00,10.00,13542403,35
257.07,1544433183,2053.01,51.48999202,7.40172738,170.33,10.65,-0.88,179.10,1,-108.00,-19.00,-8.00,4.00,36.00,10.00,13542403,35
258.07,1544433184,2063.67,51.48990399,7.40173225,170.33,9.72,-0.93,179.82,1,-108.00,-19.00,-8.00,4.00,36.00,10.00,13542403,35
259.07,1544433185,2073.39,51.48982306,7.40173701,170.65,8.50,-1.22,179.77,1,-107.00,-19.00,-9.00,3.00,38.00,10.00,13542403,35
260.07,1544433186,2081.89,51.48975588,7.40173613,170.79,6.43,-2.07,180.74,1,-107.00,-19.00,-9.00,3.00,38.00,10.00,13542403,35
261.07,1544433187,2088.32,51.48970351,7.40173255,170.84,4.04,-2.39,180.62,1,-101.00,-16.00,-6.00,4.00,41.00,23.00,13880067,38
262.07,1544433188,2092.36,51.48967105,7.40173343,170.84,2.66,-1.38,180.22,1,-101.00,-16.00,-6.00,4.00,41.00,23.00,13880067,38
263.07,1544433189,2095.02,51.48964599,7.40173248,170.82,2.08,-0.58,181.62,1,-105.00,-16.00,-4.00,4.00,37.00,23.00,13880067,38
264.07,1544433190,2097.10,51.48962131,7.40172930,170.86,4.27,2.19,182.39,1,-105.00,-16.00,-4.00,4.00,37.00,23.00,13880067,38
265.08,1544433191,2101.42,51.48957398,7.40172532,170.91,5.92,1.63,181.76,1,-103.00,-15.00,-5.00,5.00,39.00,23.00,13880067,38
266.07,1544433192,2107.28,51.48952454,7.40172190,170.84,6.21,0.29,181.73,1,-103.00,-15.00,-5.00,5.00,39.00,23.00,13880067,38
267.07,1544433193,2113.48,51.48947659,7.40175367,170.66,5.87,-0.34,154.03,1,-103.00,-15.00,-5.00,5.00,39.00,23.00,13880067,38
268.07,1544433194,2119.37,51.48943913,7.40183441,170.97,6.81,0.93,118.53,1,-105.00,-18.00,-7.00,1.00,39.00,23.00,13880067,38
269.07,1544433195,2126.17,51.48942534,7.40192860,171.33,7.76,0.95,97.33,1,-105.00,-18.00,-7.00,1.00,39.00,23.00,13880067,38
270.07,1544433196,2133.93,51.48941655,7.40202562,171.39,8.23,0.48,96.12,1,-103.00,-14.00,-7.00,5.00,37.00,23.00,13880067,38
271.07,1544433197,2142.17,51.48940969,7.40216358,171.63,9.34,1.11,94.21,1,-103.00,-14.00,-7.00,5.00,37.00,23.00,13880067,38
272.07,1544433198,2151.50,51.48940149,7.40231654,172.20,10.13,0.79,93.27,1,-103.00,-16.00,-6.00,4.00,38.00,23.00,13880067,38
273.07,1544433199,2161.65,51.48939754,7.40247213,172.79,10.77,0.63,92.63,1,-103.00,-16.00,-6.00,4.00,38.00,23.00,13880067,38
274.07,1544433200,2172.40,51.48939380,7.40263430,173.35,11.38,0.61,92.22,1,-106.00,-18.00,-7.00,3.00,37.00,23.00,13880067,38
275.07,1544433201,2183.76,51.48938942,7.40279607,173.82,11.78,0.41,91.88,1,-106.00,-18.00,-7.00,3.00,37.00,23.00,13880067,38
276.07,1544433202,2195.55,51.48938810,7.40296639,174.13,12.08,0.30,90.95,1,-107.00,-18.00,-7.00,3.00,37.00,23.00,13880067,38
277.07,1544433203,2207.63,51.48938705,7.40314460,174.29,12.50,0.42,90.93,1,-107.00,-18.00,-7.00,3.00,37.00,23.00,13880067,38
278.07,1544433204,2220.13,51.48938597,7.40332576,174.30,12.59,0.10,90.20,1,-104.00,-17.00,-7.00,3.00,39.00,23.00,13880067,38
279.07,1544433205,2232.71,51.48938431,7.40350171,174.48,12.63,0.04,90.88,1,-104.00,-17.00,-7.00,3.00,39.00,23.00,13880067,38
280.07,1544433206,2245.37,51.48938266,7.40368189,174.79,12.45,-0.18,91.09,1,-105.00,-18.00,-9.00,3.00,38.00,23.00,13880067,38
281.07,1544433207,2257.81,51.48938122,7.40386225,175.06,12.15,-0.30,90.91,1,-105.00,-18.00,-9.00,3.00,38.00,23.00,13880067,38
282.07,1544433208,2269.95,51.48937977,7.40403724,175.46,11.95,-0.20,90.72,1,-104.00,-17.00,-8.00,3.00,38.00,23.00,13880067,38
283.07,1544433209,2281.92,51.48937879,7.40421120,175.80,11.92,-0.03,90.24,1,-104.00,-17.00,-8.00,3.00,38.00,23.00,13880067,38
284.07,1544433210,2293.81,51.48938171,7.40437460,176.03,11.80,-0.12,89.38,1,-106.00,-17.00,-8.00,3.00,36.00,23.00,13880067,38
285.07,1544433211,2305.61,51.48938435,7.40454240,176.44,11.67,-0.12,89.45,1,-106.00,-17.00,-8.00,3.00,36.00,23.00,13880067,38
286.08,1544433212,2317.40,51.48938342,7.40470917,176.85,11.61,-0.06,90.85,1,-104.00,-17.00,-8.00,3.00,39.00,23.00,13880067,38
287.07,1544433213,2328.90,51.48938149,7.40487464,177.12,11.58,-0.03,91.47,1,-104.00,-17.00,-8.00,3.00,39.00,23.00,13880067,38
288.07,1544433214,2340.44,51.48938048,7.40503265,177.38,11.44,-0.15,91.14,1,-104.00,-17.00,-8.00,3.00,39.00,23.00,13880067,38
289.07,1544433215,2351.92,51.48938088,7.40519762,177.63,11.18,-0.25,89.79,1,-100.00,-17.00,-7.00,3.00,43.00,23.00,13880067,38
290.07,1544433216,2363.09,51.48938517,7.40535612,177.87,11.00,-0.18,88.22,1,-100.00,-17.00,-7.00,3.00,43.00,23.00,13880067,38
291.07,1544433217,2374.10,51.48939290,7.40551479,178.13,11.18,0.17,86.68,1,-95.00,-13.00,-6.00,5.00,45.00,23.00,13880067,38
292.07,1544433218,2385.26,51.48940143,7.40568021,178.40,11.32,0.14,87.54,1,-95.00,-13.00,-6.00,5.00,45.00,23.00,13880067,38
293.07,1544433219,2396.59,51.48941136,7.40585915,178.74,11.49,0.17,85.74,1,-101.00,-19.00,-8.00,1.00,44.00,23.00,13880067,38
294.07,1544433220,2408.07,51.48942913,7.40603363,179.47,11.56,0.07,82.16,1,-101.00,-19.00,-8.00,1.00,44.00,23.00,13880067,38
295.07,1544433221,2419.60,51.48944985,7.40618870,180.20,11.21,-0.35,80.41,nan,nan,nan,nan,nan,nan,nan,nan,nan
296.06,1544433222,2430.81,51.48947316,7.40633953,180.83,11.22,0.01,78.77,nan,nan,nan,nan,nan,nan,nan,nan,nan
297.63,1544433223,2448.42,51.48949803,7.40649822,181.49,11.44,0.14,78.03,nan,nan,nan,nan,nan,nan,nan,nan,nan
298.63,1544433224,2459.81,51.48952290,7.40665847,182.04,11.45,0.01,77.95,nan,nan,nan,nan,nan,nan,nan,nan,nan
299.63,1544433225,2471.27,51.48955008,7.40682830,182.16,11.19,-0.26,77.49,nan,nan,nan,nan,nan,nan,nan,nan,nan
300.63,1544433226,2482.51,51.48957407,7.40697701,182.10,9.95,-1.23,77.53,nan,nan,nan,nan,nan,nan,nan,nan,nan
301.63,1544433227,2492.46,51.48959608,7.40709837,181.81,8.80,-1.15,77.79,nan,nan,nan,nan,nan,nan,nan,nan,nan
302.63,1544433228,2501.24,51.48961574,7.40722190,181.34,8.56,-0.24,78.57,nan,nan,nan,nan,nan,nan,nan,nan,nan
303.63,1544433229,2509.81,51.48963474,7.40734604,180.77,8.31,-0.25,78.63,nan,nan,nan,nan,nan,nan,nan,nan,nan
304.63,1544433230,2518.12,51.48965094,7.40743635,180.41,5.89,-2.42,78.21,nan,nan,nan,nan,nan,nan,nan,nan,nan
305.63,1544433231,2524.01,51.48966201,7.40749774,180.37,3.00,-2.89,77.77,nan,nan,nan,nan,nan,nan,nan,nan,nan
306.63,1544433232,2527.01,51.48966892,7.40752656,180.31,1.49,-1.51,78.19,nan,nan,nan,nan,nan,nan,nan,nan,nan
307.63,1544433233,2528.50,51.48967313,7.40754705,180.25,1.16,-0.32,77.71,nan,nan,nan,nan,nan,nan,nan,nan,nan
308.63,1544433234,2529.66,51.48968318,7.40758417,180.22,1.58,0.41,76.78,nan,nan,nan,nan,nan,nan,nan,nan,nan
309.64,1544433235,2531.25,51.48969400,7.40761392,180.20,2.24,0.65,73.42,nan,nan,nan,nan,nan,nan,nan,nan,nan
310.64,1544433236,2533.48,51.48970664,7.40765989,180.29,4.60,2.37,73.83,nan,nan,nan,nan,nan,nan,nan,nan,nan
311.63,1544433237,2538.06,51.48972385,7.40773848,179.88,6.87,2.28,74.57,nan,nan,nan,nan,nan,nan,nan,nan,nan
312.63,1544433238,2544.93,51.48974268,7.40785034,179.53,8.16,1.29,75.44,nan,nan,nan,nan,nan,nan,nan,nan,nan
313.63,1544433239,2553.08,51.48975620,7.40797093,178.93,8.26,0.10,77.84,nan,nan,nan,nan,nan,nan,nan,nan,nan
314.63,1544433240,2561.36,51.48976398,7.40807123,178.29,7.01,-1.25,80.47,nan,nan,nan,nan,nan,nan,nan,nan,nan
315.63,1544433241,2568.36,51.48977245,7.40817356,177.36,8.22,1.22,79.46,nan,nan,nan,nan,nan,nan,nan,nan,nan
316.63,1544433242,2576.60,51.48978403,7.40829547,176.48,9.01,0.79,79.02,nan,nan,nan,nan,nan,nan,nan,nan,nan
317.63,1544433243,2585.60,51.48979794,7.40842816,175.81,9.41,0.39,78.67,nan,nan,nan,nan,nan,nan,nan,nan,nan
318.63,1544433244,2594.99,51.48981410,7.40856412,175.21,10.08,0.68,78.20,nan,nan,nan,nan,nan,nan,nan,nan,nan
319.63,1544433245,2605.08,51.48982978,7.40872341,175.02,10.18,0.10,77.91,nan,nan,nan,nan,nan,nan,nan,nan,nan
320.63,1544433246,2615.26,51.48984743,7.40887454,174.84,10.41,0.23,77.19,nan,nan,nan,nan,nan,nan,nan,nan,nan
321.63,1544433247,2625.69,51.48986656,7.40901551,174.52,10.22,-0.19,76.49,nan,nan,nan,nan,nan,nan,nan,nan,nan
322.63,1544433248,2635.91,51.48988678,7.40916375,174.02,9.99,-0.23,76.57,nan,nan,nan,nan,nan,nan,nan,nan,nan
323.63,1544433249,2645.88,51.48990935,7.40929664,173.46,9.97,-0.02,75.27,nan,nan,nan,nan,nan,nan,nan,nan,nan
324.63,1544433250,2655.87,51.48993437,7.40943876,172.85,9.94,-0.04,74.52,nan,nan,nan,nan,nan,nan,nan,nan,nan
325.63,1544433251,2665.82,51.48995934,7.40957933,172.10,10.40,0.47,75.33,nan,nan,nan,nan,nan,nan,nan,nan,nan
326.63,1544433252,2676.21,51.48997955,7.40971591,171.20,10.68,0.28,76.91,nan,nan,nan,nan,nan,nan,nan,nan,nan
327.63,1544433253,2686.90,51.48999735,7.40986833,170.44,11.46,0.78,78.74,nan,nan,nan,nan,nan,nan,nan,nan,nan
328.63,1544433254,2698.36,51.49001558,7.41003858,169.88,11.96,0.49,79.70,nan,nan,nan,nan,nan,nan,nan,nan,nan
329.63,1544433255,2710.31,51.49003088,7.41020588,169.43,11.90,-0.06,79.97,nan,nan,nan,nan,nan,nan,nan,nan,nan
330.64,1544433256,2722.30,51.49005206,7.41038690,168.55,12.29,0.39,79.60,nan,nan,nan,nan,nan,nan,nan,nan,nan
331.63,1544433257,2734.49,51.49007189,7.41055273,167.60,12.31,0.02,78.91,nan,nan,nan,nan,nan,nan,nan,nan,nan
332.63,1544433258,2746.78,51.49009780,7.41073253,166.77,12.45,0.14,77.56,nan,nan,nan,nan,nan,nan,nan,nan,nan
333.63,1544433259,2759.24,51.49012307,7.41090732,165.87,12.64,0.20,76.84,nan,nan,nan,nan,nan,nan,nan,nan,nan
334.63,1544433260,2771.87,51.49014922,7.41108162,165.19,12.58,-0.07,77.41,nan,nan,nan,nan,nan,nan,nan,nan,nan
335.63,1544433261,2784.45,51.49017522,7.41125739,164.71,11.98,-0.59,77.88,nan,nan,nan,nan,nan,nan,nan,nan,nan
