6.09,1544519328,79.79,51.49025973,7.41196440,165.85,13.79,0.00,78.23,0,-122.00,-17.00,0.00,0.00,14.00,0.00,0,347
7.09,1544519329,93.59,51.49028417,7.41216444,165.47,14.16,0.00,78.67,0,-122.00,-17.00,0.00,0.00,14.00,0.00,0,347
8.09,1544519330,107.75,51.49031156,7.41236479,165.16,14.68,0.00,78.14,0,-120.00,-15.00,0.00,0.00,16.00,0.00,0,347
9.09,1544519331,122.43,51.49034304,7.41258983,165.17,14.74,0.00,77.66,0,-120.00,-15.00,0.00,0.00,16.00,0.00,0,347
10.09,1544519332,137.18,51.49037395,7.41279557,165.29,14.71,0.00,78.40,0,-119.00,-15.00,0.00,0.00,15.00,0.00,0,347
11.09,1544519333,151.91,51.49040256,7.41300731,165.28,14.73,0.00,79.17,0,-119.00,-15.00,0.00,0.00,15.00,0.00,0,347
12.09,1544519334,166.65,51.49043022,7.41322051,165.02,14.66,0.00,78.28,0,-121.00,-18.00,0.00,0.00,17.00,0.00,0,347
12.09,1544519334,166.67,51.49043022,7.41322051,165.02,14.66,0.00,78.28,0,-112.00,-12.00,0.00,0.00,20.00,0.00,0,390
12.09,1544519334,166.68,51.49043022,7.41322051,165.02,14.66,0.00,78.28,0,-114.00,-13.00,0.00,0.00,20.00,0.00,0,200
13.09,1544519335,181.31,51.49045399,7.41342226,164.30,14.52,0.00,78.34,0,-121.00,-18.00,0.00,0.00,17.00,0.00,0,347
13.09,1544519335,181.32,51.49045399,7.41342226,164.30,14.52,0.00,78.34,0,-112.00,-12.00,0.00,0.00,20.00,0.00,0,390
13.09,1544519335,181.32,51.49045399,7.41342226,164.30,14.52,0.00,78.34,0,-114.00,-13.00,0.00,0.00,20.00,0.00,0,200
14.10,1544519336,195.97,51.49047846,7.41362063,163.51,14.45,0.00,78.45,0,-120.00,-16.00,0.00,0.00,15.00,0.00,0,356
14.10,1544519336,195.99,51.49047846,7.41362063,163.51,14.45,0.00,78.45,0,-121.00,-16.00,0.00,0.00,15.00,0.00,0,347
14.10,1544519336,195.99,51.49047846,7.41362063,163.51,14.45,0.00,78.45,0,-115.00,-15.00,0.00,0.00,19.00,0.00,0,385
14.10,1544519336,196.00,51.49047846,7.41362063,163.51,14.45,0.00,78.45,0,-120.00,-18.00,0.00,0.00,18.00,0.00,0,390
15.09,1544519337,210.31,51.49050178,7.41380597,162.81,14.39,0.00,78.91,0,-120.00,-16.00,0.00,0.00,15.00,0.00,0,356
15.09,1544519337,210.32,51.49050178,7.41380597,162.81,14.39,0.00,78.91,0,-121.00,-16.00,0.00,0.00,15.00,0.00,0,347
15.09,1544519337,210.32,51.49050178,7.41380597,162.81,14.39,0.00,78.91,0,-115.00,-15.00,0.00,0.00,19.00,0.00,0,385
15.09,1544519337,210.34,51.49050178,7.41380597,162.81,14.39,0.00,78.91,0,-120.00,-18.00,0.00,0.00,18.00,0.00,0,390
16.09,1544519338,224.67,51.49052381,7.41400451,162.19,14.19,0.00,78.39,0,-120.00,-16.00,0.00,0.00,15.00,0.00,0,356
16.09,1544519338,224.68,51.49052381,7.41400451,162.19,14.19,0.00,78.39,0,-121.00,-16.00,0.00,0.00,15.00,0.00,0,347
16.09,1544519338,224.70,51.49052381,7.41400451,162.19,14.19,0.00,78.39,0,-115.00,-15.00,0.00,0.00,19.00,0.00,0,385
16.09,1544519338,224.71,51.49052381,7.41400451,162.19,14.19,0.00,78.39,0,-120.00,-18.00,0.00,0.00,18.00,0.00,0,390
27.09,1544519349,372.14,51.49067854,7.41611061,158.94,12.77,0.00,90.56,0,-113.00,-18.00,0.00,0.00,25.00,0.00,0,384
27.10,1544519349,372.16,51.49067854,7.41611061,158.94,12.77,0.00,90.56,0,-113.00,-18.00,0.00,0.00,24.00,0.00,0,311
27.10,1544519349,372.17,51.49067854,7.41611061,158.94,12.77,0.00,90.56,0,-114.00,-18.00,0.00,0.00,24.00,0.00,0,199
27.10,1544519349,372.17,51.49067854,7.41611061,158.94,12.77,0.00,90.56,0,-115.00,-19.00,0.00,0.00,24.00,0.00,0,200
27.10,1544519349,372.18,51.49067854,7.41611061,158.94,12.77,0.00,90.56,0,-115.00,-19.00,0.00,0.00,24.00,0.00,0,333
27.10,1544519349,372.20,51.49067854,7.41611061,158.94,12.77,0.00,90.56,0,-115.00,-19.00,0.00,0.00,23.00,0.00,0,137
27.10,1544519349,372.21,51.49067854,7.41611061,158.94,12.77,0.00,90.56,0,-115.00,-19.00,0.00,0.00,24.00,0.00,0,91
27.10,1544519349,372.21,51.49067854,7.41611061,158.94,12.77,0.00,90.56,0,-116.00,-19.00,0.00,0.00,24.00,0.00,0,136
27.10,1544519349,372.22,51.49067854,7.41611061,158.94,12.77,0.00,90.56,0,-118.00,-20.00,0.00,0.00,23.00,0.00,0,104
27.10,1544519349,372.23,51.49067854,7.41611061,158.94,12.77,0.00,90.56,0,-118.00,-20.00,0.00,0.00,22.00,0.00,0,500
28.09,1544519350,384.81,51.49066652,7.41627811,158.75,12.00,0.00,93.07,0,-113.00,-18.00,0.00,0.00,25.00,0.00,0,384
28.09,1544519350,384.82,51.49066652,7.41627811,158.75,12.00,0.00,93.07,0,-113.00,-18.00,0.00,0.00,24.00,0.00,0,311
28.09,1544519350,384.82,51.49066652,7.41627811,158.75,12.00,0.00,93.07,0,-114.00,-18.00,0.00,0.00,24.00,0.00,0,199
28.09,1544519350,384.83,51.49066652,7.41627811,158.75,12.00,0.00,93.07,0,-115.00,-19.00,0.00,0.00,24.00,0.00,0,200
28.09,1544519350,384.83,51.49066652,7.41627811,158.75,12.00,0.00,93.07,0,-115.00,-19.00,0.00,0.00,24.00,0.00,0,333
28.09,1544519350,384.83,51.49066652,7.41627811,158.75,12.00,0.00,93.07,0,-115.00,-19.00,0.00,0.00,23.00,0.00,0,137
28.09,1544519350,384.84,51.49066652,7.41627811,158.75,12.00,0.00,93.07,0,-115.00,-19.00,0.00,0.00,24.00,0.00,0,91
28.09,1544519350,384.84,51.49066652,7.41627811,158.75,12.00,0.00,93.07,0,-116.00,-19.00,0.00,0.00,24.00,0.00,0,136
28.09,1544519350,384.84,51.49066652,7.41627811,158.75,12.00,0.00,93.07,0,-118.00,-20.00,0.00,0.00,23.00,0.00,0,104
28.09,1544519350,384.86,51.49066652,7.41627811,158.75,12.00,0.00,93.07,0,-118.00,-20.00,0.00,0.00,22.00,0.00,0,500
29.09,1544519351,396.88,51.49065173,7.41644923,158.49,10.84,0.00,95.62,0,-111.00,-16.00,0.00,0.00,25.00,0.00,0,199
29.09,1544519351,396.89,51.49065173,7.41644923,158.49,10.84,0.00,95.62,0,-111.00,-16.00,0.00,0.00,24.00,0.00,0,200
29.09,1544519351,396.90,51.49065173,7.41644923,158.49,10.84,0.00,95.62,0,-113.00,-19.00,0.00,0.00,26.00,0.00,0,384
29.10,1544519351,396.91,51.49065173,7.41644923,158.49,10.84,0.00,95.62,0,-113.00,-18.00,0.00,0.00,25.00,0.00,0,333
29.10,1544519351,396.91,51.49065173,7.41644923,158.49,10.84,0.00,95.62,0,-114.00,-18.00,0.00,0.00,25.00,0.00,0,311
29.10,1544519351,396.92,51.49065173,7.41644923,158.49,10.84,0.00,95.62,0,-114.00,-18.00,0.00,0.00,25.00,0.00,0,137
29.10,1544519351,396.94,51.49065173,7.41644923,158.49,10.84,0.00,95.62,0,-115.00,-19.00,0.00,0.00,25.00,0.00,0,136
29.10,1544519351,396.94,51.49065173,7.41644923,158.49,10.84,0.00,95.62,0,-117.00,-19.00,0.00,0.00,25.00,0.00,0,158
30.09,1544519352,407.72,51.49063646,7.41659806,158.15,10.60,0.00,97.27,0,-111.00,-16.00,0.00,0.00,25.00,0.00,0,199
30.09,1544519352,407.73,51.49063646,7.41659806,158.15,10.60,0.00,97.27,0,-111.00,-16.00,0.00,0.00,24.00,0.00,0,200
30.09,1544519352,407.73,51.49063646,7.41659806,158.15,10.60,0.00,97.27,0,-113.00,-19.00,0.00,0.00,26.00,0.00,0,384
30.09,1544519352,407.74,51.49063646,7.41659806,158.15,10.60,0.00,97.27,0,-113.00,-18.00,0.00,0.00,25.00,0.00,0,333
30.10,1544519352,407.75,51.49063646,7.41659806,158.15,10.60,0.00,97.27,0,-114.00,-18.00,0.00,0.00,25.00,0.00,0,311
30.10,1544519352,407.75,51.49063646,7.41659806,158.15,10.60,0.00,97.27,0,-114.00,-18.00,0.00,0.00,25.00,0.00,0,137
30.10,1544519352,407.76,51.49063646,7.41659806,158.15,10.60,0.00,97.27,0,-115.00,-19.00,0.00,0.00,25.00,0.00,0,136
30.10,1544519352,407.77,51.49063646,7.41659806,158.15,10.60,0.00,97.27,0,-117.00,-19.00,0.00,0.00,25.00,0.00,0,158
31.10,1544519353,418.37,51.49061730,7.41674946,157.95,9.98,0.00,99.05,0,-111.00,-18.00,0.00,0.00,26.00,0.00,0,384
31.10,1544519353,418.38,51.49061730,7.41674946,157.95,9.98,0.00,99.05,0,-111.00,-17.00,0.00,0.00,26.00,0.00,0,333
31.10,1544519353,418.39,51.49061730,7.41674946,157.95,9.98,0.00,99.05,0,-112.00,-20.00,0.00,0.00,27.00,0.00,0,158
31.10,1544519353,418.39,51.49061730,7.41674946,157.95,9.98,0.00,99.05,0,-112.00,-19.00,0.00,0.00,26.00,0.00,0,199
31.10,1544519353,418.40,51.49061730,7.41674946,157.95,9.98,0.00,99.05,0,-113.00,-17.00,0.00,0.00,26.00,0.00,0,137
31.10,1544519353,418.41,51.49061730,7.41674946,157.95,9.98,0.00,99.05,0,-113.00,-19.00,0.00,0.00,26.00,0.00,0,136
31.10,1544519353,418.41,51.49061730,7.41674946,157.95,9.98,0.00,99.05,0,-113.00,-20.00,0.00,0.00,26.00,0.00,0,200
31.10,1544519353,418.42,51.49061730,7.41674946,157.95,9.98,0.00,99.05,0,-113.00,-19.00,0.00,0.00,26.00,0.00,0,91
31.10,1544519353,418.43,51.49061730,7.41674946,157.95,9.98,0.00,99.05,0,-110.00,-9.00,0.00,0.00,22.00,0.00,0,347
31.10,1544519353,418.43,51.49061730,7.41674946,157.95,9.98,0.00,99.05,0,-111.00,-10.00,0.00,0.00,20.00,0.00,0,385
31.10,1544519353,418.44,51.49061730,7.41674946,157.95,9.98,0.00,99.05,0,-116.00,-17.00,0.00,0.00,22.00,0.00,0,83
31.11,1544519353,418.45,51.49061730,7.41674946,157.95,9.98,0.00,99.05,0,-124.00,-15.00,0.00,0.00,12.00,0.00,0,337
31.11,1544519353,418.46,51.49061730,7.41674946,157.95,9.98,0.00,99.05,0,-125.00,-16.00,0.00,0.00,11.00,0.00,0,125
31.11,1544519353,418.46,51.49061730,7.41674946,157.95,9.98,0.00,99.05,0,-125.00,-16.00,0.00,0.00,11.00,0.00,0,196
31.11,1544519353,418.47,51.49061730,7.41674946,157.95,9.98,0.00,99.05,0,-125.00,-16.00,0.00,0.00,10.00,0.00,0,58
32.10,1544519354,428.38,51.49059656,7.41688447,157.50,9.31,0.00,100.77,0,-111.00,-18.00,0.00,0.00,26.00,0.00,0,384
32.10,1544519354,428.38,51.49059656,7.41688447,157.50,9.31,0.00,100.77,0,-111.00,-17.00,0.00,0.00,26.00,0.00,0,333
32.10,1544519354,428.39,51.49059656,7.41688447,157.50,9.31,0.00,100.77,0,-112.00,-20.00,0.00,0.00,27.00,0.00,0,158
32.10,1544519354,428.40,51.49059656,7.41688447,157.50,9.31,0.00,100.77,0,-112.00,-19.00,0.00,0.00,26.00,0.00,0,199
32.10,1544519354,428.41,51.49059656,7.41688447,157.50,9.31,0.00,100.77,0,-113.00,-17.00,0.00,0.00,26.00,0.00,0,137
32.10,1544519354,428.42,51.49059656,7.41688447,157.50,9.31,0.00,100.77,0,-113.00,-19.00,0.00,0.00,26.00,0.00,0,136
32.10,1544519354,428.42,51.49059656,7.41688447,157.50,9.31,0.00,100.77,0,-113.00,-20.00,0.00,0.00,26.00,0.00,0,200
32.11,1544519354,428.43,51.49059656,7.41688447,157.50,9.31,0.00,100.77,0,-113.00,-19.00,0.00,0.00,26.00,0.00,0,91
32.11,1544519354,428.44,51.49059656,7.41688447,157.50,9.31,0.00,100.77,0,-110.00,-9.00,0.00,0.00,22.00,0.00,0,347
32.11,1544519354,428.44,51.49059656,7.41688447,157.50,9.31,0.00,100.77,0,-111.00,-10.00,0.00,0.00,20.00,0.00,0,385
32.11,1544519354,428.45,51.49059656,7.41688447,157.50,9.31,0.00,100.77,0,-116.00,-17.00,0.00,0.00,22.00,0.00,0,83
32.11,1544519354,428.46,51.49059656,7.41688447,157.50,9.31,0.00,100.77,0,-124.00,-15.00,0.00,0.00,12.00,0.00,0,337
32.11,1544519354,428.47,51.49059656,7.41688447,157.50,9.31,0.00,100.77,0,-125.00,-16.00,0.00,0.00,11.00,0.00,0,125
32.11,1544519354,428.47,51.49059656,7.41688447,157.50,9.31,0.00,100.77,0,-125.00,-16.00,0.00,0.00,11.00,0.00,0,196
32.11,1544519354,428.48,51.49059656,7.41688447,157.50,9.31,0.00,100.77,0,-125.00,-16.00,0.00,0.00,10.00,0.00,0,58
33.09,1544519355,437.57,51.49057943,7.41700957,156.84,7.64,0.00,99.21,0,-110.00,-18.00,0.00,0.00,27.00,0.00,0,384
33.09,1544519355,437.57,51.49057943,7.41700957,156.84,7.64,0.00,99.21,0,-112.00,-18.00,0.00,0.00,26.00,0.00,0,137
33.09,1544519355,437.57,51.49057943,7.41700957,156.84,7.64,0.00,99.21,0,-112.00,-20.00,0.00,0.00,27.00,0.00,0,158
33.09,1544519355,437.57,51.49057943,7.41700957,156.84,7.64,0.00,99.21,0,-112.00,-20.00,0.00,0.00,27.00,0.00,0,91
33.09,1544519355,437.57,51.49057943,7.41700957,156.84,7.64,0.00,99.21,0,-113.00,-19.00,0.00,0.00,27.00,0.00,0,333
33.09,1544519355,437.57,51.49057943,7.41700957,156.84,7.64,0.00,99.21,0,-109.00,-10.00,0.00,0.00,24.00,0.00,0,347
33.09,1544519355,437.58,51.49057943,7.41700957,156.84,7.64,0.00,99.21,0,-109.00,-12.00,0.00,0.00,25.00,0.00,0,385
33.09,1544519355,437.58,51.49057943,7.41700957,156.84,7.64,0.00,99.21,0,-123.00,-14.00,0.00,0.00,11.00,0.00,0,337
33.09,1544519355,437.58,51.49057943,7.41700957,156.84,7.64,0.00,99.21,0,-125.00,-16.00,0.00,0.00,10.00,0.00,0,196
33.09,1544519355,437.58,51.49057943,7.41700957,156.84,7.64,0.00,99.21,0,-125.00,-16.00,0.00,0.00,10.00,0.00,0,58
33.09,1544519355,437.58,51.49057943,7.41700957,156.84,7.64,0.00,99.21,0,-126.00,-17.00,0.00,0.00,10.00,0.00,0,125
34.10,1544519356,445.27,51.49058692,7.41709176,156.42,6.63,0.00,76.01,0,-110.00,-18.00,0.00,0.00,27.00,0.00,0,384
34.10,1544519356,445.27,51.49058692,7.41709176,156.42,6.63,0.00,76.01,0,-112.00,-18.00,0.00,0.00,26.00,0.00,0,137
34.10,1544519356,445.28,51.49058692,7.41709176,156.42,6.63,0.00,76.01,0,-112.00,-20.00,0.00,0.00,27.00,0.00,0,158
34.10,1544519356,445.29,51.49058692,7.41709176,156.42,6.63,0.00,76.01,0,-112.00,-20.00,0.00,0.00,27.00,0.00,0,91
34.10,1544519356,445.29,51.49058692,7.41709176,156.42,6.63,0.00,76.01,0,-113.00,-19.00,0.00,0.00,27.00,0.00,0,333
34.10,1544519356,445.29,51.49058692,7.41709176,156.42,6.63,0.00,76.01,0,-109.00,-10.00,0.00,0.00,24.00,0.00,0,347
34.10,1544519356,445.30,51.49058692,7.41709176,156.42,6.63,0.00,76.01,0,-109.00,-12.00,0.00,0.00,25.00,0.00,0,385
34.10,1544519356,445.31,51.49058692,7.41709176,156.42,6.63,0.00,76.01,0,-123.00,-14.00,0.00,0.00,11.00,0.00,0,337
34.10,1544519356,445.31,51.49058692,7.41709176,156.42,6.63,0.00,76.01,0,-125.00,-16.00,0.00,0.00,10.00,0.00,0,196
34.10,1544519356,445.31,51.49058692,7.41709176,156.42,6.63,0.00,76.01,0,-125.00,-16.00,0.00,0.00,10.00,0.00,0,58
34.10,1544519356,445.32,51.49058692,7.41709176,156.42,6.63,0.00,76.01,0,-126.00,-17.00,0.00,0.00,10.00,0.00,0,125
35.11,1544519357,452.02,51.49061535,7.41716468,156.25,6.44,0.00,49.64,0,-110.00,-16.00,0.00,0.00,26.00,0.00,0,137
35.11,1544519357,452.02,51.49061535,7.41716468,156.25,6.44,0.00,49.64,0,-112.00,-18.00,0.00,0.00,26.00,0.00,0,333
35.11,1544519357,452.02,51.49061535,7.41716468,156.25,6.44,0.00,49.64,0,-112.00,-18.00,0.00,0.00,27.00,0.00,0,136
35.11,1544519357,452.03,51.49061535,7.41716468,156.25,6.44,0.00,49.64,0,-112.00,-19.00,0.00,0.00,27.00,0.00,0,91
35.11,1544519357,452.03,51.49061535,7.41716468,156.25,6.44,0.00,49.64,0,-112.00,-19.00,0.00,0.00,27.00,0.00,0,384
35.11,1544519357,452.03,51.49061535,7.41716468,156.25,6.44,0.00,49.64,0,-112.00,-19.00,0.00,0.00,27.00,0.00,0,158
35.12,1544519357,452.04,51.49061535,7.41716468,156.25,6.44,0.00,49.64,0,-112.00,-19.00,0.00,0.00,27.00,0.00,0,390
35.12,1544519357,452.05,51.49061535,7.41716468,156.25,6.44,0.00,49.64,0,-113.00,-20.00,0.00,0.00,28.00,0.00,0,171
35.12,1544519357,452.05,51.49061535,7.41716468,156.25,6.44,0.00,49.64,0,-113.00,-20.00,0.00,0.00,28.00,0.00,0,104
35.12,1544519357,452.05,51.49061535,7.41716468,156.25,6.44,0.00,49.64,0,-114.00,-20.00,0.00,0.00,26.00,0.00,0,335
35.12,1544519357,452.06,51.49061535,7.41716468,156.25,6.44,0.00,49.64,0,-111.00,-9.00,0.00,0.00,17.00,0.00,0,385
35.12,1544519357,452.07,51.49061535,7.41716468,156.25,6.44,0.00,49.64,0,-113.00,-11.00,0.00,0.00,18.00,0.00,0,347
35.12,1544519357,452.07,51.49061535,7.41716468,156.25,6.44,0.00,49.64,0,-125.00,-14.00,0.00,0.00,9.00,0.00,0,125
35.12,1544519357,452.07,51.49061535,7.41716468,156.25,6.44,0.00,49.64,0,-127.00,-16.00,0.00,0.00,9.00,0.00,0,197
35.12,1544519357,452.08,51.49061535,7.41716468,156.25,6.44,0.00,49.64,0,-127.00,-17.00,0.00,0.00,9.00,0.00,0,337
35.12,1544519357,452.09,51.49061535,7.41716468,156.25,6.44,0.00,49.64,0,-128.00,-19.00,0.00,0.00,9.00,0.00,0,118
36.10,1544519358,458.38,51.49066158,7.41719909,156.01,7.80,0.00,17.64,0,-110.00,-16.00,0.00,0.00,26.00,0.00,0,137
36.10,1544519358,458.39,51.49066158,7.41719909,156.01,7.80,0.00,17.64,0,-112.00,-18.00,0.00,0.00,26.00,0.00,0,333
36.10,1544519358,458.39,51.49066158,7.41719909,156.01,7.80,0.00,17.64,0,-112.00,-18.00,0.00,0.00,27.00,0.00,0,136
36.10,1544519358,458.40,51.49066158,7.41719909,156.01,7.80,0.00,17.64,0,-112.00,-19.00,0.00,0.00,27.00,0.00,0,91
36.10,1544519358,458.41,51.49066158,7.41719909,156.01,7.80,0.00,17.64,0,-112.00,-19.00,0.00,0.00,27.00,0.00,0,384
36.10,1544519358,458.41,51.49066158,7.41719909,156.01,7.80,0.00,17.64,0,-112.00,-19.00,0.00,0.00,27.00,0.00,0,158
36.10,1544519358,458.42,51.49066158,7.41719909,156.01,7.80,0.00,17.64,0,-112.00,-19.00,0.00,0.00,27.00,0.00,0,390
36.10,1544519358,458.42,51.49066158,7.41719909,156.01,7.80,0.00,17.64,0,-113.00,-20.00,0.00,0.00,28.00,0.00,0,171
36.10,1544519358,458.42,51.49066158,7.41719909,156.01,7.80,0.00,17.64,0,-113.00,-20.00,0.00,0.00,28.00,0.00,0,104
36.11,1544519358,458.43,51.49066158,7.41719909,156.01,7.80,0.00,17.64,0,-114.00,-20.00,0.00,0.00,26.00,0.00,0,335
36.11,1544519358,458.44,51.49066158,7.41719909,156.01,7.80,0.00,17.64,0,-111.00,-9.00,0.00,0.00,17.00,0.00,0,385
36.11,1544519358,458.44,51.49066158,7.41719909,156.01,7.80,0.00,17.64,0,-113.00,-11.00,0.00,0.00,18.00,0.00,0,347
36.11,1544519358,458.45,51.49066158,7.41719909,156.01,7.80,0.00,17.64,0,-125.00,-14.00,0.00,0.00,9.00,0.00,0,125
36.11,1544519358,458.45,51.49066158,7.41719909,156.01,7.80,0.00,17.64,0,-127.00,-16.00,0.00,0.00,9.00,0.00,0,197
36.11,1544519358,458.45,51.49066158,7.41719909,156.01,7.80,0.00,17.64,0,-127.00,-17.00,0.00,0.00,9.00,0.00,0,337
36.11,1544519358,458.46,51.49066158,7.41719909,156.01,7.80,0.00,17.64,0,-128.00,-19.00,0.00,0.00,9.00,0.00,0,118
37.10,1544519359,466.18,51.49072204,7.41721572,155.84,9.00,0.00,357.87,0,-110.00,-16.00,0.00,0.00,26.00,0.00,0,137
37.10,1544519359,466.18,51.49072204,7.41721572,155.84,9.00,0.00,357.87,0,-112.00,-18.00,0.00,0.00,26.00,0.00,0,333
37.10,1544519359,466.19,51.49072204,7.41721572,155.84,9.00,0.00,357.87,0,-112.00,-18.00,0.00,0.00,27.00,0.00,0,136
37.10,1544519359,466.20,51.49072204,7.41721572,155.84,9.00,0.00,357.87,0,-112.00,-19.00,0.00,0.00,27.00,0.00,0,91
37.10,1544519359,466.21,51.49072204,7.41721572,155.84,9.00,0.00,357.87,0,-112.00,-19.00,0.00,0.00,27.00,0.00,0,384
37.10,1544519359,466.21,51.49072204,7.41721572,155.84,9.00,0.00,357.87,0,-112.00,-19.00,0.00,0.00,27.00,0.00,0,158
37.10,1544519359,466.22,51.49072204,7.41721572,155.84,9.00,0.00,357.87,0,-112.00,-19.00,0.00,0.00,27.00,0.00,0,390
37.10,1544519359,466.22,51.49072204,7.41721572,155.84,9.00,0.00,357.87,0,-113.00,-20.00,0.00,0.00,28.00,0.00,0,171
37.10,1544519359,466.22,51.49072204,7.41721572,155.84,9.00,0.00,357.87,0,-113.00,-20.00,0.00,0.00,28.00,0.00,0,104
37.10,1544519359,466.23,51.49072204,7.41721572,155.84,9.00,0.00,357.87,0,-114.00,-20.00,0.00,0.00,26.00,0.00,0,335
37.11,1544519359,466.24,51.49072204,7.41721572,155.84,9.00,0.00,357.87,0,-111.00,-9.00,0.00,0.00,17.00,0.00,0,385
37.11,1544519359,466.24,51.49072204,7.41721572,155.84,9.00,0.00,357.87,0,-113.00,-11.00,0.00,0.00,18.00,0.00,0,347
37.11,1544519359,466.25,51.49072204,7.41721572,155.84,9.00,0.00,357.87,0,-125.00,-14.00,0.00,0.00,9.00,0.00,0,125
37.11,1544519359,466.26,51.49072204,7.41721572,155.84,9.00,0.00,357.87,0,-127.00,-16.00,0.00,0.00,9.00,0.00,0,197
37.11,1544519359,466.26,51.49072204,7.41721572,155.84,9.00,0.00,357.87,0,-127.00,-17.00,0.00,0.00,9.00,0.00,0,337
37.11,1544519359,466.27,51.49072204,7.41721572,155.84,9.00,0.00,357.87,0,-128.00,-19.00,0.00,0.00,9.00,0.00,0,118
38.10,1544519360,475.19,51.49082124,7.41719940,155.50,9.68,0.00,355.89,0,-112.00,-19.00,0.00,0.00,26.00,0.00,0,384
38.10,1544519360,475.20,51.49082124,7.41719940,155.50,9.68,0.00,355.89,0,-112.00,-17.00,0.00,0.00,26.00,0.00,0,333
38.10,1544519360,475.21,51.49082124,7.41719940,155.50,9.68,0.00,355.89,0,-113.00,-18.00,0.00,0.00,26.00,0.00,0,390
38.10,1544519360,475.21,51.49082124,7.41719940,155.50,9.68,0.00,355.89,0,-113.00,-18.00,0.00,0.00,26.00,0.00,0,137
38.10,1544519360,475.23,51.49082124,7.41719940,155.50,9.68,0.00,355.89,0,-114.00,-19.00,0.00,0.00,26.00,0.00,0,104
38.10,1544519360,475.23,51.49082124,7.41719940,155.50,9.68,0.00,355.89,0,-114.00,-20.00,0.00,0.00,26.00,0.00,0,136
38.11,1544519360,475.24,51.49082124,7.41719940,155.50,9.68,0.00,355.89,0,-114.00,-19.00,0.00,0.00,25.00,0.00,0,91
38.11,1544519360,475.24,51.49082124,7.41719940,155.50,9.68,0.00,355.89,0,-114.00,-20.00,0.00,0.00,26.00,0.00,0,158
38.11,1544519360,475.25,51.49082124,7.41719940,155.50,9.68,0.00,355.89,0,-116.00,-20.00,0.00,0.00,25.00,0.00,0,335
38.11,1544519360,475.26,51.49082124,7.41719940,155.50,9.68,0.00,355.89,0,-110.00,-11.00,0.00,0.00,18.00,0.00,0,347
38.11,1544519360,475.26,51.49082124,7.41719940,155.50,9.68,0.00,355.89,0,-111.00,-10.00,0.00,0.00,19.00,0.00,0,385
38.11,1544519360,475.27,51.49082124,7.41719940,155.50,9.68,0.00,355.89,0,-116.00,-16.00,0.00,0.00,19.00,0.00,0,113
38.11,1544519360,475.28,51.49082124,7.41719940,155.50,9.68,0.00,355.89,0,-125.00,-14.00,0.00,0.00,9.00,0.00,0,125
38.11,1544519360,475.28,51.49082124,7.41719940,155.50,9.68,0.00,355.89,0,-126.00,-16.00,0.00,0.00,9.00,0.00,0,196
38.11,1544519360,475.29,51.49082124,7.41719940,155.50,9.68,0.00,355.89,0,-127.00,-16.00,0.00,0.00,9.00,0.00,0,197
39.10,1544519361,484.85,51.49091090,7.41717350,155.37,11.85,0.00,353.54,0,-112.00,-19.00,0.00,0.00,26.00,0.00,0,384
39.10,1544519361,484.86,51.49091090,7.41717350,155.37,11.85,0.00,353.54,0,-112.00,-17.00,0.00,0.00,26.00,0.00,0,333
39.10,1544519361,484.86,51.49091090,7.41717350,155.37,11.85,0.00,353.54,0,-113.00,-18.00,0.00,0.00,26.00,0.00,0,390
39.10,1544519361,484.88,51.49091090,7.41717350,155.37,11.85,0.00,353.54,0,-113.00,-18.00,0.00,0.00,26.00,0.00,0,137
39.10,1544519361,484.89,51.49091090,7.41717350,155.37,11.85,0.00,353.54,0,-114.00,-19.00,0.00,0.00,26.00,0.00,0,104
39.10,1544519361,484.89,51.49091090,7.41717350,155.37,11.85,0.00,353.54,0,-114.00,-20.00,0.00,0.00,26.00,0.00,0,136
39.10,1544519361,484.90,51.49091090,7.41717350,155.37,11.85,0.00,353.54,0,-114.00,-19.00,0.00,0.00,25.00,0.00,0,91
39.10,1544519361,484.91,51.49091090,7.41717350,155.37,11.85,0.00,353.54,0,-114.00,-20.00,0.00,0.00,26.00,0.00,0,158
39.10,1544519361,484.92,51.49091090,7.41717350,155.37,11.85,0.00,353.54,0,-116.00,-20.00,0.00,0.00,25.00,0.00,0,335
39.10,1544519361,484.92,51.49091090,7.41717350,155.37,11.85,0.00,353.54,0,-110.00,-11.00,0.00,0.00,18.00,0.00,0,347
39.10,1544519361,484.93,51.49091090,7.41717350,155.37,11.85,0.00,353.54,0,-111.00,-10.00,0.00,0.00,19.00,0.00,0,385
39.11,1544519361,484.95,51.49091090,7.41717350,155.37,11.85,0.00,353.54,0,-116.00,-16.00,0.00,0.00,19.00,0.00,0,113
39.11,1544519361,484.95,51.49091090,7.41717350,155.37,11.85,0.00,353.54,0,-125.00,-14.00,0.00,0.00,9.00,0.00,0,125
39.11,1544519361,484.96,51.49091090,7.41717350,155.37,11.85,0.00,353.54,0,-126.00,-16.00,0.00,0.00,9.00,0.00,0,196
39.11,1544519361,484.97,51.49091090,7.41717350,155.37,11.85,0.00,353.54,0,-127.00,-16.00,0.00,0.00,9.00,0.00,0,197
40.09,1544519362,496.67,51.49101775,7.41714435,155.33,11.79,0.00,352.04,0,-110.00,-17.00,0.00,0.00,26.00,0.00,0,333
40.10,1544519362,496.68,51.49101775,7.41714435,155.33,11.79,0.00,352.04,0,-111.00,-18.00,0.00,0.00,26.00,0.00,0,384
40.10,1544519362,496.68,51.49101775,7.41714435,155.33,11.79,0.00,352.04,0,-111.00,-18.00,0.00,0.00,27.00,0.00,0,137
40.10,1544519362,496.69,51.49101775,7.41714435,155.33,11.79,0.00,352.04,0,-113.00,-18.00,0.00,0.00,27.00,0.00,0,390
40.10,1544519362,496.70,51.49101775,7.41714435,155.33,11.79,0.00,352.04,0,-114.00,-20.00,0.00,0.00,27.00,0.00,0,335
40.10,1544519362,496.71,51.49101775,7.41714435,155.33,11.79,0.00,352.04,0,-111.00,-10.00,0.00,0.00,17.00,0.00,0,347
40.10,1544519362,496.71,51.49101775,7.41714435,155.33,11.79,0.00,352.04,0,-115.00,-12.00,0.00,0.00,17.00,0.00,0,385
40.10,1544519362,496.72,51.49101775,7.41714435,155.33,11.79,0.00,352.04,0,-121.00,-13.00,0.00,0.00,10.00,0.00,0,125
40.10,1544519362,496.74,51.49101775,7.41714435,155.33,11.79,0.00,352.04,0,-123.00,-14.00,0.00,0.00,11.00,0.00,0,58
40.10,1544519362,496.75,51.49101775,7.41714435,155.33,11.79,0.00,352.04,0,-124.00,-15.00,0.00,0.00,11.00,0.00,0,196
41.09,1544519363,508.38,51.49113001,7.41711095,155.41,11.89,0.00,351.20,0,-110.00,-17.00,0.00,0.00,26.00,0.00,0,333
41.09,1544519363,508.38,51.49113001,7.41711095,155.41,11.89,0.00,351.20,0,-111.00,-18.00,0.00,0.00,26.00,0.00,0,384
41.09,1544519363,508.38,51.49113001,7.41711095,155.41,11.89,0.00,351.20,0,-111.00,-18.00,0.00,0.00,27.00,0.00,0,137
41.09,1544519363,508.40,51.49113001,7.41711095,155.41,11.89,0.00,351.20,0,-113.00,-18.00,0.00,0.00,27.00,0.00,0,390
41.09,1544519363,508.40,51.49113001,7.41711095,155.41,11.89,0.00,351.20,0,-114.00,-20.00,0.00,0.00,27.00,0.00,0,335
41.09,1544519363,508.40,51.49113001,7.41711095,155.41,11.89,0.00,351.20,0,-111.00,-10.00,0.00,0.00,17.00,0.00,0,347
41.09,1544519363,508.41,51.49113001,7.41711095,155.41,11.89,0.00,351.20,0,-115.00,-12.00,0.00,0.00,17.00,0.00,0,385
41.09,1544519363,508.41,51.49113001,7.41711095,155.41,11.89,0.00,351.20,0,-121.00,-13.00,0.00,0.00,10.00,0.00,0,125
41.09,1544519363,508.41,51.49113001,7.41711095,155.41,11.89,0.00,351.20,0,-123.00,-14.00,0.00,0.00,11.00,0.00,0,58
41.09,1544519363,508.42,51.49113001,7.41711095,155.41,11.89,0.00,351.20,0,-124.00,-15.00,0.00,0.00,11.00,0.00,0,196
42.09,1544519364,520.32,51.49124544,7.41707074,155.51,12.15,0.00,350.40,0,-108.00,-18.00,0.00,0.00,29.00,0.00,0,384
42.09,1544519364,520.33,51.49124544,7.41707074,155.51,12.15,0.00,350.40,0,-110.00,-18.00,0.00,0.00,29.00,0.00,0,390
42.09,1544519364,520.35,51.49124544,7.41707074,155.51,12.15,0.00,350.40,0,-110.00,-20.00,0.00,0.00,30.00,0.00,0,333
42.09,1544519364,520.35,51.49124544,7.41707074,155.51,12.15,0.00,350.40,0,-119.00,-11.00,0.00,0.00,13.00,0.00,0,125
42.10,1544519364,520.36,51.49124544,7.41707074,155.51,12.15,0.00,350.40,0,-123.00,-16.00,0.00,0.00,12.00,0.00,0,196
42.10,1544519364,520.37,51.49124544,7.41707074,155.51,12.15,0.00,350.40,0,-110.00,-10.00,0.00,0.00,20.00,0.00,0,347
42.10,1544519364,520.37,51.49124544,7.41707074,155.51,12.15,0.00,350.40,0,-111.00,-12.00,0.00,0.00,20.00,0.00,0,385
42.10,1544519364,520.38,51.49124544,7.41707074,155.51,12.15,0.00,350.40,0,-115.00,-16.00,0.00,0.00,21.00,0.00,0,251
43.09,1544519365,532.39,51.49135007,7.41703467,155.43,11.44,0.00,349.52,0,-108.00,-18.00,0.00,0.00,29.00,0.00,0,384
43.09,1544519365,532.41,51.49135007,7.41703467,155.43,11.44,0.00,349.52,0,-110.00,-18.00,0.00,0.00,29.00,0.00,0,390
43.09,1544519365,532.41,51.49135007,7.41703467,155.43,11.44,0.00,349.52,0,-110.00,-20.00,0.00,0.00,30.00,0.00,0,333
43.09,1544519365,532.41,51.49135007,7.41703467,155.43,11.44,0.00,349.52,0,-119.00,-11.00,0.00,0.00,13.00,0.00,0,125
43.09,1544519365,532.42,51.49135007,7.41703467,155.43,11.44,0.00,349.52,0,-123.00,-16.00,0.00,0.00,12.00,0.00,0,196
43.09,1544519365,532.42,51.49135007,7.41703467,155.43,11.44,0.00,349.52,0,-110.00,-10.00,0.00,0.00,20.00,0.00,0,347
43.09,1544519365,532.43,51.49135007,7.41703467,155.43,11.44,0.00,349.52,0,-111.00,-12.00,0.00,0.00,20.00,0.00,0,385
43.09,1544519365,532.43,51.49135007,7.41703467,155.43,11.44,0.00,349.52,0,-115.00,-16.00,0.00,0.00,21.00,0.00,0,251
44.09,1544519366,543.88,51.49144650,7.41699356,155.45,12.28,0.00,348.81,0,-110.00,-12.00,0.00,0.00,20.00,0.00,0,216
44.09,1544519366,543.89,51.49144650,7.41699356,155.45,12.28,0.00,348.81,0,-112.00,-12.00,0.00,0.00,19.00,0.00,0,385
44.09,1544519366,543.90,51.49144650,7.41699356,155.45,12.28,0.00,348.81,0,-108.00,-12.00,0.00,0.00,24.00,0.00,0,385
44.09,1544519366,543.90,51.49144650,7.41699356,155.45,12.28,0.00,348.81,0,-109.00,-14.00,0.00,0.00,24.00,0.00,0,390
45.09,1544519367,556.18,51.49155302,7.41694675,155.45,12.53,0.00,347.73,0,-110.00,-12.00,0.00,0.00,20.00,0.00,0,216
45.09,1544519367,556.19,51.49155302,7.41694675,155.45,12.53,0.00,347.73,0,-112.00,-12.00,0.00,0.00,19.00,0.00,0,385
45.09,1544519367,556.19,51.49155302,7.41694675,155.45,12.53,0.00,347.73,0,-108.00,-12.00,0.00,0.00,24.00,0.00,0,385
45.09,1544519367,556.21,51.49155302,7.41694675,155.45,12.53,0.00,347.73,0,-109.00,-14.00,0.00,0.00,24.00,0.00,0,390
46.09,1544519368,568.71,51.49164938,7.41690372,155.57,12.09,0.00,346.27,0,-111.00,-11.00,0.00,0.00,19.00,0.00,0,216
46.09,1544519368,568.71,51.49164938,7.41690372,155.57,12.09,0.00,346.27,0,-112.00,-12.00,0.00,0.00,20.00,0.00,0,385
46.09,1544519368,568.72,51.49164938,7.41690372,155.57,12.09,0.00,346.27,0,-107.00,-13.00,0.00,0.00,25.00,0.00,0,385
46.09,1544519368,568.73,51.49164938,7.41690372,155.57,12.09,0.00,346.27,0,-110.00,-15.00,0.00,0.00,25.00,0.00,0,390
47.09,1544519369,580.77,51.49174594,7.41685054,155.75,11.73,0.00,344.29,0,-111.00,-11.00,0.00,0.00,19.00,0.00,0,216
47.09,1544519369,580.77,51.49174594,7.41685054,155.75,11.73,0.00,344.29,0,-112.00,-12.00,0.00,0.00,20.00,0.00,0,385
47.09,1544519369,580.79,51.49174594,7.41685054,155.75,11.73,0.00,344.29,0,-107.00,-13.00,0.00,0.00,25.00,0.00,0,385
47.09,1544519369,580.80,51.49174594,7.41685054,155.75,11.73,0.00,344.29,0,-110.00,-15.00,0.00,0.00,25.00,0.00,0,390
48.09,1544519370,592.50,51.49183797,7.41679206,156.19,11.78,0.00,341.96,0,-109.00,-11.00,0.00,0.00,21.00,0.00,0,385
48.09,1544519370,592.51,51.49183797,7.41679206,156.19,11.78,0.00,341.96,0,-111.00,-15.00,0.00,0.00,22.00,0.00,0,289
48.09,1544519370,592.53,51.49183797,7.41679206,156.19,11.78,0.00,341.96,0,-115.00,-13.00,0.00,0.00,19.00,0.00,0,216
48.09,1544519370,592.54,51.49183797,7.41679206,156.19,11.78,0.00,341.96,0,-107.00,-14.00,0.00,0.00,26.00,0.00,0,136
48.09,1544519370,592.54,51.49183797,7.41679206,156.19,11.78,0.00,341.96,0,-109.00,-15.00,0.00,0.00,27.00,0.00,0,385
49.09,1544519371,604.28,51.49192496,7.41672903,156.66,11.54,0.00,338.95,0,-109.00,-11.00,0.00,0.00,21.00,0.00,0,385
49.09,1544519371,604.29,51.49192496,7.41672903,156.66,11.54,0.00,338.95,0,-111.00,-15.00,0.00,0.00,22.00,0.00,0,289
49.09,1544519371,604.29,51.49192496,7.41672903,156.66,11.54,0.00,338.95,0,-115.00,-13.00,0.00,0.00,19.00,0.00,0,216
49.09,1544519371,604.30,51.49192496,7.41672903,156.66,11.54,0.00,338.95,0,-107.00,-14.00,0.00,0.00,26.00,0.00,0,136
49.09,1544519371,604.31,51.49192496,7.41672903,156.66,11.54,0.00,338.95,0,-109.00,-15.00,0.00,0.00,27.00,0.00,0,385
50.09,1544519372,615.78,51.49203711,7.41664396,157.07,11.56,0.00,336.15,0,-108.00,-11.00,0.00,0.00,33.00,0.00,0,289
51.09,1544519373,627.33,51.49214223,7.41655132,156.44,12.32,0.00,334.05,0,-108.00,-11.00,0.00,0.00,33.00,0.00,0,289
52.09,1544519374,639.66,51.49223240,7.41647199,156.50,12.79,0.00,332.57,0,-111.00,-12.00,0.00,0.00,34.00,0.00,0,289
53.08,1544519375,652.40,51.49233442,7.41638454,156.33,12.82,0.00,332.92,0,-111.00,-12.00,0.00,0.00,34.00,0.00,0,289
136.09,1544519458,1668.34,51.49309983,7.40457907,163.38,14.31,0.00,258.12,0,-110.00,-10.00,0.00,0.00,21.00,0.00,0,356
137.09,1544519459,1682.65,51.49307457,7.40437856,162.98,14.24,0.00,258.23,0,-110.00,-10.00,0.00,0.00,21.00,0.00,0,356
138.09,1544519460,1696.90,51.49304802,7.40417269,162.64,13.90,0.00,258.69,0,-104.00,-9.00,0.00,0.00,23.00,0.00,0,356
138.09,1544519460,1696.92,51.49304802,7.40417269,162.64,13.90,0.00,258.69,0,-111.00,-15.00,0.00,0.00,23.00,0.00,0,355
139.09,1544519461,1710.78,51.49302362,7.40397883,162.40,13.71,0.00,259.06,0,-104.00,-9.00,0.00,0.00,23.00,0.00,0,356
139.09,1544519461,1710.80,51.49302362,7.40397883,162.40,13.71,0.00,259.06,0,-111.00,-15.00,0.00,0.00,23.00,0.00,0,355
142.08,1544519464,1751.23,51.49298484,7.40339853,162.11,13.54,0.00,265.17,0,-112.00,-17.00,0.00,0.00,24.00,0.00,0,356
143.08,1544519465,1764.76,51.49298279,7.40320897,161.94,13.55,0.00,267.03,0,-112.00,-17.00,0.00,0.00,24.00,0.00,0,356
149.09,1544519471,1834.19,51.49297993,7.40227174,160.44,7.20,0.00,267.83,0,-106.00,-9.00,0.00,0.00,21.00,0.00,0,356
149.09,1544519471,1834.19,51.49297993,7.40227174,160.44,7.20,0.00,267.83,0,-113.00,-14.00,0.00,0.00,21.00,0.00,0,355
150.09,1544519472,1841.38,51.49297972,7.40217649,160.23,5.23,0.00,269.21,0,-106.00,-9.00,0.00,0.00,21.00,0.00,0,356
150.09,1544519472,1841.38,51.49297972,7.40217649,160.23,5.23,0.00,269.21,0,-113.00,-14.00,0.00,0.00,21.00,0.00,0,355
151.09,1544519473,1846.61,51.49298355,7.40211657,160.22,3.70,0.00,269.89,0,-114.00,-12.00,0.00,0.00,26.00,0.00,0,356
152.08,1544519474,1850.29,51.49298735,7.40209239,160.20,1.22,0.00,269.89,0,-114.00,-12.00,0.00,0.00,26.00,0.00,0,356
189.09,1544519511,1864.84,51.49281880,7.40180066,159.68,8.39,0.00,189.02,0,-116.00,-12.00,0.00,0.00,17.00,0.00,0,356
190.09,1544519512,1873.22,51.49273965,7.40178380,159.81,9.15,0.00,187.38,0,-116.00,-12.00,0.00,0.00,17.00,0.00,0,356
191.09,1544519513,1882.38,51.49264257,7.40177531,159.80,11.03,0.00,184.97,0,-115.00,-15.00,0.00,0.00,20.00,0.00,0,356
192.08,1544519514,1893.36,51.49254837,7.40176927,160.12,11.49,0.00,183.37,0,-115.00,-15.00,0.00,0.00,20.00,0.00,0,356
193.09,1544519515,1904.93,51.49245296,7.40177249,160.18,11.41,0.00,181.94,0,-113.00,-18.00,0.00,0.00,25.00,0.00,0,356
194.09,1544519516,1916.30,51.49235539,7.40177743,160.11,11.72,0.00,179.95,0,-113.00,-18.00,0.00,0.00,25.00,0.00,0,356
195.09,1544519517,1928.00,51.49223916,7.40178451,160.27,12.17,0.00,179.21,0,-116.00,-17.00,0.00,0.00,20.00,0.00,0,356
196.09,1544519518,1940.19,51.49212709,7.40178764,160.48,12.61,0.00,180.74,0,-116.00,-17.00,0.00,0.00,20.00,0.00,0,356
197.09,1544519519,1952.80,51.49200824,7.40178765,160.81,12.96,0.00,181.49,0,-115.00,-16.00,0.00,0.00,20.00,0.00,0,356
198.09,1544519520,1965.76,51.49189332,7.40178509,161.05,13.38,0.00,181.89,0,-115.00,-16.00,0.00,0.00,20.00,0.00,0,356
199.09,1544519521,1979.13,51.49176685,7.40177863,161.38,13.52,0.00,181.91,0,-116.00,-14.00,0.00,0.00,19.00,0.00,0,356
200.09,1544519522,1992.65,51.49164854,7.40176867,161.82,13.75,0.00,181.40,0,-116.00,-14.00,0.00,0.00,19.00,0.00,0,356
201.09,1544519523,2006.42,51.49152025,7.40175665,162.70,13.78,0.00,181.52,0,-115.00,-17.00,0.00,0.00,22.00,0.00,0,356
202.09,1544519524,2020.20,51.49139556,7.40175352,163.54,13.87,0.00,181.30,0,-115.00,-17.00,0.00,0.00,22.00,0.00,0,356
203.09,1544519525,2034.09,51.49126983,7.40174849,164.42,13.95,0.00,180.79,0,-110.00,-17.00,0.00,0.00,27.00,0.00,0,356
203.09,1544519525,2034.10,51.49126983,7.40174849,164.42,13.95,0.00,180.79,0,-96.00,-12.00,0.00,0.00,35.00,0.00,0,38
203.09,1544519525,2034.12,51.49126983,7.40174849,164.42,13.95,0.00,180.79,0,-101.00,-18.00,0.00,0.00,36.00,0.00,0,209
203.09,1544519525,2034.13,51.49126983,7.40174849,164.42,13.95,0.00,180.79,0,-101.00,-18.00,0.00,0.00,36.00,0.00,0,207
204.09,1544519526,2048.06,51.49115068,7.40174438,165.02,14.00,0.00,180.74,0,-110.00,-17.00,0.00,0.00,27.00,0.00,0,356
204.09,1544519526,2048.08,51.49115068,7.40174438,165.02,14.00,0.00,180.74,0,-96.00,-12.00,0.00,0.00,35.00,0.00,0,38
204.09,1544519526,2048.09,51.49115068,7.40174438,165.02,14.00,0.00,180.74,0,-101.00,-18.00,0.00,0.00,36.00,0.00,0,209
204.09,1544519526,2048.11,51.49115068,7.40174438,165.02,14.00,0.00,180.74,0,-101.00,-18.00,0.00,0.00,36.00,0.00,0,207
205.09,1544519527,2062.00,51.49102835,7.40174565,165.35,14.19,0.00,180.19,0,-111.00,-10.00,0.00,0.00,19.00,0.00,0,356
206.09,1544519528,2076.19,51.49089968,7.40174926,165.72,14.18,0.00,180.54,0,-111.00,-10.00,0.00,0.00,19.00,0.00,0,356
207.10,1544519529,2090.49,51.49076318,7.40174553,166.61,14.28,0.00,180.39,0,-114.00,-11.00,0.00,0.00,17.00,0.00,0,356
208.09,1544519530,2104.66,51.49063578,7.40174217,167.24,14.39,0.00,180.44,0,-114.00,-11.00,0.00,0.00,17.00,0.00,0,356
209.09,1544519531,2119.04,51.49050350,7.40173965,168.04,14.42,0.00,180.58,0,-114.00,-11.00,0.00,0.00,17.00,0.00,0,356
210.09,1544519532,2133.46,51.49037406,7.40173652,168.58,14.53,0.00,180.29,0,-112.00,-11.00,0.00,0.00,20.00,0.00,0,356
211.09,1544519533,2147.99,51.49024621,7.40173782,169.06,14.20,0.00,179.82,0,-112.00,-11.00,0.00,0.00,20.00,0.00,0,356
212.08,1544519534,2162.15,51.49011702,7.40173642,169.74,13.16,0.00,179.39,0,-109.00,-10.00,0.00,0.00,22.00,0.00,0,356
213.08,1544519535,2175.30,51.49000563,7.40174428,170.13,12.81,0.00,179.06,0,-109.00,-10.00,0.00,0.00,22.00,0.00,0,356
214.08,1544519536,2188.11,51.48989685,7.40174604,170.50,11.92,0.00,178.57,0,-107.00,-14.00,0.00,0.00,26.00,0.00,0,356
215.09,1544519537,2200.07,51.48980749,7.40174712,170.55,9.76,0.00,179.48,0,-107.00,-14.00,0.00,0.00,26.00,0.00,0,356
216.09,1544519538,2209.84,51.48973466,7.40174277,170.84,7.42,0.00,180.08,0,-108.00,-11.00,0.00,0.00,20.00,0.00,0,356
217.09,1544519539,2217.25,51.48968157,7.40174337,170.89,5.66,0.00,181.02,0,-108.00,-11.00,0.00,0.00,20.00,0.00,0,356
218.09,1544519540,2222.92,51.48963826,7.40174552,170.87,3.55,0.00,180.60,0,-110.00,-10.00,0.00,0.00,20.00,0.00,0,356
218.09,1544519540,2222.93,51.48963826,7.40174552,170.87,3.55,0.00,180.60,0,-116.00,-16.00,0.00,0.00,20.00,0.00,0,355
219.09,1544519541,2226.47,51.48961964,7.40174508,170.82,0.72,0.00,180.60,0,-110.00,-10.00,0.00,0.00,20.00,0.00,0,356
219.09,1544519541,2226.47,51.48961964,7.40174508,170.82,0.72,0.00,180.60,0,-116.00,-16.00,0.00,0.00,20.00,0.00,0,355
220.09,1544519542,2227.18,51.48961964,7.40174508,170.81,0.00,0.00,180.60,0,-109.00,-8.00,0.00,0.00,18.00,0.00,0,356
221.09,1544519543,2227.18,51.48961964,7.40174508,170.80,0.00,0.00,180.60,0,-109.00,-8.00,0.00,0.00,18.00,0.00,0,356
222.09,1544519544,2227.18,51.48961964,7.40174508,170.80,0.00,0.00,180.60,0,-110.00,-9.00,0.00,0.00,18.00,0.00,0,356
223.09,1544519545,2227.18,51.48961964,7.40174508,170.80,0.00,0.00,180.60,0,-110.00,-9.00,0.00,0.00,18.00,0.00,0,356
224.09,1544519546,2227.18,51.48961964,7.40174508,170.79,0.00,0.00,180.60,0,-111.00,-10.00,0.00,0.00,18.00,0.00,0,356
225.09,1544519547,2227.18,51.48961964,7.40174508,170.79,0.00,0.00,180.60,0,-111.00,-10.00,0.00,0.00,18.00,0.00,0,356
226.09,1544519548,2227.18,51.48961964,7.40174508,170.78,0.00,0.00,180.60,0,-109.00,-9.00,0.00,0.00,18.00,0.00,0,356
227.09,1544519549,2227.18,51.48965680,7.40187700,176.60,0.00,0.00,180.60,0,-109.00,-9.00,0.00,0.00,18.00,0.00,0,356
228.10,1544519550,2227.18,51.48961964,7.40174508,170.78,0.00,0.00,180.60,0,-110.00,-10.00,0.00,0.00,19.00,0.00,0,356
229.09,1544519551,2227.18,51.48961964,7.40174508,170.77,0.00,0.00,180.60,0,-110.00,-10.00,0.00,0.00,19.00,0.00,0,356
230.09,1544519552,2227.18,51.48961964,7.40174508,170.77,0.00,0.00,180.60,0,-110.00,-10.00,0.00,0.00,19.00,0.00,0,356
231.09,1544519553,2227.18,51.48961964,7.40174508,170.77,0.00,0.00,180.60,0,-108.00,-9.00,0.00,0.00,20.00,0.00,0,356
232.09,1544519554,2227.18,51.48961964,7.40174508,170.76,0.00,0.00,180.60,0,-108.00,-9.00,0.00,0.00,20.00,0.00,0,356
233.08,1544519555,2227.18,51.48961964,7.40174508,170.75,0.00,0.00,180.60,0,-108.00,-11.00,0.00,0.00,22.00,0.00,0,356
234.09,1544519556,2227.18,51.48961964,7.40174508,170.75,0.00,0.00,180.60,0,-108.00,-11.00,0.00,0.00,22.00,0.00,0,356
235.09,1544519557,2227.18,51.48961964,7.40174508,170.74,0.00,0.00,180.60,0,-109.00,-9.00,0.00,0.00,19.00,0.00,0,356
236.09,1544519558,2227.18,51.48961964,7.40174508,170.74,0.00,0.00,180.60,0,-109.00,-9.00,0.00,0.00,19.00,0.00,0,356
237.09,1544519559,2227.18,51.48961964,7.40174508,170.67,0.00,0.00,180.10,0,-109.00,-9.00,0.00,0.00,18.00,0.00,0,356
238.09,1544519560,2227.18,51.48956139,7.40174652,170.61,0.00,0.00,180.85,0,-109.00,-9.00,0.00,0.00,18.00,0.00,0,356
239.09,1544519561,2227.19,51.48950976,7.40174355,170.45,4.37,0.00,181.29,0,-108.00,-8.00,0.00,0.00,19.00,0.00,0,356
240.09,1544519562,2231.57,51.48946931,7.40174265,170.22,4.73,0.00,179.81,0,-108.00,-8.00,0.00,0.00,19.00,0.00,0,356
241.09,1544519563,2236.32,51.48942623,7.40178879,170.33,5.41,0.00,140.86,0,-109.00,-8.00,0.00,0.00,22.00,0.00,0,356
242.08,1544519564,2241.69,51.48939734,7.40187389,170.56,6.44,0.00,105.30,0,-109.00,-8.00,0.00,0.00,22.00,0.00,0,356
243.08,1544519565,2248.13,51.48938604,7.40199829,170.42,8.50,0.00,101.42,0,-109.00,-11.00,0.00,0.00,20.00,0.00,0,356
244.09,1544519566,2256.69,51.48937365,7.40212636,170.86,9.74,0.00,97.85,0,-109.00,-11.00,0.00,0.00,20.00,0.00,0,356
245.09,1544519567,2266.42,51.48936678,7.40226201,171.30,10.49,0.00,95.38,0,-110.00,-9.00,0.00,0.00,18.00,0.00,0,356
246.09,1544519568,2276.91,51.48936452,7.40239995,171.37,11.35,0.00,93.88,0,-110.00,-9.00,0.00,0.00,18.00,0.00,0,356
247.09,1544519569,2288.27,51.48946290,7.40237390,171.18,12.06,0.00,93.34,0,-107.00,-9.00,0.00,0.00,20.00,0.00,0,356
248.09,1544519570,2300.33,51.48935997,7.40274915,170.90,12.66,0.00,92.33,0,-107.00,-9.00,0.00,0.00,20.00,0.00,0,356
249.10,1544519571,2313.08,51.48935923,7.40293377,170.66,13.02,0.00,91.55,0,-110.00,-8.00,0.00,0.00,18.00,0.00,0,356
250.09,1544519572,2326.00,51.48935963,7.40312712,170.47,13.59,0.00,90.96,0,-110.00,-8.00,0.00,0.00,18.00,0.00,0,356
251.09,1544519573,2339.58,51.48935969,7.40332861,170.30,13.41,0.00,90.03,0,-110.00,-8.00,0.00,0.00,18.00,0.00,0,356
252.09,1544519574,2353.01,51.48935972,7.40351729,170.31,13.29,0.00,90.35,0,-111.00,-10.00,0.00,0.00,19.00,0.00,0,356
252.09,1544519574,2353.02,51.48935972,7.40351729,170.31,13.29,0.00,90.35,0,-115.00,-15.00,0.00,0.00,19.00,0.00,0,289
253.09,1544519575,2366.29,51.48936016,7.40372347,170.24,13.36,0.00,90.74,0,-111.00,-10.00,0.00,0.00,19.00,0.00,0,356
253.09,1544519575,2366.30,51.48936016,7.40372347,170.24,13.36,0.00,90.74,0,-115.00,-15.00,0.00,0.00,19.00,0.00,0,289
254.09,1544519576,2379.65,51.48936010,7.40391195,170.30,13.83,0.00,90.77,0,-111.00,-10.00,0.00,0.00,19.00,0.00,0,356
255.09,1544519577,2393.48,51.48935822,7.40411979,170.57,14.07,0.00,90.96,0,-111.00,-10.00,0.00,0.00,19.00,0.00,0,356
256.08,1544519578,2407.48,51.48935648,7.40432552,170.96,13.92,0.00,90.85,0,-114.00,-13.00,0.00,0.00,19.00,0.00,0,356
256.08,1544519578,2407.50,51.48935648,7.40432552,170.96,13.92,0.00,90.85,0,-116.00,-15.00,0.00,0.00,19.00,0.00,0,289
257.09,1544519579,2421.48,51.48935641,7.40451332,171.23,13.43,0.00,90.78,0,-114.00,-13.00,0.00,0.00,19.00,0.00,0,356
257.09,1544519579,2421.49,51.48935641,7.40451332,171.23,13.43,0.00,90.78,0,-116.00,-15.00,0.00,0.00,19.00,0.00,0,289
258.09,1544519580,2434.93,51.48935535,7.40469950,171.48,13.03,0.00,90.88,0,-113.00,-19.00,0.00,0.00,25.00,0.00,0,289
258.09,1544519580,2434.94,51.48935535,7.40469950,171.48,13.03,0.00,90.88,0,-113.00,-18.00,0.00,0.00,25.00,0.00,0,356
259.09,1544519581,2447.95,51.48935548,7.40488879,171.67,12.71,0.00,90.43,0,-113.00,-19.00,0.00,0.00,25.00,0.00,0,289
259.09,1544519581,2447.96,51.48935548,7.40488879,171.67,12.71,0.00,90.43,0,-113.00,-18.00,0.00,0.00,25.00,0.00,0,356
260.09,1544519582,2460.69,51.48935714,7.40507476,171.89,12.36,0.00,89.66,0,-111.00,-14.00,0.00,0.00,22.00,0.00,0,356
260.09,1544519582,2460.70,51.48935714,7.40507476,171.89,12.36,0.00,89.66,0,-116.00,-17.00,0.00,0.00,23.00,0.00,0,385
260.09,1544519582,2460.72,51.48935714,7.40507476,171.89,12.36,0.00,89.66,0,-114.00,-18.00,0.00,0.00,24.00,0.00,0,358
260.10,1544519582,2460.73,51.48935714,7.40507476,171.89,12.36,0.00,89.66,0,-116.00,-20.00,0.00,0.00,24.00,0.00,0,263
261.09,1544519583,2473.03,51.48935923,7.40524724,172.06,12.23,0.00,89.04,0,-111.00,-14.00,0.00,0.00,22.00,0.00,0,356
261.09,1544519583,2473.04,51.48935923,7.40524724,172.06,12.23,0.00,89.04,0,-116.00,-17.00,0.00,0.00,23.00,0.00,0,385
261.09,1544519583,2473.06,51.48935923,7.40524724,172.06,12.23,0.00,89.04,0,-114.00,-18.00,0.00,0.00,24.00,0.00,0,358
261.09,1544519583,2473.06,51.48935923,7.40524724,172.06,12.23,0.00,89.04,0,-116.00,-20.00,0.00,0.00,24.00,0.00,0,263
262.09,1544519584,2485.24,51.48936346,7.40542217,172.26,12.31,0.00,87.91,0,-108.00,-14.00,0.00,0.00,27.00,0.00,0,356
263.08,1544519585,2497.50,51.48937254,7.40559439,172.65,12.50,0.00,85.96,0,-108.00,-14.00,0.00,0.00,27.00,0.00,0,356
268.09,1544519590,2561.00,51.48948343,7.40649159,174.33,12.29,0.00,78.06,0,-113.00,-10.00,0.00,0.00,16.00,0.00,0,337
269.11,1544519591,2573.55,51.48951076,7.40666201,174.64,12.10,0.00,77.31,0,-113.00,-10.00,0.00,0.00,16.00,0.00,0,337
270.10,1544519592,2585.49,51.48953957,7.40683516,174.98,12.02,0.00,78.03,0,-111.00,-9.00,0.00,0.00,18.00,0.00,0,337
270.10,1544519592,2585.50,51.48953957,7.40683516,174.98,12.02,0.00,78.03,0,-116.00,-14.00,0.00,0.00,18.00,0.00,0,316
271.09,1544519593,2597.45,51.48956175,7.40700060,175.12,12.08,0.00,79.25,0,-111.00,-9.00,0.00,0.00,18.00,0.00,0,337
271.09,1544519593,2597.46,51.48956175,7.40700060,175.12,12.08,0.00,79.25,0,-116.00,-14.00,0.00,0.00,18.00,0.00,0,316
272.09,1544519594,2609.46,51.48958384,7.40716428,175.00,11.79,0.00,79.98,0,-111.00,-9.00,0.00,0.00,18.00,0.00,0,337
272.09,1544519594,2609.46,51.48958384,7.40716428,175.00,11.79,0.00,79.98,0,-116.00,-14.00,0.00,0.00,18.00,0.00,0,316
273.09,1544519595,2621.25,51.48960476,7.40734150,175.00,11.22,0.00,79.58,0,-105.00,-7.00,0.00,0.00,21.00,0.00,0,337
273.09,1544519595,2621.26,51.48960476,7.40734150,175.00,11.22,0.00,79.58,0,-112.00,-13.00,0.00,0.00,20.00,0.00,0,256
274.09,1544519596,2632.47,51.48962297,7.40748988,175.03,9.96,0.00,78.65,0,-105.00,-7.00,0.00,0.00,21.00,0.00,0,337
274.09,1544519596,2632.48,51.48962297,7.40748988,175.03,9.96,0.00,78.65,0,-112.00,-13.00,0.00,0.00,20.00,0.00,0,256
275.09,1544519597,2642.46,51.48964698,7.40763045,175.23,9.86,0.00,76.52,0,-108.00,-7.00,0.00,0.00,18.00,0.00,0,337
276.09,1544519598,2652.32,51.48967488,7.40777150,175.42,9.93,0.00,75.42,0,-108.00,-7.00,0.00,0.00,18.00,0.00,0,337
277.09,1544519599,2662.24,51.48970666,7.40794179,175.67,9.97,0.00,77.36,0,-106.00,-7.00,0.00,0.00,20.00,0.00,0,337
278.09,1544519600,2672.22,51.48972234,7.40807642,175.76,10.79,0.00,80.06,0,-106.00,-7.00,0.00,0.00,20.00,0.00,0,337
279.09,1544519601,2683.03,51.48973939,7.40822749,175.88,11.44,0.00,80.04,0,-109.00,-14.00,0.00,0.00,27.00,0.00,0,385
279.09,1544519601,2683.04,51.48973939,7.40822749,175.88,11.44,0.00,80.04,0,-108.00,-7.00,0.00,0.00,18.00,0.00,0,337
279.09,1544519601,2683.04,51.48973939,7.40822749,175.88,11.44,0.00,80.04,0,-114.00,-10.00,0.00,0.00,16.00,0.00,0,125
280.09,1544519602,2694.47,51.48976103,7.40839813,175.82,12.55,0.00,79.15,0,-109.00,-14.00,0.00,0.00,27.00,0.00,0,385
280.09,1544519602,2694.47,51.48976103,7.40839813,175.82,12.55,0.00,79.15,0,-108.00,-7.00,0.00,0.00,18.00,0.00,0,337
280.09,1544519602,2694.48,51.48976103,7.40839813,175.82,12.55,0.00,79.15,0,-114.00,-10.00,0.00,0.00,16.00,0.00,0,125
281.09,1544519603,2707.02,51.48978500,7.40856561,175.58,13.26,0.00,78.68,0,-106.00,-14.00,0.00,0.00,27.00,0.00,0,385
281.09,1544519603,2707.03,51.48978500,7.40856561,175.58,13.26,0.00,78.68,0,-112.00,-8.00,0.00,0.00,17.00,0.00,0,337
281.09,1544519603,2707.04,51.48978500,7.40856561,175.58,13.26,0.00,78.68,0,-113.00,-10.00,0.00,0.00,16.00,0.00,0,125
282.09,1544519604,2720.27,51.48980807,7.40872538,174.93,13.29,0.00,78.34,0,-106.00,-14.00,0.00,0.00,27.00,0.00,0,385
282.09,1544519604,2720.27,51.48980807,7.40872538,174.93,13.29,0.00,78.34,0,-112.00,-8.00,0.00,0.00,17.00,0.00,0,337
282.09,1544519604,2720.29,51.48980807,7.40872538,174.93,13.29,0.00,78.34,0,-113.00,-10.00,0.00,0.00,16.00,0.00,0,125
283.09,1544519605,2733.56,51.48983381,7.40891891,174.32,13.38,0.00,78.02,0,-109.00,-12.00,0.00,0.00,22.00,0.00,0,385
283.09,1544519605,2733.57,51.48983381,7.40891891,174.32,13.38,0.00,78.02,0,-110.00,-8.00,0.00,0.00,17.00,0.00,0,337
283.09,1544519605,2733.59,51.48983381,7.40891891,174.32,13.38,0.00,78.02,0,-117.00,-13.00,0.00,0.00,16.00,0.00,0,125
284.09,1544519606,2746.94,51.48986110,7.40911432,173.85,13.42,0.00,77.60,0,-109.00,-12.00,0.00,0.00,22.00,0.00,0,385
284.09,1544519606,2746.96,51.48986110,7.40911432,173.85,13.42,0.00,77.60,0,-110.00,-8.00,0.00,0.00,17.00,0.00,0,337
284.09,1544519606,2746.97,51.48986110,7.40911432,173.85,13.42,0.00,77.60,0,-117.00,-13.00,0.00,0.00,16.00,0.00,0,125
285.09,1544519607,2760.37,51.48988869,7.40930679,173.29,13.55,0.00,77.58,0,-108.00,-12.00,0.00,0.00,23.00,0.00,0,385
285.09,1544519607,2760.39,51.48988869,7.40930679,173.29,13.55,0.00,77.58,0,-114.00,-8.00,0.00,0.00,14.00,0.00,0,337
285.09,1544519607,2760.39,51.48988869,7.40930679,173.29,13.55,0.00,77.58,0,-117.00,-11.00,0.00,0.00,13.00,0.00,0,125
286.09,1544519608,2773.94,51.48991527,7.40949106,172.59,13.61,0.00,77.76,0,-108.00,-12.00,0.00,0.00,23.00,0.00,0,385
286.09,1544519608,2773.95,51.48991527,7.40949106,172.59,13.61,0.00,77.76,0,-114.00,-8.00,0.00,0.00,14.00,0.00,0,337
286.09,1544519608,2773.96,51.48991527,7.40949106,172.59,13.61,0.00,77.76,0,-117.00,-11.00,0.00,0.00,13.00,0.00,0,125
287.09,1544519609,2787.53,51.48985100,7.40955930,171.99,13.55,0.00,78.14,0,-103.00,-13.00,0.00,0.00,28.00,0.00,0,385
287.09,1544519609,2787.54,51.48985100,7.40955930,171.99,13.55,0.00,78.14,0,-116.00,-8.00,0.00,0.00,12.00,0.00,0,337
287.09,1544519609,2787.55,51.48985100,7.40955930,171.99,13.55,0.00,78.14,0,-119.00,-13.00,0.00,0.00,12.00,0.00,0,125
288.09,1544519610,2801.10,51.48996616,7.40990808,171.54,13.67,0.00,78.74,0,-103.00,-13.00,0.00,0.00,28.00,0.00,0,385
288.09,1544519610,2801.11,51.48996616,7.40990808,171.54,13.67,0.00,78.74,0,-116.00,-8.00,0.00,0.00,12.00,0.00,0,337
288.09,1544519610,2801.12,51.48996616,7.40990808,171.54,13.67,0.00,78.74,0,-119.00,-13.00,0.00,0.00,12.00,0.00,0,125
289.09,1544519611,2814.77,51.48999269,7.41012331,171.15,13.80,0.00,79.31,0,-111.00,-15.00,0.00,0.00,22.00,0.00,0,385
289.09,1544519611,2814.77,51.48999269,7.41012331,171.15,13.80,0.00,79.31,0,-117.00,-9.00,0.00,0.00,11.00,0.00,0,337
289.09,1544519611,2814.78,51.48999269,7.41012331,171.15,13.80,0.00,79.31,0,-122.00,-14.00,0.00,0.00,11.00,0.00,0,125
290.09,1544519612,2828.55,51.49001446,7.41032111,170.89,13.61,0.00,78.36,0,-111.00,-15.00,0.00,0.00,22.00,0.00,0,385
290.09,1544519612,2828.56,51.49001446,7.41032111,170.89,13.61,0.00,78.36,0,-117.00,-9.00,0.00,0.00,11.00,0.00,0,337
290.09,1544519612,2828.57,51.49001446,7.41032111,170.89,13.61,0.00,78.36,0,-122.00,-14.00,0.00,0.00,11.00,0.00,0,125
291.10,1544519613,2842.26,51.49003478,7.41048964,170.43,13.54,0.00,77.95,0,-116.00,-9.00,0.00,0.00,13.00,0.00,0,337
292.09,1544519614,2855.68,51.49005606,7.41066258,170.06,13.48,0.00,77.75,0,-116.00,-9.00,0.00,0.00,13.00,0.00,0,337
293.08,1544519615,2869.10,51.49008146,7.41083317,169.16,13.24,0.00,77.51,0,-116.00,-9.00,0.00,0.00,13.00,0.00,0,337
