0.02,1544519015,0.00,51.49014553,7.41126690,166.32,12.10,0.00,78.10,1,-112.00,-9.00,8.00,7.00,17.00,71.00,13067274,289
1.02,1544519016,12.16,51.49017071,7.41144094,166.04,12.13,0.03,77.71,1,-112.00,-9.00,8.00,7.00,17.00,71.00,13067274,289
2.03,1544519017,24.39,51.49019569,7.41160706,165.99,11.87,-0.25,78.22,1,-114.00,-9.00,5.00,7.00,13.00,71.00,13067274,289
3.02,1544519018,36.14,51.49022068,7.41176469,165.78,11.96,0.09,78.41,1,-114.00,-9.00,5.00,7.00,13.00,71.00,13067274,289
4.02,1544519019,48.10,51.49024600,7.41192719,165.57,12.11,0.15,78.59,1,-114.00,-9.00,5.00,7.00,13.00,71.00,13067274,289
5.02,1544519020,60.19,51.49027167,7.41209832,165.28,12.51,0.40,78.14,1,-115.00,-11.00,4.00,8.00,12.00,71.00,13067274,289
6.02,1544519021,72.72,51.49029668,7.41228180,165.28,13.18,0.67,78.53,1,-115.00,-11.00,4.00,8.00,12.00,71.00,13067274,289
7.02,1544519022,85.88,51.49032253,7.41246484,165.00,13.53,0.35,78.30,1,-112.00,-10.00,10.00,8.00,16.00,71.00,13067274,289
8.02,1544519023,99.43,51.49035615,7.41267830,164.94,13.85,0.31,78.60,1,-112.00,-10.00,10.00,8.00,16.00,71.00,13067274,289
9.02,1544519024,113.31,51.49038759,7.41287791,164.91,14.06,0.21,78.18,1,-113.00,-10.00,0.00,7.00,14.00,71.00,13067274,289
10.02,1544519025,127.36,51.49041883,7.41309352,165.26,13.98,-0.08,78.24,1,-113.00,-10.00,0.00,7.00,14.00,71.00,13067274,289
11.02,1544519026,141.33,51.49044429,7.41328102,165.38,13.86,-0.12,78.10,1,-115.00,-10.00,4.00,7.00,14.00,71.00,13067274,289
12.02,1544519027,155.20,51.49046800,7.41347131,165.13,13.70,-0.16,78.38,1,-115.00,-10.00,4.00,7.00,14.00,71.00,13067274,289
13.02,1544519028,168.88,51.49049280,7.41366080,164.66,13.67,-0.03,78.87,1,-117.00,-13.00,0.00,7.00,16.00,71.00,13067274,289
14.02,1544519029,182.54,51.49051826,7.41385173,163.98,13.51,-0.16,78.43,1,-117.00,-13.00,0.00,7.00,16.00,71.00,13067274,289
15.02,1544519030,196.09,51.49054363,7.41405353,163.02,13.54,0.03,77.97,1,-120.00,-14.00,-4.00,5.00,12.00,71.00,13067274,289
16.02,1544519031,209.63,51.49056852,7.41424520,162.41,13.49,-0.05,77.83,1,-120.00,-14.00,-4.00,5.00,12.00,71.00,13067274,289
17.02,1544519032,223.10,51.49059039,7.41442697,161.91,13.62,0.13,78.46,nan,nan,nan,nan,nan,nan,nan,nan,nan
18.02,1544519033,236.71,51.49061250,7.41462087,161.38,13.85,0.23,79.15,nan,nan,nan,nan,nan,nan,nan,nan,nan
19.02,1544519034,250.56,51.49063273,7.41479965,160.66,13.68,-0.17,79.69,nan,nan,nan,nan,nan,nan,nan,nan,nan
20.02,1544519035,264.24,51.49065609,7.41500387,159.78,13.36,-0.32,80.59,nan,nan,nan,nan,nan,nan,nan,nan,nan
21.02,1544519036,277.60,51.49067345,7.41518831,159.02,13.06,-0.30,81.68,nan,nan,nan,nan,nan,nan,nan,nan,nan
22.02,1544519037,290.66,51.49068521,7.41536725,158.40,12.69,-0.37,82.79,nan,nan,nan,nan,nan,nan,nan,nan,nan
23.03,1544519038,303.49,51.49069465,7.41554829,158.08,12.32,-0.37,83.90,nan,nan,nan,nan,nan,nan,nan,nan,nan
24.02,1544519039,315.63,51.49070021,7.41573086,157.90,11.73,-0.60,85.57,nan,nan,nan,nan,nan,nan,nan,nan,nan
25.02,1544519040,327.42,51.49069916,7.41588440,157.62,10.27,-1.46,87.60,nan,nan,nan,nan,nan,nan,nan,nan,nan
26.02,1544519041,337.68,51.49069255,7.41601710,157.07,9.21,-1.06,89.95,nan,nan,nan,nan,nan,nan,nan,nan,nan
27.02,1544519042,346.87,51.49068362,7.41612814,156.53,7.15,-2.05,91.95,nan,nan,nan,nan,nan,nan,nan,nan,nan
28.02,1544519043,354.06,51.49067533,7.41623841,155.95,5.55,-1.59,94.02,1,-112.00,-18.00,-8.00,3.00,25.00,19.00,13532675,385
29.02,1544519044,359.61,51.49066700,7.41630896,155.90,4.13,-1.43,96.73,1,-112.00,-18.00,-8.00,3.00,25.00,19.00,13532675,385
30.02,1544519045,363.72,51.49065554,7.41635574,155.88,2.74,-1.39,99.54,1,-112.00,-11.00,2.00,9.00,15.00,17.00,12806666,385
31.02,1544519046,366.46,51.49065151,7.41638189,155.88,0.40,-2.34,99.54,1,-112.00,-11.00,2.00,9.00,15.00,17.00,12806666,385
32.02,1544519047,366.86,51.49065151,7.41638189,155.87,0.00,-0.40,99.54,1,-114.00,-14.00,0.00,2.00,30.00,17.00,12806666,385
33.02,1544519048,366.86,51.49065151,7.41638189,155.87,0.00,0.00,99.54,1,-114.00,-14.00,0.00,2.00,30.00,17.00,12806666,385
34.02,1544519049,366.86,51.49065151,7.41638189,155.86,0.00,0.00,99.54,1,-114.00,-11.00,-4.00,8.00,13.00,17.00,12806666,385
35.02,1544519050,366.86,51.49065151,7.41638189,155.84,0.00,0.00,99.54,1,-114.00,-11.00,-4.00,8.00,13.00,17.00,12806666,385
36.02,1544519051,366.86,51.49065151,7.41638189,155.83,0.00,0.00,99.54,1,-115.00,-10.00,1.00,8.00,13.00,17.00,12806666,385
37.02,1544519052,366.86,51.49065151,7.41638189,155.81,0.00,0.00,99.54,1,-115.00,-10.00,1.00,8.00,13.00,17.00,12806666,385
38.02,1544519053,366.86,51.49065151,7.41638189,155.78,0.00,0.00,99.54,1,-115.00,-12.00,-6.00,6.00,15.00,22.00,13392904,347
39.02,1544519054,366.86,51.49065151,7.41638189,155.76,0.00,0.00,99.54,1,-115.00,-12.00,-6.00,6.00,15.00,22.00,13392904,347
40.02,1544519055,366.86,51.49065151,7.41638189,155.73,0.00,0.00,99.54,1,-116.00,-15.00,-4.00,5.00,17.00,22.00,13392904,347
41.02,1544519056,366.86,51.49065151,7.41638189,155.71,0.00,0.00,99.54,1,-116.00,-15.00,-4.00,5.00,17.00,22.00,13392904,347
42.02,1544519057,366.86,51.49065151,7.41638189,155.56,0.00,0.00,99.54,1,-115.00,-12.00,-2.00,6.00,15.00,22.00,13392904,347
43.02,1544519058,366.86,51.49065151,7.41638189,155.43,0.00,0.00,98.48,1,-115.00,-12.00,-2.00,6.00,15.00,22.00,13392904,347
44.03,1544519059,366.86,51.49062319,7.41656381,154.56,0.00,0.00,101.09,1,-110.00,-9.00,-1.00,6.00,17.00,16.00,12806666,385
45.02,1544519060,366.86,51.49060967,7.41665751,153.83,4.88,0.00,100.12,1,-110.00,-9.00,-1.00,6.00,17.00,16.00,12806666,385
46.02,1544519061,371.74,51.49059628,7.41674388,153.29,5.44,0.56,101.75,1,-110.00,-9.00,-1.00,6.00,17.00,16.00,12806666,385
47.02,1544519062,377.19,51.49058111,7.41683537,153.27,5.82,0.37,102.77,1,-111.00,-11.00,1.00,9.00,16.00,16.00,12806666,385
48.02,1544519063,383.01,51.49056775,7.41693753,153.32,6.11,0.29,103.72,1,-111.00,-11.00,1.00,9.00,16.00,16.00,12806666,385
49.02,1544519064,389.10,51.49055502,7.41699912,153.40,6.28,0.18,102.80,1,-111.00,-11.00,1.00,5.00,16.00,16.00,12806666,385
50.02,1544519065,395.40,51.49054393,7.41708294,153.52,5.99,-0.29,100.69,1,-111.00,-11.00,1.00,5.00,16.00,16.00,12806666,385
51.02,1544519066,401.38,51.49055444,7.41714984,154.05,5.85,-0.14,71.16,1,-109.00,-10.00,1.00,10.00,14.00,16.00,12806666,385
52.02,1544519067,407.23,51.49059109,7.41720818,154.48,6.05,0.20,41.36,1,-109.00,-10.00,1.00,10.00,14.00,16.00,12806666,385
53.02,1544519068,413.27,51.49065300,7.41724580,154.80,7.10,1.05,14.94,1,-113.00,-10.00,3.00,9.00,14.00,16.00,12806666,385
54.02,1544519069,420.39,51.49072430,7.41722702,155.16,8.03,0.92,353.46,1,-113.00,-10.00,3.00,9.00,14.00,16.00,12806666,385
55.02,1544519070,428.41,51.49079729,7.41720667,155.28,8.62,0.59,352.53,1,-112.00,-10.00,2.00,9.00,16.00,16.00,12806666,385
56.02,1544519071,437.02,51.49087495,7.41718176,155.12,8.66,0.04,351.77,1,-112.00,-10.00,2.00,9.00,16.00,16.00,12806666,385
57.02,1544519072,445.68,51.49096434,7.41715473,155.29,8.88,0.22,350.80,1,-115.00,-12.00,1.00,7.00,16.00,16.00,12806666,385
58.02,1544519073,454.56,51.49105035,7.41712138,155.40,9.25,0.37,349.86,1,-115.00,-12.00,1.00,7.00,16.00,16.00,12806666,385
59.02,1544519074,463.82,51.49113867,7.41708471,155.31,9.96,0.71,349.35,1,-113.00,-14.00,-2.00,8.00,20.00,16.00,12806666,385
60.03,1544519075,473.86,51.49122276,7.41705151,155.16,9.39,-0.57,349.02,1,-113.00,-14.00,-2.00,8.00,20.00,16.00,12806666,385
61.02,1544519076,483.17,51.49130614,7.41701877,154.99,9.09,-0.30,348.64,1,-110.00,-12.00,0.00,7.00,20.00,16.00,12806666,385
62.02,1544519077,492.27,51.49138864,7.41698776,154.94,9.28,0.19,348.28,1,-110.00,-12.00,0.00,7.00,20.00,16.00,12806666,385
63.02,1544519078,501.55,51.49146007,7.41695889,154.88,9.41,0.12,347.86,1,-112.00,-15.00,-5.00,6.00,25.00,16.00,12806666,385
64.02,1544519079,510.98,51.49154584,7.41692728,154.64,9.60,0.19,347.32,1,-112.00,-15.00,-5.00,6.00,25.00,16.00,12806666,385
65.03,1544519080,520.63,51.49163856,7.41688829,154.66,10.14,0.54,346.23,1,-109.00,-14.00,-5.00,6.00,24.00,16.00,12806666,385
66.02,1544519081,530.71,51.49172395,7.41684375,154.80,9.80,-0.34,344.39,1,-109.00,-14.00,-5.00,6.00,24.00,16.00,12806666,385
67.02,1544519082,540.50,51.49180690,7.41679290,155.06,9.47,-0.33,342.18,1,-109.00,-14.00,-5.00,6.00,24.00,16.00,12806666,385
68.02,1544519083,549.97,51.49189004,7.41674030,155.42,9.45,-0.02,339.69,1,-110.00,-14.00,-3.00,7.00,22.00,16.00,12806666,385
69.02,1544519084,559.41,51.49194250,7.41669351,155.99,8.89,-0.56,336.63,1,-110.00,-14.00,-3.00,7.00,22.00,16.00,12806666,385
70.02,1544519085,568.27,51.49201229,7.41663131,156.55,9.10,0.22,333.94,1,-107.00,-14.00,1.00,6.00,27.00,16.00,12806666,385
71.02,1544519086,577.41,51.49207750,7.41657102,156.84,8.32,-0.78,332.27,1,-107.00,-14.00,1.00,6.00,27.00,16.00,12806666,385
72.02,1544519087,585.69,51.49215154,7.41650105,156.16,9.09,0.78,330.77,1,-104.00,-13.00,3.00,7.00,29.00,16.00,12806666,385
73.02,1544519088,594.82,51.49221872,7.41643763,155.84,8.30,-0.79,330.74,1,-104.00,-13.00,3.00,7.00,29.00,16.00,12806666,385
74.02,1544519089,603.11,51.49229345,7.41637339,155.74,9.43,1.13,331.89,1,-104.00,-13.00,2.00,10.00,25.00,16.00,12806666,385
75.02,1544519090,612.54,51.49237619,7.41631058,155.43,9.23,-0.19,333.34,1,-104.00,-13.00,2.00,10.00,25.00,16.00,12806666,385
76.02,1544519091,621.74,51.49246420,7.41624800,155.38,9.25,0.02,335.73,1,-103.00,-13.00,2.00,11.00,29.00,16.00,12806666,385
77.02,1544519092,631.00,51.49254777,7.41619219,155.86,9.63,0.38,338.05,1,-103.00,-13.00,2.00,11.00,29.00,16.00,12806666,385
78.02,1544519093,640.66,51.49262789,7.41614799,156.43,9.14,-0.49,340.90,1,-105.00,-9.00,7.00,11.00,21.00,16.00,12806666,385
79.02,1544519094,649.80,51.49271367,7.41611319,157.09,9.66,0.52,344.17,1,-105.00,-9.00,7.00,11.00,21.00,16.00,12806666,385
80.02,1544519095,659.46,51.49279459,7.41608943,157.75,9.87,0.21,346.42,1,-107.00,-13.00,6.00,10.00,23.00,16.00,12806666,385
81.02,1544519096,669.32,51.49287217,7.41606521,158.01,9.93,0.06,347.59,1,-107.00,-13.00,6.00,10.00,23.00,16.00,12806666,385
82.02,1544519097,679.22,51.49295782,7.41603677,158.42,10.51,0.59,347.66,1,-108.00,-10.00,9.00,6.00,21.00,16.00,12806666,385
83.02,1544519098,689.74,51.49304748,7.41600531,157.57,9.73,-0.78,345.87,1,-108.00,-10.00,9.00,6.00,21.00,16.00,12806666,385
84.02,1544519099,699.50,51.49312908,7.41597458,157.63,8.84,-0.89,346.57,1,-104.00,-13.00,1.00,5.00,30.00,16.00,12806666,385
85.02,1544519100,708.33,51.49321130,7.41594324,157.83,9.00,0.16,347.25,1,-104.00,-13.00,1.00,5.00,30.00,16.00,12806666,385
86.03,1544519101,717.41,51.49328698,7.41591229,157.94,9.03,0.03,348.24,1,-103.00,-13.00,-7.00,5.00,29.00,16.00,12806666,385
87.02,1544519102,726.36,51.49336452,7.41588469,158.28,9.83,0.81,348.86,1,-103.00,-13.00,-7.00,5.00,29.00,16.00,12806666,385
88.02,1544519103,736.19,51.49345678,7.41585607,158.61,10.54,0.71,348.38,1,-103.00,-13.00,-7.00,5.00,29.00,16.00,12806666,385
89.02,1544519104,746.74,51.49356881,7.41582280,158.95,10.59,0.05,348.37,1,-101.00,-12.00,-7.00,5.00,28.00,16.00,12806666,385
90.02,1544519105,757.32,51.49365635,7.41579962,159.12,10.19,-0.39,348.22,1,-101.00,-12.00,-7.00,5.00,28.00,16.00,12806666,385
91.02,1544519106,767.52,51.49373964,7.41577433,159.44,10.36,0.17,348.78,1,-103.00,-12.00,-5.00,7.00,28.00,16.00,12806666,385
92.02,1544519107,777.85,51.49383024,7.41574547,159.56,10.70,0.34,348.29,1,-103.00,-12.00,-5.00,7.00,28.00,16.00,12806666,385
93.02,1544519108,788.55,51.49393031,7.41570634,159.36,11.05,0.35,347.13,1,-101.00,-12.00,7.00,8.00,29.00,16.00,12806666,385
94.02,1544519109,799.63,51.49402836,7.41566716,159.02,11.46,0.41,345.70,1,-101.00,-12.00,7.00,8.00,29.00,16.00,12806666,385
95.02,1544519110,811.07,51.49412263,7.41562961,158.70,10.57,-0.89,345.41,1,-91.00,-5.00,20.00,12.00,32.00,16.00,12806666,385
96.02,1544519111,821.65,51.49421747,7.41559480,158.01,7.59,-2.98,347.42,1,-91.00,-5.00,20.00,12.00,32.00,16.00,12806666,385
97.02,1544519112,829.23,51.49427646,7.41557680,157.31,6.04,-1.55,347.16,1,-94.00,-7.00,18.00,10.00,29.00,16.00,12806666,385
98.02,1544519113,835.27,51.49433041,7.41555221,157.18,4.79,-1.25,347.08,1,-94.00,-7.00,18.00,10.00,29.00,16.00,12806666,385
99.02,1544519114,840.06,51.49436684,7.41554597,157.16,2.87,-1.92,347.51,1,-92.00,-6.00,19.00,12.00,32.00,16.00,12806666,385
100.02,1544519115,842.93,51.49436684,7.41554597,157.16,0.00,-2.87,347.51,1,-92.00,-6.00,19.00,12.00,32.00,16.00,12806666,385
101.02,1544519116,842.93,51.49436684,7.41554597,157.16,0.00,0.00,347.51,1,-93.00,-7.00,13.00,1.00,28.00,16.00,12806666,385
102.02,1544519117,842.93,51.49436684,7.41554597,157.17,0.00,0.00,347.51,1,-93.00,-7.00,13.00,1.00,28.00,16.00,12806666,385
103.02,1544519118,842.93,51.49436684,7.41554597,157.17,0.00,0.00,347.51,1,-95.00,-9.00,11.00,12.00,30.00,16.00,12806666,385
104.02,1544519119,842.93,51.49436684,7.41554597,157.18,0.00,0.00,347.51,1,-95.00,-9.00,11.00,12.00,30.00,16.00,12806666,385
105.02,1544519120,842.93,51.49436684,7.41554597,157.18,0.00,0.00,347.51,1,-94.00,-9.00,16.00,11.00,32.00,16.00,12806666,385
106.02,1544519121,842.93,51.49436684,7.41554597,157.19,0.00,0.00,347.51,1,-94.00,-9.00,16.00,11.00,32.00,16.00,12806666,385
107.03,1544519122,842.93,51.49436684,7.41554597,157.20,0.00,0.00,347.51,1,-93.00,-7.00,10.00,1.00,27.00,16.00,12806666,385
108.02,1544519123,842.93,51.49436684,7.41554597,157.20,0.00,0.00,347.51,1,-93.00,-7.00,10.00,1.00,27.00,16.00,12806666,385
109.02,1544519124,842.93,51.49436684,7.41554597,157.21,0.00,0.00,347.51,1,-93.00,-7.00,10.00,1.00,27.00,16.00,12806666,385
110.02,1544519125,842.93,51.49436684,7.41554597,157.22,0.00,0.00,347.51,1,-94.00,-9.00,11.00,11.00,30.00,16.00,12806666,385
111.02,1544519126,842.93,51.49436684,7.41554597,157.22,0.00,0.00,347.51,1,-94.00,-9.00,11.00,11.00,30.00,16.00,12806666,385
112.02,1544519127,842.93,51.49436684,7.41554597,157.22,0.00,0.00,347.51,1,-94.00,-6.00,13.00,15.00,28.00,16.00,12806666,385
113.02,1544519128,842.93,51.49436684,7.41554597,157.23,0.00,0.00,347.51,1,-94.00,-6.00,13.00,15.00,28.00,16.00,12806666,385
114.02,1544519129,842.93,51.49436684,7.41554597,157.23,0.00,0.00,347.51,1,-94.00,-7.00,11.00,1.00,28.00,16.00,12806666,385
115.02,1544519130,842.93,51.49436684,7.41554597,157.22,0.00,0.00,347.51,1,-94.00,-7.00,11.00,1.00,28.00,16.00,12806666,385
116.02,1544519131,842.93,51.49436684,7.41554597,157.22,0.00,0.00,347.51,1,-95.00,-8.00,11.00,13.00,32.00,16.00,12806666,385
117.02,1544519132,842.93,51.49436684,7.41554597,157.22,0.00,0.00,347.51,1,-95.00,-8.00,11.00,13.00,32.00,16.00,12806666,385
118.02,1544519133,842.93,51.49436684,7.41554597,157.22,0.00,0.00,347.51,1,-94.00,-7.00,21.00,1.00,28.00,16.00,12806666,385
119.02,1544519134,842.93,51.49436684,7.41554597,157.22,0.00,0.00,347.51,1,-94.00,-7.00,21.00,1.00,28.00,16.00,12806666,385
120.02,1544519135,842.93,51.49436684,7.41554597,157.22,0.00,0.00,347.51,1,-94.00,-11.00,13.00,1.00,33.00,16.00,12806666,385
121.02,1544519136,842.93,51.49436684,7.41554597,157.22,0.00,0.00,347.51,1,-94.00,-11.00,13.00,1.00,33.00,16.00,12806666,385
122.02,1544519137,842.93,51.49436684,7.41554597,157.23,0.00,0.00,347.51,1,-94.00,-12.00,14.00,11.00,34.00,16.00,12806666,385
123.02,1544519138,842.93,51.49436684,7.41554597,157.23,0.00,0.00,347.51,1,-94.00,-12.00,14.00,11.00,34.00,16.00,12806666,385
124.02,1544519139,842.93,51.49436684,7.41554597,157.23,0.00,0.00,347.51,1,-94.00,-12.00,15.00,12.00,33.00,16.00,12806666,385
125.02,1544519140,842.93,51.49436684,7.41554597,157.24,0.00,0.00,347.51,1,-94.00,-12.00,15.00,12.00,33.00,16.00,12806666,385
126.02,1544519141,842.93,51.49436684,7.41554597,157.24,0.00,0.00,347.51,1,-94.00,-8.00,18.00,14.00,32.00,16.00,12806666,385
127.02,1544519142,842.93,51.49436684,7.41554597,157.24,0.00,0.00,347.51,1,-94.00,-8.00,18.00,14.00,32.00,16.00,12806666,385
128.03,1544519143,842.93,51.49436684,7.41554597,157.25,0.00,0.00,347.51,1,-91.00,-6.00,14.00,1.00,31.00,16.00,12806666,385
129.02,1544519144,842.93,51.49436684,7.41554597,157.27,0.00,0.00,347.51,1,-91.00,-6.00,14.00,1.00,31.00,16.00,12806666,385
130.02,1544519145,842.93,51.49441097,7.41553642,157.29,0.00,0.00,349.69,1,-91.00,-6.00,14.00,1.00,31.00,16.00,12806666,385
131.02,1544519146,842.93,51.49444893,7.41552591,157.28,0.00,0.00,349.20,1,-93.00,-7.00,23.00,13.00,32.00,16.00,12806666,385
132.02,1544519147,842.93,51.49452369,7.41549838,157.20,5.05,0.00,347.37,1,-93.00,-7.00,23.00,13.00,32.00,16.00,12806666,385
133.02,1544519148,847.99,51.49455481,7.41546479,157.07,4.46,-0.59,329.91,1,-93.00,-6.00,12.00,12.00,29.00,16.00,12806666,385
134.02,1544519149,852.46,51.49455798,7.41542492,157.04,4.05,-0.41,299.48,1,-93.00,-6.00,12.00,12.00,29.00,16.00,12806666,385
135.02,1544519150,856.51,51.49455845,7.41534380,157.25,4.37,0.32,268.11,1,-95.00,-7.00,16.00,1.00,27.00,16.00,12806666,385
136.02,1544519151,860.87,51.49455387,7.41524912,157.35,6.53,2.16,264.75,1,-95.00,-7.00,16.00,1.00,27.00,16.00,12806666,385
137.02,1544519152,867.41,51.49454921,7.41514170,157.42,7.33,0.80,263.93,1,-92.00,-7.00,14.00,1.00,34.00,16.00,12806666,385
138.02,1544519153,874.75,51.49453348,7.41500560,157.04,9.71,2.37,261.80,1,-92.00,-7.00,14.00,1.00,34.00,16.00,12806666,385
139.02,1544519154,884.44,51.49451519,7.41487777,156.46,10.90,1.19,260.50,1,-99.00,-7.00,14.00,15.00,26.00,16.00,12806666,385
140.02,1544519155,895.36,51.49448931,7.41470729,156.12,11.23,0.33,259.88,1,-99.00,-7.00,14.00,15.00,26.00,16.00,12806666,385
141.02,1544519156,906.59,51.49446581,7.41453521,155.36,11.95,0.72,259.64,1,-103.00,-7.00,16.00,7.00,22.00,16.00,12806666,385
142.02,1544519157,918.50,51.49443875,7.41437088,154.67,12.92,0.97,258.81,1,-103.00,-7.00,16.00,7.00,22.00,16.00,12806666,385
143.02,1544519158,931.44,51.49441036,7.41418763,153.93,13.60,0.68,258.59,1,-105.00,-9.00,11.00,7.00,20.00,16.00,12806666,385
144.02,1544519159,945.05,51.49438653,7.41400853,153.31,13.10,-0.49,258.33,1,-105.00,-9.00,11.00,7.00,20.00,16.00,12806666,385
145.02,1544519160,958.14,51.49435952,7.41381743,153.34,13.01,-0.09,257.81,1,-106.00,-8.00,14.00,8.00,19.00,16.00,12806666,385
146.02,1544519161,971.17,51.49432914,7.41362824,153.71,12.88,-0.13,257.07,1,-106.00,-8.00,14.00,8.00,19.00,16.00,12806666,385
147.02,1544519162,984.04,51.49429844,7.41344390,154.48,11.96,-0.92,257.83,1,-103.00,-9.00,7.00,8.00,21.00,16.00,12806666,385
148.02,1544519163,996.00,51.49427314,7.41326129,155.27,12.75,0.78,258.35,1,-103.00,-9.00,7.00,8.00,21.00,16.00,12806666,385
149.03,1544519164,1008.86,51.49424644,7.41308263,155.77,12.78,0.04,257.90,1,-101.00,-9.00,11.00,11.00,26.00,16.00,12806666,385
150.02,1544519165,1021.54,51.49422152,7.41290586,156.18,13.42,0.64,257.59,1,-101.00,-9.00,11.00,11.00,26.00,16.00,12806666,385
151.02,1544519166,1034.93,51.49419535,7.41272509,156.50,13.60,0.19,258.18,1,-101.00,-9.00,11.00,11.00,26.00,16.00,12806666,385
152.02,1544519167,1048.53,51.49417069,7.41252333,157.12,14.01,0.40,258.28,1,-102.00,-9.00,8.00,8.00,23.00,16.00,12806666,385
153.02,1544519168,1062.52,51.49414464,7.41232467,157.40,14.43,0.43,257.41,1,-102.00,-9.00,8.00,8.00,23.00,16.00,12806666,385
154.02,1544519169,1077.01,51.49411894,7.41210491,158.21,14.58,0.15,257.98,1,-106.00,-11.00,8.00,8.00,22.00,16.00,12806666,385
155.02,1544519170,1091.59,51.49409033,7.41189611,158.81,14.63,0.04,257.76,1,-106.00,-11.00,8.00,8.00,22.00,16.00,12806666,385
156.02,1544519171,1106.20,51.49406551,7.41168320,159.77,14.39,-0.23,258.45,1,-105.00,-9.00,13.00,13.00,21.00,16.00,12806666,385
157.02,1544519172,1120.59,51.49403696,7.41147163,160.47,14.21,-0.18,258.31,1,-105.00,-9.00,13.00,13.00,21.00,16.00,12806666,385
158.02,1544519173,1134.82,51.49401016,7.41127471,160.81,14.28,0.07,257.36,1,-101.00,-8.00,10.00,1.00,26.00,16.00,12806666,385
159.02,1544519174,1149.10,51.49398167,7.41107182,161.49,14.44,0.16,257.96,1,-101.00,-8.00,10.00,1.00,26.00,16.00,12806666,385
160.02,1544519175,1163.55,51.49395458,7.41086351,162.04,14.31,-0.13,257.82,1,-104.00,-8.00,15.00,10.00,23.00,16.00,12806666,385
161.02,1544519176,1177.86,51.49392410,7.41064944,162.76,14.59,0.28,257.83,1,-104.00,-8.00,15.00,10.00,23.00,16.00,12806666,385
162.02,1544519177,1192.40,51.49389324,7.41044327,163.55,14.71,0.13,257.70,1,-105.00,-7.00,14.00,1.00,22.00,16.00,12806666,385
163.02,1544519178,1207.16,51.49386423,7.41023707,164.17,14.73,0.01,257.74,1,-105.00,-7.00,14.00,1.00,22.00,16.00,12806666,385
164.02,1544519179,1221.89,51.49383366,7.41003579,164.62,14.77,0.04,257.95,1,-106.00,-9.00,12.00,10.00,21.00,16.00,12806666,385
165.02,1544519180,1236.66,51.49380221,7.40982665,165.13,14.88,0.11,257.62,1,-106.00,-9.00,12.00,10.00,21.00,16.00,12806666,385
166.02,1544519181,1251.54,51.49377287,7.40961778,165.22,15.00,0.12,257.98,1,-105.00,-8.00,11.00,11.00,21.00,16.00,12806666,385
167.02,1544519182,1266.54,51.49374674,7.40940048,165.68,14.77,-0.23,258.70,1,-105.00,-8.00,11.00,11.00,21.00,16.00,12806666,385
168.02,1544519183,1281.30,51.49371923,7.40920068,165.87,14.77,-0.00,258.34,1,-105.00,-8.00,11.00,6.00,21.00,16.00,12806666,385
169.02,1544519184,1296.08,51.49369162,7.40898889,165.91,14.88,0.11,257.86,1,-105.00,-8.00,11.00,6.00,21.00,16.00,12806666,385
170.03,1544519185,1311.05,51.49366325,7.40878433,165.81,14.94,0.06,258.14,1,-105.00,-8.00,12.00,10.00,22.00,16.00,12806666,385
171.02,1544519186,1325.83,51.49363356,7.40856848,165.58,15.02,0.08,258.36,1,-105.00,-8.00,12.00,10.00,22.00,16.00,12806666,385
172.02,1544519187,1340.87,51.49360354,7.40835473,165.64,14.83,-0.19,257.71,1,-105.00,-8.00,12.00,10.00,22.00,16.00,12806666,385
173.02,1544519188,1355.69,51.49357582,7.40814156,165.76,15.16,0.34,257.84,1,-104.00,-12.00,12.00,9.00,26.00,16.00,12806666,385
174.02,1544519189,1370.88,51.49354989,7.40794186,165.89,15.23,0.07,258.31,1,-104.00,-12.00,12.00,9.00,26.00,16.00,12806666,385
175.02,1544519190,1386.13,51.49352378,7.40772577,165.91,15.42,0.19,258.38,1,-103.00,-8.00,14.00,1.00,24.00,16.00,12806666,385
176.02,1544519191,1401.54,51.49349634,7.40750704,165.73,15.42,-0.00,258.02,1,-103.00,-8.00,14.00,1.00,24.00,16.00,12806666,385
177.02,1544519192,1416.96,51.49346766,7.40729809,165.16,15.43,0.01,258.05,1,-101.00,-8.00,14.00,1.00,26.00,16.00,12806666,385
178.02,1544519193,1432.40,51.49344051,7.40707575,164.88,15.11,-0.32,257.93,1,-101.00,-8.00,14.00,1.00,26.00,16.00,12806666,385
179.02,1544519194,1447.51,51.49341366,7.40686029,164.89,14.85,-0.26,258.40,1,-100.00,-8.00,16.00,12.00,26.00,16.00,12806666,385
180.02,1544519195,1462.34,51.49338595,7.40664908,165.22,14.86,0.01,258.19,1,-100.00,-8.00,16.00,12.00,26.00,16.00,12806666,385
181.02,1544519196,1477.17,51.49335798,7.40644983,165.44,14.21,-0.65,258.15,1,-101.00,-7.00,13.00,11.00,24.00,16.00,12806666,385
182.02,1544519197,1491.37,51.49333234,7.40625817,165.27,13.84,-0.37,258.04,1,-101.00,-7.00,13.00,11.00,24.00,16.00,12806666,385
183.02,1544519198,1505.22,51.49330696,7.40606589,164.97,13.64,-0.20,257.85,1,-102.00,-12.00,11.00,10.00,28.00,16.00,12806666,385
184.02,1544519199,1518.88,51.49328154,7.40587291,164.68,14.01,0.37,257.99,1,-102.00,-12.00,11.00,10.00,28.00,16.00,12806666,385
185.02,1544519200,1532.89,51.49325688,7.40568075,164.58,14.45,0.44,258.14,1,-102.00,-7.00,11.00,11.00,23.00,16.00,12806666,385
186.02,1544519201,1547.35,51.49322672,7.40546656,164.62,14.82,0.37,257.81,1,-102.00,-7.00,11.00,11.00,23.00,16.00,12806666,385
187.02,1544519202,1562.17,51.49319878,7.40526512,164.52,15.06,0.24,257.92,1,-103.00,-11.00,13.00,7.00,27.00,16.00,12806666,385
188.02,1544519203,1577.21,51.49317183,7.40505883,164.14,15.15,0.09,258.16,1,-103.00,-11.00,13.00,7.00,27.00,16.00,12806666,385
189.02,1544519204,1592.36,51.49314666,7.40485629,163.60,14.98,-0.17,257.89,1,-106.00,-10.00,10.00,11.00,20.00,16.00,12806666,385
190.02,1544519205,1607.34,51.49312131,7.40465195,162.75,14.93,-0.05,258.15,1,-106.00,-10.00,10.00,11.00,20.00,16.00,12806666,385
191.03,1544519206,1622.42,51.49309466,7.40444407,161.90,14.61,-0.31,258.06,1,-107.00,-9.00,5.00,15.00,21.00,16.00,12806666,385
192.02,1544519207,1636.86,51.49306705,7.40423632,161.19,14.32,-0.29,258.02,1,-107.00,-9.00,5.00,15.00,21.00,16.00,12806666,385
193.02,1544519208,1651.24,51.49304013,7.40403318,160.67,14.05,-0.27,258.38,1,-107.00,-9.00,5.00,15.00,21.00,16.00,12806666,385
194.02,1544519209,1665.28,51.49301657,7.40383166,160.38,13.97,-0.08,259.58,1,-106.00,-13.00,1.00,12.00,24.00,16.00,12806666,385
195.02,1544519210,1679.27,51.49299904,7.40362940,160.42,13.20,-0.77,262.12,1,-106.00,-13.00,1.00,12.00,24.00,16.00,12806666,385
196.02,1544519211,1692.48,51.49299036,7.40344521,160.55,12.04,-1.16,264.98,1,-105.00,-9.00,4.00,15.00,19.00,16.00,12806666,385
197.02,1544519212,1704.53,51.49298853,7.40328899,160.68,11.01,-1.04,266.89,1,-105.00,-9.00,4.00,15.00,19.00,16.00,12806666,385
198.02,1544519213,1715.52,51.49298932,7.40314400,160.39,10.20,-0.81,268.13,1,-106.00,-8.00,4.00,14.00,19.00,16.00,12806666,385
199.02,1544519214,1725.71,51.49298934,7.40299875,160.11,9.52,-0.67,268.84,1,-106.00,-8.00,4.00,14.00,19.00,16.00,12806666,385
200.02,1544519215,1735.22,51.49299598,7.40286468,160.29,9.13,-0.40,269.66,1,-107.00,-9.00,7.00,8.00,20.00,16.00,12806666,385
201.02,1544519216,1744.36,51.49300159,7.40274305,160.60,8.41,-0.72,270.16,1,-107.00,-9.00,7.00,8.00,20.00,16.00,12806666,385
202.02,1544519217,1752.74,51.49300266,7.40261185,160.96,7.72,-0.69,268.83,1,-108.00,-8.00,4.00,8.00,18.00,16.00,12806666,385
203.02,1544519218,1760.47,51.49300018,7.40249973,161.36,6.78,-0.93,267.01,1,-108.00,-8.00,4.00,8.00,18.00,16.00,12806666,385
204.02,1544519219,1767.25,51.49299741,7.40240084,161.50,6.64,-0.14,266.50,1,-108.00,-13.00,4.00,8.00,22.00,16.00,12806666,385
205.02,1544519220,1773.89,51.49299455,7.40229554,161.87,6.43,-0.21,267.16,1,-108.00,-13.00,4.00,8.00,22.00,16.00,12806666,385
206.02,1544519221,1780.34,51.49299369,7.40220603,162.08,5.80,-0.63,268.12,1,-106.00,-10.00,7.00,15.00,22.00,16.00,12806666,385
207.02,1544519222,1786.13,51.49299393,7.40214467,161.75,4.81,-0.98,268.72,1,-106.00,-10.00,7.00,15.00,22.00,16.00,12806666,385
208.02,1544519223,1790.94,51.49299541,7.40207213,161.60,4.19,-0.62,269.63,1,-107.00,-10.00,12.00,15.00,23.00,16.00,12806666,385
209.02,1544519224,1795.14,51.49299946,7.40203519,161.60,3.31,-0.88,270.55,1,-107.00,-10.00,12.00,15.00,23.00,16.00,12806666,385
210.02,1544519225,1798.45,51.49300057,7.40197827,161.63,3.77,0.46,271.29,1,-106.00,-8.00,10.00,15.00,21.00,16.00,12806666,385
211.02,1544519226,1802.21,51.49300451,7.40193557,161.43,5.08,1.31,270.77,1,-106.00,-8.00,10.00,15.00,21.00,16.00,12806666,385
212.02,1544519227,1807.32,51.49299131,7.40187287,161.12,5.59,0.51,248.54,1,-105.00,-13.00,8.00,9.00,26.00,16.00,12806666,385
213.02,1544519228,1812.87,51.49294214,7.40181286,161.13,5.58,-0.02,213.32,1,-105.00,-13.00,8.00,9.00,26.00,16.00,12806666,385
214.02,1544519229,1818.45,51.49289017,7.40177336,160.99,5.09,-0.49,198.42,1,-105.00,-13.00,8.00,9.00,26.00,16.00,12806666,385
215.02,1544519230,1823.55,51.49282904,7.40175253,161.06,5.42,0.34,185.17,1,-110.00,-14.00,2.00,5.00,21.00,16.00,12806666,385
216.02,1544519231,1828.98,51.49277600,7.40174741,161.21,6.58,1.15,185.52,1,-110.00,-14.00,2.00,5.00,21.00,16.00,12806666,385
217.02,1544519232,1835.55,51.49273010,7.40175039,161.16,6.82,0.25,185.07,1,-106.00,-8.00,5.00,9.00,18.00,16.00,12806666,385
218.02,1544519233,1842.37,51.49265913,7.40175083,161.65,6.51,-0.31,183.89,1,-106.00,-8.00,5.00,9.00,18.00,16.00,12806666,385
219.02,1544519234,1848.89,51.49259353,7.40175786,162.21,6.05,-0.46,182.62,1,-109.00,-9.00,4.00,11.00,13.00,16.00,12806666,385
220.02,1544519235,1854.94,51.49253624,7.40176662,162.61,6.09,0.04,181.97,1,-109.00,-9.00,4.00,11.00,13.00,16.00,12806666,385
221.02,1544519236,1861.03,51.49247312,7.40176845,163.29,6.71,0.62,182.73,1,-112.00,-9.00,2.00,6.00,13.00,16.00,12806666,385
222.02,1544519237,1867.74,51.49241241,7.40176947,163.61,7.59,0.87,181.96,1,-112.00,-9.00,2.00,6.00,13.00,16.00,12806666,385
223.02,1544519238,1875.31,51.49234600,7.40177292,163.77,7.43,-0.16,181.28,1,-112.00,-13.00,-5.00,7.00,19.00,16.00,12806666,385
224.02,1544519239,1882.73,51.49227741,7.40177333,164.15,7.13,-0.30,180.85,1,-112.00,-13.00,-5.00,7.00,19.00,16.00,12806666,385
225.02,1544519240,1889.90,51.49221664,7.40177674,164.41,7.47,0.34,180.85,1,-108.00,-13.00,1.00,9.00,25.00,16.00,12806666,385
226.02,1544519241,1897.37,51.49215511,7.40177972,164.34,8.14,0.66,181.47,1,-108.00,-13.00,1.00,9.00,25.00,16.00,12806666,385
227.02,1544519242,1905.51,51.49207529,7.40177901,164.46,8.87,0.74,181.03,1,-113.00,-11.00,0.00,7.00,15.00,16.00,12806666,385
228.02,1544519243,1914.39,51.49199147,7.40177583,164.66,9.53,0.66,180.39,1,-113.00,-11.00,0.00,7.00,15.00,16.00,12806666,385
229.02,1544519244,1923.91,51.49190333,7.40177451,164.82,10.29,0.75,180.37,1,-110.00,-9.00,1.00,6.00,14.00,16.00,12806666,385
230.02,1544519245,1934.20,51.49181203,7.40177664,164.87,9.79,-0.50,180.18,1,-110.00,-9.00,1.00,6.00,14.00,16.00,12806666,385
231.02,1544519246,1943.99,51.49171962,7.40177475,165.23,9.62,-0.18,180.25,1,-113.00,-10.00,2.00,8.00,17.00,16.00,12806666,385
232.02,1544519247,1953.62,51.49162611,7.40177047,165.82,9.73,0.11,180.85,1,-113.00,-10.00,2.00,8.00,17.00,16.00,12806666,385
233.02,1544519248,1963.36,51.49154432,7.40176988,166.23,9.51,-0.22,180.99,1,-111.00,-14.00,3.00,9.00,21.00,16.00,12806666,385
234.02,1544519249,1972.81,51.49146557,7.40177168,166.17,9.76,0.25,180.97,1,-111.00,-14.00,3.00,9.00,21.00,16.00,12806666,385
235.02,1544519250,1982.60,51.49137285,7.40176260,166.52,10.21,0.45,181.96,1,-111.00,-14.00,3.00,9.00,21.00,16.00,12806666,385
236.02,1544519251,1992.79,51.49127859,7.40175780,166.60,10.89,0.68,181.28,1,-107.00,-8.00,5.00,5.00,21.00,16.00,12806666,385
237.02,1544519252,2003.69,51.49118239,7.40175202,166.58,11.41,0.52,180.97,1,-107.00,-8.00,5.00,5.00,21.00,16.00,12806666,385
238.02,1544519253,2015.12,51.49107894,7.40175131,166.54,11.57,0.16,180.59,1,-107.00,-9.00,4.00,11.00,20.00,16.00,12806666,385
239.02,1544519254,2026.64,51.49097804,7.40175001,166.60,11.05,-0.53,179.60,1,-107.00,-9.00,4.00,11.00,20.00,16.00,12806666,385
240.02,1544519255,2037.72,51.49088120,7.40174844,166.51,11.31,0.26,179.95,1,-108.00,-9.00,6.00,11.00,18.00,16.00,12806666,385
241.02,1544519256,2049.04,51.49077768,7.40174793,166.53,11.38,0.07,180.12,1,-108.00,-9.00,6.00,11.00,18.00,16.00,12806666,385
242.02,1544519257,2060.42,51.49067334,7.40174290,166.87,10.98,-0.40,180.56,1,-111.00,-8.00,7.00,11.00,15.00,16.00,12806666,385
243.02,1544519258,2071.40,51.49057732,7.40174297,166.99,10.59,-0.39,180.31,1,-111.00,-8.00,7.00,11.00,15.00,16.00,12806666,385
244.02,1544519259,2081.98,51.49048955,7.40174481,166.91,10.60,0.01,180.59,1,-110.00,-10.00,7.00,10.00,20.00,16.00,12806666,385
245.02,1544519260,2092.57,51.49039192,7.40174614,167.08,10.52,-0.08,180.95,1,-110.00,-10.00,7.00,10.00,20.00,16.00,12806666,385
246.02,1544519261,2103.12,51.49029505,7.40174547,167.31,10.10,-0.42,180.52,1,-110.00,-13.00,7.00,6.00,21.00,16.00,12806666,385
247.02,1544519262,2113.23,51.49020790,7.40174493,167.55,9.57,-0.53,181.01,1,-110.00,-13.00,7.00,6.00,21.00,16.00,12806666,385
248.02,1544519263,2122.78,51.49011631,7.40174707,168.11,9.26,-0.31,180.52,1,-109.00,-10.00,7.00,12.00,21.00,16.00,12806666,385
249.02,1544519264,2132.05,51.49002630,7.40175026,168.57,9.28,0.01,179.84,1,-109.00,-10.00,7.00,12.00,21.00,16.00,12806666,385
250.02,1544519265,2141.32,51.48994409,7.40175523,169.10,9.23,-0.05,178.90,1,-109.00,-9.00,5.00,12.00,18.00,16.00,12806666,385
251.02,1544519266,2150.55,51.48986450,7.40175821,169.32,9.30,0.07,178.76,1,-109.00,-9.00,5.00,12.00,18.00,16.00,12806666,385
252.02,1544519267,2159.85,51.48978816,7.40176044,169.36,8.50,-0.80,179.54,1,-107.00,-9.00,7.00,14.00,18.00,16.00,12806666,385
253.02,1544519268,2168.36,51.48970661,7.40175786,170.01,7.93,-0.58,179.57,1,-107.00,-9.00,7.00,14.00,18.00,16.00,12806666,385
254.02,1544519269,2176.26,51.48964878,7.40175921,170.28,6.87,-1.06,180.27,1,-111.00,-11.00,3.00,8.00,21.00,16.00,12806666,385
255.02,1544519270,2183.12,51.48957206,7.40175765,170.94,7.34,0.47,180.65,1,-111.00,-11.00,3.00,8.00,21.00,16.00,12806666,385
256.03,1544519271,2190.55,51.48949977,7.40175713,171.60,7.84,0.49,178.23,1,-110.00,-11.00,2.00,11.00,22.00,16.00,12806666,385
257.02,1544519272,2198.34,51.48943881,7.40179395,172.22,7.99,0.16,156.27,1,-110.00,-11.00,2.00,11.00,22.00,16.00,12806666,385
258.02,1544519273,2206.33,51.48940319,7.40188233,172.87,9.14,1.15,121.17,1,-110.00,-11.00,2.00,11.00,22.00,16.00,12806666,385
259.02,1544519274,2215.49,51.48939597,7.40202862,173.16,9.98,0.84,94.65,1,-111.00,-11.00,3.00,8.00,21.00,16.00,12806666,385
260.02,1544519275,2225.45,51.48939081,7.40220151,173.17,11.29,1.31,94.03,1,-111.00,-11.00,3.00,8.00,21.00,16.00,12806666,385
261.02,1544519276,2236.75,51.48938514,7.40236177,173.29,11.90,0.61,93.11,1,-111.00,-10.00,3.00,10.00,18.00,16.00,12806666,385
262.02,1544519277,2248.66,51.48937728,7.40255282,173.50,12.90,1.00,92.70,1,-111.00,-10.00,3.00,10.00,18.00,16.00,12806666,385
263.02,1544519278,2261.54,51.48937294,7.40274113,173.67,13.24,0.34,92.09,1,-109.00,-10.00,5.00,11.00,20.00,16.00,12806666,385
264.02,1544519279,2274.77,51.48936940,7.40292748,173.68,13.77,0.53,91.71,1,-109.00,-10.00,5.00,11.00,20.00,16.00,12806666,385
265.02,1544519280,2288.56,51.48936723,7.40313098,173.61,13.74,-0.03,91.24,1,-112.00,-11.00,2.00,7.00,15.00,16.00,12806666,385
266.02,1544519281,2302.31,51.48936868,7.40331879,173.54,13.42,-0.32,90.40,1,-112.00,-11.00,2.00,7.00,15.00,16.00,12806666,385
267.02,1544519282,2315.74,51.48936927,7.40351671,173.47,13.62,0.20,91.29,1,-111.00,-10.00,2.00,7.00,18.00,16.00,12806666,385
268.02,1544519283,2329.34,51.48937116,7.40371434,173.62,13.52,-0.09,90.39,1,-111.00,-10.00,2.00,7.00,18.00,16.00,12806666,385
269.02,1544519284,2342.85,51.48937139,7.40390807,173.98,13.45,-0.07,90.89,1,-110.00,-13.00,0.00,12.00,21.00,16.00,12806666,385
270.02,1544519285,2356.31,51.48937049,7.40409055,174.47,13.20,-0.25,91.08,1,-110.00,-13.00,0.00,12.00,21.00,16.00,12806666,385
271.02,1544519286,2369.52,51.48936976,7.40427661,174.98,12.74,-0.46,91.32,1,-115.00,-11.00,2.00,7.00,14.00,16.00,12806666,385
272.02,1544519287,2382.27,51.48936947,7.40446905,175.46,12.60,-0.15,90.90,1,-115.00,-11.00,2.00,7.00,14.00,16.00,12806666,385
273.02,1544519288,2394.86,51.48936922,7.40465609,175.92,12.80,0.20,90.30,1,-110.00,-8.00,4.00,11.00,18.00,71.00,13067274,385
274.02,1544519289,2407.66,51.48936930,7.40484215,176.28,12.71,-0.08,90.02,1,-110.00,-8.00,4.00,11.00,18.00,71.00,13067274,385
275.02,1544519290,2420.35,51.48936940,7.40502258,176.61,12.45,-0.26,90.01,1,-112.00,-11.00,0.00,9.00,18.00,71.00,13067274,289
276.02,1544519291,2432.79,51.48936950,7.40519308,176.94,12.06,-0.38,89.52,1,-112.00,-11.00,0.00,9.00,18.00,71.00,13067274,289
277.02,1544519292,2444.92,51.48937459,7.40537480,177.21,12.43,0.36,87.87,1,-103.00,-12.00,6.00,15.00,30.00,71.00,13067274,289
278.02,1544519293,2457.27,51.48938464,7.40556326,177.41,12.84,0.41,86.12,1,-103.00,-12.00,6.00,15.00,30.00,71.00,13067274,289
279.02,1544519294,2470.15,51.48940034,7.40576005,177.62,12.58,-0.25,84.09,1,-103.00,-12.00,6.00,15.00,30.00,71.00,13067274,289
280.02,1544519295,2482.72,51.48942035,7.40593775,177.81,11.90,-0.68,82.16,1,-98.00,-8.00,12.00,11.00,30.00,71.00,13067274,289
281.02,1544519296,2494.62,51.48944503,7.40611651,177.91,12.16,0.25,80.35,1,-98.00,-8.00,12.00,11.00,30.00,71.00,13067274,289
282.02,1544519297,2506.80,51.48947320,7.40631663,178.19,12.33,0.17,79.20,1,-99.00,-8.00,12.00,10.00,25.00,71.00,13067274,289
283.02,1544519298,2519.11,51.48949773,7.40649537,178.61,12.46,0.13,78.23,1,-99.00,-8.00,12.00,10.00,25.00,71.00,13067274,289
284.02,1544519299,2531.59,51.48952710,7.40665828,178.86,12.36,-0.10,77.14,1,-100.00,-8.00,11.00,10.00,25.00,71.00,13067274,289
285.02,1544519300,2543.94,51.48955722,7.40683306,179.16,12.46,0.10,77.57,1,-100.00,-8.00,11.00,10.00,25.00,71.00,13067274,289
286.02,1544519301,2556.39,51.48957903,7.40699816,179.14,12.28,-0.18,78.96,1,-98.00,-8.00,13.00,12.00,27.00,71.00,13067274,289
287.02,1544519302,2568.67,51.48960085,7.40716615,178.94,12.21,-0.08,79.64,1,-98.00,-8.00,13.00,12.00,27.00,71.00,13067274,289
288.02,1544519303,2580.86,51.48962407,7.40733223,178.47,12.47,0.27,79.73,1,-97.00,-7.00,7.00,7.00,30.00,71.00,13067274,289
289.02,1544519304,2593.34,51.48965188,7.40753911,178.26,12.49,0.02,79.26,1,-97.00,-7.00,7.00,7.00,30.00,71.00,13067274,289
290.02,1544519305,2605.82,51.48968080,7.40774032,178.15,12.60,0.11,78.70,1,-100.00,-9.00,13.00,11.00,26.00,71.00,13067274,289
291.02,1544519306,2618.43,51.48970412,7.40791287,178.08,12.57,-0.03,78.61,1,-100.00,-9.00,13.00,11.00,26.00,71.00,13067274,289
292.02,1544519307,2630.98,51.48972758,7.40809023,178.16,12.62,0.04,78.58,1,-104.00,-9.00,3.00,15.00,26.00,71.00,13067274,289
293.02,1544519308,2643.65,51.48975030,7.40825657,178.01,12.71,0.09,77.90,1,-104.00,-9.00,3.00,15.00,26.00,71.00,13067274,289
294.02,1544519309,2656.31,51.48977384,7.40843217,177.55,12.91,0.20,77.37,1,-107.00,-13.00,6.00,8.00,26.00,71.00,13067274,289
295.02,1544519310,2669.24,51.48979863,7.40861842,177.26,13.38,0.47,77.11,1,-107.00,-13.00,6.00,8.00,26.00,71.00,13067274,289
296.02,1544519311,2682.62,51.48982501,7.40880179,176.87,13.68,0.31,77.25,1,-105.00,-12.00,7.00,8.00,25.00,71.00,13067274,289
297.02,1544519312,2696.31,51.48985166,7.40899292,176.30,13.71,0.02,77.15,1,-105.00,-12.00,7.00,8.00,25.00,71.00,13067274,289
298.03,1544519313,2710.14,51.48987782,7.40917963,175.62,13.74,0.03,77.79,1,-105.00,-11.00,-4.00,11.00,22.00,71.00,13067274,289
299.02,1544519314,2723.74,51.48990586,7.40936982,174.44,13.65,-0.09,78.09,1,-105.00,-11.00,-4.00,11.00,22.00,71.00,13067274,289
300.02,1544519315,2737.40,51.48993182,7.40956097,173.15,13.60,-0.05,78.04,1,-105.00,-11.00,-4.00,11.00,22.00,71.00,13067274,289
301.02,1544519316,2751.02,51.48995783,7.40974812,172.01,13.46,-0.14,78.65,1,-105.00,-10.00,3.00,9.00,25.00,71.00,13067274,289
302.02,1544519317,2764.44,51.48998266,7.40993709,170.99,13.44,-0.02,78.44,1,-105.00,-10.00,3.00,9.00,25.00,71.00,13067274,289
303.02,1544519318,2777.88,51.49000758,7.41012306,170.23,13.33,-0.11,78.45,1,-106.00,-13.00,6.00,11.00,26.00,71.00,13067274,289
304.02,1544519319,2791.25,51.49003028,7.41031307,169.59,13.04,-0.29,79.21,1,-106.00,-13.00,6.00,11.00,26.00,71.00,13067274,289
305.02,1544519320,2804.27,51.49005331,7.41049540,168.94,13.08,0.04,78.45,1,-105.00,-9.00,13.00,11.00,21.00,71.00,13067274,289
306.02,1544519321,2817.34,51.49007833,7.41067566,168.38,13.14,0.07,77.61,1,-105.00,-9.00,13.00,11.00,21.00,71.00,13067274,289
