0.02,1544519015,0.01,51.49014553,7.41126690,166.32,12.10,0.00,78.10,0,-112.00,-16.00,0.00,0.00,24.00,0.00,0,200
0.02,1544519015,0.01,51.49014553,7.41126690,166.32,12.10,0.00,78.10,0,-112.00,-17.00,0.00,0.00,24.00,0.00,0,385
1.02,1544519016,12.18,51.49017071,7.41144094,166.04,12.13,0.00,77.71,0,-112.00,-16.00,0.00,0.00,24.00,0.00,0,200
1.02,1544519016,12.18,51.49017071,7.41144094,166.04,12.13,0.00,77.71,0,-112.00,-17.00,0.00,0.00,24.00,0.00,0,385
2.03,1544519017,24.42,51.49019569,7.41160706,165.99,11.87,0.00,78.22,0,-109.00,-15.00,0.00,0.00,24.00,0.00,0,385
2.03,1544519017,24.42,51.49019569,7.41160706,165.99,11.87,0.00,78.22,0,-112.00,-17.00,0.00,0.00,25.00,0.00,0,311
3.02,1544519018,36.17,51.49022068,7.41176469,165.78,11.96,0.00,78.41,0,-109.00,-15.00,0.00,0.00,24.00,0.00,0,385
3.02,1544519018,36.18,51.49022068,7.41176469,165.78,11.96,0.00,78.41,0,-112.00,-17.00,0.00,0.00,25.00,0.00,0,311
4.02,1544519019,48.13,51.49024600,7.41192719,165.57,12.11,0.00,78.59,0,-109.00,-15.00,0.00,0.00,24.00,0.00,0,385
4.02,1544519019,48.14,51.49024600,7.41192719,165.57,12.11,0.00,78.59,0,-112.00,-17.00,0.00,0.00,25.00,0.00,0,311
9.02,1544519024,113.32,51.49038759,7.41287791,164.91,14.06,0.00,78.18,0,-118.00,-14.00,0.00,0.00,17.00,0.00,0,347
9.02,1544519024,113.34,51.49038759,7.41287791,164.91,14.06,0.00,78.18,0,-108.00,-14.00,0.00,0.00,26.00,0.00,0,200
9.02,1544519024,113.35,51.49038759,7.41287791,164.91,14.06,0.00,78.18,0,-109.00,-14.00,0.00,0.00,26.00,0.00,0,385
10.02,1544519025,127.38,51.49041883,7.41309352,165.26,13.98,0.00,78.24,0,-118.00,-14.00,0.00,0.00,17.00,0.00,0,347
10.02,1544519025,127.39,51.49041883,7.41309352,165.26,13.98,0.00,78.24,0,-108.00,-14.00,0.00,0.00,26.00,0.00,0,200
10.02,1544519025,127.40,51.49041883,7.41309352,165.26,13.98,0.00,78.24,0,-109.00,-14.00,0.00,0.00,26.00,0.00,0,385
11.02,1544519026,141.34,51.49044429,7.41328102,165.38,13.86,0.00,78.10,0,-112.00,-13.00,0.00,0.00,22.00,0.00,0,200
11.02,1544519026,141.35,51.49044429,7.41328102,165.38,13.86,0.00,78.10,0,-113.00,-14.00,0.00,0.00,21.00,0.00,0,175
12.02,1544519027,155.21,51.49046800,7.41347131,165.13,13.70,0.00,78.38,0,-112.00,-13.00,0.00,0.00,22.00,0.00,0,200
12.02,1544519027,155.23,51.49046800,7.41347131,165.13,13.70,0.00,78.38,0,-113.00,-14.00,0.00,0.00,21.00,0.00,0,175
13.02,1544519028,168.90,51.49049280,7.41366080,164.66,13.67,0.00,78.87,0,-120.00,-13.00,0.00,0.00,15.00,0.00,0,347
13.02,1544519028,168.91,51.49049280,7.41366080,164.66,13.67,0.00,78.87,0,-120.00,-15.00,0.00,0.00,15.00,0.00,0,356
14.02,1544519029,182.56,51.49051826,7.41385173,163.98,13.51,0.00,78.43,0,-120.00,-13.00,0.00,0.00,15.00,0.00,0,347
14.02,1544519029,182.58,51.49051826,7.41385173,163.98,13.51,0.00,78.43,0,-120.00,-15.00,0.00,0.00,15.00,0.00,0,356
15.02,1544519030,196.11,51.49054363,7.41405353,163.02,13.54,0.00,77.97,0,-121.00,-16.00,0.00,0.00,13.00,0.00,0,347
15.03,1544519030,196.13,51.49054363,7.41405353,163.02,13.54,0.00,77.97,0,-123.00,-16.00,0.00,0.00,13.00,0.00,0,356
15.03,1544519030,196.13,51.49054363,7.41405353,163.02,13.54,0.00,77.97,0,-125.00,-18.00,0.00,0.00,13.00,0.00,0,385
15.03,1544519030,196.14,51.49054363,7.41405353,163.02,13.54,0.00,77.97,0,-112.00,-15.00,0.00,0.00,23.00,0.00,0,199
15.03,1544519030,196.15,51.49054363,7.41405353,163.02,13.54,0.00,77.97,0,-114.00,-17.00,0.00,0.00,23.00,0.00,0,158
15.03,1544519030,196.15,51.49054363,7.41405353,163.02,13.54,0.00,77.97,0,0.00,0.00,0.00,0.00,63.00,0.00,0,271
16.03,1544519031,209.67,51.49056852,7.41424520,162.41,13.49,0.00,77.83,0,-121.00,-16.00,0.00,0.00,13.00,0.00,0,347
16.03,1544519031,209.68,51.49056852,7.41424520,162.41,13.49,0.00,77.83,0,-123.00,-16.00,0.00,0.00,13.00,0.00,0,356
16.03,1544519031,209.70,51.49056852,7.41424520,162.41,13.49,0.00,77.83,0,-125.00,-18.00,0.00,0.00,13.00,0.00,0,385
16.03,1544519031,209.71,51.49056852,7.41424520,162.41,13.49,0.00,77.83,0,-112.00,-15.00,0.00,0.00,23.00,0.00,0,199
16.03,1544519031,209.71,51.49056852,7.41424520,162.41,13.49,0.00,77.83,0,-114.00,-17.00,0.00,0.00,23.00,0.00,0,158
16.03,1544519031,209.72,51.49056852,7.41424520,162.41,13.49,0.00,77.83,0,0.00,0.00,0.00,0.00,63.00,0.00,0,271
28.03,1544519043,354.07,51.49067533,7.41623841,155.95,5.55,0.00,94.02,0,-111.00,-16.00,0.00,0.00,25.00,0.00,0,311
28.03,1544519043,354.07,51.49067533,7.41623841,155.95,5.55,0.00,94.02,0,-113.00,-19.00,0.00,0.00,25.00,0.00,0,384
28.03,1544519043,354.08,51.49067533,7.41623841,155.95,5.55,0.00,94.02,0,-114.00,-20.00,0.00,0.00,25.00,0.00,0,136
28.03,1544519043,354.08,51.49067533,7.41623841,155.95,5.55,0.00,94.02,0,-116.00,-20.00,0.00,0.00,25.00,0.00,0,199
28.03,1544519043,354.08,51.49067533,7.41623841,155.95,5.55,0.00,94.02,0,-121.00,-12.00,0.00,0.00,11.00,0.00,0,337
28.03,1544519043,354.09,51.49067533,7.41623841,155.95,5.55,0.00,94.02,0,-124.00,-16.00,0.00,0.00,11.00,0.00,0,293
28.03,1544519043,354.09,51.49067533,7.41623841,155.95,5.55,0.00,94.02,0,-125.00,-16.00,0.00,0.00,11.00,0.00,0,125
29.03,1544519044,359.62,51.49066700,7.41630896,155.90,4.13,0.00,96.73,0,-111.00,-16.00,0.00,0.00,25.00,0.00,0,311
29.03,1544519044,359.62,51.49066700,7.41630896,155.90,4.13,0.00,96.73,0,-113.00,-19.00,0.00,0.00,25.00,0.00,0,384
29.03,1544519044,359.63,51.49066700,7.41630896,155.90,4.13,0.00,96.73,0,-114.00,-20.00,0.00,0.00,25.00,0.00,0,136
29.03,1544519044,359.63,51.49066700,7.41630896,155.90,4.13,0.00,96.73,0,-116.00,-20.00,0.00,0.00,25.00,0.00,0,199
29.03,1544519044,359.63,51.49066700,7.41630896,155.90,4.13,0.00,96.73,0,-121.00,-12.00,0.00,0.00,11.00,0.00,0,337
29.03,1544519044,359.64,51.49066700,7.41630896,155.90,4.13,0.00,96.73,0,-124.00,-16.00,0.00,0.00,11.00,0.00,0,293
29.03,1544519044,359.64,51.49066700,7.41630896,155.90,4.13,0.00,96.73,0,-125.00,-16.00,0.00,0.00,11.00,0.00,0,125
30.02,1544519045,363.72,51.49065554,7.41635574,155.88,2.74,0.00,99.54,0,-115.00,-11.00,0.00,0.00,17.00,0.00,0,347
31.02,1544519046,366.46,51.49065151,7.41638189,155.88,0.40,0.00,99.54,0,-115.00,-11.00,0.00,0.00,17.00,0.00,0,347
32.02,1544519047,366.86,51.49065151,7.41638189,155.87,0.00,0.00,99.54,0,-115.00,-14.00,0.00,0.00,18.00,0.00,0,347
32.02,1544519047,366.86,51.49065151,7.41638189,155.87,0.00,0.00,99.54,0,-120.00,-19.00,0.00,0.00,18.00,0.00,0,289
32.02,1544519047,366.86,51.49065151,7.41638189,155.87,0.00,0.00,99.54,0,-121.00,-20.00,0.00,0.00,18.00,0.00,0,345
33.02,1544519048,366.86,51.49065151,7.41638189,155.87,0.00,0.00,99.54,0,-115.00,-14.00,0.00,0.00,18.00,0.00,0,347
33.02,1544519048,366.86,51.49065151,7.41638189,155.87,0.00,0.00,99.54,0,-120.00,-19.00,0.00,0.00,18.00,0.00,0,289
33.03,1544519048,366.86,51.49065151,7.41638189,155.87,0.00,0.00,99.54,0,-121.00,-20.00,0.00,0.00,18.00,0.00,0,345
34.02,1544519049,366.86,51.49065151,7.41638189,155.86,0.00,0.00,99.54,0,-115.00,-11.00,0.00,0.00,16.00,0.00,0,347
34.02,1544519049,366.86,51.49065151,7.41638189,155.86,0.00,0.00,99.54,0,-119.00,-16.00,0.00,0.00,16.00,0.00,0,289
35.02,1544519050,366.86,51.49065151,7.41638189,155.84,0.00,0.00,99.54,0,-115.00,-11.00,0.00,0.00,16.00,0.00,0,347
35.02,1544519050,366.86,51.49065151,7.41638189,155.84,0.00,0.00,99.54,0,-119.00,-16.00,0.00,0.00,16.00,0.00,0,289
36.02,1544519051,366.86,51.49065151,7.41638189,155.83,0.00,0.00,99.54,0,-115.00,-11.00,0.00,0.00,16.00,0.00,0,347
36.02,1544519051,366.86,51.49065151,7.41638189,155.83,0.00,0.00,99.54,0,-119.00,-16.00,0.00,0.00,15.00,0.00,0,289
37.02,1544519052,366.86,51.49065151,7.41638189,155.81,0.00,0.00,99.54,0,-115.00,-11.00,0.00,0.00,16.00,0.00,0,347
37.02,1544519052,366.86,51.49065151,7.41638189,155.81,0.00,0.00,99.54,0,-119.00,-16.00,0.00,0.00,15.00,0.00,0,289
38.02,1544519053,366.86,51.49065151,7.41638189,155.78,0.00,0.00,99.54,0,-114.00,-11.00,0.00,0.00,16.00,0.00,0,385
38.02,1544519053,366.86,51.49065151,7.41638189,155.78,0.00,0.00,99.54,0,-119.00,-15.00,0.00,0.00,16.00,0.00,0,289
39.02,1544519054,366.86,51.49065151,7.41638189,155.76,0.00,0.00,99.54,0,-114.00,-11.00,0.00,0.00,16.00,0.00,0,385
39.03,1544519054,366.86,51.49065151,7.41638189,155.76,0.00,0.00,99.54,0,-119.00,-15.00,0.00,0.00,16.00,0.00,0,289
40.02,1544519055,366.86,51.49065151,7.41638189,155.73,0.00,0.00,99.54,0,-115.00,-14.00,0.00,0.00,19.00,0.00,0,385
40.02,1544519055,366.86,51.49065151,7.41638189,155.73,0.00,0.00,99.54,0,-120.00,-19.00,0.00,0.00,18.00,0.00,0,289
40.02,1544519055,366.86,51.49065151,7.41638189,155.73,0.00,0.00,99.54,0,-114.00,-15.00,0.00,0.00,21.00,0.00,0,385
40.02,1544519055,366.86,51.49065151,7.41638189,155.73,0.00,0.00,99.54,0,-116.00,-17.00,0.00,0.00,21.00,0.00,0,200
41.02,1544519056,366.86,51.49065151,7.41638189,155.71,0.00,0.00,99.54,0,-115.00,-14.00,0.00,0.00,19.00,0.00,0,385
41.03,1544519056,366.86,51.49065151,7.41638189,155.71,0.00,0.00,99.54,0,-120.00,-19.00,0.00,0.00,18.00,0.00,0,289
41.03,1544519056,366.86,51.49065151,7.41638189,155.71,0.00,0.00,99.54,0,-114.00,-15.00,0.00,0.00,21.00,0.00,0,385
41.03,1544519056,366.86,51.49065151,7.41638189,155.71,0.00,0.00,99.54,0,-116.00,-17.00,0.00,0.00,21.00,0.00,0,200
42.02,1544519057,366.86,51.49065151,7.41638189,155.56,0.00,0.00,99.54,0,-115.00,-13.00,0.00,0.00,19.00,0.00,0,385
42.03,1544519057,366.86,51.49065151,7.41638189,155.56,0.00,0.00,99.54,0,-116.00,-16.00,0.00,0.00,19.00,0.00,0,289
42.03,1544519057,366.86,51.49065151,7.41638189,155.56,0.00,0.00,99.54,0,-113.00,-17.00,0.00,0.00,23.00,0.00,0,200
42.03,1544519057,366.86,51.49065151,7.41638189,155.56,0.00,0.00,99.54,0,-114.00,-18.00,0.00,0.00,23.00,0.00,0,311
43.02,1544519058,366.86,51.49065151,7.41638189,155.43,0.00,0.00,98.48,0,-115.00,-13.00,0.00,0.00,19.00,0.00,0,385
43.02,1544519058,366.86,51.49065151,7.41638189,155.43,0.00,0.00,98.48,0,-116.00,-16.00,0.00,0.00,19.00,0.00,0,289
43.03,1544519058,366.86,51.49065151,7.41638189,155.43,0.00,0.00,98.48,0,-113.00,-17.00,0.00,0.00,23.00,0.00,0,200
43.03,1544519058,366.86,51.49065151,7.41638189,155.43,0.00,0.00,98.48,0,-114.00,-18.00,0.00,0.00,23.00,0.00,0,311
44.03,1544519059,366.86,51.49062319,7.41656381,154.56,0.00,0.00,101.09,0,-115.00,-10.00,0.00,0.00,27.00,0.00,0,347
45.02,1544519060,366.87,51.49060967,7.41665751,153.83,4.88,0.00,100.12,0,-115.00,-10.00,0.00,0.00,27.00,0.00,0,347
46.02,1544519061,371.76,51.49059628,7.41674388,153.29,5.44,0.00,101.75,0,-115.00,-10.00,0.00,0.00,27.00,0.00,0,347
47.02,1544519062,377.21,51.49058111,7.41683537,153.27,5.82,0.00,102.77,0,-107.00,-7.00,0.00,0.00,20.00,0.00,0,347
48.02,1544519063,383.02,51.49056775,7.41693753,153.32,6.11,0.00,103.72,0,-107.00,-7.00,0.00,0.00,20.00,0.00,0,347
49.02,1544519064,389.12,51.49055502,7.41699912,153.40,6.28,0.00,102.80,0,-109.00,-9.00,0.00,0.00,20.00,0.00,0,347
49.02,1544519064,389.12,51.49055502,7.41699912,153.40,6.28,0.00,102.80,0,-116.00,-15.00,0.00,0.00,20.00,0.00,0,345
50.02,1544519065,395.41,51.49054393,7.41708294,153.52,5.99,0.00,100.69,0,-109.00,-9.00,0.00,0.00,20.00,0.00,0,347
50.02,1544519065,395.42,51.49054393,7.41708294,153.52,5.99,0.00,100.69,0,-116.00,-15.00,0.00,0.00,20.00,0.00,0,345
51.02,1544519066,401.40,51.49055444,7.41714984,154.05,5.85,0.00,71.16,0,-112.00,-11.00,0.00,0.00,23.00,0.00,0,347
52.02,1544519067,407.24,51.49059109,7.41720818,154.48,6.05,0.00,41.36,0,-112.00,-11.00,0.00,0.00,23.00,0.00,0,347
53.02,1544519068,413.29,51.49065300,7.41724580,154.80,7.10,0.00,14.94,0,-116.00,-11.00,0.00,0.00,18.00,0.00,0,347
54.02,1544519069,420.40,51.49072430,7.41722702,155.16,8.03,0.00,353.46,0,-116.00,-11.00,0.00,0.00,18.00,0.00,0,347
55.02,1544519070,428.43,51.49079729,7.41720667,155.28,8.62,0.00,352.53,0,-112.00,-12.00,0.00,0.00,18.00,0.00,0,347
56.02,1544519071,437.04,51.49087495,7.41718176,155.12,8.66,0.00,351.77,0,-112.00,-12.00,0.00,0.00,18.00,0.00,0,347
57.02,1544519072,445.70,51.49096434,7.41715473,155.29,8.88,0.00,350.80,0,-112.00,-10.00,0.00,0.00,17.00,0.00,0,347
58.02,1544519073,454.58,51.49105035,7.41712138,155.40,9.25,0.00,349.86,0,-112.00,-10.00,0.00,0.00,17.00,0.00,0,347
59.02,1544519074,463.83,51.49113867,7.41708471,155.31,9.96,0.00,349.35,0,-112.00,-13.00,0.00,0.00,20.00,0.00,0,347
59.02,1544519074,463.84,51.49113867,7.41708471,155.31,9.96,0.00,349.35,0,-118.00,-16.00,0.00,0.00,18.00,0.00,0,216
60.03,1544519075,473.86,51.49122276,7.41705151,155.16,9.39,0.00,349.02,0,-112.00,-13.00,0.00,0.00,20.00,0.00,0,347
60.03,1544519075,473.87,51.49122276,7.41705151,155.16,9.39,0.00,349.02,0,-118.00,-16.00,0.00,0.00,18.00,0.00,0,216
61.02,1544519076,483.18,51.49130614,7.41701877,154.99,9.09,0.00,348.64,0,-109.00,-11.00,0.00,0.00,22.00,0.00,0,347
61.02,1544519076,483.19,51.49130614,7.41701877,154.99,9.09,0.00,348.64,0,-113.00,-15.00,0.00,0.00,21.00,0.00,0,216
62.02,1544519077,492.28,51.49138864,7.41698776,154.94,9.28,0.00,348.28,0,-109.00,-11.00,0.00,0.00,22.00,0.00,0,347
62.02,1544519077,492.29,51.49138864,7.41698776,154.94,9.28,0.00,348.28,0,-113.00,-15.00,0.00,0.00,21.00,0.00,0,216
63.02,1544519078,501.57,51.49146007,7.41695889,154.88,9.41,0.00,347.86,0,-111.00,-16.00,0.00,0.00,23.00,0.00,0,347
63.02,1544519078,501.58,51.49146007,7.41695889,154.88,9.41,0.00,347.86,0,-111.00,-15.00,0.00,0.00,22.00,0.00,0,216
64.03,1544519079,511.00,51.49154584,7.41692728,154.64,9.60,0.00,347.32,0,-111.00,-16.00,0.00,0.00,23.00,0.00,0,347
64.03,1544519079,511.00,51.49154584,7.41692728,154.64,9.60,0.00,347.32,0,-111.00,-15.00,0.00,0.00,22.00,0.00,0,216
65.03,1544519080,520.65,51.49163856,7.41688829,154.66,10.14,0.00,346.23,0,-110.00,-15.00,0.00,0.00,25.00,0.00,0,216
65.03,1544519080,520.68,51.49163856,7.41688829,154.66,10.14,0.00,346.23,0,-111.00,-16.00,0.00,0.00,26.00,0.00,0,347
66.02,1544519081,530.73,51.49172395,7.41684375,154.80,9.80,0.00,344.39,0,-110.00,-15.00,0.00,0.00,25.00,0.00,0,216
66.02,1544519081,530.73,51.49172395,7.41684375,154.80,9.80,0.00,344.39,0,-111.00,-16.00,0.00,0.00,26.00,0.00,0,347
67.02,1544519082,540.52,51.49180690,7.41679290,155.06,9.47,0.00,342.18,0,-110.00,-15.00,0.00,0.00,25.00,0.00,0,216
67.02,1544519082,540.53,51.49180690,7.41679290,155.06,9.47,0.00,342.18,0,-111.00,-16.00,0.00,0.00,26.00,0.00,0,347
68.02,1544519083,549.99,51.49189004,7.41674030,155.42,9.45,0.00,339.69,0,-112.00,-17.00,0.00,0.00,24.00,0.00,0,347
68.02,1544519083,550.00,51.49189004,7.41674030,155.42,9.45,0.00,339.69,0,-113.00,-18.00,0.00,0.00,24.00,0.00,0,289
68.02,1544519083,550.00,51.49189004,7.41674030,155.42,9.45,0.00,339.69,0,-115.00,-19.00,0.00,0.00,24.00,0.00,0,216
69.02,1544519084,559.44,51.49194250,7.41669351,155.99,8.89,0.00,336.63,0,-112.00,-17.00,0.00,0.00,24.00,0.00,0,347
69.02,1544519084,559.44,51.49194250,7.41669351,155.99,8.89,0.00,336.63,0,-113.00,-18.00,0.00,0.00,24.00,0.00,0,289
69.02,1544519084,559.44,51.49194250,7.41669351,155.99,8.89,0.00,336.63,0,-115.00,-19.00,0.00,0.00,24.00,0.00,0,216
70.02,1544519085,568.28,51.49201229,7.41663131,156.55,9.10,0.00,333.94,0,-112.00,-17.00,0.00,0.00,25.00,0.00,0,289
70.02,1544519085,568.29,51.49201229,7.41663131,156.55,9.10,0.00,333.94,0,-112.00,-18.00,0.00,0.00,25.00,0.00,0,347
71.02,1544519086,577.42,51.49207750,7.41657102,156.84,8.32,0.00,332.27,0,-112.00,-17.00,0.00,0.00,25.00,0.00,0,289
71.02,1544519086,577.43,51.49207750,7.41657102,156.84,8.32,0.00,332.27,0,-112.00,-18.00,0.00,0.00,25.00,0.00,0,347
72.02,1544519087,585.70,51.49215154,7.41650105,156.16,9.09,0.00,330.77,0,-108.00,-16.00,0.00,0.00,30.00,0.00,0,289
73.02,1544519088,594.85,51.49221872,7.41643763,155.84,8.30,0.00,330.74,0,-108.00,-16.00,0.00,0.00,30.00,0.00,0,289
74.02,1544519089,603.13,51.49229345,7.41637339,155.74,9.43,0.00,331.89,0,-101.00,-12.00,0.00,0.00,31.00,0.00,0,289
75.02,1544519090,612.56,51.49237619,7.41631058,155.43,9.23,0.00,333.34,0,-101.00,-12.00,0.00,0.00,31.00,0.00,0,289
105.02,1544519120,842.93,51.49436684,7.41554597,157.18,0.00,0.00,347.51,0,-112.00,-14.00,0.00,0.00,21.00,0.00,0,207
105.02,1544519120,842.93,51.49436684,7.41554597,157.18,0.00,0.00,347.51,0,-114.00,-16.00,0.00,0.00,21.00,0.00,0,104
105.02,1544519120,842.93,51.49436684,7.41554597,157.18,0.00,0.00,347.51,0,-115.00,-16.00,0.00,0.00,21.00,0.00,0,305
106.02,1544519121,842.93,51.49436684,7.41554597,157.19,0.00,0.00,347.51,0,-112.00,-14.00,0.00,0.00,21.00,0.00,0,207
106.02,1544519121,842.93,51.49436684,7.41554597,157.19,0.00,0.00,347.51,0,-114.00,-16.00,0.00,0.00,21.00,0.00,0,104
106.03,1544519121,842.93,51.49436684,7.41554597,157.19,0.00,0.00,347.51,0,-115.00,-16.00,0.00,0.00,21.00,0.00,0,305
191.03,1544519206,1622.44,51.49309466,7.40444407,161.90,14.61,0.00,258.06,0,-113.00,-11.00,0.00,0.00,18.00,0.00,0,356
192.02,1544519207,1636.87,51.49306705,7.40423632,161.19,14.32,0.00,258.02,0,-113.00,-11.00,0.00,0.00,18.00,0.00,0,356
193.02,1544519208,1651.27,51.49304013,7.40403318,160.67,14.05,0.00,258.38,0,-113.00,-11.00,0.00,0.00,18.00,0.00,0,356
196.02,1544519211,1692.51,51.49299036,7.40344521,160.55,12.04,0.00,264.98,0,-113.00,-15.00,0.00,0.00,20.00,0.00,0,356
197.02,1544519212,1704.55,51.49298853,7.40328899,160.68,11.01,0.00,266.89,0,-113.00,-15.00,0.00,0.00,20.00,0.00,0,356
202.02,1544519217,1752.76,51.49300266,7.40261185,160.96,7.72,0.00,268.83,0,-112.00,-13.00,0.00,0.00,24.00,0.00,0,356
202.02,1544519217,1752.76,51.49300266,7.40261185,160.96,7.72,0.00,268.83,0,-116.00,-17.00,0.00,0.00,24.00,0.00,0,355
203.02,1544519218,1760.47,51.49300018,7.40249973,161.36,6.78,0.00,267.01,0,-112.00,-13.00,0.00,0.00,24.00,0.00,0,356
203.02,1544519218,1760.48,51.49300018,7.40249973,161.36,6.78,0.00,267.01,0,-116.00,-17.00,0.00,0.00,24.00,0.00,0,355
204.02,1544519219,1767.25,51.49299741,7.40240084,161.50,6.64,0.00,266.50,0,-110.00,-16.00,0.00,0.00,23.00,0.00,0,356
205.02,1544519220,1773.89,51.49299455,7.40229554,161.87,6.43,0.00,267.16,0,-110.00,-16.00,0.00,0.00,23.00,0.00,0,356
206.02,1544519221,1780.35,51.49299369,7.40220603,162.08,5.80,0.00,268.12,0,-108.00,-10.00,0.00,0.00,21.00,0.00,0,356
206.02,1544519221,1780.36,51.49299369,7.40220603,162.08,5.80,0.00,268.12,0,-114.00,-15.00,0.00,0.00,21.00,0.00,0,355
207.02,1544519222,1786.14,51.49299393,7.40214467,161.75,4.81,0.00,268.72,0,-108.00,-10.00,0.00,0.00,21.00,0.00,0,356
207.02,1544519222,1786.15,51.49299393,7.40214467,161.75,4.81,0.00,268.72,0,-114.00,-15.00,0.00,0.00,21.00,0.00,0,355
215.02,1544519230,1823.56,51.49282904,7.40175253,161.06,5.42,0.00,185.17,0,-116.00,-19.00,0.00,0.00,22.00,0.00,0,356
216.02,1544519231,1829.00,51.49277600,7.40174741,161.21,6.58,0.00,185.52,0,-116.00,-19.00,0.00,0.00,22.00,0.00,0,356
221.02,1544519236,1861.06,51.49247312,7.40176845,163.29,6.71,0.00,182.73,0,-116.00,-12.00,0.00,0.00,18.00,0.00,0,356
222.02,1544519237,1867.75,51.49241241,7.40176947,163.61,7.59,0.00,181.96,0,-116.00,-12.00,0.00,0.00,18.00,0.00,0,356
223.02,1544519238,1875.32,51.49234600,7.40177292,163.77,7.43,0.00,181.28,0,-116.00,-16.00,0.00,0.00,20.00,0.00,0,356
224.02,1544519239,1882.74,51.49227741,7.40177333,164.15,7.13,0.00,180.85,0,-116.00,-16.00,0.00,0.00,20.00,0.00,0,356
225.02,1544519240,1889.92,51.49221664,7.40177674,164.41,7.47,0.00,180.85,0,-112.00,-20.00,0.00,0.00,29.00,0.00,0,356
226.02,1544519241,1897.38,51.49215511,7.40177972,164.34,8.14,0.00,181.47,0,-112.00,-20.00,0.00,0.00,29.00,0.00,0,356
227.02,1544519242,1905.53,51.49207529,7.40177901,164.46,8.87,0.00,181.03,0,-113.00,-11.00,0.00,0.00,18.00,0.00,0,356
227.03,1544519242,1905.54,51.49207529,7.40177901,164.46,8.87,0.00,181.03,0,-117.00,-18.00,0.00,0.00,23.00,0.00,0,289
227.03,1544519242,1905.54,51.49207529,7.40177901,164.46,8.87,0.00,181.03,0,-119.00,-17.00,0.00,0.00,19.00,0.00,0,355
228.03,1544519243,1914.41,51.49199147,7.40177583,164.66,9.53,0.00,180.39,0,-113.00,-11.00,0.00,0.00,18.00,0.00,0,356
228.03,1544519243,1914.42,51.49199147,7.40177583,164.66,9.53,0.00,180.39,0,-117.00,-18.00,0.00,0.00,23.00,0.00,0,289
228.03,1544519243,1914.43,51.49199147,7.40177583,164.66,9.53,0.00,180.39,0,-119.00,-17.00,0.00,0.00,19.00,0.00,0,355
229.02,1544519244,1923.93,51.49190333,7.40177451,164.82,10.29,0.00,180.37,0,-113.00,-13.00,0.00,0.00,25.00,0.00,0,356
229.02,1544519244,1923.93,51.49190333,7.40177451,164.82,10.29,0.00,180.37,0,-113.00,-17.00,0.00,0.00,26.00,0.00,0,355
230.02,1544519245,1934.21,51.49181203,7.40177664,164.87,9.79,0.00,180.18,0,-113.00,-13.00,0.00,0.00,25.00,0.00,0,356
230.02,1544519245,1934.22,51.49181203,7.40177664,164.87,9.79,0.00,180.18,0,-113.00,-17.00,0.00,0.00,26.00,0.00,0,355
231.02,1544519246,1944.01,51.49171962,7.40177475,165.23,9.62,0.00,180.25,0,-118.00,-13.00,0.00,0.00,14.00,0.00,0,356
232.03,1544519247,1953.64,51.49162611,7.40177047,165.82,9.73,0.00,180.85,0,-118.00,-13.00,0.00,0.00,14.00,0.00,0,356
233.03,1544519248,1963.37,51.49154432,7.40176988,166.23,9.51,0.00,180.99,0,-113.00,-17.00,0.00,0.00,22.00,0.00,0,356
234.02,1544519249,1972.82,51.49146557,7.40177168,166.17,9.76,0.00,180.97,0,-113.00,-17.00,0.00,0.00,22.00,0.00,0,356
235.02,1544519250,1982.63,51.49137285,7.40176260,166.52,10.21,0.00,181.96,0,-113.00,-17.00,0.00,0.00,22.00,0.00,0,356
236.02,1544519251,1992.82,51.49127859,7.40175780,166.60,10.89,0.00,181.28,0,-110.00,-11.00,0.00,0.00,20.00,0.00,0,356
237.02,1544519252,2003.72,51.49118239,7.40175202,166.58,11.41,0.00,180.97,0,-110.00,-11.00,0.00,0.00,20.00,0.00,0,356
238.02,1544519253,2015.14,51.49107894,7.40175131,166.54,11.57,0.00,180.59,0,-111.00,-10.00,0.00,0.00,19.00,0.00,0,356
239.02,1544519254,2026.65,51.49097804,7.40175001,166.60,11.05,0.00,179.60,0,-111.00,-10.00,0.00,0.00,19.00,0.00,0,356
240.02,1544519255,2037.73,51.49088120,7.40174844,166.51,11.31,0.00,179.95,0,-112.00,-11.00,0.00,0.00,20.00,0.00,0,356
241.02,1544519256,2049.06,51.49077768,7.40174793,166.53,11.38,0.00,180.12,0,-112.00,-11.00,0.00,0.00,20.00,0.00,0,356
242.02,1544519257,2060.44,51.49067334,7.40174290,166.87,10.98,0.00,180.56,0,-115.00,-11.00,0.00,0.00,14.00,0.00,0,356
243.02,1544519258,2071.43,51.49057732,7.40174297,166.99,10.59,0.00,180.31,0,-115.00,-11.00,0.00,0.00,14.00,0.00,0,356
244.02,1544519259,2081.99,51.49048955,7.40174481,166.91,10.60,0.00,180.59,0,-114.00,-16.00,0.00,0.00,22.00,0.00,0,356
245.02,1544519260,2092.58,51.49039192,7.40174614,167.08,10.52,0.00,180.95,0,-114.00,-16.00,0.00,0.00,22.00,0.00,0,356
246.02,1544519261,2103.14,51.49029505,7.40174547,167.31,10.10,0.00,180.52,0,-113.00,-16.00,0.00,0.00,23.00,0.00,0,356
247.02,1544519262,2113.23,51.49020790,7.40174493,167.55,9.57,0.00,181.01,0,-113.00,-16.00,0.00,0.00,23.00,0.00,0,356
248.02,1544519263,2122.80,51.49011631,7.40174707,168.11,9.26,0.00,180.52,0,-112.00,-11.00,0.00,0.00,17.00,0.00,0,356
249.02,1544519264,2132.07,51.49002630,7.40175026,168.57,9.28,0.00,179.84,0,-112.00,-11.00,0.00,0.00,17.00,0.00,0,356
250.02,1544519265,2141.33,51.48994409,7.40175523,169.10,9.23,0.00,178.90,0,-108.00,-10.00,0.00,0.00,20.00,0.00,0,356
251.02,1544519266,2150.57,51.48986450,7.40175821,169.32,9.30,0.00,178.76,0,-108.00,-10.00,0.00,0.00,20.00,0.00,0,356
252.02,1544519267,2159.87,51.48978816,7.40176044,169.36,8.50,0.00,179.54,0,-110.00,-10.00,0.00,0.00,20.00,0.00,0,356
252.02,1544519267,2159.88,51.48978816,7.40176044,169.36,8.50,0.00,179.54,0,-115.00,-13.00,0.00,0.00,17.00,0.00,0,216
253.02,1544519268,2168.38,51.48970661,7.40175786,170.01,7.93,0.00,179.57,0,-110.00,-10.00,0.00,0.00,20.00,0.00,0,356
253.02,1544519268,2168.39,51.48970661,7.40175786,170.01,7.93,0.00,179.57,0,-115.00,-13.00,0.00,0.00,17.00,0.00,0,216
254.02,1544519269,2176.26,51.48964878,7.40175921,170.28,6.87,0.00,180.27,0,-111.00,-10.00,0.00,0.00,20.00,0.00,0,356
255.02,1544519270,2183.13,51.48957206,7.40175765,170.94,7.34,0.00,180.65,0,-111.00,-10.00,0.00,0.00,20.00,0.00,0,356
256.03,1544519271,2190.56,51.48949977,7.40175713,171.60,7.84,0.00,178.23,0,-109.00,-10.00,0.00,0.00,22.00,0.00,0,356
257.02,1544519272,2198.36,51.48943881,7.40179395,172.22,7.99,0.00,156.27,0,-109.00,-10.00,0.00,0.00,22.00,0.00,0,356
258.02,1544519273,2206.34,51.48940319,7.40188233,172.87,9.14,0.00,121.17,0,-109.00,-10.00,0.00,0.00,22.00,0.00,0,356
259.02,1544519274,2215.50,51.48939597,7.40202862,173.16,9.98,0.00,94.65,0,-109.00,-10.00,0.00,0.00,19.00,0.00,0,356
260.02,1544519275,2225.46,51.48939081,7.40220151,173.17,11.29,0.00,94.03,0,-109.00,-10.00,0.00,0.00,19.00,0.00,0,356
261.02,1544519276,2236.77,51.48938514,7.40236177,173.29,11.90,0.00,93.11,0,-109.00,-9.00,0.00,0.00,19.00,0.00,0,356
262.02,1544519277,2248.69,51.48937728,7.40255282,173.50,12.90,0.00,92.70,0,-109.00,-9.00,0.00,0.00,19.00,0.00,0,356
263.02,1544519278,2261.55,51.48937294,7.40274113,173.67,13.24,0.00,92.09,0,-109.00,-11.00,0.00,0.00,23.00,0.00,0,356
264.02,1544519279,2274.80,51.48936940,7.40292748,173.68,13.77,0.00,91.71,0,-109.00,-11.00,0.00,0.00,23.00,0.00,0,356
265.02,1544519280,2288.57,51.48936723,7.40313098,173.61,13.74,0.00,91.24,0,-109.00,-9.00,0.00,0.00,21.00,0.00,0,356
266.02,1544519281,2302.34,51.48936868,7.40331879,173.54,13.42,0.00,90.40,0,-109.00,-9.00,0.00,0.00,21.00,0.00,0,356
267.02,1544519282,2315.75,51.48936927,7.40351671,173.47,13.62,0.00,91.29,0,-112.00,-11.00,0.00,0.00,19.00,0.00,0,356
267.03,1544519282,2315.78,51.48936927,7.40351671,173.47,13.62,0.00,91.29,0,-115.00,-14.00,0.00,0.00,18.00,0.00,0,289
268.02,1544519283,2329.36,51.48937116,7.40371434,173.62,13.52,0.00,90.39,0,-112.00,-11.00,0.00,0.00,19.00,0.00,0,356
268.02,1544519283,2329.37,51.48937116,7.40371434,173.62,13.52,0.00,90.39,0,-115.00,-14.00,0.00,0.00,18.00,0.00,0,289
269.02,1544519284,2342.88,51.48937139,7.40390807,173.98,13.45,0.00,90.89,0,-110.00,-13.00,0.00,0.00,23.00,0.00,0,356
270.02,1544519285,2356.33,51.48937049,7.40409055,174.47,13.20,0.00,91.08,0,-110.00,-13.00,0.00,0.00,23.00,0.00,0,356
271.02,1544519286,2369.55,51.48936976,7.40427661,174.98,12.74,0.00,91.32,0,-113.00,-11.00,0.00,0.00,18.00,0.00,0,356
271.02,1544519286,2369.55,51.48936976,7.40427661,174.98,12.74,0.00,91.32,0,-116.00,-13.00,0.00,0.00,17.00,0.00,0,289
272.02,1544519287,2382.29,51.48936947,7.40446905,175.46,12.60,0.00,90.90,0,-113.00,-11.00,0.00,0.00,18.00,0.00,0,356
272.02,1544519287,2382.31,51.48936947,7.40446905,175.46,12.60,0.00,90.90,0,-116.00,-13.00,0.00,0.00,17.00,0.00,0,289
273.02,1544519288,2394.89,51.48936922,7.40465609,175.92,12.80,0.00,90.30,0,-113.00,-11.00,0.00,0.00,17.00,0.00,0,289
273.02,1544519288,2394.90,51.48936922,7.40465609,175.92,12.80,0.00,90.30,0,-114.00,-12.00,0.00,0.00,17.00,0.00,0,356
274.02,1544519289,2407.67,51.48936930,7.40484215,176.28,12.71,0.00,90.02,0,-113.00,-11.00,0.00,0.00,17.00,0.00,0,289
274.02,1544519289,2407.68,51.48936930,7.40484215,176.28,12.71,0.00,90.02,0,-114.00,-12.00,0.00,0.00,17.00,0.00,0,356
275.02,1544519290,2420.36,51.48936940,7.40502258,176.61,12.45,0.00,90.01,0,-110.00,-11.00,0.00,0.00,20.00,0.00,0,356
275.02,1544519290,2420.37,51.48936940,7.40502258,176.61,12.45,0.00,90.01,0,-116.00,-14.00,0.00,0.00,18.00,0.00,0,385
275.02,1544519290,2420.37,51.48936940,7.40502258,176.61,12.45,0.00,90.01,0,-108.00,-13.00,0.00,0.00,24.00,0.00,0,38
275.02,1544519290,2420.37,51.48936940,7.40502258,176.61,12.45,0.00,90.01,0,-112.00,-16.00,0.00,0.00,23.00,0.00,0,263
276.02,1544519291,2432.81,51.48936950,7.40519308,176.94,12.06,0.00,89.52,0,-110.00,-11.00,0.00,0.00,20.00,0.00,0,356
276.02,1544519291,2432.82,51.48936950,7.40519308,176.94,12.06,0.00,89.52,0,-116.00,-14.00,0.00,0.00,18.00,0.00,0,385
276.02,1544519291,2432.82,51.48936950,7.40519308,176.94,12.06,0.00,89.52,0,-108.00,-13.00,0.00,0.00,24.00,0.00,0,38
276.02,1544519291,2432.82,51.48936950,7.40519308,176.94,12.06,0.00,89.52,0,-112.00,-16.00,0.00,0.00,23.00,0.00,0,263
277.03,1544519292,2444.93,51.48937459,7.40537480,177.21,12.43,0.00,87.87,0,-108.00,-14.00,0.00,0.00,31.00,0.00,0,356
278.02,1544519293,2457.29,51.48938464,7.40556326,177.41,12.84,0.00,86.12,0,-108.00,-14.00,0.00,0.00,31.00,0.00,0,356
279.02,1544519294,2470.17,51.48940034,7.40576005,177.62,12.58,0.00,84.09,0,-108.00,-14.00,0.00,0.00,31.00,0.00,0,356
284.02,1544519299,2531.62,51.48952710,7.40665828,178.86,12.36,0.00,77.14,0,-106.00,-16.00,0.00,0.00,27.00,0.00,0,200
284.03,1544519299,2531.63,51.48952710,7.40665828,178.86,12.36,0.00,77.14,0,-110.00,-17.00,0.00,0.00,26.00,0.00,0,311
285.02,1544519300,2543.96,51.48955722,7.40683306,179.16,12.46,0.00,77.57,0,-106.00,-16.00,0.00,0.00,27.00,0.00,0,200
285.02,1544519300,2543.97,51.48955722,7.40683306,179.16,12.46,0.00,77.57,0,-110.00,-17.00,0.00,0.00,26.00,0.00,0,311
286.02,1544519301,2556.41,51.48957903,7.40699816,179.14,12.28,0.00,78.96,0,-108.00,-13.00,0.00,0.00,25.00,0.00,0,200
286.02,1544519301,2556.42,51.48957903,7.40699816,179.14,12.28,0.00,78.96,0,-110.00,-15.00,0.00,0.00,25.00,0.00,0,311
287.02,1544519302,2568.69,51.48960085,7.40716615,178.94,12.21,0.00,79.64,0,-108.00,-13.00,0.00,0.00,25.00,0.00,0,200
287.02,1544519302,2568.69,51.48960085,7.40716615,178.94,12.21,0.00,79.64,0,-110.00,-15.00,0.00,0.00,25.00,0.00,0,311
292.02,1544519307,2631.00,51.48972758,7.40809023,178.16,12.62,0.00,78.58,0,-110.00,-14.00,0.00,0.00,24.00,0.00,0,207
292.02,1544519307,2631.00,51.48972758,7.40809023,178.16,12.62,0.00,78.58,0,-114.00,-18.00,0.00,0.00,24.00,0.00,0,38
293.02,1544519308,2643.67,51.48975030,7.40825657,178.01,12.71,0.00,77.90,0,-110.00,-14.00,0.00,0.00,24.00,0.00,0,207
293.02,1544519308,2643.69,51.48975030,7.40825657,178.01,12.71,0.00,77.90,0,-114.00,-18.00,0.00,0.00,24.00,0.00,0,38
294.02,1544519309,2656.32,51.48977384,7.40843217,177.55,12.91,0.00,77.37,0,-108.00,-15.00,0.00,0.00,28.00,0.00,0,385
295.02,1544519310,2669.27,51.48979863,7.40861842,177.26,13.38,0.00,77.11,0,-108.00,-15.00,0.00,0.00,28.00,0.00,0,385
296.02,1544519311,2682.66,51.48982501,7.40880179,176.87,13.68,0.00,77.25,0,-112.00,-18.00,0.00,0.00,26.00,0.00,0,385
297.02,1544519312,2696.34,51.48985166,7.40899292,176.30,13.71,0.00,77.15,0,-112.00,-18.00,0.00,0.00,26.00,0.00,0,385
298.03,1544519313,2710.17,51.48987782,7.40917963,175.62,13.74,0.00,77.79,0,-110.00,-16.00,0.00,0.00,27.00,0.00,0,385
299.02,1544519314,2723.77,51.48990586,7.40936982,174.44,13.65,0.00,78.09,0,-110.00,-16.00,0.00,0.00,27.00,0.00,0,385
300.02,1544519315,2737.42,51.48993182,7.40956097,173.15,13.60,0.00,78.04,0,-110.00,-16.00,0.00,0.00,27.00,0.00,0,385
301.02,1544519316,2751.03,51.48995783,7.40974812,172.01,13.46,0.00,78.65,0,-107.00,-13.00,0.00,0.00,28.00,0.00,0,385
301.02,1544519316,2751.05,51.48995783,7.40974812,172.01,13.46,0.00,78.65,0,-109.00,-14.00,0.00,0.00,24.00,0.00,0,38
301.02,1544519316,2751.06,51.48995783,7.40974812,172.01,13.46,0.00,78.65,0,-111.00,-17.00,0.00,0.00,24.00,0.00,0,207
302.02,1544519317,2764.45,51.48998266,7.40993709,170.99,13.44,0.00,78.44,0,-107.00,-13.00,0.00,0.00,28.00,0.00,0,385
302.02,1544519317,2764.45,51.48998266,7.40993709,170.99,13.44,0.00,78.44,0,-109.00,-14.00,0.00,0.00,24.00,0.00,0,38
302.02,1544519317,2764.46,51.48998266,7.40993709,170.99,13.44,0.00,78.44,0,-111.00,-17.00,0.00,0.00,24.00,0.00,0,207
303.02,1544519318,2777.89,51.49000758,7.41012306,170.23,13.33,0.00,78.45,0,-112.00,-18.00,0.00,0.00,26.00,0.00,0,385
303.02,1544519318,2777.91,51.49000758,7.41012306,170.23,13.33,0.00,78.45,0,-113.00,-16.00,0.00,0.00,21.00,0.00,0,385
303.02,1544519318,2777.91,51.49000758,7.41012306,170.23,13.33,0.00,78.45,0,-117.00,-18.00,0.00,0.00,21.00,0.00,0,38
304.02,1544519319,2791.28,51.49003028,7.41031307,169.59,13.04,0.00,79.21,0,-112.00,-18.00,0.00,0.00,26.00,0.00,0,385
304.02,1544519319,2791.29,51.49003028,7.41031307,169.59,13.04,0.00,79.21,0,-113.00,-16.00,0.00,0.00,21.00,0.00,0,385
304.02,1544519319,2791.29,51.49003028,7.41031307,169.59,13.04,0.00,79.21,0,-117.00,-18.00,0.00,0.00,21.00,0.00,0,38
305.02,1544519320,2804.29,51.49005331,7.41049540,168.94,13.08,0.00,78.45,0,-108.00,-18.00,0.00,0.00,27.00,0.00,0,385
306.02,1544519321,2817.36,51.49007833,7.41067566,168.38,13.14,0.00,77.61,0,-108.00,-18.00,0.00,0.00,27.00,0.00,0,385
