11.38,1544794928,111.48,51.49055935,7.41420756,155.34,14.55,0.00,78.34,1,-89.00,-6.00,15.00,12.00,49.00,9.00,26385408,95,0,0.5,4.5977,94
23.38,1544794940,267.63,51.49066497,7.41640819,152.75,11.64,0.00,96.68,1,-82.00,-5.00,16.00,15.00,53.00,10.00,26385408,95,1,8,21.143,198
30.84,1544794948,307.61,51.49058655,7.41694684,152.58,0.00,0.00,104.73,1,-83.00,-5.00,22.00,12.00,52.00,4.00,29391105,167,2,1,10.4849,68
43.19,1544794960,307.61,51.49058655,7.41694684,152.54,0.00,0.00,104.73,1,-77.00,-6.00,28.00,12.00,59.00,4.00,29391105,167,3,8,20.5589,48
52.15,1544794969,307.61,51.49058655,7.41694684,152.44,0.00,0.00,104.73,1,-77.00,-8.00,26.00,15.00,62.00,4.00,29391105,167,4,5,18.7617,49
61.89,1544794979,307.61,51.49057515,7.41694831,152.15,0.00,0.00,26.07,1,-77.00,-6.00,28.00,15.00,60.00,4.00,29391105,167,5,6,26.9058,48
72.18,1544794989,307.61,51.49056042,7.41688593,150.52,0.00,0.00,291.67,1,-77.00,-6.00,25.00,15.00,58.00,4.00,29391105,167,6,5,18.5357,59
83.70,1544795000,336.70,51.49023067,7.41725637,151.77,10.76,0.00,168.00,1,-76.00,-5.00,29.00,15.00,58.00,4.00,29391105,167,7,10,21.9599,94
90.28,1544795007,424.66,51.48941254,7.41759176,151.75,14.75,0.00,167.49,1,-83.00,-5.00,25.00,15.00,53.00,4.00,29391105,167,8,0.1,4.44446,119
104.06,1544795021,639.67,51.48745992,7.41782373,150.25,15.70,0.00,162.42,1,-91.00,-7.00,11.00,9.00,47.00,4.00,29391105,167,9,7,13.8648,60
110.95,1544795028,743.38,51.48669326,7.41867303,144.33,13.29,-0.18,156.77,1,-102.00,-8.00,11.00,7.00,36.00,10.00,28365056,222,10,1,8.3682,41
120.21,1544795037,850.07,51.48580416,7.41849775,144.04,10.13,0.00,184.95,1,-94.00,-8.00,24.00,8.00,46.00,10.00,28365056,222,11,0.1,4.27809,81
136.04,1544795053,1031.82,51.48421060,7.41863856,150.36,13.97,0.48,209.14,1,-98.00,-8.00,-3.00,8.00,40.00,12.00,29391105,167,12,4,5.39084,60
141.02,1544795058,1100.77,51.48369772,7.41808978,146.95,13.50,-0.11,213.76,1,-99.00,-9.00,8.00,7.00,41.00,8.00,28365056,222,13,0.5,4.05268,49
152.03,1544795069,1247.70,51.48254351,7.41711574,146.80,13.94,0.31,202.00,1,-104.00,-9.00,7.00,7.00,36.00,8.00,28365056,222,14,3,11.7474,37
161.00,1544795078,1358.46,51.48168520,7.41665375,152.31,2.05,-3.70,200.85,1,-90.00,-11.00,9.00,8.00,52.00,8.00,28365056,222,15,0.5,4.14938,95
170.16,1544795087,1360.80,51.48168520,7.41665375,152.44,0.00,0.00,200.85,1,-91.00,-9.00,7.00,8.00,50.00,8.00,28365056,222,16,0.1,4.93829,51
182.79,1544795100,1360.80,51.48168520,7.41665375,152.61,0.00,0.00,200.85,1,-89.00,-10.00,6.00,7.00,53.00,8.00,28365056,222,17,4,11.4123,42
194.73,1544795111,1360.80,51.48168663,7.41662437,153.16,0.00,0.00,200.85,1,-92.00,-9.00,4.00,6.00,48.00,8.00,28365056,222,18,10,17.208,54
203.16,1544795120,1360.80,51.48172983,7.41659316,154.08,0.00,0.00,354.13,1,-93.00,-11.00,6.00,9.00,49.00,8.00,28365056,222,19,6,15.3748,46
213.76,1544795130,1364.47,51.48160155,7.41654316,154.93,2.83,0.00,171.64,1,-91.00,-12.00,4.00,8.00,53.00,8.00,28365056,222,20,5,10.7066,95
222.74,1544795139,1450.16,51.48154699,7.41789222,154.12,13.77,0.00,83.65,1,-86.00,-9.00,4.00,9.00,54.00,5.00,28365057,224,21,5,14.4928,37
235.35,1544795152,1658.30,51.48169799,7.42097367,146.31,17.83,0.00,81.97,1,-84.00,-10.00,5.00,9.00,56.00,5.00,28365057,224,22,9,13.4479,37
243.07,1544795160,1786.04,51.48195241,7.42288952,143.60,17.58,0.00,78.26,1,-98.00,-11.00,-3.00,4.00,44.00,5.00,28365057,224,23,3,7.75946,35
256.37,1544795173,2008.87,51.48238406,7.42591284,132.91,15.87,0.00,76.74,1,-99.00,-8.00,5.00,8.00,40.00,16.00,28368386,213,24,2,2.55714,46
265.46,1544795182,2109.81,51.48258413,7.42732002,134.20,5.20,0.00,78.81,1,-102.00,-13.00,-2.00,6.00,43.00,16.00,28368386,213,25,7,10.2302,38
275.45,1544795192,2187.10,51.48260068,7.42852338,134.56,11.37,0.00,92.40,1,-97.00,-12.00,1.00,6.00,45.00,16.00,28368386,213,26,6,8.80572,34
288.64,1544795205,2362.30,51.48240837,7.43101459,137.37,9.37,0.00,96.85,1,-97.00,-11.00,1.00,7.00,44.00,16.00,28368386,213,27,10,9.46634,44
294.42,1544795211,2382.20,51.48238442,7.43126338,137.91,0.00,0.00,96.05,1,-89.00,-9.00,4.00,12.00,50.00,5.00,28367106,86,28,8,14.4633,41
303.54,1544795220,2382.20,51.48238442,7.43126338,137.92,0.00,0.00,96.05,1,-96.00,-8.00,4.00,6.00,40.00,5.00,28367106,86,29,9,20.2817,43
315.50,1544795232,2382.20,51.48238442,7.43126338,137.87,0.00,0.00,96.05,1,-94.00,-9.00,2.00,9.00,45.00,5.00,28367106,86,30,9,13.2548,108
322.40,1544795239,2382.20,51.48238442,7.43126338,137.89,0.00,0.00,96.05,1,-96.00,-10.00,0.00,4.00,42.00,5.00,28367106,86,31,3,10.084,43
334.71,1544795251,2399.40,51.48235376,7.43162931,137.97,6.99,0.00,97.45,1,-94.00,-9.00,0.00,4.00,46.00,5.00,28367106,86,32,6,10.2324,40
341.29,1544795258,2439.08,51.48229505,7.43222340,139.99,5.87,0.00,96.38,1,-98.00,-11.00,3.00,6.00,44.00,12.00,28368386,213,33,1,6.13497,42
352.23,1544795269,2547.73,51.48217324,7.43382493,140.85,12.59,0.00,96.82,1,-88.00,-9.00,10.00,11.00,52.00,11.00,28368386,213,34,2,7.17811,39
362.71,1544795279,2682.17,51.48204264,7.43568272,142.71,12.41,0.00,95.69,1,-85.00,-7.00,10.00,15.00,50.00,4.00,28367106,86,35,7,20.4978,38
372.41,1544795289,2801.81,51.48191367,7.43742429,145.34,10.20,0.00,96.64,1,-91.00,-10.00,7.00,11.00,50.00,4.00,28367105,85,36,4,13.3445,39
383.89,1544795301,2855.50,51.48185118,7.43829769,147.69,1.73,0.50,86.90,1,-82.00,-5.00,15.00,8.00,55.00,4.00,28367105,85,37,9,18.5854,88
391.06,1544795308,2881.97,51.48184390,7.43874027,150.46,6.21,1.26,96.61,1,-93.00,-6.00,14.00,10.00,43.00,4.00,28367105,85,38,2,15.0659,39
401.19,1544795318,2978.13,51.48174846,7.44012183,150.02,11.51,0.00,95.34,1,-93.00,-7.00,11.00,7.00,45.00,8.00,28368386,213,39,0.5,3.38409,45
413.06,1544795330,3123.43,51.48133286,7.44209931,152.39,13.90,-0.66,127.95,1,-97.00,-11.00,10.00,7.00,44.00,8.00,28368386,213,40,3,7.8125,37
420.18,1544795337,3221.14,51.48072589,7.44305195,153.82,11.75,0.00,137.75,1,-85.00,-5.00,18.00,15.00,51.00,7.00,28367105,85,41,0.1,4.23282,45
431.52,1544795348,3372.46,51.47946610,7.44382187,155.62,15.74,0.00,151.61,1,-101.00,-10.00,0.00,7.00,39.00,7.00,28367105,85,42,1,5.09554,36
441.49,1544795358,3531.90,51.47819365,7.44492342,157.18,13.74,0.00,151.46,1,-107.00,-12.00,-2.00,4.00,36.00,14.00,29568768,213,43,1,5.38721,43
451.59,1544795368,3601.89,51.47768305,7.44538749,158.18,0.91,0.00,150.27,1,-102.00,-9.00,4.00,7.00,39.00,7.00,28368384,215,44,1,5.02513,45
463.57,1544795380,3602.40,51.47768305,7.44538749,158.31,0.00,0.00,150.27,1,-100.00,-9.00,10.00,8.00,39.00,7.00,28368384,215,45,9,20.1342,42
470.24,1544795387,3645.80,51.47720963,7.44580175,159.19,13.76,0.00,151.60,1,-100.00,-8.00,11.00,7.00,40.00,7.00,28368384,215,46,0.1,3.12501,36
481.38,1544795398,3811.78,51.47590487,7.44690278,159.58,14.19,0.00,151.68,1,-84.00,-9.00,22.00,9.00,57.00,11.00,29568768,415,47,4,22.9391,37
490.56,1544795407,3928.07,51.47504603,7.44772405,161.32,9.28,0.00,146.05,1,-96.00,-8.00,7.00,7.00,43.00,7.00,28368384,215,48,0.5,8.11359,61
505.41,1544795422,4042.82,51.47425557,7.44877348,157.50,9.03,0.00,140.43,1,-99.00,-9.00,7.00,7.00,41.00,7.00,28368384,215,49,9,13.5415,97
513.00,1544795430,4122.38,51.47369609,7.44962705,158.46,11.08,0.12,133.54,1,-92.00,-8.00,11.00,11.00,48.00,7.00,28368384,215,50,10,26.4901,37
522.06,1544795439,4223.41,51.47313805,7.45081160,157.52,12.32,1.48,123.14,1,-83.00,-5.00,17.00,10.00,54.00,7.00,29568768,415,51,10,39.0434,35
532.53,1544795449,4388.08,51.47260615,7.45297124,157.96,16.48,0.00,106.25,1,-75.00,-5.00,33.00,13.00,61.00,7.00,29568768,415,52,7,21.9264,39
541.98,1544795459,4530.13,51.47226026,7.45506419,159.54,14.47,0.32,108.54,1,-83.00,-5.00,26.00,15.00,53.00,7.00,29568768,415,53,6,24.1085,38
552.78,1544795469,4679.77,51.47179636,7.45689200,156.75,12.63,0.00,115.12,1,-87.00,-6.00,26.00,12.00,49.00,7.00,29568768,415,54,9,26.1818,46
562.40,1544795479,4791.36,51.47133636,7.45835350,152.77,9.07,0.00,115.60,1,-89.00,-7.00,21.00,11.00,49.00,7.00,29568768,415,55,4,13.3167,38
575.53,1544795492,4845.57,51.47114803,7.45900942,151.04,0.00,0.00,116.05,1,-93.00,-8.00,19.00,7.00,47.00,7.00,29568768,415,56,6,8.75593,50
592.23,1544795509,4845.57,51.47114803,7.45900942,150.94,0.00,0.00,116.05,1,-86.00,-11.00,10.00,10.00,53.00,7.00,29568768,415,57,4,2.72712,54
597.61,1544795514,4848.18,51.47108648,7.45921768,150.34,5.63,0.00,116.84,1,-86.00,-11.00,7.00,11.00,52.00,7.00,29568768,415,58,10,12.4883,394
602.00,1544795519,4880.45,51.47090942,7.45978005,151.42,9.32,0.78,116.04,1,-95.00,-9.00,8.00,6.00,46.00,7.00,29568768,415,59,2,8.01603,47
612.46,1544795529,4997.50,51.47051403,7.46125977,151.85,13.14,0.00,114.34,1,-94.00,-8.00,0.00,4.00,46.00,6.00,29568769,416,60,5,16.0385,43
625.21,1544795542,5167.95,51.46986935,7.46354361,152.61,13.27,0.00,113.47,1,-100.00,-10.00,2.00,7.00,41.00,15.00,26378498,495,61,6,9.19012,38
635.56,1544795552,5303.87,51.46950746,7.46535984,151.94,13.50,0.00,103.24,1,-97.00,-8.00,5.00,7.00,42.00,15.00,26378498,495,62,4,5.77201,96
640.47,1544795557,5368.13,51.46943283,7.46629736,152.30,13.40,0.00,95.81,1,-96.00,-9.00,5.00,9.00,44.00,14.00,29401601,354,63,0.5,8.60215,39
651.59,1544795568,5540.00,51.46955277,7.46875054,151.25,15.76,0.00,81.94,1,-99.00,-10.00,0.00,7.00,40.00,14.00,29401601,354,64,3,14.742,37
664.57,1544795581,5764.50,51.46980919,7.47198680,157.50,17.48,0.00,89.40,1,-98.00,-11.00,-3.00,9.00,43.00,14.00,29401601,354,65,10,17.5362,40
673.61,1544795590,5920.26,51.46969223,7.47419834,160.23,16.75,0.00,97.35,1,-102.00,-9.00,4.00,6.00,39.00,21.00,31263232,281,66,2,4.43582,37
685.55,1544795602,6104.36,51.46955818,7.47685610,164.55,14.94,0.00,88.56,1,-99.00,-12.00,-7.00,6.00,43.00,94.00,29908736,249,67,6,8.69723,40
692.28,1544795609,6196.26,51.46967691,7.47821269,165.89,11.59,0.00,78.23,1,-100.00,-12.00,-1.00,6.00,43.00,25.00,28371200,68,68,2,6.94746,37
704.05,1544795621,6255.45,51.46981423,7.47896683,169.33,0.00,0.00,75.73,1,-87.00,-7.00,9.00,9.00,50.00,8.00,26378497,496,69,9,17.7866,45
710.17,1544795627,6255.45,51.46981423,7.47896683,169.33,0.00,0.00,75.73,1,-87.00,-7.00,9.00,12.00,50.00,8.00,26378497,496,70,0.1,4.6243,46
722.30,1544795639,6255.45,51.46981423,7.47896683,169.36,0.00,0.00,75.73,1,-86.00,-8.00,10.00,7.00,52.00,8.00,26378497,496,71,2,7.21371,123
730.18,1544795647,6289.85,51.46992962,7.47960354,171.81,9.16,0.00,72.19,1,-82.00,-8.00,15.00,10.00,56.00,8.00,26378497,496,72,0.1,4.79044,52
744.19,1544795661,6436.56,51.47025551,7.48159019,172.57,7.50,0.00,141.03,1,-86.00,-9.00,1.00,6.00,52.00,8.00,26378497,496,73,8,15.3073,45
756.76,1544795673,6567.85,51.46913711,7.48213021,171.70,6.23,0.00,168.13,1,-91.00,-10.00,7.00,11.00,49.00,8.00,26378497,496,74,10,11.9725,48
764.14,1544795681,6585.36,51.46898089,7.48220286,171.91,0.00,0.00,163.25,1,-93.00,-12.00,-1.00,5.00,50.00,8.00,29913344,432,75,8,15.6671,50
773.89,1544795691,6603.83,51.46868828,7.48228792,171.65,9.70,1.84,166.83,1,-92.00,-8.00,7.00,9.00,48.00,8.00,29913344,432,76,5,10.3896,39
783.89,1544795701,6685.82,51.46797743,7.48260304,171.18,6.34,-0.84,167.51,1,-94.00,-11.00,2.00,5.00,48.00,8.00,29913344,432,77,6,12.3077,36
793.74,1544795710,6769.89,51.46726845,7.48276814,169.73,12.27,0.00,176.88,1,-95.00,-9.00,12.00,12.00,46.00,8.00,29913344,432,78,8,17.288,40
802.08,1544795719,6894.09,51.46606595,7.48236006,166.60,15.20,-0.45,197.87,1,-91.00,-6.00,14.00,12.00,47.00,8.00,29913344,432,79,4,15.2891,38
810.62,1544795727,7024.13,51.46504798,7.48157848,165.08,14.43,0.00,201.51,1,-83.00,-6.00,11.00,11.00,55.00,8.00,29913344,432,80,1,12.966,38
823.11,1544795740,7202.36,51.46347230,7.48077497,171.85,13.26,0.15,195.96,1,-77.00,-6.00,24.00,15.00,60.00,1.00,29913346,433,81,9,23.1288,37
832.39,1544795749,7313.43,51.46253895,7.48035782,173.30,7.39,0.00,194.84,1,-71.00,-6.00,22.00,15.00,61.00,1.00,29913346,433,82,9,30.1003,50
841.93,1544795759,7336.73,51.46235991,7.48027847,173.91,0.00,0.00,195.00,1,-84.00,-7.00,21.00,15.00,53.00,1.00,29913346,433,83,6,24.948,36
852.57,1544795769,7336.73,51.46235991,7.48027847,173.87,0.00,0.00,195.00,1,-79.00,-6.00,25.00,15.00,56.00,1.00,29913346,433,84,5,15.829,83
862.99,1544795780,7346.59,51.46222193,7.48020261,174.00,1.18,0.01,196.93,1,-83.00,-5.00,19.00,12.00,52.00,1.00,29913346,433,85,9,23.9282,37
873.04,1544795790,7352.10,51.46220407,7.48019353,174.13,0.00,0.00,196.09,1,-85.00,-6.00,19.00,12.00,54.00,1.00,29913346,433,86,10,26.5604,46
882.02,1544795799,7352.10,51.46220407,7.48019353,174.27,0.00,0.00,194.02,1,-86.00,-6.00,19.00,12.00,48.00,1.00,29913346,433,87,4,15.8103,37
893.06,1544795810,7416.90,51.46205321,7.48115265,172.00,11.47,1.01,90.60,1,-87.00,-6.00,22.00,9.00,50.00,1.00,29913346,433,88,7,18.3667,37
902.63,1544795819,7528.18,51.46204011,7.48267084,173.85,11.52,0.00,91.66,1,-75.00,-8.00,16.00,11.00,63.00,1.00,29913346,433,89,5,15.1343,38
910.77,1544795827,7604.47,51.46204408,7.48382353,175.11,8.88,0.00,73.52,1,-95.00,-7.00,25.00,9.00,44.00,2.00,29913345,434,90,1,10.596,50
921.69,1544795838,7713.73,51.46123180,7.48442853,177.98,13.04,0.00,172.48,1,-82.00,-7.00,14.00,13.00,56.00,2.00,29913345,434,91,2,9.41176,41
931.04,1544795848,7834.39,51.46001956,7.48441973,188.08,14.13,1.04,187.81,1,-92.00,-9.00,4.00,7.00,48.00,2.00,29913345,434,92,1,7.64818,43
944.54,1544795861,8039.01,51.45826365,7.48386381,195.32,16.51,0.00,192.10,1,-99.00,-10.00,2.00,4.00,42.00,2.00,29913345,434,93,7,12.2431,37
954.55,1544795871,8200.52,51.45681792,7.48340953,201.76,17.30,0.00,190.48,1,-90.00,-8.00,3.00,12.00,49.00,7.00,28371200,68,94,6,10.5727,49
960.41,1544795877,8297.19,51.45595172,7.48321299,207.06,16.05,0.00,185.55,1,-95.00,-11.00,-2.00,9.00,48.00,7.00,28371200,68,95,0.1,3.13727,91
972.25,1544795889,8497.03,51.45410843,7.48391524,218.76,16.96,0.00,154.09,1,-87.00,-8.00,32.00,11.00,53.00,5.00,28371202,67,96,4,14.0351,39
980.15,1544795897,8632.80,51.45319469,7.48533529,223.80,18.12,0.00,132.97,1,-83.00,-8.00,29.00,13.00,57.00,5.00,28371202,67,97,0.1,5.12822,37
992.36,1544795909,8851.16,51.45174270,7.48730738,234.31,16.47,0.00,154.27,1,-88.00,-9.00,25.00,8.00,53.00,5.00,28371202,67,98,6,20.3218,45
