16.11,1544794933,199.12,51.49073580,7.41536406,155.50,12.81,0.00,81.56,1,-99.00,-10.00,0.00,7.00,35.00,8.00,13828122,452,0,1,1.31105,39
27.30,1544794944,314.80,51.49063486,7.41689969,147.68,1.29,0.00,106.00,1,-101.00,-15.00,-7.00,4.00,37.00,8.00,13828122,452,1,5,5.84197,52
37.39,1544794954,315.78,51.49063486,7.41689969,147.73,0.00,0.00,106.00,1,-94.00,-9.00,3.00,7.00,37.00,7.00,13416987,62,2,2,2.16949,46
43.93,1544794961,315.78,51.49063486,7.41689969,147.79,0.00,0.00,106.00,1,-95.00,-12.00,0.00,9.00,38.00,7.00,13416987,62,3,2,4.11311,61
61.89,1544794979,315.78,51.49058388,7.41689010,147.99,0.00,0.00,106.00,1,-94.00,-11.00,6.00,8.00,41.00,7.00,13416987,62,4,8,5.39493,59
63.80,1544794981,315.78,51.49057623,7.41687664,147.98,0.00,0.00,106.00,1,-99.00,-13.00,1.00,8.00,38.00,7.00,13416987,62,5,0.5,2.10526,1128
83.87,1544795001,354.46,51.49002234,7.41731859,138.92,12.69,1.35,166.84,1,-98.00,-13.00,-3.00,6.00,38.00,7.00,13416987,62,6,6,3.46771,54
84.88,1544795002,367.14,51.48990128,7.41737224,139.62,13.35,0.80,165.80,1,-97.00,-12.00,3.00,5.00,39.00,7.00,13416987,62,7,0.1,1.39131,1204
107.59,1544795024,714.88,51.48699727,7.41831752,141.27,14.88,0.00,139.57,1,-99.00,-13.00,-7.00,5.00,38.00,6.00,13416986,61,9,1,1.09185,165
114.28,1544795031,804.24,51.48625492,7.41861450,139.27,11.31,0.00,193.17,1,-94.00,-12.00,2.00,6.00,43.00,7.00,13416987,62,8,10,3.29584,48
127.40,1544795044,942.65,51.48508197,7.41890044,147.64,11.21,0.00,160.58,1,-102.00,-14.00,-4.00,6.00,38.00,6.00,13416986,61,10,5,2.50031,571
148.47,1544795065,1217.07,51.48265235,7.41719940,146.27,13.58,0.36,203.89,1,-99.00,-10.00,2.00,6.00,34.00,6.00,13416986,61,11,8,2.33483,353
181.02,1544795098,1342.82,51.48168577,7.41665648,151.29,0.00,0.00,200.95,1,-106.00,-20.00,-8.00,3.00,37.00,6.00,13416986,61,13,8,1.68443,1858
185.14,1544795102,1342.82,51.48168577,7.41665648,151.31,0.00,0.00,200.95,1,-104.00,-16.00,-6.00,5.00,36.00,6.00,13416986,61,12,5,0.766049,1012
204.16,1544795121,1342.82,51.48172117,7.41668997,152.28,0.00,0.00,233.46,1,-92.00,-12.00,-1.00,7.00,45.00,10.00,13884185,27,19,1,1.63199,46
211.55,1544795128,1348.19,51.48154575,7.41662979,153.03,3.26,0.00,182.94,1,-97.00,-14.00,-1.00,6.00,42.00,10.00,13884185,27,20,2,6.76819,52
221.98,1544795139,1450.13,51.48158945,7.41830371,153.67,15.03,1.00,84.15,1,-86.00,-7.00,7.00,9.00,45.00,10.00,13884185,27,21,4,11.5607,47
234.62,1544795152,1660.42,51.48178068,7.42124018,145.38,16.89,0.00,80.47,1,-90.00,-10.00,-4.00,6.00,43.00,11.00,13495579,134,22,6,8.79282,35
255.61,1544795172,2011.21,51.48245737,7.42610929,126.27,15.23,0.00,77.96,1,-96.00,-9.00,5.00,6.00,38.00,11.00,13495577,135,23,6,2.92951,67
259.62,1544795177,2063.86,51.48255521,7.42684469,123.82,10.64,0.00,79.10,1,-89.00,-13.00,2.00,6.00,47.00,13.00,13825561,339,25,0.1,2.33237,72
261.69,1544795179,2082.48,51.48258481,7.42709451,123.12,7.10,0.00,80.34,1,-93.00,-13.00,0.00,6.00,43.00,13.00,13825561,339,24,5,4.00842,853
272.87,1544795190,2162.08,51.48267451,7.42834556,128.36,10.74,0.00,89.61,1,-88.00,-9.00,2.00,7.00,45.00,13.00,13825561,339,26,1,2.22408,52
288.49,1544795205,2358.25,51.48244133,7.43119739,136.12,5.40,0.00,97.77,1,-88.00,-9.00,-3.00,7.00,42.00,13.00,13823003,266,27,5,4.3071,54
291.16,1544795208,2364.83,51.48243519,7.43124824,136.16,0.00,0.00,96.89,1,-85.00,-11.00,3.00,9.00,48.00,13.00,13823003,266,28,2,8.28586,73
302.16,1544795219,2364.83,51.48243519,7.43124824,136.18,0.00,0.00,96.89,1,-90.00,-11.00,3.00,8.00,44.00,13.00,13823003,266,29,3,8.18554,54
311.28,1544795228,2364.83,51.48243519,7.43124824,136.25,0.00,0.00,96.89,1,-86.00,-7.00,20.00,9.00,43.00,13.00,13823003,266,30,3,11.6167,55
325.47,1544795242,2364.83,51.48243519,7.43124824,136.31,0.00,0.00,96.89,1,-88.00,-7.00,18.00,6.00,43.00,13.00,13823003,266,31,7,9.03663,59
340.18,1544795257,2419.90,51.48233768,7.43227572,138.83,5.92,0.13,95.73,1,-90.00,-10.00,4.00,8.00,46.00,13.00,13823003,266,32,9,6.55141,51
341.12,1544795258,2425.46,51.48233070,7.43235929,137.94,7.03,1.26,96.17,1,-84.00,-10.00,-2.00,6.00,47.00,11.00,13825561,339,33,0.5,4.81348,236
352.52,1544795269,2551.54,51.48219949,7.43413818,139.01,12.83,0.00,96.70,1,-80.00,-9.00,4.00,7.00,49.00,8.00,13823003,266,34,6,14.3326,35
363.97,1544795281,2699.10,51.48201363,7.43641156,144.51,12.69,-0.91,97.14,1,-81.00,-6.00,16.00,10.00,51.00,8.00,13823003,266,35,8,13.4936,66
370.95,1544795288,2781.46,51.48192683,7.43755978,143.23,9.07,-2.17,96.32,1,-76.00,-7.00,22.00,12.00,55.00,8.00,13823003,266,36,2,9.63275,116
379.61,1544795297,2830.14,51.48188395,7.43819982,144.70,2.02,0.00,98.60,1,-70.00,-6.00,24.00,12.00,60.00,8.00,13823003,266,37,0.5,10.2828,32
395.15,1544795312,2911.85,51.48181229,7.43948147,150.47,10.69,0.90,94.55,1,-68.00,-8.00,25.00,14.00,63.00,8.00,13823003,266,38,9,12.1704,58
403.42,1544795320,3007.36,51.48172346,7.44080565,152.43,11.58,0.00,96.38,1,-64.00,-10.00,21.00,15.00,63.00,8.00,13823003,266,39,6,11.415,42
414.83,1544795332,3155.51,51.48107683,7.44249954,153.31,14.24,0.00,134.13,1,-65.00,-8.00,15.00,12.00,63.00,8.00,13823003,266,40,4,5.88885,88
426.43,1544795343,3306.12,51.47984568,7.44351020,159.49,14.57,0.00,152.58,1,-62.00,-6.00,26.00,14.00,63.00,0.00,13823002,265,41,10,11.0558,32
433.88,1544795351,3422.87,51.47897807,7.44428304,161.63,16.50,0.00,151.66,1,-72.00,-11.00,8.00,13.00,56.00,11.00,12896793,375,42,4,6.8699,47
443.83,1544795361,3560.08,51.47790424,7.44522041,160.04,8.10,0.00,150.79,1,-74.00,-6.00,19.00,12.00,53.00,11.00,12896793,375,43,2,3.54296,129
454.62,1544795372,3583.96,51.47770553,7.44540013,160.04,0.00,0.00,151.69,1,-75.00,-7.00,19.00,15.00,58.00,11.00,12896793,375,44,7,10.4322,46
464.60,1544795381,3583.96,51.47759642,7.44550600,159.96,0.00,0.00,151.73,1,-75.00,-7.00,25.00,12.00,59.00,11.00,12896793,375,45,3,4.50704,58
475.54,1544795392,3727.24,51.47639869,7.44653056,160.97,14.90,0.00,152.28,1,-73.00,-10.00,25.00,15.00,63.00,11.00,12896793,375,46,5,6.30915,47
487.36,1544795404,3888.38,51.47513632,7.44766375,159.79,10.08,0.00,146.83,1,-66.00,-11.00,23.00,15.00,63.00,11.00,12896793,375,47,10,9.94036,39
492.52,1544795409,3931.26,51.47485675,7.44797082,157.57,6.29,0.00,143.37,1,-81.00,-11.00,17.00,11.00,55.00,11.00,12896793,375,48,6,14.733,68
501.89,1544795419,4001.42,51.47439906,7.44856830,154.38,9.08,0.00,140.26,1,-79.00,-7.00,19.00,12.00,54.00,11.00,12896793,375,49,6,18.419,74
513.13,1544795430,4118.39,51.47356125,7.44987910,159.84,11.42,-0.50,131.18,1,-70.00,-7.00,19.00,15.00,60.00,11.00,12896793,375,50,4,8.13215,55
524.27,1544795441,4253.49,51.47291711,7.45156982,164.36,16.47,0.00,116.10,1,-72.00,-6.00,9.00,6.00,62.00,1.00,12896794,376,51,5,7.91452,48
529.40,1544795446,4340.30,51.47266747,7.45273468,165.37,16.73,0.00,107.23,1,-71.00,-6.00,20.00,1.00,59.00,1.00,12896794,376,52,0.1,5.33335,41
540.89,1544795458,4514.45,51.47229561,7.45502845,157.61,14.47,0.00,108.54,1,-73.00,-6.00,28.00,15.00,58.00,1.00,12896794,376,53,2,9.60961,66
553.64,1544795471,4685.49,51.47169462,7.45733885,156.52,11.88,0.00,115.94,1,-85.00,-8.00,15.00,9.00,47.00,1.00,12896794,376,54,3,5.38721,36
565.24,1544795482,4799.27,51.47122258,7.45880173,153.06,5.02,-1.26,114.98,1,-90.00,-9.00,9.00,8.00,42.00,1.00,12896794,376,55,3,3.97022,44
569.77,1544795487,4814.33,51.47117531,7.45895630,153.04,1.48,0.00,116.42,1,-91.00,-7.00,9.00,12.00,39.00,1.00,12896794,376,56,0.5,7.44879,60
585.80,1544795503,4817.26,51.47116477,7.45899032,153.12,0.00,0.00,117.74,1,-91.00,-8.00,10.00,11.00,43.00,1.00,12896794,376,57,1,1.21341,39
604.18,1544795521,4891.84,51.47078116,7.46026290,152.97,11.76,1.02,112.58,1,-91.00,-8.00,12.00,9.00,43.00,1.00,12896794,376,58,10,5.33725,51
605.80,1544795523,4910.73,51.47074541,7.46041241,152.83,11.62,0.00,112.04,1,-84.00,-8.00,11.00,10.00,49.00,1.00,12896794,376,59,5,6.14628,69
615.58,1544795532,5036.02,51.47027836,7.46209481,153.55,13.54,0.00,115.25,1,-85.00,-10.00,11.00,12.00,48.00,1.00,12896794,376,60,9,11.2694,55
619.81,1544795537,5093.20,51.47007299,7.46277143,154.73,13.82,0.00,116.02,1,-89.00,-7.00,7.00,9.00,42.00,1.00,12896794,376,61,0.5,6.15385,35
629.39,1544795546,5219.15,51.46961312,7.46458416,152.25,13.55,0.00,108.19,1,-94.00,-8.00,7.00,11.00,40.00,1.00,12896794,376,62,0.1,4.23282,49
643.71,1544795561,5414.57,51.46946736,7.46734134,150.22,16.21,0.00,87.88,1,-100.00,-11.00,1.00,5.00,37.00,1.00,12896794,376,63,6,10.568,35
660.10,1544795577,5692.24,51.46986154,7.47145119,153.48,17.86,0.24,86.40,1,-91.00,-8.00,9.00,6.00,39.00,1.00,12896794,376,64,9,6.63106,41
665.15,1544795582,5780.73,51.46981673,7.47273544,157.34,17.26,0.13,94.03,1,-93.00,-7.00,6.00,9.00,39.00,1.00,12896794,376,65,2,2.8085,193
677.68,1544795595,5990.63,51.46958937,7.47556932,159.58,15.36,0.00,94.65,1,-98.00,-15.00,-2.00,5.00,42.00,15.00,12909339,376,66,4,5.17632,975
683.28,1544795600,6071.32,51.46958477,7.47682501,161.68,14.91,0.00,88.09,1,-94.00,-13.00,0.00,7.00,43.00,15.00,12909339,289,67,3,5.86941,55
699.74,1544795617,6228.91,51.46982416,7.47896086,164.75,0.79,0.00,75.64,1,-87.00,-11.00,19.00,9.00,49.00,15.00,12909339,289,68,8,6.10571,60
702.65,1544795620,6229.32,51.46982416,7.47896086,164.77,0.00,0.00,75.64,1,-91.00,-11.00,9.00,9.00,46.00,15.00,12909339,289,69,3,8.26731,366
719.97,1544795637,6229.32,51.46982416,7.47896086,164.81,0.00,0.00,75.64,1,-91.00,-7.00,25.00,9.00,43.00,15.00,12909339,289,70,6,4.47219,58
725.39,1544795642,6241.96,51.46989189,7.47928700,167.68,6.45,0.00,74.41,1,-91.00,-11.00,8.00,9.00,46.00,15.00,12909339,289,71,3,4.33369,314
735.23,1544795652,6339.25,51.47018898,7.48069480,172.11,13.05,-0.08,70.93,1,-88.00,-8.00,11.00,10.00,45.00,15.00,12909339,289,72,10,13.2472,56
739.36,1544795656,6389.11,51.47032180,7.48131683,172.90,9.30,0.00,73.54,1,-90.00,-8.00,28.00,12.00,43.00,15.00,12909339,289,73,0.1,5.29803,56
756.25,1544795673,6554.19,51.46907740,7.48216935,173.91,3.67,0.00,169.01,1,-89.00,-7.00,30.00,10.00,42.00,15.00,12909339,289,74,9,10.3463,103
767.59,1544795684,6563.92,51.46895156,7.48220455,173.58,0.00,0.00,170.49,1,-86.00,-7.00,31.00,11.00,46.00,15.00,12909339,289,75,8,7.70899,58
771.62,1544795689,6573.44,51.46873876,7.48231133,175.86,8.21,0.00,163.70,1,-86.00,-11.00,12.00,10.00,49.00,15.00,12909339,289,76,4,13.1796,69
793.91,1544795711,6771.45,51.46698868,7.48275789,172.45,14.93,0.00,181.16,1,-86.00,-7.00,29.00,9.00,47.00,15.00,12909339,289,77,9,4.90965,62
795.86,1544795713,6800.73,51.46671589,7.48270487,172.58,14.94,0.00,186.43,1,-87.00,-12.00,10.00,9.00,51.00,15.00,12909339,289,78,2,4.34075,1122
813.07,1544795730,7068.20,51.46440851,7.48124595,168.30,14.81,-0.14,198.19,1,-86.00,-8.00,28.00,11.00,47.00,15.00,12909339,289,79,7,4.04186,81
824.84,1544795742,7227.63,51.46310965,7.48065514,171.43,12.97,0.00,195.97,1,-90.00,-11.00,7.00,6.00,45.00,15.00,12909339,289,80,5,2.99401,621
827.18,1544795744,7256.36,51.46280829,7.48051862,170.71,11.19,-0.70,196.02,1,-93.00,-12.00,4.00,7.00,43.00,15.00,12909339,289,81,3,3.99002,530
839.11,1544795756,7313.91,51.46239044,7.48033793,169.45,0.00,0.00,200.38,1,-88.00,-12.00,3.00,8.00,47.00,7.00,12909595,143,82,8,6.47511,30
851.33,1544795768,7313.91,51.46239044,7.48033793,169.48,0.00,0.00,200.38,1,-90.00,-12.00,5.00,6.00,46.00,7.00,12909595,143,83,10,6.59576,36
859.64,1544795777,7321.62,51.46224917,7.48028182,170.42,1.81,0.00,195.30,1,-91.00,-12.00,4.00,11.00,42.00,7.00,12909595,143,84,10,9.19118,662
860.37,1544795777,7322.88,51.46223626,7.48027587,170.53,1.24,0.00,195.15,1,-91.00,-12.00,5.00,10.00,47.00,7.00,12909595,143,85,0.5,5.90842,203
870.38,1544795787,7326.91,51.46221612,7.48026687,170.80,0.00,0.00,193.79,1,-92.00,-7.00,9.00,8.00,40.00,7.00,12909595,143,86,1,6.60611,38
879.33,1544795796,7326.91,51.46221612,7.48026687,170.82,0.00,0.00,193.79,1,-91.00,-7.00,11.00,6.00,42.00,7.00,12909595,143,87,0.1,6.01506,38
890.62,1544795808,7386.97,51.46205602,7.48099365,173.00,10.58,0.00,91.02,1,-94.00,-8.00,16.00,9.00,34.00,7.00,12909595,143,88,1,5.62588,63
899.49,1544795816,7489.33,51.46203922,7.48249573,174.46,11.83,0.00,91.34,1,-98.00,-10.00,4.00,8.00,35.00,7.00,12909595,143,89,0.1,3.18726,124
915.01,1544795832,7633.21,51.46164969,7.48433634,178.20,10.86,0.83,165.67,1,-98.00,-7.00,1.00,10.00,33.00,5.00,12909593,141,90,9,12.3098,33
919.77,1544795837,7691.58,51.46119768,7.48448088,178.01,13.06,0.00,170.29,1,-77.00,-10.00,4.00,7.00,55.00,5.00,12909593,141,91,0.5,7.27273,42
937.34,1544795854,7940.60,51.45890672,7.48413960,196.13,14.48,0.00,192.87,1,-80.00,-9.00,8.00,9.00,53.00,5.00,12909593,141,92,9,8.88999,61
940.45,1544795857,7986.92,51.45849389,7.48397168,197.77,15.71,0.00,192.62,1,-64.00,-9.00,1.00,6.00,63.00,1.00,12909595,143,93,0.5,3.36134,48
958.38,1544795875,8277.78,51.45588570,7.48324352,213.49,16.13,0.00,184.61,1,-81.00,-12.00,-1.00,4.00,54.00,1.00,12909595,143,94,10,8.78156,49
962.64,1544795880,8349.40,51.45527962,7.48327803,216.67,16.55,0.00,176.60,1,-88.00,-12.00,3.00,7.00,47.00,3.00,12909594,142,95,7,16.0275,32
974.59,1544795891,8551.68,51.45362370,7.48460278,229.72,17.40,0.00,133.80,1,-89.00,-7.00,10.00,8.00,42.00,3.00,12909594,142,96,6,9.00394,112
981.05,1544795898,8664.41,51.45285134,7.48596272,232.82,18.05,0.15,133.55,1,-99.00,-8.00,7.00,7.00,33.00,3.00,12909594,142,97,3,12.7389,36
