39.93,1545134408,316.29,51.49058954,7.41687109,153.67,0.00,0.00,103.29,1,-106.00,-19.00,-11.00,4.00,40.00,8.00,13828122,452,1,1,0.458085,364
42.54,1545134410,316.29,51.49058954,7.41687109,153.66,0.00,0.00,103.29,1,-103.00,-12.00,-3.00,5.00,36.00,8.00,13828122,452,0,7,1.75115,81
51.60,1545134420,342.88,51.49027313,7.41725725,157.08,11.15,1.21,167.89,1,-99.00,-13.00,1.00,7.00,39.00,6.00,13416987,62,2,2,0.889729,887
60.31,1545134428,462.68,51.48914771,7.41765573,158.29,14.52,0.31,169.14,1,-97.00,-14.00,0.00,6.00,43.00,6.00,13416987,62,3,9,4.04881,622
69.53,1545134437,597.02,51.48793131,7.41767573,153.81,15.11,0.39,179.77,1,-100.00,-12.00,1.00,8.00,39.00,6.00,13416987,62,4,3,1.43747,879
81.53,1545134449,769.91,51.48662019,7.41867742,146.84,13.90,-1.75,170.49,1,-98.00,-12.00,3.00,6.00,41.00,6.00,13416987,62,5,9,3.54296,333
81.58,1545134450,770.57,51.48662019,7.41867742,146.84,13.90,-1.60,170.49,1,-102.00,-14.00,-5.00,6.00,39.00,5.00,13416986,61,6,0.5,0.426212,613
91.46,1545134459,889.46,51.48556173,7.41855914,141.91,11.48,0.23,168.40,1,-103.00,-13.00,-2.00,7.00,36.00,5.00,13416986,61,7,2,1.68599,58
93.83,1545134462,916.88,51.48537350,7.41866923,143.70,11.77,-0.12,161.24,1,-102.00,-12.00,1.00,8.00,36.00,5.00,13416986,61,8,0.1,0.83074,800
115.00,1545134483,1199.91,51.48312669,7.41752429,147.58,14.24,0.02,209.41,1,-108.00,-13.00,-3.00,4.00,32.00,5.00,13416986,61,9,5,2.78009,80
117.23,1545134485,1231.79,51.48277755,7.41725441,148.40,14.57,0.67,204.49,1,-107.00,-14.00,-6.00,6.00,33.00,19.00,13427483,146,10,4,5.36283,291
132.25,1545134500,1383.02,51.48166668,7.41663857,154.87,0.00,0.00,201.86,1,-100.00,-8.00,2.00,6.00,34.00,19.00,13427483,146,11,10,6.81489,62
134.26,1545134502,1383.02,51.48166668,7.41663857,154.88,0.00,0.00,201.86,1,-99.00,-16.00,-4.00,5.00,43.00,12.00,13495579,146,12,3,8.33333,277
146.34,1545134514,1383.02,51.48166668,7.41663857,154.88,0.00,0.00,201.86,1,-91.00,-13.00,5.00,6.00,47.00,10.00,13884185,27,13,1,1.39106,98
150.88,1545134519,1383.02,51.48166668,7.41663857,154.89,0.00,0.00,201.86,1,-91.00,-10.00,7.00,6.00,44.00,10.00,13884185,27,14,0.1,2.25353,56
175.52,1545134543,1561.28,51.48165840,7.41973814,154.22,17.92,-0.10,86.00,1,-95.00,-11.00,0.00,6.00,42.00,13.00,13495579,134,15,10,5.36265,130
181.16,1545134549,1661.71,51.48174267,7.42126558,145.86,18.17,2.33,80.77,1,-93.00,-12.00,3.00,5.00,45.00,9.00,13884185,27,16,7,7.13467,1355
191.77,1545134560,1855.66,51.48210149,7.42378209,139.32,17.71,-0.37,77.47,1,-101.00,-19.00,-8.00,4.00,43.00,11.00,13495579,134,17,2,1.46466,152
199.26,1545134567,1986.51,51.48235653,7.42576823,135.55,17.55,0.68,77.33,1,-103.00,-16.00,-5.00,4.00,39.00,15.00,13884185,27,18,4,4.41928,122
233.89,1545134602,2378.66,51.48236790,7.43142716,143.85,11.42,7.92,97.37,1,-93.00,-10.00,2.00,1.00,45.00,10.00,13823003,266,22,3,6.44468,34
248.09,1545134616,2578.71,51.48214983,7.43432756,142.25,14.99,0.85,96.36,1,-86.00,-9.00,7.00,9.00,51.00,10.00,13823003,266,23,10,10.1266,34
250.39,1545134618,2613.33,51.48211705,7.43477857,141.07,15.64,0.19,96.43,1,-82.00,-12.00,6.00,9.00,55.00,10.00,13823003,266,24,0.1,5.47947,45
264.65,1545134633,2772.59,51.48194303,7.43691483,143.70,6.31,1.13,96.52,1,-75.00,-6.00,22.00,11.00,57.00,10.00,13823003,266,25,4,7.24146,36
275.38,1545134643,2854.71,51.48186047,7.43821489,146.19,9.58,2.12,95.48,1,-77.00,-6.00,25.00,12.00,56.00,10.00,13823003,266,26,9,14.0051,67
286.19,1545134654,2950.54,51.48177181,7.43964095,148.61,10.27,1.76,95.01,1,-67.00,-7.00,31.00,15.00,63.00,10.00,13823003,266,27,8,10.7131,35
294.45,1545134662,3014.95,51.48172201,7.44047038,147.36,2.25,-1.11,96.46,1,-69.00,-10.00,13.00,11.00,63.00,10.00,13823003,266,28,9,16.9412,55
302.80,1545134671,3034.94,51.48170798,7.44077919,148.08,2.80,-6.25,97.18,1,-73.00,-7.00,19.00,14.00,60.00,10.00,13823003,266,29,3,9.23788,35
311.05,1545134679,3044.17,51.48170739,7.44082948,148.37,0.00,0.00,96.18,1,-75.00,-8.00,6.00,7.00,63.00,10.00,13823003,266,30,1,8.99888,37
323.67,1545134692,3070.72,51.48164938,7.44136128,159.65,7.64,-0.12,115.39,1,-68.00,-9.00,21.00,12.00,63.00,10.00,13823003,266,31,7,16.0458,32
333.47,1545134701,3172.27,51.48099741,7.44259847,158.99,12.40,-0.56,133.24,1,-70.00,-6.00,7.00,6.00,62.00,1.00,13823002,265,32,2,4.92156,93
341.28,1545134709,3261.25,51.48034687,7.44316621,159.71,9.55,0.60,174.88,1,-69.00,-5.00,21.00,12.00,63.00,1.00,13823002,265,33,1,7.24638,43
354.45,1545134722,3422.60,51.47903178,7.44422107,161.73,13.98,-0.08,151.70,1,-87.00,-15.00,0.00,3.00,55.00,1.00,13823002,265,34,5,9.38086,47
362.60,1545134731,3537.79,51.47814519,7.44498267,163.92,14.21,-0.16,151.58,1,-80.00,-7.00,22.00,12.00,54.00,10.00,12896793,375,35,5,16.6182,47
376.35,1545134744,3725.38,51.47664628,7.44629797,163.87,11.09,-0.56,152.08,1,-78.00,-6.00,22.00,15.00,55.00,10.00,12896793,375,36,2,2.62037,106
384.18,1545134752,3799.93,51.47609229,7.44677976,163.38,6.30,-1.90,152.31,1,-71.00,-7.00,25.00,12.00,63.00,10.00,12896793,375,37,4,8.10537,101
394.81,1545134763,3820.16,51.47599592,7.44686697,163.79,0.00,0.00,151.32,1,-76.00,-10.00,19.00,14.00,62.00,10.00,12896793,375,38,2,3.50186,97
404.12,1545134772,3820.16,51.47599592,7.44686697,163.63,0.00,0.00,151.32,1,-77.00,-7.00,30.00,11.00,59.00,10.00,12896793,375,39,6,12.2982,88
413.37,1545134781,3862.33,51.47543619,7.44735933,157.46,11.11,1.08,149.71,1,-70.00,-7.00,29.00,15.00,63.00,10.00,12896793,375,40,7,17.5935,46
420.35,1545134788,3930.43,51.47497982,7.44783885,163.54,7.42,-1.14,144.50,1,-82.00,-7.00,24.00,13.00,52.00,10.00,12896793,375,41,0.1,5.22878,64
438.65,1545134807,4094.26,51.47382124,7.44942186,165.39,12.00,0.49,136.22,1,-81.00,-8.00,5.00,8.00,55.00,10.00,12896793,375,42,10,9.5454,113
448.13,1545134816,4214.81,51.47312288,7.45089082,164.48,15.08,2.26,122.67,1,-74.00,-11.00,15.00,10.00,63.00,10.00,12896793,375,43,8,8.07877,46
454.33,1545134822,4309.08,51.47278129,7.45208397,167.39,15.16,0.06,111.97,1,-79.00,-9.00,14.00,11.00,57.00,1.00,12896794,376,44,5,9.71817,53
467.02,1545134835,4498.23,51.47235272,7.45476670,166.86,14.98,1.86,107.41,1,-71.00,-6.00,23.00,15.00,60.00,1.00,12896794,376,45,8,9.50683,114
474.55,1545134842,4614.11,51.47201369,7.45626594,164.25,14.59,-0.65,112.88,1,-83.00,-7.00,19.00,10.00,50.00,1.00,12896794,376,46,3,5.51851,48
488.90,1545134857,4788.32,51.47134084,7.45850063,164.64,8.04,-4.25,115.48,1,-84.00,-7.00,20.00,11.00,49.00,1.00,12896794,376,47,8,7.45834,136
491.02,1545134859,4805.55,51.47128949,7.45869071,164.42,5.93,-2.35,114.32,1,-89.00,-9.00,12.00,10.00,47.00,1.00,12896794,376,48,1,10.1652,48
501.98,1545134870,4832.08,51.47121791,7.45893246,163.08,0.00,0.00,114.60,1,-90.00,-6.00,14.00,11.00,42.00,1.00,12896794,376,49,0.5,2.32423,100
517.70,1545134886,4852.66,51.47105089,7.45945049,159.86,9.12,1.68,116.75,1,-90.00,-7.00,19.00,11.00,43.00,1.00,12896794,376,50,10,10.7368,59
526.33,1545134894,4949.41,51.47066650,7.46080065,159.38,13.21,-0.55,113.60,1,-89.00,-8.00,13.00,8.00,46.00,1.00,12896794,376,51,9,11.8091,83
535.79,1545134904,5081.48,51.47012640,7.46266470,159.22,14.32,-12.08,114.90,1,-90.00,-8.00,17.00,8.00,44.00,1.00,12896794,376,52,5,7.19683,54
540.52,1545134908,5150.27,51.46990127,7.46345424,159.24,14.66,-0.18,113.51,1,-92.00,-7.00,1.00,9.00,41.00,1.00,12896794,376,53,0.1,3.13727,100
557.67,1545134926,5431.24,51.46946495,7.46740381,158.39,17.28,-0.46,88.22,1,-92.00,-7.00,8.00,9.00,40.00,1.00,12896794,376,54,10,10.7817,74
564.01,1545134932,5540.40,51.46960449,7.46910041,154.87,17.04,0.36,80.75,1,-95.00,-10.00,1.00,6.00,40.00,1.00,12896794,376,55,6,12.7762,46
570.42,1545134938,5651.52,51.46978898,7.47057424,158.55,16.93,-0.31,82.02,1,-95.00,-8.00,11.00,7.00,40.00,1.00,12896794,376,56,0.1,4.46929,58
580.41,1545134948,5829.70,51.46978753,7.47320146,162.19,17.59,-0.27,96.11,1,-98.00,-9.00,3.00,6.00,38.00,1.00,12896794,376,57,0.1,3.75588,56
591.40,1545134959,6016.26,51.46954190,7.47582884,156.87,15.20,-0.32,94.59,1,-103.00,-19.00,-8.00,1.00,42.00,1.00,12896794,376,58,0.5,3.46921,64
607.16,1545134975,6204.73,51.46968681,7.47837258,166.63,3.38,-3.87,75.77,1,-88.00,-11.00,20.00,6.00,48.00,13.00,12909339,289,59,5,5.76535,60
617.82,1545134986,6212.53,51.46969144,7.47839961,166.93,0.00,0.00,74.70,1,-91.00,-12.00,4.00,5.00,47.00,13.00,12909339,289,60,9,9.48742,75
624.49,1545134992,6212.53,51.46971527,7.47853354,172.81,6.86,0.00,77.58,1,-89.00,-10.00,7.00,9.00,48.00,13.00,12909339,289,61,3,5.57103,41
646.73,1545135015,6431.32,51.47027802,7.48161234,172.14,6.08,1.35,127.77,1,-90.00,-11.00,8.00,11.00,48.00,13.00,12909339,289,62,8,3.89508,129
663.16,1545135031,6613.45,51.46853488,7.48239509,171.03,12.53,-0.75,165.40,1,-89.00,-11.00,11.00,8.00,48.00,13.00,12909339,289,63,9,3.48905,454
664.34,1545135032,6628.46,51.46843368,7.48243616,171.52,11.53,-1.71,165.87,1,-91.00,-11.00,9.00,7.00,46.00,13.00,12909339,289,64,8,4.5623,54
666.51,1545135034,6654.29,51.46821591,7.48252998,171.80,12.22,0.25,165.37,1,-89.00,-11.00,9.00,7.00,49.00,13.00,12909339,289,65,2,3.68579,945
673.36,1545135041,6717.95,51.46769201,7.48270706,172.06,5.03,0.33,171.55,1,-87.00,-7.00,34.00,11.00,46.00,13.00,12909339,289,66,2,5.08421,54
684.39,1545135052,6807.28,51.46682552,7.48272223,172.17,11.24,-0.59,182.69,1,-91.00,-8.00,34.00,9.00,44.00,13.00,12909339,289,67,2,3.82135,57
693.46,1545135061,6917.93,51.46583903,7.48225951,169.98,12.36,1.24,200.19,1,-90.00,-9.00,27.00,8.00,44.00,13.00,12909339,289,68,5,12.4494,59
707.65,1545135076,7106.89,51.46418957,7.48114347,167.83,12.61,0.17,197.57,1,-92.00,-8.00,5.00,6.00,41.00,13.00,12909339,289,69,7,7.52587,57
720.30,1545135088,7242.73,51.46298228,7.48057809,170.39,12.48,1.21,196.20,1,-96.00,-12.00,3.00,6.00,42.00,13.00,12909339,289,70,3,2.37883,57
722.62,1545135091,7270.83,51.46278634,7.48048474,171.43,10.45,-1.53,196.42,1,-93.00,-12.00,-1.00,6.00,45.00,13.00,12909339,289,71,1,3.64797,68
741.46,1545135109,7319.92,51.46238652,7.48031306,174.32,0.28,-1.00,193.31,1,-92.00,-8.00,5.00,8.00,42.00,7.00,12909595,143,72,8,5.69851,63
748.31,1545135116,7320.49,51.46238652,7.48031306,174.32,0.00,0.00,193.31,1,-93.00,-12.00,6.00,6.00,44.00,7.00,12909595,143,73,6,7.01037,505
756.62,1545135125,7320.49,51.46238652,7.48031306,174.19,0.00,0.00,193.31,1,-91.00,-11.00,6.00,11.00,47.00,7.00,12909595,143,74,5,6.2315,50
773.58,1545135142,7320.49,51.46234492,7.48030271,173.99,0.00,0.00,191.75,1,-93.00,-13.00,3.00,6.00,46.00,7.00,12909595,143,75,7,4.20705,122
775.89,1545135144,7320.49,51.46234492,7.48030271,174.03,0.00,0.00,191.75,1,-92.00,-13.00,5.00,8.00,47.00,7.00,12909595,143,76,2,4.30339,678
790.74,1545135159,7328.54,51.46221989,7.48024601,174.36,2.35,-0.32,194.71,1,-91.00,-13.00,22.00,7.00,47.00,7.00,12909595,143,77,9,6.8578,41
796.38,1545135164,7334.01,51.46218927,7.48023298,174.46,0.00,0.00,195.23,1,-94.00,-12.00,4.00,7.00,44.00,7.00,12909595,143,78,6,8.60369,237
804.42,1545135172,7334.01,51.46206753,7.48022260,174.98,4.64,0.00,153.08,1,-93.00,-9.00,2.00,8.00,42.00,7.00,12909595,143,79,2,3.76471,45
812.03,1545135180,7390.89,51.46202482,7.48120531,174.57,10.47,-1.10,90.98,1,-96.00,-9.00,4.00,5.00,38.00,7.00,12909595,143,80,0.5,2.23214,93
835.65,1545135204,7635.38,51.46173478,7.48434987,183.75,11.32,1.23,160.78,1,-93.00,-9.00,21.00,9.00,42.00,7.00,12909595,143,81,10,5.18068,45
837.63,1545135206,7657.41,51.46152363,7.48444247,184.35,13.25,2.52,164.80,1,-97.00,-9.00,2.00,14.00,39.00,5.00,12909593,141,82,2,2.91174,515
845.28,1545135213,7767.94,51.46040421,7.48459228,188.76,15.06,-1.56,179.37,1,-78.00,-10.00,12.00,12.00,60.00,5.00,12909593,141,83,3,4.74402,76
856.84,1545135225,7938.62,51.45882718,7.48414162,196.31,15.02,0.86,190.97,1,-80.00,-12.00,12.00,12.00,58.00,5.00,12909593,141,84,3,3.615,42
869.49,1545135237,8126.46,51.45726129,7.48359562,205.88,14.53,-0.45,190.92,1,-72.00,-7.00,8.00,12.00,61.00,1.00,12909595,143,85,5,4.29461,35
871.45,1545135239,8155.41,51.45699365,7.48350619,207.74,15.36,0.56,191.14,1,-88.00,-16.00,-1.00,5.00,54.00,20.00,12909595,143,86,1,6.34417,54
882.05,1545135250,8322.92,51.45543514,7.48326819,217.80,15.39,-1.96,179.24,1,-92.00,-10.00,3.00,5.00,44.00,20.00,12909339,289,87,2,8.63465,67
892.60,1545135261,8491.39,51.45405202,7.48401020,222.61,15.29,-0.22,151.05,1,-90.00,-6.00,8.00,7.00,43.00,4.00,12909594,142,88,7,23.0358,38
909.09,1545135277,8739.20,51.45237836,7.48671034,233.69,14.59,-1.58,141.74,1,-97.00,-8.00,5.00,5.00,37.00,4.00,12909594,142,89,7,6.33341,82
