0.04,1547559950,0.00,51.49040429,7.41249606,168.28,7.72,0.00,75.56,1,-110.00,-9.00,2.00,6.00,23.00,64.00,13067274,289
1.04,1547559951,7.75,51.49043069,7.41260281,167.59,8.96,1.24,76.00,1,-112.00,-11.00,-7.00,9.00,19.00,64.00,13067274,289
2.04,1547559952,16.71,51.49045713,7.41274204,166.03,9.84,0.88,77.53,1,-112.00,-11.00,-7.00,9.00,19.00,64.00,13067274,289
3.04,1547559953,26.53,51.49047730,7.41289499,164.67,11.00,1.17,78.27,1,-108.00,-6.00,9.00,12.00,14.00,64.00,13067274,289
4.04,1547559954,37.55,51.49049433,7.41303768,163.65,12.13,1.12,78.90,1,-108.00,-6.00,9.00,12.00,14.00,64.00,13067274,289
5.04,1547559955,49.68,51.49050818,7.41321661,162.74,12.45,0.32,78.55,1,-114.00,-9.00,10.00,8.00,11.00,64.00,13067274,289
6.04,1547559956,62.12,51.49052584,7.41341465,162.10,12.73,0.28,78.19,1,-114.00,-9.00,10.00,8.00,11.00,64.00,13067274,289
7.05,1547559957,74.95,51.49054347,7.41359796,161.73,12.86,0.13,77.82,1,-116.00,-10.00,7.00,7.00,10.00,64.00,13067274,289
8.04,1547559958,87.71,51.49055916,7.41378065,161.36,13.72,0.87,78.44,1,-116.00,-10.00,7.00,7.00,10.00,64.00,13067274,289
9.04,1547559959,101.45,51.49057550,7.41397981,160.94,14.26,0.53,78.19,1,-116.00,-10.00,7.00,7.00,10.00,64.00,13067274,289
10.04,1547559960,115.72,51.49059050,7.41418249,160.67,14.58,0.32,77.35,1,-119.00,-12.00,-9.00,7.00,13.00,64.00,13067274,289
11.04,1547559961,130.30,51.49060988,7.41438800,160.55,14.78,0.20,78.12,1,-119.00,-12.00,-9.00,7.00,13.00,64.00,13067274,289
12.04,1547559962,145.10,51.49063194,7.41460223,160.50,14.69,-0.09,78.60,1,-115.00,-11.00,7.00,9.00,14.00,64.00,13067274,289
13.04,1547559963,159.77,51.49065819,7.41480663,160.49,14.49,-0.20,78.21,1,-115.00,-11.00,7.00,9.00,14.00,64.00,13067274,289
14.04,1547559964,174.29,51.49067615,7.41500667,160.31,14.54,0.05,79.56,1,-116.00,-12.00,2.00,7.00,11.00,64.00,13067274,289
15.04,1547559965,188.84,51.49068729,7.41518106,159.77,14.28,-0.27,81.22,1,-116.00,-12.00,2.00,7.00,11.00,64.00,13067274,289
16.04,1547559966,203.06,51.49069404,7.41539578,159.90,14.14,-0.13,82.56,1,-113.00,-12.00,4.00,8.00,13.00,64.00,13067274,289
17.04,1547559967,217.21,51.49070477,7.41560465,160.48,13.62,-0.52,83.90,1,-113.00,-12.00,4.00,8.00,13.00,64.00,13067274,289
18.04,1547559968,230.85,51.49070934,7.41581817,161.17,13.68,0.05,86.32,1,-110.00,-9.00,0.00,6.00,15.00,21.00,13392904,347
19.04,1547559969,244.53,51.49071148,7.41600915,161.96,13.59,-0.09,88.79,1,-110.00,-9.00,0.00,6.00,15.00,21.00,13392904,347
20.04,1547559970,258.10,51.49069661,7.41621025,161.55,13.14,-0.45,91.77,1,-112.00,-9.00,-6.00,5.00,14.00,21.00,13392904,347
21.04,1547559971,271.23,51.49067684,7.41641071,160.96,12.64,-0.50,95.20,1,-112.00,-9.00,-6.00,5.00,14.00,21.00,13392904,347
22.04,1547559972,283.88,51.49065055,7.41659850,160.38,12.23,-0.41,97.87,1,-111.00,-10.00,0.00,9.00,15.00,21.00,13392904,347
23.04,1547559973,296.12,51.49062545,7.41676866,160.07,10.88,-1.35,100.00,1,-111.00,-10.00,0.00,9.00,15.00,21.00,13392904,347
24.04,1547559974,307.02,51.49060470,7.41690466,159.62,9.31,-1.57,101.02,1,-111.00,-10.00,0.00,8.00,16.00,21.00,13392904,347
25.04,1547559975,316.32,51.49058414,7.41702193,159.29,7.33,-1.97,101.53,1,-111.00,-10.00,0.00,8.00,16.00,21.00,13392904,347
26.04,1547559976,323.64,51.49055626,7.41711238,158.82,6.55,-0.79,114.95,1,-109.00,-9.00,-3.00,7.00,18.00,21.00,13392904,347
27.04,1547559977,330.19,51.49048084,7.41719180,158.36,8.22,1.67,150.74,1,-109.00,-9.00,-3.00,7.00,18.00,21.00,13392904,347
28.05,1547559978,338.47,51.49037986,7.41723399,157.87,9.58,1.35,169.36,1,-110.00,-10.00,3.00,8.00,19.00,21.00,13392904,347
29.04,1547559979,347.98,51.49029059,7.41725982,157.07,10.44,0.86,169.83,1,-110.00,-10.00,3.00,8.00,19.00,21.00,13392904,347
30.04,1547559980,358.42,51.49018282,7.41729288,156.13,10.90,0.47,170.23,1,-110.00,-10.00,3.00,8.00,19.00,21.00,13392904,347
31.04,1547559981,369.32,51.49005190,7.41733355,155.27,13.03,2.13,169.11,1,-108.00,-9.00,-2.00,6.00,18.00,17.00,12806666,347
32.04,1547559982,382.35,51.48992461,7.41738154,154.39,14.12,1.09,167.05,1,-108.00,-9.00,-2.00,6.00,18.00,17.00,12806666,347
33.04,1547559983,396.49,51.48979852,7.41743575,153.90,14.35,0.23,166.08,1,-111.00,-10.00,-1.00,8.00,15.00,17.00,12806666,385
34.04,1547559984,410.84,51.48966616,7.41749012,153.84,14.68,0.33,166.49,1,-111.00,-10.00,-1.00,8.00,15.00,17.00,12806666,385
35.04,1547559985,425.53,51.48952498,7.41754784,153.90,15.01,0.33,167.05,1,-113.00,-11.00,-7.00,5.00,15.00,17.00,12806666,385
36.04,1547559986,440.53,51.48938570,7.41760629,154.12,15.06,0.05,167.60,1,-113.00,-11.00,-7.00,5.00,15.00,17.00,12806666,385
37.04,1547559987,455.60,51.48923862,7.41766034,154.22,15.07,0.01,168.20,1,-110.00,-11.00,-6.00,8.00,19.00,17.00,12806666,385
38.04,1547559988,470.66,51.48909191,7.41771314,154.29,15.20,0.13,169.12,1,-110.00,-11.00,-6.00,8.00,19.00,17.00,12806666,385
39.04,1547559989,485.84,51.48895695,7.41774571,153.98,15.01,-0.19,170.79,1,-110.00,-13.00,5.00,10.00,22.00,17.00,12806666,385
40.04,1547559990,500.85,51.48882649,7.41776921,153.94,15.24,0.24,173.29,1,-110.00,-13.00,5.00,10.00,22.00,17.00,12806666,385
41.04,1547559991,516.09,51.48869080,7.41778148,153.85,15.55,0.30,175.74,1,-110.00,-13.00,4.00,9.00,24.00,17.00,12806666,385
42.04,1547559992,531.61,51.48855637,7.41777994,153.32,15.75,0.20,177.83,1,-110.00,-13.00,4.00,9.00,24.00,17.00,12806666,385
43.04,1547559993,547.35,51.48841562,7.41777205,152.63,15.95,0.20,179.47,1,-105.00,-12.00,5.00,12.00,23.00,17.00,12806666,385
44.04,1547559994,563.30,51.48826860,7.41775908,151.96,15.94,-0.01,180.71,1,-105.00,-12.00,5.00,12.00,23.00,17.00,12806666,385
45.04,1547559995,579.22,51.48813249,7.41774093,151.55,16.01,0.08,181.08,1,-104.00,-12.00,6.00,14.00,21.00,17.00,12806666,385
46.04,1547559996,595.28,51.48797818,7.41773399,151.34,15.98,-0.03,180.62,1,-104.00,-12.00,6.00,14.00,21.00,17.00,12806666,385
47.04,1547559997,611.27,51.48783211,7.41773210,151.27,16.15,0.18,179.32,1,-100.00,-10.00,6.00,9.00,24.00,17.00,12806666,385
48.04,1547559998,627.43,51.48769440,7.41773998,151.03,15.71,-0.44,177.10,1,-100.00,-10.00,6.00,9.00,24.00,17.00,12806666,385
49.05,1547559999,643.36,51.48755735,7.41776238,150.77,15.90,0.19,174.39,1,-108.00,-10.00,5.00,9.00,18.00,17.00,12806666,385
50.04,1547560000,659.09,51.48742500,7.41784552,150.74,15.48,-0.43,157.89,1,-108.00,-10.00,5.00,9.00,18.00,17.00,12806666,385
51.04,1547560001,674.56,51.48729586,7.41793932,150.81,15.72,0.24,154.89,1,-108.00,-10.00,5.00,9.00,18.00,17.00,12806666,385
52.04,1547560002,690.28,51.48717405,7.41809250,150.60,15.93,0.21,139.73,1,-106.00,-10.00,4.00,6.00,21.00,17.00,12806666,385
53.04,1547560003,706.22,51.48707144,7.41824843,150.51,16.09,0.16,137.75,1,-106.00,-10.00,4.00,6.00,21.00,17.00,12806666,385
54.04,1547560004,722.31,51.48697743,7.41839596,150.28,15.35,-0.75,137.09,1,-112.00,-12.00,2.00,7.00,18.00,17.00,12806666,385
55.04,1547560005,737.66,51.48688032,7.41853609,149.79,14.65,-0.69,138.86,1,-112.00,-12.00,2.00,7.00,18.00,17.00,12806666,385
56.04,1547560006,752.33,51.48675300,7.41864084,149.44,14.50,-0.15,153.44,1,-112.00,-11.00,-3.00,6.00,21.00,16.00,13392905,345
57.04,1547560007,766.81,51.48662830,7.41873037,148.84,13.81,-0.69,157.53,1,-112.00,-11.00,-3.00,6.00,21.00,16.00,13392905,345
58.04,1547560008,780.62,51.48649192,7.41874574,148.29,13.58,-0.23,177.48,1,-115.00,-12.00,-1.00,7.00,15.00,16.00,13392905,345
59.04,1547560009,794.20,51.48638604,7.41873787,147.35,13.39,-0.19,180.12,1,-115.00,-12.00,-1.00,7.00,15.00,16.00,13392905,345
60.04,1547560010,807.57,51.48628243,7.41869340,145.98,12.73,-0.66,194.65,1,-116.00,-11.00,-1.00,7.00,13.00,16.00,13392905,345
61.04,1547560011,820.28,51.48617631,7.41864546,144.85,12.75,0.03,195.77,1,-116.00,-11.00,-1.00,7.00,13.00,16.00,13392905,345
62.04,1547560012,833.05,51.48606059,7.41859610,144.17,12.65,-0.10,196.49,1,-117.00,-11.00,0.00,7.00,13.00,16.00,13392905,345
63.04,1547560013,845.70,51.48594967,7.41855466,143.82,12.38,-0.27,194.60,1,-117.00,-11.00,0.00,7.00,13.00,16.00,13392905,345
64.04,1547560014,858.06,51.48583271,7.41854944,143.70,12.68,0.30,181.93,1,-117.00,-11.00,-1.00,7.00,12.00,16.00,13392905,345
65.04,1547560015,870.75,51.48571464,7.41855504,143.85,12.22,-0.47,179.45,1,-117.00,-11.00,-1.00,7.00,12.00,16.00,13392905,345
66.04,1547560016,883.01,51.48560726,7.41856955,144.28,11.85,-0.37,175.77,1,-115.00,-11.00,0.00,8.00,12.00,16.00,13392905,345
67.04,1547560017,894.85,51.48551186,7.41862014,144.72,11.51,-0.34,162.65,1,-115.00,-11.00,0.00,8.00,12.00,16.00,13392905,345
68.04,1547560018,906.33,51.48541544,7.41867198,145.23,11.81,0.30,161.41,1,-113.00,-10.00,1.00,9.00,15.00,16.00,13392905,345
69.04,1547560019,918.14,51.48531952,7.41873415,145.67,12.25,0.44,158.47,1,-113.00,-10.00,1.00,9.00,15.00,16.00,13392905,345
70.05,1547560020,930.49,51.48522969,7.41879806,145.79,12.20,-0.04,156.52,1,-114.00,-11.00,2.00,5.00,16.00,16.00,13392905,345
71.04,1547560021,942.59,51.48513117,7.41887202,145.65,12.41,0.21,156.86,1,-114.00,-11.00,2.00,5.00,16.00,16.00,13392905,345
72.04,1547560022,955.04,51.48502343,7.41894300,145.82,11.69,-0.71,159.63,1,-114.00,-11.00,2.00,5.00,16.00,16.00,13392905,345
73.04,1547560023,966.64,51.48491328,7.41896047,146.46,11.19,-0.51,177.02,1,-112.00,-10.00,3.00,9.00,16.00,16.00,13392905,345
74.04,1547560024,977.90,51.48480794,7.41896855,147.01,11.68,0.49,178.71,1,-112.00,-10.00,3.00,9.00,16.00,16.00,13392905,345
75.04,1547560025,989.60,51.48469623,7.41896965,147.48,12.37,0.69,180.77,1,-112.00,-12.00,3.00,5.00,18.00,16.00,13392905,345
76.04,1547560026,1001.90,51.48457479,7.41896010,147.73,13.66,1.30,183.03,1,-112.00,-12.00,3.00,5.00,18.00,16.00,13392905,345
77.04,1547560027,1015.56,51.48446058,7.41890289,148.01,13.06,-0.60,198.86,1,-108.00,-13.00,5.00,6.00,23.00,16.00,13392905,345
78.04,1547560028,1028.64,51.48434076,7.41883474,148.37,13.37,0.31,200.03,1,-108.00,-13.00,5.00,6.00,23.00,16.00,13392905,345
79.04,1547560029,1042.04,51.48422614,7.41875200,148.47,14.20,0.83,202.85,1,-108.00,-11.00,6.00,9.00,22.00,16.00,13392905,345
80.04,1547560030,1056.24,51.48411125,7.41865945,148.48,14.59,0.39,205.51,1,-108.00,-11.00,6.00,9.00,22.00,16.00,13392905,345
81.04,1547560031,1070.83,51.48400629,7.41855684,148.48,14.70,0.10,208.11,1,-107.00,-8.00,8.00,10.00,18.00,16.00,13392905,345
82.04,1547560032,1085.55,51.48390061,7.41844581,148.98,14.27,-0.42,210.52,1,-107.00,-8.00,8.00,10.00,18.00,16.00,13392905,345
83.04,1547560033,1099.82,51.48379736,7.41833792,149.14,14.38,0.11,211.51,1,-112.00,-9.00,7.00,5.00,15.00,16.00,13392905,345
84.04,1547560034,1114.20,51.48369330,7.41821842,148.95,14.24,-0.14,212.28,1,-112.00,-9.00,7.00,5.00,15.00,16.00,13392905,345
85.04,1547560035,1128.43,51.48359210,7.41810149,148.83,14.12,-0.12,212.86,1,-109.00,-7.00,7.00,9.00,15.00,16.00,13392905,345
86.04,1547560036,1142.51,51.48348215,7.41797074,148.73,14.13,0.01,213.32,1,-109.00,-7.00,7.00,9.00,15.00,16.00,13392905,345
87.04,1547560037,1156.64,51.48337438,7.41784421,148.58,14.32,0.18,212.69,1,-105.00,-9.00,10.00,11.00,22.00,16.00,13392905,345
88.04,1547560038,1170.97,51.48326465,7.41772428,148.18,14.40,0.09,211.96,1,-105.00,-9.00,10.00,11.00,22.00,16.00,13392905,345
89.04,1547560039,1185.39,51.48315842,7.41761516,147.55,14.44,0.03,210.69,1,-106.00,-10.00,9.00,11.00,19.00,16.00,13392905,345
90.04,1547560040,1199.84,51.48304734,7.41751061,146.87,14.29,-0.14,209.41,1,-106.00,-10.00,9.00,11.00,19.00,16.00,13392905,345
91.05,1547560041,1214.26,51.48293463,7.41741625,146.26,14.03,-0.26,207.72,1,-108.00,-10.00,7.00,10.00,19.00,16.00,13392905,345
92.04,1547560042,1228.15,51.48282439,7.41733152,145.75,13.91,-0.12,205.88,1,-108.00,-10.00,7.00,10.00,19.00,16.00,13392905,345
93.04,1547560043,1242.06,51.48271240,7.41724951,145.27,13.82,-0.09,204.52,1,-108.00,-10.00,7.00,10.00,19.00,16.00,13392905,345
94.04,1547560044,1255.89,51.48260317,7.41717183,145.05,13.86,0.04,203.57,1,-111.00,-8.00,8.00,9.00,14.00,16.00,13392905,345
95.04,1547560045,1269.73,51.48248888,7.41709813,144.89,14.15,0.29,202.64,1,-111.00,-8.00,8.00,9.00,14.00,16.00,13392905,345
96.04,1547560046,1283.90,51.48237230,7.41702991,144.97,14.42,0.27,201.40,1,-111.00,-9.00,6.00,6.00,15.00,16.00,13392905,345
97.04,1547560047,1298.31,51.48224415,7.41695999,145.28,14.59,0.17,200.37,1,-111.00,-9.00,6.00,6.00,15.00,16.00,13392905,345
98.04,1547560048,1312.91,51.48211341,7.41689117,145.64,14.75,0.16,199.61,1,-109.00,-8.00,6.00,8.00,17.00,16.00,13392905,345
99.04,1547560049,1327.67,51.48198473,7.41682757,146.44,14.26,-0.49,200.20,1,-109.00,-8.00,6.00,8.00,17.00,16.00,13392905,345
100.04,1547560050,1341.89,51.48187950,7.41677554,147.33,12.24,-2.03,200.65,1,-101.00,-8.00,8.00,9.00,25.00,16.00,13392905,345
101.04,1547560051,1354.12,51.48178607,7.41672781,148.08,9.77,-2.47,200.51,1,-101.00,-8.00,8.00,9.00,25.00,16.00,13392905,345
102.04,1547560052,1363.89,51.48171070,7.41668812,148.50,7.44,-2.33,199.96,1,-111.00,-12.00,5.00,9.00,18.00,16.00,13392905,345
103.04,1547560053,1371.34,51.48165966,7.41666042,148.73,4.84,-2.59,201.19,1,-111.00,-12.00,5.00,9.00,18.00,16.00,13392905,345
104.04,1547560054,1376.19,51.48162282,7.41664202,148.76,2.49,-2.34,201.99,1,-110.00,-11.00,3.00,8.00,18.00,16.00,13392905,345
105.05,1547560055,1378.69,51.48162282,7.41664202,148.76,0.00,-2.48,201.99,1,-110.00,-11.00,3.00,8.00,18.00,16.00,13392905,345
106.04,1547560056,1378.69,51.48162282,7.41664202,148.77,0.00,0.00,201.99,1,-110.00,-11.00,3.00,8.00,18.00,16.00,13392905,345
107.04,1547560057,1378.69,51.48162282,7.41664202,148.77,0.00,0.00,201.99,1,-110.00,-11.00,3.00,8.00,18.00,16.00,13392905,345
108.04,1547560058,1378.69,51.48162282,7.41664202,148.77,0.00,0.00,201.99,1,-110.00,-10.00,4.00,6.00,16.00,16.00,13392905,345
109.04,1547560059,1378.69,51.48162282,7.41664202,148.77,0.00,0.00,201.99,1,-110.00,-10.00,4.00,6.00,16.00,16.00,13392905,345
110.04,1547560060,1378.69,51.48162282,7.41664202,148.77,0.00,0.00,201.99,1,-111.00,-10.00,5.00,9.00,17.00,16.00,13392905,345
111.04,1547560061,1378.69,51.48162282,7.41664202,148.80,0.00,0.00,201.99,1,-111.00,-10.00,5.00,9.00,17.00,16.00,13392905,345
112.05,1547560062,1378.69,51.48162282,7.41664202,148.83,0.00,0.00,201.06,1,-110.00,-10.00,5.00,8.00,17.00,16.00,13392905,345
113.04,1547560063,1378.69,51.48162282,7.41664202,148.88,0.00,0.00,201.12,1,-110.00,-10.00,5.00,8.00,17.00,16.00,13392905,345
114.04,1547560064,1378.69,51.48152805,7.41659528,148.92,3.55,0.00,199.83,1,-110.00,-10.00,5.00,8.00,17.00,16.00,13392905,345
115.04,1547560065,1382.24,51.48149846,7.41658055,148.98,3.00,-0.55,198.22,1,-105.00,-9.00,6.00,5.00,22.00,16.00,13392905,345
116.04,1547560066,1385.23,51.48147022,7.41656647,149.02,3.24,0.24,196.53,1,-105.00,-9.00,6.00,5.00,22.00,16.00,13392905,345
117.04,1547560067,1388.47,51.48143464,7.41660174,149.42,5.20,1.97,146.49,1,-103.00,-7.00,8.00,10.00,21.00,16.00,13392905,345
118.04,1547560068,1393.67,51.48141007,7.41668411,149.95,8.09,2.89,116.21,1,-103.00,-7.00,8.00,10.00,21.00,16.00,13392905,345
119.04,1547560069,1401.77,51.48140462,7.41680531,150.43,9.34,1.25,95.69,1,-105.00,-8.00,16.00,9.00,21.00,16.00,13392905,345
120.04,1547560070,1411.11,51.48140475,7.41695091,150.64,10.67,1.33,91.82,1,-105.00,-8.00,16.00,9.00,21.00,16.00,13392905,345
121.04,1547560071,1421.79,51.48140362,7.41709344,150.79,12.01,1.33,89.30,1,-105.00,-7.00,10.00,11.00,20.00,16.00,13392905,345
122.04,1547560072,1433.76,51.48141253,7.41725372,150.95,13.10,1.10,86.08,1,-105.00,-7.00,10.00,11.00,20.00,16.00,13392905,345
123.04,1547560073,1446.93,51.48142830,7.41746622,151.00,14.63,1.52,83.77,1,-102.00,-9.00,8.00,12.00,26.00,16.00,13392905,345
124.04,1547560074,1461.47,51.48144702,7.41768592,151.10,14.61,-0.01,83.20,1,-102.00,-9.00,8.00,12.00,26.00,16.00,13392905,345
125.04,1547560075,1476.07,51.48146639,7.41791164,150.81,15.04,0.43,83.76,1,-92.00,-6.00,16.00,15.00,33.00,16.00,13392905,345
126.04,1547560076,1491.16,51.48148649,7.41813879,150.86,15.53,0.49,84.69,1,-92.00,-6.00,16.00,15.00,33.00,16.00,13392905,345
127.04,1547560077,1506.69,51.48150347,7.41838086,150.63,15.99,0.45,84.35,1,-89.00,-7.00,35.00,15.00,39.00,16.00,13392905,345
128.04,1547560078,1522.68,51.48151635,7.41860082,150.42,16.63,0.64,84.85,1,-89.00,-7.00,35.00,15.00,39.00,16.00,13392905,345
129.04,1547560079,1539.31,51.48153574,7.41885128,150.18,16.48,-0.15,83.99,1,-98.00,-6.00,12.00,12.00,27.00,16.00,13392905,345
130.04,1547560080,1555.78,51.48155667,7.41910413,149.88,16.78,0.30,83.23,1,-98.00,-6.00,12.00,12.00,27.00,16.00,13392905,345
131.04,1547560081,1572.57,51.48157352,7.41935738,149.74,17.49,0.71,84.38,1,-99.00,-7.00,11.00,12.00,28.00,16.00,13392905,345
132.04,1547560082,1590.00,51.48158535,7.41960023,149.44,17.28,-0.21,84.80,1,-99.00,-7.00,11.00,12.00,28.00,16.00,13392905,345
133.04,1547560083,1607.37,51.48159802,7.41985753,148.85,17.51,0.23,84.91,1,-101.00,-11.00,11.00,7.00,27.00,16.00,13392905,345
134.04,1547560084,1624.91,51.48161078,7.42011878,147.52,17.05,-0.45,84.45,1,-101.00,-11.00,11.00,7.00,27.00,16.00,13392905,345
135.04,1547560085,1641.90,51.48162411,7.42038452,146.55,17.18,0.13,84.10,1,-101.00,-11.00,11.00,7.00,27.00,16.00,13392905,345
136.04,1547560086,1659.10,51.48163925,7.42064753,145.43,17.71,0.53,83.70,1,-99.00,-7.00,11.00,11.00,25.00,16.00,13392905,345
137.04,1547560087,1676.79,51.48165914,7.42090180,144.11,17.85,0.14,83.03,1,-99.00,-7.00,11.00,11.00,25.00,16.00,13392905,345
138.04,1547560088,1694.64,51.48167937,7.42115938,142.65,17.93,0.08,82.14,1,-95.00,-5.00,21.00,15.00,28.00,16.00,13392905,345
139.04,1547560089,1712.56,51.48171271,7.42142414,142.00,18.25,0.32,80.59,1,-95.00,-5.00,21.00,15.00,28.00,16.00,13392905,345
140.04,1547560090,1730.83,51.48174298,7.42168109,141.57,18.27,0.02,79.56,1,-95.00,-6.00,30.00,15.00,30.00,16.00,13392905,345
141.04,1547560091,1749.11,51.48177462,7.42194231,141.08,18.33,0.06,78.66,1,-95.00,-6.00,30.00,15.00,30.00,16.00,13392905,345
142.04,1547560092,1767.35,51.48181258,7.42220530,140.86,18.71,0.38,78.22,1,-92.00,-6.00,16.00,15.00,35.00,16.00,13392905,345
143.04,1547560093,1786.07,51.48184486,7.42244602,140.15,18.63,-0.07,77.44,1,-92.00,-6.00,16.00,15.00,35.00,16.00,13392905,345
144.04,1547560094,1804.68,51.48188486,7.42271588,139.64,18.49,-0.14,77.12,1,-83.00,-10.00,16.00,7.00,47.00,16.00,13392905,345
145.04,1547560095,1823.23,51.48192344,7.42298163,139.10,18.21,-0.28,76.76,1,-83.00,-10.00,16.00,7.00,47.00,16.00,13392905,345
146.04,1547560096,1841.46,51.48196244,7.42322661,138.36,17.97,-0.24,75.86,1,-89.00,-6.00,25.00,9.00,34.00,16.00,13392905,345
147.04,1547560097,1859.42,51.48199964,7.42346861,137.32,17.25,-0.72,76.05,1,-89.00,-6.00,25.00,9.00,34.00,16.00,13392905,345
148.04,1547560098,1876.67,51.48203816,7.42371372,136.87,17.14,-0.10,76.64,1,-90.00,-7.00,17.00,9.00,37.00,16.00,13392905,345
149.04,1547560099,1893.81,51.48206600,7.42394725,135.98,16.49,-0.65,77.10,1,-90.00,-7.00,17.00,9.00,37.00,16.00,13392905,345
150.04,1547560100,1910.31,51.48209891,7.42419671,135.50,16.42,-0.08,77.52,1,-93.00,-6.00,12.00,12.00,32.00,16.00,13392905,345
151.05,1547560101,1926.80,51.48213004,7.42442451,135.45,16.22,-0.20,77.52,1,-93.00,-6.00,12.00,12.00,32.00,16.00,13392905,345
152.04,1547560102,1942.87,51.48216181,7.42464827,135.43,16.01,-0.21,77.34,1,-95.00,-11.00,14.00,7.00,34.00,16.00,13392905,345
153.04,1547560103,1958.88,51.48219438,7.42486682,135.61,15.77,-0.23,77.43,1,-95.00,-11.00,14.00,7.00,34.00,16.00,13392905,345
154.05,1547560104,1974.85,51.48222335,7.42509766,136.02,16.09,0.32,78.41,1,-95.00,-8.00,7.00,12.00,30.00,16.00,13392905,345
155.04,1547560105,1990.79,51.48225142,7.42532797,136.65,16.07,-0.02,77.51,1,-95.00,-8.00,7.00,12.00,30.00,16.00,13392905,345
156.04,1547560106,2006.88,51.48227852,7.42554138,137.50,16.39,0.32,78.04,1,-95.00,-8.00,7.00,12.00,30.00,16.00,13392905,345
157.04,1547560107,2023.27,51.48230917,7.42577144,138.53,16.52,0.13,77.63,1,-92.00,-6.00,9.00,15.00,31.00,16.00,13392905,345
158.04,1547560108,2039.78,51.48234374,7.42599993,139.71,16.54,0.03,77.15,1,-92.00,-6.00,9.00,15.00,31.00,16.00,13392905,345
159.04,1547560109,2056.31,51.48237913,7.42623891,140.74,16.51,-0.03,77.60,1,-93.00,-7.00,19.00,14.00,33.00,16.00,13392905,345
160.04,1547560110,2072.83,51.48241133,7.42647449,141.97,16.58,0.06,76.83,1,-93.00,-7.00,19.00,14.00,33.00,16.00,13392905,345
161.04,1547560111,2089.42,51.48244085,7.42669736,143.12,15.35,-1.23,77.27,1,-85.00,-7.00,6.00,12.00,41.00,16.00,13392905,345
162.04,1547560112,2104.78,51.48246960,7.42692868,144.24,13.70,-1.65,77.69,1,-85.00,-7.00,6.00,12.00,41.00,16.00,13392905,345
163.04,1547560113,2118.41,51.48249268,7.42711031,145.18,12.59,-1.11,77.71,1,-86.00,-11.00,17.00,7.00,42.00,16.00,13392905,345
164.04,1547560114,2131.03,51.48251308,7.42729534,146.24,10.87,-1.72,78.30,1,-86.00,-11.00,17.00,7.00,42.00,16.00,13392905,345
165.04,1547560115,2141.92,51.48253041,7.42743868,147.44,8.80,-2.07,79.04,1,-75.00,-9.00,13.00,7.00,50.00,16.00,13392905,345
166.04,1547560116,2150.72,51.48254110,7.42755663,148.23,6.80,-1.99,81.79,1,-75.00,-9.00,13.00,7.00,50.00,16.00,13392905,345
167.04,1547560117,2157.53,51.48254558,7.42763758,148.44,4.08,-2.73,82.19,1,-87.00,-8.00,23.00,12.00,39.00,16.00,13392905,345
168.04,1547560118,2161.61,51.48254830,7.42768955,148.47,3.19,-0.89,81.21,1,-87.00,-8.00,23.00,12.00,39.00,16.00,13392905,345
169.04,1547560119,2164.79,51.48255201,7.42774610,148.47,3.39,0.20,83.06,1,-89.00,-8.00,18.00,13.00,38.00,16.00,13392905,345
170.03,1547560120,2168.16,51.48255675,7.42781759,148.51,3.78,0.39,81.87,1,-89.00,-8.00,18.00,13.00,38.00,16.00,13392905,345
171.04,1547560121,2171.96,51.48256272,7.42786742,148.65,6.23,2.44,82.21,1,-89.00,-8.00,3.00,11.00,35.00,16.00,13392905,345
172.04,1547560122,2178.22,51.48257545,7.42798186,148.67,7.47,1.23,83.85,1,-89.00,-8.00,3.00,11.00,35.00,16.00,13392905,345
173.04,1547560123,2185.67,51.48257986,7.42812762,148.43,8.34,0.87,85.41,1,-88.00,-11.00,6.00,7.00,42.00,16.00,13392905,345
174.04,1547560124,2194.00,51.48258166,7.42828795,148.43,10.12,1.78,88.82,1,-88.00,-11.00,6.00,7.00,42.00,16.00,13392905,345
175.05,1547560125,2204.21,51.48257323,7.42844877,148.54,11.98,1.85,89.98,1,-88.00,-12.00,8.00,7.00,42.00,16.00,13392905,345
176.04,1547560126,2216.08,51.48256833,7.42865425,149.17,14.10,2.14,92.17,1,-88.00,-12.00,8.00,7.00,42.00,16.00,13392905,345
177.04,1547560127,2230.18,51.48255894,7.42885482,149.55,14.20,0.09,93.57,1,-88.00,-12.00,8.00,7.00,42.00,16.00,13392905,345
178.04,1547560128,2244.38,51.48254772,7.42904497,149.58,13.58,-0.62,93.60,1,-88.00,-8.00,3.00,11.00,37.00,16.00,13392905,345
179.04,1547560129,2257.98,51.48253326,7.42925508,149.88,13.63,0.05,94.50,1,-88.00,-8.00,3.00,11.00,37.00,16.00,13392905,345
180.04,1547560130,2271.58,51.48251455,7.42948256,150.28,14.41,0.78,95.01,1,-93.00,-11.00,2.00,11.00,35.00,16.00,13392905,345
181.04,1547560131,2286.04,51.48249829,7.42968340,150.98,14.33,-0.08,95.93,1,-93.00,-11.00,2.00,11.00,35.00,16.00,13392905,345
182.04,1547560132,2300.28,51.48248369,7.42989025,151.88,13.68,-0.66,96.32,1,-90.00,-10.00,3.00,6.00,36.00,4.00,13392904,347
183.04,1547560133,2313.95,51.48246360,7.43009333,152.33,14.01,0.33,96.65,1,-90.00,-10.00,3.00,6.00,36.00,4.00,13392904,347
184.04,1547560134,2328.00,51.48244635,7.43029878,152.64,13.90,-0.11,97.03,1,-88.00,-8.00,2.00,10.00,34.00,4.00,13392904,347
185.04,1547560135,2341.90,51.48242575,7.43050202,153.07,13.72,-0.18,97.81,1,-88.00,-8.00,2.00,10.00,34.00,4.00,13392904,347
186.04,1547560136,2355.65,51.48240729,7.43068937,153.13,13.02,-0.70,97.23,1,-87.00,-8.00,26.00,15.00,40.00,4.00,13392904,347
187.04,1547560137,2368.65,51.48239248,7.43085924,153.06,12.42,-0.60,97.06,1,-87.00,-8.00,26.00,15.00,40.00,4.00,13392904,347
188.04,1547560138,2381.06,51.48237708,7.43103821,152.86,12.31,-0.11,97.40,1,-84.00,-7.00,26.00,15.00,44.00,4.00,13392904,347
189.04,1547560139,2393.37,51.48236077,7.43120774,152.48,12.21,-0.10,97.99,1,-84.00,-7.00,26.00,15.00,44.00,4.00,13392904,347
190.04,1547560140,2405.58,51.48234491,7.43138797,152.13,12.13,-0.09,98.22,1,-71.00,-7.00,25.00,15.00,53.00,4.00,13392904,347
191.04,1547560141,2417.67,51.48232903,7.43157710,151.83,12.49,0.36,97.50,1,-71.00,-7.00,25.00,15.00,53.00,4.00,13392904,347
192.04,1547560142,2430.16,51.48231330,7.43176573,151.96,13.35,0.86,97.46,1,-71.00,-8.00,21.00,14.00,51.00,4.00,13392904,347
193.04,1547560143,2443.53,51.48229331,7.43196192,151.95,14.06,0.71,97.13,1,-71.00,-8.00,21.00,14.00,51.00,4.00,13392904,347
194.04,1547560144,2457.59,51.48227479,7.43216573,151.93,14.09,0.03,96.76,1,-77.00,-5.00,21.00,15.00,46.00,4.00,13392904,347
195.04,1547560145,2471.70,51.48225877,7.43236528,151.76,13.69,-0.40,96.75,1,-77.00,-5.00,21.00,15.00,46.00,4.00,13392904,347
196.05,1547560146,2485.53,51.48224265,7.43256409,151.99,13.31,-0.38,96.21,1,-73.00,-5.00,32.00,14.00,49.00,4.00,13392904,347
197.04,1547560147,2498.72,51.48222647,7.43276524,152.33,14.07,0.76,96.05,1,-73.00,-5.00,32.00,14.00,49.00,4.00,13392904,347
198.04,1547560148,2512.79,51.48221463,7.43296629,152.81,13.96,-0.11,95.72,1,-73.00,-5.00,32.00,14.00,49.00,4.00,13392904,347
199.04,1547560149,2526.74,51.48220197,7.43315753,153.09,13.44,-0.53,96.06,1,-78.00,-5.00,20.00,15.00,44.00,4.00,13392904,347
200.04,1547560150,2540.18,51.48218548,7.43335206,153.18,13.16,-0.27,96.42,1,-78.00,-5.00,20.00,15.00,44.00,4.00,13392904,347
201.04,1547560151,2553.30,51.48217009,7.43352956,153.45,12.56,-0.61,97.32,1,-79.00,-5.00,28.00,14.00,44.00,4.00,13392904,347
202.04,1547560152,2565.87,51.48215669,7.43370723,154.04,12.38,-0.18,97.24,1,-79.00,-5.00,28.00,14.00,44.00,4.00,13392904,347
203.04,1547560153,2578.30,51.48214337,7.43387265,154.13,11.93,-0.45,96.68,1,-75.00,-10.00,17.00,15.00,48.00,4.00,13392904,347
204.04,1547560154,2590.21,51.48213408,7.43404900,154.78,11.65,-0.28,95.99,1,-75.00,-10.00,17.00,15.00,48.00,4.00,13392904,347
205.04,1547560155,2601.85,51.48212418,7.43420620,155.47,11.39,-0.26,96.41,1,-74.00,-5.00,28.00,15.00,49.00,4.00,13392904,347
206.04,1547560156,2613.25,51.48211369,7.43437425,156.07,10.71,-0.68,96.91,1,-74.00,-5.00,28.00,15.00,49.00,4.00,13392904,347
207.04,1547560157,2623.95,51.48210851,7.43452732,156.83,10.35,-0.36,96.60,1,-77.00,-6.00,24.00,15.00,46.00,4.00,13392904,347
208.04,1547560158,2634.30,51.48210001,7.43467580,157.26,10.86,0.51,96.38,1,-77.00,-6.00,24.00,15.00,46.00,4.00,13392904,347
209.04,1547560159,2645.18,51.48209206,7.43484370,157.67,11.62,0.75,96.74,1,-78.00,-7.00,26.00,15.00,46.00,4.00,13392904,347
210.04,1547560160,2656.80,51.48208034,7.43500436,158.30,11.16,-0.45,97.74,1,-78.00,-7.00,26.00,15.00,46.00,4.00,13392904,347
211.03,1547560161,2667.91,51.48207183,7.43516854,158.83,10.82,-0.34,97.77,1,-82.00,-7.00,27.00,15.00,43.00,4.00,13392904,347
212.04,1547560162,2678.74,51.48206251,7.43533892,159.01,10.20,-0.62,98.73,1,-82.00,-7.00,27.00,15.00,43.00,4.00,13392904,347
213.04,1547560163,2688.93,51.48205219,7.43548804,159.85,10.37,0.17,99.34,1,-80.00,-9.00,21.00,9.00,46.00,4.00,13392904,347
214.04,1547560164,2699.33,51.48204046,7.43564576,160.64,10.46,0.09,98.90,1,-80.00,-9.00,21.00,9.00,46.00,4.00,13392904,347
215.04,1547560165,2709.81,51.48202429,7.43578531,160.73,10.14,-0.32,98.32,1,-86.00,-8.00,12.00,10.00,40.00,4.00,13392904,347
216.04,1547560166,2719.90,51.48201006,7.43591894,160.96,9.98,-0.16,97.83,1,-86.00,-8.00,12.00,10.00,40.00,4.00,13392904,347
217.05,1547560167,2730.00,51.48199564,7.43607312,160.49,9.82,-0.16,98.75,1,-82.00,-9.00,7.00,15.00,45.00,4.00,13392904,347
218.04,1547560168,2739.74,51.48198232,7.43622756,160.14,10.25,0.43,97.72,1,-82.00,-9.00,7.00,15.00,45.00,4.00,13392904,347
219.04,1547560169,2750.00,51.48196945,7.43636675,159.92,10.33,0.08,97.21,1,-82.00,-9.00,7.00,15.00,45.00,4.00,13392904,347
220.04,1547560170,2760.32,51.48195874,7.43649724,159.70,9.95,-0.38,97.11,1,-87.00,-11.00,5.00,10.00,40.00,4.00,13392904,347
221.04,1547560171,2770.29,51.48195039,7.43663811,159.73,9.61,-0.33,96.69,1,-87.00,-11.00,5.00,10.00,40.00,4.00,13392904,347
222.04,1547560172,2779.89,51.48194659,7.43677338,159.86,9.65,0.03,97.16,1,-87.00,-10.00,10.00,11.00,38.00,4.00,13392904,347
223.04,1547560173,2789.50,51.48194308,7.43690706,160.74,9.33,-0.31,97.92,1,-87.00,-10.00,10.00,11.00,38.00,4.00,13392904,347
224.04,1547560174,2798.87,51.48193493,7.43703594,161.31,9.48,0.14,97.20,1,-92.00,-12.00,7.00,12.00,40.00,4.00,13392904,347
225.04,1547560175,2808.36,51.48192464,7.43716366,161.91,9.35,-0.13,97.38,1,-92.00,-12.00,7.00,12.00,40.00,4.00,13392904,347
226.04,1547560176,2817.69,51.48191179,7.43729999,162.49,9.67,0.32,98.27,1,-87.00,-13.00,6.00,8.00,40.00,4.00,13392904,347
227.04,1547560177,2827.35,51.48190035,7.43743046,162.21,8.80,-0.87,98.13,1,-87.00,-13.00,6.00,8.00,40.00,4.00,13392904,347
228.04,1547560178,2836.16,51.48188888,7.43755134,162.00,7.53,-1.28,98.99,1,-90.00,-10.00,6.00,10.00,38.00,4.00,13392904,347
229.04,1547560179,2843.68,51.48187598,7.43766740,161.71,6.50,-1.03,100.88,1,-90.00,-10.00,6.00,10.00,38.00,4.00,13392904,347
230.04,1547560180,2850.19,51.48186847,7.43774171,161.55,5.48,-1.02,100.00,1,-91.00,-10.00,4.00,9.00,34.00,4.00,13392904,347
231.04,1547560181,2855.68,51.48186185,7.43782548,161.77,5.04,-0.43,98.93,1,-91.00,-10.00,4.00,9.00,34.00,4.00,13392904,347
232.04,1547560182,2860.68,51.48186582,7.43790160,161.51,5.13,0.09,84.84,1,-93.00,-14.00,8.00,11.00,35.00,4.00,13392904,347
233.04,1547560183,2865.82,51.48186057,7.43798101,161.81,6.15,1.02,97.38,1,-93.00,-14.00,8.00,11.00,35.00,4.00,13392904,347
234.04,1547560184,2871.97,51.48185647,7.43809061,161.53,6.07,-0.09,97.43,1,-94.00,-13.00,4.00,10.00,36.00,4.00,13392904,347
235.04,1547560185,2878.05,51.48184941,7.43818929,161.14,6.11,0.05,99.14,1,-94.00,-13.00,4.00,10.00,36.00,4.00,13392904,347
236.04,1547560186,2884.17,51.48184007,7.43830358,161.12,6.77,0.65,100.13,1,-98.00,-13.00,1.00,10.00,31.00,4.00,13392904,347
237.04,1547560187,2890.95,51.48183067,7.43841978,160.96,7.14,0.37,98.88,1,-98.00,-13.00,1.00,10.00,31.00,4.00,13392904,347
238.04,1547560188,2898.07,51.48182328,7.43852977,161.10,7.42,0.28,98.10,1,-99.00,-13.00,2.00,10.00,29.00,4.00,13392904,347
239.04,1547560189,2905.49,51.48181540,7.43861903,161.58,7.56,0.14,97.25,1,-99.00,-13.00,2.00,10.00,29.00,4.00,13392904,347
240.05,1547560190,2913.11,51.48180973,7.43870426,162.23,7.28,-0.28,96.89,1,-93.00,-8.00,6.00,11.00,34.00,6.00,13392905,345
241.04,1547560191,2920.36,51.48180188,7.43880859,162.75,6.74,-0.54,97.27,1,-93.00,-8.00,6.00,11.00,34.00,6.00,13392905,345
242.04,1547560192,2927.05,51.48179506,7.43890908,163.10,6.47,-0.27,96.76,1,-93.00,-8.00,6.00,11.00,34.00,6.00,13392905,345
243.04,1547560193,2933.54,51.48178811,7.43899882,163.36,6.72,0.25,96.08,1,-97.00,-10.00,13.00,11.00,31.00,6.00,13392905,345
244.04,1547560194,2940.26,51.48178337,7.43909016,163.45,6.36,-0.36,95.24,1,-97.00,-10.00,13.00,11.00,31.00,6.00,13392905,345
245.04,1547560195,2946.61,51.48177833,7.43919050,163.45,6.87,0.51,95.82,1,-95.00,-6.00,18.00,12.00,28.00,6.00,13392905,345
246.04,1547560196,2953.48,51.48177169,7.43929848,163.62,7.71,0.85,95.07,1,-95.00,-6.00,18.00,12.00,28.00,6.00,13392905,345
247.04,1547560197,2961.19,51.48176587,7.43941386,163.95,8.50,0.79,94.15,1,-94.00,-7.00,16.00,12.00,30.00,6.00,13392905,345
248.03,1547560198,2969.65,51.48176227,7.43952989,164.52,9.44,0.94,94.63,1,-94.00,-7.00,16.00,12.00,30.00,6.00,13392905,345
249.04,1547560199,2979.15,51.48175669,7.43965322,164.85,9.55,0.11,94.87,1,-98.00,-7.00,13.00,11.00,28.00,6.00,13392905,345
250.04,1547560200,2988.70,51.48174976,7.43978948,164.98,9.15,-0.40,94.47,1,-98.00,-7.00,13.00,11.00,28.00,6.00,13392905,345
251.04,1547560201,2997.83,51.48174160,7.43993013,165.37,9.36,0.21,95.12,1,-98.00,-6.00,10.00,11.00,25.00,6.00,13392905,345
252.04,1547560202,3007.16,51.48173247,7.44006894,165.54,9.88,0.53,94.55,1,-98.00,-6.00,10.00,11.00,25.00,6.00,13392905,345
253.04,1547560203,3017.08,51.48172360,7.44021301,165.63,9.88,0.00,95.11,1,-95.00,-7.00,9.00,12.00,27.00,6.00,13392905,345
254.04,1547560204,3026.96,51.48171310,7.44035425,165.74,10.03,0.15,95.48,1,-95.00,-7.00,9.00,12.00,27.00,6.00,13392905,345
255.04,1547560205,3036.97,51.48170279,7.44050452,165.98,10.27,0.24,95.92,1,-97.00,-8.00,12.00,12.00,34.00,6.00,13392905,345
256.04,1547560206,3047.25,51.48169312,7.44066493,166.39,11.05,0.78,96.36,1,-97.00,-8.00,12.00,12.00,34.00,6.00,13392905,345
257.04,1547560207,3058.31,51.48168115,7.44083242,166.96,11.69,0.64,96.80,1,-96.00,-7.00,12.00,12.00,27.00,6.00,13392905,345
258.04,1547560208,3070.01,51.48166980,7.44099480,167.52,11.45,-0.24,97.52,1,-96.00,-7.00,12.00,12.00,27.00,6.00,13392905,345
259.04,1547560209,3081.46,51.48165046,7.44118125,167.63,11.67,0.22,99.80,1,-88.00,-8.00,11.00,12.00,30.00,6.00,13392905,345
260.04,1547560210,3093.13,51.48162914,7.44131737,167.57,11.19,-0.49,102.87,1,-88.00,-8.00,11.00,12.00,30.00,6.00,13392905,345
261.05,1547560211,3104.46,51.48160174,7.44146247,167.58,10.75,-0.43,106.63,1,-92.00,-9.00,5.00,12.00,33.00,6.00,13392905,345
262.04,1547560212,3115.07,51.48154965,7.44159754,167.38,10.72,-0.04,122.23,1,-92.00,-9.00,5.00,12.00,33.00,6.00,13392905,345
263.04,1547560213,3125.75,51.48149018,7.44174797,166.89,11.08,0.36,122.92,1,-92.00,-9.00,5.00,12.00,33.00,6.00,13392905,345
264.04,1547560214,3136.85,51.48142388,7.44188908,166.27,11.86,0.78,124.86,1,-99.00,-12.00,7.00,9.00,33.00,6.00,13392905,345
265.04,1547560215,3148.74,51.48135114,7.44202746,165.20,11.53,-0.33,128.05,1,-99.00,-12.00,7.00,9.00,33.00,6.00,13392905,345
266.04,1547560216,3160.28,51.48126591,7.44215520,163.95,12.03,0.50,131.64,1,-104.00,-8.00,7.00,9.00,19.00,6.00,13392905,345
267.04,1547560217,3172.28,51.48117289,7.44228014,162.84,12.90,0.88,134.01,1,-104.00,-8.00,7.00,9.00,19.00,6.00,13392905,345
268.04,1547560218,3185.19,51.48109215,7.44240030,162.11,13.30,0.39,133.68,1,-99.00,-7.00,11.00,9.00,24.00,6.00,13392905,345
269.04,1547560219,3198.48,51.48100535,7.44253563,161.52,14.09,0.80,133.31,1,-99.00,-7.00,11.00,9.00,24.00,6.00,13392905,345
270.04,1547560220,3212.58,51.48091761,7.44267793,161.09,14.45,0.36,132.69,1,-101.00,-9.00,6.00,8.00,27.00,6.00,13392905,345
271.06,1547560221,3227.37,51.48083643,7.44281538,160.78,13.80,-0.63,133.58,1,-101.00,-9.00,6.00,8.00,27.00,6.00,13392905,345
272.04,1547560222,3240.82,51.48075552,7.44294322,161.03,12.58,-1.26,135.37,1,-101.00,-10.00,9.00,10.00,28.00,6.00,13392905,345
273.04,1547560223,3253.38,51.48066138,7.44303199,161.00,11.34,-1.24,148.23,1,-101.00,-10.00,9.00,10.00,28.00,6.00,13392905,345
274.04,1547560224,3264.78,51.48056358,7.44311042,160.84,10.92,-0.42,151.95,1,-103.00,-9.00,10.00,10.00,25.00,6.00,13392905,345
275.04,1547560225,3275.70,51.48045030,7.44312745,160.33,11.46,0.54,177.03,1,-103.00,-9.00,10.00,10.00,25.00,6.00,13392905,345
276.04,1547560226,3287.14,51.48034718,7.44314041,159.94,12.39,0.93,175.94,1,-100.00,-8.00,8.00,10.00,24.00,6.00,13392905,345
277.04,1547560227,3299.54,51.48022907,7.44319182,159.65,13.32,0.93,163.40,1,-100.00,-8.00,8.00,10.00,24.00,6.00,13392905,345
278.04,1547560228,3312.86,51.48010517,7.44325836,159.65,14.04,0.72,159.60,1,-102.00,-6.00,7.00,9.00,22.00,6.00,13392905,345
279.04,1547560229,3326.90,51.47998413,7.44334210,159.62,15.06,1.02,156.98,1,-102.00,-6.00,7.00,9.00,22.00,6.00,13392905,345
280.04,1547560230,3341.94,51.47985378,7.44343702,159.81,16.05,0.99,155.22,1,-102.00,-7.00,22.00,9.00,24.00,6.00,13392905,345
281.04,1547560231,3358.03,51.47971991,7.44354580,160.07,17.06,1.01,153.84,1,-102.00,-7.00,22.00,9.00,24.00,6.00,13392905,345
282.04,1547560232,3375.12,51.47958829,7.44365814,160.32,17.28,0.22,152.99,1,-106.00,-10.00,12.00,6.00,22.00,6.00,13392905,345
283.04,1547560233,3392.36,51.47945408,7.44377876,160.62,16.77,-0.51,152.51,1,-106.00,-10.00,12.00,6.00,22.00,6.00,13392905,345
284.04,1547560234,3409.11,51.47931788,7.44389953,160.95,16.74,-0.02,151.72,1,-106.00,-10.00,12.00,6.00,22.00,6.00,13392905,345
285.04,1547560235,3425.86,51.47918673,7.44401797,161.43,16.71,-0.03,151.65,1,-107.00,-8.00,6.00,8.00,20.00,6.00,13392905,345
286.04,1547560236,3442.59,51.47905297,7.44413611,161.87,16.53,-0.18,151.58,1,-107.00,-8.00,6.00,8.00,20.00,6.00,13392905,345
287.04,1547560237,3459.10,51.47893358,7.44424471,162.02,16.18,-0.35,151.69,1,-109.00,-8.00,5.00,8.00,19.00,6.00,13392905,345
288.04,1547560238,3475.29,51.47880766,7.44435873,162.29,15.86,-0.33,151.57,1,-109.00,-8.00,5.00,8.00,19.00,6.00,13392905,345
289.04,1547560239,3491.16,51.47867971,7.44447206,162.57,15.60,-0.25,151.55,1,-113.00,-9.00,3.00,3.00,14.00,6.00,13392905,345
290.04,1547560240,3506.75,51.47855332,7.44458319,162.83,15.31,-0.29,151.56,1,-113.00,-9.00,3.00,3.00,14.00,6.00,13392905,345
291.04,1547560241,3522.11,51.47843015,7.44469096,163.01,15.28,-0.03,151.56,1,-112.00,-9.00,2.00,4.00,14.00,6.00,13392905,345
292.04,1547560242,3537.36,51.47830671,7.44480271,163.16,15.42,0.14,151.24,1,-112.00,-9.00,2.00,4.00,14.00,6.00,13392905,345
293.04,1547560243,3552.78,51.47819788,7.44490410,163.25,15.54,0.12,151.27,1,-113.00,-9.00,2.00,4.00,15.00,6.00,13392905,345
294.04,1547560244,3568.33,51.47807548,7.44501512,163.36,15.51,-0.03,151.37,1,-113.00,-9.00,2.00,4.00,15.00,6.00,13392905,345
295.04,1547560245,3583.84,51.47796263,7.44511678,163.10,15.48,-0.03,151.34,1,-117.00,-10.00,0.00,5.00,12.00,6.00,13392905,345
296.04,1547560246,3599.32,51.47783815,7.44522740,163.12,15.12,-0.36,151.59,1,-117.00,-10.00,0.00,5.00,12.00,6.00,13392905,345
297.04,1547560247,3614.43,51.47771048,7.44533845,163.22,15.00,-0.12,151.65,1,-118.00,-11.00,0.00,5.00,12.00,6.00,13392905,345
298.04,1547560248,3629.43,51.47758769,7.44544552,163.34,14.99,-0.01,151.63,1,-118.00,-11.00,0.00,5.00,12.00,6.00,13392905,345
299.04,1547560249,3644.44,51.47747033,7.44554790,163.40,14.94,-0.06,151.16,1,-119.00,-11.00,-2.00,3.00,9.00,6.00,13392905,345
300.04,1547560250,3659.41,51.47734994,7.44565278,163.50,14.89,-0.05,151.29,1,-119.00,-11.00,-2.00,3.00,9.00,6.00,13392905,345
301.04,1547560251,3674.23,51.47723200,7.44575557,163.60,14.62,-0.27,151.36,1,-73.00,-7.00,8.00,12.00,54.00,3.00,12973569,333
302.05,1547560252,3689.05,51.47711571,7.44585621,163.69,14.30,-0.31,151.54,1,-73.00,-7.00,8.00,12.00,54.00,3.00,12973569,333
303.04,1547560253,3703.22,51.47700669,7.44595325,163.93,13.81,-0.50,151.40,1,-70.00,-11.00,14.00,10.00,62.00,3.00,12973569,333
304.04,1547560254,3717.06,51.47690346,7.44604086,163.62,13.77,-0.03,151.10,1,-70.00,-11.00,14.00,10.00,62.00,3.00,12973569,333
305.04,1547560255,3730.77,51.47679526,7.44613582,163.52,13.34,-0.44,151.37,1,-70.00,-11.00,14.00,10.00,62.00,3.00,12973569,333
306.04,1547560256,3744.12,51.47668975,7.44622876,163.58,13.08,-0.26,151.46,1,-75.00,-9.00,10.00,9.00,54.00,3.00,12973569,333
307.04,1547560257,3757.17,51.47658526,7.44631826,163.75,12.72,-0.36,152.20,1,-75.00,-9.00,10.00,9.00,54.00,3.00,12973569,333
308.04,1547560258,3769.89,51.47648683,7.44640584,163.66,11.59,-1.13,152.46,1,-68.00,-6.00,7.00,6.00,62.00,3.00,12973570,334
309.04,1547560259,3781.47,51.47640132,7.44647953,163.61,10.48,-1.11,152.59,1,-68.00,-6.00,7.00,6.00,62.00,3.00,12973570,334
310.04,1547560260,3791.95,51.47631914,7.44654868,163.49,9.16,-1.32,152.18,1,-66.00,-6.00,14.00,11.00,59.00,3.00,12973570,334
311.04,1547560261,3801.13,51.47625498,7.44660328,163.51,8.27,-0.89,152.17,1,-66.00,-6.00,14.00,11.00,59.00,3.00,12973570,334
312.04,1547560262,3809.35,51.47619011,7.44665672,163.46,7.54,-0.73,152.45,1,-65.00,-5.00,17.00,11.00,59.00,3.00,12973570,334
313.04,1547560263,3816.92,51.47613546,7.44670646,163.54,7.11,-0.43,151.80,1,-65.00,-5.00,17.00,11.00,59.00,3.00,12973570,334
314.04,1547560264,3824.01,51.47607914,7.44675373,163.50,6.53,-0.58,151.91,1,-66.00,-6.00,17.00,11.00,58.00,3.00,12973570,334
315.04,1547560265,3830.53,51.47603297,7.44679184,163.26,5.61,-0.93,151.95,1,-66.00,-6.00,17.00,11.00,58.00,3.00,12973570,334
316.04,1547560266,3836.16,51.47598810,7.44682875,163.20,4.78,-0.82,152.19,1,-69.00,-6.00,18.00,12.00,57.00,3.00,12973570,334
317.04,1547560267,3840.94,51.47595908,7.44685451,163.19,3.60,-1.18,151.96,1,-69.00,-6.00,18.00,12.00,57.00,3.00,12973570,334
318.04,1547560268,3844.54,51.47593249,7.44687740,163.20,2.62,-0.98,152.78,1,-72.00,-6.00,22.00,12.00,54.00,3.00,12973570,334
319.04,1547560269,3847.17,51.47591465,7.44689302,163.23,1.59,-1.04,152.06,1,-72.00,-6.00,22.00,12.00,54.00,3.00,12973570,334
320.04,1547560270,3848.75,51.47590502,7.44690074,163.27,0.76,-0.83,152.06,1,-73.00,-5.00,25.00,12.00,52.00,3.00,12973570,334
321.04,1547560271,3849.51,51.47590153,7.44690343,163.31,0.31,-0.45,152.06,1,-73.00,-5.00,25.00,12.00,52.00,3.00,12973570,334
322.04,1547560272,3849.82,51.47589301,7.44691109,163.35,1.36,1.05,149.69,1,-74.00,-6.00,25.00,13.00,52.00,3.00,12973570,334
323.04,1547560273,3851.17,51.47587546,7.44692775,163.40,3.08,1.72,150.04,1,-74.00,-6.00,25.00,13.00,52.00,3.00,12973570,334
324.05,1547560274,3854.28,51.47584355,7.44695691,163.83,4.76,1.67,150.54,1,-72.00,-6.00,25.00,12.00,54.00,3.00,12973570,334
325.04,1547560275,3859.00,51.47580123,7.44699275,164.11,5.73,0.97,151.29,1,-72.00,-6.00,25.00,12.00,54.00,3.00,12973570,334
326.04,1547560276,3864.73,51.47575524,7.44703474,164.46,6.50,0.78,150.86,1,-72.00,-6.00,25.00,12.00,54.00,3.00,12973570,334
327.04,1547560277,3871.24,51.47570107,7.44708295,164.46,7.58,1.08,151.49,1,-67.00,-5.00,26.00,1.00,56.00,3.00,12973570,334
328.04,1547560278,3878.81,51.47563655,7.44714325,164.68,8.30,0.72,151.11,1,-67.00,-5.00,26.00,1.00,56.00,3.00,12973570,334
329.04,1547560279,3887.11,51.47556872,7.44720318,164.87,8.77,0.47,150.95,1,-74.00,-6.00,19.00,12.00,52.00,3.00,12973570,334
330.04,1547560280,3895.87,51.47550286,7.44726096,164.88,9.23,0.47,150.31,1,-74.00,-6.00,19.00,12.00,52.00,3.00,12973570,334
331.04,1547560281,3905.11,51.47543545,7.44732547,164.74,9.32,0.09,149.32,1,-75.00,-5.00,26.00,12.00,50.00,3.00,12973570,334
332.04,1547560282,3914.40,51.47536395,7.44739235,164.30,10.13,0.81,148.80,1,-75.00,-5.00,26.00,12.00,50.00,3.00,12973570,334
333.04,1547560283,3924.52,51.47528551,7.44747018,163.94,10.91,0.78,148.15,1,-76.00,-6.00,24.00,14.00,49.00,3.00,12973570,334
334.04,1547560284,3935.43,51.47520221,7.44755668,163.49,10.88,-0.02,147.58,1,-76.00,-6.00,24.00,14.00,49.00,3.00,12973570,334
335.04,1547560285,3946.35,51.47512809,7.44763088,163.18,10.57,-0.31,146.95,1,-77.00,-8.00,24.00,15.00,49.00,3.00,12973570,334
336.04,1547560286,3956.92,51.47505375,7.44771062,162.77,9.87,-0.70,146.29,1,-77.00,-8.00,24.00,15.00,49.00,3.00,12973570,334
337.04,1547560287,3966.79,51.47498492,7.44778691,162.50,9.52,-0.34,145.48,1,-83.00,-7.00,22.00,12.00,43.00,3.00,12973570,334
338.04,1547560288,3976.31,51.47491689,7.44786602,162.24,9.19,-0.34,144.28,1,-83.00,-7.00,22.00,12.00,43.00,3.00,12973570,334
339.04,1547560289,3985.50,51.47485171,7.44794009,162.06,8.87,-0.32,143.73,1,-80.00,-7.00,18.00,12.00,46.00,3.00,12973570,334
340.04,1547560290,3994.36,51.47478761,7.44801777,161.99,8.50,-0.37,143.24,1,-80.00,-7.00,18.00,12.00,46.00,3.00,12973570,334
341.04,1547560291,4002.89,51.47472864,7.44808981,162.15,8.25,-0.25,142.82,1,-84.00,-7.00,16.00,12.00,42.00,3.00,12973570,334
342.04,1547560292,4011.10,51.47467194,7.44815759,162.43,8.13,-0.12,142.68,1,-84.00,-7.00,16.00,12.00,42.00,3.00,12973570,334
343.04,1547560293,4019.26,51.47461630,7.44822798,162.64,7.59,-0.54,142.08,1,-84.00,-10.00,17.00,11.00,46.00,3.00,12973570,334
344.04,1547560294,4026.86,51.47456598,7.44829477,163.00,7.07,-0.52,142.35,1,-84.00,-10.00,17.00,11.00,46.00,3.00,12973570,334
345.04,1547560295,4033.92,51.47451950,7.44835506,163.29,6.38,-0.69,142.02,1,-86.00,-6.00,12.00,10.00,40.00,3.00,12973570,334
346.04,1547560296,4040.30,51.47447488,7.44841366,163.59,6.29,-0.09,141.46,1,-86.00,-6.00,12.00,10.00,40.00,3.00,12973570,334
347.04,1547560297,4046.59,51.47442820,7.44847546,163.84,6.74,0.45,141.71,1,-86.00,-6.00,19.00,9.00,40.00,3.00,12973570,334
348.04,1547560298,4053.33,51.47437692,7.44854382,163.95,7.53,0.79,141.31,1,-86.00,-6.00,19.00,9.00,40.00,3.00,12973570,334
349.05,1547560299,4060.93,51.47432014,7.44862064,163.95,8.19,0.65,140.57,1,-86.00,-7.00,11.00,11.00,44.00,3.00,12973570,334
350.04,1547560300,4069.05,51.47425884,7.44870202,163.86,9.04,0.85,139.76,1,-86.00,-7.00,11.00,11.00,44.00,3.00,12973570,334
351.04,1547560301,4078.08,51.47419587,7.44878801,163.77,9.21,0.18,139.37,1,-86.00,-7.00,11.00,11.00,44.00,3.00,12973570,334
352.04,1547560302,4087.28,51.47413205,7.44887561,163.68,9.43,0.22,139.40,1,-84.00,-6.00,19.00,10.00,43.00,3.00,12973570,334
353.04,1547560303,4096.73,51.47406454,7.44896745,163.46,9.66,0.23,138.70,1,-84.00,-6.00,19.00,10.00,43.00,3.00,12973570,334
354.04,1547560304,4106.40,51.47399541,7.44906620,163.56,10.16,0.50,138.30,1,-83.00,-7.00,16.00,10.00,48.00,3.00,12973570,334
355.04,1547560305,4116.55,51.47392536,7.44917056,164.12,10.60,0.44,137.59,1,-83.00,-7.00,16.00,10.00,48.00,3.00,12973570,334
356.04,1547560306,4127.16,51.47385082,7.44928616,164.73,11.27,0.67,136.70,1,-80.00,-7.00,8.00,10.00,46.00,3.00,12973570,334
357.04,1547560307,4138.43,51.47377120,7.44941034,165.30,11.65,0.38,136.07,1,-80.00,-7.00,8.00,10.00,46.00,3.00,12973570,334
358.04,1547560308,4150.08,51.47369620,7.44953052,165.86,11.45,-0.20,134.63,1,-82.00,-7.00,6.00,7.00,44.00,3.00,12973570,334
359.04,1547560309,4161.52,51.47362806,7.44964300,166.16,11.26,-0.20,133.51,1,-82.00,-7.00,6.00,7.00,44.00,3.00,12973570,334
360.04,1547560310,4172.78,51.47356450,7.44975567,166.38,11.12,-0.13,132.43,1,-89.00,-8.00,3.00,10.00,40.00,3.00,12973570,334
361.06,1547560311,4184.10,51.47350656,7.44986925,166.57,10.88,-0.24,131.19,1,-89.00,-8.00,3.00,10.00,40.00,3.00,12973570,334
362.03,1547560312,4194.74,51.47345323,7.44998945,166.76,10.66,-0.22,129.96,1,-82.00,-10.00,11.00,6.00,50.00,7.00,13394179,495
363.04,1547560313,4205.43,51.47339987,7.45011013,166.92,10.49,-0.17,129.09,1,-82.00,-10.00,11.00,6.00,50.00,7.00,13394179,495
364.04,1547560314,4215.93,51.47334292,7.45023499,167.23,9.91,-0.58,127.64,1,-85.00,-8.00,15.00,9.00,42.00,7.00,13394179,495
365.04,1547560315,4225.85,51.47329724,7.45035131,167.70,8.92,-0.99,126.22,1,-85.00,-8.00,15.00,9.00,42.00,7.00,13394179,495
366.04,1547560316,4234.78,51.47325666,7.45045380,168.03,8.18,-0.73,125.46,1,-84.00,-7.00,13.00,9.00,42.00,7.00,13394179,495
367.04,1547560317,4242.94,51.47321665,7.45055337,168.19,7.72,-0.46,124.71,1,-84.00,-7.00,13.00,9.00,42.00,7.00,13394179,495
368.04,1547560318,4250.68,51.47317897,7.45065247,168.02,8.33,0.60,123.70,1,-83.00,-6.00,18.00,12.00,44.00,7.00,13394179,495
369.04,1547560319,4259.00,51.47313233,7.45077341,167.45,9.84,1.51,123.11,1,-83.00,-6.00,18.00,12.00,44.00,7.00,13394179,495
370.05,1547560320,4268.92,51.47308654,7.45090773,167.16,11.18,1.33,122.12,1,-76.00,-5.00,16.00,10.00,50.00,7.00,13394179,495
371.04,1547560321,4280.01,51.47303360,7.45105670,166.97,12.63,1.46,120.78,1,-76.00,-5.00,16.00,10.00,50.00,7.00,13394179,495
372.04,1547560322,4292.63,51.47297682,7.45122650,166.82,13.73,1.10,119.42,1,-76.00,-5.00,16.00,10.00,50.00,7.00,13394179,495
373.04,1547560323,4306.36,51.47292264,7.45140778,166.52,14.68,0.95,117.72,1,-74.00,-5.00,22.00,12.00,52.00,7.00,13394179,495
374.04,1547560324,4321.05,51.47286427,7.45160777,166.08,15.53,0.84,115.93,1,-74.00,-5.00,22.00,12.00,52.00,7.00,13394179,495
375.04,1547560325,4336.57,51.47281163,7.45182052,165.80,16.41,0.88,113.79,1,-76.00,-6.00,37.00,10.00,51.00,7.00,13394179,495
376.04,1547560326,4352.98,51.47276041,7.45203999,165.34,16.57,0.16,111.91,1,-76.00,-6.00,37.00,10.00,51.00,7.00,13394179,495
377.04,1547560327,4369.57,51.47271149,7.45226997,164.80,16.92,0.34,110.12,1,-70.00,-5.00,21.00,12.00,55.00,7.00,13394179,495
378.04,1547560328,4386.49,51.47267341,7.45249327,164.59,17.16,0.24,108.47,1,-70.00,-5.00,21.00,12.00,55.00,7.00,13394179,495
379.04,1547560329,4403.63,51.47263681,7.45272302,164.65,17.43,0.27,107.30,1,-72.00,-5.00,20.00,9.00,55.00,7.00,13394179,495
380.04,1547560330,4421.05,51.47260104,7.45296486,164.91,17.38,-0.04,106.29,1,-72.00,-5.00,20.00,9.00,55.00,7.00,13394179,495
381.04,1547560331,4438.45,51.47256261,7.45321160,165.45,17.05,-0.33,105.62,1,-81.00,-6.00,13.00,12.00,44.00,7.00,13394179,495
382.04,1547560332,4455.50,51.47252744,7.45344982,165.72,16.97,-0.09,105.18,1,-81.00,-6.00,13.00,12.00,44.00,7.00,13394179,495
383.04,1547560333,4472.45,51.47249105,7.45369488,166.40,16.68,-0.29,104.70,1,-82.00,-6.00,15.00,11.00,44.00,7.00,13394179,495
384.04,1547560334,4489.13,51.47245474,7.45393013,166.97,16.59,-0.09,105.04,1,-82.00,-6.00,15.00,11.00,44.00,7.00,13394179,495
385.04,1547560335,4505.72,51.47241636,7.45415802,167.27,16.60,0.01,105.85,1,-85.00,-5.00,18.00,8.00,41.00,7.00,13394179,495
386.04,1547560336,4522.32,51.47237524,7.45439410,167.37,16.70,0.10,106.02,1,-85.00,-5.00,18.00,8.00,41.00,7.00,13394179,495
387.04,1547560337,4539.01,51.47232587,7.45463097,166.95,16.91,0.20,106.75,1,-83.00,-5.00,12.00,12.00,44.00,7.00,13394179,495
388.04,1547560338,4555.93,51.47228307,7.45485964,166.97,16.91,0.00,107.19,1,-83.00,-5.00,12.00,12.00,44.00,7.00,13394179,495
389.04,1547560339,4572.84,51.47224262,7.45509217,167.19,16.88,-0.03,107.60,1,-79.00,-5.00,8.00,7.00,48.00,7.00,13394179,495
390.04,1547560340,4589.72,51.47219481,7.45532340,167.34,17.08,0.20,108.76,1,-79.00,-5.00,8.00,7.00,48.00,7.00,13394179,495
391.05,1547560341,4607.04,51.47214798,7.45554190,167.36,17.17,0.08,109.85,1,-80.00,-7.00,16.00,14.00,49.00,7.00,13394179,495
392.04,1547560342,4623.91,51.47209556,7.45577956,167.44,17.21,0.04,110.64,1,-80.00,-7.00,16.00,14.00,49.00,7.00,13394179,495
393.04,1547560343,4641.21,51.47204164,7.45600065,167.12,17.37,0.15,111.55,1,-80.00,-7.00,16.00,14.00,49.00,7.00,13394179,495
394.04,1547560344,4658.56,51.47198461,7.45623051,166.41,17.39,0.03,112.32,1,-88.00,-8.00,3.00,9.00,39.00,7.00,13394179,495
395.04,1547560345,4675.95,51.47191996,7.45646502,165.57,17.24,-0.16,113.07,1,-88.00,-8.00,3.00,9.00,39.00,7.00,13394179,495
396.04,1547560346,4693.19,51.47185555,7.45669800,164.96,17.09,-0.14,113.78,1,-92.00,-9.00,9.00,9.00,37.00,7.00,13394179,495
397.04,1547560347,4710.29,51.47179103,7.45691673,164.47,16.81,-0.29,114.23,1,-92.00,-9.00,9.00,9.00,37.00,7.00,13394179,495
398.04,1547560348,4727.08,51.47172690,7.45713376,163.95,16.66,-0.15,114.76,1,-84.00,-9.00,2.00,6.00,42.00,4.00,13394177,497
399.04,1547560349,4743.75,51.47166023,7.45735254,163.43,16.54,-0.11,115.52,1,-84.00,-9.00,2.00,6.00,42.00,4.00,13394177,497
400.04,1547560350,4760.28,51.47159549,7.45756108,162.90,16.40,-0.14,116.37,1,-87.00,-7.00,18.00,12.00,42.00,4.00,13394177,497
401.04,1547560351,4776.68,51.47152826,7.45776539,162.60,16.20,-0.20,116.99,1,-87.00,-7.00,18.00,12.00,42.00,4.00,13394177,497
402.04,1547560352,4792.91,51.47146302,7.45796693,162.50,15.22,-0.98,116.70,1,-84.00,-5.00,17.00,12.00,40.00,4.00,13394177,497
403.04,1547560353,4808.11,51.47139954,7.45815768,162.38,14.34,-0.88,116.15,1,-84.00,-5.00,17.00,12.00,40.00,4.00,13394177,497
404.04,1547560354,4822.47,51.47134433,7.45833616,162.16,12.95,-1.39,115.19,1,-83.00,-6.00,25.00,10.00,42.00,4.00,13394177,497
405.04,1547560355,4835.39,51.47129570,7.45849193,162.05,11.46,-1.48,116.14,1,-83.00,-6.00,25.00,10.00,42.00,4.00,13394177,497
406.04,1547560356,4846.84,51.47125513,7.45862017,161.68,9.16,-2.31,115.78,1,-84.00,-6.00,34.00,12.00,42.00,4.00,13394177,497
407.04,1547560357,4856.00,51.47122527,7.45871552,161.07,6.99,-2.17,116.41,1,-84.00,-6.00,34.00,12.00,42.00,4.00,13394177,497
408.04,1547560358,4863.00,51.47119640,7.45880293,160.42,5.67,-1.32,116.76,1,-85.00,-7.00,18.00,12.00,44.00,4.00,13394177,497
409.04,1547560359,4868.66,51.47117508,7.45886365,160.36,3.73,-1.95,115.83,1,-85.00,-7.00,18.00,12.00,44.00,4.00,13394177,497
410.04,1547560360,4872.39,51.47116789,7.45889716,160.32,2.19,-1.54,116.99,1,-83.00,-5.00,33.00,11.00,41.00,4.00,13394177,497
411.04,1547560361,4874.57,51.47116288,7.45891576,160.30,0.96,-1.22,115.49,1,-83.00,-5.00,33.00,11.00,41.00,4.00,13394177,497
412.04,1547560362,4875.54,51.47116288,7.45891576,160.29,0.00,-0.96,115.49,1,-79.00,-5.00,20.00,12.00,45.00,4.00,13394177,497
413.04,1547560363,4875.54,51.47116288,7.45891576,160.29,0.00,0.00,115.49,1,-79.00,-5.00,20.00,12.00,45.00,4.00,13394177,497
414.04,1547560364,4875.54,51.47116288,7.45891576,160.28,0.00,0.00,115.49,1,-79.00,-5.00,20.00,12.00,45.00,4.00,13394177,497
415.04,1547560365,4875.54,51.47116288,7.45891576,160.28,0.00,0.00,115.49,1,-82.00,-6.00,19.00,12.00,44.00,4.00,13394177,497
416.04,1547560366,4875.54,51.47116288,7.45891576,160.27,0.00,0.00,115.49,1,-82.00,-6.00,19.00,12.00,44.00,4.00,13394177,497
417.04,1547560367,4875.54,51.47116288,7.45891576,160.26,0.00,0.00,115.49,1,-78.00,-4.00,30.00,10.00,46.00,4.00,13394177,497
418.04,1547560368,4875.54,51.47116288,7.45891576,160.25,0.00,0.00,115.49,1,-78.00,-4.00,30.00,10.00,46.00,4.00,13394177,497
419.04,1547560369,4875.54,51.47116288,7.45891576,160.15,0.00,0.00,115.49,1,-80.00,-4.00,23.00,12.00,45.00,4.00,13394177,497
420.04,1547560370,4875.54,51.47116288,7.45891576,160.07,0.00,0.00,115.49,1,-80.00,-4.00,23.00,12.00,45.00,4.00,13394177,497
421.04,1547560371,4875.54,51.47116288,7.45891576,160.00,0.00,0.00,115.49,1,-84.00,-5.00,27.00,12.00,39.00,4.00,13394177,497
422.04,1547560372,4875.54,51.47116288,7.45891576,159.99,0.00,0.00,115.49,1,-84.00,-5.00,27.00,12.00,39.00,4.00,13394177,497
423.04,1547560373,4875.54,51.47116288,7.45891576,159.99,0.00,0.00,115.49,1,-81.00,-7.00,21.00,12.00,45.00,4.00,13394177,497
424.04,1547560374,4875.54,51.47116288,7.45891576,159.99,0.00,0.00,115.49,1,-81.00,-7.00,21.00,12.00,45.00,4.00,13394177,497
425.04,1547560375,4875.54,51.47116288,7.45891576,159.99,0.00,0.00,115.49,1,-84.00,-7.00,17.00,12.00,38.00,4.00,13394177,497
426.04,1547560376,4875.54,51.47116288,7.45891576,159.99,0.00,0.00,115.49,1,-84.00,-7.00,17.00,12.00,38.00,4.00,13394177,497
427.04,1547560377,4875.54,51.47116288,7.45891576,159.99,0.00,0.00,115.49,1,-85.00,-5.00,31.00,12.00,40.00,4.00,13394177,497
428.04,1547560378,4875.54,51.47116288,7.45891576,160.00,0.00,0.00,115.49,1,-85.00,-5.00,31.00,12.00,40.00,4.00,13394177,497
429.04,1547560379,4875.54,51.47116288,7.45891576,160.07,0.00,0.00,115.49,1,-83.00,-5.00,34.00,11.00,40.00,4.00,13394177,497
430.04,1547560380,4875.54,51.47116288,7.45891576,160.14,0.00,0.00,115.49,1,-83.00,-5.00,34.00,11.00,40.00,4.00,13394177,497
431.03,1547560381,4875.54,51.47116288,7.45891576,160.19,0.00,0.00,111.69,1,-77.00,-6.00,22.00,11.00,48.00,4.00,13394177,497
432.04,1547560382,4875.54,51.47114844,7.45899176,160.19,0.00,0.00,110.30,1,-77.00,-6.00,22.00,11.00,48.00,4.00,13394177,497
433.04,1547560383,4875.54,51.47114404,7.45902498,160.19,2.78,0.00,110.74,1,-76.00,-5.00,20.00,12.00,49.00,4.00,13394177,497
434.04,1547560384,4878.30,51.47113530,7.45906849,159.85,4.27,1.50,112.18,1,-76.00,-5.00,20.00,12.00,49.00,4.00,13394177,497
435.04,1547560385,4882.58,51.47112145,7.45912462,159.45,5.11,0.83,113.51,1,-76.00,-5.00,20.00,12.00,49.00,4.00,13394177,497
436.04,1547560386,4887.69,51.47110096,7.45919894,159.04,6.33,1.22,114.85,1,-82.00,-6.00,22.00,12.00,42.00,4.00,13394177,497
437.04,1547560387,4894.02,51.47106515,7.45930893,158.43,7.94,1.61,115.69,1,-82.00,-6.00,22.00,12.00,42.00,4.00,13394177,497
438.04,1547560388,4901.96,51.47102922,7.45940670,157.76,9.20,1.26,116.40,1,-80.00,-5.00,35.00,13.00,45.00,4.00,13394177,497
439.04,1547560389,4911.16,51.47098845,7.45952648,157.27,9.42,0.22,116.05,1,-80.00,-5.00,35.00,13.00,45.00,4.00,13394177,497
440.04,1547560390,4920.57,51.47095206,7.45963817,156.98,9.58,0.16,115.54,1,-86.00,-5.00,31.00,12.00,40.00,4.00,13394177,497
441.04,1547560391,4930.13,51.47090945,7.45977409,156.57,9.63,0.05,114.71,1,-86.00,-5.00,31.00,12.00,40.00,4.00,13394177,497
442.04,1547560392,4939.76,51.47086857,7.45991673,156.46,10.10,0.47,113.45,1,-85.00,-6.00,11.00,12.00,39.00,4.00,13394177,497
443.04,1547560393,4949.90,51.47082774,7.46005966,156.46,10.86,0.75,112.96,1,-85.00,-6.00,11.00,12.00,39.00,4.00,13394177,497
444.04,1547560394,4960.75,51.47078302,7.46021567,156.25,11.82,0.97,112.47,1,-88.00,-7.00,13.00,9.00,39.00,4.00,13394177,497
445.04,1547560395,4972.57,51.47074515,7.46036938,156.25,11.76,-0.06,111.53,1,-88.00,-7.00,13.00,9.00,39.00,4.00,13394177,497
446.04,1547560396,4984.33,51.47071176,7.46051072,156.71,11.87,0.11,112.44,1,-87.00,-6.00,28.00,11.00,37.00,4.00,13394177,497
447.04,1547560397,4996.20,51.47067386,7.46066211,157.20,12.15,0.28,113.26,1,-87.00,-6.00,28.00,11.00,37.00,4.00,13394177,497
448.04,1547560398,5008.33,51.47062853,7.46083034,157.55,12.53,0.38,113.78,1,-86.00,-6.00,18.00,12.00,39.00,4.00,13394177,497
449.04,1547560399,5020.86,51.47057926,7.46100529,157.86,13.34,0.81,114.37,1,-86.00,-6.00,18.00,12.00,39.00,4.00,13394177,497
450.04,1547560400,5034.21,51.47053145,7.46117107,158.03,13.29,-0.05,115.08,1,-87.00,-6.00,15.00,9.00,38.00,4.00,13394177,497
451.04,1547560401,5047.49,51.47048285,7.46133438,158.15,13.09,-0.19,115.27,1,-87.00,-6.00,15.00,9.00,38.00,4.00,13394177,497
452.04,1547560402,5060.62,51.47042730,7.46151262,158.38,12.73,-0.36,115.51,1,-89.00,-7.00,14.00,13.00,38.00,4.00,13394177,497
453.05,1547560403,5073.42,51.47037179,7.46168482,158.96,12.34,-0.39,115.07,1,-89.00,-7.00,14.00,13.00,38.00,4.00,13394177,497
454.05,1547560404,5085.77,51.47032282,7.46184607,159.30,12.47,0.14,115.69,1,-96.00,-9.00,9.00,7.00,35.00,4.00,13394177,497
455.04,1547560405,5098.15,51.47027213,7.46201438,160.08,12.61,0.13,115.09,1,-96.00,-9.00,9.00,7.00,35.00,4.00,13394177,497
456.04,1547560406,5110.76,51.47022100,7.46218563,160.52,13.05,0.44,114.70,1,-96.00,-9.00,9.00,7.00,35.00,4.00,13394177,497
457.04,1547560407,5123.78,51.47017058,7.46236592,160.35,13.59,0.55,114.34,1,-96.00,-9.00,6.00,6.00,32.00,4.00,13394177,497
458.04,1547560408,5137.39,51.47012062,7.46253457,159.69,14.16,0.56,114.92,1,-96.00,-9.00,6.00,6.00,32.00,4.00,13394177,497
459.04,1547560409,5151.54,51.47006817,7.46271558,158.92,13.84,-0.32,114.63,1,-97.00,-7.00,4.00,7.00,29.00,4.00,13394177,497
460.04,1547560410,5165.38,51.47001295,7.46289644,158.38,14.33,0.49,115.12,1,-97.00,-7.00,4.00,7.00,29.00,4.00,13394177,497
461.04,1547560411,5179.73,51.46995616,7.46308590,157.83,14.75,0.42,115.50,1,-96.00,-8.00,7.00,7.00,32.00,4.00,13394177,497
462.04,1547560412,5194.47,51.46989904,7.46327719,157.46,14.97,0.23,115.00,1,-96.00,-8.00,7.00,7.00,32.00,4.00,13394177,497
463.04,1547560413,5209.47,51.46984523,7.46347262,157.42,14.80,-0.17,114.05,1,-97.00,-10.00,11.00,7.00,34.00,4.00,13394177,497
464.04,1547560414,5224.24,51.46979146,7.46367190,157.49,15.20,0.40,114.04,1,-97.00,-10.00,11.00,7.00,34.00,4.00,13394177,497
465.04,1547560415,5239.46,51.46973775,7.46387924,157.34,15.33,0.13,112.50,1,-100.00,-15.00,-3.00,3.00,38.00,4.00,13394177,497
466.04,1547560416,5254.80,51.46968173,7.46409881,157.05,16.00,0.67,111.53,1,-100.00,-15.00,-3.00,3.00,38.00,4.00,13394177,497
467.04,1547560417,5270.78,51.46963763,7.46430296,157.21,15.78,-0.22,110.00,1,-101.00,-13.00,-5.00,7.00,30.00,4.00,13394177,497
468.04,1547560418,5286.57,51.46959038,7.46451882,157.62,15.63,-0.15,109.00,1,-101.00,-13.00,-5.00,7.00,30.00,4.00,13394177,497
469.04,1547560419,5302.18,51.46954380,7.46473237,157.95,15.65,0.02,108.14,1,-102.00,-13.00,-6.00,4.00,31.00,4.00,13394177,497
470.04,1547560420,5317.83,51.46950618,7.46495010,158.66,15.44,-0.21,106.36,1,-102.00,-13.00,-6.00,4.00,31.00,4.00,13394177,497
471.04,1547560421,5333.25,51.46947032,7.46517595,159.01,15.52,0.08,105.09,1,-102.00,-11.00,6.00,7.00,28.00,13.00,13393923,318
472.04,1547560422,5348.75,51.46944017,7.46541110,159.15,15.49,-0.03,103.26,1,-102.00,-11.00,6.00,7.00,28.00,13.00,13393923,318
473.04,1547560423,5364.22,51.46941935,7.46562332,159.49,15.81,0.32,101.48,1,-98.00,-8.00,7.00,8.00,28.00,13.00,13393923,318
474.04,1547560424,5380.08,51.46939796,7.46585535,159.77,15.54,-0.27,99.43,1,-98.00,-8.00,7.00,8.00,28.00,13.00,13393923,318
475.05,1547560425,5395.74,51.46937795,7.46610587,159.68,15.40,-0.14,97.62,1,-95.00,-7.00,7.00,9.00,30.00,13.00,13393923,318
476.04,1547560426,5411.01,51.46936598,7.46635313,159.57,15.47,0.07,95.85,1,-95.00,-7.00,7.00,9.00,30.00,13.00,13393923,318
477.04,1547560427,5426.49,51.46936399,7.46658401,159.68,15.62,0.15,94.03,1,-95.00,-7.00,7.00,9.00,30.00,13.00,13393923,318
478.04,1547560428,5442.10,51.46937232,7.46678970,159.61,16.24,0.62,92.35,1,-103.00,-10.00,9.00,12.00,27.00,13.00,13393923,318
479.04,1547560429,5458.34,51.46938321,7.46699856,159.22,16.08,-0.16,91.08,1,-103.00,-10.00,9.00,12.00,27.00,13.00,13393923,318
480.04,1547560430,5474.52,51.46940087,7.46722935,158.76,16.56,0.48,89.04,1,-103.00,-13.00,0.00,7.00,29.00,13.00,13393923,318
481.04,1547560431,5491.05,51.46942449,7.46747752,157.99,17.00,0.44,87.31,1,-103.00,-13.00,0.00,7.00,29.00,13.00,13393923,318
482.04,1547560432,5508.00,51.46945156,7.46772024,157.35,17.56,0.55,85.85,1,-101.00,-10.00,-1.00,6.00,28.00,14.00,13394177,497
483.04,1547560433,5525.49,51.46947638,7.46798316,157.00,17.67,0.12,84.45,1,-101.00,-10.00,-1.00,6.00,28.00,14.00,13394177,497
484.04,1547560434,5543.27,51.46950055,7.46823618,156.76,17.46,-0.21,83.38,1,-105.00,-16.00,-3.00,4.00,31.00,14.00,13394177,497
485.04,1547560435,5560.66,51.46952398,7.46849205,156.49,17.46,0.00,82.51,1,-105.00,-16.00,-3.00,4.00,31.00,14.00,13394177,497
486.04,1547560436,5578.19,51.46955137,7.46875316,156.35,17.89,0.42,81.66,1,-108.00,-14.00,-3.00,6.00,25.00,14.00,13394177,497
487.04,1547560437,5596.08,51.46958293,7.46902088,156.37,18.36,0.47,80.33,1,-108.00,-14.00,-3.00,6.00,25.00,14.00,13394177,497
488.04,1547560438,5614.42,51.46961324,7.46928054,156.51,18.29,-0.07,80.27,1,-107.00,-14.00,-4.00,6.00,28.00,14.00,13394177,497
489.04,1547560439,5632.72,51.46964419,7.46953692,156.65,17.85,-0.44,79.87,1,-107.00,-14.00,-4.00,6.00,28.00,14.00,13394177,497
490.04,1547560440,5650.52,51.46967605,7.46979915,156.96,18.20,0.35,80.32,1,-88.00,-7.00,-6.00,6.00,37.00,21.00,13246977,156
491.04,1547560441,5668.72,51.46970454,7.47006430,157.19,18.68,0.48,79.98,1,-88.00,-7.00,-6.00,6.00,37.00,21.00,13246977,156
492.04,1547560442,5687.43,51.46973657,7.47033487,157.25,18.38,-0.30,81.17,1,-101.00,-13.00,5.00,8.00,31.00,21.00,13246977,156
493.04,1547560443,5705.81,51.46975941,7.47059403,157.41,18.13,-0.25,82.20,1,-101.00,-13.00,5.00,8.00,31.00,21.00,13246977,156
494.04,1547560444,5723.93,51.46978205,7.47085957,158.02,18.63,0.51,82.61,1,-100.00,-13.00,3.00,7.00,32.00,21.00,13246977,156
495.04,1547560445,5742.56,51.46980016,7.47112317,158.74,18.96,0.32,84.15,1,-100.00,-13.00,3.00,7.00,32.00,21.00,13246977,156
496.05,1547560446,5761.73,51.46981349,7.47139267,159.20,17.65,-1.29,85.77,1,-101.00,-12.00,2.00,8.00,30.00,21.00,13246977,156
497.04,1547560447,5779.26,51.46982301,7.47167047,159.93,17.79,0.13,87.27,1,-101.00,-12.00,2.00,8.00,30.00,21.00,13246977,156
498.04,1547560448,5797.01,51.46982339,7.47193777,160.55,17.95,0.16,89.11,1,-101.00,-12.00,2.00,8.00,30.00,21.00,13246977,156
499.04,1547560449,5814.96,51.46981586,7.47219293,161.05,18.89,0.94,90.87,1,-103.00,-13.00,0.00,5.00,29.00,21.00,13246977,156
500.04,1547560450,5833.87,51.46980735,7.47243613,161.61,18.53,-0.36,91.91,1,-103.00,-13.00,0.00,5.00,29.00,21.00,13246977,156
501.04,1547560451,5852.33,51.46979212,7.47270474,162.16,18.90,0.37,93.87,1,-100.00,-11.00,0.00,5.00,30.00,21.00,13246977,156
502.04,1547560452,5871.28,51.46977270,7.47296303,162.77,17.84,-1.05,95.49,1,-100.00,-11.00,0.00,5.00,30.00,21.00,13246977,156
503.04,1547560453,5889.07,51.46974953,7.47322003,162.93,17.05,-0.80,95.98,1,-97.00,-9.00,4.00,9.00,30.00,21.00,13246977,156
504.04,1547560454,5906.13,51.46972428,7.47348270,163.35,17.96,0.92,97.13,1,-97.00,-9.00,4.00,9.00,30.00,21.00,13246977,156
505.04,1547560455,5924.13,51.46969704,7.47375213,163.62,17.73,-0.23,97.80,1,-102.00,-11.00,3.00,4.00,28.00,21.00,13246977,156
506.04,1547560456,5941.76,51.46966860,7.47401284,164.05,17.54,-0.19,98.13,1,-102.00,-11.00,3.00,4.00,28.00,21.00,13246977,156
507.04,1547560457,5959.39,51.46964196,7.47425861,164.81,17.35,-0.19,98.26,1,-102.00,-11.00,2.00,6.00,29.00,21.00,13246977,156
508.05,1547560458,5976.84,51.46961511,7.47449006,165.81,17.07,-0.29,99.49,1,-102.00,-11.00,2.00,6.00,29.00,21.00,13246977,156
509.04,1547560459,5993.77,51.46958969,7.47473073,166.78,16.77,-0.29,98.85,1,-102.00,-10.00,2.00,6.00,28.00,21.00,13246977,156
510.04,1547560460,6010.58,51.46956729,7.47498816,167.96,18.35,1.57,97.85,1,-102.00,-10.00,2.00,6.00,28.00,21.00,13246977,156
511.04,1547560461,6028.93,51.46954847,7.47523126,168.80,16.98,-1.37,96.56,1,-105.00,-15.00,-2.00,4.00,30.00,21.00,13246977,156
512.04,1547560462,6045.85,51.46953163,7.47547132,169.58,16.91,-0.06,95.92,1,-105.00,-15.00,-2.00,4.00,30.00,21.00,13246977,156
513.04,1547560463,6062.82,51.46951972,7.47570131,170.26,16.91,-0.01,95.28,1,-108.00,-14.00,-2.00,6.00,27.00,21.00,13246977,156
514.04,1547560464,6079.72,51.46951292,7.47593912,171.23,15.43,-1.48,93.92,1,-108.00,-14.00,-2.00,6.00,27.00,21.00,13246977,156
515.04,1547560465,6095.15,51.46950653,7.47617214,171.76,13.24,-2.19,93.11,1,-107.00,-14.00,0.00,8.00,27.00,21.00,13246977,156
516.04,1547560466,6108.39,51.46950497,7.47637950,172.26,12.65,-0.59,90.84,1,-107.00,-14.00,0.00,8.00,27.00,21.00,13246977,156
517.04,1547560467,6121.06,51.46950210,7.47658967,172.92,12.55,-0.10,89.86,1,-109.00,-16.00,-2.00,4.00,27.00,9.00,13393922,319
518.04,1547560468,6133.55,51.46950351,7.47678124,173.63,11.96,-0.59,89.31,1,-109.00,-16.00,-2.00,4.00,27.00,9.00,13393922,319
519.04,1547560469,6145.52,51.46951031,7.47697635,174.35,11.91,-0.05,89.87,1,-109.00,-16.00,-2.00,4.00,27.00,9.00,13393922,319
520.04,1547560470,6157.48,51.46951349,7.47714119,174.95,11.43,-0.48,88.63,1,-105.00,-13.00,-2.00,3.00,27.00,9.00,13393922,319
521.05,1547560471,6168.95,51.46952201,7.47730487,175.35,9.54,-1.88,84.95,1,-105.00,-13.00,-2.00,3.00,27.00,9.00,13393922,319
522.04,1547560472,6178.46,51.46953369,7.47747580,175.43,8.37,-1.18,82.10,1,-103.00,-14.00,-2.00,4.00,30.00,9.00,13393922,319
523.04,1547560473,6186.83,51.46955322,7.47761226,175.26,9.10,0.73,80.94,1,-103.00,-14.00,-2.00,4.00,30.00,9.00,13393922,319
524.04,1547560474,6195.91,51.46957532,7.47775846,174.61,7.53,-1.58,81.59,1,-103.00,-13.00,-3.00,5.00,29.00,9.00,13393922,319
525.04,1547560475,6203.42,51.46959213,7.47788600,174.12,7.62,0.09,79.44,1,-103.00,-13.00,-3.00,5.00,29.00,9.00,13393922,319
526.04,1547560476,6211.03,51.46961207,7.47802782,173.41,7.72,0.10,78.31,1,-100.00,-14.00,-2.00,5.00,34.00,9.00,13393922,319
527.04,1547560477,6218.74,51.46962626,7.47814144,173.15,6.88,-0.84,79.10,1,-100.00,-14.00,-2.00,5.00,34.00,9.00,13393922,319
528.04,1547560478,6225.63,51.46964161,7.47822820,172.82,6.62,-0.25,77.64,1,-95.00,-10.00,0.00,9.00,33.00,9.00,13393922,319
529.04,1547560479,6232.26,51.46965724,7.47830956,172.40,5.85,-0.77,76.70,1,-95.00,-10.00,0.00,9.00,33.00,9.00,13393922,319
530.04,1547560480,6238.10,51.46966939,7.47837772,172.33,5.36,-0.50,76.27,1,-97.00,-11.00,5.00,9.00,33.00,9.00,13393922,319
531.06,1547560481,6243.57,51.46968054,7.47844994,172.11,5.02,-0.33,75.73,1,-97.00,-11.00,5.00,9.00,33.00,9.00,13393922,319
532.03,1547560482,6248.47,51.46968995,7.47850091,172.11,4.14,-0.91,76.01,1,-94.00,-9.00,10.00,10.00,34.00,9.00,13393922,319
533.03,1547560483,6252.61,51.46969938,7.47853672,172.12,2.77,-1.37,76.10,1,-94.00,-9.00,10.00,10.00,34.00,9.00,13393922,319
534.04,1547560484,6255.39,51.46970618,7.47857480,172.11,2.27,-0.50,75.55,1,-90.00,-8.00,7.00,10.00,37.00,9.00,13393922,319
535.04,1547560485,6257.66,51.46971665,7.47860772,172.09,1.88,-0.39,74.91,1,-90.00,-8.00,7.00,10.00,37.00,9.00,13393922,319
536.04,1547560486,6259.54,51.46972157,7.47862162,172.09,1.33,-0.55,75.36,1,-90.00,-7.00,7.00,12.00,36.00,9.00,13393922,319
537.04,1547560487,6260.86,51.46972680,7.47864320,172.03,0.97,-0.36,75.36,1,-90.00,-7.00,7.00,12.00,36.00,9.00,13393922,319
538.05,1547560488,6261.85,51.46972680,7.47864320,172.04,0.00,-0.96,75.36,1,-92.00,-13.00,8.00,10.00,41.00,9.00,13393922,319
539.04,1547560489,6261.85,51.46972680,7.47864320,172.04,0.00,0.00,75.36,1,-92.00,-13.00,8.00,10.00,41.00,9.00,13393922,319
540.04,1547560490,6261.85,51.46972680,7.47864320,172.04,0.00,0.00,75.36,1,-92.00,-13.00,8.00,10.00,41.00,9.00,13393922,319
541.04,1547560491,6261.85,51.46972680,7.47864320,172.04,0.00,0.00,75.36,1,-93.00,-13.00,7.00,11.00,40.00,9.00,13393922,319
542.04,1547560492,6261.85,51.46972680,7.47864320,172.04,0.00,0.00,75.36,1,-93.00,-13.00,7.00,11.00,40.00,9.00,13393922,319
543.04,1547560493,6261.85,51.46972680,7.47864320,172.04,0.00,0.00,75.36,1,-91.00,-10.00,7.00,12.00,38.00,9.00,13393922,319
544.04,1547560494,6261.85,51.46972680,7.47864320,172.05,0.00,0.00,75.36,1,-91.00,-10.00,7.00,12.00,38.00,9.00,13393922,319
545.04,1547560495,6261.85,51.46972680,7.47864320,172.05,0.00,0.00,75.36,1,-92.00,-9.00,4.00,10.00,36.00,9.00,13393922,319
546.04,1547560496,6261.85,51.46972680,7.47864320,172.06,0.00,0.00,75.36,1,-92.00,-9.00,4.00,10.00,36.00,9.00,13393922,319
547.04,1547560497,6261.85,51.46972680,7.47864320,172.07,0.00,0.00,75.36,1,-93.00,-9.00,5.00,11.00,35.00,9.00,13393922,319
548.04,1547560498,6261.85,51.46972680,7.47864320,172.08,0.00,0.00,75.36,1,-93.00,-9.00,5.00,11.00,35.00,9.00,13393922,319
549.04,1547560499,6261.85,51.46972680,7.47864320,172.08,0.00,0.00,75.36,1,-94.00,-9.00,5.00,11.00,35.00,9.00,13393922,319
550.04,1547560500,6261.85,51.46972680,7.47864320,172.09,0.00,0.00,75.36,1,-94.00,-9.00,5.00,11.00,35.00,9.00,13393922,319
551.04,1547560501,6261.85,51.46972680,7.47864320,172.10,0.00,0.00,75.36,1,-93.00,-10.00,22.00,11.00,36.00,9.00,13393922,319
552.04,1547560502,6261.85,51.46972680,7.47864320,172.10,0.00,0.00,75.36,1,-93.00,-10.00,22.00,11.00,36.00,9.00,13393922,319
553.04,1547560503,6261.85,51.46972680,7.47864320,172.10,0.00,0.00,75.36,1,-93.00,-10.00,5.00,11.00,36.00,9.00,13393922,319
554.04,1547560504,6261.85,51.46972680,7.47864320,172.04,0.00,0.00,75.36,1,-93.00,-10.00,5.00,11.00,36.00,9.00,13393922,319
555.04,1547560505,6261.85,51.46972680,7.47864320,172.00,0.00,0.00,78.77,1,-93.00,-9.00,8.00,11.00,36.00,9.00,13393922,319
556.04,1547560506,6261.85,51.46972680,7.47864320,171.81,0.00,0.00,78.10,1,-93.00,-9.00,8.00,11.00,36.00,9.00,13393922,319
557.04,1547560507,6261.85,51.46975630,7.47878021,171.65,5.69,0.00,77.11,1,-89.00,-8.00,9.00,12.00,38.00,9.00,13393922,319
558.04,1547560508,6267.54,51.46977018,7.47885954,171.51,6.12,0.42,76.58,1,-89.00,-8.00,9.00,12.00,38.00,9.00,13393922,319
559.05,1547560509,6273.72,51.46978822,7.47894938,171.39,7.14,1.01,76.05,1,-86.00,-6.00,21.00,12.00,41.00,9.00,13393922,319
560.04,1547560510,6280.79,51.46980782,7.47906343,171.17,8.43,1.31,75.63,1,-86.00,-6.00,21.00,12.00,41.00,9.00,13393922,319
561.04,1547560511,6289.24,51.46982946,7.47919352,170.94,9.39,0.96,75.16,1,-86.00,-6.00,21.00,12.00,41.00,9.00,13393922,319
562.03,1547560512,6298.58,51.46985580,7.47933247,170.73,10.42,1.03,74.80,1,-85.00,-6.00,16.00,15.00,43.00,9.00,13393922,319
563.04,1547560513,6309.04,51.46988280,7.47948361,170.55,11.29,0.87,74.15,1,-85.00,-6.00,16.00,15.00,43.00,9.00,13393922,319
564.04,1547560514,6320.33,51.46991615,7.47962904,170.86,11.56,0.27,73.59,1,-85.00,-8.00,15.00,9.00,42.00,9.00,13393922,319
565.04,1547560515,6331.89,51.46994678,7.47977991,171.26,12.02,0.45,73.21,1,-85.00,-8.00,15.00,9.00,42.00,9.00,13393922,319
566.04,1547560516,6343.90,51.46998183,7.47995122,171.79,12.76,0.75,72.82,1,-82.00,-6.00,20.00,12.00,44.00,9.00,13393922,319
567.04,1547560517,6356.65,51.47002121,7.48013231,172.35,13.74,0.98,72.21,1,-82.00,-6.00,20.00,12.00,44.00,9.00,13393922,319
568.04,1547560518,6370.41,51.47005809,7.48031098,172.79,13.91,0.17,71.42,1,-82.00,-6.00,18.00,12.00,43.00,9.00,13393922,319
569.04,1547560519,6384.30,51.47009882,7.48051073,173.47,14.31,0.40,71.97,1,-82.00,-6.00,18.00,12.00,43.00,9.00,13393922,319
570.04,1547560520,6398.60,51.47013818,7.48070541,173.91,13.99,-0.31,71.93,1,-86.00,-6.00,13.00,15.00,39.00,9.00,13393922,319
571.04,1547560521,6412.60,51.47017597,7.48088810,174.53,12.73,-1.27,72.71,1,-86.00,-6.00,13.00,15.00,39.00,9.00,13393922,319
572.04,1547560522,6425.30,51.47021087,7.48105672,175.85,11.83,-0.90,73.01,1,-90.00,-6.00,13.00,15.00,35.00,9.00,13393922,319
573.04,1547560523,6437.17,51.47023962,7.48121130,177.18,10.21,-1.62,73.38,1,-90.00,-6.00,13.00,15.00,35.00,9.00,13393922,319
574.04,1547560524,6447.37,51.47026461,7.48133353,178.14,8.67,-1.54,73.78,1,-89.00,-7.00,13.00,11.00,37.00,9.00,13393922,319
575.04,1547560525,6456.04,51.47027801,7.48143624,178.56,7.39,-1.28,75.77,1,-89.00,-7.00,13.00,11.00,37.00,9.00,13393922,319
576.04,1547560526,6463.43,51.47026132,7.48154961,178.60,6.85,-0.54,109.59,1,-90.00,-6.00,7.00,9.00,37.00,9.00,13393922,319
577.04,1547560527,6470.27,51.47019571,7.48164186,178.93,8.50,1.66,146.05,1,-90.00,-6.00,7.00,9.00,37.00,9.00,13393922,319
578.04,1547560528,6478.78,51.47012264,7.48168337,178.53,9.71,1.21,160.62,1,-98.00,-7.00,5.00,9.00,29.00,9.00,13393922,319
579.04,1547560529,6488.48,51.47004267,7.48172760,178.04,10.94,1.23,161.43,1,-98.00,-7.00,5.00,9.00,29.00,9.00,13393922,319
580.05,1547560530,6499.52,51.46993866,7.48178262,177.45,12.38,1.43,162.29,1,-98.00,-9.00,4.00,9.00,34.00,9.00,13393922,319
581.04,1547560531,6511.80,51.46982939,7.48184312,176.76,13.89,1.51,162.99,1,-98.00,-9.00,4.00,9.00,34.00,9.00,13393922,319
582.04,1547560532,6525.65,51.46971039,7.48189314,176.25,14.91,1.03,163.79,1,-98.00,-9.00,4.00,9.00,34.00,9.00,13393922,319
583.04,1547560533,6540.61,51.46957894,7.48194931,176.15,14.30,-0.61,164.58,1,-96.00,-9.00,8.00,8.00,33.00,9.00,13393922,319
584.04,1547560534,6554.91,51.46945950,7.48199644,175.84,13.94,-0.35,165.28,1,-96.00,-9.00,8.00,8.00,33.00,9.00,13393922,319
585.04,1547560535,6568.85,51.46932942,7.48205633,175.04,12.97,-0.97,165.76,1,-98.00,-8.00,5.00,9.00,29.00,9.00,13393922,319
586.04,1547560536,6581.82,51.46919920,7.48211213,174.92,14.26,1.29,165.33,1,-98.00,-8.00,5.00,9.00,29.00,9.00,13393922,319
587.04,1547560537,6596.08,51.46906267,7.48217101,174.88,15.11,0.85,166.14,1,-100.00,-8.00,5.00,8.00,27.00,9.00,13393922,319
588.04,1547560538,6611.19,51.46892346,7.48222320,174.93,14.74,-0.37,166.48,1,-100.00,-8.00,5.00,8.00,27.00,9.00,13393922,319
589.04,1547560539,6625.92,51.46878554,7.48227139,175.18,14.44,-0.29,167.16,1,-99.00,-7.00,3.00,9.00,29.00,9.00,13393922,319
590.04,1547560540,6640.37,51.46866706,7.48231637,175.05,14.38,-0.07,166.42,1,-99.00,-7.00,3.00,9.00,29.00,9.00,13393922,319
591.04,1547560541,6654.71,51.46854348,7.48236720,175.00,14.56,0.18,165.26,1,-99.00,-8.00,5.00,12.00,27.00,9.00,13393922,319
592.04,1547560542,6669.27,51.46841587,7.48241960,174.95,15.13,0.57,164.29,1,-99.00,-8.00,5.00,12.00,27.00,9.00,13393922,319
593.04,1547560543,6684.44,51.46828664,7.48247722,175.09,15.01,-0.11,164.83,1,-103.00,-10.00,5.00,6.00,25.00,9.00,13393922,319
594.04,1547560544,6699.46,51.46815306,7.48253426,175.03,14.42,-0.59,165.06,1,-103.00,-10.00,5.00,6.00,25.00,9.00,13393922,319
595.04,1547560545,6713.89,51.46802866,7.48258038,175.17,13.76,-0.66,165.17,1,-106.00,-11.00,4.00,5.00,23.00,9.00,13393922,319
596.04,1547560546,6727.66,51.46790765,7.48262202,175.17,12.60,-1.15,166.80,1,-106.00,-11.00,4.00,5.00,23.00,9.00,13393922,319
597.04,1547560547,6740.24,51.46779941,7.48265918,175.25,11.10,-1.51,167.71,1,-107.00,-10.00,-3.00,5.00,24.00,9.00,13393922,319
598.04,1547560548,6751.34,51.46770806,7.48269094,175.06,9.55,-1.55,168.48,1,-107.00,-10.00,-3.00,5.00,24.00,9.00,13393922,319
599.04,1547560549,6760.92,51.46763517,7.48271150,174.77,6.14,-3.40,169.09,1,-108.00,-11.00,-3.00,8.00,23.00,9.00,13393922,319
600.04,1547560550,6767.06,51.46760154,7.48272107,174.34,5.44,-0.70,169.65,1,-108.00,-11.00,-3.00,8.00,23.00,9.00,13393922,319
601.05,1547560551,6772.53,51.46753928,7.48272828,173.78,6.60,1.16,170.76,1,-109.00,-12.00,-2.00,6.00,24.00,9.00,13393922,319
602.04,1547560552,6779.08,51.46747811,7.48273262,173.61,8.64,2.06,171.89,1,-109.00,-12.00,-2.00,6.00,24.00,9.00,13393922,319
603.04,1547560553,6787.73,51.46738675,7.48274694,173.54,10.44,1.79,173.73,1,-109.00,-12.00,-2.00,6.00,24.00,9.00,13393922,319
604.04,1547560554,6798.16,51.46728075,7.48275616,173.43,10.59,0.15,175.61,1,-109.00,-12.00,-2.00,6.00,21.00,9.00,13393922,319
605.04,1547560555,6808.73,51.46714383,7.48276811,172.86,13.46,2.88,176.59,1,-109.00,-12.00,-2.00,6.00,21.00,9.00,13393922,319
606.04,1547560556,6822.26,51.46701912,7.48276680,172.08,13.33,-0.13,178.20,1,-113.00,-15.00,-2.00,7.00,21.00,9.00,13393922,319
607.04,1547560557,6835.57,51.46689201,7.48275192,171.79,12.57,-0.77,180.59,1,-113.00,-15.00,-2.00,7.00,21.00,9.00,13393922,319
608.04,1547560558,6848.15,51.46676330,7.48272493,171.73,13.85,1.28,183.48,1,-114.00,-11.00,-4.00,7.00,17.00,9.00,13393922,319
609.04,1547560559,6862.00,51.46663822,7.48269455,171.58,13.54,-0.31,186.15,1,-114.00,-11.00,-4.00,7.00,17.00,9.00,13393922,319
610.04,1547560560,6875.53,51.46651573,7.48264971,171.28,14.07,0.53,188.84,1,-112.00,-13.00,-6.00,7.00,20.00,9.00,13393922,319
611.04,1547560561,6889.60,51.46637696,7.48259620,171.41,15.12,1.05,192.11,1,-112.00,-13.00,-6.00,7.00,20.00,9.00,13393922,319
612.04,1547560562,6904.74,51.46623572,7.48253130,171.62,14.97,-0.15,195.03,1,-117.00,-18.00,-9.00,2.00,22.00,9.00,13393922,319
613.04,1547560563,6919.73,51.46609321,7.48245367,171.81,15.62,0.65,196.77,1,-117.00,-18.00,-9.00,2.00,22.00,9.00,13393922,319
614.04,1547560564,6935.38,51.46595727,7.48237301,171.26,16.04,0.42,198.58,1,-121.00,-18.00,-9.00,3.00,17.00,9.00,13393922,319
615.04,1547560565,6951.44,51.46583227,7.48230198,169.65,15.57,-0.47,198.62,1,-121.00,-18.00,-9.00,3.00,17.00,9.00,13393922,319
616.04,1547560566,6967.01,51.46569062,7.48220613,167.95,15.57,0.00,197.61,1,-122.00,-19.00,-11.00,2.00,15.00,9.00,13393922,319
617.04,1547560567,6982.59,51.46556942,7.48209035,167.73,15.06,-0.51,206.84,1,-122.00,-19.00,-11.00,2.00,15.00,9.00,13393922,319
618.04,1547560568,6997.57,51.46546814,7.48198680,167.24,14.66,-0.40,207.42,1,-108.00,-8.00,-7.00,15.00,16.00,50.00,13067273,288
619.04,1547560569,7012.22,51.46536370,7.48187050,166.95,13.59,-1.08,206.95,1,-108.00,-8.00,-7.00,15.00,16.00,50.00,13067273,288
620.04,1547560570,7025.83,51.46524074,7.48176583,166.65,13.98,0.40,204.86,1,-110.00,-9.00,6.00,9.00,16.00,50.00,13067273,288
621.04,1547560571,7039.76,51.46512543,7.48167578,166.38,14.91,0.93,203.73,1,-110.00,-9.00,6.00,9.00,16.00,50.00,13067273,288
622.05,1547560572,7054.81,51.46501125,7.48160029,166.30,14.36,-0.55,202.20,1,-112.00,-10.00,7.00,9.00,16.00,50.00,13067273,288
623.04,1547560573,7069.05,51.46488458,7.48152802,165.71,15.80,1.46,200.61,1,-112.00,-10.00,7.00,9.00,16.00,50.00,13067273,288
624.04,1547560574,7084.87,51.46475044,7.48145133,165.76,14.58,-1.22,200.00,1,-112.00,-10.00,7.00,9.00,16.00,50.00,13067273,288
625.04,1547560575,7099.45,51.46463679,7.48138680,166.20,14.06,-0.52,199.47,1,-117.00,-10.00,4.00,6.00,10.00,50.00,13067273,288
626.04,1547560576,7113.52,51.46452002,7.48132174,167.06,13.91,-0.15,199.03,1,-117.00,-10.00,4.00,6.00,10.00,50.00,13067273,288
627.04,1547560577,7127.43,51.46439719,7.48126260,167.83,13.86,-0.05,198.17,1,-115.00,-11.00,4.00,12.00,13.00,50.00,13067273,288
628.04,1547560578,7141.30,51.46427608,7.48120170,168.20,13.44,-0.42,197.55,1,-115.00,-11.00,4.00,12.00,13.00,50.00,13067273,288
629.04,1547560579,7154.79,51.46416563,7.48114602,168.59,12.58,-0.85,197.92,1,-120.00,-12.00,2.00,6.00,11.00,50.00,13067273,288
630.04,1547560580,7167.36,51.46404849,7.48108914,169.00,13.02,0.44,197.42,1,-120.00,-12.00,2.00,6.00,11.00,50.00,13067273,288
631.04,1547560581,7180.39,51.46393236,7.48103964,169.52,12.92,-0.11,196.51,1,-115.00,-9.00,3.00,8.00,11.00,50.00,13067273,288
632.04,1547560582,7193.32,51.46381519,7.48098686,170.09,13.04,0.12,196.26,1,-115.00,-9.00,3.00,8.00,11.00,50.00,13067273,288
633.04,1547560583,7206.35,51.46369543,7.48093476,170.76,14.01,0.98,195.71,1,-118.00,-10.00,2.00,8.00,7.00,13.00,13394435,288
634.04,1547560584,7220.36,51.46357409,7.48087998,171.12,14.14,0.13,196.26,1,-118.00,-10.00,2.00,8.00,7.00,13.00,13394435,288
635.04,1547560585,7234.46,51.46345350,7.48082474,171.50,13.55,-0.59,195.88,1,-111.00,-15.00,-1.00,7.00,23.00,13.00,13394435,184
636.04,1547560586,7248.01,51.46333116,7.48076870,171.96,13.64,0.09,195.80,1,-111.00,-15.00,-1.00,7.00,23.00,13.00,13394435,184
637.04,1547560587,7261.66,51.46321117,7.48071186,172.25,13.70,0.05,197.01,1,-112.00,-14.00,-2.00,5.00,22.00,13.00,13394435,184
638.04,1547560588,7275.36,51.46309913,7.48064862,172.12,13.22,-0.47,198.20,1,-112.00,-14.00,-2.00,5.00,22.00,13.00,13394435,184
639.04,1547560589,7288.58,51.46297826,7.48058809,172.12,14.12,0.90,197.41,1,-113.00,-13.00,-2.00,6.00,20.00,13.00,13394435,184
640.04,1547560590,7302.72,51.46285982,7.48053371,172.11,13.23,-0.90,196.95,1,-113.00,-13.00,-2.00,6.00,20.00,13.00,13394435,184
641.04,1547560591,7315.94,51.46273384,7.48047821,172.24,13.45,0.22,196.53,1,-110.00,-13.00,-2.00,5.00,23.00,13.00,13394435,184
642.04,1547560592,7329.39,51.46263089,7.48043822,172.71,12.09,-1.36,195.63,1,-110.00,-13.00,-2.00,5.00,23.00,13.00,13394435,184
643.05,1547560593,7341.56,51.46251439,7.48038548,172.56,12.36,0.27,195.88,1,-103.00,-11.00,-1.00,6.00,27.00,23.00,13246977,156
644.04,1547560594,7353.82,51.46239876,7.48033002,172.17,12.61,0.25,195.42,1,-103.00,-11.00,-1.00,6.00,27.00,23.00,13246977,156
645.04,1547560595,7366.43,51.46229485,7.48028560,171.82,12.18,-0.42,195.23,1,-103.00,-11.00,-1.00,6.00,27.00,23.00,13246977,156
646.05,1547560596,7378.72,51.46221666,7.48025114,171.80,10.41,-1.76,195.59,1,-108.00,-11.00,4.00,5.00,22.00,23.00,13246977,156
647.04,1547560597,7389.08,51.46213881,7.48022036,172.01,7.66,-2.77,195.93,1,-108.00,-11.00,4.00,5.00,22.00,23.00,13246977,156
648.04,1547560598,7396.73,51.46208742,7.48021739,172.38,4.62,-3.03,177.30,1,-109.00,-13.00,2.00,6.00,24.00,23.00,13246977,156
649.04,1547560599,7401.34,51.46204148,7.48024908,173.14,6.30,1.68,160.04,1,-109.00,-13.00,2.00,6.00,24.00,23.00,13246977,156
650.04,1547560600,7407.65,51.46202087,7.48034046,173.33,6.18,-0.13,103.80,1,-110.00,-13.00,3.00,8.00,24.00,23.00,13246977,156
651.04,1547560601,7413.79,51.46202900,7.48044797,173.33,8.10,1.94,85.28,1,-110.00,-13.00,3.00,8.00,24.00,23.00,13246977,156
652.04,1547560602,7421.96,51.46203375,7.48057721,173.35,9.86,1.74,87.25,1,-110.00,-16.00,-4.00,4.00,25.00,23.00,13246977,156
653.05,1547560603,7431.82,51.46203386,7.48075568,173.45,10.73,0.87,88.83,1,-110.00,-16.00,-4.00,4.00,25.00,23.00,13246977,156
654.04,1547560604,7442.50,51.46203169,7.48092173,173.61,11.96,1.23,87.86,1,-109.00,-12.00,-1.00,6.00,21.00,14.00,13394435,184
655.04,1547560605,7454.44,51.46203107,7.48107470,173.98,12.52,0.57,88.43,1,-109.00,-12.00,-1.00,6.00,21.00,14.00,13394435,184
656.04,1547560606,7466.98,51.46203112,7.48127254,174.33,13.42,0.89,89.09,1,-112.00,-13.00,1.00,7.00,22.00,14.00,13394435,184
657.04,1547560607,7480.40,51.46202800,7.48147292,174.58,13.94,0.52,89.92,1,-112.00,-13.00,1.00,7.00,22.00,14.00,13394435,184
658.04,1547560608,7494.35,51.46202820,7.48167392,174.75,14.23,0.30,90.46,1,-114.00,-14.00,0.00,7.00,20.00,14.00,13394435,184
659.04,1547560609,7508.58,51.46202666,7.48187304,175.26,14.27,0.03,90.86,1,-114.00,-14.00,0.00,7.00,20.00,14.00,13394435,184
660.04,1547560610,7522.85,51.46202050,7.48207721,175.96,14.06,-0.21,91.27,1,-114.00,-13.00,-1.00,6.00,19.00,14.00,13394435,184
661.04,1547560611,7536.89,51.46201602,7.48228802,176.73,14.08,0.02,90.77,1,-114.00,-13.00,-1.00,6.00,19.00,14.00,13394435,184
662.04,1547560612,7550.98,51.46201036,7.48249730,177.55,13.87,-0.21,91.42,1,-114.00,-14.00,-3.00,6.00,20.00,14.00,13394435,184
663.04,1547560613,7564.89,51.46200234,7.48269682,178.20,14.00,0.13,90.79,1,-114.00,-14.00,-3.00,6.00,20.00,14.00,13394435,184
664.05,1547560614,7578.96,51.46199473,7.48290010,178.60,14.38,0.37,90.83,1,-115.00,-14.00,-4.00,5.00,20.00,14.00,13394435,184
665.04,1547560615,7593.25,51.46198849,7.48310078,178.97,14.51,0.13,90.96,1,-115.00,-14.00,-4.00,5.00,20.00,14.00,13394435,184
666.04,1547560616,7607.79,51.46197761,7.48329233,179.64,13.18,-1.32,94.83,1,-115.00,-14.00,-4.00,5.00,20.00,14.00,13394435,184
667.04,1547560617,7620.92,51.46196619,7.48354286,180.67,13.81,0.63,96.08,1,-104.00,-10.00,-6.00,5.00,25.00,21.00,13393922,319
668.04,1547560618,7634.75,51.46195998,7.48376980,181.00,13.96,0.15,94.13,1,-104.00,-10.00,-6.00,5.00,25.00,21.00,13393922,319
669.04,1547560619,7648.71,51.46194830,7.48390246,180.90,8.58,-5.39,98.07,1,-124.00,-18.00,-7.00,1.00,14.00,21.00,13393922,319
670.04,1547560620,7657.29,51.46196053,7.48400523,181.60,6.85,-1.73,80.32,1,-124.00,-18.00,-7.00,1.00,14.00,21.00,13393922,319
671.04,1547560621,7664.13,51.46195743,7.48410597,182.43,7.40,0.55,93.31,1,-103.00,-13.00,-3.00,4.00,29.00,13.00,13394435,184
672.03,1547560622,7671.49,51.46191577,7.48417780,183.28,8.06,0.66,136.48,1,-103.00,-13.00,-3.00,4.00,29.00,13.00,13394435,184
673.04,1547560623,7679.59,51.46185024,7.48424099,183.84,9.68,1.62,157.57,1,-104.00,-14.00,0.00,6.00,31.00,13.00,13394435,184
674.04,1547560624,7689.26,51.46176028,7.48429596,184.19,10.58,0.90,159.37,1,-104.00,-14.00,0.00,6.00,31.00,13.00,13394435,184
675.04,1547560625,7699.87,51.46166224,7.48434955,184.16,12.30,1.72,162.06,1,-105.00,-13.00,3.00,7.00,28.00,13.00,13394435,184
676.04,1547560626,7712.13,51.46155918,7.48438690,184.23,12.56,0.26,164.34,1,-105.00,-13.00,3.00,7.00,28.00,13.00,13394435,184
677.04,1547560627,7724.71,51.46143871,7.48442670,184.40,13.57,1.01,166.43,1,-104.00,-14.00,3.00,7.00,30.00,13.00,13394435,184
678.04,1547560628,7738.27,51.46130124,7.48446068,184.64,14.61,1.04,168.07,1,-104.00,-14.00,3.00,7.00,30.00,13.00,13394435,184
679.04,1547560629,7752.90,51.46116639,7.48449605,185.02,14.79,0.18,169.58,1,-105.00,-14.00,1.00,7.00,30.00,13.00,13394435,184
680.04,1547560630,7767.69,51.46102264,7.48453186,185.47,15.77,0.98,171.14,1,-105.00,-14.00,1.00,7.00,30.00,13.00,13394435,184
681.04,1547560631,7783.46,51.46088352,7.48455419,186.16,15.63,-0.13,173.31,1,-105.00,-13.00,1.00,8.00,28.00,13.00,13394435,184
682.04,1547560632,7799.08,51.46076154,7.48456171,187.18,14.97,-0.67,175.83,1,-105.00,-13.00,1.00,8.00,28.00,13.00,13394435,184
683.04,1547560633,7814.06,51.46062201,7.48457320,187.96,15.03,0.07,177.47,1,-99.00,-13.00,1.00,7.00,33.00,13.00,13394435,184
684.04,1547560634,7829.09,51.46047683,7.48457710,188.98,15.24,0.21,179.23,1,-99.00,-13.00,1.00,7.00,33.00,13.00,13394435,184
685.05,1547560635,7844.46,51.46031620,7.48456822,189.79,15.19,-0.05,181.28,1,-98.00,-12.00,3.00,12.00,33.00,13.00,13394435,184
686.04,1547560636,7859.52,51.46016681,7.48454569,190.86,14.83,-0.36,183.48,1,-98.00,-12.00,3.00,12.00,33.00,13.00,13394435,184
687.04,1547560637,7874.34,51.46001470,7.48451538,191.91,14.92,0.09,185.79,1,-98.00,-12.00,3.00,12.00,33.00,13.00,13394435,184
688.04,1547560638,7889.28,51.45987123,7.48447799,192.91,15.29,0.36,187.44,1,-98.00,-12.00,4.00,11.00,35.00,13.00,13394435,184
689.04,1547560639,7904.53,51.45973019,7.48443814,193.57,15.63,0.35,187.81,1,-98.00,-12.00,4.00,11.00,35.00,13.00,13394435,184
690.04,1547560640,7920.20,51.45957708,7.48439930,194.06,16.12,0.48,188.40,1,-99.00,-11.00,5.00,6.00,33.00,13.00,13394435,184
691.04,1547560641,7936.31,51.45942920,7.48435005,194.84,16.06,-0.06,189.07,1,-99.00,-11.00,5.00,6.00,33.00,13.00,13394435,184
692.04,1547560642,7952.35,51.45928272,7.48429817,195.62,16.21,0.15,189.66,1,-105.00,-11.00,2.00,8.00,24.00,13.00,13394435,184
693.04,1547560643,7968.56,51.45914933,7.48424792,196.37,15.46,-0.75,190.19,1,-105.00,-11.00,2.00,8.00,24.00,13.00,13394435,184
694.04,1547560644,7984.04,51.45900834,7.48420072,197.30,15.03,-0.43,190.90,1,-104.00,-13.00,0.00,9.00,29.00,16.00,13394435,184
695.04,1547560645,7999.08,51.45887314,7.48414819,198.34,15.00,-0.03,191.72,1,-104.00,-13.00,0.00,9.00,29.00,16.00,13394435,184
696.04,1547560646,8014.07,51.45873798,7.48409498,199.46,15.17,0.17,191.32,1,-107.00,-14.00,0.00,6.00,28.00,16.00,13394435,184
697.04,1547560647,8029.24,51.45861083,7.48405169,200.35,15.03,-0.14,192.07,1,-107.00,-14.00,0.00,6.00,28.00,16.00,13394435,184
698.04,1547560648,8044.26,51.45848409,7.48400202,201.56,13.91,-1.11,192.75,1,-104.00,-14.00,1.00,8.00,30.00,16.00,13394435,184
699.04,1547560649,8058.18,51.45834432,7.48394795,202.91,14.93,1.02,192.29,1,-104.00,-14.00,1.00,8.00,30.00,16.00,13394435,184
700.04,1547560650,8073.10,51.45821343,7.48389863,204.03,15.23,0.30,191.75,1,-103.00,-14.00,0.00,7.00,30.00,16.00,13394435,184
701.04,1547560651,8088.32,51.45808236,7.48385164,205.18,15.23,-0.00,191.31,1,-103.00,-14.00,0.00,7.00,30.00,16.00,13394435,184
702.04,1547560652,8103.57,51.45793485,7.48380029,206.12,15.59,0.37,192.60,1,-103.00,-15.00,-1.00,5.00,30.00,16.00,13394435,184
703.04,1547560653,8119.14,51.45780711,7.48374871,206.92,14.90,-0.69,193.25,1,-103.00,-15.00,-1.00,5.00,30.00,16.00,13394435,184
704.04,1547560654,8134.05,51.45767326,7.48369677,207.75,15.35,0.45,192.42,1,-107.00,-15.00,-2.00,6.00,27.00,16.00,13394435,184
705.04,1547560655,8149.40,51.45753902,7.48365242,208.39,15.69,0.34,192.03,1,-107.00,-15.00,-2.00,6.00,27.00,16.00,13394435,184
706.05,1547560656,8165.31,51.45740462,7.48360837,209.51,15.98,0.28,192.34,1,-107.00,-15.00,-12.00,6.00,35.00,7.00,13415170,184
707.04,1547560657,8181.08,51.45726026,7.48356306,210.39,16.38,0.41,192.22,1,-107.00,-15.00,-12.00,6.00,35.00,7.00,13415170,184
708.04,1547560658,8197.44,51.45710677,7.48351200,211.06,17.13,0.76,191.54,1,-107.00,-15.00,-12.00,6.00,35.00,7.00,13415170,184
709.04,1547560659,8214.56,51.45695179,7.48346375,211.58,17.08,-0.05,191.19,1,-103.00,-12.00,2.00,6.00,29.00,7.00,13415170,315
710.04,1547560660,8231.60,51.45679353,7.48341301,212.15,16.60,-0.48,191.65,1,-103.00,-12.00,2.00,6.00,29.00,7.00,13415170,315
711.04,1547560661,8248.21,51.45664625,7.48336943,212.76,16.16,-0.44,191.04,1,-99.00,-11.00,5.00,11.00,31.00,7.00,13415170,315
712.04,1547560662,8264.42,51.45649586,7.48332932,213.55,16.44,0.28,190.62,1,-99.00,-11.00,5.00,11.00,31.00,7.00,13415170,315
713.04,1547560663,8280.82,51.45635437,7.48329373,214.46,15.92,-0.52,189.61,1,-100.00,-12.00,6.00,11.00,32.00,7.00,13415170,315
714.04,1547560664,8296.78,51.45621474,7.48325725,215.30,16.10,0.17,189.13,1,-100.00,-12.00,6.00,11.00,32.00,7.00,13415170,315
715.04,1547560665,8312.89,51.45607834,7.48323407,216.52,15.19,-0.91,187.89,1,-92.00,-13.00,7.00,14.00,39.00,7.00,13415170,315
716.04,1547560666,8328.04,51.45594278,7.48322950,217.85,16.07,0.88,185.18,1,-92.00,-13.00,7.00,14.00,39.00,7.00,13415170,315
717.04,1547560667,8344.11,51.45579445,7.48322676,219.36,16.21,0.14,184.08,1,-91.00,-12.00,10.00,12.00,41.00,7.00,13415170,315
718.04,1547560668,8360.35,51.45564186,7.48323605,220.62,16.55,0.34,182.63,1,-91.00,-12.00,10.00,12.00,41.00,7.00,13415170,315
719.04,1547560669,8376.87,51.45548973,7.48325037,221.69,16.55,-0.01,180.25,1,-96.00,-12.00,10.00,7.00,37.00,7.00,13415170,315
720.04,1547560670,8393.42,51.45533890,7.48327194,222.57,16.47,-0.07,178.19,1,-96.00,-12.00,10.00,7.00,37.00,7.00,13415170,315
721.04,1547560671,8409.90,51.45518870,7.48329750,223.31,16.44,-0.03,176.17,1,-94.00,-12.00,9.00,8.00,37.00,7.00,13415170,315
722.04,1547560672,8426.31,51.45503897,7.48333538,223.62,16.62,0.18,173.55,1,-94.00,-12.00,9.00,8.00,37.00,7.00,13415170,315
723.04,1547560673,8442.93,51.45488340,7.48338864,223.62,17.10,0.48,170.85,1,-93.00,-12.00,11.00,9.00,38.00,7.00,13415170,315
724.04,1547560674,8460.04,51.45472899,7.48347222,224.04,17.29,0.19,167.94,1,-93.00,-12.00,11.00,9.00,38.00,7.00,13415170,315
725.04,1547560675,8477.33,51.45457361,7.48355932,224.45,17.11,-0.18,165.34,1,-92.00,-12.00,12.00,7.00,39.00,7.00,13415170,315
726.04,1547560676,8494.48,51.45442641,7.48365408,224.67,17.16,0.05,162.21,1,-92.00,-12.00,12.00,7.00,39.00,7.00,13415170,315
727.05,1547560677,8511.76,51.45427721,7.48375978,225.13,17.62,0.46,158.85,1,-102.00,-9.00,10.00,7.00,26.00,7.00,13415170,315
728.04,1547560678,8529.26,51.45413697,7.48387836,225.53,18.00,0.38,155.44,1,-102.00,-9.00,10.00,7.00,26.00,7.00,13415170,315
729.04,1547560679,8547.24,51.45401361,7.48400365,225.71,17.40,-0.60,152.05,1,-102.00,-9.00,10.00,7.00,26.00,7.00,13415170,315
730.04,1547560680,8564.64,51.45387484,7.48415962,225.95,17.46,0.06,148.30,1,-97.00,-6.00,21.00,9.00,28.00,7.00,13415170,315
731.05,1547560681,8582.33,51.45374924,7.48431939,226.37,17.56,0.10,144.88,1,-97.00,-6.00,21.00,9.00,28.00,7.00,13415170,315
732.04,1547560682,8599.60,51.45362021,7.48447640,226.21,17.53,-0.03,144.11,1,-96.00,-7.00,7.00,14.00,30.00,7.00,13415170,315
733.04,1547560683,8617.15,51.45349594,7.48464171,225.92,16.73,-0.80,142.37,1,-96.00,-7.00,7.00,14.00,30.00,7.00,13415170,315
734.04,1547560684,8633.91,51.45338493,7.48480808,226.20,16.66,-0.06,139.68,1,-92.00,-12.00,10.00,15.00,40.00,7.00,13415170,315
735.04,1547560685,8650.59,51.45326881,7.48499666,225.99,17.30,0.64,137.60,1,-92.00,-12.00,10.00,15.00,40.00,7.00,13415170,315
736.04,1547560686,8667.85,51.45315526,7.48519304,225.54,17.05,-0.25,135.58,1,-87.00,-6.00,25.00,13.00,39.00,7.00,13415170,315
737.04,1547560687,8684.92,51.45304281,7.48538803,225.23,16.96,-0.09,134.75,1,-87.00,-6.00,25.00,13.00,39.00,7.00,13415170,315
738.04,1547560688,8701.87,51.45294166,7.48557326,225.26,16.86,-0.10,133.92,1,-86.00,-6.00,38.00,14.00,40.00,7.00,13415170,315
739.04,1547560689,8718.73,51.45284650,7.48574871,225.57,16.03,-0.82,133.01,1,-86.00,-6.00,38.00,14.00,40.00,7.00,13415170,315
740.04,1547560690,8734.76,51.45275074,7.48592155,225.94,16.34,0.31,134.86,1,-84.00,-6.00,35.00,15.00,41.00,7.00,13415170,315
741.04,1547560691,8751.05,51.45265511,7.48608763,226.51,16.41,0.07,135.36,1,-84.00,-6.00,35.00,15.00,41.00,7.00,13415170,315
742.04,1547560692,8767.51,51.45255724,7.48625761,227.14,15.47,-0.94,136.14,1,-84.00,-9.00,21.00,15.00,44.00,7.00,13415170,315
743.04,1547560693,8782.98,51.45245000,7.48642252,228.09,16.49,1.02,138.15,1,-84.00,-9.00,21.00,15.00,44.00,7.00,13415170,315
744.04,1547560694,8799.45,51.45234492,7.48657518,229.25,15.88,-0.61,139.71,1,-84.00,-8.00,37.00,15.00,41.00,7.00,13415170,315
745.04,1547560695,8815.35,51.45223453,7.48672450,230.18,16.17,0.29,141.92,1,-84.00,-8.00,37.00,15.00,41.00,7.00,13415170,315
746.04,1547560696,8831.50,51.45212055,7.48687637,231.30,16.79,0.62,144.04,1,-85.00,-5.00,35.00,11.00,40.00,7.00,13415170,315
747.04,1547560697,8848.31,51.45200611,7.48699692,232.48,16.34,-0.45,146.95,1,-85.00,-5.00,35.00,11.00,40.00,7.00,13415170,315
748.05,1547560698,8864.78,51.45188482,7.48711138,233.49,16.45,0.11,149.24,1,-85.00,-6.00,30.00,12.00,40.00,7.00,13415170,315
749.04,1547560699,8881.10,51.45175966,7.48721419,234.26,16.98,0.54,151.64,1,-85.00,-6.00,30.00,12.00,40.00,7.00,13415170,315
750.04,1547560700,8898.08,51.45163171,7.48731439,234.94,16.08,-0.90,153.69,1,-85.00,-6.00,30.00,12.00,40.00,7.00,13415170,315
751.04,1547560701,8914.12,51.45151493,7.48739268,235.72,14.31,-1.78,156.03,1,-86.00,-6.00,19.00,11.00,41.00,7.00,13415170,315
752.04,1547560702,8928.44,51.45139270,7.48747301,236.50,14.59,0.28,157.35,1,-86.00,-6.00,19.00,11.00,41.00,7.00,13415170,315
753.04,1547560703,8943.02,51.45126096,7.48755859,237.40,15.45,0.86,158.07,1,-87.00,-11.00,18.00,11.00,44.00,7.00,13415170,315
754.04,1547560704,8958.49,51.45113688,7.48764012,238.45,14.77,-0.68,157.43,1,-87.00,-11.00,18.00,11.00,44.00,7.00,13415170,315
755.04,1547560705,8973.25,51.45101735,7.48771430,240.01,14.26,-0.51,158.00,1,-91.00,-7.00,17.00,11.00,34.00,7.00,13415170,315
756.04,1547560706,8987.55,51.45089749,7.48779073,241.30,14.06,-0.20,158.48,1,-91.00,-7.00,17.00,11.00,34.00,7.00,13415170,315
