9.95,1547474051,122.58,51.49058265,7.41413277,159.20,15.35,0.00,77.90,1,-102.00,-13.00,-1.00,4.00,35.00,7.00,13828122,452,0,0.1,4.04042,49
39.93,1547474081,309.50,51.49056230,7.41688830,156.71,0.00,0.00,103.49,1,-104.00,-20.00,-11.00,3.00,39.00,7.00,13828122,452,1,4,1.66104,358
57.09,1547474098,309.50,51.49053352,7.41694030,156.60,0.00,0.00,103.49,1,-97.00,-12.00,3.00,5.00,41.00,6.00,13416987,62,3,3,1.41501,75
63.50,1547474105,309.50,51.49049950,7.41695847,156.49,0.00,0.00,103.49,1,-97.00,-13.00,1.00,5.00,41.00,6.00,13416987,62,4,0.1,0.143963,7030
63.54,1547474105,309.50,51.49049950,7.41695847,156.49,0.00,0.00,103.49,1,-97.00,-13.00,2.00,6.00,41.00,6.00,13416987,62,2,3,0.772201,1322
75.03,1547474116,353.70,51.48997438,7.41736657,156.54,14.18,0.00,165.97,1,-98.00,-13.00,2.00,5.00,40.00,6.00,13416987,62,6,0.1,0.221301,701
92.33,1547474133,628.12,51.48758503,7.41774369,154.10,16.27,0.00,174.14,1,-97.00,-13.00,2.00,6.00,39.00,6.00,13416987,62,5,7,1.87059,789
100.06,1547474141,749.44,51.48663227,7.41871745,146.92,14.59,0.00,158.78,1,-105.00,-19.00,-7.00,4.00,39.00,6.00,13416987,62,8,0.5,0.590755,1174
105.81,1547474147,826.16,51.48607134,7.41858975,143.58,11.79,0.00,193.66,1,-93.00,-12.00,3.00,6.00,45.00,6.00,13416987,62,7,2,0.885152,1884
106.67,1547474148,836.50,51.48597115,7.41855259,143.74,12.14,0.00,192.20,1,-104.00,-15.00,-8.00,5.00,37.00,5.00,13416986,61,9,0.5,0.884173,968
147.86,1547474189,1359.72,51.48167709,7.41662768,151.84,1.99,0.00,201.87,1,-100.00,-11.00,0.00,6.00,35.00,18.00,13427483,146,13,0.1,0.284496,1734
151.46,1547474193,1360.92,51.48166880,7.41662826,151.93,0.00,0.00,178.77,1,-100.00,-13.00,-4.00,6.00,37.00,5.00,13416986,61,10,7,1.45421,1201
151.64,1547474193,1360.92,51.48166880,7.41662826,151.93,0.00,0.00,178.77,1,-103.00,-12.00,-4.00,6.00,32.00,5.00,13416986,61,11,4,1.15699,1565
151.96,1547474193,1360.92,51.48166880,7.41662826,151.93,0.00,0.00,178.77,1,-106.00,-17.00,-8.00,5.00,36.00,43.00,12897049,306,12,7,2.6205,304
152.21,1547474193,1360.92,51.48166880,7.41662826,151.93,0.00,0.00,178.77,1,-94.00,-13.00,-1.00,9.00,45.00,12.00,13495579,134,14,0.1,3.16207,1058
168.97,1547474210,1374.30,51.48149238,7.41658836,153.68,3.49,0.00,160.22,1,-101.00,-14.00,-3.00,4.00,39.00,12.00,13495579,134,15,5,4.29969,37
181.41,1547474222,1495.09,51.48153626,7.41833703,150.00,12.75,0.00,83.35,1,-87.00,-12.00,1.00,6.00,50.00,9.00,13884185,27,16,9,6.23701,80
188.66,1547474230,1592.50,51.48159108,7.41972917,147.42,14.46,0.00,86.02,1,-90.00,-12.00,4.00,5.00,47.00,9.00,13884185,27,17,3,2.82919,245
212.70,1547474254,1949.14,51.48220469,7.42481962,132.10,14.78,0.00,78.49,1,-89.00,-11.00,-2.00,7.00,45.00,11.00,13495579,134,18,9,3.12663,38
227.81,1547474269,2137.60,51.48255573,7.42754993,137.85,8.72,0.00,78.27,1,-98.00,-12.00,1.00,7.00,37.00,11.00,13495577,135,19,6,1.85744,457
229.31,1547474270,2150.97,51.48257635,7.42780816,139.09,10.18,0.00,81.44,1,-94.00,-13.00,-2.00,6.00,43.00,13.00,13825561,339,20,5,2.26078,694
234.80,1547474276,2181.21,51.48257805,7.42828530,139.08,1.39,0.00,93.56,1,-91.00,-12.00,5.00,9.00,45.00,13.00,13825561,339,21,5,3.3442,1533
237.21,1547474278,2181.53,51.48257805,7.42828530,139.10,0.00,0.00,93.56,1,-89.00,-12.00,3.00,6.00,47.00,13.00,13825561,339,22,3,3.3637,211
241.89,1547474283,2181.53,51.48257805,7.42828530,139.15,0.00,0.00,93.56,1,-85.00,-10.00,0.00,7.00,49.00,13.00,13823003,266,23,2,7.29594,46
254.31,1547474295,2257.43,51.48253055,7.42962677,145.74,14.42,0.00,95.75,1,-84.00,-8.00,-2.00,6.00,48.00,13.00,13823003,266,24,1,1.77069,127
260.93,1547474302,2350.57,51.48242705,7.43082929,146.44,13.11,0.00,97.56,1,-92.00,-12.00,4.00,7.00,44.00,13.00,13823003,266,25,1,6.58436,70
273.92,1547474315,2515.52,51.48219831,7.43319889,147.88,12.65,0.00,96.90,1,-80.00,-12.00,-3.00,11.00,55.00,13.00,13823003,266,26,6,11.4641,76
282.68,1547474324,2629.49,51.48207935,7.43487756,151.63,12.79,0.00,96.41,1,-83.00,-7.00,13.00,11.00,49.00,13.00,13823003,266,27,3,8.13559,98
294.76,1547474336,2756.00,51.48192125,7.43672591,153.76,9.66,0.00,94.73,1,-84.00,-7.00,13.00,8.00,48.00,13.00,13823003,266,28,4,6.42312,117
300.97,1547474342,2819.72,51.48185161,7.43764620,154.59,8.83,0.00,97.06,1,-69.00,-6.00,24.00,15.00,56.00,13.00,13823003,266,29,2,12.8102,59
309.95,1547474351,2854.22,51.48184815,7.43827807,154.17,2.22,0.00,95.63,1,-67.00,-6.00,31.00,14.00,63.00,13.00,13823003,266,30,0.1,4.16668,73
324.11,1547474365,2943.66,51.48173193,7.43966108,155.22,9.17,0.00,95.02,1,-64.00,-5.00,25.00,12.00,63.00,13.00,13823003,266,31,9,16.1871,37
339.10,1547474380,3031.76,51.48166274,7.44091868,156.56,0.00,0.00,98.86,1,-71.00,-6.00,20.00,12.00,61.00,13.00,13823003,266,32,8,6.8223,55
344.72,1547474386,3031.76,51.48166274,7.44091868,156.63,0.00,0.00,98.86,1,-69.00,-11.00,10.00,9.00,63.00,13.00,13823003,266,33,4,6.37196,39
354.37,1547474395,3031.76,51.48166274,7.44091868,157.06,0.00,0.00,92.31,1,-70.00,-7.00,15.00,11.00,62.00,13.00,13823003,266,34,6,10.2696,48
367.30,1547474408,3123.39,51.48121810,7.44223273,162.33,10.40,0.00,132.64,1,-72.00,-9.00,16.00,8.00,62.00,13.00,13823003,266,35,10,10.4753,43
373.55,1547474415,3188.08,51.48080199,7.44283315,159.03,9.58,0.00,133.08,1,-73.00,-11.00,8.00,9.00,61.00,1.00,13823002,265,36,7,14.433,40
387.74,1547474429,3335.75,51.47963748,7.44363645,159.71,12.47,0.00,151.83,1,-64.00,-7.00,22.00,9.00,63.00,1.00,13823002,265,37,7,6.92042,35
400.58,1547474442,3508.81,51.47826623,7.44483076,160.87,14.51,0.00,151.36,1,-78.00,-9.00,5.00,12.00,55.00,10.00,12896793,375,38,7,5.15227,55
404.61,1547474446,3567.27,51.47780562,7.44523013,160.68,14.80,0.00,151.40,1,-80.00,-8.00,8.00,11.00,53.00,10.00,12896793,375,39,9,14.7692,70
418.84,1547474460,3773.03,51.47620743,7.44661414,160.91,13.91,0.00,152.07,1,-74.00,-6.00,18.00,9.00,56.00,10.00,12896793,375,40,3,2.63071,45
425.21,1547474466,3854.78,51.47547944,7.44723969,159.39,12.47,0.00,150.75,1,-65.00,-9.00,20.00,15.00,63.00,10.00,12896793,375,41,7,10.2715,53
435.22,1547474476,3971.75,51.47461086,7.44820999,163.99,8.49,0.00,142.13,1,-78.00,-11.00,18.00,12.00,59.00,10.00,12896793,375,42,1,1.45428,38
442.73,1547474484,3994.13,51.47449587,7.44837182,164.48,0.00,0.00,142.07,1,-76.00,-7.00,11.00,11.00,56.00,10.00,12896793,375,43,1,2.63158,37
459.96,1547474501,3994.13,51.47449587,7.44837182,164.35,0.00,0.00,142.07,1,-80.00,-9.00,13.00,12.00,56.00,10.00,12896793,375,44,9,7.03881,66
464.06,1547474505,3994.13,51.47449587,7.44837182,164.33,0.00,0.00,142.07,1,-80.00,-8.00,12.00,12.00,54.00,10.00,12896793,375,45,1,1.97775,79
475.40,1547474516,3994.13,51.47449587,7.44837182,164.34,0.00,0.00,142.07,1,-79.00,-9.00,13.00,11.00,55.00,10.00,12896793,375,46,5,7.02124,54
483.60,1547474525,4030.34,51.47418063,7.44876539,167.93,9.78,0.00,139.40,1,-80.00,-7.00,16.00,10.00,50.00,10.00,12896793,375,47,2,4.11417,52
496.13,1547474537,4195.43,51.47315502,7.45059899,170.68,13.33,0.00,124.93,1,-69.00,-8.00,15.00,15.00,63.00,10.00,12896793,375,48,3,3.78788,118
501.01,1547474542,4267.71,51.47283486,7.45155833,169.26,16.38,0.36,116.24,1,-79.00,-9.00,10.00,8.00,56.00,1.00,12896794,376,49,0.5,3.29218,120
512.19,1547474553,4456.30,51.47240126,7.45416154,169.59,16.62,0.00,104.94,1,-63.00,-7.00,21.00,15.00,63.00,1.00,12896794,376,50,4,13.0346,68
520.87,1547474562,4605.42,51.47202731,7.45603827,166.34,17.22,0.00,111.90,1,-82.00,-7.00,16.00,11.00,50.00,1.00,12896794,376,51,0.5,3.51803,75
535.94,1547474577,4826.98,51.47115885,7.45887673,156.18,9.24,0.00,115.84,1,-91.00,-8.00,9.00,9.00,42.00,1.00,12896794,376,52,2,2.56451,51
547.14,1547474588,4855.45,51.47103307,7.45927166,154.59,0.00,0.00,117.01,1,-89.00,-7.00,13.00,9.00,43.00,1.00,12896794,376,53,8,8.66152,121
549.92,1547474591,4855.45,51.47103307,7.45927166,154.58,0.00,0.00,117.01,1,-88.00,-7.00,11.00,9.00,46.00,1.00,12896794,376,54,0.1,3.72094,47
559.89,1547474601,4855.45,51.47103307,7.45927166,154.63,0.00,0.00,117.01,1,-88.00,-9.00,7.00,8.00,47.00,1.00,12896794,376,55,0.1,4.02012,46
574.21,1547474615,4855.45,51.47103307,7.45927166,154.95,0.00,0.00,117.01,1,-86.00,-7.00,16.00,9.00,47.00,1.00,12896794,376,56,7,12.4362,55
579.99,1547474621,4871.40,51.47094416,7.45954256,156.54,6.66,0.00,117.38,1,-86.00,-9.00,14.00,9.00,48.00,1.00,12896794,376,57,0.1,3.49346,59
593.96,1547474635,5046.44,51.47033836,7.46178202,156.61,14.31,0.00,115.64,1,-85.00,-8.00,2.00,5.00,48.00,1.00,12896794,376,58,5,9.38527,47
604.36,1547474645,5192.35,51.46976279,7.46383841,157.20,14.85,0.00,112.79,1,-91.00,-8.00,9.00,8.00,40.00,1.00,12896794,376,59,1,1.7301,69
612.73,1547474654,5333.04,51.46944266,7.46573622,157.92,16.65,0.00,100.29,1,-93.00,-7.00,3.00,8.00,39.00,1.00,12896794,376,60,4,10.5611,59
621.26,1547474662,5482.92,51.46946869,7.46801229,159.02,18.31,0.00,84.36,1,-95.00,-10.00,5.00,5.00,42.00,1.00,12896794,376,61,0.5,2.61097,86
635.81,1547474677,5764.98,51.46979779,7.47189217,163.37,19.72,0.00,88.56,1,-93.00,-8.00,8.00,10.00,40.00,1.00,12896794,376,62,4,5.23732,58
651.86,1547474693,6056.57,51.46951404,7.47607334,168.29,16.91,0.00,93.81,1,-99.00,-12.00,-6.00,2.00,39.00,1.00,12896794,376,63,5,3.29218,48
658.88,1547474700,6161.64,51.46957211,7.47764607,171.27,13.44,0.00,83.94,1,-94.00,-11.00,1.00,6.00,43.00,13.00,12909339,289,64,5,5.6164,613
668.08,1547474709,6224.08,51.46970796,7.47859965,176.37,0.63,0.00,65.45,1,-87.00,-11.00,9.00,9.00,48.00,13.00,12909339,289,65,7,6.68019,58
677.73,1547474719,6253.01,51.46978837,7.47902938,176.27,8.87,0.00,74.41,1,-90.00,-12.00,8.00,7.00,48.00,13.00,12909339,289,66,10,9.98129,51
679.87,1547474721,6273.75,51.46983724,7.47929595,175.97,9.91,0.00,73.30,1,-91.00,-7.00,10.00,8.00,41.00,13.00,12909339,289,67,0.1,4.73375,50
692.24,1547474733,6422.31,51.47027632,7.48142183,175.83,6.51,0.00,75.75,1,-86.00,-10.00,3.00,6.00,45.00,16.00,12909593,141,68,2,6.24268,39
703.30,1547474744,6536.83,51.46931269,7.48206583,174.90,12.03,0.00,166.64,1,-87.00,-11.00,17.00,5.00,49.00,8.00,12909339,289,69,1,2.24845,70
709.98,1547474751,6630.71,51.46855664,7.48235459,177.19,15.08,0.00,165.63,1,-88.00,-11.00,10.00,10.00,48.00,8.00,12909339,289,70,0.1,3.73833,112
723.91,1547474765,6832.64,51.46675515,7.48271821,174.10,14.31,0.00,184.68,1,-90.00,-11.00,12.00,11.00,47.00,8.00,12909339,289,71,2,3.82318,81
739.18,1547474780,7055.88,51.46474161,7.48141737,166.95,16.70,0.00,199.96,1,-96.00,-9.00,9.00,6.00,38.00,8.00,12909339,289,72,6,5.05636,57
751.55,1547474793,7234.51,51.46324827,7.48068534,174.37,14.05,0.00,196.70,1,-94.00,-13.00,3.00,6.00,44.00,8.00,12909339,289,73,3,2.03649,57
754.06,1547474795,7269.21,51.46289714,7.48052381,174.60,12.98,0.00,195.31,1,-99.00,-11.00,3.00,8.00,38.00,8.00,12909339,289,74,1,3.27735,1292
761.14,1547474802,7335.68,51.46236378,7.48028078,177.72,2.26,0.00,195.91,1,-90.00,-9.00,4.00,7.00,44.00,7.00,12909595,143,75,1,5.52486,35
776.36,1547474817,7354.35,51.46215476,7.48019028,177.29,4.84,0.00,195.14,1,-91.00,-7.00,20.00,10.00,42.00,7.00,12909595,143,76,8,9.56366,33
789.07,1547474830,7468.26,51.46200985,7.48179603,178.50,11.92,0.00,92.39,1,-92.00,-8.00,9.00,9.00,40.00,7.00,12909595,143,77,8,6.86916,42
800.56,1547474842,7594.01,51.46197303,7.48358347,182.03,10.50,0.00,92.04,1,-94.00,-12.00,7.00,9.00,42.00,7.00,12909595,143,78,4,2.97508,74
803.59,1547474845,7622.19,51.46195931,7.48395457,181.80,7.32,0.00,92.18,1,-100.00,-14.00,-3.00,5.00,38.00,7.00,12909595,143,79,5,12.3077,219
812.86,1547474854,7711.34,51.46126190,7.48438838,183.64,12.70,0.00,176.10,1,-78.00,-6.00,19.00,12.00,53.00,5.00,12909593,141,80,8,19.9626,34
821.09,1547474862,7823.96,51.46016002,7.48442193,191.37,13.16,0.00,184.54,1,-76.00,-6.00,18.00,12.00,56.00,5.00,12909593,141,81,3,16.7481,38
836.50,1547474878,8006.88,51.45855797,7.48397936,201.66,11.79,0.00,191.42,1,-79.00,-9.00,4.00,9.00,54.00,5.00,12909593,141,82,7,8.18833,36
847.18,1547474888,8118.89,51.45751261,7.48364512,209.71,12.42,0.00,191.53,1,-75.00,-8.00,13.00,12.00,59.00,0.00,12909595,143,83,5,5.37418,117
856.88,1547474898,8255.53,51.45636450,7.48332439,212.52,15.24,0.00,188.41,1,-82.00,-10.00,4.00,3.00,53.00,0.00,12909595,143,84,5,5.5788,38
865.44,1547474907,8384.05,51.45517495,7.48331078,216.99,15.08,0.00,174.86,1,-89.00,-7.00,6.00,7.00,42.00,3.00,12909594,142,85,8,11.1304,37
875.93,1547474917,8545.38,51.45386364,7.48421316,223.74,16.53,0.00,146.00,1,-80.00,-5.00,18.00,12.00,50.00,3.00,12909594,142,86,8,10.2581,37
883.31,1547474924,8661.98,51.45304794,7.48549394,226.11,15.64,0.00,132.66,1,-93.00,-7.00,10.00,9.00,40.00,3.00,12909594,142,87,2,4.37278,36
