0.04,1547559947,0.03,51.49028980,7.41224528,158.77,5.08,0.00,71.15,0,-102.00,-16.00,0.00,0.00,39.00,0.00,0,146
0.04,1547559947,0.03,51.49028980,7.41224528,158.77,5.08,0.00,71.15,0,-103.00,-17.00,0.00,0.00,40.00,0.00,0,266
0.04,1547559947,0.03,51.49028980,7.41224528,158.77,5.08,0.00,71.15,0,-103.00,-17.00,0.00,0.00,40.00,0.00,0,450
1.04,1547559948,5.12,51.49031797,7.41238607,157.56,6.78,0.00,83.85,0,-102.00,-16.00,0.00,0.00,39.00,0.00,0,146
1.04,1547559948,5.13,51.49031797,7.41238607,157.56,6.78,0.00,83.85,0,-103.00,-17.00,0.00,0.00,40.00,0.00,0,266
1.05,1547559948,5.13,51.49031797,7.41238607,157.56,6.78,0.00,83.85,0,-103.00,-17.00,0.00,0.00,40.00,0.00,0,450
2.04,1547559949,11.90,51.49033151,7.41251192,157.37,8.32,0.00,81.85,0,-106.00,-16.00,0.00,0.00,36.00,0.00,0,450
2.04,1547559949,11.91,51.49033151,7.41251192,157.37,8.32,0.00,81.85,0,-108.00,-18.00,0.00,0.00,35.00,0.00,0,266
2.05,1547559949,11.92,51.49033151,7.41251192,157.37,8.32,0.00,81.85,0,-109.00,-18.00,0.00,0.00,35.00,0.00,0,264
3.04,1547559950,20.22,51.49035720,7.41262493,157.76,8.64,0.00,80.73,0,-106.00,-16.00,0.00,0.00,36.00,0.00,0,450
3.04,1547559950,20.23,51.49035720,7.41262493,157.76,8.64,0.00,80.73,0,-108.00,-18.00,0.00,0.00,35.00,0.00,0,266
3.05,1547559950,20.24,51.49035720,7.41262493,157.76,8.64,0.00,80.73,0,-109.00,-18.00,0.00,0.00,35.00,0.00,0,264
6.04,1547559953,48.66,51.49043098,7.41306608,157.55,12.13,0.00,79.48,0,-99.00,-14.00,0.00,0.00,41.00,0.00,0,450
7.04,1547559954,60.79,51.49046218,7.41324637,157.44,12.75,0.00,78.96,0,-99.00,-14.00,0.00,0.00,41.00,0.00,0,450
8.04,1547559955,73.55,51.49048146,7.41342482,157.30,12.77,0.00,78.27,0,-103.00,-15.00,0.00,0.00,38.00,0.00,0,450
9.04,1547559956,86.30,51.49049271,7.41359727,157.07,13.08,0.00,78.55,0,-103.00,-15.00,0.00,0.00,38.00,0.00,0,450
10.04,1547559957,99.33,51.49050896,7.41378810,156.83,13.74,0.00,78.09,0,-109.00,-17.00,0.00,0.00,34.00,0.00,0,450
11.04,1547559958,113.14,51.49053040,7.41398738,156.53,14.28,0.00,77.70,0,-109.00,-17.00,0.00,0.00,34.00,0.00,0,450
12.04,1547559959,127.44,51.49055507,7.41419359,156.31,14.72,0.00,78.41,0,-105.00,-17.00,0.00,0.00,37.00,0.00,0,450
13.06,1547559960,142.38,51.49057864,7.41440960,156.13,14.82,0.00,78.54,0,-105.00,-17.00,0.00,0.00,37.00,0.00,0,450
14.04,1547559961,156.94,51.49059707,7.41461114,155.88,14.73,0.00,79.38,0,-101.00,-15.00,0.00,0.00,39.00,0.00,0,62
14.04,1547559961,156.96,51.49059707,7.41461114,155.88,14.73,0.00,79.38,0,-105.00,-20.00,0.00,0.00,40.00,0.00,0,450
15.05,1547559962,171.73,51.49061752,7.41481465,155.70,14.62,0.00,79.84,0,-101.00,-15.00,0.00,0.00,39.00,0.00,0,62
15.05,1547559962,171.74,51.49061752,7.41481465,155.70,14.62,0.00,79.84,0,-105.00,-20.00,0.00,0.00,40.00,0.00,0,450
16.05,1547559963,186.35,51.49063461,7.41501310,155.40,14.44,0.00,80.54,0,-101.00,-15.00,0.00,0.00,39.00,0.00,0,62
17.04,1547559964,200.73,51.49064851,7.41522613,155.29,14.34,0.00,81.97,0,-101.00,-15.00,0.00,0.00,39.00,0.00,0,62
18.04,1547559965,215.09,51.49065817,7.41544491,155.42,14.22,0.00,83.03,0,-99.00,-14.00,0.00,0.00,40.00,0.00,0,62
19.04,1547559966,229.31,51.49066792,7.41564761,155.97,13.82,0.00,84.50,0,-99.00,-14.00,0.00,0.00,40.00,0.00,0,62
20.05,1547559967,243.23,51.49067100,7.41583310,156.26,13.77,0.00,86.75,0,-104.00,-19.00,0.00,0.00,40.00,0.00,0,452
20.05,1547559967,243.25,51.49067100,7.41583310,156.26,13.77,0.00,86.75,0,-93.00,-13.00,0.00,0.00,48.00,0.00,0,275
21.04,1547559968,256.91,51.49066781,7.41601065,156.64,13.72,0.00,89.56,0,-104.00,-19.00,0.00,0.00,40.00,0.00,0,452
21.05,1547559968,256.92,51.49066781,7.41601065,156.64,13.72,0.00,89.56,0,-93.00,-13.00,0.00,0.00,48.00,0.00,0,275
22.04,1547559969,270.61,51.49065718,7.41620013,156.68,13.31,0.00,92.83,0,-104.00,-19.00,0.00,0.00,40.00,0.00,0,452
22.04,1547559969,270.63,51.49065718,7.41620013,156.68,13.31,0.00,92.83,0,-93.00,-13.00,0.00,0.00,48.00,0.00,0,275
23.04,1547559970,283.92,51.49064025,7.41638102,156.75,12.79,0.00,96.18,0,-88.00,-12.00,0.00,0.00,53.00,0.00,0,275
23.04,1547559970,283.93,51.49064025,7.41638102,156.75,12.79,0.00,96.18,0,-95.00,-20.00,0.00,0.00,53.00,0.00,0,274
24.04,1547559971,296.70,51.49061879,7.41656764,156.91,12.20,0.00,98.46,0,-88.00,-12.00,0.00,0.00,53.00,0.00,0,275
24.04,1547559971,296.71,51.49061879,7.41656764,156.91,12.20,0.00,98.46,0,-95.00,-20.00,0.00,0.00,53.00,0.00,0,274
25.04,1547559972,308.88,51.49059782,7.41672335,157.35,11.02,0.00,99.91,0,-89.00,-11.00,0.00,0.00,52.00,0.00,0,275
26.04,1547559973,319.90,51.49057561,7.41686065,157.53,9.19,0.00,100.99,0,-89.00,-11.00,0.00,0.00,52.00,0.00,0,275
27.04,1547559974,329.08,51.49055362,7.41696652,157.58,7.35,0.00,102.12,0,-89.00,-11.00,0.00,0.00,51.00,0.00,0,275
28.04,1547559975,336.45,51.49053328,7.41708565,157.75,7.82,0.00,101.32,0,-89.00,-11.00,0.00,0.00,51.00,0.00,0,275
29.04,1547559976,344.28,51.49047862,7.41717628,157.33,7.58,0.00,138.13,0,-91.00,-13.00,0.00,0.00,51.00,0.00,0,275
29.05,1547559976,344.29,51.49047862,7.41717628,157.33,7.58,0.00,138.13,0,-98.00,-19.00,0.00,0.00,51.00,0.00,0,274
30.05,1547559977,351.87,51.49039137,7.41722417,156.80,9.82,0.00,166.00,0,-91.00,-13.00,0.00,0.00,51.00,0.00,0,275
30.05,1547559977,351.88,51.49039137,7.41722417,156.80,9.82,0.00,166.00,0,-98.00,-19.00,0.00,0.00,51.00,0.00,0,274
31.04,1547559978,361.67,51.49028561,7.41726947,155.97,10.97,0.00,166.57,0,-103.00,-19.00,0.00,0.00,41.00,0.00,0,61
31.04,1547559978,361.68,51.49028561,7.41726947,155.97,10.97,0.00,166.57,0,-93.00,-13.00,0.00,0.00,49.00,0.00,0,275
31.04,1547559978,361.69,51.49028561,7.41726947,155.97,10.97,0.00,166.57,0,-98.00,-18.00,0.00,0.00,49.00,0.00,0,274
32.04,1547559979,372.66,51.49017860,7.41731047,155.08,11.50,0.00,166.95,0,-103.00,-19.00,0.00,0.00,41.00,0.00,0,61
32.04,1547559979,372.67,51.49017860,7.41731047,155.08,11.50,0.00,166.95,0,-93.00,-13.00,0.00,0.00,49.00,0.00,0,275
32.04,1547559979,372.67,51.49017860,7.41731047,155.08,11.50,0.00,166.95,0,-98.00,-18.00,0.00,0.00,49.00,0.00,0,274
33.04,1547559980,384.17,51.49005125,7.41735495,154.19,13.41,0.00,166.26,0,-103.00,-19.00,0.00,0.00,41.00,0.00,0,61
33.04,1547559980,384.17,51.49005125,7.41735495,154.19,13.41,0.00,166.26,0,-90.00,-12.00,0.00,0.00,51.00,0.00,0,275
33.05,1547559980,384.18,51.49005125,7.41735495,154.19,13.41,0.00,166.26,0,-94.00,-16.00,0.00,0.00,51.00,0.00,0,274
34.04,1547559981,397.58,51.48992236,7.41740301,153.20,13.98,0.00,165.11,0,-103.00,-19.00,0.00,0.00,41.00,0.00,0,61
34.05,1547559981,397.59,51.48992236,7.41740301,153.20,13.98,0.00,165.11,0,-90.00,-12.00,0.00,0.00,51.00,0.00,0,275
34.05,1547559981,397.59,51.48992236,7.41740301,153.20,13.98,0.00,165.11,0,-94.00,-16.00,0.00,0.00,51.00,0.00,0,274
35.04,1547559982,411.56,51.48979349,7.41745546,152.31,14.60,0.00,164.69,0,-100.00,-17.00,0.00,0.00,44.00,0.00,0,61
35.05,1547559982,411.58,51.48979349,7.41745546,152.31,14.60,0.00,164.69,0,-91.00,-12.00,0.00,0.00,50.00,0.00,0,275
35.05,1547559982,411.58,51.48979349,7.41745546,152.31,14.60,0.00,164.69,0,-95.00,-15.00,0.00,0.00,50.00,0.00,0,274
36.04,1547559983,426.16,51.48965581,7.41751191,151.34,14.83,0.00,165.54,0,-100.00,-17.00,0.00,0.00,44.00,0.00,0,61
36.05,1547559983,426.18,51.48965581,7.41751191,151.34,14.83,0.00,165.54,0,-91.00,-12.00,0.00,0.00,50.00,0.00,0,275
36.05,1547559983,426.18,51.48965581,7.41751191,151.34,14.83,0.00,165.54,0,-95.00,-15.00,0.00,0.00,50.00,0.00,0,274
37.04,1547559984,440.98,51.48951697,7.41756624,150.79,15.12,0.00,166.49,0,-97.00,-16.00,0.00,0.00,46.00,0.00,0,61
37.04,1547559984,441.00,51.48951697,7.41756624,150.79,15.12,0.00,166.49,0,-90.00,-12.00,0.00,0.00,51.00,0.00,0,275
37.05,1547559984,441.01,51.48951697,7.41756624,150.79,15.12,0.00,166.49,0,-92.00,-14.00,0.00,0.00,51.00,0.00,0,274
38.04,1547559985,456.11,51.48937835,7.41761874,150.53,15.11,0.00,167.32,0,-97.00,-16.00,0.00,0.00,46.00,0.00,0,61
38.04,1547559985,456.11,51.48937835,7.41761874,150.53,15.11,0.00,167.32,0,-90.00,-12.00,0.00,0.00,51.00,0.00,0,275
38.05,1547559985,456.13,51.48937835,7.41761874,150.53,15.11,0.00,167.32,0,-92.00,-14.00,0.00,0.00,51.00,0.00,0,274
39.04,1547559986,471.21,51.48923912,7.41766275,150.36,15.17,0.00,168.04,0,-99.00,-16.00,0.00,0.00,43.00,0.00,0,61
39.04,1547559986,471.23,51.48923912,7.41766275,150.36,15.17,0.00,168.04,0,-91.00,-13.00,0.00,0.00,51.00,0.00,0,275
39.05,1547559986,471.24,51.48923912,7.41766275,150.36,15.17,0.00,168.04,0,-92.00,-13.00,0.00,0.00,51.00,0.00,0,274
40.04,1547559987,486.39,51.48910221,7.41770278,150.26,15.06,0.00,169.33,0,-99.00,-16.00,0.00,0.00,43.00,0.00,0,61
40.05,1547559987,486.41,51.48910221,7.41770278,150.26,15.06,0.00,169.33,0,-91.00,-13.00,0.00,0.00,51.00,0.00,0,275
40.05,1547559987,486.42,51.48910221,7.41770278,150.26,15.06,0.00,169.33,0,-92.00,-13.00,0.00,0.00,51.00,0.00,0,274
41.05,1547559988,501.59,51.48897574,7.41773429,150.31,14.99,0.00,170.93,0,-100.00,-16.00,0.00,0.00,41.00,0.00,0,61
41.05,1547559988,501.61,51.48897574,7.41773429,150.31,14.99,0.00,170.93,0,-103.00,-19.00,0.00,0.00,41.00,0.00,0,339
41.05,1547559988,501.61,51.48897574,7.41773429,150.31,14.99,0.00,170.93,0,-104.00,-20.00,0.00,0.00,42.00,0.00,0,146
41.06,1547559988,501.62,51.48897574,7.41773429,150.31,14.99,0.00,170.93,0,-92.00,-13.00,0.00,0.00,50.00,0.00,0,274
41.06,1547559988,501.64,51.48897574,7.41773429,150.31,14.99,0.00,170.93,0,-94.00,-14.00,0.00,0.00,50.00,0.00,0,275
42.04,1547559989,516.45,51.48884175,7.41775533,150.27,15.37,0.00,173.19,0,-100.00,-16.00,0.00,0.00,41.00,0.00,0,61
42.05,1547559989,516.46,51.48884175,7.41775533,150.27,15.37,0.00,173.19,0,-103.00,-19.00,0.00,0.00,41.00,0.00,0,339
42.05,1547559989,516.48,51.48884175,7.41775533,150.27,15.37,0.00,173.19,0,-104.00,-20.00,0.00,0.00,42.00,0.00,0,146
42.05,1547559989,516.49,51.48884175,7.41775533,150.27,15.37,0.00,173.19,0,-92.00,-13.00,0.00,0.00,50.00,0.00,0,274
42.05,1547559989,516.49,51.48884175,7.41775533,150.27,15.37,0.00,173.19,0,-94.00,-14.00,0.00,0.00,50.00,0.00,0,275
43.05,1547559990,531.93,51.48870871,7.41776288,150.06,15.66,0.00,175.75,0,-100.00,-16.00,0.00,0.00,41.00,0.00,0,61
43.05,1547559990,531.95,51.48870871,7.41776288,150.06,15.66,0.00,175.75,0,-103.00,-19.00,0.00,0.00,41.00,0.00,0,339
43.05,1547559990,531.98,51.48870871,7.41776288,150.06,15.66,0.00,175.75,0,-104.00,-20.00,0.00,0.00,42.00,0.00,0,146
43.06,1547559990,531.99,51.48870871,7.41776288,150.06,15.66,0.00,175.75,0,-92.00,-13.00,0.00,0.00,50.00,0.00,0,274
43.06,1547559990,531.99,51.48870871,7.41776288,150.06,15.66,0.00,175.75,0,-94.00,-14.00,0.00,0.00,50.00,0.00,0,275
44.04,1547559991,547.46,51.48855960,7.41776399,149.83,15.87,0.00,177.79,0,-98.00,-13.00,0.00,0.00,41.00,0.00,0,61
44.04,1547559991,547.46,51.48855960,7.41776399,149.83,15.87,0.00,177.79,0,-104.00,-20.00,0.00,0.00,41.00,0.00,0,339
44.04,1547559991,547.48,51.48855960,7.41776399,149.83,15.87,0.00,177.79,0,-93.00,-12.00,0.00,0.00,48.00,0.00,0,274
44.05,1547559991,547.49,51.48855960,7.41776399,149.83,15.87,0.00,177.79,0,-97.00,-16.00,0.00,0.00,48.00,0.00,0,275
45.04,1547559992,563.35,51.48841327,7.41775792,149.64,15.82,0.00,179.44,0,-98.00,-13.00,0.00,0.00,41.00,0.00,0,61
45.04,1547559992,563.35,51.48841327,7.41775792,149.64,15.82,0.00,179.44,0,-104.00,-20.00,0.00,0.00,41.00,0.00,0,339
45.05,1547559992,563.36,51.48841327,7.41775792,149.64,15.82,0.00,179.44,0,-93.00,-12.00,0.00,0.00,48.00,0.00,0,274
45.05,1547559992,563.38,51.48841327,7.41775792,149.64,15.82,0.00,179.44,0,-97.00,-16.00,0.00,0.00,48.00,0.00,0,275
46.04,1547559993,579.15,51.48827108,7.41774418,149.42,15.84,0.00,180.74,0,-101.00,-15.00,0.00,0.00,40.00,0.00,0,61
46.04,1547559993,579.16,51.48827108,7.41774418,149.42,15.84,0.00,180.74,0,-104.00,-17.00,0.00,0.00,39.00,0.00,0,339
46.05,1547559993,579.18,51.48827108,7.41774418,149.42,15.84,0.00,180.74,0,-105.00,-19.00,0.00,0.00,40.00,0.00,0,146
46.05,1547559993,579.18,51.48827108,7.41774418,149.42,15.84,0.00,180.74,0,-97.00,-12.00,0.00,0.00,44.00,0.00,0,274
46.05,1547559993,579.20,51.48827108,7.41774418,149.42,15.84,0.00,180.74,0,-100.00,-16.00,0.00,0.00,44.00,0.00,0,275
46.05,1547559993,579.20,51.48827108,7.41774418,149.42,15.84,0.00,180.74,0,0.00,0.00,0.00,0.00,63.00,0.00,0,357
47.05,1547559994,595.15,51.48813137,7.41772988,149.27,15.68,0.00,181.12,0,-101.00,-15.00,0.00,0.00,40.00,0.00,0,61
47.05,1547559994,595.16,51.48813137,7.41772988,149.27,15.68,0.00,181.12,0,-104.00,-17.00,0.00,0.00,39.00,0.00,0,339
47.06,1547559994,595.18,51.48813137,7.41772988,149.27,15.68,0.00,181.12,0,-105.00,-19.00,0.00,0.00,40.00,0.00,0,146
47.06,1547559994,595.18,51.48813137,7.41772988,149.27,15.68,0.00,181.12,0,-97.00,-12.00,0.00,0.00,44.00,0.00,0,274
47.06,1547559994,595.19,51.48813137,7.41772988,149.27,15.68,0.00,181.12,0,-100.00,-16.00,0.00,0.00,44.00,0.00,0,275
47.06,1547559994,595.21,51.48813137,7.41772988,149.27,15.68,0.00,181.12,0,0.00,0.00,0.00,0.00,63.00,0.00,0,357
48.04,1547559995,610.68,51.48799307,7.41771837,149.10,15.82,0.00,180.41,0,-102.00,-19.00,0.00,0.00,42.00,0.00,0,339
48.05,1547559995,610.70,51.48799307,7.41771837,149.10,15.82,0.00,180.41,0,-103.00,-20.00,0.00,0.00,42.00,0.00,0,146
48.05,1547559995,610.70,51.48799307,7.41771837,149.10,15.82,0.00,180.41,0,-103.00,-20.00,0.00,0.00,42.00,0.00,0,62
48.05,1547559995,610.71,51.48799307,7.41771837,149.10,15.82,0.00,180.41,0,-94.00,-11.00,0.00,0.00,46.00,0.00,0,274
49.04,1547559996,626.49,51.48784584,7.41771713,148.81,16.03,0.00,178.99,0,-102.00,-19.00,0.00,0.00,42.00,0.00,0,339
49.04,1547559996,626.50,51.48784584,7.41771713,148.81,16.03,0.00,178.99,0,-103.00,-20.00,0.00,0.00,42.00,0.00,0,146
49.04,1547559996,626.50,51.48784584,7.41771713,148.81,16.03,0.00,178.99,0,-103.00,-20.00,0.00,0.00,42.00,0.00,0,62
49.05,1547559996,626.52,51.48784584,7.41771713,148.81,16.03,0.00,178.99,0,-94.00,-11.00,0.00,0.00,46.00,0.00,0,274
50.05,1547559997,642.59,51.48770448,7.41772963,149.06,16.13,0.00,176.66,0,-102.00,-17.00,0.00,0.00,40.00,0.00,0,146
50.05,1547559997,642.61,51.48770448,7.41772963,149.06,16.13,0.00,176.66,0,-104.00,-18.00,0.00,0.00,39.00,0.00,0,339
50.05,1547559997,642.64,51.48770448,7.41772963,149.06,16.13,0.00,176.66,0,-105.00,-19.00,0.00,0.00,40.00,0.00,0,266
50.05,1547559997,642.66,51.48770448,7.41772963,149.06,16.13,0.00,176.66,0,-95.00,-11.00,0.00,0.00,45.00,0.00,0,274
51.05,1547559998,658.75,51.48757078,7.41775825,149.33,15.81,0.00,172.78,0,-102.00,-17.00,0.00,0.00,40.00,0.00,0,146
51.05,1547559998,658.78,51.48757078,7.41775825,149.33,15.81,0.00,172.78,0,-104.00,-18.00,0.00,0.00,39.00,0.00,0,339
51.05,1547559998,658.78,51.48757078,7.41775825,149.33,15.81,0.00,172.78,0,-105.00,-19.00,0.00,0.00,40.00,0.00,0,266
51.05,1547559998,658.80,51.48757078,7.41775825,149.33,15.81,0.00,172.78,0,-95.00,-11.00,0.00,0.00,45.00,0.00,0,274
52.04,1547559999,674.47,51.48744434,7.41784085,149.30,15.17,0.00,157.32,0,-99.00,-15.00,0.00,0.00,40.00,0.00,0,146
52.05,1547559999,674.48,51.48744434,7.41784085,149.30,15.17,0.00,157.32,0,-103.00,-17.00,0.00,0.00,39.00,0.00,0,339
52.05,1547559999,674.50,51.48744434,7.41784085,149.30,15.17,0.00,157.32,0,-104.00,-18.00,0.00,0.00,40.00,0.00,0,266
52.05,1547559999,674.50,51.48744434,7.41784085,149.30,15.17,0.00,157.32,0,-97.00,-12.00,0.00,0.00,44.00,0.00,0,274
52.05,1547559999,674.51,51.48744434,7.41784085,149.30,15.17,0.00,157.32,0,-102.00,-15.00,0.00,0.00,43.00,0.00,0,51
53.06,1547560000,689.94,51.48731647,7.41793795,149.00,15.64,0.00,154.43,0,-99.00,-15.00,0.00,0.00,40.00,0.00,0,146
53.07,1547560000,689.96,51.48731647,7.41793795,149.00,15.64,0.00,154.43,0,-103.00,-17.00,0.00,0.00,39.00,0.00,0,339
53.07,1547560000,689.97,51.48731647,7.41793795,149.00,15.64,0.00,154.43,0,-104.00,-18.00,0.00,0.00,40.00,0.00,0,266
53.07,1547560000,689.97,51.48731647,7.41793795,149.00,15.64,0.00,154.43,0,-97.00,-12.00,0.00,0.00,44.00,0.00,0,274
53.07,1547560000,689.99,51.48731647,7.41793795,149.00,15.64,0.00,154.43,0,-102.00,-15.00,0.00,0.00,43.00,0.00,0,51
54.05,1547560001,705.29,51.48720320,7.41809055,148.50,16.45,0.00,139.15,0,-103.00,-15.00,0.00,0.00,37.00,0.00,0,146
54.05,1547560001,705.30,51.48720320,7.41809055,148.50,16.45,0.00,139.15,0,-106.00,-18.00,0.00,0.00,37.00,0.00,0,266
54.05,1547560001,705.30,51.48720320,7.41809055,148.50,16.45,0.00,139.15,0,-108.00,-19.00,0.00,0.00,37.00,0.00,0,339
54.05,1547560001,705.32,51.48720320,7.41809055,148.50,16.45,0.00,139.15,0,-99.00,-10.00,0.00,0.00,40.00,0.00,0,274
54.05,1547560001,705.34,51.48720320,7.41809055,148.50,16.45,0.00,139.15,0,-103.00,-14.00,0.00,0.00,40.00,0.00,0,385
55.05,1547560002,721.84,51.48709948,7.41824325,148.00,15.84,0.00,137.01,0,-103.00,-15.00,0.00,0.00,37.00,0.00,0,146
55.05,1547560002,721.85,51.48709948,7.41824325,148.00,15.84,0.00,137.01,0,-106.00,-18.00,0.00,0.00,37.00,0.00,0,266
55.05,1547560002,721.87,51.48709948,7.41824325,148.00,15.84,0.00,137.01,0,-108.00,-19.00,0.00,0.00,37.00,0.00,0,339
55.05,1547560002,721.88,51.48709948,7.41824325,148.00,15.84,0.00,137.01,0,-99.00,-10.00,0.00,0.00,40.00,0.00,0,274
55.06,1547560002,721.90,51.48709948,7.41824325,148.00,15.84,0.00,137.01,0,-103.00,-14.00,0.00,0.00,40.00,0.00,0,385
56.05,1547560003,737.59,51.48700017,7.41838645,147.15,15.44,0.00,136.56,0,-102.00,-12.00,0.00,0.00,35.00,0.00,0,146
56.05,1547560003,737.61,51.48700017,7.41838645,147.15,15.44,0.00,136.56,0,-107.00,-15.00,0.00,0.00,34.00,0.00,0,339
56.05,1547560003,737.61,51.48700017,7.41838645,147.15,15.44,0.00,136.56,0,-108.00,-18.00,0.00,0.00,35.00,0.00,0,266
56.05,1547560003,737.62,51.48700017,7.41838645,147.15,15.44,0.00,136.56,0,-103.00,-10.00,0.00,0.00,36.00,0.00,0,274
57.04,1547560004,753.00,51.48690362,7.41852843,146.50,14.95,0.00,137.89,0,-102.00,-12.00,0.00,0.00,35.00,0.00,0,146
57.05,1547560004,753.01,51.48690362,7.41852843,146.50,14.95,0.00,137.89,0,-107.00,-15.00,0.00,0.00,34.00,0.00,0,339
57.05,1547560004,753.03,51.48690362,7.41852843,146.50,14.95,0.00,137.89,0,-108.00,-18.00,0.00,0.00,35.00,0.00,0,266
57.05,1547560004,753.04,51.48690362,7.41852843,146.50,14.95,0.00,137.89,0,-103.00,-10.00,0.00,0.00,36.00,0.00,0,274
58.04,1547560005,767.94,51.48677434,7.41863805,145.66,14.41,0.00,153.12,0,-101.00,-15.00,0.00,0.00,40.00,0.00,0,146
58.05,1547560005,767.96,51.48677434,7.41863805,145.66,14.41,0.00,153.12,0,-106.00,-20.00,0.00,0.00,40.00,0.00,0,266
58.05,1547560005,767.97,51.48677434,7.41863805,145.66,14.41,0.00,153.12,0,-106.00,-20.00,0.00,0.00,40.00,0.00,0,339
58.05,1547560005,767.97,51.48677434,7.41863805,145.66,14.41,0.00,153.12,0,-100.00,-9.00,0.00,0.00,38.00,0.00,0,274
59.05,1547560006,782.37,51.48664822,7.41871825,144.96,14.24,0.00,157.17,0,-101.00,-15.00,0.00,0.00,40.00,0.00,0,146
59.05,1547560006,782.38,51.48664822,7.41871825,144.96,14.24,0.00,157.17,0,-106.00,-20.00,0.00,0.00,40.00,0.00,0,266
59.05,1547560006,782.38,51.48664822,7.41871825,144.96,14.24,0.00,157.17,0,-106.00,-20.00,0.00,0.00,40.00,0.00,0,339
59.05,1547560006,782.39,51.48664822,7.41871825,144.96,14.24,0.00,157.17,0,-100.00,-9.00,0.00,0.00,38.00,0.00,0,274
60.04,1547560007,796.58,51.48652755,7.41873598,144.03,13.54,0.00,175.95,0,-101.00,-13.00,0.00,0.00,38.00,0.00,0,146
60.04,1547560007,796.59,51.48652755,7.41873598,144.03,13.54,0.00,175.95,0,-106.00,-19.00,0.00,0.00,38.00,0.00,0,266
60.05,1547560007,796.61,51.48652755,7.41873598,144.03,13.54,0.00,175.95,0,-96.00,-7.00,0.00,0.00,40.00,0.00,0,274
61.04,1547560008,810.14,51.48640830,7.41873675,142.68,13.66,0.00,179.21,0,-101.00,-13.00,0.00,0.00,38.00,0.00,0,146
61.04,1547560008,810.14,51.48640830,7.41873675,142.68,13.66,0.00,179.21,0,-106.00,-19.00,0.00,0.00,38.00,0.00,0,266
61.05,1547560008,810.15,51.48640830,7.41873675,142.68,13.66,0.00,179.21,0,-96.00,-7.00,0.00,0.00,40.00,0.00,0,274
62.04,1547560009,823.77,51.48629713,7.41869105,141.82,12.75,0.00,196.34,0,-98.00,-12.00,0.00,0.00,41.00,0.00,0,146
62.04,1547560009,823.78,51.48629713,7.41869105,141.82,12.75,0.00,196.34,0,-94.00,-7.00,0.00,0.00,42.00,0.00,0,274
63.04,1547560010,836.53,51.48617514,7.41863341,141.68,12.67,0.00,197.20,0,-98.00,-12.00,0.00,0.00,41.00,0.00,0,146
63.04,1547560010,836.53,51.48617514,7.41863341,141.68,12.67,0.00,197.20,0,-94.00,-7.00,0.00,0.00,42.00,0.00,0,274
64.05,1547560011,849.30,51.48606152,7.41857396,141.67,12.80,0.00,196.53,0,-97.00,-13.00,0.00,0.00,43.00,0.00,0,146
64.05,1547560011,849.30,51.48606152,7.41857396,141.67,12.80,0.00,196.53,0,-92.00,-7.00,0.00,0.00,45.00,0.00,0,274
65.05,1547560012,862.11,51.48595572,7.41853096,141.89,12.46,0.00,193.67,0,-97.00,-13.00,0.00,0.00,43.00,0.00,0,146
65.05,1547560012,862.14,51.48595572,7.41853096,141.89,12.46,0.00,193.67,0,-92.00,-7.00,0.00,0.00,45.00,0.00,0,274
66.04,1547560013,874.46,51.48585111,7.41850286,142.57,12.34,0.00,189.84,0,-97.00,-13.00,0.00,0.00,43.00,0.00,0,146
66.04,1547560013,874.47,51.48585111,7.41850286,142.57,12.34,0.00,189.84,0,-92.00,-7.00,0.00,0.00,45.00,0.00,0,274
67.04,1547560014,886.80,51.48573755,7.41852584,143.27,12.06,0.00,173.35,0,-100.00,-15.00,0.00,0.00,41.00,0.00,0,146
67.05,1547560014,886.82,51.48573755,7.41852584,143.27,12.06,0.00,173.35,0,-95.00,-8.00,0.00,0.00,42.00,0.00,0,274
68.04,1547560015,898.85,51.48562278,7.41855319,144.02,11.58,0.00,171.53,0,-100.00,-15.00,0.00,0.00,41.00,0.00,0,146
68.05,1547560015,898.87,51.48562278,7.41855319,144.02,11.58,0.00,171.53,0,-95.00,-8.00,0.00,0.00,42.00,0.00,0,274
69.04,1547560016,910.44,51.48551439,7.41858983,144.78,11.38,0.00,168.63,0,-102.00,-14.00,0.00,0.00,38.00,0.00,0,146
69.05,1547560016,910.45,51.48551439,7.41858983,144.78,11.38,0.00,168.63,0,-107.00,-19.00,0.00,0.00,37.00,0.00,0,339
69.05,1547560016,910.47,51.48551439,7.41858983,144.78,11.38,0.00,168.63,0,-99.00,-10.00,0.00,0.00,39.00,0.00,0,274
70.04,1547560017,921.78,51.48540633,7.41863652,145.54,11.76,0.00,164.79,0,-102.00,-14.00,0.00,0.00,38.00,0.00,0,146
70.04,1547560017,921.78,51.48540633,7.41863652,145.54,11.76,0.00,164.79,0,-107.00,-19.00,0.00,0.00,37.00,0.00,0,339
70.04,1547560017,921.79,51.48540633,7.41863652,145.54,11.76,0.00,164.79,0,-99.00,-10.00,0.00,0.00,39.00,0.00,0,274
71.04,1547560018,933.52,51.48530957,7.41869053,146.06,11.82,0.00,161.23,0,-98.00,-11.00,0.00,0.00,39.00,0.00,0,146
71.04,1547560018,933.52,51.48530957,7.41869053,146.06,11.82,0.00,161.23,0,-95.00,-8.00,0.00,0.00,43.00,0.00,0,274
72.04,1547560019,945.33,51.48521082,7.41875974,146.25,12.32,0.00,158.57,0,-98.00,-11.00,0.00,0.00,39.00,0.00,0,146
72.04,1547560019,945.33,51.48521082,7.41875974,146.25,12.32,0.00,158.57,0,-95.00,-8.00,0.00,0.00,43.00,0.00,0,274
73.04,1547560020,957.72,51.48511913,7.41883261,146.51,12.38,0.00,157.98,0,-104.00,-16.00,0.00,0.00,38.00,0.00,0,339
73.04,1547560020,957.73,51.48511913,7.41883261,146.51,12.38,0.00,157.98,0,-104.00,-16.00,0.00,0.00,38.00,0.00,0,61
74.04,1547560021,970.11,51.48503450,7.41889442,146.76,11.86,0.00,160.00,0,-104.00,-16.00,0.00,0.00,38.00,0.00,0,339
74.05,1547560021,970.12,51.48503450,7.41889442,146.76,11.86,0.00,160.00,0,-104.00,-16.00,0.00,0.00,38.00,0.00,0,61
75.05,1547560022,981.98,51.48493957,7.41891148,147.28,11.62,0.00,177.33,0,-103.00,-12.00,0.00,0.00,34.00,0.00,0,61
75.05,1547560022,981.98,51.48493957,7.41891148,147.28,11.62,0.00,177.33,0,-106.00,-14.00,0.00,0.00,33.00,0.00,0,339
75.05,1547560022,981.99,51.48493957,7.41891148,147.28,11.62,0.00,177.33,0,-108.00,-16.00,0.00,0.00,33.00,0.00,0,306
76.04,1547560023,993.52,51.48483331,7.41892363,147.79,11.72,0.00,178.78,0,-103.00,-12.00,0.00,0.00,34.00,0.00,0,61
76.04,1547560023,993.53,51.48483331,7.41892363,147.79,11.72,0.00,178.78,0,-106.00,-14.00,0.00,0.00,33.00,0.00,0,339
76.04,1547560023,993.53,51.48483331,7.41892363,147.79,11.72,0.00,178.78,0,-108.00,-16.00,0.00,0.00,33.00,0.00,0,306
77.04,1547560024,1005.31,51.48472509,7.41892532,148.20,12.36,0.00,180.74,0,-105.00,-14.00,0.00,0.00,34.00,0.00,0,339
77.04,1547560024,1005.31,51.48472509,7.41892532,148.20,12.36,0.00,180.74,0,-106.00,-14.00,0.00,0.00,34.00,0.00,0,61
77.05,1547560024,1005.32,51.48472509,7.41892532,148.20,12.36,0.00,180.74,0,-109.00,-17.00,0.00,0.00,34.00,0.00,0,306
78.04,1547560025,1017.62,51.48461344,7.41891455,148.41,12.88,0.00,184.24,0,-105.00,-14.00,0.00,0.00,34.00,0.00,0,339
78.04,1547560025,1017.62,51.48461344,7.41891455,148.41,12.88,0.00,184.24,0,-106.00,-14.00,0.00,0.00,34.00,0.00,0,61
78.04,1547560025,1017.63,51.48461344,7.41891455,148.41,12.88,0.00,184.24,0,-109.00,-17.00,0.00,0.00,34.00,0.00,0,306
79.04,1547560026,1030.55,51.48449992,7.41886229,148.73,13.19,0.00,198.07,0,-105.00,-12.00,0.00,0.00,34.00,0.00,0,61
79.05,1547560026,1030.56,51.48449992,7.41886229,148.73,13.19,0.00,198.07,0,-107.00,-15.00,0.00,0.00,33.00,0.00,0,266
79.05,1547560026,1030.58,51.48449992,7.41886229,148.73,13.19,0.00,198.07,0,-108.00,-16.00,0.00,0.00,33.00,0.00,0,339
80.04,1547560027,1043.74,51.48438350,7.41880042,149.26,13.55,0.00,199.84,0,-105.00,-12.00,0.00,0.00,34.00,0.00,0,61
80.04,1547560027,1043.74,51.48438350,7.41880042,149.26,13.55,0.00,199.84,0,-107.00,-15.00,0.00,0.00,33.00,0.00,0,266
80.05,1547560027,1043.75,51.48438350,7.41880042,149.26,13.55,0.00,199.84,0,-108.00,-16.00,0.00,0.00,33.00,0.00,0,339
81.04,1547560028,1057.29,51.48426950,7.41872569,149.54,14.27,0.00,202.76,0,-106.00,-15.00,0.00,0.00,34.00,0.00,0,266
81.05,1547560028,1057.30,51.48426950,7.41872569,149.54,14.27,0.00,202.76,0,-107.00,-16.00,0.00,0.00,35.00,0.00,0,306
81.05,1547560028,1057.32,51.48426950,7.41872569,149.54,14.27,0.00,202.76,0,-108.00,-16.00,0.00,0.00,34.00,0.00,0,61
81.05,1547560028,1057.33,51.48426950,7.41872569,149.54,14.27,0.00,202.76,0,-225.00,-225.00,0.00,0.00,63.00,0.00,0,166
82.04,1547560029,1071.56,51.48415323,7.41863771,149.47,14.75,0.00,205.52,0,-106.00,-15.00,0.00,0.00,34.00,0.00,0,266
82.05,1547560029,1071.58,51.48415323,7.41863771,149.47,14.75,0.00,205.52,0,-107.00,-16.00,0.00,0.00,35.00,0.00,0,306
82.05,1547560029,1071.59,51.48415323,7.41863771,149.47,14.75,0.00,205.52,0,-108.00,-16.00,0.00,0.00,34.00,0.00,0,61
82.05,1547560029,1071.61,51.48415323,7.41863771,149.47,14.75,0.00,205.52,0,-225.00,-225.00,0.00,0.00,63.00,0.00,0,166
83.04,1547560030,1086.26,51.48404263,7.41853874,149.31,14.75,0.00,208.11,0,-105.00,-16.00,0.00,0.00,37.00,0.00,0,306
83.04,1547560030,1086.26,51.48404263,7.41853874,149.31,14.75,0.00,208.11,0,-106.00,-17.00,0.00,0.00,37.00,0.00,0,266
83.04,1547560030,1086.26,51.48404263,7.41853874,149.31,14.75,0.00,208.11,0,-106.00,-17.00,0.00,0.00,37.00,0.00,0,61
84.04,1547560031,1101.05,51.48392345,7.41842258,149.13,14.48,0.00,210.10,0,-105.00,-16.00,0.00,0.00,37.00,0.00,0,306
84.04,1547560031,1101.05,51.48392345,7.41842258,149.13,14.48,0.00,210.10,0,-106.00,-17.00,0.00,0.00,37.00,0.00,0,266
84.04,1547560031,1101.06,51.48392345,7.41842258,149.13,14.48,0.00,210.10,0,-106.00,-17.00,0.00,0.00,37.00,0.00,0,61
85.05,1547560032,1115.69,51.48381270,7.41830597,149.17,14.34,0.00,211.43,0,-103.00,-14.00,0.00,0.00,37.00,0.00,0,306
85.06,1547560032,1115.70,51.48381270,7.41830597,149.17,14.34,0.00,211.43,0,-105.00,-17.00,0.00,0.00,37.00,0.00,0,339
85.06,1547560032,1115.70,51.48381270,7.41830597,149.17,14.34,0.00,211.43,0,-225.00,-225.00,0.00,0.00,63.00,0.00,0,166
85.06,1547560032,1115.72,51.48381270,7.41830597,149.17,14.34,0.00,211.43,0,-225.00,-225.00,0.00,0.00,63.00,0.00,0,128
86.05,1547560033,1129.93,51.48370297,7.41819156,149.04,14.22,0.00,212.27,0,-103.00,-14.00,0.00,0.00,37.00,0.00,0,306
86.05,1547560033,1129.93,51.48370297,7.41819156,149.04,14.22,0.00,212.27,0,-105.00,-17.00,0.00,0.00,37.00,0.00,0,339
86.05,1547560033,1129.94,51.48370297,7.41819156,149.04,14.22,0.00,212.27,0,-225.00,-225.00,0.00,0.00,63.00,0.00,0,166
86.05,1547560033,1129.96,51.48370297,7.41819156,149.04,14.22,0.00,212.27,0,-225.00,-225.00,0.00,0.00,63.00,0.00,0,128
87.05,1547560034,1144.12,51.48359127,7.41806904,148.63,14.12,0.00,212.82,0,-103.00,-14.00,0.00,0.00,37.00,0.00,0,306
87.05,1547560034,1144.13,51.48359127,7.41806904,148.63,14.12,0.00,212.82,0,-105.00,-17.00,0.00,0.00,37.00,0.00,0,339
87.05,1547560034,1144.14,51.48359127,7.41806904,148.63,14.12,0.00,212.82,0,-225.00,-225.00,0.00,0.00,63.00,0.00,0,166
87.05,1547560034,1144.16,51.48359127,7.41806904,148.63,14.12,0.00,212.82,0,-225.00,-225.00,0.00,0.00,63.00,0.00,0,128
88.04,1547560035,1158.23,51.48348828,7.41795361,148.11,14.15,0.00,213.32,0,-104.00,-17.00,0.00,0.00,38.00,0.00,0,339
88.05,1547560035,1158.24,51.48348828,7.41795361,148.11,14.15,0.00,213.32,0,-106.00,-18.00,0.00,0.00,38.00,0.00,0,306
88.05,1547560035,1158.24,51.48348828,7.41795361,148.11,14.15,0.00,213.32,0,-107.00,-19.00,0.00,0.00,38.00,0.00,0,377
88.05,1547560035,1158.26,51.48348828,7.41795361,148.11,14.15,0.00,213.32,0,-225.00,-225.00,0.00,0.00,63.00,0.00,0,166
89.05,1547560036,1172.40,51.48339042,7.41784276,147.68,14.43,0.00,212.92,0,-104.00,-17.00,0.00,0.00,38.00,0.00,0,339
89.05,1547560036,1172.42,51.48339042,7.41784276,147.68,14.43,0.00,212.92,0,-106.00,-18.00,0.00,0.00,38.00,0.00,0,306
89.05,1547560036,1172.43,51.48339042,7.41784276,147.68,14.43,0.00,212.92,0,-107.00,-19.00,0.00,0.00,38.00,0.00,0,377
89.05,1547560036,1172.45,51.48339042,7.41784276,147.68,14.43,0.00,212.92,0,-225.00,-225.00,0.00,0.00,63.00,0.00,0,166
90.04,1547560037,1186.81,51.48328912,7.41773100,147.52,14.55,0.00,212.18,0,-106.00,-18.00,0.00,0.00,39.00,0.00,0,266
90.05,1547560037,1186.82,51.48328912,7.41773100,147.52,14.55,0.00,212.18,0,-106.00,-18.00,0.00,0.00,39.00,0.00,0,306
90.05,1547560037,1186.84,51.48328912,7.41773100,147.52,14.55,0.00,212.18,0,-106.00,-19.00,0.00,0.00,39.00,0.00,0,339
91.04,1547560038,1201.36,51.48318830,7.41762947,147.39,14.32,0.00,211.03,0,-106.00,-18.00,0.00,0.00,39.00,0.00,0,266
91.05,1547560038,1201.37,51.48318830,7.41762947,147.39,14.32,0.00,211.03,0,-106.00,-18.00,0.00,0.00,39.00,0.00,0,306
91.05,1547560038,1201.38,51.48318830,7.41762947,147.39,14.32,0.00,211.03,0,-106.00,-19.00,0.00,0.00,39.00,0.00,0,339
94.05,1547560041,1243.95,51.48283478,7.41733536,146.70,13.83,0.00,205.83,0,-105.00,-15.00,0.00,0.00,35.00,0.00,0,61
94.05,1547560041,1243.96,51.48283478,7.41733536,146.70,13.83,0.00,205.83,0,-107.00,-17.00,0.00,0.00,36.00,0.00,0,377
94.05,1547560041,1243.98,51.48283478,7.41733536,146.70,13.83,0.00,205.83,0,-107.00,-16.00,0.00,0.00,34.00,0.00,0,266
95.04,1547560042,1257.76,51.48271497,7.41724994,146.79,13.80,0.00,204.38,0,-105.00,-15.00,0.00,0.00,35.00,0.00,0,61
95.05,1547560042,1257.77,51.48271497,7.41724994,146.79,13.80,0.00,204.38,0,-107.00,-17.00,0.00,0.00,36.00,0.00,0,377
95.05,1547560042,1257.79,51.48271497,7.41724994,146.79,13.80,0.00,204.38,0,-107.00,-16.00,0.00,0.00,34.00,0.00,0,266
96.04,1547560043,1271.55,51.48260080,7.41717086,147.18,13.78,0.00,203.60,0,-101.00,-16.00,0.00,0.00,40.00,0.00,0,266
97.04,1547560044,1285.33,51.48247978,7.41709416,147.72,14.00,0.00,202.82,0,-101.00,-16.00,0.00,0.00,40.00,0.00,0,266
98.04,1547560045,1299.31,51.48236197,7.41702263,148.32,14.40,0.00,201.74,0,-104.00,-19.00,0.00,0.00,41.00,0.00,0,61
99.04,1547560046,1313.69,51.48223653,7.41695143,148.92,14.58,0.00,200.58,0,-104.00,-19.00,0.00,0.00,41.00,0.00,0,61
100.04,1547560047,1328.30,51.48210847,7.41687998,149.54,14.83,0.00,199.79,0,-100.00,-16.00,0.00,0.00,41.00,0.00,0,27
100.04,1547560047,1328.32,51.48210847,7.41687998,149.54,14.83,0.00,199.79,0,-103.00,-19.00,0.00,0.00,41.00,0.00,0,266
101.04,1547560048,1343.15,51.48198704,7.41681494,150.17,14.21,0.00,200.39,0,-100.00,-16.00,0.00,0.00,41.00,0.00,0,27
101.05,1547560048,1343.16,51.48198704,7.41681494,150.17,14.21,0.00,200.39,0,-103.00,-19.00,0.00,0.00,41.00,0.00,0,266
102.05,1547560049,1357.36,51.48188308,7.41675853,151.01,12.01,0.00,200.97,0,-99.00,-17.00,0.00,0.00,43.00,0.00,0,27
102.05,1547560049,1357.36,51.48188308,7.41675853,151.01,12.01,0.00,200.97,0,-99.00,-18.00,0.00,0.00,44.00,0.00,0,134
102.05,1547560049,1357.38,51.48188308,7.41675853,151.01,12.01,0.00,200.97,0,-101.00,-19.00,0.00,0.00,43.00,0.00,0,266
103.04,1547560050,1369.35,51.48179397,7.41671147,151.85,9.51,0.00,201.56,0,-99.00,-17.00,0.00,0.00,43.00,0.00,0,27
103.05,1547560050,1369.36,51.48179397,7.41671147,151.85,9.51,0.00,201.56,0,-99.00,-18.00,0.00,0.00,44.00,0.00,0,134
103.05,1547560050,1369.36,51.48179397,7.41671147,151.85,9.51,0.00,201.56,0,-101.00,-19.00,0.00,0.00,43.00,0.00,0,266
104.04,1547560051,1378.86,51.48172372,7.41667312,152.73,7.01,0.00,201.93,0,-97.00,-14.00,0.00,0.00,44.00,0.00,0,134
104.04,1547560051,1378.86,51.48172372,7.41667312,152.73,7.01,0.00,201.93,0,-99.00,-17.00,0.00,0.00,43.00,0.00,0,27
104.05,1547560051,1378.87,51.48172372,7.41667312,152.73,7.01,0.00,201.93,0,-102.00,-19.00,0.00,0.00,44.00,0.00,0,266
105.04,1547560052,1385.86,51.48167469,7.41664420,153.49,4.87,0.00,202.86,0,-97.00,-14.00,0.00,0.00,44.00,0.00,0,134
105.05,1547560052,1385.87,51.48167469,7.41664420,153.49,4.87,0.00,202.86,0,-99.00,-17.00,0.00,0.00,43.00,0.00,0,27
105.05,1547560052,1385.87,51.48167469,7.41664420,153.49,4.87,0.00,202.86,0,-102.00,-19.00,0.00,0.00,44.00,0.00,0,266
106.05,1547560053,1390.77,51.48162939,7.41661714,153.55,3.10,0.00,201.61,0,-93.00,-12.00,0.00,0.00,45.00,0.00,0,134
106.05,1547560053,1390.77,51.48162939,7.41661714,153.55,3.10,0.00,201.61,0,-99.00,-17.00,0.00,0.00,44.00,0.00,0,27
107.04,1547560054,1393.84,51.48162939,7.41661714,153.56,0.00,0.00,201.61,0,-93.00,-12.00,0.00,0.00,45.00,0.00,0,134
107.04,1547560054,1393.84,51.48162939,7.41661714,153.56,0.00,0.00,201.61,0,-99.00,-17.00,0.00,0.00,44.00,0.00,0,27
108.04,1547560055,1393.84,51.48162939,7.41661714,153.56,0.00,0.00,201.61,0,-93.00,-12.00,0.00,0.00,45.00,0.00,0,134
108.04,1547560055,1393.84,51.48162939,7.41661714,153.56,0.00,0.00,201.61,0,-99.00,-17.00,0.00,0.00,44.00,0.00,0,27
109.04,1547560056,1393.84,51.48162939,7.41661714,153.57,0.00,0.00,201.61,0,-95.00,-14.00,0.00,0.00,44.00,0.00,0,134
109.04,1547560056,1393.84,51.48162939,7.41661714,153.57,0.00,0.00,201.61,0,-98.00,-16.00,0.00,0.00,43.00,0.00,0,27
109.05,1547560056,1393.84,51.48162939,7.41661714,153.57,0.00,0.00,201.61,0,-102.00,-20.00,0.00,0.00,43.00,0.00,0,306
110.04,1547560057,1393.84,51.48162939,7.41661714,153.57,0.00,0.00,201.61,0,-95.00,-14.00,0.00,0.00,44.00,0.00,0,134
110.04,1547560057,1393.84,51.48162939,7.41661714,153.57,0.00,0.00,201.61,0,-98.00,-16.00,0.00,0.00,43.00,0.00,0,27
110.04,1547560057,1393.84,51.48162939,7.41661714,153.57,0.00,0.00,201.61,0,-102.00,-20.00,0.00,0.00,43.00,0.00,0,306
111.05,1547560058,1393.84,51.48162939,7.41661714,153.57,0.00,0.00,201.61,0,-95.00,-13.00,0.00,0.00,42.00,0.00,0,27
111.05,1547560058,1393.84,51.48162939,7.41661714,153.57,0.00,0.00,201.61,0,-96.00,-13.00,0.00,0.00,43.00,0.00,0,134
112.04,1547560059,1393.84,51.48162939,7.41661714,153.57,0.00,0.00,201.61,0,-95.00,-13.00,0.00,0.00,42.00,0.00,0,27
112.04,1547560059,1393.84,51.48162939,7.41661714,153.57,0.00,0.00,201.61,0,-96.00,-13.00,0.00,0.00,43.00,0.00,0,134
113.04,1547560060,1393.84,51.48162939,7.41661714,153.57,0.00,0.00,201.61,0,-96.00,-13.00,0.00,0.00,42.00,0.00,0,134
113.05,1547560060,1393.84,51.48162939,7.41661714,153.57,0.00,0.00,201.61,0,-97.00,-14.00,0.00,0.00,42.00,0.00,0,146
113.05,1547560060,1393.84,51.48162939,7.41661714,153.57,0.00,0.00,201.61,0,-102.00,-19.00,0.00,0.00,42.00,0.00,0,306
113.05,1547560060,1393.84,51.48162939,7.41661714,153.57,0.00,0.00,201.61,0,-90.00,-16.00,0.00,0.00,55.00,0.00,0,137
114.05,1547560061,1393.84,51.48162939,7.41661714,153.57,0.00,0.00,199.08,0,-96.00,-13.00,0.00,0.00,42.00,0.00,0,134
114.05,1547560061,1393.84,51.48162939,7.41661714,153.57,0.00,0.00,199.08,0,-97.00,-14.00,0.00,0.00,42.00,0.00,0,146
114.05,1547560061,1393.84,51.48162939,7.41661714,153.57,0.00,0.00,199.08,0,-102.00,-19.00,0.00,0.00,42.00,0.00,0,306
114.05,1547560061,1393.84,51.48162939,7.41661714,153.57,0.00,0.00,199.08,0,-90.00,-16.00,0.00,0.00,55.00,0.00,0,137
115.05,1547560062,1393.84,51.48157539,7.41658844,153.55,0.00,0.00,198.52,0,-96.00,-15.00,0.00,0.00,44.00,0.00,0,146
115.05,1547560062,1393.84,51.48157539,7.41658844,153.55,0.00,0.00,198.52,0,-97.00,-16.00,0.00,0.00,44.00,0.00,0,134
115.05,1547560062,1393.84,51.48157539,7.41658844,153.55,0.00,0.00,198.52,0,-101.00,-20.00,0.00,0.00,44.00,0.00,0,339
115.05,1547560062,1393.84,51.48157539,7.41658844,153.55,0.00,0.00,198.52,0,-93.00,-15.00,0.00,0.00,51.00,0.00,0,137
115.05,1547560062,1393.84,51.48157539,7.41658844,153.55,0.00,0.00,198.52,0,-97.00,-20.00,0.00,0.00,51.00,0.00,0,274
116.05,1547560063,1393.84,51.48154210,7.41657054,153.54,3.38,0.00,198.05,0,-96.00,-15.00,0.00,0.00,44.00,0.00,0,146
116.05,1547560063,1393.84,51.48154210,7.41657054,153.54,3.38,0.00,198.05,0,-97.00,-16.00,0.00,0.00,44.00,0.00,0,134
116.05,1547560063,1393.85,51.48154210,7.41657054,153.54,3.38,0.00,198.05,0,-101.00,-20.00,0.00,0.00,44.00,0.00,0,339
116.05,1547560063,1393.85,51.48154210,7.41657054,153.54,3.38,0.00,198.05,0,-93.00,-15.00,0.00,0.00,51.00,0.00,0,137
116.05,1547560063,1393.85,51.48154210,7.41657054,153.54,3.38,0.00,198.05,0,-97.00,-20.00,0.00,0.00,51.00,0.00,0,274
117.04,1547560064,1397.21,51.48151137,7.41655675,153.53,2.97,0.00,196.77,0,-94.00,-16.00,0.00,0.00,48.00,0.00,0,134
117.05,1547560064,1397.22,51.48151137,7.41655675,153.53,2.97,0.00,196.77,0,-95.00,-16.00,0.00,0.00,47.00,0.00,0,146
118.04,1547560065,1400.18,51.48148449,7.41654822,153.52,2.76,0.00,194.59,0,-94.00,-16.00,0.00,0.00,48.00,0.00,0,134
118.04,1547560065,1400.18,51.48148449,7.41654822,153.52,2.76,0.00,194.59,0,-95.00,-16.00,0.00,0.00,47.00,0.00,0,146
119.04,1547560066,1402.94,51.48145153,7.41657957,153.62,4.76,0.00,145.17,0,-89.00,-15.00,0.00,0.00,52.00,0.00,0,146
119.04,1547560066,1402.95,51.48145153,7.41657957,153.62,4.76,0.00,145.17,0,-90.00,-17.00,0.00,0.00,57.00,0.00,0,137
120.04,1547560067,1407.69,51.48142174,7.41666465,153.85,7.20,0.00,117.27,0,-89.00,-15.00,0.00,0.00,52.00,0.00,0,146
120.04,1547560067,1407.70,51.48142174,7.41666465,153.85,7.20,0.00,117.27,0,-90.00,-17.00,0.00,0.00,57.00,0.00,0,137
121.04,1547560068,1414.93,51.48141549,7.41677530,154.07,9.35,0.00,97.32,0,-92.00,-15.00,0.00,0.00,49.00,0.00,0,146
121.05,1547560068,1414.94,51.48141549,7.41677530,154.07,9.35,0.00,97.32,0,-96.00,-19.00,0.00,0.00,49.00,0.00,0,266
121.05,1547560068,1414.94,51.48141549,7.41677530,154.07,9.35,0.00,97.32,0,-90.00,-16.00,0.00,0.00,54.00,0.00,0,137
121.05,1547560068,1414.95,51.48141549,7.41677530,154.07,9.35,0.00,97.32,0,-95.00,-19.00,0.00,0.00,54.00,0.00,0,274
122.05,1547560069,1424.29,51.48141701,7.41694303,153.89,10.98,0.00,83.30,0,-92.00,-15.00,0.00,0.00,49.00,0.00,0,146
122.05,1547560069,1424.30,51.48141701,7.41694303,153.89,10.98,0.00,83.30,0,-96.00,-19.00,0.00,0.00,49.00,0.00,0,266
122.05,1547560069,1424.30,51.48141701,7.41694303,153.89,10.98,0.00,83.30,0,-90.00,-16.00,0.00,0.00,54.00,0.00,0,137
122.05,1547560069,1424.31,51.48141701,7.41694303,153.89,10.98,0.00,83.30,0,-95.00,-19.00,0.00,0.00,54.00,0.00,0,274
123.04,1547560070,1435.25,51.48142549,7.41709928,153.79,12.38,0.00,82.72,0,-88.00,-14.00,0.00,0.00,56.00,0.00,0,274
123.04,1547560070,1435.25,51.48142549,7.41709928,153.79,12.38,0.00,82.72,0,-92.00,-19.00,0.00,0.00,56.00,0.00,0,137
124.04,1547560071,1447.64,51.48143907,7.41727497,153.69,13.42,0.00,82.25,0,-88.00,-14.00,0.00,0.00,56.00,0.00,0,274
124.05,1547560071,1447.66,51.48143907,7.41727497,153.69,13.42,0.00,82.25,0,-92.00,-19.00,0.00,0.00,56.00,0.00,0,137
125.04,1547560072,1461.06,51.48145637,7.41746919,153.46,14.39,0.00,81.65,0,-92.00,-15.00,0.00,0.00,50.00,0.00,0,134
125.05,1547560072,1461.07,51.48145637,7.41746919,153.46,14.39,0.00,81.65,0,-96.00,-19.00,0.00,0.00,49.00,0.00,0,61
125.05,1547560072,1461.09,51.48145637,7.41746919,153.46,14.39,0.00,81.65,0,-84.00,-12.00,0.00,0.00,57.00,0.00,0,137
125.05,1547560072,1461.10,51.48145637,7.41746919,153.46,14.39,0.00,81.65,0,-85.00,-11.00,0.00,0.00,55.00,0.00,0,274
126.05,1547560073,1475.47,51.48147218,7.41768582,153.15,14.96,0.00,80.83,0,-92.00,-15.00,0.00,0.00,50.00,0.00,0,134
126.05,1547560073,1475.47,51.48147218,7.41768582,153.15,14.96,0.00,80.83,0,-96.00,-19.00,0.00,0.00,49.00,0.00,0,61
126.05,1547560073,1475.48,51.48147218,7.41768582,153.15,14.96,0.00,80.83,0,-84.00,-12.00,0.00,0.00,57.00,0.00,0,137
126.05,1547560073,1475.50,51.48147218,7.41768582,153.15,14.96,0.00,80.83,0,-85.00,-11.00,0.00,0.00,55.00,0.00,0,274
127.05,1547560074,1490.55,51.48149139,7.41791555,153.49,15.54,0.00,82.56,0,-94.00,-15.00,0.00,0.00,47.00,0.00,0,134
127.05,1547560074,1490.56,51.48149139,7.41791555,153.49,15.54,0.00,82.56,0,-95.00,-16.00,0.00,0.00,47.00,0.00,0,61
127.06,1547560074,1490.58,51.48149139,7.41791555,153.49,15.54,0.00,82.56,0,-98.00,-19.00,0.00,0.00,47.00,0.00,0,146
127.06,1547560074,1490.58,51.48149139,7.41791555,153.49,15.54,0.00,82.56,0,-85.00,-11.00,0.00,0.00,55.00,0.00,0,137
127.06,1547560074,1490.59,51.48149139,7.41791555,153.49,15.54,0.00,82.56,0,-90.00,-13.00,0.00,0.00,54.00,0.00,0,274
128.04,1547560075,1505.95,51.48151034,7.41813981,153.60,15.88,0.00,83.69,0,-94.00,-15.00,0.00,0.00,47.00,0.00,0,134
128.05,1547560075,1505.97,51.48151034,7.41813981,153.60,15.88,0.00,83.69,0,-95.00,-16.00,0.00,0.00,47.00,0.00,0,61
128.05,1547560075,1505.97,51.48151034,7.41813981,153.60,15.88,0.00,83.69,0,-98.00,-19.00,0.00,0.00,47.00,0.00,0,146
128.05,1547560075,1505.98,51.48151034,7.41813981,153.60,15.88,0.00,83.69,0,-85.00,-11.00,0.00,0.00,55.00,0.00,0,137
128.05,1547560075,1506.00,51.48151034,7.41813981,153.60,15.88,0.00,83.69,0,-90.00,-13.00,0.00,0.00,54.00,0.00,0,274
129.04,1547560076,1521.83,51.48152560,7.41837999,153.48,16.65,0.00,84.12,0,-94.00,-15.00,0.00,0.00,47.00,0.00,0,134
129.05,1547560076,1521.85,51.48152560,7.41837999,153.48,16.65,0.00,84.12,0,-95.00,-16.00,0.00,0.00,47.00,0.00,0,61
129.05,1547560076,1521.87,51.48152560,7.41837999,153.48,16.65,0.00,84.12,0,-98.00,-19.00,0.00,0.00,47.00,0.00,0,146
129.05,1547560076,1521.87,51.48152560,7.41837999,153.48,16.65,0.00,84.12,0,-85.00,-11.00,0.00,0.00,55.00,0.00,0,137
129.05,1547560076,1521.88,51.48152560,7.41837999,153.48,16.65,0.00,84.12,0,-90.00,-13.00,0.00,0.00,54.00,0.00,0,274
130.04,1547560077,1538.48,51.48153607,7.41861869,153.39,16.68,0.00,84.27,0,-94.00,-17.00,0.00,0.00,48.00,0.00,0,61
130.05,1547560077,1538.50,51.48153607,7.41861869,153.39,16.68,0.00,84.27,0,-96.00,-19.00,0.00,0.00,48.00,0.00,0,266
130.05,1547560077,1538.52,51.48153607,7.41861869,153.39,16.68,0.00,84.27,0,-87.00,-12.00,0.00,0.00,54.00,0.00,0,274
131.05,1547560078,1555.19,51.48154631,7.41886018,153.29,16.91,0.00,85.00,0,-94.00,-17.00,0.00,0.00,48.00,0.00,0,61
131.05,1547560078,1555.21,51.48154631,7.41886018,153.29,16.91,0.00,85.00,0,-96.00,-19.00,0.00,0.00,48.00,0.00,0,266
131.05,1547560078,1555.23,51.48154631,7.41886018,153.29,16.91,0.00,85.00,0,-87.00,-12.00,0.00,0.00,54.00,0.00,0,274
132.04,1547560079,1572.07,51.48155925,7.41911398,153.17,17.25,0.00,84.53,0,-90.00,-15.00,0.00,0.00,49.00,0.00,0,306
132.05,1547560079,1572.09,51.48155925,7.41911398,153.17,17.25,0.00,84.53,0,-93.00,-15.00,0.00,0.00,49.00,0.00,0,339
132.05,1547560079,1572.10,51.48155925,7.41911398,153.17,17.25,0.00,84.53,0,-94.00,-17.00,0.00,0.00,49.00,0.00,0,61
132.05,1547560079,1572.10,51.48155925,7.41911398,153.17,17.25,0.00,84.53,0,-83.00,-10.00,0.00,0.00,56.00,0.00,0,274
132.05,1547560079,1572.12,51.48155925,7.41911398,153.17,17.25,0.00,84.53,0,-88.00,-14.00,0.00,0.00,56.00,0.00,0,137
133.04,1547560080,1589.25,51.48156834,7.41935704,152.48,17.07,0.00,84.92,0,-90.00,-15.00,0.00,0.00,49.00,0.00,0,306
133.04,1547560080,1589.27,51.48156834,7.41935704,152.48,17.07,0.00,84.92,0,-93.00,-15.00,0.00,0.00,49.00,0.00,0,339
133.04,1547560080,1589.27,51.48156834,7.41935704,152.48,17.07,0.00,84.92,0,-94.00,-17.00,0.00,0.00,49.00,0.00,0,61
133.04,1547560080,1589.27,51.48156834,7.41935704,152.48,17.07,0.00,84.92,0,-83.00,-10.00,0.00,0.00,56.00,0.00,0,274
133.04,1547560080,1589.29,51.48156834,7.41935704,152.48,17.07,0.00,84.92,0,-88.00,-14.00,0.00,0.00,56.00,0.00,0,137
134.04,1547560081,1606.33,51.48158091,7.41960806,151.66,17.51,0.00,85.87,0,-95.00,-15.00,0.00,0.00,47.00,0.00,0,339
134.04,1547560081,1606.34,51.48158091,7.41960806,151.66,17.51,0.00,85.87,0,-96.00,-17.00,0.00,0.00,46.00,0.00,0,135
134.04,1547560081,1606.34,51.48158091,7.41960806,151.66,17.51,0.00,85.87,0,-96.00,-16.00,0.00,0.00,47.00,0.00,0,27
134.04,1547560081,1606.34,51.48158091,7.41960806,151.66,17.51,0.00,85.87,0,-81.00,-13.00,0.00,0.00,60.00,0.00,0,136
135.05,1547560082,1623.92,51.48159267,7.41985909,150.86,17.62,0.00,85.46,0,-95.00,-15.00,0.00,0.00,47.00,0.00,0,339
135.05,1547560082,1623.94,51.48159267,7.41985909,150.86,17.62,0.00,85.46,0,-96.00,-17.00,0.00,0.00,46.00,0.00,0,135
135.05,1547560082,1623.96,51.48159267,7.41985909,150.86,17.62,0.00,85.46,0,-96.00,-16.00,0.00,0.00,47.00,0.00,0,27
135.05,1547560082,1623.98,51.48159267,7.41985909,150.86,17.62,0.00,85.46,0,-81.00,-13.00,0.00,0.00,60.00,0.00,0,136
136.05,1547560083,1641.68,51.48160631,7.42011068,149.99,17.78,0.00,84.78,0,-92.00,-14.00,0.00,0.00,48.00,0.00,0,306
136.05,1547560083,1641.68,51.48160631,7.42011068,149.99,17.78,0.00,84.78,0,-96.00,-17.00,0.00,0.00,48.00,0.00,0,61
136.05,1547560083,1641.70,51.48160631,7.42011068,149.99,17.78,0.00,84.78,0,-96.00,-17.00,0.00,0.00,47.00,0.00,0,27
136.05,1547560083,1641.70,51.48160631,7.42011068,149.99,17.78,0.00,84.78,0,-87.00,-14.00,0.00,0.00,57.00,0.00,0,136
137.05,1547560084,1659.32,51.48162007,7.42036850,149.14,17.94,0.00,84.84,0,-92.00,-14.00,0.00,0.00,48.00,0.00,0,306
137.05,1547560084,1659.34,51.48162007,7.42036850,149.14,17.94,0.00,84.84,0,-96.00,-17.00,0.00,0.00,48.00,0.00,0,61
137.05,1547560084,1659.36,51.48162007,7.42036850,149.14,17.94,0.00,84.84,0,-96.00,-17.00,0.00,0.00,47.00,0.00,0,27
137.05,1547560084,1659.36,51.48162007,7.42036850,149.14,17.94,0.00,84.84,0,-87.00,-14.00,0.00,0.00,57.00,0.00,0,136
138.04,1547560085,1677.24,51.48163439,7.42062725,148.18,18.01,0.00,84.25,0,-95.00,-14.00,0.00,0.00,45.00,0.00,0,135
138.05,1547560085,1677.26,51.48163439,7.42062725,148.18,18.01,0.00,84.25,0,-99.00,-17.00,0.00,0.00,44.00,0.00,0,27
138.05,1547560085,1677.26,51.48163439,7.42062725,148.18,18.01,0.00,84.25,0,-99.00,-18.00,0.00,0.00,44.00,0.00,0,306
139.04,1547560086,1695.23,51.48164976,7.42089183,147.29,18.06,0.00,83.80,0,-95.00,-14.00,0.00,0.00,45.00,0.00,0,135
139.04,1547560086,1695.25,51.48164976,7.42089183,147.29,18.06,0.00,83.80,0,-99.00,-17.00,0.00,0.00,44.00,0.00,0,27
139.05,1547560086,1695.27,51.48164976,7.42089183,147.29,18.06,0.00,83.80,0,-99.00,-18.00,0.00,0.00,44.00,0.00,0,306
140.04,1547560087,1713.22,51.48166931,7.42114978,146.16,18.31,0.00,82.41,0,-91.00,-15.00,0.00,0.00,53.00,0.00,0,137
141.04,1547560088,1731.52,51.48169529,7.42140926,145.33,18.40,0.00,81.07,0,-91.00,-15.00,0.00,0.00,53.00,0.00,0,137
142.04,1547560089,1750.02,51.48172487,7.42166651,144.87,18.37,0.00,80.04,0,-99.00,-16.00,0.00,0.00,42.00,0.00,0,266
142.05,1547560089,1750.04,51.48172487,7.42166651,144.87,18.37,0.00,80.04,0,-101.00,-17.00,0.00,0.00,42.00,0.00,0,27
142.05,1547560089,1750.06,51.48172487,7.42166651,144.87,18.37,0.00,80.04,0,-103.00,-20.00,0.00,0.00,42.00,0.00,0,134
142.05,1547560089,1750.06,51.48172487,7.42166651,144.87,18.37,0.00,80.04,0,-91.00,-15.00,0.00,0.00,53.00,0.00,0,137
143.05,1547560090,1768.41,51.48175531,7.42192292,144.45,18.47,0.00,79.22,0,-99.00,-16.00,0.00,0.00,42.00,0.00,0,266
143.05,1547560090,1768.41,51.48175531,7.42192292,144.45,18.47,0.00,79.22,0,-101.00,-17.00,0.00,0.00,42.00,0.00,0,27
143.05,1547560090,1768.43,51.48175531,7.42192292,144.45,18.47,0.00,79.22,0,-103.00,-20.00,0.00,0.00,42.00,0.00,0,134
143.05,1547560090,1768.45,51.48175531,7.42192292,144.45,18.47,0.00,79.22,0,-91.00,-15.00,0.00,0.00,53.00,0.00,0,137
144.05,1547560091,1786.88,51.48179119,7.42219673,143.87,18.73,0.00,78.33,0,-101.00,-14.00,0.00,0.00,40.00,0.00,0,27
144.05,1547560091,1786.90,51.48179119,7.42219673,143.87,18.73,0.00,78.33,0,-102.00,-15.00,0.00,0.00,39.00,0.00,0,266
144.05,1547560091,1786.90,51.48179119,7.42219673,143.87,18.73,0.00,78.33,0,-105.00,-19.00,0.00,0.00,39.00,0.00,0,458
144.05,1547560091,1786.92,51.48179119,7.42219673,143.87,18.73,0.00,78.33,0,-95.00,-15.00,0.00,0.00,49.00,0.00,0,386
144.05,1547560091,1786.94,51.48179119,7.42219673,143.87,18.73,0.00,78.33,0,-99.00,-17.00,0.00,0.00,47.00,0.00,0,51
145.04,1547560092,1805.59,51.48182818,7.42245268,143.21,18.85,0.00,77.63,0,-101.00,-14.00,0.00,0.00,40.00,0.00,0,27
145.05,1547560092,1805.61,51.48182818,7.42245268,143.21,18.85,0.00,77.63,0,-102.00,-15.00,0.00,0.00,39.00,0.00,0,266
145.05,1547560092,1805.63,51.48182818,7.42245268,143.21,18.85,0.00,77.63,0,-105.00,-19.00,0.00,0.00,39.00,0.00,0,458
145.05,1547560092,1805.65,51.48182818,7.42245268,143.21,18.85,0.00,77.63,0,-95.00,-15.00,0.00,0.00,49.00,0.00,0,386
145.05,1547560092,1805.67,51.48182818,7.42245268,143.21,18.85,0.00,77.63,0,-99.00,-17.00,0.00,0.00,47.00,0.00,0,51
146.04,1547560093,1824.42,51.48186793,7.42271361,142.36,18.55,0.00,77.22,0,-101.00,-16.00,0.00,0.00,41.00,0.00,0,27
146.04,1547560093,1824.44,51.48186793,7.42271361,142.36,18.55,0.00,77.22,0,-102.00,-17.00,0.00,0.00,41.00,0.00,0,339
146.05,1547560093,1824.46,51.48186793,7.42271361,142.36,18.55,0.00,77.22,0,-104.00,-19.00,0.00,0.00,41.00,0.00,0,458
147.04,1547560094,1842.99,51.48190800,7.42297096,141.28,18.34,0.00,76.77,0,-101.00,-16.00,0.00,0.00,41.00,0.00,0,27
147.05,1547560094,1843.01,51.48190800,7.42297096,141.28,18.34,0.00,76.77,0,-102.00,-17.00,0.00,0.00,41.00,0.00,0,339
147.05,1547560094,1843.02,51.48190800,7.42297096,141.28,18.34,0.00,76.77,0,-104.00,-19.00,0.00,0.00,41.00,0.00,0,458
148.05,1547560095,1861.47,51.48194986,7.42322562,140.38,18.06,0.00,75.92,0,-99.00,-15.00,0.00,0.00,41.00,0.00,0,339
148.05,1547560095,1861.49,51.48194986,7.42322562,140.38,18.06,0.00,75.92,0,-102.00,-18.00,0.00,0.00,41.00,0.00,0,458
148.05,1547560095,1861.51,51.48194986,7.42322562,140.38,18.06,0.00,75.92,0,-102.00,-18.00,0.00,0.00,42.00,0.00,0,27
149.05,1547560096,1879.43,51.48198826,7.42347048,139.30,17.59,0.00,76.40,0,-99.00,-15.00,0.00,0.00,41.00,0.00,0,339
149.05,1547560096,1879.44,51.48198826,7.42347048,139.30,17.59,0.00,76.40,0,-102.00,-18.00,0.00,0.00,41.00,0.00,0,458
149.05,1547560096,1879.46,51.48198826,7.42347048,139.30,17.59,0.00,76.40,0,-102.00,-18.00,0.00,0.00,42.00,0.00,0,27
150.04,1547560097,1896.98,51.48202283,7.42371144,138.34,17.19,0.00,77.32,0,-99.00,-15.00,0.00,0.00,41.00,0.00,0,339
150.05,1547560097,1896.99,51.48202283,7.42371144,138.34,17.19,0.00,77.32,0,-102.00,-18.00,0.00,0.00,41.00,0.00,0,458
150.05,1547560097,1896.99,51.48202283,7.42371144,138.34,17.19,0.00,77.32,0,-102.00,-18.00,0.00,0.00,42.00,0.00,0,27
151.04,1547560098,1914.10,51.48205613,7.42395030,137.14,17.03,0.00,78.29,0,-101.00,-18.00,0.00,0.00,43.00,0.00,0,457
151.04,1547560098,1914.12,51.48205613,7.42395030,137.14,17.03,0.00,78.29,0,-102.00,-19.00,0.00,0.00,43.00,0.00,0,266
152.04,1547560099,1931.18,51.48208915,7.42419700,136.42,16.57,0.00,78.34,0,-101.00,-18.00,0.00,0.00,43.00,0.00,0,457
152.04,1547560099,1931.19,51.48208915,7.42419700,136.42,16.57,0.00,78.34,0,-102.00,-19.00,0.00,0.00,43.00,0.00,0,266
153.04,1547560100,1947.73,51.48212132,7.42444114,135.81,16.12,0.00,77.51,0,-102.00,-19.00,0.00,0.00,44.00,0.00,0,457
154.04,1547560101,1963.88,51.48215383,7.42466095,135.60,15.94,0.00,77.20,0,-102.00,-19.00,0.00,0.00,44.00,0.00,0,457
159.05,1547560106,2044.80,51.48231113,7.42578453,136.34,16.74,0.00,77.40,0,-98.00,-19.00,0.00,0.00,47.00,0.00,0,306
160.04,1547560107,2061.38,51.48234175,7.42601191,137.15,16.84,0.00,77.34,0,-98.00,-19.00,0.00,0.00,47.00,0.00,0,306
161.04,1547560108,2078.21,51.48237420,7.42625671,137.76,16.93,0.00,77.67,0,-99.00,-20.00,0.00,0.00,47.00,0.00,0,146
161.04,1547560108,2078.23,51.48237420,7.42625671,137.76,16.93,0.00,77.67,0,-99.00,-20.00,0.00,0.00,47.00,0.00,0,306
162.04,1547560109,2095.10,51.48240642,7.42649327,138.41,16.92,0.00,77.04,0,-99.00,-20.00,0.00,0.00,47.00,0.00,0,146
162.04,1547560109,2095.10,51.48240642,7.42649327,138.41,16.92,0.00,77.04,0,-99.00,-20.00,0.00,0.00,47.00,0.00,0,306
163.04,1547560110,2112.06,51.48243596,7.42672005,139.00,15.51,0.00,77.40,0,-96.00,-19.00,0.00,0.00,49.00,0.00,0,146
163.04,1547560110,2112.08,51.48243596,7.42672005,139.00,15.51,0.00,77.40,0,-98.00,-20.00,0.00,0.00,48.00,0.00,0,306
164.04,1547560111,2127.57,51.48246769,7.42693365,139.79,14.02,0.00,77.86,0,-96.00,-19.00,0.00,0.00,49.00,0.00,0,146
164.04,1547560111,2127.58,51.48246769,7.42693365,139.79,14.02,0.00,77.86,0,-98.00,-20.00,0.00,0.00,48.00,0.00,0,306
165.04,1547560112,2141.59,51.48249218,7.42712863,140.58,12.50,0.00,77.65,0,-94.00,-19.00,0.00,0.00,51.00,0.00,0,146
165.04,1547560112,2141.60,51.48249218,7.42712863,140.58,12.50,0.00,77.65,0,-94.00,-19.00,0.00,0.00,51.00,0.00,0,266
166.04,1547560113,2154.07,51.48251348,7.42730407,141.49,11.01,0.00,78.57,0,-94.00,-19.00,0.00,0.00,51.00,0.00,0,146
166.04,1547560113,2154.08,51.48251348,7.42730407,141.49,11.01,0.00,78.57,0,-94.00,-19.00,0.00,0.00,51.00,0.00,0,266
167.04,1547560114,2165.10,51.48252956,7.42743071,142.53,8.82,0.00,79.24,0,-95.00,-18.00,0.00,0.00,49.00,0.00,0,266
167.04,1547560114,2165.11,51.48252956,7.42743071,142.53,8.82,0.00,79.24,0,-95.00,-19.00,0.00,0.00,50.00,0.00,0,146
168.05,1547560115,2173.97,51.48253991,7.42753524,143.53,6.22,0.00,80.00,0,-95.00,-18.00,0.00,0.00,49.00,0.00,0,266
168.05,1547560115,2173.97,51.48253991,7.42753524,143.53,6.22,0.00,80.00,0,-95.00,-19.00,0.00,0.00,50.00,0.00,0,146
169.04,1547560116,2180.14,51.48254934,7.42760741,144.40,4.45,0.00,80.83,0,-93.00,-18.00,0.00,0.00,51.00,0.00,0,266
169.04,1547560116,2180.14,51.48254934,7.42760741,144.40,4.45,0.00,80.83,0,-93.00,-19.00,0.00,0.00,51.00,0.00,0,146
170.04,1547560117,2184.60,51.48255522,7.42766314,144.51,3.36,0.00,82.41,0,-93.00,-18.00,0.00,0.00,51.00,0.00,0,266
170.04,1547560117,2184.60,51.48255522,7.42766314,144.51,3.36,0.00,82.41,0,-93.00,-19.00,0.00,0.00,51.00,0.00,0,146
171.04,1547560118,2187.96,51.48256193,7.42771603,144.59,3.21,0.00,83.17,0,-93.00,-17.00,0.00,0.00,50.00,0.00,0,266
171.04,1547560118,2187.96,51.48256193,7.42771603,144.59,3.21,0.00,83.17,0,-94.00,-19.00,0.00,0.00,50.00,0.00,0,146
172.04,1547560119,2191.16,51.48256603,7.42777565,144.62,3.22,0.00,81.96,0,-93.00,-17.00,0.00,0.00,50.00,0.00,0,266
172.04,1547560119,2191.17,51.48256603,7.42777565,144.62,3.22,0.00,81.96,0,-94.00,-19.00,0.00,0.00,50.00,0.00,0,146
173.05,1547560120,2194.41,51.48257166,7.42786854,144.69,6.49,0.00,81.18,0,-91.00,-14.00,0.00,0.00,51.00,0.00,0,266
173.05,1547560120,2194.41,51.48257166,7.42786854,144.69,6.49,0.00,81.18,0,-92.00,-17.00,0.00,0.00,51.00,0.00,0,146
174.04,1547560121,2200.87,51.48257978,7.42798985,144.76,8.42,0.00,82.47,0,-91.00,-14.00,0.00,0.00,51.00,0.00,0,266
174.05,1547560121,2200.88,51.48257978,7.42798985,144.76,8.42,0.00,82.47,0,-92.00,-17.00,0.00,0.00,51.00,0.00,0,146
175.05,1547560122,2209.32,51.48258573,7.42813919,144.87,10.35,0.00,85.24,0,-91.00,-14.00,0.00,0.00,51.00,0.00,0,266
175.05,1547560122,2209.33,51.48258573,7.42813919,144.87,10.35,0.00,85.24,0,-92.00,-17.00,0.00,0.00,51.00,0.00,0,146
176.04,1547560123,2219.64,51.48258751,7.42830023,145.25,12.06,0.00,88.67,0,-88.00,-13.00,0.00,0.00,52.00,0.00,0,266
176.05,1547560123,2219.65,51.48258751,7.42830023,145.25,12.06,0.00,88.67,0,-91.00,-16.00,0.00,0.00,52.00,0.00,0,146
177.04,1547560124,2231.68,51.48258543,7.42848236,145.56,12.60,0.00,90.01,0,-88.00,-13.00,0.00,0.00,52.00,0.00,0,266
177.04,1547560124,2231.69,51.48258543,7.42848236,145.56,12.60,0.00,90.01,0,-91.00,-16.00,0.00,0.00,52.00,0.00,0,146
186.04,1547560133,2356.61,51.48242746,7.43033228,149.45,14.19,0.00,97.46,0,-95.00,-19.00,0.00,0.00,49.00,0.00,0,339
187.04,1547560134,2370.78,51.48241290,7.43052584,150.75,13.68,0.00,97.36,0,-95.00,-19.00,0.00,0.00,49.00,0.00,0,339
188.04,1547560135,2384.46,51.48239674,7.43072472,151.52,13.15,0.00,97.68,0,-99.00,-18.00,0.00,0.00,45.00,0.00,0,27
188.04,1547560135,2384.47,51.48239674,7.43072472,151.52,13.15,0.00,97.68,0,-100.00,-19.00,0.00,0.00,45.00,0.00,0,146
188.04,1547560135,2384.49,51.48239674,7.43072472,151.52,13.15,0.00,97.68,0,-100.00,-20.00,0.00,0.00,45.00,0.00,0,339
189.04,1547560136,2397.62,51.48238094,7.43091202,152.16,12.63,0.00,97.20,0,-99.00,-18.00,0.00,0.00,45.00,0.00,0,27
189.04,1547560136,2397.63,51.48238094,7.43091202,152.16,12.63,0.00,97.20,0,-100.00,-19.00,0.00,0.00,45.00,0.00,0,146
189.05,1547560136,2397.65,51.48238094,7.43091202,152.16,12.63,0.00,97.20,0,-100.00,-20.00,0.00,0.00,45.00,0.00,0,339
194.05,1547560141,2459.58,51.48228068,7.43180806,151.41,13.33,0.00,97.24,0,-94.00,-20.00,0.00,0.00,51.00,0.00,0,339
195.04,1547560142,2472.80,51.48225829,7.43201009,151.07,14.32,0.00,97.44,0,-94.00,-20.00,0.00,0.00,51.00,0.00,0,339
196.04,1547560143,2487.10,51.48223948,7.43221152,150.78,14.08,0.00,96.83,0,-94.00,-20.00,0.00,0.00,51.00,0.00,0,339
260.04,1547560207,3096.45,51.48164159,7.44100289,161.82,11.50,0.00,96.35,0,-77.00,-12.00,0.00,0.00,61.00,0.00,0,264
261.04,1547560208,3107.91,51.48162391,7.44116670,162.47,11.67,0.00,98.63,0,-77.00,-12.00,0.00,0.00,61.00,0.00,0,264
281.04,1547560228,3353.14,51.47999165,7.44333239,160.81,14.70,0.00,156.96,0,-73.00,-12.00,0.00,0.00,63.00,0.00,0,375
282.04,1547560229,3367.85,51.47987206,7.44343050,160.79,15.91,0.00,155.26,0,-73.00,-12.00,0.00,0.00,63.00,0.00,0,375
289.04,1547560236,3485.33,51.47893477,7.44424499,159.55,16.23,0.00,151.61,0,-79.00,-13.00,0.00,0.00,61.00,0.00,0,265
290.04,1547560237,3501.52,51.47881541,7.44435580,159.75,15.78,0.00,151.57,0,-79.00,-13.00,0.00,0.00,61.00,0.00,0,265
291.04,1547560238,3517.25,51.47869910,7.44446450,160.02,15.46,0.00,151.53,0,-79.00,-18.00,0.00,0.00,63.00,0.00,0,265
292.04,1547560239,3532.79,51.47858055,7.44457504,160.37,15.36,0.00,151.47,0,-79.00,-18.00,0.00,0.00,63.00,0.00,0,265
344.04,1547560291,4037.10,51.47468684,7.44812446,159.39,8.20,0.00,142.68,0,-87.00,-16.00,0.00,0.00,56.00,0.00,0,265
345.04,1547560292,4045.27,51.47462907,7.44820081,159.58,7.61,0.00,142.18,0,-87.00,-16.00,0.00,0.00,56.00,0.00,0,265
346.04,1547560293,4052.89,51.47458002,7.44826674,160.02,6.89,0.00,141.55,0,-84.00,-10.00,0.00,0.00,52.00,0.00,0,265
347.04,1547560294,4059.77,51.47453885,7.44832408,160.56,6.70,0.00,142.20,0,-84.00,-10.00,0.00,0.00,52.00,0.00,0,265
348.04,1547560295,4066.47,51.47449223,7.44838636,160.85,6.34,0.00,142.05,0,-84.00,-11.00,0.00,0.00,52.00,0.00,0,265
349.04,1547560296,4072.81,51.47444769,7.44844452,160.93,6.37,0.00,141.57,0,-84.00,-11.00,0.00,0.00,52.00,0.00,0,265
362.05,1547560309,4199.73,51.47354778,7.44978341,162.63,11.12,0.00,132.88,0,-86.00,-16.00,0.00,0.00,56.00,0.00,0,376
363.04,1547560310,4210.76,51.47348408,7.44990553,162.90,10.85,0.00,131.41,0,-86.00,-16.00,0.00,0.00,56.00,0.00,0,376
364.04,1547560311,4221.61,51.47342699,7.45002611,163.30,10.65,0.00,130.06,0,-86.00,-16.00,0.00,0.00,56.00,0.00,0,376
365.04,1547560312,4232.26,51.47337256,7.45014242,163.84,10.47,0.00,128.72,0,-70.00,-10.00,0.00,0.00,63.00,0.00,0,376
365.04,1547560312,4232.27,51.47337256,7.45014242,163.84,10.47,0.00,128.72,0,-64.00,-10.00,0.00,0.00,63.00,0.00,0,377
366.04,1547560313,4242.76,51.47332189,7.45025870,164.46,9.82,0.00,127.34,0,-70.00,-10.00,0.00,0.00,63.00,0.00,0,376
366.05,1547560313,4242.77,51.47332189,7.45025870,164.46,9.82,0.00,127.34,0,-64.00,-10.00,0.00,0.00,63.00,0.00,0,377
367.04,1547560314,4252.56,51.47327873,7.45036779,165.06,8.93,0.00,125.88,0,-67.00,-13.00,0.00,0.00,63.00,0.00,0,375
368.04,1547560315,4261.49,51.47323490,7.45047404,165.57,8.10,0.00,125.24,0,-67.00,-13.00,0.00,0.00,63.00,0.00,0,375
369.04,1547560316,4269.54,51.47320438,7.45056113,165.81,7.69,0.00,124.65,0,-72.00,-16.00,0.00,0.00,63.00,0.00,0,375
370.04,1547560317,4277.23,51.47316889,7.45065824,165.92,8.33,0.00,123.52,0,-72.00,-16.00,0.00,0.00,63.00,0.00,0,375
398.04,1547560345,4720.16,51.47182938,7.45668909,166.95,17.18,0.00,113.88,0,-93.00,-14.00,0.00,0.00,49.00,0.00,0,111
399.04,1547560346,4737.35,51.47176068,7.45691500,166.66,16.86,0.00,114.33,0,-93.00,-14.00,0.00,0.00,49.00,0.00,0,111
402.04,1547560349,4787.46,51.47157070,7.45754328,165.23,16.36,0.00,116.29,0,-92.00,-13.00,0.00,0.00,47.00,0.00,0,306
402.04,1547560349,4787.47,51.47157070,7.45754328,165.23,16.36,0.00,116.29,0,-93.00,-16.00,0.00,0.00,48.00,0.00,0,111
402.05,1547560349,4787.49,51.47157070,7.45754328,165.23,16.36,0.00,116.29,0,-93.00,-13.00,0.00,0.00,49.00,0.00,0,228
403.04,1547560350,4803.84,51.47150634,7.45774124,164.75,16.11,0.00,116.89,0,-92.00,-13.00,0.00,0.00,47.00,0.00,0,306
403.05,1547560350,4803.85,51.47150634,7.45774124,164.75,16.11,0.00,116.89,0,-93.00,-16.00,0.00,0.00,48.00,0.00,0,111
403.05,1547560350,4803.87,51.47150634,7.45774124,164.75,16.11,0.00,116.89,0,-93.00,-13.00,0.00,0.00,49.00,0.00,0,228
404.05,1547560351,4820.09,51.47144019,7.45794617,164.47,15.24,0.00,116.80,0,-95.00,-15.00,0.00,0.00,46.00,0.00,0,306
404.05,1547560351,4820.11,51.47144019,7.45794617,164.47,15.24,0.00,116.80,0,-96.00,-17.00,0.00,0.00,47.00,0.00,0,111
405.04,1547560352,4835.19,51.47137871,7.45813527,164.25,14.43,0.00,116.11,0,-95.00,-15.00,0.00,0.00,46.00,0.00,0,306
405.05,1547560352,4835.22,51.47137871,7.45813527,164.25,14.43,0.00,116.11,0,-96.00,-17.00,0.00,0.00,47.00,0.00,0,111
406.04,1547560353,4849.59,51.47132073,7.45830808,164.16,13.03,0.00,115.99,0,-95.00,-15.00,0.00,0.00,46.00,0.00,0,306
406.04,1547560353,4849.60,51.47132073,7.45830808,164.16,13.03,0.00,115.99,0,-96.00,-17.00,0.00,0.00,47.00,0.00,0,111
425.05,1547560372,4901.90,51.47113941,7.45889445,163.50,0.00,0.00,113.94,0,-97.00,-12.00,0.00,0.00,44.00,0.00,0,111
426.04,1547560373,4901.90,51.47113941,7.45889445,163.50,0.00,0.00,113.94,0,-97.00,-12.00,0.00,0.00,44.00,0.00,0,111
427.04,1547560374,4901.90,51.47113941,7.45889445,163.49,0.00,0.00,113.94,0,-97.00,-12.00,0.00,0.00,44.00,0.00,0,111
463.04,1547560410,5202.87,51.46996776,7.46304698,160.18,14.84,0.00,114.83,0,-99.00,-15.00,0.00,0.00,42.00,0.00,0,143
464.04,1547560411,5217.70,51.46991206,7.46324359,160.11,15.05,0.00,114.61,0,-99.00,-15.00,0.00,0.00,42.00,0.00,0,143
465.04,1547560412,5232.74,51.46985567,7.46344102,159.97,15.02,0.00,114.02,0,-98.00,-14.00,0.00,0.00,42.00,0.00,0,143
465.04,1547560412,5232.76,51.46985567,7.46344102,159.97,15.02,0.00,114.02,0,-98.00,-14.00,0.00,0.00,42.00,0.00,0,111
466.04,1547560413,5247.79,51.46980180,7.46364511,159.89,14.99,0.00,112.86,0,-98.00,-14.00,0.00,0.00,42.00,0.00,0,143
466.04,1547560413,5247.81,51.46980180,7.46364511,159.89,14.99,0.00,112.86,0,-98.00,-14.00,0.00,0.00,42.00,0.00,0,111
467.05,1547560414,5262.87,51.46974920,7.46385201,159.85,15.72,0.00,111.96,0,-97.00,-15.00,0.00,0.00,44.00,0.00,0,111
468.04,1547560415,5278.48,51.46969809,7.46406946,159.61,16.02,0.00,110.97,0,-97.00,-15.00,0.00,0.00,44.00,0.00,0,111
469.04,1547560416,5294.52,51.46965066,7.46428485,159.80,15.64,0.00,109.57,0,-97.00,-15.00,0.00,0.00,44.00,0.00,0,111
470.04,1547560417,5310.18,51.46961090,7.46449186,159.76,14.84,0.00,107.78,0,-97.00,-16.00,0.00,0.00,45.00,0.00,0,143
471.04,1547560418,5325.00,51.46956850,7.46472095,159.46,15.42,0.00,106.58,0,-97.00,-16.00,0.00,0.00,45.00,0.00,0,143
472.04,1547560419,5340.46,51.46953428,7.46493191,159.43,15.23,0.00,105.11,0,-95.00,-17.00,0.00,0.00,48.00,0.00,0,143
472.05,1547560419,5340.47,51.46953428,7.46493191,159.43,15.23,0.00,105.11,0,-96.00,-17.00,0.00,0.00,48.00,0.00,0,111
473.04,1547560420,5355.58,51.46950167,7.46514862,159.47,15.52,0.00,103.55,0,-95.00,-17.00,0.00,0.00,48.00,0.00,0,143
473.04,1547560420,5355.58,51.46950167,7.46514862,159.47,15.52,0.00,103.55,0,-96.00,-17.00,0.00,0.00,48.00,0.00,0,111
474.04,1547560421,5371.15,51.46947432,7.46537566,159.97,14.83,0.00,101.24,0,-94.00,-17.00,0.00,0.00,48.00,0.00,0,111
475.04,1547560422,5385.99,51.46945380,7.46559961,160.53,15.36,0.00,100.00,0,-94.00,-17.00,0.00,0.00,48.00,0.00,0,111
476.04,1547560423,5401.37,51.46942976,7.46586504,161.03,15.80,0.00,98.90,0,-100.00,-14.00,0.00,0.00,39.00,0.00,0,111
476.04,1547560423,5401.38,51.46942976,7.46586504,161.03,15.80,0.00,98.90,0,-104.00,-18.00,0.00,0.00,40.00,0.00,0,289
476.04,1547560423,5401.38,51.46942976,7.46586504,161.03,15.80,0.00,98.90,0,-104.00,-16.00,0.00,0.00,39.00,0.00,0,143
477.04,1547560424,5417.20,51.46941031,7.46610528,161.32,15.49,0.00,97.47,0,-100.00,-14.00,0.00,0.00,39.00,0.00,0,111
477.04,1547560424,5417.20,51.46941031,7.46610528,161.32,15.49,0.00,97.47,0,-104.00,-18.00,0.00,0.00,40.00,0.00,0,289
477.05,1547560424,5417.22,51.46941031,7.46610528,161.32,15.49,0.00,97.47,0,-104.00,-16.00,0.00,0.00,39.00,0.00,0,143
478.04,1547560425,5432.68,51.46939809,7.46633231,161.37,15.42,0.00,95.48,0,-102.00,-14.00,0.00,0.00,38.00,0.00,0,111
478.04,1547560425,5432.69,51.46939809,7.46633231,161.37,15.42,0.00,95.48,0,-104.00,-15.00,0.00,0.00,37.00,0.00,0,289
479.04,1547560426,5448.07,51.46939402,7.46655071,161.67,15.70,0.00,93.58,0,-102.00,-14.00,0.00,0.00,38.00,0.00,0,111
479.04,1547560426,5448.08,51.46939402,7.46655071,161.67,15.70,0.00,93.58,0,-104.00,-15.00,0.00,0.00,37.00,0.00,0,289
480.04,1547560427,5463.72,51.46939509,7.46677704,161.82,16.38,0.00,91.91,0,-99.00,-11.00,0.00,0.00,38.00,0.00,0,111
481.04,1547560428,5480.18,51.46939822,7.46700368,161.88,16.27,0.00,90.74,0,-99.00,-11.00,0.00,0.00,38.00,0.00,0,111
482.04,1547560429,5496.44,51.46940595,7.46723864,161.91,16.38,0.00,89.14,0,-98.00,-14.00,0.00,0.00,42.00,0.00,0,143
482.04,1547560429,5496.45,51.46940595,7.46723864,161.91,16.38,0.00,89.14,0,-99.00,-15.00,0.00,0.00,42.00,0.00,0,111
483.04,1547560430,5512.81,51.46942417,7.46745824,161.92,17.05,0.00,87.31,0,-98.00,-14.00,0.00,0.00,42.00,0.00,0,143
483.04,1547560430,5512.83,51.46942417,7.46745824,161.92,17.05,0.00,87.31,0,-99.00,-15.00,0.00,0.00,42.00,0.00,0,111
484.04,1547560431,5529.87,51.46944118,7.46770398,162.23,17.66,0.00,85.87,0,-98.00,-15.00,0.00,0.00,43.00,0.00,0,429
485.04,1547560432,5547.52,51.46946168,7.46795872,162.59,17.96,0.00,84.81,0,-98.00,-15.00,0.00,0.00,43.00,0.00,0,429
488.05,1547560435,5601.05,51.46952818,7.46874548,164.57,17.80,0.00,81.94,0,-104.00,-17.00,0.00,0.00,39.00,0.00,0,111
488.05,1547560435,5601.07,51.46952818,7.46874548,164.57,17.80,0.00,81.94,0,-105.00,-18.00,0.00,0.00,39.00,0.00,0,429
489.04,1547560436,5618.72,51.46955214,7.46899561,165.32,18.18,0.00,82.11,0,-104.00,-17.00,0.00,0.00,39.00,0.00,0,111
489.04,1547560436,5618.74,51.46955214,7.46899561,165.32,18.18,0.00,82.11,0,-105.00,-18.00,0.00,0.00,39.00,0.00,0,429
490.04,1547560437,5636.89,51.46957794,7.46924634,166.01,18.33,0.00,81.76,0,-104.00,-17.00,0.00,0.00,39.00,0.00,0,111
490.04,1547560437,5636.91,51.46957794,7.46924634,166.01,18.33,0.00,81.76,0,-105.00,-18.00,0.00,0.00,39.00,0.00,0,429
491.04,1547560438,5655.23,51.46960277,7.46950467,166.42,18.05,0.00,80.83,0,-100.00,-15.00,0.00,0.00,40.00,0.00,0,289
492.04,1547560439,5673.29,51.46962966,7.46976090,166.85,18.18,0.00,80.59,0,-100.00,-15.00,0.00,0.00,40.00,0.00,0,289
497.04,1547560444,5764.55,51.46975040,7.47109914,168.26,18.89,0.00,84.17,0,-100.00,-14.00,0.00,0.00,39.00,0.00,0,111
498.04,1547560445,5783.44,51.46976403,7.47136406,168.33,18.50,0.00,86.12,0,-100.00,-14.00,0.00,0.00,39.00,0.00,0,111
501.04,1547560448,5838.86,51.46977124,7.47212953,167.27,18.43,0.00,90.84,0,-103.00,-14.00,0.00,0.00,37.00,0.00,0,289
501.04,1547560448,5838.88,51.46977124,7.47212953,167.27,18.43,0.00,90.84,0,-104.00,-15.00,0.00,0.00,37.00,0.00,0,143
501.05,1547560448,5838.90,51.46977124,7.47212953,167.27,18.43,0.00,90.84,0,-105.00,-16.00,0.00,0.00,36.00,0.00,0,111
502.05,1547560449,5857.33,51.46976614,7.47238791,166.93,18.91,0.00,92.32,0,-103.00,-14.00,0.00,0.00,37.00,0.00,0,289
502.05,1547560449,5857.35,51.46976614,7.47238791,166.93,18.91,0.00,92.32,0,-104.00,-15.00,0.00,0.00,37.00,0.00,0,143
502.05,1547560449,5857.35,51.46976614,7.47238791,166.93,18.91,0.00,92.32,0,-105.00,-16.00,0.00,0.00,36.00,0.00,0,111
503.04,1547560450,5876.19,51.46975390,7.47267602,167.01,19.36,0.00,94.27,0,-100.00,-15.00,0.00,0.00,40.00,0.00,0,289
504.04,1547560451,5895.58,51.46973465,7.47295187,167.31,18.65,0.00,96.27,0,-100.00,-15.00,0.00,0.00,40.00,0.00,0,289
505.04,1547560452,5914.20,51.46971637,7.47322206,168.01,17.82,0.00,96.62,0,-99.00,-13.00,0.00,0.00,40.00,0.00,0,143
505.04,1547560452,5914.22,51.46971637,7.47322206,168.01,17.82,0.00,96.62,0,-99.00,-13.00,0.00,0.00,40.00,0.00,0,376
506.04,1547560453,5932.00,51.46969670,7.47347803,169.05,17.68,0.00,97.24,0,-99.00,-13.00,0.00,0.00,40.00,0.00,0,143
506.04,1547560453,5932.00,51.46969670,7.47347803,169.05,17.68,0.00,97.24,0,-99.00,-13.00,0.00,0.00,40.00,0.00,0,376
507.04,1547560454,5949.67,51.46967092,7.47372956,169.73,17.67,0.00,97.84,0,-100.00,-15.00,0.00,0.00,41.00,0.00,0,376
507.04,1547560454,5949.68,51.46967092,7.47372956,169.73,17.67,0.00,97.84,0,-101.00,-17.00,0.00,0.00,41.00,0.00,0,112
507.04,1547560454,5949.70,51.46967092,7.47372956,169.73,17.67,0.00,97.84,0,-101.00,-17.00,0.00,0.00,41.00,0.00,0,111
508.05,1547560455,5967.42,51.46964594,7.47398281,170.22,17.68,0.00,98.52,0,-100.00,-15.00,0.00,0.00,41.00,0.00,0,376
508.05,1547560455,5967.44,51.46964594,7.47398281,170.22,17.68,0.00,98.52,0,-101.00,-17.00,0.00,0.00,41.00,0.00,0,112
508.05,1547560455,5967.44,51.46964594,7.47398281,170.22,17.68,0.00,98.52,0,-101.00,-17.00,0.00,0.00,41.00,0.00,0,111
509.05,1547560456,5985.17,51.46962066,7.47422860,170.75,17.34,0.00,97.61,0,-94.00,-13.00,0.00,0.00,45.00,0.00,0,112
509.05,1547560456,5985.19,51.46962066,7.47422860,170.75,17.34,0.00,97.61,0,-95.00,-13.00,0.00,0.00,44.00,0.00,0,111
509.05,1547560456,5985.19,51.46962066,7.47422860,170.75,17.34,0.00,97.61,0,-98.00,-15.00,0.00,0.00,43.00,0.00,0,376
510.04,1547560457,6002.39,51.46959950,7.47446227,171.46,16.83,0.00,98.48,0,-94.00,-13.00,0.00,0.00,45.00,0.00,0,112
510.04,1547560457,6002.41,51.46959950,7.47446227,171.46,16.83,0.00,98.48,0,-95.00,-13.00,0.00,0.00,44.00,0.00,0,111
510.04,1547560457,6002.41,51.46959950,7.47446227,171.46,16.83,0.00,98.48,0,-98.00,-15.00,0.00,0.00,43.00,0.00,0,376
511.04,1547560458,6019.24,51.46957676,7.47469822,172.04,17.28,0.00,97.77,0,-94.00,-13.00,0.00,0.00,45.00,0.00,0,112
511.05,1547560458,6019.25,51.46957676,7.47469822,172.04,17.28,0.00,97.77,0,-95.00,-13.00,0.00,0.00,44.00,0.00,0,111
511.05,1547560458,6019.27,51.46957676,7.47469822,172.04,17.28,0.00,97.77,0,-98.00,-15.00,0.00,0.00,43.00,0.00,0,376
512.04,1547560459,6036.48,51.46955388,7.47494557,172.43,17.82,0.00,97.43,0,-98.00,-17.00,0.00,0.00,45.00,0.00,0,112
512.04,1547560459,6036.50,51.46955388,7.47494557,172.43,17.82,0.00,97.43,0,-98.00,-17.00,0.00,0.00,45.00,0.00,0,111
512.04,1547560459,6036.50,51.46955388,7.47494557,172.43,17.82,0.00,97.43,0,-100.00,-18.00,0.00,0.00,44.00,0.00,0,376
513.04,1547560460,6054.31,51.46953208,7.47519025,172.60,17.37,0.00,96.67,0,-98.00,-17.00,0.00,0.00,45.00,0.00,0,112
513.04,1547560460,6054.33,51.46953208,7.47519025,172.60,17.37,0.00,96.67,0,-98.00,-17.00,0.00,0.00,45.00,0.00,0,111
513.04,1547560460,6054.33,51.46953208,7.47519025,172.60,17.37,0.00,96.67,0,-100.00,-18.00,0.00,0.00,44.00,0.00,0,376
514.04,1547560461,6071.68,51.46951322,7.47544614,173.02,16.95,0.00,96.20,0,-100.00,-19.00,0.00,0.00,45.00,0.00,0,112
514.04,1547560461,6071.68,51.46951322,7.47544614,173.02,16.95,0.00,96.20,0,-100.00,-19.00,0.00,0.00,44.00,0.00,0,111
514.04,1547560461,6071.70,51.46951322,7.47544614,173.02,16.95,0.00,96.20,0,-101.00,-19.00,0.00,0.00,44.00,0.00,0,376
515.04,1547560462,6088.61,51.46949818,7.47568978,173.40,16.97,0.00,95.08,0,-100.00,-19.00,0.00,0.00,45.00,0.00,0,112
515.04,1547560462,6088.63,51.46949818,7.47568978,173.40,16.97,0.00,95.08,0,-100.00,-19.00,0.00,0.00,44.00,0.00,0,111
515.04,1547560462,6088.64,51.46949818,7.47568978,173.40,16.97,0.00,95.08,0,-101.00,-19.00,0.00,0.00,44.00,0.00,0,376
516.04,1547560463,6105.59,51.46948198,7.47592789,173.57,16.26,0.00,94.46,0,-98.00,-17.00,0.00,0.00,45.00,0.00,0,143
516.04,1547560463,6105.61,51.46948198,7.47592789,173.57,16.26,0.00,94.46,0,-100.00,-19.00,0.00,0.00,45.00,0.00,0,112
517.05,1547560464,6121.91,51.46947459,7.47614116,173.83,14.15,0.00,92.27,0,-98.00,-17.00,0.00,0.00,45.00,0.00,0,143
517.05,1547560464,6121.93,51.46947459,7.47614116,173.83,14.15,0.00,92.27,0,-100.00,-19.00,0.00,0.00,45.00,0.00,0,112
528.04,1547560475,6249.48,51.46956483,7.47795792,177.32,7.96,0.00,80.97,0,-95.00,-19.00,0.00,0.00,50.00,0.00,0,143
529.04,1547560476,6257.46,51.46958523,7.47805653,177.39,7.31,0.00,79.52,0,-95.00,-19.00,0.00,0.00,50.00,0.00,0,143
530.04,1547560477,6264.76,51.46960206,7.47815035,177.21,6.66,0.00,78.62,0,-96.00,-13.00,0.00,0.00,43.00,0.00,0,143
530.04,1547560477,6264.77,51.46960206,7.47815035,177.21,6.66,0.00,78.62,0,-96.00,-14.00,0.00,0.00,43.00,0.00,0,141
531.04,1547560478,6271.43,51.46962077,7.47824945,177.35,5.96,0.00,78.18,0,-96.00,-13.00,0.00,0.00,43.00,0.00,0,143
531.05,1547560478,6271.43,51.46962077,7.47824945,177.35,5.96,0.00,78.18,0,-96.00,-14.00,0.00,0.00,43.00,0.00,0,141
532.05,1547560479,6277.45,51.46963582,7.47833213,177.41,5.36,0.00,77.59,0,-95.00,-17.00,0.00,0.00,47.00,0.00,0,143
533.04,1547560480,6282.72,51.46965059,7.47840177,177.43,4.93,0.00,76.62,0,-95.00,-17.00,0.00,0.00,47.00,0.00,0,143
534.04,1547560481,6287.67,51.46966541,7.47846758,177.59,4.22,0.00,76.69,0,-95.00,-17.00,0.00,0.00,47.00,0.00,0,143
535.04,1547560482,6291.89,51.46967529,7.47851216,177.60,2.87,0.00,76.76,0,-94.00,-16.00,0.00,0.00,48.00,0.00,0,143
535.04,1547560482,6291.89,51.46967529,7.47851216,177.60,2.87,0.00,76.76,0,-95.00,-18.00,0.00,0.00,48.00,0.00,0,141
536.04,1547560483,6294.76,51.46968417,7.47854863,177.61,2.28,0.00,78.18,0,-94.00,-16.00,0.00,0.00,48.00,0.00,0,143
536.04,1547560483,6294.76,51.46968417,7.47854863,177.61,2.28,0.00,78.18,0,-95.00,-18.00,0.00,0.00,48.00,0.00,0,141
541.04,1547560488,6301.31,51.46970220,7.47861137,177.59,0.00,0.00,76.76,0,-97.00,-13.00,0.00,0.00,42.00,0.00,0,141
542.04,1547560489,6301.31,51.46970220,7.47861137,177.58,0.00,0.00,76.76,0,-97.00,-13.00,0.00,0.00,42.00,0.00,0,141
543.04,1547560490,6301.31,51.46970220,7.47861137,177.57,0.00,0.00,76.76,0,-97.00,-12.00,0.00,0.00,41.00,0.00,0,141
544.04,1547560491,6301.31,51.46970220,7.47861137,177.56,0.00,0.00,76.76,0,-97.00,-12.00,0.00,0.00,41.00,0.00,0,141
545.04,1547560492,6301.31,51.46970220,7.47861137,177.55,0.00,0.00,76.76,0,-97.00,-18.00,0.00,0.00,47.00,0.00,0,141
546.04,1547560493,6301.31,51.46970220,7.47861137,177.54,0.00,0.00,76.76,0,-97.00,-18.00,0.00,0.00,47.00,0.00,0,141
551.04,1547560498,6301.31,51.46970220,7.47861137,177.53,0.00,0.00,76.76,0,-97.00,-16.00,0.00,0.00,45.00,0.00,0,141
552.04,1547560499,6301.31,51.46970220,7.47861137,177.52,0.00,0.00,76.76,0,-97.00,-16.00,0.00,0.00,45.00,0.00,0,141
558.04,1547560505,6301.31,51.46970220,7.47861137,177.45,0.00,0.00,81.04,0,-94.00,-11.00,0.00,0.00,43.00,0.00,0,141
558.04,1547560505,6301.31,51.46970220,7.47861137,177.45,0.00,0.00,81.04,0,-95.00,-13.00,0.00,0.00,43.00,0.00,0,143
559.04,1547560506,6301.32,51.46972036,7.47876459,177.45,5.66,0.00,79.35,0,-94.00,-11.00,0.00,0.00,43.00,0.00,0,141
559.04,1547560506,6301.33,51.46972036,7.47876459,177.45,5.66,0.00,79.35,0,-95.00,-13.00,0.00,0.00,43.00,0.00,0,143
560.04,1547560507,6306.99,51.46973185,7.47884495,177.61,6.15,0.00,77.57,0,-96.00,-11.00,0.00,0.00,42.00,0.00,0,143
560.04,1547560507,6307.00,51.46973185,7.47884495,177.61,6.15,0.00,77.57,0,-97.00,-13.00,0.00,0.00,42.00,0.00,0,141
561.04,1547560508,6313.14,51.46974538,7.47893754,177.46,7.02,0.00,76.91,0,-96.00,-11.00,0.00,0.00,42.00,0.00,0,143
561.04,1547560508,6313.14,51.46974538,7.47893754,177.46,7.02,0.00,76.91,0,-97.00,-13.00,0.00,0.00,42.00,0.00,0,141
570.04,1547560517,6409.79,51.47002020,7.48032327,178.96,13.95,0.00,71.49,0,-86.00,-10.00,0.00,0.00,50.00,0.00,0,141
570.04,1547560517,6409.79,51.47002020,7.48032327,178.96,13.95,0.00,71.49,0,-89.00,-13.00,0.00,0.00,50.00,0.00,0,143
571.04,1547560518,6423.75,51.47006094,7.48051317,179.25,14.36,0.00,71.87,0,-86.00,-10.00,0.00,0.00,50.00,0.00,0,141
571.04,1547560518,6423.75,51.47006094,7.48051317,179.25,14.36,0.00,71.87,0,-89.00,-13.00,0.00,0.00,50.00,0.00,0,143
572.04,1547560519,6438.14,51.47010219,7.48070643,179.69,13.96,0.00,72.26,0,-90.00,-11.00,0.00,0.00,45.00,0.00,0,141
572.05,1547560519,6438.15,51.47010219,7.48070643,179.69,13.96,0.00,72.26,0,-92.00,-12.00,0.00,0.00,45.00,0.00,0,143
573.04,1547560520,6452.07,51.47013898,7.48088996,179.87,12.77,0.00,72.53,0,-90.00,-11.00,0.00,0.00,45.00,0.00,0,141
573.04,1547560520,6452.08,51.47013898,7.48088996,179.87,12.77,0.00,72.53,0,-92.00,-12.00,0.00,0.00,45.00,0.00,0,143
587.04,1547560534,6609.07,51.46928583,7.48202973,181.38,13.98,0.00,165.57,0,-92.00,-16.00,0.00,0.00,51.00,0.00,0,141
588.04,1547560535,6623.11,51.46917139,7.48207634,182.10,13.69,0.00,166.62,0,-92.00,-16.00,0.00,0.00,51.00,0.00,0,141
589.04,1547560536,6636.81,51.46902935,7.48213151,182.91,14.87,0.00,167.02,0,-93.00,-11.00,0.00,0.00,47.00,0.00,0,141
590.04,1547560537,6651.62,51.46891678,7.48217488,182.45,14.72,0.00,167.44,0,-93.00,-11.00,0.00,0.00,47.00,0.00,0,141
612.04,1547560559,6918.49,51.46653098,7.48263541,176.32,14.41,0.00,190.05,0,-95.00,-11.00,0.00,0.00,42.00,0.00,0,141
613.04,1547560560,6932.96,51.46640719,7.48254764,176.18,13.22,0.00,202.69,0,-95.00,-11.00,0.00,0.00,42.00,0.00,0,141
614.04,1547560561,6946.17,51.46627517,7.48245599,175.87,15.21,0.00,201.67,0,-95.00,-14.00,0.00,0.00,45.00,0.00,0,141
615.04,1547560562,6961.42,51.46615231,7.48237454,175.48,15.42,0.00,201.09,0,-95.00,-14.00,0.00,0.00,45.00,0.00,0,141
621.04,1547560568,7051.69,51.46537776,7.48190472,168.97,13.80,0.00,203.14,0,-97.00,-19.00,0.00,0.00,48.00,0.00,0,143
622.04,1547560569,7065.44,51.46526077,7.48180440,168.14,14.09,0.00,202.58,0,-97.00,-19.00,0.00,0.00,48.00,0.00,0,143
623.04,1547560570,7079.61,51.46513848,7.48169798,167.49,15.03,0.00,202.03,0,-98.00,-19.00,0.00,0.00,46.00,0.00,0,143
623.04,1547560570,7079.61,51.46513848,7.48169798,167.49,15.03,0.00,202.03,0,-98.00,-19.00,0.00,0.00,46.00,0.00,0,141
624.04,1547560571,7094.64,51.46501208,7.48160424,166.71,14.86,0.00,201.24,0,-98.00,-19.00,0.00,0.00,46.00,0.00,0,143
624.04,1547560571,7094.64,51.46501208,7.48160424,166.71,14.86,0.00,201.24,0,-98.00,-19.00,0.00,0.00,46.00,0.00,0,141
625.04,1547560572,7109.50,51.46487693,7.48151720,166.02,14.99,0.00,200.76,0,-95.00,-11.00,0.00,0.00,43.00,0.00,0,141
625.04,1547560572,7109.51,51.46487693,7.48151720,166.02,14.99,0.00,200.76,0,-96.00,-12.00,0.00,0.00,43.00,0.00,0,143
626.04,1547560573,7124.47,51.46474824,7.48143890,165.69,14.69,0.00,200.15,0,-95.00,-11.00,0.00,0.00,43.00,0.00,0,141
626.04,1547560573,7124.49,51.46474824,7.48143890,165.69,14.69,0.00,200.15,0,-96.00,-12.00,0.00,0.00,43.00,0.00,0,143
627.05,1547560574,7139.31,51.46463067,7.48136861,165.60,14.10,0.00,199.58,0,-99.00,-12.00,0.00,0.00,39.00,0.00,0,141
627.05,1547560574,7139.32,51.46463067,7.48136861,165.60,14.10,0.00,199.58,0,-100.00,-13.00,0.00,0.00,39.00,0.00,0,143
628.04,1547560575,7153.27,51.46451279,7.48130104,165.59,13.93,0.00,198.84,0,-99.00,-12.00,0.00,0.00,39.00,0.00,0,141
628.04,1547560575,7153.28,51.46451279,7.48130104,165.59,13.93,0.00,198.84,0,-100.00,-13.00,0.00,0.00,39.00,0.00,0,143
629.04,1547560576,7167.21,51.46439128,7.48123822,165.76,13.94,0.00,198.41,0,-96.00,-11.00,0.00,0.00,41.00,0.00,0,141
629.04,1547560576,7167.23,51.46439128,7.48123822,165.76,13.94,0.00,198.41,0,-97.00,-12.00,0.00,0.00,41.00,0.00,0,143
630.04,1547560577,7181.16,51.46427927,7.48117966,166.15,13.74,0.00,197.99,0,-96.00,-11.00,0.00,0.00,41.00,0.00,0,141
630.04,1547560577,7181.17,51.46427927,7.48117966,166.15,13.74,0.00,197.99,0,-97.00,-12.00,0.00,0.00,41.00,0.00,0,143
631.04,1547560578,7194.88,51.46416825,7.48112614,166.44,13.17,0.00,197.18,0,-96.00,-15.00,0.00,0.00,44.00,0.00,0,143
631.04,1547560578,7194.89,51.46416825,7.48112614,166.44,13.17,0.00,197.18,0,-98.00,-17.00,0.00,0.00,44.00,0.00,0,141
632.04,1547560579,7208.01,51.46405670,7.48106947,166.95,13.09,0.00,196.77,0,-96.00,-15.00,0.00,0.00,44.00,0.00,0,143
632.04,1547560579,7208.02,51.46405670,7.48106947,166.95,13.09,0.00,196.77,0,-98.00,-17.00,0.00,0.00,44.00,0.00,0,141
633.04,1547560580,7221.16,51.46395196,7.48102203,167.43,13.01,0.00,196.58,0,-95.00,-11.00,0.00,0.00,43.00,0.00,0,143
633.04,1547560580,7221.17,51.46395196,7.48102203,167.43,13.01,0.00,196.58,0,-95.00,-12.00,0.00,0.00,43.00,0.00,0,141
634.04,1547560581,7234.16,51.46384566,7.48097159,168.00,13.02,0.00,196.20,0,-95.00,-11.00,0.00,0.00,43.00,0.00,0,143
634.04,1547560581,7234.18,51.46384566,7.48097159,168.00,13.02,0.00,196.20,0,-95.00,-12.00,0.00,0.00,43.00,0.00,0,141
635.04,1547560582,7247.17,51.46372557,7.48091802,168.67,13.94,0.00,195.53,0,-94.00,-8.00,0.00,0.00,40.00,0.00,0,143
635.04,1547560582,7247.19,51.46372557,7.48091802,168.67,13.94,0.00,195.53,0,-98.00,-13.00,0.00,0.00,40.00,0.00,0,141
636.04,1547560583,7261.12,51.46360310,7.48086303,169.11,14.13,0.00,196.21,0,-94.00,-8.00,0.00,0.00,40.00,0.00,0,143
636.04,1547560583,7261.14,51.46360310,7.48086303,169.11,14.13,0.00,196.21,0,-98.00,-13.00,0.00,0.00,40.00,0.00,0,141
637.05,1547560584,7275.37,51.46348299,7.48080415,169.49,13.80,0.00,196.59,0,-92.00,-13.00,0.00,0.00,48.00,0.00,0,141
637.05,1547560584,7275.39,51.46348299,7.48080415,169.49,13.80,0.00,196.59,0,-95.00,-17.00,0.00,0.00,49.00,0.00,0,289
638.04,1547560585,7289.04,51.46336265,7.48074671,169.73,13.20,0.00,196.17,0,-92.00,-13.00,0.00,0.00,48.00,0.00,0,141
638.04,1547560585,7289.06,51.46336265,7.48074671,169.73,13.20,0.00,196.17,0,-95.00,-17.00,0.00,0.00,49.00,0.00,0,289
639.04,1547560586,7302.25,51.46324755,7.48068876,170.11,13.55,0.00,197.72,0,-92.00,-13.00,0.00,0.00,48.00,0.00,0,141
639.04,1547560586,7302.26,51.46324755,7.48068876,170.11,13.55,0.00,197.72,0,-95.00,-17.00,0.00,0.00,49.00,0.00,0,289
640.04,1547560587,7315.80,51.46313610,7.48063171,170.18,13.93,0.00,197.72,0,-91.00,-11.00,0.00,0.00,46.00,0.00,0,289
640.04,1547560587,7315.80,51.46313610,7.48063171,170.18,13.93,0.00,197.72,0,-98.00,-16.00,0.00,0.00,44.00,0.00,0,141
641.04,1547560588,7329.68,51.46301398,7.48057211,170.29,14.25,0.00,196.93,0,-91.00,-11.00,0.00,0.00,46.00,0.00,0,289
641.04,1547560588,7329.69,51.46301398,7.48057211,170.29,14.25,0.00,196.93,0,-98.00,-16.00,0.00,0.00,44.00,0.00,0,141
642.04,1547560589,7343.97,51.46288877,7.48051534,170.72,13.74,0.00,196.39,0,-90.00,-12.00,0.00,0.00,48.00,0.00,0,289
643.04,1547560590,7357.70,51.46276820,7.48045906,171.22,13.31,0.00,196.04,0,-90.00,-12.00,0.00,0.00,48.00,0.00,0,289
644.04,1547560591,7370.98,51.46265105,7.48040746,171.74,12.73,0.00,195.88,0,-92.00,-15.00,0.00,0.00,50.00,0.00,0,289
645.04,1547560592,7383.74,51.46253796,7.48035725,172.35,11.85,0.00,197.15,0,-92.00,-15.00,0.00,0.00,50.00,0.00,0,289
646.04,1547560593,7395.59,51.46242945,7.48030121,172.82,12.42,0.00,197.72,0,-92.00,-14.00,0.00,0.00,49.00,0.00,0,289
647.04,1547560594,7407.96,51.46232594,7.48024445,173.17,12.18,0.00,197.34,0,-92.00,-14.00,0.00,0.00,49.00,0.00,0,289
648.04,1547560595,7420.18,51.46223741,7.48019918,173.69,9.99,0.00,196.74,0,-96.00,-14.00,0.00,0.00,45.00,0.00,0,289
649.04,1547560596,7430.17,51.46216985,7.48017099,174.05,7.84,0.00,195.80,0,-96.00,-14.00,0.00,0.00,45.00,0.00,0,289
650.04,1547560597,7438.01,51.46210979,7.48015352,174.70,6.22,0.00,193.78,0,-98.00,-14.00,0.00,0.00,43.00,0.00,0,289
651.04,1547560598,7444.20,51.46205746,7.48022015,174.93,6.27,0.00,137.05,0,-98.00,-14.00,0.00,0.00,43.00,0.00,0,289
652.04,1547560599,7450.47,51.46204441,7.48032038,175.21,7.50,0.00,100.26,0,-100.00,-13.00,0.00,0.00,41.00,0.00,0,289
653.04,1547560600,7458.00,51.46203604,7.48042927,174.99,8.38,0.00,97.54,0,-100.00,-13.00,0.00,0.00,41.00,0.00,0,289
656.04,1547560603,7487.08,51.46201744,7.48087677,175.11,11.92,0.00,93.05,0,-101.00,-17.00,0.00,0.00,43.00,0.00,0,289
656.04,1547560603,7487.09,51.46201744,7.48087677,175.11,11.92,0.00,93.05,0,-101.00,-17.00,0.00,0.00,42.00,0.00,0,141
657.04,1547560604,7499.00,51.46201152,7.48106382,175.44,12.83,0.00,91.66,0,-101.00,-17.00,0.00,0.00,43.00,0.00,0,289
657.04,1547560604,7499.01,51.46201152,7.48106382,175.44,12.83,0.00,91.66,0,-101.00,-17.00,0.00,0.00,42.00,0.00,0,141
658.05,1547560605,7511.92,51.46200689,7.48125638,175.61,13.70,0.00,91.04,0,-98.00,-17.00,0.00,0.00,46.00,0.00,0,141
659.04,1547560606,7525.52,51.46200190,7.48145994,176.05,14.15,0.00,91.00,0,-98.00,-17.00,0.00,0.00,46.00,0.00,0,141
660.04,1547560607,7539.66,51.46199333,7.48165375,176.38,14.27,0.00,91.41,0,-98.00,-17.00,0.00,0.00,46.00,0.00,0,141
661.04,1547560608,7553.86,51.46198766,7.48186173,176.94,14.25,0.00,92.01,0,-99.00,-15.00,0.00,0.00,43.00,0.00,0,141
662.04,1547560609,7568.18,51.46198083,7.48207719,177.59,14.08,0.00,91.69,0,-99.00,-15.00,0.00,0.00,43.00,0.00,0,141
663.04,1547560610,7582.26,51.46197402,7.48229292,178.37,14.09,0.00,91.64,0,-99.00,-12.00,0.00,0.00,40.00,0.00,0,141
664.04,1547560611,7596.35,51.46196715,7.48250096,179.14,13.82,0.00,91.49,0,-99.00,-12.00,0.00,0.00,40.00,0.00,0,141
665.04,1547560612,7610.19,51.46196030,7.48270660,179.97,14.08,0.00,91.13,0,-100.00,-12.00,0.00,0.00,38.00,0.00,0,289
665.04,1547560612,7610.21,51.46196030,7.48270660,179.97,14.08,0.00,91.13,0,-102.00,-14.00,0.00,0.00,38.00,0.00,0,141
666.04,1547560613,7624.30,51.46195853,7.48291278,180.94,14.41,0.00,90.49,0,-100.00,-12.00,0.00,0.00,38.00,0.00,0,289
666.04,1547560613,7624.30,51.46195853,7.48291278,180.94,14.41,0.00,90.49,0,-102.00,-14.00,0.00,0.00,38.00,0.00,0,141
667.04,1547560614,7638.64,51.46195575,7.48311633,181.75,14.43,0.00,90.50,0,-97.00,-12.00,0.00,0.00,41.00,0.00,0,289
668.04,1547560615,7653.10,51.46195264,7.48329548,182.51,13.64,0.00,90.89,0,-97.00,-12.00,0.00,0.00,41.00,0.00,0,289
669.04,1547560616,7666.76,51.46194949,7.48345644,182.79,13.46,0.00,90.55,0,-99.00,-15.00,0.00,0.00,42.00,0.00,0,141
669.04,1547560616,7666.78,51.46194949,7.48345644,182.79,13.46,0.00,90.55,0,-102.00,-18.00,0.00,0.00,41.00,0.00,0,143
669.04,1547560616,7666.78,51.46194949,7.48345644,182.79,13.46,0.00,90.55,0,-103.00,-20.00,0.00,0.00,42.00,0.00,0,376
670.04,1547560617,7680.22,51.46194336,7.48364693,182.92,12.97,0.00,89.92,0,-99.00,-15.00,0.00,0.00,42.00,0.00,0,141
670.04,1547560617,7680.23,51.46194336,7.48364693,182.92,12.97,0.00,89.92,0,-102.00,-18.00,0.00,0.00,41.00,0.00,0,143
670.05,1547560617,7680.25,51.46194336,7.48364693,182.92,12.97,0.00,89.92,0,-103.00,-20.00,0.00,0.00,42.00,0.00,0,376
671.04,1547560618,7693.13,51.46193378,7.48381805,183.04,10.30,0.00,93.84,0,-96.00,-17.00,0.00,0.00,49.00,0.00,0,289
672.05,1547560619,7703.50,51.46193196,7.48394384,183.58,7.35,0.00,90.96,0,-96.00,-17.00,0.00,0.00,49.00,0.00,0,289
692.05,1547560639,7961.87,51.45959525,7.48434995,193.73,16.06,0.00,189.26,0,-80.00,-14.00,0.00,0.00,60.00,0.00,0,143
692.05,1547560639,7961.88,51.45959525,7.48434995,193.73,16.06,0.00,189.26,0,-81.00,-16.00,0.00,0.00,60.00,0.00,0,142
693.04,1547560640,7977.81,51.45945709,7.48430157,194.32,16.03,0.00,189.82,0,-80.00,-14.00,0.00,0.00,60.00,0.00,0,143
693.04,1547560640,7977.81,51.45945709,7.48430157,194.32,16.03,0.00,189.82,0,-81.00,-16.00,0.00,0.00,60.00,0.00,0,142
694.04,1547560641,7993.84,51.45931659,7.48425201,194.91,15.76,0.00,190.47,0,-70.00,-10.00,0.00,0.00,63.00,0.00,0,143
695.04,1547560642,8009.58,51.45917376,7.48420036,195.72,15.80,0.00,190.96,0,-70.00,-10.00,0.00,0.00,63.00,0.00,0,143
700.05,1547560647,8083.55,51.45851439,7.48395445,199.76,14.79,0.00,193.51,0,-79.00,-12.00,0.00,0.00,59.00,0.00,0,142
701.04,1547560648,8098.26,51.45837680,7.48390190,200.90,14.98,0.00,193.40,0,-79.00,-12.00,0.00,0.00,59.00,0.00,0,142
702.04,1547560649,8113.24,51.45824232,7.48385178,201.95,14.81,0.00,194.15,0,-79.00,-12.00,0.00,0.00,59.00,0.00,0,142
703.04,1547560650,8128.05,51.45811025,7.48379387,202.92,14.86,0.00,194.99,0,-77.00,-9.00,0.00,0.00,58.00,0.00,0,142
704.04,1547560651,8142.90,51.45797532,7.48373739,203.80,15.17,0.00,194.46,0,-77.00,-9.00,0.00,0.00,58.00,0.00,0,142
705.04,1547560652,8158.07,51.45783841,7.48367926,204.71,15.11,0.00,194.02,0,-79.00,-9.00,0.00,0.00,56.00,0.00,0,142
706.04,1547560653,8173.19,51.45770104,7.48362649,205.75,15.18,0.00,193.77,0,-79.00,-9.00,0.00,0.00,56.00,0.00,0,142
707.04,1547560654,8188.39,51.45756408,7.48357416,206.70,15.40,0.00,192.85,0,-80.00,-10.00,0.00,0.00,56.00,0.00,0,142
707.04,1547560654,8188.39,51.45756408,7.48357416,206.70,15.40,0.00,192.85,0,-86.00,-14.00,0.00,0.00,53.00,0.00,0,289
708.04,1547560655,8203.78,51.45743413,7.48353481,207.60,13.57,0.00,194.56,0,-80.00,-10.00,0.00,0.00,56.00,0.00,0,142
708.04,1547560655,8203.79,51.45743413,7.48353481,207.60,13.57,0.00,194.56,0,-86.00,-14.00,0.00,0.00,53.00,0.00,0,289
709.04,1547560656,8217.37,51.45728678,7.48348896,208.09,16.48,0.00,191.50,0,-81.00,-12.00,0.00,0.00,56.00,0.00,0,142
709.04,1547560656,8217.37,51.45728678,7.48348896,208.09,16.48,0.00,191.50,0,-84.00,-14.00,0.00,0.00,55.00,0.00,0,289
710.04,1547560657,8233.83,51.45713559,7.48344819,208.57,16.79,0.00,191.17,0,-81.00,-12.00,0.00,0.00,56.00,0.00,0,142
710.04,1547560657,8233.85,51.45713559,7.48344819,208.57,16.79,0.00,191.17,0,-84.00,-14.00,0.00,0.00,55.00,0.00,0,289
711.04,1547560658,8250.63,51.45698724,7.48340536,208.99,16.84,0.00,191.09,0,-85.00,-8.00,0.00,0.00,48.00,0.00,0,289
711.04,1547560658,8250.64,51.45698724,7.48340536,208.99,16.84,0.00,191.09,0,-86.00,-9.00,0.00,0.00,49.00,0.00,0,142
711.04,1547560658,8250.66,51.45698724,7.48340536,208.99,16.84,0.00,191.09,0,0.00,0.00,0.00,0.00,63.00,0.00,0,277
712.04,1547560659,8267.48,51.45684180,7.48336836,209.40,15.93,0.00,191.76,0,-85.00,-8.00,0.00,0.00,48.00,0.00,0,289
712.04,1547560659,8267.48,51.45684180,7.48336836,209.40,15.93,0.00,191.76,0,-86.00,-9.00,0.00,0.00,49.00,0.00,0,142
712.04,1547560659,8267.50,51.45684180,7.48336836,209.40,15.93,0.00,191.76,0,0.00,0.00,0.00,0.00,63.00,0.00,0,277
713.04,1547560660,8283.38,51.45669015,7.48332728,210.06,16.96,0.00,190.01,0,-87.00,-9.00,0.00,0.00,48.00,0.00,0,142
714.04,1547560661,8300.36,51.45654493,7.48328684,210.72,16.22,0.00,189.60,0,-87.00,-9.00,0.00,0.00,48.00,0.00,0,142
747.04,1547560694,8841.56,51.45219709,7.48670931,226.82,16.81,0.00,141.73,0,-106.00,-11.00,0.00,0.00,31.00,0.00,0,429
748.04,1547560695,8858.38,51.45208026,7.48684748,227.04,15.85,0.00,144.63,0,-106.00,-11.00,0.00,0.00,31.00,0.00,0,429
749.04,1547560696,8874.25,51.45196341,7.48697186,227.58,15.61,0.00,146.81,0,-111.00,-15.00,0.00,0.00,30.00,0.00,0,429
749.04,1547560696,8874.27,51.45196341,7.48697186,227.58,15.61,0.00,146.81,0,-113.00,-16.00,0.00,0.00,29.00,0.00,0,289
749.05,1547560696,8874.28,51.45196341,7.48697186,227.58,15.61,0.00,146.81,0,-113.00,-17.00,0.00,0.00,30.00,0.00,0,465
750.04,1547560697,8889.88,51.45183638,7.48709258,228.32,16.39,0.00,148.92,0,-111.00,-15.00,0.00,0.00,30.00,0.00,0,429
750.05,1547560697,8889.90,51.45183638,7.48709258,228.32,16.39,0.00,148.92,0,-113.00,-16.00,0.00,0.00,29.00,0.00,0,289
750.05,1547560697,8889.91,51.45183638,7.48709258,228.32,16.39,0.00,148.92,0,-113.00,-17.00,0.00,0.00,30.00,0.00,0,465
751.04,1547560698,8906.27,51.45169820,7.48721719,228.95,16.76,0.00,151.33,0,-111.00,-15.00,0.00,0.00,30.00,0.00,0,465
751.04,1547560698,8906.27,51.45169820,7.48721719,228.95,16.76,0.00,151.33,0,-111.00,-16.00,0.00,0.00,30.00,0.00,0,429
751.05,1547560698,8906.29,51.45169820,7.48721719,228.95,16.76,0.00,151.33,0,-112.00,-16.00,0.00,0.00,30.00,0.00,0,290
752.04,1547560699,8923.02,51.45156548,7.48732241,229.57,16.27,0.00,153.94,0,-111.00,-15.00,0.00,0.00,30.00,0.00,0,465
752.04,1547560699,8923.03,51.45156548,7.48732241,229.57,16.27,0.00,153.94,0,-111.00,-16.00,0.00,0.00,30.00,0.00,0,429
752.04,1547560699,8923.03,51.45156548,7.48732241,229.57,16.27,0.00,153.94,0,-112.00,-16.00,0.00,0.00,30.00,0.00,0,290
753.04,1547560700,8939.30,51.45143568,7.48741677,230.26,15.91,0.00,155.31,0,-107.00,-15.00,0.00,0.00,33.00,0.00,0,429
753.05,1547560700,8939.32,51.45143568,7.48741677,230.26,15.91,0.00,155.31,0,-110.00,-17.00,0.00,0.00,33.00,0.00,0,465
753.05,1547560700,8939.32,51.45143568,7.48741677,230.26,15.91,0.00,155.31,0,-110.00,-17.00,0.00,0.00,33.00,0.00,0,290
754.04,1547560701,8955.18,51.45132313,7.48748348,230.86,14.19,0.00,157.23,0,-107.00,-15.00,0.00,0.00,33.00,0.00,0,429
754.04,1547560701,8955.19,51.45132313,7.48748348,230.86,14.19,0.00,157.23,0,-110.00,-17.00,0.00,0.00,33.00,0.00,0,465
754.04,1547560701,8955.19,51.45132313,7.48748348,230.86,14.19,0.00,157.23,0,-110.00,-17.00,0.00,0.00,33.00,0.00,0,290
755.04,1547560702,8969.40,51.45121362,7.48754729,231.25,13.36,0.00,158.42,0,-108.00,-13.00,0.00,0.00,30.00,0.00,0,429
755.04,1547560702,8969.40,51.45121362,7.48754729,231.25,13.36,0.00,158.42,0,-112.00,-16.00,0.00,0.00,30.00,0.00,0,290
755.05,1547560702,8969.41,51.45121362,7.48754729,231.25,13.36,0.00,158.42,0,-113.00,-18.00,0.00,0.00,30.00,0.00,0,465
756.05,1547560703,8982.82,51.45109890,7.48761309,232.07,14.59,0.00,158.52,0,-108.00,-13.00,0.00,0.00,30.00,0.00,0,429
756.05,1547560703,8982.85,51.45109890,7.48761309,232.07,14.59,0.00,158.52,0,-112.00,-16.00,0.00,0.00,30.00,0.00,0,290
756.05,1547560703,8982.87,51.45109890,7.48761309,232.07,14.59,0.00,158.52,0,-113.00,-18.00,0.00,0.00,30.00,0.00,0,465
