16.50,1547559964,192.86,51.49064851,7.41522613,155.29,14.34,-0.20,81.97,1,-99.00,-9.00,-1.00,7.00,34.00,8.00,13828122,452,0,4,5.04255,54,20.5625
30.60,1547559978,357.32,51.49028561,7.41726947,155.97,10.97,2.07,166.57,1,-100.00,-16.00,-9.00,4.00,40.00,8.00,13828122,452,1,4,3.55398,507,19.2813
39.29,1547559986,474.91,51.48910221,7.41770278,150.26,15.06,-0.42,169.33,1,-96.00,-13.00,2.00,5.00,41.00,6.00,13416987,62,2,3,3.45971,1171,20.6094
48.29,1547559995,614.51,51.48784584,7.41771713,148.81,16.03,0.84,178.99,1,-97.00,-14.00,1.00,7.00,42.00,6.00,13416987,62,3,2,3.01318,472,19.0938
68.51,1547560016,904.25,51.48551439,7.41858983,144.78,11.38,-0.43,168.63,1,-98.00,-14.00,-10.00,6.00,42.00,5.00,13416986,61,4,9,4.4069,427,19.4688
68.54,1547560016,904.65,51.48551439,7.41858983,144.78,11.38,-0.40,168.63,1,-105.00,-16.00,-5.00,5.00,37.00,5.00,13416986,61,5,0.1,0.162338,1200,19.0156
90.31,1547560038,1190.66,51.48318830,7.41762947,147.39,14.32,-0.85,211.03,1,-104.00,-15.00,-3.00,6.00,38.00,5.00,13416986,61,6,7,2.78012,47,21.0938
95.66,1547560043,1266.33,51.48260080,7.41717086,147.18,13.78,-0.03,203.60,1,-107.00,-15.00,-6.00,5.00,34.00,16.00,13427483,146,7,4,2.87796,1437,21.2031
109.25,1547560056,1393.84,51.48162939,7.41661714,153.57,0.00,0.00,201.61,1,-105.00,-16.00,-5.00,5.00,36.00,16.00,13427483,146,8,8,3.51147,209,20.8438
111.70,1547560059,1393.84,51.48162939,7.41661714,153.57,0.00,0.00,201.61,1,-99.00,-13.00,1.00,8.00,39.00,16.00,13427483,146,9,2,1.8412,1310,15
115.30,1547560063,1393.84,51.48154210,7.41657054,153.54,3.38,0.00,198.05,1,-96.00,-16.00,-5.00,5.00,46.00,16.00,13427483,146,10,1,2.34535,514,16.9219
139.11,1547560086,1696.37,51.48166931,7.42114978,146.16,18.31,3.87,82.41,1,-87.00,-12.00,1.00,9.00,48.00,10.00,13884185,27,11,7,3.26188,1030,16.75
141.78,1547560089,1745.18,51.48172487,7.42166651,144.87,18.37,-0.04,80.04,1,-90.00,-13.00,4.00,5.00,47.00,10.00,13884185,27,12,4,3.33646,215,19.8281
153.00,1547560100,1947.07,51.48212132,7.42444114,135.81,16.12,-0.47,77.51,1,-98.00,-15.00,-10.00,5.00,42.00,13.00,13825561,339,13,7,5.18375,379,15.8594
161.68,1547560109,2089.08,51.48240642,7.42649327,138.41,16.92,-0.02,77.04,1,-100.00,-13.00,-4.00,6.00,39.00,17.00,13823003,266,14,4,3.39343,855,20.9844
176.63,1547560124,2226.71,51.48258543,7.42848236,145.56,12.60,0.91,90.01,1,-92.00,-13.00,5.00,6.00,46.00,13.00,13825561,339,15,7,3.7526,418,17.875
180.09,1547560127,2273.06,51.48254529,7.42909286,146.09,13.65,0.00,95.16,1,-89.00,-13.00,1.00,7.00,49.00,13.00,13825561,339,16,4,4.32491,1566,19.8125
182.58,1547560130,2307.87,51.48248505,7.42972430,147.07,14.33,-0.20,96.52,1,-85.00,-12.00,-4.00,6.00,49.00,12.00,13823003,266,17,3,10.3627,63,7.65625
192.71,1547560140,2442.77,51.48230176,7.43162120,151.90,12.68,0.80,97.60,1,-92.00,-12.00,4.00,7.00,44.00,12.00,13823003,266,18,5,14.8093,61,17.7344
201.52,1547560149,2562.44,51.48213848,7.43337874,149.14,12.84,-1.25,96.68,1,-77.00,-7.00,14.00,11.00,53.00,12.00,13823003,266,19,3,16.2933,60,-0.3125
210.60,1547560158,2669.62,51.48202101,7.43486233,148.70,11.62,1.06,94.89,1,-76.00,-7.00,13.00,12.00,54.00,12.00,13823003,266,20,1,13.6286,36,3.07813
220.20,1547560167,2771.31,51.48192999,7.43636714,153.20,10.17,-2.83,96.22,1,-75.00,-7.00,9.00,15.00,55.00,12.00,13823003,266,21,0.1,4.46929,55,-0.546875
231.49,1547560179,2875.04,51.48183458,7.43777225,151.52,5.34,-0.83,95.66,1,-66.00,-5.00,27.00,13.00,63.00,12.00,13823003,266,22,3,16.6436,53,-10.9375
243.88,1547560191,2952.46,51.48175897,7.43887404,152.93,6.54,-0.26,96.73,1,-65.00,-6.00,22.00,14.00,63.00,12.00,13823003,266,23,9,18.794,35,-5.67188
251.42,1547560199,3009.42,51.48170522,7.43979061,157.66,9.19,-0.79,94.57,1,-65.00,-5.00,21.00,12.00,63.00,12.00,13823003,266,24,3,17.2043,44,-2.5
260.51,1547560208,3101.78,51.48162391,7.44116670,162.47,11.67,0.36,98.63,1,-69.00,-6.00,12.00,13.00,63.00,12.00,13823003,266,25,0.5,8.45666,75,2.29688
270.54,1547560218,3218.78,51.48100310,7.44251920,162.03,14.08,1.37,133.18,1,-73.00,-7.00,7.00,9.00,57.00,1.00,13823002,265,26,1,15.2964,41,0.828125
281.02,1547560228,3352.86,51.47999165,7.44333239,160.81,14.70,0.59,156.96,1,-76.00,-9.00,14.00,9.00,57.00,1.00,13823002,265,27,1,8.13835,50,0.171875
291.91,1547560239,3530.78,51.47858055,7.44457504,160.37,15.36,-0.12,151.47,1,-73.00,-10.00,12.00,10.00,59.00,11.00,12896793,375,28,2,8.42993,47,0.65625
305.56,1547560253,3736.40,51.47692933,7.44603585,160.68,13.68,-0.38,151.28,1,-73.00,-9.00,17.00,13.00,60.00,11.00,12896793,375,29,7,10.1892,71,-10.0313
311.46,1547560259,3811.79,51.47635344,7.44652906,161.14,9.08,-3.42,152.24,1,-69.00,-9.00,20.00,15.00,63.00,11.00,12896793,375,30,2,11.0574,47,2.73438
320.81,1547560268,3872.35,51.47595682,7.44688054,161.28,1.40,-1.63,151.04,1,-65.00,-7.00,24.00,15.00,63.00,11.00,12896793,375,31,1,10.0503,59,-4.65625
337.94,1547560285,3981.59,51.47506305,7.44768603,159.65,10.16,-0.59,146.32,1,-67.00,-6.00,23.00,15.00,63.00,11.00,12896793,375,32,10,10.2093,52,-1.28125
344.19,1547560291,4038.29,51.47462907,7.44820081,159.58,7.61,-3.97,142.18,1,-80.00,-10.00,15.00,15.00,55.00,11.00,12896793,375,33,5,9.69697,68,6.40625
356.80,1547560304,4139.99,51.47391699,7.44916595,160.71,10.73,0.64,138.13,1,-79.00,-8.00,10.00,8.00,55.00,11.00,12896793,375,34,10,11.919,58,11.5
366.35,1547560314,4245.72,51.47327873,7.45036779,165.06,8.93,-2.94,125.88,1,-70.00,-8.00,17.00,15.00,63.00,11.00,12896793,375,35,9,11.4888,56,-2.73438
373.26,1547560320,4309.81,51.47297155,7.45121980,164.92,13.66,4.43,119.20,1,-73.00,-11.00,4.00,10.00,60.00,1.00,12896794,376,36,6,15.0896,58,-8.40625
382.71,1547560330,4459.34,51.47254457,7.45324147,163.14,17.07,-0.43,105.39,1,-70.00,-7.00,29.00,14.00,62.00,1.00,12896794,376,37,5,15.3198,47,-2.78125
393.35,1547560341,4638.78,51.47208211,7.45578473,167.65,17.35,0.87,110.79,1,-68.00,-6.00,30.00,15.00,62.00,1.00,12896794,376,38,6,14.6879,61,-5.39063
401.87,1547560349,4784.67,51.47157070,7.45754328,165.23,16.36,-0.18,116.29,1,-86.00,-7.00,10.00,8.00,47.00,1.00,12896794,376,39,2,8.75753,72,8.73438
415.02,1547560362,4901.90,51.47113941,7.45889445,163.53,0.00,0.00,113.94,1,-91.00,-7.00,14.00,9.00,41.00,1.00,12896794,376,40,8,13.1471,66,16.0625
424.33,1547560372,4901.90,51.47113941,7.45889445,163.50,0.00,0.00,113.94,1,-89.00,-7.00,11.00,9.00,44.00,1.00,12896794,376,41,7,13.2013,59,19.3438
434.70,1547560382,4901.90,51.47113941,7.45889445,163.63,0.00,0.00,115.77,1,-89.00,-11.00,12.00,9.00,47.00,1.00,12896794,376,42,7,12.1686,76,18.7969
445.20,1547560392,4974.78,51.47079131,7.46015902,159.73,11.53,4.38,112.26,1,-87.00,-7.00,12.00,10.00,46.00,1.00,12896794,376,43,9,13.9914,53,17.3438
456.33,1547560404,5111.57,51.47027768,7.46198744,160.11,13.16,3.12,115.55,1,-86.00,-9.00,13.00,11.00,49.00,1.00,12896794,376,44,10,12.8144,55,19.3594
468.83,1547560416,5291.06,51.46965066,7.46428485,159.80,15.64,-0.48,109.57,1,-87.00,-6.00,10.00,15.00,42.00,1.00,12896794,376,45,9,8.24648,56,15.7813
477.14,1547560424,5418.74,51.46939809,7.46633231,161.37,15.42,-0.73,95.48,1,-93.00,-11.00,1.00,6.00,43.00,1.00,12896794,376,46,4,4.72743,294,19.5625
489.44,1547560437,5626.03,51.46957794,7.46924634,166.01,18.33,0.36,81.76,1,-101.00,-11.00,1.00,6.00,35.00,1.00,12896794,376,47,9,7.68656,70,20.6563
490.85,1547560438,5651.79,51.46960277,7.46950467,166.42,18.05,-0.34,80.83,1,-98.00,-11.00,6.00,6.00,39.00,1.00,12896794,376,48,0.5,4.73373,45,18.2969
514.46,1547560462,6078.75,51.46949818,7.47568978,173.40,16.97,0.05,95.08,1,-96.00,-8.00,2.00,10.00,37.00,1.00,12896794,376,49,10,5.90493,67,17.4844
519.90,1547560467,6161.57,51.46947410,7.47675431,174.47,12.72,-1.23,89.97,1,-99.00,-13.00,-3.00,6.00,40.00,14.00,12909339,289,50,2,2.31114,968,19.5625
526.16,1547560473,6232.58,51.46954689,7.47784760,177.19,8.67,-5.51,82.26,1,-88.00,-11.00,3.00,8.00,48.00,14.00,12909339,289,51,10,13.8337,50,18.5469
532.26,1547560479,6278.56,51.46965059,7.47840177,177.43,4.93,-2.01,76.62,1,-88.00,-12.00,8.00,7.00,49.00,14.00,12909339,289,52,3,10.7479,54,20.3438
545.87,1547560493,6301.31,51.46970220,7.47861137,177.54,0.00,0.00,76.76,1,-89.00,-8.00,15.00,15.00,44.00,14.00,12909339,289,53,10,13.7931,57,16.6719
553.97,1547560501,6301.31,51.46970220,7.47861137,177.52,0.00,0.00,76.76,1,-91.00,-8.00,9.00,12.00,43.00,14.00,12909339,289,54,5,10.2119,57,16.9063
560.20,1547560507,6307.96,51.46974538,7.47893754,177.46,7.02,5.48,76.91,1,-91.00,-9.00,3.00,8.00,43.00,14.00,12909339,289,55,0.1,4.44446,46,17.6563
573.42,1547560521,6456.84,51.47017493,7.48105898,179.94,11.90,-2.32,73.05,1,-84.00,-6.00,29.00,15.00,48.00,14.00,12909339,289,56,5,11.8941,47,12.5156
583.93,1547560531,6563.82,51.46967211,7.48185548,179.99,15.06,1.16,164.18,1,-90.00,-6.00,9.00,10.00,41.00,14.00,12909339,289,57,6,12.5425,51,16.7969
592.75,1547560540,6690.91,51.46851398,7.48233780,181.46,14.79,0.44,164.94,1,-87.00,-8.00,9.00,8.00,47.00,14.00,12909339,289,58,4,11.8125,49,18.6719
602.28,1547560549,6810.43,51.46753182,7.48269960,180.57,6.84,4.08,171.55,1,-88.00,-7.00,19.00,9.00,44.00,14.00,12909339,289,59,3,10.7191,61,18.2188
617.64,1547560565,7001.03,51.46572890,7.48216342,172.51,16.52,2.32,197.44,1,-91.00,-8.00,15.00,11.00,42.00,14.00,12909339,289,60,9,9.69175,43,17
628.57,1547560576,7160.67,51.46439128,7.48123822,165.76,13.94,0.02,198.41,1,-101.00,-8.00,6.00,7.00,32.00,14.00,12909339,289,61,6,6.59794,573,20.4844
635.71,1547560583,7256.49,51.46360310,7.48086303,169.11,14.13,0.28,196.21,1,-95.00,-9.00,2.00,6.00,40.00,14.00,12909339,289,62,4,6.18716,236,20.3125
644.80,1547560592,7380.63,51.46253796,7.48035725,172.35,11.85,-1.16,197.15,1,-91.00,-11.00,0.00,6.00,46.00,8.00,12909595,143,63,3,6.40171,675,19.2344
653.43,1547560601,7461.23,51.46203021,7.48055721,174.89,9.67,3.31,95.11,1,-90.00,-12.00,9.00,13.00,47.00,8.00,12909595,143,64,4,9.36494,39,19.4844
664.24,1547560611,7599.17,51.46196030,7.48270660,179.97,14.08,1.22,91.13,1,-91.00,-12.00,10.00,8.00,47.00,8.00,12909595,143,65,4,7.59013,60,19.0938
671.02,1547560618,7692.87,51.46193378,7.48381805,183.04,10.30,-2.73,93.84,1,-99.00,-16.00,-5.00,5.00,42.00,14.00,12909339,289,66,1,7.86627,42,17.1875
680.45,1547560628,7782.81,51.46116728,7.48443978,186.51,14.24,2.64,171.53,1,-77.00,-7.00,19.00,13.00,54.00,5.00,12909593,141,67,0.5,9.00901,47,-2.85156
695.51,1547560643,8017.04,51.45904124,7.48415066,196.56,14.36,-3.04,192.27,1,-78.00,-7.00,5.00,12.00,55.00,5.00,12909593,141,68,9,15.2284,55,4.54688
700.58,1547560648,8091.44,51.45837680,7.48390190,200.90,14.98,0.35,193.40,1,-72.00,-7.00,19.00,15.00,61.00,1.00,12909595,143,69,0.5,6.92042,60,2.04688
710.95,1547560658,8249.15,51.45698724,7.48340536,208.99,16.84,0.05,191.09,1,-84.00,-15.00,-1.00,4.00,55.00,1.00,12909595,143,70,1,9.02935,48,-7.60938
723.16,1547560670,8447.04,51.45505590,7.48326017,219.38,16.49,0.43,173.77,1,-89.00,-6.00,10.00,10.00,42.00,4.00,12909594,142,71,8,20.5589,35,16.625
733.26,1547560680,8618.43,51.45364481,7.48441275,225.31,17.04,1.98,141.62,1,-88.00,-6.00,23.00,8.00,43.00,4.00,12909594,142,72,8,20.0125,39,16.3438
740.76,1547560688,8741.20,51.45285812,7.48570599,225.88,14.65,-2.95,132.94,1,-100.00,-9.00,3.00,8.00,34.00,4.00,12909594,142,73,1,10.1523,32,20.3281
753.29,1547560700,8943.18,51.45132313,7.48748348,230.86,14.19,-6.98,157.23,1,-105.00,-10.00,-2.00,3.00,30.00,4.00,12909594,142,74,2,4.86322,40,20.5156
