0.05,1547559953,0.00,51.49033251,7.41208534,146.55,4.90,0.00,74.61,1,-88.00,-6.00,10.00,14.00,48.00,7.00,26385408,95
1.05,1547559954,4.92,51.49034293,7.41218954,146.60,5.08,0.18,73.40,1,-88.00,-6.00,10.00,14.00,48.00,7.00,26385408,95
2.05,1547559955,10.01,51.49034942,7.41231500,145.75,5.31,0.23,77.76,1,-88.00,-5.00,9.00,14.00,47.00,7.00,26385408,95
3.05,1547559956,15.32,51.49035634,7.41244514,144.54,8.83,3.51,77.19,1,-88.00,-5.00,9.00,14.00,47.00,7.00,26385408,95
4.05,1547559957,24.15,51.49036879,7.41258253,144.10,10.22,1.39,77.92,1,-82.00,-5.00,24.00,14.00,53.00,7.00,26385408,95
5.05,1547559958,34.36,51.49038385,7.41273553,143.97,11.31,1.09,77.71,1,-82.00,-5.00,24.00,14.00,53.00,7.00,26385408,95
6.05,1547559959,45.67,51.49039927,7.41299734,145.73,12.10,0.79,78.63,1,-86.00,-6.00,8.00,11.00,50.00,7.00,26385408,95
7.05,1547559960,57.76,51.49042121,7.41319606,147.71,12.76,0.66,78.96,1,-86.00,-6.00,8.00,11.00,50.00,7.00,26385408,95
8.05,1547559961,70.53,51.49043711,7.41339242,149.44,12.72,-0.04,78.56,1,-88.00,-5.00,10.00,14.00,47.00,7.00,26385408,95
9.05,1547559962,83.25,51.49045392,7.41358143,151.64,13.04,0.32,78.15,1,-88.00,-5.00,10.00,14.00,47.00,7.00,26385408,95
10.05,1547559963,96.28,51.49047043,7.41376932,153.38,13.51,0.47,78.20,1,-90.00,-8.00,7.00,11.00,49.00,7.00,26385408,95
11.16,1547559964,111.31,51.49049611,7.41397307,154.73,14.23,0.65,77.69,1,-90.00,-8.00,7.00,11.00,49.00,7.00,26385408,95
12.15,1547559965,125.32,51.49052205,7.41418703,155.33,14.69,0.47,77.75,1,-85.00,-8.00,13.00,13.00,54.00,7.00,26385408,95
13.15,1547559966,140.03,51.49054710,7.41440450,155.89,14.88,0.19,78.45,1,-85.00,-8.00,13.00,13.00,54.00,7.00,26385408,95
14.15,1547559967,154.94,51.49056864,7.41461572,156.53,14.66,-0.22,79.23,1,-84.00,-5.00,13.00,12.00,51.00,7.00,26385408,95
15.15,1547559968,169.60,51.49059313,7.41482205,157.10,14.41,-0.25,79.06,1,-84.00,-5.00,13.00,12.00,51.00,7.00,26385408,95
16.15,1547559969,184.01,51.49061613,7.41502285,157.58,14.24,-0.18,79.82,1,-87.00,-8.00,10.00,15.00,52.00,7.00,26385408,95
17.15,1547559970,198.21,51.49063221,7.41522685,157.90,14.29,0.06,81.25,1,-87.00,-8.00,10.00,15.00,52.00,7.00,26385408,95
18.15,1547559971,212.56,51.49064711,7.41544685,158.04,14.12,-0.17,82.36,1,-82.00,-6.00,-4.00,6.00,55.00,4.00,29391105,167
19.15,1547559972,226.68,51.49065734,7.41565559,158.10,13.88,-0.24,84.20,1,-82.00,-6.00,-4.00,6.00,55.00,4.00,29391105,167
20.16,1547559973,240.64,51.49066217,7.41585252,157.44,13.81,-0.07,86.41,1,-76.00,-6.00,33.00,15.00,59.00,4.00,29391105,167
21.15,1547559974,254.32,51.49065956,7.41605671,156.77,13.78,-0.03,89.04,1,-76.00,-6.00,33.00,15.00,59.00,4.00,29391105,167
22.15,1547559975,268.15,51.49064654,7.41624971,156.53,13.24,-0.54,91.94,1,-76.00,-6.00,33.00,15.00,59.00,4.00,29391105,167
23.15,1547559976,281.34,51.49062690,7.41643742,156.51,12.69,-0.55,95.67,1,-81.00,-8.00,23.00,15.00,55.00,4.00,29391105,167
24.15,1547559977,294.06,51.49060475,7.41661493,156.97,12.21,-0.48,98.17,1,-81.00,-8.00,23.00,15.00,55.00,4.00,29391105,167
25.15,1547559978,306.27,51.49058491,7.41679180,157.24,10.87,-1.34,99.16,1,-86.00,-6.00,19.00,14.00,50.00,4.00,29391105,167
26.15,1547559979,317.14,51.49056473,7.41692978,157.04,9.33,-1.54,100.37,1,-86.00,-6.00,19.00,14.00,50.00,4.00,29391105,167
27.15,1547559980,326.47,51.49149050,7.42129450,156.72,7.46,-1.87,101.30,1,-81.00,-5.00,27.00,15.00,55.00,4.00,29391105,167
28.15,1547559981,333.93,51.49050690,7.41713885,156.27,6.86,-0.60,123.25,1,-81.00,-5.00,27.00,15.00,55.00,4.00,29391105,167
29.15,1547559982,340.79,51.49044604,7.41720956,155.70,7.55,0.69,147.32,1,-77.00,-5.00,29.00,11.00,58.00,4.00,29391105,167
30.15,1547559983,348.33,51.49036490,7.41724150,155.06,9.67,2.12,169.27,1,-77.00,-5.00,29.00,11.00,58.00,4.00,29391105,167
31.15,1547559984,358.05,51.49026570,7.41727224,154.44,11.05,1.37,168.95,1,-79.00,-7.00,28.00,14.00,59.00,4.00,29391105,167
32.15,1547559985,369.01,51.49016894,7.41729620,153.84,11.82,0.78,168.51,1,-79.00,-7.00,28.00,14.00,59.00,4.00,29391105,167
33.15,1547559986,380.84,51.49005385,7.41733384,153.36,13.22,1.40,167.86,1,-80.00,-6.00,22.00,12.00,56.00,4.00,29391105,167
34.15,1547559987,394.10,51.48992828,7.41738487,152.96,13.99,0.77,166.25,1,-80.00,-6.00,22.00,12.00,56.00,4.00,29391105,167
35.15,1547559988,408.07,51.48979237,7.41744113,152.52,14.57,0.58,165.49,1,-87.00,-6.00,15.00,11.00,49.00,4.00,29391105,167
36.15,1547559989,422.65,51.48965623,7.41749739,152.16,14.98,0.41,166.01,1,-87.00,-6.00,15.00,11.00,49.00,4.00,29391105,167
37.15,1547559990,437.61,51.48952070,7.41755195,151.98,15.13,0.15,166.75,1,-84.00,-5.00,21.00,12.00,53.00,4.00,29391105,167
38.15,1547559991,452.76,51.48939369,7.41759740,151.92,15.08,-0.06,167.40,1,-84.00,-5.00,21.00,12.00,53.00,4.00,29391105,167
39.15,1547559992,467.84,51.48926560,7.41764322,152.15,15.10,0.02,168.13,1,-90.00,-8.00,23.00,11.00,50.00,4.00,29391105,167
40.15,1547559993,482.93,51.48913153,7.41768247,152.43,15.01,-0.08,169.33,1,-90.00,-8.00,23.00,11.00,50.00,4.00,29391105,167
41.15,1547559994,497.98,51.48899434,7.41771380,152.62,15.01,-0.00,171.04,1,-90.00,-8.00,18.00,9.00,48.00,4.00,29391105,167
42.15,1547559995,512.93,51.48885561,7.41773455,152.73,15.36,0.35,173.31,1,-90.00,-8.00,18.00,9.00,48.00,4.00,29391105,167
43.15,1547559996,528.30,51.48871720,7.41774321,152.63,15.76,0.40,175.80,1,-90.00,-8.00,18.00,9.00,48.00,4.00,29391105,167
44.15,1547559997,544.08,51.48857247,7.41774259,152.31,15.94,0.18,177.85,1,-92.00,-7.00,13.00,7.00,46.00,4.00,29391105,167
45.15,1547559998,560.00,51.48841884,7.41774188,152.17,16.01,0.06,179.36,1,-92.00,-7.00,13.00,7.00,46.00,4.00,29391105,167
46.15,1547559999,576.04,51.48826805,7.41773638,152.04,16.11,0.11,180.57,1,-92.00,-7.00,22.00,10.00,47.00,4.00,29391105,167
47.15,1547560000,592.14,51.49023590,7.41504520,151.98,16.18,0.07,180.99,1,-92.00,-7.00,22.00,10.00,47.00,4.00,29391105,167
48.15,1547560001,608.37,51.48798291,7.41771986,151.76,16.30,0.12,180.29,1,-93.00,-8.00,18.00,10.00,47.00,4.00,29391105,167
49.15,1547560002,624.65,51.48784152,7.41771797,151.37,16.06,-0.24,179.11,1,-93.00,-8.00,18.00,10.00,47.00,4.00,29391105,167
50.15,1547560003,640.65,51.48770084,7.41772651,150.85,16.16,0.10,176.89,1,-97.00,-8.00,18.00,9.00,43.00,4.00,29391105,167
51.15,1547560004,656.87,51.48756557,7.41775173,150.21,15.72,-0.44,173.18,1,-97.00,-8.00,18.00,9.00,43.00,4.00,29391105,167
52.15,1547560005,672.56,51.48743772,7.41783427,149.41,15.45,-0.27,157.61,1,-96.00,-9.00,0.00,6.00,42.00,10.00,28365056,222
53.15,1547560006,688.08,51.48730896,7.41793116,148.58,15.88,0.43,154.80,1,-96.00,-9.00,0.00,6.00,42.00,10.00,28365056,222
54.15,1547560007,703.88,51.48719725,7.41808891,147.85,16.14,0.26,138.02,1,-97.00,-9.00,2.00,6.00,42.00,10.00,28365056,222
55.15,1547560008,720.03,51.48709265,7.41824076,146.98,15.91,-0.23,136.50,1,-97.00,-9.00,2.00,6.00,42.00,10.00,28365056,222
56.15,1547560009,735.94,51.48699715,7.41838478,146.06,15.24,-0.67,135.74,1,-98.00,-8.00,8.00,11.00,38.00,10.00,28365056,222
57.15,1547560010,751.15,51.48690310,7.41852914,145.67,14.96,-0.28,137.63,1,-98.00,-8.00,8.00,11.00,38.00,10.00,28365056,222
58.15,1547560011,766.16,51.48678733,7.41862898,145.13,14.43,-0.53,154.88,1,-102.00,-9.00,4.00,8.00,39.00,10.00,28365056,222
59.15,1547560012,780.57,51.48666591,7.41871036,144.64,14.02,-0.41,158.41,1,-102.00,-9.00,4.00,8.00,39.00,10.00,28365056,222
60.15,1547560013,794.55,51.48653039,7.41873289,143.78,13.84,-0.17,176.27,1,-99.00,-7.00,10.00,10.00,39.00,10.00,28365056,222
61.15,1547560014,808.44,51.48641467,7.41873356,142.69,13.45,-0.40,179.27,1,-99.00,-7.00,10.00,10.00,39.00,10.00,28365056,222
62.16,1547560015,821.99,51.48629336,7.41868705,141.96,12.45,-0.99,195.37,1,-97.00,-8.00,7.00,7.00,41.00,10.00,28365056,222
63.15,1547560016,834.32,51.48618374,7.41864121,141.71,12.74,0.29,195.81,1,-97.00,-8.00,7.00,7.00,41.00,10.00,28365056,222
64.15,1547560017,847.03,51.48607250,7.41859211,141.59,12.74,-0.00,195.79,1,-97.00,-8.00,7.00,7.00,41.00,10.00,28365056,222
65.15,1547560018,859.81,51.48595575,7.41854477,141.79,12.40,-0.34,193.44,1,-95.00,-9.00,8.00,7.00,46.00,10.00,28365056,222
66.15,1547560019,872.22,51.48584110,7.41851417,142.17,12.45,0.05,189.72,1,-95.00,-9.00,8.00,7.00,46.00,10.00,28365056,222
67.15,1547560020,884.67,51.48919950,7.42617400,142.53,11.78,-0.68,174.48,1,-96.00,-8.00,8.00,12.00,42.00,10.00,28365056,222
68.15,1547560021,896.45,51.48562887,7.41855573,142.99,11.65,-0.13,172.19,1,-96.00,-8.00,8.00,12.00,42.00,10.00,28365056,222
69.15,1547560022,908.10,51.48552876,7.41859151,143.63,11.39,-0.26,168.82,1,-98.00,-8.00,6.00,12.00,41.00,10.00,28365056,222
70.15,1547560023,919.48,51.48543035,7.41863631,144.35,11.51,0.12,165.28,1,-98.00,-8.00,6.00,12.00,41.00,10.00,28365056,222
71.15,1547560024,931.02,51.48533554,7.41871741,145.23,12.28,0.77,152.20,1,-102.00,-10.00,2.00,9.00,39.00,10.00,28365056,222
72.15,1547560025,943.28,51.48523688,7.41879865,146.02,12.31,0.03,152.73,1,-102.00,-10.00,2.00,9.00,39.00,10.00,28365056,222
73.15,1547560026,955.56,51.48512947,7.41888640,146.65,12.40,0.09,154.54,1,-96.00,-11.00,2.00,12.00,43.00,11.00,29391105,167
74.15,1547560027,967.97,51.48504192,7.41895589,147.42,11.53,-0.88,157.75,1,-96.00,-11.00,2.00,12.00,43.00,11.00,29391105,167
75.15,1547560028,979.52,51.48493410,7.41896866,147.99,11.58,0.05,176.83,1,-96.00,-11.00,4.00,8.00,40.00,11.00,29391105,167
76.15,1547560029,991.10,51.48482014,7.41897320,148.40,11.73,0.15,178.24,1,-96.00,-11.00,4.00,8.00,40.00,11.00,29391105,167
77.15,1547560030,1002.81,51.48469820,7.41897034,148.68,12.34,0.60,180.56,1,-103.00,-8.00,0.00,6.00,37.00,8.00,28365056,222
78.15,1547560031,1015.15,51.48458118,7.41895548,148.97,13.01,0.68,184.12,1,-103.00,-8.00,0.00,6.00,37.00,8.00,28365056,222
79.15,1547560032,1028.17,51.48446529,7.41890087,149.05,13.14,0.13,197.79,1,-99.00,-9.00,1.00,5.00,41.00,8.00,28365056,222
80.15,1547560033,1041.31,51.48434496,7.41883407,148.78,13.35,0.20,198.99,1,-99.00,-9.00,1.00,5.00,41.00,8.00,28365056,222
81.15,1547560034,1054.67,51.48423667,7.41875835,149.04,13.86,0.52,201.66,1,-100.00,-8.00,4.00,5.00,40.00,8.00,28365056,222
82.15,1547560035,1068.54,51.48411757,7.41866086,149.25,14.62,0.76,204.65,1,-100.00,-8.00,4.00,5.00,40.00,8.00,28365056,222
83.15,1547560036,1083.22,51.48400267,7.41855151,149.31,14.72,0.09,207.67,1,-95.00,-10.00,4.00,6.00,44.00,8.00,28365056,222
84.15,1547560037,1097.87,51.48389033,7.41844028,149.45,14.09,-0.62,209.64,1,-95.00,-10.00,4.00,6.00,44.00,8.00,28365056,222
85.15,1547560038,1111.95,51.48378285,7.41832587,149.76,14.39,0.30,210.93,1,-95.00,-10.00,4.00,6.00,44.00,8.00,28365056,222
86.15,1547560039,1126.36,51.48368523,7.41822030,149.71,14.21,-0.18,211.85,1,-104.00,-11.00,4.00,5.00,38.00,8.00,28365056,222
87.15,1547560040,1140.59,51.49460270,7.43987510,149.72,14.23,0.02,212.44,1,-104.00,-11.00,4.00,5.00,38.00,8.00,28365056,222
88.15,1547560041,1154.80,51.48347550,7.41798809,149.88,14.17,-0.06,212.84,1,-99.00,-9.00,6.00,9.00,41.00,8.00,28365056,222
89.15,1547560042,1168.97,51.48336925,7.41787361,149.91,14.42,0.25,212.75,1,-99.00,-9.00,6.00,9.00,41.00,8.00,28365056,222
90.15,1547560043,1183.35,51.48325743,7.41775237,149.95,14.54,0.11,212.07,1,-102.00,-9.00,2.00,4.00,38.00,8.00,28365056,222
91.15,1547560044,1197.92,51.48314072,7.41763257,149.86,14.58,0.04,210.89,1,-102.00,-9.00,2.00,4.00,38.00,8.00,28365056,222
92.15,1547560045,1212.54,51.48302929,7.41753070,149.82,14.27,-0.30,208.95,1,-103.00,-12.00,1.00,6.00,40.00,8.00,28365056,222
93.15,1547560046,1226.81,51.48291346,7.41743045,149.76,14.09,-0.18,206.84,1,-103.00,-12.00,1.00,6.00,40.00,8.00,28365056,222
94.15,1547560047,1240.92,51.48280095,7.41734211,149.80,13.86,-0.23,204.97,1,-107.00,-15.00,-3.00,5.00,40.00,8.00,28365056,222
95.15,1547560048,1254.76,51.48268683,7.41726169,150.19,13.83,-0.03,203.76,1,-107.00,-15.00,-3.00,5.00,40.00,8.00,28365056,222
96.15,1547560049,1268.60,51.48257297,7.41718514,150.67,13.90,0.07,202.77,1,-104.00,-13.00,-3.00,6.00,40.00,8.00,28365056,222
97.15,1547560050,1282.51,51.48245214,7.41710989,151.23,14.14,0.24,201.94,1,-104.00,-13.00,-3.00,6.00,40.00,8.00,28365056,222
98.15,1547560051,1296.63,51.48232873,7.41704034,151.99,14.56,0.41,200.83,1,-98.00,-11.00,4.00,6.00,44.00,8.00,28365056,222
99.15,1547560052,1311.19,51.48220885,7.41697450,152.68,14.62,0.07,199.86,1,-98.00,-11.00,4.00,6.00,44.00,8.00,28365056,222
100.17,1547560053,1326.02,51.48208555,7.41691435,153.24,14.78,0.16,199.18,1,-89.00,-9.00,8.00,9.00,52.00,8.00,28365056,222
101.15,1547560054,1340.62,51.48196283,7.41685111,153.69,14.34,-0.44,199.69,1,-89.00,-9.00,8.00,9.00,52.00,8.00,28365056,222
102.15,1547560055,1354.85,51.48185894,7.41679052,154.17,12.14,-2.22,200.64,1,-90.00,-10.00,10.00,8.00,51.00,8.00,28365056,222
103.15,1547560056,1367.00,51.48176494,7.41673642,154.68,9.51,-2.63,201.09,1,-90.00,-10.00,10.00,8.00,51.00,8.00,28365056,222
104.16,1547560057,1376.61,51.48169383,7.41669280,155.23,6.98,-2.49,201.60,1,-91.00,-12.00,6.00,8.00,51.00,8.00,28365056,222
105.15,1547560058,1383.55,51.48164123,7.41665924,155.63,4.72,-2.28,200.93,1,-91.00,-12.00,6.00,8.00,51.00,8.00,28365056,222
106.15,1547560059,1388.26,51.48160897,7.41663655,155.68,2.54,-2.18,200.54,1,-91.00,-12.00,6.00,8.00,51.00,8.00,28365056,222
107.15,1547560060,1390.81,51.48161000,7.41569750,155.68,0.00,-2.54,200.54,1,-94.00,-11.00,6.00,6.00,48.00,8.00,28365056,222
108.15,1547560061,1390.81,51.48160897,7.41663655,155.68,0.00,0.00,200.54,1,-94.00,-11.00,6.00,6.00,48.00,8.00,28365056,222
109.15,1547560062,1390.81,51.48160897,7.41663655,155.68,0.00,0.00,200.54,1,-89.00,-10.00,2.00,6.00,52.00,8.00,28365056,222
110.15,1547560063,1390.81,51.48160897,7.41663655,155.69,0.00,0.00,200.54,1,-89.00,-10.00,2.00,6.00,52.00,8.00,28365056,222
111.15,1547560064,1390.81,51.48160897,7.41663655,155.70,0.00,0.00,200.54,1,-89.00,-10.00,2.00,6.00,52.00,8.00,28365056,222
112.15,1547560065,1390.81,51.48160897,7.41663655,155.71,0.00,0.00,200.54,1,-89.00,-10.00,2.00,6.00,52.00,8.00,28365056,222
113.15,1547560066,1390.81,51.48160897,7.41663655,155.79,0.00,0.00,200.54,1,-87.00,-8.00,2.00,6.00,50.00,5.00,28365057,224
114.15,1547560067,1390.81,51.48160897,7.41663655,155.87,0.00,0.00,200.20,1,-87.00,-8.00,2.00,6.00,50.00,5.00,28365057,224
115.15,1547560068,1390.81,51.48155029,7.41660245,155.92,0.00,0.00,199.36,1,-90.00,-10.00,4.00,6.00,52.00,5.00,28365057,224
116.15,1547560069,1390.81,51.48151677,7.41658384,155.98,3.52,0.00,198.24,1,-90.00,-10.00,4.00,6.00,52.00,5.00,28365057,224
117.15,1547560070,1394.33,51.48149311,7.41657194,156.01,2.97,-0.55,196.47,1,-85.00,-8.00,1.00,10.00,55.00,5.00,28365057,224
118.15,1547560071,1397.29,51.48146729,7.41656155,156.04,2.65,-0.32,193.67,1,-85.00,-8.00,1.00,10.00,55.00,5.00,28365057,224
119.15,1547560072,1399.95,51.48143663,7.41659640,156.09,4.73,2.08,144.25,1,-85.00,-8.00,1.00,9.00,55.00,5.00,28365057,224
120.15,1547560073,1404.68,51.48140492,7.41665632,155.76,6.85,2.12,128.97,1,-85.00,-8.00,1.00,9.00,55.00,5.00,28365057,224
121.15,1547560074,1411.51,51.48139383,7.41678664,155.41,9.39,2.54,99.71,1,-82.00,-8.00,13.00,10.00,57.00,5.00,28365057,224
122.15,1547560075,1420.89,51.48140292,7.41693462,154.86,10.91,1.52,85.11,1,-82.00,-8.00,13.00,10.00,57.00,5.00,28365057,224
123.15,1547560076,1431.82,51.48141189,7.41710129,154.16,11.93,1.03,84.51,1,-85.00,-11.00,6.00,6.00,54.00,5.00,28365057,224
124.15,1547560077,1443.79,51.48142721,7.41727596,153.74,13.12,1.18,82.61,1,-85.00,-11.00,6.00,6.00,54.00,5.00,28365057,224
125.16,1547560078,1457.07,51.48144906,7.41748570,153.29,14.43,1.30,80.48,1,-93.00,-11.00,-3.00,8.00,49.00,5.00,28365057,224
126.15,1547560079,1471.33,51.48147230,7.41770325,152.57,14.36,-0.07,79.19,1,-93.00,-11.00,-3.00,8.00,49.00,5.00,28365057,224
127.15,1547560080,1485.70,51.48167120,7.41993690,152.19,14.72,0.36,79.77,1,-93.00,-11.00,-3.00,8.00,49.00,5.00,28365057,224
128.15,1547560081,1500.42,51.48151366,7.41814772,151.51,15.73,1.00,80.94,1,-90.00,-9.00,3.00,8.00,50.00,5.00,28365057,224
129.15,1547560082,1516.13,51.48153158,7.41838222,150.78,16.28,0.56,81.94,1,-90.00,-9.00,3.00,8.00,50.00,5.00,28365057,224
130.15,1547560083,1532.40,51.48154682,7.41861452,150.38,16.57,0.29,83.27,1,-86.00,-8.00,3.00,10.00,53.00,5.00,28365057,224
131.16,1547560084,1549.08,51.48156304,7.41885310,150.19,16.81,0.24,83.64,1,-86.00,-8.00,3.00,10.00,53.00,5.00,28365057,224
132.15,1547560085,1565.81,51.48157710,7.41910846,149.57,17.15,0.35,84.49,1,-85.00,-10.00,5.00,11.00,54.00,5.00,28365057,224
133.15,1547560086,1582.93,51.48159119,7.41935936,149.28,17.43,0.28,85.05,1,-85.00,-10.00,5.00,11.00,54.00,5.00,28365057,224
134.15,1547560087,1600.38,51.48159950,7.41960169,149.16,17.49,0.06,85.53,1,-81.00,-11.00,7.00,14.00,57.00,5.00,28365057,224
135.15,1547560088,1617.89,51.48160660,7.41984529,148.79,17.71,0.22,85.04,1,-81.00,-11.00,7.00,14.00,57.00,5.00,28365057,224
136.15,1547560089,1635.57,51.48161677,7.42011212,147.84,17.18,-0.53,84.68,1,-84.00,-8.00,12.00,8.00,56.00,5.00,28365057,224
137.15,1547560090,1652.75,51.48162869,7.42035683,147.02,17.43,0.25,83.86,1,-84.00,-8.00,12.00,8.00,56.00,5.00,28365057,224
138.15,1547560091,1670.18,51.48163806,7.42063237,145.87,18.13,0.70,83.44,1,-87.00,-9.00,0.00,7.00,52.00,5.00,28365057,224
139.15,1547560092,1688.31,51.48165668,7.42089147,145.28,18.06,-0.07,82.60,1,-87.00,-9.00,0.00,7.00,52.00,5.00,28365057,224
140.18,1547560093,1706.98,51.48167767,7.42114599,144.55,18.20,0.13,81.51,1,-92.00,-10.00,4.00,6.00,51.00,5.00,28365057,224
141.16,1547560094,1724.75,51.48170191,7.42141261,144.00,18.46,0.26,80.85,1,-92.00,-10.00,4.00,6.00,51.00,5.00,28365057,224
142.15,1547560095,1742.98,51.48172968,7.42168217,143.19,18.38,-0.08,79.90,1,-93.00,-11.00,1.00,5.00,47.00,5.00,28365057,224
143.15,1547560096,1761.36,51.48175798,7.42193951,142.42,18.39,0.01,79.20,1,-93.00,-11.00,1.00,5.00,47.00,5.00,28365057,224
144.15,1547560097,1779.75,51.48179238,7.42220206,141.47,18.66,0.28,78.64,1,-96.00,-12.00,0.00,6.00,44.00,5.00,28365057,224
145.15,1547560098,1798.41,51.48182622,7.42247285,140.40,18.67,0.00,78.23,1,-96.00,-12.00,0.00,6.00,44.00,5.00,28365057,224
146.16,1547560099,1817.28,51.48186357,7.42272575,139.30,18.56,-0.11,77.49,1,-97.00,-10.00,3.00,5.00,42.00,5.00,28365057,224
147.15,1547560100,1835.71,51.48551190,7.43743900,138.33,18.38,-0.18,77.33,1,-97.00,-10.00,3.00,5.00,42.00,5.00,28365057,224
148.15,1547560101,1854.07,51.48193757,7.42323657,137.54,17.99,-0.39,76.55,1,-97.00,-10.00,3.00,5.00,42.00,5.00,28365057,224
149.15,1547560102,1872.07,51.48197281,7.42347860,136.72,17.65,-0.35,77.11,1,-100.00,-12.00,1.00,8.00,43.00,5.00,28365057,224
150.15,1547560103,1889.66,51.48201067,7.42373347,135.91,17.27,-0.38,77.75,1,-100.00,-12.00,1.00,8.00,43.00,5.00,28365057,224
151.15,1547560104,1907.02,51.48204160,7.42396451,134.90,16.95,-0.32,78.06,1,-100.00,-10.00,-2.00,8.00,41.00,5.00,28365057,224
152.15,1547560105,1923.97,51.48207339,7.42419549,134.07,16.68,-0.27,78.40,1,-100.00,-10.00,-2.00,8.00,41.00,5.00,28365057,224
153.15,1547560106,1940.60,51.48210407,7.42442317,133.32,16.29,-0.40,78.07,1,-95.00,-8.00,-5.00,6.00,44.00,16.00,28368386,213
154.15,1547560107,1956.89,51.48213373,7.42464968,132.77,16.03,-0.26,77.35,1,-95.00,-8.00,-5.00,6.00,44.00,16.00,28368386,213
155.15,1547560108,1972.94,51.48216756,7.42487782,132.46,15.80,-0.23,77.89,1,-96.00,-8.00,1.00,6.00,43.00,16.00,28368386,213
156.15,1547560109,1988.75,51.48219749,7.42511650,132.28,15.75,-0.05,77.14,1,-96.00,-8.00,1.00,6.00,43.00,16.00,28368386,213
157.15,1547560110,2004.52,51.48222827,7.42535005,132.25,16.08,0.33,77.49,1,-101.00,-10.00,0.00,4.00,40.00,16.00,28368386,213
158.15,1547560111,2020.56,51.48226048,7.42558065,132.31,16.50,0.42,78.08,1,-101.00,-10.00,0.00,4.00,40.00,16.00,28368386,213
159.15,1547560112,2037.05,51.48229363,7.42580966,132.50,16.53,0.03,77.51,1,-101.00,-11.00,-1.00,6.00,41.00,16.00,28368386,213
160.15,1547560113,2053.55,51.48232584,7.42604532,133.10,16.85,0.33,78.40,1,-101.00,-11.00,-1.00,6.00,41.00,16.00,28368386,213
161.15,1547560114,2070.45,51.48235720,7.42627369,134.02,16.49,-0.36,77.83,1,-100.00,-11.00,3.00,5.00,42.00,16.00,28368386,213
162.15,1547560115,2086.90,51.48238959,7.42649289,135.26,16.73,0.23,77.43,1,-100.00,-11.00,3.00,5.00,42.00,16.00,28368386,213
163.16,1547560116,2103.84,51.48242095,7.42672359,136.03,15.86,-0.86,78.02,1,-99.00,-10.00,1.00,5.00,43.00,16.00,28368386,213
164.15,1547560117,2119.51,51.48245012,7.42694656,136.72,12.98,-2.92,78.80,1,-99.00,-10.00,1.00,5.00,43.00,16.00,28368386,213
165.15,1547560118,2132.49,51.48247513,7.42714175,137.29,12.72,-0.26,79.24,1,-98.00,-11.00,1.00,8.00,44.00,16.00,28368386,213
166.15,1547560119,2145.20,51.48249548,7.42729828,137.83,11.00,-1.72,80.34,1,-98.00,-11.00,1.00,8.00,44.00,16.00,28368386,213
167.15,1547560120,2156.22,51.48197780,7.42550950,138.29,8.54,-2.46,80.94,1,-97.00,-9.00,4.00,9.00,43.00,16.00,28368386,213
168.15,1547560121,2164.75,51.48252510,7.42754878,138.97,6.47,-2.07,82.19,1,-97.00,-9.00,4.00,9.00,43.00,16.00,28368386,213
169.16,1547560122,2171.28,51.48253463,7.42764962,139.02,3.92,-2.53,81.29,1,-97.00,-10.00,1.00,9.00,44.00,16.00,28368386,213
170.15,1547560123,2175.18,51.48254093,7.42773036,139.03,3.46,-0.46,80.40,1,-97.00,-10.00,1.00,9.00,44.00,16.00,28368386,213
171.15,1547560124,2178.64,51.48254459,7.42776778,139.08,3.33,-0.13,79.68,1,-97.00,-10.00,1.00,9.00,44.00,16.00,28368386,213
172.15,1547560125,2181.97,51.48254530,7.42782890,139.11,3.92,0.59,83.00,1,-96.00,-11.00,-2.00,8.00,46.00,16.00,28368386,213
173.15,1547560126,2185.89,51.48255117,7.42791705,139.29,5.74,1.82,82.15,1,-96.00,-11.00,-2.00,8.00,46.00,16.00,28368386,213
174.15,1547560127,2191.66,51.48256033,7.42802308,139.58,6.50,0.75,83.07,1,-98.00,-11.00,2.00,8.00,44.00,16.00,28368386,213
175.15,1547560128,2198.13,51.48257066,7.42815228,139.53,8.14,1.64,85.06,1,-98.00,-11.00,2.00,8.00,44.00,16.00,28368386,213
176.15,1547560129,2206.27,51.48257891,7.42831376,139.54,8.69,0.55,87.19,1,-96.00,-11.00,3.00,6.00,47.00,16.00,28368386,213
177.15,1547560130,2214.96,51.48257726,7.42846852,139.32,11.86,3.17,89.04,1,-96.00,-11.00,3.00,6.00,47.00,16.00,28368386,213
178.15,1547560131,2226.80,51.48256597,7.42865967,139.00,13.93,2.08,91.55,1,-97.00,-11.00,0.00,8.00,46.00,16.00,28368386,213
179.15,1547560132,2240.73,51.48255405,7.42886406,138.72,14.27,0.34,93.35,1,-97.00,-11.00,0.00,8.00,46.00,16.00,28368386,213
180.15,1547560133,2254.95,51.48253927,7.42908505,138.81,13.67,-0.61,95.06,1,-98.00,-10.00,16.00,5.00,44.00,16.00,28368386,213
181.15,1547560134,2268.69,51.48251994,7.42928174,139.00,13.83,0.16,96.00,1,-98.00,-10.00,16.00,5.00,44.00,16.00,28368386,213
182.15,1547560135,2282.49,51.48249959,7.42949624,139.47,14.09,0.27,96.40,1,-98.00,-8.00,-2.00,6.00,41.00,15.00,29563904,96
183.15,1547560136,2296.59,51.48248074,7.42970193,140.02,14.03,-0.06,96.74,1,-98.00,-8.00,-2.00,6.00,41.00,15.00,29563904,96
184.15,1547560137,2310.66,51.48246101,7.42992665,140.73,13.91,-0.12,97.17,1,-105.00,-12.00,-3.00,5.00,40.00,15.00,29563904,96
185.15,1547560138,2324.57,51.48244036,7.43012570,141.33,13.91,0.00,96.58,1,-105.00,-12.00,-3.00,5.00,40.00,15.00,29563904,96
186.15,1547560139,2338.48,51.48242236,7.43032048,142.25,13.52,-0.39,96.99,1,-101.00,-11.00,-4.00,6.00,42.00,6.00,28367106,86
187.15,1547560140,2352.00,51.48150280,7.43298550,143.17,13.73,0.21,97.78,1,-101.00,-11.00,-4.00,6.00,42.00,6.00,28367106,86
188.15,1547560141,2365.68,51.48238819,7.43069303,143.90,12.79,-0.95,97.11,1,-95.00,-10.00,1.00,6.00,47.00,6.00,28367106,86
189.15,1547560142,2378.45,51.48237342,7.43088195,144.59,12.49,-0.29,96.20,1,-95.00,-10.00,1.00,6.00,47.00,6.00,28367106,86
190.15,1547560143,2390.99,51.48235833,7.43106317,145.36,12.22,-0.27,96.58,1,-94.00,-7.00,11.00,7.00,44.00,6.00,28367106,86
191.15,1547560144,2403.20,51.48234036,7.43124656,146.04,12.11,-0.11,97.57,1,-94.00,-7.00,11.00,7.00,44.00,6.00,28367106,86
192.15,1547560145,2415.37,51.48232148,7.43143077,146.71,12.14,0.03,98.14,1,-89.00,-9.00,5.00,10.00,47.00,6.00,28367106,86
193.15,1547560146,2427.48,51.48230159,7.43161529,147.10,12.74,0.60,97.64,1,-89.00,-9.00,5.00,10.00,47.00,6.00,28367106,86
194.15,1547560147,2440.19,51.48228103,7.43180399,147.44,13.40,0.67,97.34,1,-89.00,-9.00,5.00,10.00,47.00,6.00,28367106,86
195.15,1547560148,2453.60,51.48225856,7.43200434,147.88,14.34,0.94,96.95,1,-96.00,-10.00,3.00,6.00,45.00,12.00,28368386,213
196.16,1547560149,2468.05,51.48224099,7.43220406,148.23,14.10,-0.24,96.51,1,-96.00,-10.00,3.00,6.00,45.00,12.00,28368386,213
197.15,1547560150,2481.99,51.48222668,7.43239920,148.71,13.55,-0.56,96.87,1,-92.00,-11.00,6.00,8.00,50.00,12.00,28368386,213
198.15,1547560151,2495.53,51.48221362,7.43259065,149.23,13.34,-0.20,96.27,1,-92.00,-11.00,6.00,8.00,50.00,12.00,28368386,213
199.15,1547560152,2508.90,51.48219956,7.43278797,149.58,13.98,0.63,95.89,1,-84.00,-6.00,12.00,10.00,54.00,12.00,28368386,213
200.17,1547560153,2523.18,51.48218671,7.43298498,149.98,13.88,-0.10,96.28,1,-84.00,-6.00,12.00,10.00,54.00,12.00,28368386,213
201.15,1547560154,2536.81,51.48217274,7.43317788,150.16,13.43,-0.46,96.67,1,-88.00,-8.00,11.00,9.00,52.00,12.00,28368386,213
202.15,1547560155,2550.26,51.48215983,7.43336487,150.33,12.97,-0.46,97.09,1,-88.00,-8.00,11.00,9.00,52.00,12.00,28368386,213
203.15,1547560156,2563.15,51.48214891,7.43354424,150.68,12.43,-0.54,96.83,1,-91.00,-8.00,6.00,6.00,48.00,4.00,28367106,86
204.15,1547560157,2575.59,51.48213859,7.43372092,151.09,12.34,-0.09,96.16,1,-91.00,-8.00,6.00,6.00,48.00,4.00,28367106,86
205.15,1547560158,2587.94,51.48212828,7.43389326,151.41,11.85,-0.49,96.89,1,-96.00,-11.00,4.00,6.00,44.00,4.00,28367106,86
206.15,1547560159,2599.82,51.48212020,7.43406043,151.86,11.55,-0.29,97.47,1,-96.00,-11.00,4.00,6.00,44.00,4.00,28367106,86
207.15,1547560160,2611.36,51.48331860,7.43558400,152.70,11.32,-0.24,96.79,1,-97.00,-13.00,2.00,6.00,44.00,4.00,28367106,86
208.15,1547560161,2622.68,51.48210424,7.43437570,153.51,10.71,-0.61,96.44,1,-97.00,-13.00,2.00,6.00,44.00,4.00,28367106,86
209.15,1547560162,2633.39,51.48209333,7.43452408,153.82,10.35,-0.36,97.10,1,-97.00,-9.00,9.00,7.00,43.00,4.00,28367106,86
210.15,1547560163,2643.69,51.48208468,7.43466580,153.79,10.04,-0.31,96.76,1,-97.00,-9.00,9.00,7.00,43.00,4.00,28367106,86
211.15,1547560164,2653.77,51.48207652,7.43482614,153.92,11.28,1.24,97.17,1,-87.00,-7.00,11.00,11.00,50.00,4.00,28367106,86
212.15,1547560165,2665.01,51.48206519,7.43499829,153.95,11.11,-0.17,97.73,1,-87.00,-7.00,11.00,11.00,50.00,4.00,28367106,86
213.16,1547560166,2676.27,51.48205137,7.43516146,153.71,11.03,-0.09,98.55,1,-97.00,-13.00,5.00,5.00,46.00,4.00,28367106,86
214.15,1547560167,2687.22,51.48203926,7.43532150,153.41,10.00,-1.03,97.81,1,-97.00,-13.00,5.00,5.00,46.00,4.00,28367106,86
215.16,1547560168,2697.27,51.48202765,7.43548235,153.21,10.06,0.06,98.20,1,-93.00,-10.00,3.00,6.00,49.00,10.00,28368386,213
216.15,1547560169,2707.24,51.48201799,7.43561745,153.21,9.57,-0.49,97.22,1,-93.00,-10.00,3.00,6.00,49.00,10.00,28368386,213
217.15,1547560170,2716.82,51.48200672,7.43574693,152.59,9.78,0.21,96.73,1,-93.00,-10.00,3.00,6.00,49.00,10.00,28368386,213
218.15,1547560171,2726.60,51.48199644,7.43589401,151.95,9.86,0.08,97.48,1,-95.00,-10.00,3.00,5.00,46.00,4.00,28367105,213
219.15,1547560172,2736.48,51.48198534,7.43604568,151.70,10.00,0.14,97.83,1,-95.00,-10.00,3.00,5.00,46.00,4.00,28367105,213
220.15,1547560173,2746.43,51.48197514,7.43619570,151.70,10.41,0.41,97.04,1,-82.00,-8.00,11.00,10.00,57.00,4.00,28367105,85
221.15,1547560174,2756.87,51.48196563,7.43633871,151.56,10.04,-0.36,96.15,1,-82.00,-8.00,11.00,10.00,57.00,4.00,28367105,85
222.15,1547560175,2766.92,51.48195445,7.43648766,151.69,9.21,-0.84,95.23,1,-92.00,-10.00,7.00,6.00,49.00,4.00,28367105,85
223.15,1547560176,2776.13,51.48194690,7.43663655,152.06,8.90,-0.30,95.68,1,-92.00,-10.00,7.00,6.00,49.00,4.00,28367105,85
224.15,1547560177,2785.05,51.48193761,7.43677016,152.39,9.28,0.38,96.59,1,-94.00,-14.00,4.00,7.00,49.00,4.00,28367105,85
225.15,1547560178,2794.33,51.48192772,7.43689839,152.57,9.09,-0.19,97.16,1,-94.00,-14.00,4.00,7.00,49.00,4.00,28367105,85
226.15,1547560179,2803.39,51.48191432,7.43704135,152.45,9.18,0.08,96.73,1,-93.00,-7.00,25.00,8.00,44.00,4.00,28367105,85
227.15,1547560180,2812.57,51.48205400,7.43989240,152.48,9.34,0.16,96.29,1,-93.00,-7.00,25.00,8.00,44.00,4.00,28367105,85
228.15,1547560181,2821.91,51.48189271,7.43731026,152.47,9.37,0.03,97.07,1,-90.00,-7.00,13.00,9.00,48.00,4.00,28367105,85
229.15,1547560182,2831.27,51.48188036,7.43745675,152.13,8.61,-0.75,96.49,1,-90.00,-7.00,13.00,9.00,48.00,4.00,28367105,85
230.15,1547560183,2839.88,51.48187171,7.43756426,152.04,7.01,-1.61,97.24,1,-87.00,-6.00,13.00,9.00,50.00,4.00,28367105,85
231.15,1547560184,2846.90,51.48186183,7.43765297,152.09,5.64,-1.37,99.70,1,-87.00,-6.00,13.00,9.00,50.00,4.00,28367105,85
232.15,1547560185,2852.52,51.48185230,7.43775358,151.91,5.19,-0.45,98.35,1,-84.00,-6.00,16.00,9.00,51.00,4.00,28367105,85
233.15,1547560186,2857.72,51.48184233,7.43785253,151.68,4.79,-0.40,97.80,1,-84.00,-6.00,16.00,9.00,51.00,4.00,28367105,85
234.15,1547560187,2862.51,51.48183419,7.43793592,151.69,4.96,0.17,96.13,1,-84.00,-5.00,19.00,10.00,49.00,4.00,28367105,85
235.15,1547560188,2867.47,51.48182389,7.43802531,150.91,6.30,1.33,95.36,1,-84.00,-5.00,19.00,10.00,49.00,4.00,28367105,85
236.16,1547560189,2873.83,51.48181649,7.43810511,150.14,6.62,0.32,96.18,1,-82.00,-5.00,16.00,10.00,55.00,4.00,28367105,85
237.15,1547560190,2880.39,51.48180640,7.43818179,149.85,6.44,-0.19,98.50,1,-82.00,-5.00,16.00,10.00,55.00,4.00,28367105,85
238.15,1547560191,2886.83,51.48179434,7.43828549,149.11,6.82,0.38,99.11,1,-82.00,-5.00,16.00,10.00,55.00,4.00,28367105,85
239.15,1547560192,2893.66,51.48178301,7.43839086,148.91,7.15,0.33,99.10,1,-86.00,-6.00,14.00,10.00,52.00,4.00,28367105,85
240.15,1547560193,2900.78,51.48177063,7.43850648,148.79,7.76,0.61,97.87,1,-86.00,-6.00,14.00,10.00,52.00,4.00,28367105,85
241.15,1547560194,2908.59,51.48176298,7.43860349,149.08,7.52,-0.24,97.42,1,-88.00,-7.00,12.00,7.00,50.00,4.00,28367105,85
242.15,1547560195,2916.08,51.48175709,7.43871072,150.02,7.39,-0.13,98.38,1,-88.00,-7.00,12.00,7.00,50.00,4.00,28367105,85
243.15,1547560196,2923.46,51.48175090,7.43881026,151.23,6.63,-0.76,98.01,1,-94.00,-10.00,9.00,6.00,45.00,4.00,28367105,85
244.15,1547560197,2930.09,51.48174465,7.43890398,152.31,6.54,-0.10,97.34,1,-94.00,-10.00,9.00,6.00,45.00,4.00,28367105,85
245.15,1547560198,2936.64,51.48173945,7.43900247,153.34,6.71,0.17,96.72,1,-82.00,-7.00,8.00,6.00,55.00,9.00,28368386,213
246.15,1547560199,2943.35,51.48173519,7.43909418,154.08,6.34,-0.37,96.18,1,-82.00,-7.00,8.00,6.00,55.00,9.00,28368386,213
247.15,1547560200,2949.69,51.48258230,7.43158480,154.54,6.84,0.50,95.31,1,-91.00,-8.00,7.00,8.00,48.00,9.00,28368386,213
248.15,1547560201,2956.53,51.48172442,7.43929184,154.80,7.83,0.99,95.93,1,-91.00,-8.00,7.00,8.00,48.00,9.00,28368386,213
249.15,1547560202,2964.36,51.48171905,7.43940153,155.11,8.60,0.77,95.40,1,-91.00,-7.00,11.00,9.00,46.00,9.00,28368386,213
250.15,1547560203,2972.97,51.48171132,7.43953319,155.41,9.42,0.81,95.83,1,-91.00,-7.00,11.00,9.00,46.00,9.00,28368386,213
251.15,1547560204,2982.41,51.48170415,7.43967446,155.73,9.44,0.03,95.14,1,-93.00,-7.00,16.00,15.00,45.00,9.00,28368386,213
252.15,1547560205,2991.88,51.48169763,7.43980555,155.92,9.28,-0.17,95.24,1,-93.00,-7.00,16.00,15.00,45.00,9.00,28368386,213
253.15,1547560206,3001.11,51.48169196,7.43993856,156.15,9.32,0.05,95.71,1,-93.00,-9.00,11.00,7.00,47.00,9.00,28368386,213
254.15,1547560207,3010.48,51.48168899,7.44007574,156.59,9.95,0.62,94.86,1,-93.00,-9.00,11.00,7.00,47.00,9.00,28368386,213
255.15,1547560208,3020.37,51.48168507,7.44022286,157.13,9.79,-0.16,95.17,1,-97.00,-8.00,10.00,5.00,42.00,9.00,28368386,213
256.15,1547560209,3030.15,51.48167920,7.44036593,157.54,10.03,0.24,95.82,1,-97.00,-8.00,10.00,5.00,42.00,9.00,28368386,213
257.16,1547560210,3040.26,51.48167041,7.44051444,158.02,10.28,0.25,96.65,1,-94.00,-8.00,11.00,8.00,46.00,9.00,28368386,213
258.15,1547560211,3050.46,51.48165948,7.44066793,158.24,10.69,0.41,96.31,1,-94.00,-8.00,11.00,8.00,46.00,9.00,28368386,213
259.15,1547560212,3061.16,51.48164813,7.44082771,158.42,11.32,0.64,95.76,1,-94.00,-8.00,11.00,8.00,46.00,9.00,28368386,213
260.15,1547560213,3072.47,51.48163836,7.44099620,158.69,11.29,-0.04,96.71,1,-93.00,-7.00,6.00,9.00,45.00,9.00,28368386,213
261.16,1547560214,3083.85,51.48162259,7.44116388,159.16,11.60,0.31,98.89,1,-93.00,-7.00,6.00,9.00,45.00,9.00,28368386,213
262.15,1547560215,3095.39,51.48160039,7.44131073,159.53,11.60,-0.00,102.59,1,-99.00,-9.00,2.00,8.00,41.00,9.00,28368386,213
263.15,1547560216,3106.95,51.48156029,7.44143189,159.94,10.53,-1.06,116.49,1,-99.00,-9.00,2.00,8.00,41.00,9.00,28368386,213
264.15,1547560217,3117.47,51.48151138,7.44157362,160.26,10.52,-0.01,118.16,1,-94.00,-7.00,7.00,14.00,44.00,9.00,28368386,213
265.15,1547560218,3128.01,51.48146175,7.44170915,160.86,12.17,1.65,120.03,1,-94.00,-7.00,7.00,14.00,44.00,9.00,28368386,213
266.15,1547560219,3140.18,51.48140522,7.44184046,161.39,11.91,-0.26,122.95,1,-91.00,-7.00,7.00,6.00,44.00,7.00,28367105,85
267.15,1547560220,3152.10,51.48205400,7.43989240,161.69,11.61,-0.30,125.64,1,-91.00,-7.00,7.00,6.00,44.00,7.00,28367105,85
268.15,1547560221,3163.70,51.48124338,7.44209379,161.93,11.96,0.35,139.54,1,-95.00,-7.00,10.00,6.00,43.00,7.00,28367105,85
269.15,1547560222,3175.67,51.48114860,7.44221418,162.20,12.74,0.77,139.17,1,-95.00,-7.00,10.00,6.00,43.00,7.00,28367105,85
270.15,1547560223,3188.39,51.48105341,7.44234761,162.82,13.37,0.64,137.63,1,-90.00,-5.00,16.00,12.00,45.00,7.00,28367105,85
271.15,1547560224,3201.73,51.48096626,7.44248722,163.07,14.05,0.68,135.67,1,-90.00,-5.00,16.00,12.00,45.00,7.00,28367105,85
272.15,1547560225,3215.78,51.48087359,7.44263559,163.51,14.46,0.41,134.61,1,-85.00,-6.00,18.00,15.00,51.00,7.00,28367105,85
273.15,1547560226,3230.24,51.48078644,7.44278019,163.71,13.97,-0.49,134.25,1,-85.00,-6.00,18.00,15.00,51.00,7.00,28367105,85
274.15,1547560227,3244.21,51.48070616,7.44291363,163.59,12.40,-1.57,135.50,1,-86.00,-7.00,19.00,15.00,52.00,7.00,28367105,85
275.15,1547560228,3256.70,51.48061840,7.44303624,163.19,11.21,-1.19,139.60,1,-86.00,-7.00,19.00,15.00,52.00,7.00,28367105,85
276.15,1547560229,3267.87,51.48054398,7.44307377,162.82,11.07,-0.14,162.16,1,-98.00,-7.00,10.00,11.00,40.00,7.00,28367105,85
277.15,1547560230,3278.93,51.48044828,7.44309009,162.54,11.48,0.41,177.21,1,-98.00,-7.00,10.00,11.00,40.00,7.00,28367105,85
278.16,1547560231,3290.52,51.48034805,7.44310727,162.18,12.45,0.96,175.88,1,-96.00,-9.00,3.00,5.00,44.00,7.00,28367105,85
279.15,1547560232,3302.88,51.48022798,7.44313629,162.00,13.23,0.79,171.93,1,-96.00,-9.00,3.00,5.00,44.00,7.00,28367105,85
280.15,1547560233,3316.11,51.48011134,7.44323414,161.54,14.29,1.06,151.55,1,-96.00,-9.00,3.00,5.00,44.00,7.00,28367105,85
281.15,1547560234,3330.42,51.47999819,7.44333345,161.28,15.08,0.79,151.78,1,-97.00,-9.00,5.00,8.00,43.00,7.00,28367105,85
282.15,1547560235,3345.52,51.47987751,7.44344209,161.29,16.01,0.93,151.49,1,-97.00,-9.00,5.00,8.00,43.00,7.00,28367105,85
283.17,1547560236,3361.78,51.47974408,7.44355941,161.48,17.06,1.04,151.09,1,-100.00,-10.00,2.00,4.00,39.00,7.00,28367105,85
284.15,1547560237,3378.56,51.47960390,7.44368170,161.63,17.29,0.23,151.25,1,-100.00,-10.00,2.00,4.00,39.00,7.00,28367105,85
285.15,1547560238,3395.83,51.47946750,7.44380186,161.69,16.93,-0.36,151.88,1,-102.00,-13.00,-4.00,6.00,43.00,7.00,28367105,85
286.15,1547560239,3412.72,51.47933154,7.44391883,161.59,16.72,-0.22,151.52,1,-102.00,-13.00,-4.00,6.00,43.00,7.00,28367105,85
287.15,1547560240,3429.47,51.48258230,7.43158480,161.76,16.74,0.02,151.81,1,-99.00,-10.00,-7.00,6.00,42.00,7.00,28368386,213
288.15,1547560241,3446.18,51.47907190,7.44414917,162.14,16.53,-0.21,151.50,1,-99.00,-10.00,-7.00,6.00,42.00,7.00,28368386,213
289.15,1547560242,3462.76,51.47893904,7.44426855,162.67,16.15,-0.39,151.65,1,-103.00,-12.00,0.00,5.00,41.00,7.00,28368386,213
290.15,1547560243,3478.89,51.47880429,7.44438667,163.03,15.89,-0.26,151.38,1,-103.00,-12.00,0.00,5.00,41.00,7.00,28368386,213
291.15,1547560244,3494.81,51.47867933,7.44449612,163.49,15.47,-0.42,151.52,1,-105.00,-11.00,1.00,5.00,37.00,7.00,28368386,213
292.15,1547560245,3510.27,51.47855926,7.44459961,163.76,15.29,-0.18,151.49,1,-105.00,-11.00,1.00,5.00,37.00,7.00,28368386,213
293.15,1547560246,3525.55,51.47843655,7.44470787,164.15,15.22,-0.07,151.35,1,-108.00,-14.00,-5.00,6.00,42.00,14.00,29568768,213
294.15,1547560247,3540.77,51.47831394,7.44481590,164.60,15.38,0.16,151.47,1,-108.00,-14.00,-5.00,6.00,42.00,14.00,29568768,213
295.15,1547560248,3556.17,51.47819176,7.44492359,164.90,15.59,0.21,151.24,1,-105.00,-13.00,-6.00,6.00,42.00,14.00,29568768,415
296.15,1547560249,3571.77,51.47806967,7.44503162,165.17,15.55,-0.03,151.26,1,-105.00,-13.00,-6.00,6.00,42.00,14.00,29568768,415
297.15,1547560250,3587.29,51.47794793,7.44513879,165.36,15.46,-0.09,151.46,1,-103.00,-10.00,-6.00,6.00,42.00,7.00,28368384,215
298.15,1547560251,3602.74,51.47782775,7.44524404,165.39,15.16,-0.30,151.49,1,-103.00,-10.00,-6.00,6.00,42.00,7.00,28368384,215
299.16,1547560252,3618.02,51.47770668,7.44534869,165.28,14.99,-0.17,151.71,1,-103.00,-12.00,-4.00,7.00,41.00,13.00,29568768,415
300.15,1547560253,3632.90,51.47758965,7.44545070,165.27,14.95,-0.04,151.54,1,-103.00,-12.00,-4.00,7.00,41.00,13.00,29568768,415
301.15,1547560254,3647.88,51.47747319,7.44555161,165.26,14.93,-0.02,151.31,1,-103.00,-12.00,-4.00,7.00,41.00,13.00,29568768,415
302.15,1547560255,3662.77,51.47735445,7.44565467,165.22,14.87,-0.06,151.18,1,-97.00,-8.00,2.00,6.00,42.00,7.00,28368384,215
303.15,1547560256,3677.63,51.47723681,7.44575714,165.24,14.61,-0.26,151.46,1,-97.00,-8.00,2.00,6.00,42.00,7.00,28368384,215
304.15,1547560257,3692.25,51.47712713,7.44585436,165.32,14.23,-0.38,151.44,1,-95.00,-7.00,7.00,11.00,42.00,7.00,28368384,215
305.15,1547560258,3706.45,51.47701665,7.44595233,165.30,13.90,-0.33,151.18,1,-95.00,-7.00,7.00,11.00,42.00,7.00,28368384,215
306.15,1547560259,3720.39,51.47690939,7.44604710,165.27,13.59,-0.31,151.18,1,-94.00,-9.00,9.00,7.00,46.00,7.00,28368384,215
307.15,1547560260,3733.98,51.47562920,7.44746410,165.05,13.36,-0.23,151.52,1,-94.00,-9.00,9.00,7.00,46.00,7.00,28368384,215
308.15,1547560261,3747.32,51.47669279,7.44623875,165.10,13.07,-0.29,151.64,1,-92.00,-6.00,3.00,6.00,47.00,11.00,29568768,415
309.15,1547560262,3760.39,51.47659268,7.44632602,165.59,12.54,-0.53,151.74,1,-92.00,-6.00,3.00,6.00,47.00,11.00,29568768,415
310.15,1547560263,3772.89,51.47649975,7.44640777,165.93,11.60,-0.94,151.51,1,-91.00,-6.00,14.00,9.00,48.00,11.00,29568768,415
311.15,1547560264,3784.60,51.47640859,7.44648614,166.01,10.60,-0.99,152.06,1,-91.00,-6.00,14.00,9.00,48.00,11.00,29568768,415
312.15,1547560265,3795.13,51.47633450,7.44655011,166.12,9.18,-1.43,152.08,1,-87.00,-6.00,15.00,11.00,51.00,11.00,29568768,415
313.15,1547560266,3804.33,51.47626743,7.44660639,166.23,8.25,-0.93,152.39,1,-87.00,-6.00,15.00,11.00,51.00,11.00,29568768,415
314.15,1547560267,3812.58,51.47619910,7.44666558,166.21,7.57,-0.68,152.35,1,-88.00,-5.00,16.00,9.00,51.00,11.00,29568768,415
315.15,1547560268,3820.14,51.47613897,7.44672176,166.33,7.05,-0.53,152.26,1,-88.00,-5.00,16.00,9.00,51.00,11.00,29568768,415
316.15,1547560269,3827.19,51.47608848,7.44676562,166.41,6.56,-0.48,152.37,1,-85.00,-5.00,17.00,10.00,54.00,11.00,29568768,415
317.15,1547560270,3833.76,51.47604200,7.44680128,166.37,5.70,-0.86,152.67,1,-85.00,-5.00,17.00,10.00,54.00,11.00,29568768,415
318.15,1547560271,3839.46,51.47600135,7.44683761,166.45,4.80,-0.90,152.21,1,-80.00,-5.00,16.00,10.00,55.00,11.00,29568768,415
319.15,1547560272,3844.25,51.47596885,7.44686413,166.46,3.62,-1.18,152.15,1,-80.00,-5.00,16.00,10.00,55.00,11.00,29568768,415
320.16,1547560273,3847.90,51.47593782,7.44689222,166.46,2.61,-1.00,151.68,1,-84.00,-5.00,17.00,10.00,55.00,11.00,29568768,415
321.15,1547560274,3850.49,51.47592398,7.44690769,166.47,1.53,-1.09,151.81,1,-84.00,-5.00,17.00,10.00,55.00,11.00,29568768,415
322.15,1547560275,3852.02,51.47592057,7.44691226,166.49,0.58,-0.95,151.81,1,-84.00,-5.00,17.00,10.00,55.00,11.00,29568768,415
323.15,1547560276,3852.60,51.47591767,7.44691611,166.52,0.46,-0.12,151.81,1,-86.00,-6.00,16.00,10.00,53.00,11.00,29568768,415
324.15,1547560277,3853.07,51.47591247,7.44692284,166.52,0.87,0.40,142.70,1,-86.00,-6.00,16.00,10.00,53.00,11.00,29568768,415
325.15,1547560278,3853.93,51.47589568,7.44694420,166.50,3.22,2.35,145.66,1,-87.00,-7.00,14.00,11.00,54.00,11.00,29568768,415
326.15,1547560279,3857.16,51.47585050,7.44698900,166.18,4.81,1.59,147.44,1,-87.00,-7.00,14.00,11.00,54.00,11.00,29568768,415
327.15,1547560280,3861.97,51.47280120,7.45557690,165.88,5.85,1.03,148.94,1,-89.00,-5.00,13.00,11.00,51.00,11.00,29568768,415
328.15,1547560281,3867.82,51.47576063,7.44706712,165.56,6.81,0.97,149.89,1,-89.00,-5.00,13.00,11.00,51.00,11.00,29568768,415
329.15,1547560282,3874.63,51.47570510,7.44711651,165.23,7.61,0.80,150.49,1,-87.00,-6.00,12.00,9.00,51.00,11.00,29568768,415
330.15,1547560283,3882.24,51.47564699,7.44716894,165.01,8.40,0.79,151.05,1,-87.00,-6.00,12.00,9.00,51.00,11.00,29568768,415
331.15,1547560284,3890.66,51.47559302,7.44721321,164.72,8.74,0.34,150.44,1,-92.00,-8.00,13.00,7.00,48.00,11.00,29568768,415
332.15,1547560285,3899.37,51.47552019,7.44727450,164.72,9.38,0.64,150.07,1,-92.00,-8.00,13.00,7.00,48.00,11.00,29568768,415
333.15,1547560286,3908.77,51.47544277,7.44734619,164.72,9.35,-0.03,149.18,1,-91.00,-8.00,6.00,6.00,47.00,7.00,28368384,215
334.15,1547560287,3918.12,51.47536620,7.44741464,164.75,10.14,0.78,148.83,1,-91.00,-8.00,6.00,6.00,47.00,7.00,28368384,215
335.15,1547560288,3928.28,51.47528822,7.44748939,164.67,10.61,0.47,148.02,1,-94.00,-7.00,7.00,12.00,43.00,7.00,28368384,215
336.15,1547560289,3938.88,51.47519735,7.44757639,164.90,10.94,0.33,147.44,1,-94.00,-7.00,7.00,12.00,43.00,7.00,28368384,215
337.15,1547560290,3949.83,51.47511601,7.44765625,165.36,10.69,-0.25,146.45,1,-98.00,-8.00,11.00,7.00,41.00,7.00,28368384,215
338.15,1547560291,3960.52,51.47503366,7.44774648,165.76,9.80,-0.89,145.63,1,-98.00,-8.00,11.00,7.00,41.00,7.00,28368384,215
339.15,1547560292,3970.32,51.47496282,7.44782876,166.07,9.49,-0.31,144.79,1,-97.00,-8.00,22.00,7.00,42.00,7.00,28368384,215
340.15,1547560293,3979.81,51.47489915,7.44789868,166.19,9.06,-0.44,143.63,1,-97.00,-8.00,22.00,7.00,42.00,7.00,28368384,215
341.16,1547560294,3988.96,51.47483806,7.44797029,165.96,8.82,-0.23,143.24,1,-99.00,-8.00,22.00,7.00,41.00,7.00,28368384,215
342.15,1547560295,3997.71,51.47477824,7.44804301,165.57,8.48,-0.35,142.83,1,-99.00,-8.00,22.00,7.00,41.00,7.00,28368384,215
343.15,1547560296,4006.18,51.47472325,7.44811363,165.05,8.39,-0.09,142.36,1,-99.00,-8.00,22.00,7.00,41.00,7.00,28368384,215
344.16,1547560297,4014.62,51.47466596,7.44818641,164.64,8.17,-0.22,141.68,1,-99.00,-9.00,8.00,6.00,42.00,8.00,29568768,215
345.15,1547560298,4022.74,51.47461231,7.44825662,164.35,7.64,-0.53,140.91,1,-99.00,-9.00,8.00,6.00,42.00,8.00,29568768,215
346.15,1547560299,4030.38,51.47455929,7.44832345,164.40,7.01,-0.63,141.27,1,-97.00,-10.00,7.00,7.00,43.00,8.00,29568768,415
347.15,1547560300,4037.39,51.47538400,7.44613100,164.73,6.22,-0.79,141.55,1,-97.00,-10.00,7.00,7.00,43.00,8.00,29568768,415
348.15,1547560301,4043.61,51.47446626,7.44844345,165.01,6.29,0.07,141.21,1,-96.00,-6.00,11.00,8.00,42.00,8.00,29568768,415
349.15,1547560302,4049.91,51.47442149,7.44850323,165.22,6.64,0.34,140.55,1,-96.00,-6.00,11.00,8.00,42.00,8.00,29568768,415
350.15,1547560303,4056.52,51.47437203,7.44856818,165.30,7.56,0.93,140.32,1,-97.00,-8.00,6.00,8.00,42.00,8.00,29568768,415
351.15,1547560304,4064.11,51.47431500,7.44864223,165.33,8.45,0.89,140.03,1,-97.00,-8.00,6.00,8.00,42.00,8.00,29568768,415
352.15,1547560305,4072.58,51.47425456,7.44872117,165.33,9.13,0.68,140.10,1,-96.00,-9.00,6.00,8.00,44.00,8.00,29568768,415
353.15,1547560306,4081.68,51.47418606,7.44881028,165.53,9.47,0.35,140.18,1,-96.00,-9.00,6.00,8.00,44.00,8.00,29568768,415
354.15,1547560307,4091.16,51.47412062,7.44890013,165.93,9.49,0.02,139.76,1,-95.00,-10.00,5.00,4.00,46.00,8.00,29568768,415
355.15,1547560308,4100.68,51.47405554,7.44899073,166.30,9.67,0.18,139.35,1,-95.00,-10.00,5.00,4.00,46.00,8.00,29568768,415
356.15,1547560309,4110.34,51.47398722,7.44908467,166.58,10.11,0.44,138.77,1,-91.00,-7.00,11.00,12.00,48.00,8.00,29568768,415
357.15,1547560310,4120.43,51.47391709,7.44918795,166.89,10.74,0.63,138.06,1,-91.00,-7.00,11.00,12.00,48.00,8.00,29568768,415
358.15,1547560311,4131.16,51.47384010,7.44930065,167.08,11.37,0.63,137.22,1,-81.00,-5.00,17.00,15.00,58.00,8.00,29568768,415
359.15,1547560312,4142.53,51.47375977,7.44942472,167.06,11.79,0.42,136.30,1,-81.00,-5.00,17.00,15.00,58.00,8.00,29568768,415
360.15,1547560313,4154.32,51.47368450,7.44954830,167.14,11.64,-0.15,135.24,1,-79.00,-5.00,18.00,10.00,58.00,8.00,29568768,415
361.15,1547560314,4165.93,51.47361955,7.44966105,167.44,11.20,-0.44,133.88,1,-79.00,-5.00,18.00,10.00,58.00,8.00,29568768,415
362.15,1547560315,4177.16,51.47354977,7.44977649,167.31,11.13,-0.08,133.00,1,-81.00,-5.00,25.00,12.00,56.00,8.00,29568768,415
363.14,1547560316,4188.24,51.47349263,7.44989254,167.59,10.97,-0.16,131.63,1,-81.00,-5.00,25.00,12.00,56.00,8.00,29568768,415
364.15,1547560317,4199.25,51.47343592,7.45000527,167.56,10.70,-0.27,130.27,1,-81.00,-5.00,25.00,12.00,56.00,8.00,29568768,415
365.15,1547560318,4209.96,51.47338575,7.45011424,167.77,10.58,-0.12,128.31,1,-85.00,-7.00,16.00,12.00,53.00,8.00,29568768,415
366.15,1547560319,4220.53,51.47334043,7.45022582,168.00,9.98,-0.60,127.14,1,-85.00,-7.00,16.00,12.00,53.00,8.00,29568768,415
367.15,1547560320,4230.51,51.47280120,7.45557690,168.24,8.92,-1.06,125.87,1,-91.00,-6.00,22.00,9.00,47.00,8.00,29568768,415
368.15,1547560321,4239.42,51.47325702,7.45043209,168.08,8.03,-0.88,125.14,1,-91.00,-6.00,22.00,9.00,47.00,8.00,29568768,415
369.15,1547560322,4247.46,51.47322161,7.45052463,167.83,7.74,-0.29,124.63,1,-80.00,-5.00,13.00,9.00,57.00,8.00,29568768,415
370.15,1547560323,4255.18,51.47318353,7.45062661,167.70,8.39,0.65,123.98,1,-80.00,-5.00,13.00,9.00,57.00,8.00,29568768,415
371.15,1547560324,4263.57,51.47314397,7.45073748,167.54,10.10,1.71,123.13,1,-82.00,-5.00,25.00,15.00,55.00,8.00,29568768,415
372.15,1547560325,4273.66,51.47309402,7.45087292,167.44,11.28,1.19,122.06,1,-82.00,-5.00,25.00,15.00,55.00,8.00,29568768,415
373.15,1547560326,4284.97,51.47303988,7.45102777,167.21,12.69,1.40,120.78,1,-79.00,-5.00,27.00,12.00,58.00,8.00,29568768,415
374.15,1547560327,4297.67,51.47297929,7.45120443,166.95,13.71,1.02,119.43,1,-79.00,-5.00,27.00,12.00,58.00,8.00,29568768,415
375.15,1547560328,4311.38,51.47292319,7.45138879,166.68,14.72,1.01,117.73,1,-83.00,-5.00,24.00,15.00,54.00,8.00,29568768,415
376.15,1547560329,4326.09,51.47286712,7.45158850,166.44,15.67,0.94,116.13,1,-83.00,-5.00,24.00,15.00,54.00,8.00,29568768,415
377.15,1547560330,4341.75,51.47280551,7.45180722,166.05,16.58,0.91,114.47,1,-80.00,-5.00,22.00,12.00,56.00,8.00,29568768,415
378.15,1547560331,4358.35,51.47274871,7.45202958,165.67,16.76,0.18,113.09,1,-80.00,-5.00,22.00,12.00,56.00,8.00,29568768,415
379.15,1547560332,4375.10,51.47270170,7.45225592,165.54,17.04,0.28,110.88,1,-75.00,-4.00,25.00,15.00,61.00,8.00,29568768,415
380.15,1547560333,4392.17,51.47265664,7.45249733,165.83,17.24,0.21,109.22,1,-75.00,-4.00,25.00,15.00,61.00,8.00,29568768,415
381.15,1547560334,4409.34,51.47261667,7.45273273,166.06,17.34,0.10,107.68,1,-77.00,-5.00,21.00,15.00,60.00,8.00,29568768,415
382.14,1547560335,4426.67,51.47257853,7.45297599,166.46,17.44,0.10,106.82,1,-77.00,-5.00,21.00,15.00,60.00,8.00,29568768,415
383.15,1547560336,4444.22,51.47254150,7.45322049,166.50,17.10,-0.35,106.06,1,-82.00,-6.00,20.00,15.00,54.00,8.00,29568768,415
384.15,1547560337,4461.28,51.47250509,7.45346220,166.52,16.96,-0.14,105.33,1,-82.00,-6.00,20.00,15.00,54.00,8.00,29568768,415
385.15,1547560338,4478.23,51.47247242,7.45370363,166.69,16.90,-0.06,104.91,1,-82.00,-6.00,20.00,15.00,54.00,8.00,29568768,415
386.15,1547560339,4495.13,51.47243850,7.45393624,166.53,16.62,-0.28,104.88,1,-88.00,-6.00,13.00,12.00,49.00,8.00,29568768,415
387.15,1547560340,4511.75,51.47280120,7.45557690,166.45,16.61,-0.01,105.30,1,-88.00,-6.00,13.00,12.00,49.00,8.00,29568768,415
388.15,1547560341,4528.36,51.47236682,7.45440202,166.30,16.72,0.12,105.64,1,-84.00,-5.00,25.00,15.00,54.00,8.00,29568768,415
389.15,1547560342,4545.08,51.47232348,7.45463748,165.78,16.88,0.16,106.21,1,-84.00,-5.00,25.00,15.00,54.00,8.00,29568768,415
390.15,1547560343,4561.99,51.47228112,7.45486846,165.16,16.96,0.07,107.08,1,-81.00,-6.00,27.00,15.00,56.00,8.00,29568768,415
391.15,1547560344,4578.88,51.47223589,7.45509052,164.37,17.13,0.17,108.01,1,-81.00,-6.00,27.00,15.00,56.00,8.00,29568768,415
392.15,1547560345,4596.01,51.47218744,7.45532897,163.75,17.00,-0.13,108.94,1,-80.00,-5.00,22.00,15.00,57.00,8.00,29568768,415
393.15,1547560346,4613.04,51.47213674,7.45555620,163.53,17.18,0.18,109.86,1,-80.00,-5.00,22.00,15.00,57.00,8.00,29568768,415
394.15,1547560347,4630.22,51.47208221,7.45579499,163.23,17.33,0.15,110.80,1,-86.00,-5.00,18.00,15.00,49.00,8.00,29568768,415
395.15,1547560348,4647.54,51.47202182,7.45602809,162.88,17.45,0.11,111.74,1,-86.00,-5.00,18.00,15.00,49.00,8.00,29568768,415
396.15,1547560349,4665.00,51.47195868,7.45626416,162.35,17.36,-0.08,112.52,1,-92.00,-6.00,11.00,8.00,46.00,8.00,29568768,415
397.15,1547560350,4682.37,51.47189240,7.45649604,161.91,17.20,-0.17,113.27,1,-92.00,-6.00,11.00,8.00,46.00,8.00,29568768,415
398.15,1547560351,4699.57,51.47182629,7.45672250,161.58,17.21,0.01,113.86,1,-81.00,-5.00,21.00,1.00,56.00,8.00,29568768,415
399.15,1547560352,4716.77,51.47176167,7.45694116,161.37,16.89,-0.32,114.25,1,-81.00,-5.00,21.00,1.00,56.00,8.00,29568768,415
400.15,1547560353,4733.66,51.47169622,7.45715488,161.39,16.72,-0.16,114.78,1,-88.00,-6.00,16.00,12.00,49.00,8.00,29568768,415
401.15,1547560354,4750.33,51.47163622,7.45735733,161.14,16.56,-0.16,115.62,1,-88.00,-6.00,16.00,12.00,49.00,8.00,29568768,415
402.15,1547560355,4766.94,51.47157478,7.45754995,161.00,16.39,-0.17,116.50,1,-90.00,-6.00,29.00,9.00,45.00,8.00,29568768,415
403.15,1547560356,4783.33,51.47150770,7.45775440,160.86,16.06,-0.33,117.16,1,-90.00,-6.00,29.00,9.00,45.00,8.00,29568768,415
404.16,1547560357,4799.50,51.47144214,7.45795582,160.54,15.25,-0.80,116.85,1,-90.00,-6.00,14.00,14.00,44.00,8.00,29568768,415
405.15,1547560358,4814.65,51.47138364,7.45814262,160.13,14.24,-1.03,116.46,1,-90.00,-6.00,14.00,14.00,44.00,8.00,29568768,415
406.15,1547560359,4828.88,51.47132805,7.45832504,160.00,13.02,-1.21,115.69,1,-90.00,-6.00,14.00,14.00,44.00,8.00,29568768,415
407.15,1547560360,4841.92,51.47280120,7.45557690,160.03,11.53,-1.49,116.28,1,-87.00,-7.00,12.00,15.00,51.00,8.00,29568768,415
408.15,1547560361,4853.46,51.47123704,7.45861515,159.72,9.02,-2.52,115.84,1,-87.00,-7.00,12.00,15.00,51.00,8.00,29568768,415
409.15,1547560362,4862.48,51.47120789,7.45871451,159.39,6.91,-2.10,115.12,1,-90.00,-7.00,13.00,7.00,49.00,8.00,29568768,415
410.15,1547560363,4869.40,51.47118158,7.45880277,159.34,5.72,-1.20,116.63,1,-90.00,-7.00,13.00,7.00,49.00,8.00,29568768,415
411.15,1547560364,4875.10,51.47116042,7.45886840,159.43,4.18,-1.54,118.93,1,-93.00,-8.00,11.00,12.00,46.00,8.00,29568768,415
412.15,1547560365,4879.28,51.47114770,7.45890744,159.45,2.15,-2.04,118.27,1,-93.00,-8.00,11.00,12.00,46.00,8.00,29568768,415
413.15,1547560366,4881.44,51.47114392,7.45892306,159.46,0.94,-1.20,118.27,1,-93.00,-9.00,8.00,9.00,46.00,8.00,29568768,415
414.15,1547560367,4882.38,51.47114392,7.45892306,159.46,0.00,-0.94,118.27,1,-93.00,-9.00,8.00,9.00,46.00,8.00,29568768,415
415.15,1547560368,4882.38,51.47114392,7.45892306,159.46,0.00,0.00,118.27,1,-96.00,-8.00,10.00,11.00,43.00,8.00,29568768,415
416.15,1547560369,4882.38,51.47114392,7.45892306,159.46,0.00,0.00,118.27,1,-96.00,-8.00,10.00,11.00,43.00,8.00,29568768,415
417.15,1547560370,4882.38,51.47114392,7.45892306,159.45,0.00,0.00,118.27,1,-96.00,-8.00,10.00,11.00,42.00,8.00,29568768,415
418.15,1547560371,4882.38,51.47114392,7.45892306,159.45,0.00,0.00,118.27,1,-96.00,-8.00,10.00,11.00,42.00,8.00,29568768,415
419.15,1547560372,4882.38,51.47114392,7.45892306,159.44,0.00,0.00,118.27,1,-93.00,-8.00,8.00,11.00,46.00,8.00,29568768,415
420.15,1547560373,4882.38,51.47114392,7.45892306,159.44,0.00,0.00,118.27,1,-93.00,-8.00,8.00,11.00,46.00,8.00,29568768,415
421.15,1547560374,4882.38,51.47114392,7.45892306,159.36,0.00,0.00,118.27,1,-93.00,-9.00,21.00,8.00,47.00,8.00,29568768,415
422.15,1547560375,4882.38,51.47114392,7.45892306,159.29,0.00,0.00,118.27,1,-93.00,-9.00,21.00,8.00,47.00,8.00,29568768,415
423.15,1547560376,4882.38,51.47114392,7.45892306,159.23,0.00,0.00,118.27,1,-98.00,-8.00,12.00,7.00,41.00,8.00,29568768,415
424.15,1547560377,4882.38,51.47114392,7.45892306,159.22,0.00,0.00,118.27,1,-98.00,-8.00,12.00,7.00,41.00,8.00,29568768,415
425.16,1547560378,4882.38,51.47114392,7.45892306,159.22,0.00,0.00,118.27,1,-92.00,-8.00,13.00,9.00,49.00,8.00,29568768,415
426.15,1547560379,4882.38,51.47114392,7.45892306,159.21,0.00,0.00,118.27,1,-92.00,-8.00,13.00,9.00,49.00,8.00,29568768,415
427.15,1547560380,4882.38,51.47280120,7.45557690,159.21,0.00,0.00,118.27,1,-92.00,-8.00,13.00,9.00,49.00,8.00,29568768,415
428.15,1547560381,4882.38,51.47114392,7.45892306,159.20,0.00,0.00,118.27,1,-92.00,-8.00,16.00,14.00,48.00,8.00,29568768,415
429.15,1547560382,4882.38,51.47114392,7.45892306,159.20,0.00,0.00,118.27,1,-92.00,-8.00,16.00,14.00,48.00,8.00,29568768,415
430.15,1547560383,4882.38,51.47114392,7.45892306,159.20,0.00,0.00,118.27,1,-92.00,-8.00,13.00,8.00,48.00,8.00,29568768,415
431.15,1547560384,4882.38,51.47114392,7.45892306,159.20,0.00,0.00,118.27,1,-92.00,-8.00,13.00,8.00,48.00,8.00,29568768,415
432.15,1547560385,4882.38,51.47114392,7.45892306,159.21,0.00,0.00,118.27,1,-95.00,-9.00,9.00,6.00,44.00,8.00,29568768,415
433.14,1547560386,4882.38,51.47114392,7.45892306,159.25,0.00,0.00,114.72,1,-95.00,-9.00,9.00,6.00,44.00,8.00,29568768,415
434.15,1547560387,4882.38,51.47112078,7.45899616,159.30,0.00,0.00,112.98,1,-90.00,-10.00,9.00,12.00,48.00,8.00,29568768,415
435.15,1547560388,4882.38,51.47111242,7.45903345,159.36,3.02,0.00,112.57,1,-90.00,-10.00,9.00,12.00,48.00,8.00,29568768,415
436.15,1547560389,4885.40,51.47110118,7.45908113,159.89,4.27,1.25,113.79,1,-91.00,-9.00,7.00,1.00,50.00,8.00,29568768,415
437.15,1547560390,4889.67,51.47108150,7.45915155,160.12,5.12,0.85,114.40,1,-91.00,-9.00,7.00,1.00,50.00,8.00,29568768,415
438.15,1547560391,4894.78,51.47106290,7.45922351,160.51,6.49,1.38,115.44,1,-97.00,-9.00,14.00,9.00,43.00,8.00,29568768,415
439.15,1547560392,4901.27,51.47103411,7.45931927,160.62,7.70,1.21,116.29,1,-97.00,-9.00,14.00,9.00,43.00,8.00,29568768,415
440.15,1547560393,4908.97,51.47099766,7.45942729,160.77,9.16,1.46,116.94,1,-94.00,-10.00,9.00,9.00,47.00,8.00,29568768,415
441.16,1547560394,4918.24,51.47095363,7.45955924,160.79,9.38,0.22,117.34,1,-94.00,-10.00,9.00,9.00,47.00,8.00,29568768,415
442.15,1547560395,4927.50,51.47091498,7.45968253,161.01,9.44,0.06,116.95,1,-96.00,-11.00,4.00,5.00,44.00,8.00,29568768,415
443.15,1547560396,4936.95,51.47088076,7.45979877,161.03,9.55,0.11,115.53,1,-96.00,-11.00,4.00,5.00,44.00,8.00,29568768,415
444.15,1547560397,4946.51,51.47084452,7.45993040,160.75,9.81,0.26,114.45,1,-104.00,-12.00,1.00,5.00,39.00,8.00,29568768,415
445.15,1547560398,4956.33,51.47080844,7.46006855,160.46,10.94,1.13,113.73,1,-104.00,-12.00,1.00,5.00,39.00,8.00,29568768,415
446.16,1547560399,4967.37,51.47077110,7.46021927,160.09,11.82,0.87,113.12,1,-100.00,-12.00,1.00,5.00,43.00,8.00,29568768,415
447.15,1547560400,4979.10,51.47280120,7.45557690,159.65,11.76,-0.06,112.65,1,-100.00,-12.00,1.00,5.00,43.00,8.00,29568768,415
448.15,1547560401,4990.87,51.47070326,7.46052271,159.20,11.78,0.02,112.00,1,-100.00,-12.00,1.00,5.00,43.00,8.00,29568768,415
449.15,1547560402,5002.65,51.47066759,7.46068049,158.91,12.18,0.39,112.49,1,-100.00,-13.00,-1.00,5.00,43.00,8.00,29568768,415
450.15,1547560403,5014.83,51.47062608,7.46084675,158.50,12.48,0.30,112.84,1,-100.00,-13.00,-1.00,5.00,43.00,8.00,29568768,415
451.15,1547560404,5027.31,51.47057608,7.46102462,158.08,13.19,0.72,113.55,1,-93.00,-8.00,1.00,6.00,46.00,6.00,29568769,416
452.15,1547560405,5040.45,51.47052841,7.46118444,157.66,13.29,0.10,114.00,1,-93.00,-8.00,1.00,6.00,46.00,6.00,29568769,416
453.15,1547560406,5053.81,51.47047781,7.46135218,157.34,13.10,-0.19,114.51,1,-98.00,-12.00,2.00,4.00,44.00,6.00,29568769,416
454.15,1547560407,5066.88,51.47042100,7.46152220,156.87,12.67,-0.44,115.51,1,-98.00,-12.00,2.00,4.00,44.00,6.00,29568769,416
455.15,1547560408,5079.56,51.47036104,7.46169555,155.44,13.18,0.52,116.95,1,-99.00,-10.00,3.00,6.00,42.00,6.00,29568769,416
456.15,1547560409,5092.73,51.47030403,7.46185999,154.89,12.49,-0.69,116.42,1,-99.00,-10.00,3.00,6.00,42.00,6.00,29568769,416
457.15,1547560410,5105.18,51.47024899,7.46203176,154.56,12.65,0.16,115.54,1,-99.00,-9.00,-4.00,6.00,41.00,13.00,26378498,495
458.15,1547560411,5117.83,51.47020229,7.46218425,154.89,13.05,0.40,114.90,1,-99.00,-9.00,-4.00,6.00,41.00,13.00,26378498,495
459.15,1547560412,5130.91,51.47015845,7.46234054,154.93,13.26,0.20,114.51,1,-99.00,-10.00,-1.00,6.00,42.00,13.00,26378498,495
460.15,1547560413,5144.17,51.47010166,7.46253435,154.70,14.06,0.80,114.39,1,-99.00,-10.00,-1.00,6.00,42.00,13.00,26378498,495
461.15,1547560414,5158.20,51.47005005,7.46271260,154.66,13.80,-0.26,114.72,1,-95.00,-7.00,7.00,4.00,44.00,13.00,26378498,495
462.15,1547560415,5172.01,51.46999143,7.46290707,154.54,14.44,0.65,115.20,1,-95.00,-7.00,7.00,4.00,44.00,13.00,26378498,495
463.15,1547560416,5186.48,51.46993281,7.46309302,154.46,14.34,-0.10,116.15,1,-100.00,-12.00,1.00,6.00,42.00,13.00,26378498,495
464.15,1547560417,5200.80,51.46987069,7.46329028,154.70,15.30,0.97,115.62,1,-100.00,-12.00,1.00,6.00,42.00,13.00,26378498,495
465.15,1547560418,5216.11,51.46981658,7.46347685,154.92,14.94,-0.36,114.64,1,-98.00,-9.00,5.00,6.00,42.00,13.00,26378498,495
466.15,1547560419,5231.03,51.46976303,7.46367542,155.29,15.10,0.16,113.83,1,-98.00,-9.00,5.00,6.00,42.00,13.00,26378498,495
467.14,1547560420,5246.05,51.47433090,7.46781900,155.91,15.75,0.65,112.62,1,-100.00,-9.00,5.00,5.00,41.00,13.00,26378498,495
468.15,1547560421,5261.87,51.46965746,7.46409592,156.49,16.12,0.37,111.81,1,-100.00,-9.00,5.00,5.00,41.00,13.00,26378498,495
469.16,1547560422,5278.10,51.46960805,7.46431832,156.82,15.62,-0.50,110.04,1,-98.00,-8.00,11.00,7.00,42.00,13.00,26378498,495
470.15,1547560423,5293.59,51.46957023,7.46452959,157.05,14.94,-0.69,107.51,1,-98.00,-8.00,11.00,7.00,42.00,13.00,26378498,495
471.15,1547560424,5308.60,51.46953069,7.46475168,157.21,15.48,0.54,106.72,1,-98.00,-8.00,11.00,7.00,42.00,13.00,26378498,495
472.15,1547560425,5324.02,51.46949947,7.46496658,157.57,15.20,-0.28,105.06,1,-100.00,-12.00,3.00,5.00,43.00,13.00,26378498,495
473.15,1547560426,5339.28,51.46946929,7.46518641,157.87,15.29,0.09,104.14,1,-100.00,-12.00,3.00,5.00,43.00,13.00,26378498,495
474.15,1547560427,5354.54,51.46944198,7.46540557,158.13,15.52,0.22,103.01,1,-102.00,-12.00,-1.00,7.00,41.00,13.00,26378498,495
475.15,1547560428,5370.05,51.46941684,7.46563129,158.35,15.83,0.32,101.23,1,-102.00,-12.00,-1.00,7.00,41.00,13.00,26378498,495
476.15,1547560429,5385.84,51.46939911,7.46585976,158.38,15.78,-0.05,99.14,1,-97.00,-10.00,-3.00,6.00,45.00,14.00,29401601,354
477.15,1547560430,5401.67,51.46938732,7.46608720,158.38,15.21,-0.57,96.76,1,-97.00,-10.00,-3.00,6.00,45.00,14.00,29401601,354
478.15,1547560431,5416.85,51.46938231,7.46630222,158.42,15.27,0.07,95.02,1,-103.00,-8.00,7.00,8.00,36.00,14.00,29401601,354
479.15,1547560432,5432.14,51.46938240,7.46652027,158.50,15.94,0.67,93.29,1,-103.00,-8.00,7.00,8.00,36.00,14.00,29401601,354
480.15,1547560433,5448.06,51.46938147,7.46675559,158.36,16.61,0.67,91.85,1,-97.00,-8.00,3.00,8.00,42.00,14.00,29401601,354
481.15,1547560434,5464.74,51.46939095,7.46698292,158.43,16.23,-0.39,90.41,1,-97.00,-8.00,3.00,8.00,42.00,14.00,29401601,354
482.15,1547560435,5480.92,51.46940147,7.46721033,158.82,16.59,0.36,88.72,1,-95.00,-10.00,2.00,11.00,49.00,14.00,29401601,354
483.15,1547560436,5497.47,51.46941566,7.46745189,159.34,17.08,0.49,87.20,1,-95.00,-10.00,2.00,11.00,49.00,14.00,29401601,354
484.15,1547560437,5514.55,51.46944204,7.46767580,159.61,17.65,0.57,85.91,1,-100.00,-14.00,0.00,6.00,43.00,14.00,29401601,354
485.15,1547560438,5532.29,51.46946444,7.46793900,159.98,17.97,0.31,84.60,1,-100.00,-14.00,0.00,6.00,43.00,14.00,29401601,354
486.15,1547560439,5550.22,51.46948816,7.46820165,160.07,17.38,-0.58,83.45,1,-100.00,-10.00,2.00,7.00,38.00,14.00,29401601,354
487.15,1547560440,5567.57,51.48174320,7.47065870,160.30,17.36,-0.02,82.14,1,-100.00,-10.00,2.00,7.00,38.00,14.00,29401601,354
488.15,1547560441,5585.00,51.46954567,7.46871323,160.42,17.48,0.12,80.80,1,-103.00,-11.00,1.00,7.00,39.00,14.00,29401601,354
489.15,1547560442,5602.46,51.46958100,7.46896655,160.49,18.30,0.82,79.86,1,-103.00,-11.00,1.00,7.00,39.00,14.00,29401601,354
490.15,1547560443,5620.69,51.46961293,7.46922923,160.40,18.11,-0.19,80.05,1,-104.00,-12.00,-1.00,5.00,40.00,14.00,29401601,354
491.15,1547560444,5638.89,51.46964608,7.46949341,160.11,17.99,-0.12,79.20,1,-104.00,-12.00,-1.00,5.00,40.00,14.00,29401601,354
492.16,1547560445,5656.94,51.46967839,7.46976139,160.17,18.00,0.01,79.55,1,-97.00,-10.00,-1.00,6.00,43.00,19.00,31263232,281
493.15,1547560446,5674.81,51.46970780,7.47002441,160.42,18.01,0.01,80.05,1,-97.00,-10.00,-1.00,6.00,43.00,19.00,31263232,281
494.15,1547560447,5692.85,51.46973680,7.47028055,160.54,17.85,-0.16,80.62,1,-97.00,-10.00,-1.00,6.00,43.00,19.00,31263232,281
495.15,1547560448,5710.70,51.46976234,7.47053418,160.55,16.63,-1.22,80.03,1,-103.00,-10.00,4.00,6.00,39.00,19.00,31263232,281
496.15,1547560449,5727.33,51.46978584,7.47079175,161.00,17.64,1.01,80.67,1,-103.00,-10.00,4.00,6.00,39.00,19.00,31263232,281
497.15,1547560450,5744.97,51.46980959,7.47108038,161.38,18.66,1.02,82.46,1,-104.00,-10.00,7.00,6.00,38.00,19.00,31263232,281
498.15,1547560451,5763.63,51.46982163,7.47135830,161.93,18.33,-0.33,84.29,1,-104.00,-10.00,7.00,6.00,38.00,19.00,31263232,281
499.15,1547560452,5781.96,51.46982546,7.47161721,162.58,18.02,-0.30,86.40,1,-100.00,-10.00,6.00,6.00,41.00,19.00,31263232,281
500.15,1547560453,5799.98,51.46982429,7.47187898,163.43,18.04,0.02,88.12,1,-100.00,-10.00,6.00,6.00,41.00,19.00,31263232,281
501.16,1547560454,5818.12,51.46981838,7.47215686,164.37,18.15,0.11,89.84,1,-98.00,-9.00,4.00,6.00,43.00,19.00,31263232,281
502.15,1547560455,5836.16,51.46980545,7.47242515,165.31,18.44,0.30,91.96,1,-98.00,-9.00,4.00,6.00,43.00,19.00,31263232,281
503.15,1547560456,5854.62,51.46979102,7.47269156,165.82,18.23,-0.21,93.32,1,-99.00,-10.00,3.00,5.00,41.00,19.00,31263232,281
504.15,1547560457,5872.86,51.46977571,7.47295095,166.09,17.54,-0.69,94.29,1,-99.00,-10.00,3.00,5.00,41.00,19.00,31263232,281
505.15,1547560458,5890.40,51.46975059,7.47322733,166.93,19.06,1.52,96.97,1,-101.00,-11.00,1.00,4.00,41.00,19.00,31263232,281
506.15,1547560459,5909.46,51.46972466,7.47348017,167.49,17.47,-1.59,97.39,1,-101.00,-11.00,1.00,4.00,41.00,19.00,31263232,281
507.15,1547560460,5926.95,51.46969310,7.47372295,167.85,17.64,0.17,98.02,1,-104.00,-11.00,-1.00,5.00,38.00,19.00,31263232,281
508.15,1547560461,5944.58,51.46966069,7.47398711,168.33,17.62,-0.01,97.76,1,-104.00,-11.00,-1.00,5.00,38.00,19.00,31263232,281
509.15,1547560462,5962.21,51.46962958,7.47423657,169.11,17.46,-0.16,98.58,1,-103.00,-13.00,0.00,5.00,42.00,19.00,31263232,281
510.15,1547560463,5979.67,51.46960162,7.47448582,169.99,16.68,-0.78,99.28,1,-103.00,-13.00,0.00,5.00,42.00,19.00,31263232,281
511.15,1547560464,5996.38,51.46958020,7.47471542,170.76,16.67,-0.01,97.92,1,-103.00,-13.00,-2.00,4.00,41.00,19.00,31263232,281
512.15,1547560465,6013.03,51.46955694,7.47498130,171.45,18.20,1.53,97.81,1,-103.00,-13.00,-2.00,4.00,41.00,19.00,31263232,281
513.15,1547560466,6031.22,51.46953733,7.47521614,171.69,17.08,-1.12,96.84,1,-94.00,-11.00,-6.00,5.00,41.00,94.00,29908736,249
514.15,1547560467,6048.27,51.46952208,7.47545850,172.02,16.81,-0.27,95.71,1,-94.00,-11.00,-6.00,5.00,41.00,94.00,29908736,249
515.16,1547560468,6065.30,51.46950457,7.47569804,172.37,16.94,0.13,95.12,1,-101.00,-14.00,-8.00,5.00,43.00,22.00,30492930,219
516.15,1547560469,6082.09,51.46949485,7.47594540,173.11,15.94,-1.01,93.67,1,-101.00,-14.00,-8.00,5.00,43.00,22.00,30492930,219
517.15,1547560470,6098.00,51.46948716,7.47617388,173.91,14.20,-1.74,92.74,1,-101.00,-14.00,-8.00,5.00,43.00,22.00,30492930,219
518.15,1547560471,6112.20,51.46948445,7.47637847,175.04,13.59,-0.61,92.08,1,-102.00,-12.00,-4.00,6.00,41.00,22.00,30492930,219
519.15,1547560472,6125.79,51.46948486,7.47658989,176.24,13.28,-0.31,90.98,1,-102.00,-12.00,-4.00,6.00,41.00,22.00,30492930,219
520.15,1547560473,6139.07,51.46948216,7.47680038,177.14,13.04,-0.24,90.71,1,-98.00,-11.00,-4.00,6.00,44.00,22.00,30492930,219
521.15,1547560474,6152.09,51.46948635,7.47698602,178.04,11.89,-1.16,88.04,1,-98.00,-11.00,-4.00,6.00,44.00,22.00,30492930,219
522.15,1547560475,6164.03,51.46949155,7.47715699,178.63,11.98,0.09,87.52,1,-100.00,-16.00,-6.00,4.00,45.00,22.00,30492930,219
523.15,1547560476,6175.99,51.46949734,7.47731344,179.16,10.73,-1.25,86.72,1,-100.00,-16.00,-6.00,4.00,45.00,22.00,30492930,219
524.15,1547560477,6186.74,51.46951069,7.47745701,179.67,10.17,-0.55,84.53,1,-96.00,-10.00,-6.00,6.00,44.00,10.00,29913344,432
525.15,1547560478,6196.90,51.46952151,7.47760309,179.84,9.69,-0.48,85.05,1,-96.00,-10.00,-6.00,6.00,44.00,10.00,29913344,432
526.15,1547560479,6206.58,51.46953392,7.47773896,179.92,9.02,-0.67,82.08,1,-96.00,-11.00,-2.00,6.00,45.00,10.00,29913344,432
527.16,1547560480,6215.64,51.46954691,7.47784509,179.78,8.13,-0.89,80.22,1,-96.00,-11.00,-2.00,6.00,45.00,10.00,29913344,432
528.15,1547560481,6223.74,51.46956654,7.47796724,179.49,7.79,-0.33,77.78,1,-97.00,-11.00,0.00,6.00,44.00,10.00,29913344,432
529.15,1547560482,6231.53,51.46958675,7.47807604,179.15,7.30,-0.50,78.53,1,-97.00,-11.00,0.00,6.00,44.00,10.00,29913344,432
530.15,1547560483,6238.80,51.46960647,7.47816673,178.91,6.68,-0.62,77.92,1,-95.00,-12.00,0.00,7.00,49.00,10.00,29913344,432
531.15,1547560484,6245.52,51.46962788,7.47825855,178.51,5.88,-0.80,77.19,1,-95.00,-12.00,0.00,7.00,49.00,10.00,29913344,432
532.15,1547560485,6251.36,51.46964301,7.47833185,178.20,5.37,-0.51,76.00,1,-95.00,-15.00,-1.00,6.00,50.00,10.00,29913344,432
533.15,1547560486,6256.74,51.46965710,7.47840242,177.95,4.94,-0.43,75.17,1,-95.00,-15.00,-1.00,6.00,50.00,10.00,29913344,432
534.15,1547560487,6261.68,51.46967083,7.47847644,177.92,4.13,-0.81,75.90,1,-93.00,-11.00,-2.00,5.00,48.00,10.00,29913344,432
535.15,1547560488,6265.83,51.46967823,7.47852039,177.90,2.82,-1.31,75.26,1,-93.00,-11.00,-2.00,5.00,48.00,10.00,29913344,432
536.16,1547560489,6268.67,51.46968578,7.47855498,177.89,2.22,-0.60,74.04,1,-97.00,-11.00,-1.00,7.00,44.00,10.00,29913344,432
537.15,1547560490,6270.87,51.46968890,7.47859263,177.90,1.86,-0.36,86.53,1,-97.00,-11.00,-1.00,7.00,44.00,10.00,29913344,432
538.15,1547560491,6272.73,51.46969331,7.47862151,177.93,1.51,-0.35,82.46,1,-97.00,-11.00,-1.00,7.00,44.00,10.00,29913344,432
539.15,1547560492,6274.24,51.46969665,7.47863930,177.98,0.82,-0.69,82.46,1,-89.00,-8.00,7.00,9.00,50.00,8.00,26378497,496
540.15,1547560493,6275.06,51.46969665,7.47863930,177.98,0.00,-0.82,82.46,1,-89.00,-8.00,7.00,9.00,50.00,8.00,26378497,496
541.15,1547560494,6275.06,51.46969665,7.47863930,177.98,0.00,0.00,82.46,1,-89.00,-7.00,8.00,7.00,50.00,8.00,26378497,496
542.16,1547560495,6275.06,51.46969665,7.47863930,177.98,0.00,0.00,82.46,1,-89.00,-7.00,8.00,7.00,50.00,8.00,26378497,496
543.15,1547560496,6275.06,51.46969665,7.47863930,177.97,0.00,0.00,82.46,1,-89.00,-10.00,7.00,9.00,52.00,8.00,26378497,496
544.15,1547560497,6275.06,51.46969665,7.47863930,177.96,0.00,0.00,82.46,1,-89.00,-10.00,7.00,9.00,52.00,8.00,26378497,496
545.15,1547560498,6275.06,51.46969665,7.47863930,177.94,0.00,0.00,82.46,1,-87.00,-8.00,4.00,9.00,52.00,8.00,26378497,496
546.15,1547560499,6275.06,51.46969665,7.47863930,177.93,0.00,0.00,82.46,1,-87.00,-8.00,4.00,9.00,52.00,8.00,26378497,496
547.15,1547560500,6275.06,51.46969665,7.47863930,177.91,0.00,0.00,82.46,1,-89.00,-7.00,9.00,9.00,49.00,8.00,26378497,496
548.15,1547560501,6275.06,51.46969665,7.47863930,177.88,0.00,0.00,82.46,1,-89.00,-7.00,9.00,9.00,49.00,8.00,26378497,496
549.15,1547560502,6275.06,51.46969665,7.47863930,177.86,0.00,0.00,82.46,1,-90.00,-8.00,4.00,9.00,49.00,8.00,26378497,496
550.15,1547560503,6275.06,51.46969665,7.47863930,177.83,0.00,0.00,82.46,1,-90.00,-8.00,4.00,9.00,49.00,8.00,26378497,496
551.15,1547560504,6275.06,51.46969665,7.47863930,177.80,0.00,0.00,82.46,1,-91.00,-10.00,6.00,6.00,50.00,8.00,26378497,496
552.15,1547560505,6275.06,51.46969665,7.47863930,177.77,0.00,0.00,82.46,1,-91.00,-10.00,6.00,6.00,50.00,8.00,26378497,496
553.15,1547560506,6275.06,51.46969665,7.47863930,177.74,0.00,0.00,82.46,1,-90.00,-8.00,6.00,6.00,49.00,8.00,26378497,496
554.15,1547560507,6275.06,51.46969665,7.47863930,177.71,0.00,0.00,82.46,1,-90.00,-8.00,6.00,6.00,49.00,8.00,26378497,496
555.15,1547560508,6275.06,51.46969665,7.47863930,177.69,0.00,0.00,82.46,1,-90.00,-10.00,5.00,7.00,51.00,8.00,26378497,496
556.15,1547560509,6275.06,51.46969665,7.47863930,177.66,0.00,0.00,82.46,1,-90.00,-10.00,5.00,7.00,51.00,8.00,26378497,496
557.16,1547560510,6275.06,51.46969665,7.47863930,177.39,0.00,0.00,82.46,1,-90.00,-8.00,5.00,8.00,50.00,8.00,26378497,496
558.15,1547560511,6275.06,51.46969665,7.47863930,177.14,0.00,0.00,75.74,1,-90.00,-8.00,5.00,8.00,50.00,8.00,26378497,496
559.15,1547560512,6275.06,51.46969665,7.47863930,174.47,0.00,0.00,75.21,1,-90.00,-8.00,5.00,8.00,50.00,8.00,26378497,496
560.15,1547560513,6275.06,51.46972571,7.47883127,173.12,6.09,0.00,74.64,1,-88.00,-7.00,10.00,8.00,49.00,8.00,26378497,496
561.15,1547560514,6281.16,51.46974098,7.47891717,172.23,7.07,0.98,75.00,1,-88.00,-7.00,10.00,8.00,49.00,8.00,26378497,496
562.15,1547560515,6288.21,51.46976113,7.47903768,171.81,8.38,1.32,75.58,1,-86.00,-9.00,11.00,8.00,53.00,8.00,26378497,496
563.15,1547560516,6296.62,51.46978096,7.47915917,171.47,9.40,1.01,75.06,1,-86.00,-9.00,11.00,8.00,53.00,8.00,26378497,496
564.15,1547560517,6306.01,51.46980477,7.47930131,171.21,10.50,1.10,74.67,1,-81.00,-8.00,11.00,10.00,57.00,8.00,26378497,496
565.15,1547560518,6316.50,51.46983806,7.47947049,171.39,11.29,0.79,73.95,1,-81.00,-8.00,11.00,10.00,57.00,8.00,26378497,496
566.15,1547560519,6327.79,51.46987148,7.47962060,172.01,11.58,0.30,73.36,1,-82.00,-5.00,14.00,10.00,53.00,8.00,26378497,496
567.15,1547560520,6339.36,51.46990963,7.47979164,172.71,11.85,0.27,72.62,1,-82.00,-5.00,14.00,10.00,53.00,8.00,26378497,496
568.15,1547560521,6351.23,51.46994585,7.47996080,173.15,12.59,0.74,72.22,1,-80.00,-7.00,17.00,12.00,57.00,8.00,26378497,496
569.15,1547560522,6363.82,51.46998419,7.48014069,173.63,13.53,0.94,71.83,1,-80.00,-7.00,17.00,12.00,57.00,8.00,26378497,496
570.15,1547560523,6377.31,51.47002584,7.48033681,173.77,14.08,0.55,71.32,1,-85.00,-7.00,4.00,12.00,53.00,8.00,26378497,496
571.15,1547560524,6391.38,51.47006534,7.48052317,173.70,14.34,0.26,71.79,1,-85.00,-7.00,4.00,12.00,53.00,8.00,26378497,496
572.15,1547560525,6405.76,51.47011261,7.48072706,174.01,13.99,-0.34,71.77,1,-88.00,-10.00,9.00,7.00,52.00,8.00,26378497,496
573.15,1547560526,6419.74,51.47015215,7.48090779,174.27,12.95,-1.04,71.88,1,-88.00,-10.00,9.00,7.00,52.00,8.00,26378497,496
574.15,1547560527,6432.72,51.47019154,7.48108677,175.15,11.54,-1.41,72.61,1,-86.00,-6.00,12.00,9.00,50.00,8.00,26378497,496
575.15,1547560528,6444.25,51.47022281,7.48122952,176.24,10.11,-1.44,73.21,1,-86.00,-6.00,12.00,9.00,50.00,8.00,26378497,496
576.15,1547560529,6454.35,51.47023860,7.48132945,177.03,8.63,-1.48,73.88,1,-88.00,-8.00,10.00,7.00,50.00,8.00,26378497,496
577.15,1547560530,6462.99,51.47025700,7.48144260,177.58,7.80,-0.83,76.23,1,-88.00,-8.00,10.00,7.00,50.00,8.00,26378497,496
578.15,1547560531,6470.79,51.47024238,7.48153785,177.91,6.56,-1.24,109.17,1,-87.00,-6.00,10.00,10.00,49.00,8.00,26378497,496
579.15,1547560532,6477.35,51.47018893,7.48161921,178.12,7.90,1.34,142.78,1,-87.00,-6.00,10.00,10.00,49.00,8.00,26378497,496
580.16,1547560533,6485.32,51.47011383,7.48168229,178.51,8.90,0.99,160.90,1,-89.00,-7.00,2.00,12.00,50.00,8.00,26378497,496
581.15,1547560534,6494.14,51.47004122,7.48173139,178.89,10.30,1.42,161.27,1,-89.00,-7.00,2.00,12.00,50.00,8.00,26378497,496
582.15,1547560535,6504.45,51.46994016,7.48178025,178.52,12.71,2.41,162.20,1,-89.00,-7.00,2.00,12.00,50.00,8.00,26378497,496
583.15,1547560536,6517.20,51.46982319,7.48184149,178.47,14.45,1.73,163.07,1,-91.00,-8.00,1.00,7.00,48.00,8.00,26378497,496
584.15,1547560537,6531.64,51.46970441,7.48189800,178.25,14.68,0.23,163.61,1,-91.00,-8.00,1.00,7.00,48.00,8.00,26378497,496
585.15,1547560538,6546.32,51.46958200,7.48195500,178.46,14.45,-0.23,163.56,1,-91.00,-10.00,-6.00,3.00,50.00,8.00,26378497,496
586.15,1547560539,6560.74,51.46946253,7.48201261,178.70,14.53,0.08,162.83,1,-91.00,-10.00,-6.00,3.00,50.00,8.00,26378497,496
587.15,1547560540,6575.25,51.46933483,7.48207391,179.07,13.77,-0.75,163.32,1,-92.00,-10.00,-2.00,7.00,50.00,8.00,26378497,496
588.15,1547560541,6589.02,51.46920810,7.48213311,179.61,13.63,-0.15,162.56,1,-92.00,-10.00,-2.00,7.00,50.00,8.00,26378497,496
589.15,1547560542,6602.67,51.46906653,7.48218854,180.03,15.01,1.38,164.10,1,-94.00,-11.00,-3.00,4.00,49.00,8.00,26378497,496
590.15,1547560543,6617.63,51.46893220,7.48224474,180.40,14.86,-0.15,164.69,1,-94.00,-11.00,-3.00,4.00,49.00,8.00,26378497,496
591.15,1547560544,6632.54,51.46880166,7.48228687,180.28,14.55,-0.31,165.64,1,-94.00,-10.00,-2.00,4.00,48.00,8.00,26378497,496
592.15,1547560545,6647.05,51.46867452,7.48232729,180.06,14.47,-0.08,165.28,1,-94.00,-10.00,-2.00,4.00,48.00,8.00,26378497,496
593.15,1547560546,6661.54,51.46854256,7.48237452,179.76,14.69,0.23,164.13,1,-92.00,-9.00,-2.00,6.00,49.00,7.00,29913344,432
594.15,1547560547,6676.25,51.46841451,7.48242826,179.58,15.12,0.42,163.49,1,-92.00,-9.00,-2.00,6.00,49.00,7.00,29913344,432
595.15,1547560548,6691.37,51.46828485,7.48248480,179.32,15.09,-0.02,163.97,1,-94.00,-11.00,10.00,12.00,49.00,7.00,29913344,432
596.15,1547560549,6706.46,51.46814856,7.48253574,179.03,14.70,-0.39,164.66,1,-94.00,-11.00,10.00,12.00,49.00,7.00,29913344,432
597.15,1547560550,6721.15,51.46801506,7.48258619,178.89,13.78,-0.92,165.10,1,-92.00,-8.00,4.00,11.00,47.00,7.00,29913344,432
598.15,1547560551,6734.93,51.46789798,7.48262358,179.05,12.31,-1.47,165.80,1,-92.00,-8.00,4.00,11.00,47.00,7.00,29913344,432
599.15,1547560552,6747.24,51.46779050,7.48265553,179.17,10.96,-1.35,166.91,1,-92.00,-7.00,9.00,8.00,46.00,7.00,29913344,432
600.15,1547560553,6758.17,51.46769111,7.48268138,179.13,9.71,-1.26,168.31,1,-92.00,-7.00,9.00,8.00,46.00,7.00,29913344,432
601.15,1547560554,6767.95,51.46761300,7.48270024,178.85,6.07,-3.61,169.11,1,-90.00,-7.00,11.00,7.00,49.00,7.00,29913344,432
602.14,1547560555,6773.96,51.46756301,7.48270834,178.62,5.89,-0.18,169.84,1,-90.00,-7.00,11.00,7.00,49.00,7.00,29913344,432
603.15,1547560556,6779.86,51.46750671,7.48271653,178.38,7.37,1.48,170.65,1,-90.00,-7.00,11.00,7.00,49.00,7.00,29913344,432
604.15,1547560557,6787.24,51.46745007,7.48272226,177.76,9.27,1.90,171.92,1,-88.00,-6.00,9.00,12.00,50.00,7.00,29913344,432
605.15,1547560558,6796.52,51.46735037,7.48273715,177.46,10.66,1.39,173.74,1,-88.00,-6.00,9.00,12.00,50.00,7.00,29913344,432
606.15,1547560559,6807.18,51.46725324,7.48274517,177.29,10.83,0.17,176.82,1,-95.00,-6.00,8.00,10.00,43.00,7.00,29913344,432
607.15,1547560560,6818.00,51.46714166,7.48274736,176.98,11.84,1.02,179.48,1,-95.00,-6.00,8.00,10.00,43.00,7.00,29913344,432
608.15,1547560561,6829.84,51.46702205,7.48274394,176.53,13.45,1.61,181.08,1,-95.00,-7.00,17.00,12.00,44.00,7.00,29913344,432
609.15,1547560562,6843.29,51.46689988,7.48272980,175.99,13.91,0.46,182.88,1,-95.00,-7.00,17.00,12.00,44.00,7.00,29913344,432
610.14,1547560563,6857.14,51.46676228,7.48270613,176.02,14.20,0.29,184.96,1,-89.00,-6.00,14.00,10.00,49.00,7.00,29913344,432
611.15,1547560564,6871.36,51.46662683,7.48267881,176.13,13.92,-0.28,186.84,1,-89.00,-6.00,14.00,10.00,49.00,7.00,29913344,432
612.14,1547560565,6885.26,51.46649410,7.48264327,176.26,14.45,0.54,189.31,1,-89.00,-6.00,11.00,10.00,47.00,7.00,29913344,432
613.15,1547560566,6899.74,51.46636028,7.48258827,176.39,14.18,-0.27,192.65,1,-89.00,-6.00,11.00,10.00,47.00,7.00,29913344,432
614.15,1547560567,6913.96,51.46623959,7.48253142,175.94,14.45,0.26,195.54,1,-85.00,-6.00,8.00,11.00,52.00,7.00,29913344,432
615.15,1547560568,6928.40,51.46609967,7.48245675,174.87,16.19,1.74,197.23,1,-85.00,-6.00,8.00,11.00,52.00,7.00,29913344,432
616.15,1547560569,6944.58,51.46596615,7.48237442,174.13,15.95,-0.24,199.48,1,-90.00,-8.00,14.00,9.00,49.00,7.00,29913344,432
617.15,1547560570,6960.54,51.46583283,7.48229251,172.98,16.38,0.44,198.57,1,-90.00,-8.00,14.00,9.00,49.00,7.00,29913344,432
618.15,1547560571,6976.92,51.46569287,7.48220557,171.58,15.75,-0.63,199.90,1,-90.00,-6.00,13.00,11.00,49.00,7.00,29913344,432
619.15,1547560572,6992.67,51.46558144,7.48212018,170.42,15.02,-0.73,201.59,1,-90.00,-6.00,13.00,11.00,49.00,7.00,29913344,432
620.15,1547560573,7007.70,51.46546818,7.48203798,169.88,14.36,-0.65,201.84,1,-80.00,-6.00,14.00,10.00,57.00,7.00,29913344,432
621.15,1547560574,7022.01,51.46535351,7.48194728,169.18,14.01,-0.36,202.97,1,-80.00,-6.00,14.00,10.00,57.00,7.00,29913344,432
622.15,1547560575,7036.10,51.46522431,7.48184874,169.40,14.48,0.47,201.45,1,-81.00,-7.00,15.00,15.00,56.00,7.00,29913344,432
623.15,1547560576,7050.54,51.46509715,7.48174504,169.66,14.54,0.06,200.50,1,-81.00,-7.00,15.00,15.00,56.00,7.00,29913344,432
624.15,1547560577,7065.09,51.46496491,7.48165115,169.68,14.37,-0.17,200.16,1,-81.00,-7.00,15.00,15.00,56.00,7.00,29913344,432
625.15,1547560578,7079.45,51.46484761,7.48157338,169.58,14.64,0.27,200.54,1,-85.00,-7.00,9.00,8.00,51.00,7.00,29913344,432
626.15,1547560579,7094.09,51.46472926,7.48149769,169.78,14.66,0.02,200.03,1,-85.00,-7.00,9.00,8.00,51.00,7.00,29913344,432
627.15,1547560580,7108.78,51.46461752,7.48142539,169.83,14.10,-0.55,199.54,1,-92.00,-8.00,8.00,11.00,47.00,7.00,29913344,432
628.15,1547560581,7122.87,51.46450519,7.48135832,169.94,13.47,-0.64,198.95,1,-92.00,-8.00,8.00,11.00,47.00,7.00,29913344,432
629.15,1547560582,7136.35,51.46439058,7.48128986,169.95,13.91,0.44,198.53,1,-87.00,-9.00,10.00,8.00,55.00,7.00,29913344,432
630.15,1547560583,7150.19,51.46427361,7.48122580,170.20,13.44,-0.47,198.07,1,-87.00,-9.00,10.00,8.00,55.00,7.00,29913344,432
631.15,1547560584,7163.63,51.46415318,7.48116633,170.74,13.08,-0.36,197.68,1,-82.00,-7.00,4.00,6.00,57.00,1.00,29913346,433
632.15,1547560585,7176.71,51.46403062,7.48110320,171.36,13.08,-0.00,197.31,1,-82.00,-7.00,4.00,6.00,57.00,1.00,29913346,433
633.15,1547560586,7189.80,51.46391614,7.48105015,172.18,13.16,0.08,196.53,1,-78.00,-8.00,12.00,15.00,60.00,1.00,29913346,433
634.15,1547560587,7203.00,51.46379891,7.48099487,172.81,13.08,-0.08,195.95,1,-78.00,-8.00,12.00,15.00,60.00,1.00,29913346,433
635.15,1547560588,7216.07,51.46368446,7.48094190,173.37,13.68,0.60,195.69,1,-80.00,-6.00,22.00,15.00,57.00,1.00,29913346,433
636.15,1547560589,7229.73,51.46356198,7.48088341,174.00,14.25,0.57,196.02,1,-80.00,-6.00,22.00,15.00,57.00,1.00,29913346,433
637.15,1547560590,7243.99,51.46344116,7.48082688,174.52,13.67,-0.58,196.23,1,-79.00,-6.00,21.00,15.00,58.00,1.00,29913346,433
638.15,1547560591,7257.65,51.46332254,7.48077531,174.94,13.75,0.09,196.17,1,-79.00,-6.00,21.00,15.00,58.00,1.00,29913346,433
639.15,1547560592,7271.41,51.46320458,7.48071945,175.23,13.78,0.02,197.19,1,-74.00,-6.00,21.00,15.00,63.00,1.00,29913346,433
640.15,1547560593,7285.19,51.46309024,7.48066340,175.37,13.67,-0.11,197.64,1,-74.00,-6.00,21.00,15.00,63.00,1.00,29913346,433
641.15,1547560594,7298.85,51.46297186,7.48060349,175.54,14.00,0.33,197.09,1,-71.00,-5.00,19.00,15.00,63.00,1.00,29913346,433
642.15,1547560595,7312.85,51.46285292,7.48054487,175.72,13.63,-0.37,196.74,1,-71.00,-5.00,19.00,15.00,63.00,1.00,29913346,433
643.16,1547560596,7326.62,51.46273366,7.48049513,176.14,13.33,-0.29,196.32,1,-71.00,-6.00,35.00,15.00,63.00,1.00,29913346,433
644.15,1547560597,7339.83,51.46262036,7.48044806,176.51,12.45,-0.89,197.16,1,-71.00,-6.00,35.00,15.00,63.00,1.00,29913346,433
645.15,1547560598,7352.29,51.46250758,7.48040039,176.97,12.22,-0.24,197.12,1,-71.00,-6.00,35.00,15.00,63.00,1.00,29913346,433
646.15,1547560599,7364.50,51.46239551,7.48034907,177.37,12.92,0.70,196.31,1,-73.00,-6.00,25.00,15.00,62.00,1.00,29913346,433
647.15,1547560600,7377.42,51.46228997,7.48030136,177.74,12.08,-0.84,195.86,1,-73.00,-6.00,25.00,15.00,62.00,1.00,29913346,433
648.15,1547560601,7389.50,51.46221019,7.48026783,178.00,10.15,-1.93,195.83,1,-82.00,-6.00,16.00,11.00,54.00,1.00,29913346,433
649.15,1547560602,7399.65,51.46213432,7.48023608,178.37,7.74,-2.41,194.89,1,-82.00,-6.00,16.00,11.00,54.00,1.00,29913346,433
650.15,1547560603,7407.36,51.46206268,7.48023104,178.95,5.87,-1.88,180.22,1,-84.00,-6.00,11.00,11.00,53.00,1.00,29913346,433
651.15,1547560604,7413.24,51.46203471,7.48027649,179.63,6.37,0.50,136.25,1,-84.00,-6.00,11.00,11.00,53.00,1.00,29913346,433
652.15,1547560605,7419.61,51.46202029,7.48034370,179.72,6.84,0.46,107.74,1,-85.00,-7.00,19.00,11.00,52.00,1.00,29913346,433
653.15,1547560606,7426.45,51.46201724,7.48044173,179.27,8.45,1.61,91.88,1,-85.00,-7.00,19.00,11.00,52.00,1.00,29913346,433
654.15,1547560607,7434.90,51.46201340,7.48057884,178.48,9.62,1.17,92.35,1,-85.00,-7.00,15.00,13.00,53.00,1.00,29913346,433
655.15,1547560608,7444.53,51.46200561,7.48074324,177.63,10.73,1.11,91.32,1,-85.00,-7.00,15.00,13.00,53.00,1.00,29913346,433
656.15,1547560609,7455.26,51.46200230,7.48092177,176.82,11.63,0.90,89.95,1,-85.00,-7.00,8.00,10.00,52.00,1.00,29913346,433
657.15,1547560610,7466.88,51.46199981,7.48110585,176.24,12.01,0.38,89.41,1,-85.00,-7.00,8.00,10.00,52.00,1.00,29913346,433
658.15,1547560611,7478.88,51.46199355,7.48131425,175.80,13.27,1.26,89.93,1,-82.00,-6.00,23.00,15.00,55.00,1.00,29913346,433
659.15,1547560612,7492.15,51.46199140,7.48151216,175.80,14.16,0.89,90.33,1,-82.00,-6.00,23.00,15.00,55.00,1.00,29913346,433
660.15,1547560613,7506.27,51.46198835,7.48169209,175.88,14.27,0.11,91.04,1,-79.00,-7.00,5.00,15.00,58.00,1.00,29913346,433
661.15,1547560614,7520.55,51.46198504,7.48190198,176.25,14.34,0.07,91.61,1,-79.00,-7.00,5.00,15.00,58.00,1.00,29913346,433
662.15,1547560615,7534.89,51.46197798,7.48211286,176.69,14.14,-0.19,92.15,1,-80.00,-11.00,7.00,12.00,59.00,1.00,29913346,433
663.15,1547560616,7549.09,51.46197210,7.48232316,177.32,14.16,0.02,91.56,1,-80.00,-11.00,7.00,12.00,59.00,1.00,29913346,433
664.16,1547560617,7563.32,51.46196827,7.48252459,177.96,13.89,-0.27,91.68,1,-78.00,-8.00,6.00,6.00,58.00,2.00,29913345,434
665.15,1547560618,7577.12,51.46196266,7.48273149,178.51,14.08,0.19,91.63,1,-78.00,-8.00,6.00,6.00,58.00,2.00,29913345,434
666.15,1547560619,7591.21,51.46195607,7.48294115,179.02,14.18,0.10,91.22,1,-78.00,-8.00,6.00,6.00,58.00,2.00,29913345,434
667.15,1547560620,7605.40,51.46195127,7.48315010,179.42,14.54,0.36,90.81,1,-69.00,-5.00,20.00,15.00,63.00,2.00,29913345,434
668.15,1547560621,7619.93,51.46194567,7.48334431,179.87,13.60,-0.94,91.70,1,-69.00,-5.00,20.00,15.00,63.00,2.00,29913345,434
669.15,1547560622,7633.53,51.46194045,7.48350253,179.81,12.20,-1.39,92.57,1,-80.00,-8.00,19.00,12.00,59.00,2.00,29913345,434
670.15,1547560623,7645.73,51.46192689,7.48367726,179.80,12.55,0.35,95.14,1,-80.00,-8.00,19.00,12.00,59.00,2.00,29913345,434
671.15,1547560624,7658.26,51.46191554,7.48381892,180.23,9.16,-3.40,94.51,1,-92.00,-7.00,21.00,14.00,46.00,2.00,29913345,434
672.15,1547560625,7667.44,51.46191236,7.48395709,180.34,7.89,-1.27,90.94,1,-92.00,-7.00,21.00,14.00,46.00,2.00,29913345,434
673.15,1547560626,7675.33,51.46188560,7.48406940,181.07,7.60,-0.29,111.80,1,-82.00,-6.00,21.00,15.00,54.00,2.00,29913345,434
674.15,1547560627,7682.92,51.46183885,7.48416610,181.63,8.44,0.84,139.38,1,-82.00,-6.00,21.00,15.00,54.00,2.00,29913345,434
675.15,1547560628,7691.37,51.46176522,7.48423810,181.14,9.69,1.25,156.34,1,-83.00,-7.00,21.00,15.00,57.00,2.00,29913345,434
676.15,1547560629,7701.06,51.46169417,7.48429309,180.78,11.38,1.69,159.19,1,-83.00,-7.00,21.00,15.00,57.00,2.00,29913345,434
677.15,1547560630,7712.44,51.46160764,7.48433639,180.50,10.87,-0.51,158.90,1,-83.00,-9.00,8.00,10.00,58.00,2.00,29913345,434
678.15,1547560631,7723.31,51.46151678,7.48437810,180.48,10.95,0.08,161.47,1,-83.00,-9.00,8.00,10.00,58.00,2.00,29913345,434
679.15,1547560632,7734.26,51.46142030,7.48441536,181.35,12.78,1.83,163.34,1,-85.00,-8.00,10.00,14.00,54.00,2.00,29913345,434
680.15,1547560633,7747.04,51.46130858,7.48445405,182.45,14.00,1.22,166.16,1,-85.00,-8.00,10.00,14.00,54.00,2.00,29913345,434
681.14,1547560634,7760.99,51.46117117,7.48449100,183.43,15.30,1.30,168.41,1,-86.00,-10.00,9.00,9.00,55.00,2.00,29913345,434
682.15,1547560635,7776.31,51.46102944,7.48451823,184.39,15.39,0.09,170.77,1,-86.00,-10.00,9.00,9.00,55.00,2.00,29913345,434
683.15,1547560636,7791.74,51.46089269,7.48453196,185.01,15.01,-0.37,173.90,1,-87.00,-9.00,12.00,10.00,52.00,2.00,29913345,434
684.15,1547560637,7806.75,51.46074753,7.48454178,185.69,15.54,0.53,175.76,1,-87.00,-9.00,12.00,10.00,52.00,2.00,29913345,434
685.16,1547560638,7822.43,51.46060940,7.48454262,186.71,14.97,-0.56,177.25,1,-94.00,-8.00,21.00,8.00,45.00,2.00,29913345,434
686.15,1547560639,7837.27,51.46045063,7.48454255,187.63,15.15,0.18,179.36,1,-94.00,-8.00,21.00,8.00,45.00,2.00,29913345,434
687.15,1547560640,7852.42,51.46031673,7.48453130,188.77,14.85,-0.30,182.04,1,-94.00,-8.00,21.00,8.00,45.00,2.00,29913345,434
688.15,1547560641,7867.28,51.46016644,7.48451272,189.93,15.44,0.59,183.71,1,-95.00,-9.00,7.00,9.00,43.00,2.00,29913345,434
689.15,1547560642,7882.72,51.46001727,7.48448368,190.81,15.84,0.40,185.43,1,-95.00,-9.00,7.00,9.00,43.00,2.00,29913345,434
690.15,1547560643,7898.55,51.45987442,7.48444319,191.61,15.27,-0.57,188.06,1,-99.00,-11.00,4.00,8.00,43.00,2.00,29913345,434
691.15,1547560644,7913.81,51.45973265,7.48439912,192.39,15.18,-0.08,190.19,1,-99.00,-11.00,4.00,8.00,43.00,2.00,29913345,434
692.15,1547560645,7928.96,51.45959123,7.48435950,193.04,15.91,0.73,190.71,1,-101.00,-10.00,4.00,8.00,39.00,2.00,29913345,434
693.15,1547560646,7944.86,51.45943701,7.48431525,194.04,16.06,0.15,191.10,1,-101.00,-10.00,4.00,8.00,39.00,2.00,29913345,434
694.15,1547560647,7960.94,51.45929264,7.48425555,195.11,15.78,-0.28,193.21,1,-98.00,-10.00,4.00,8.00,41.00,2.00,29913345,434
695.15,1547560648,7976.75,51.45916099,7.48420498,196.02,15.15,-0.64,192.30,1,-98.00,-10.00,4.00,8.00,41.00,2.00,29913345,434
696.15,1547560649,7991.93,51.45902922,7.48415911,196.79,15.13,-0.01,191.37,1,-101.00,-12.00,3.00,5.00,41.00,2.00,29913345,434
697.15,1547560650,8007.06,51.45889835,7.48411612,197.52,14.58,-0.55,192.00,1,-101.00,-12.00,3.00,5.00,41.00,2.00,29913345,434
698.15,1547560651,8021.66,51.45876168,7.48406383,198.17,14.56,-0.02,192.93,1,-103.00,-11.00,2.00,5.00,38.00,2.00,29913345,434
699.15,1547560652,8036.24,51.45863426,7.48401521,198.98,14.41,-0.16,193.95,1,-103.00,-11.00,2.00,5.00,38.00,2.00,29913345,434
700.15,1547560653,8050.54,51.45851109,7.48395922,199.77,14.08,-0.33,195.80,1,-103.00,-11.00,1.00,6.00,40.00,2.00,29913345,434
701.15,1547560654,8064.64,51.45838034,7.48390019,200.50,15.20,1.12,194.81,1,-103.00,-11.00,1.00,6.00,40.00,2.00,29913345,434
702.15,1547560655,8079.86,51.45824603,7.48384384,201.17,14.85,-0.35,195.54,1,-100.00,-10.00,0.00,5.00,40.00,2.00,29913345,434
703.15,1547560656,8094.71,51.45809940,7.48379487,201.79,16.06,1.21,193.61,1,-100.00,-10.00,0.00,5.00,40.00,2.00,29913345,434
704.15,1547560657,8110.80,51.45796776,7.48373972,202.82,14.64,-1.42,195.17,1,-96.00,-8.00,-1.00,6.00,43.00,7.00,28371200,68
705.15,1547560658,8125.43,51.45783533,7.48368691,203.87,14.28,-0.36,194.23,1,-96.00,-8.00,-1.00,6.00,43.00,7.00,28371200,68
706.15,1547560659,8139.69,51.45769214,7.48364077,204.84,15.72,1.44,193.19,1,-94.00,-9.00,4.00,6.00,45.00,7.00,28371200,68
707.15,1547560660,8155.47,51.45755672,7.48359198,206.00,14.95,-0.77,194.58,1,-94.00,-9.00,4.00,6.00,45.00,7.00,28371200,68
708.16,1547560661,8170.53,51.45742144,7.48354241,207.04,14.24,-0.70,196.13,1,-95.00,-9.00,13.00,8.00,45.00,7.00,28371200,68
709.15,1547560662,8184.65,51.45727814,7.48349700,207.84,15.71,1.48,195.09,1,-95.00,-9.00,13.00,8.00,45.00,7.00,28371200,68
710.15,1547560663,8200.36,51.45711283,7.48344737,208.81,17.66,1.95,193.06,1,-95.00,-9.00,13.00,8.00,45.00,7.00,28371200,68
711.15,1547560664,8218.02,51.45695877,7.48341127,209.38,17.31,-0.35,192.20,1,-96.00,-9.00,9.00,7.00,45.00,7.00,28371200,68
712.15,1547560665,8235.34,51.45681103,7.48337729,209.80,16.31,-1.00,191.74,1,-96.00,-9.00,9.00,7.00,45.00,7.00,28371200,68
713.15,1547560666,8251.65,51.45667044,7.48334956,210.65,16.29,-0.02,190.74,1,-96.00,-10.00,13.00,9.00,45.00,7.00,28371200,68
714.15,1547560667,8267.95,51.45651914,7.48332564,211.57,16.38,0.09,189.86,1,-96.00,-10.00,13.00,9.00,45.00,7.00,28371200,68
715.15,1547560668,8284.31,51.45636821,7.48330570,212.43,16.33,-0.05,188.83,1,-96.00,-10.00,12.00,9.00,45.00,7.00,28371200,68
716.15,1547560669,8300.64,51.45622261,7.48328881,213.56,16.09,-0.24,187.68,1,-96.00,-10.00,12.00,9.00,45.00,7.00,28371200,68
717.15,1547560670,8316.73,51.45608116,7.48326778,214.35,15.37,-0.72,186.99,1,-94.00,-10.00,24.00,11.00,47.00,7.00,28371200,68
718.15,1547560671,8332.10,51.45592795,7.48325301,215.11,16.20,0.83,185.62,1,-94.00,-10.00,24.00,11.00,47.00,7.00,28371200,68
719.15,1547560672,8348.30,51.45578742,7.48324844,216.31,16.01,-0.19,183.63,1,-89.00,-11.00,7.00,9.00,54.00,7.00,28371200,68
720.15,1547560673,8364.24,51.45563903,7.48324532,217.54,16.42,0.41,182.26,1,-89.00,-11.00,7.00,9.00,54.00,7.00,28371200,68
721.15,1547560674,8380.78,51.45549519,7.48325233,218.75,16.70,0.27,180.49,1,-92.00,-8.00,4.00,6.00,46.00,5.00,28371202,67
722.15,1547560675,8397.36,51.45534756,7.48327028,219.78,16.73,0.04,178.02,1,-92.00,-8.00,4.00,6.00,46.00,5.00,28371202,67
723.15,1547560676,8414.11,51.45519834,7.48329734,220.43,16.72,-0.01,175.59,1,-88.00,-6.00,11.00,10.00,49.00,5.00,28371202,67
724.15,1547560677,8430.81,51.45505331,7.48333344,220.99,17.02,0.30,172.87,1,-88.00,-6.00,11.00,10.00,49.00,5.00,28371202,67
725.15,1547560678,8447.89,51.45490771,7.48337958,221.47,17.27,0.26,170.10,1,-93.00,-6.00,14.00,10.00,45.00,5.00,28371202,67
726.15,1547560679,8465.15,51.45475199,7.48344976,221.96,17.01,-0.27,167.51,1,-93.00,-6.00,14.00,10.00,45.00,5.00,28371202,67
727.15,1547560680,8482.15,51.45459971,7.48352399,222.23,16.22,-0.78,165.38,1,-92.00,-5.00,11.00,13.00,45.00,5.00,28371202,67
728.15,1547560681,8498.37,51.45445318,7.48361738,222.45,17.60,1.37,162.30,1,-92.00,-5.00,11.00,13.00,45.00,5.00,28371202,67
729.15,1547560682,8515.95,51.45430980,7.48372879,222.96,17.80,0.20,158.95,1,-94.00,-7.00,9.00,8.00,43.00,5.00,28371202,67
730.15,1547560683,8533.75,51.45415954,7.48385686,223.41,16.55,-1.25,155.57,1,-94.00,-7.00,9.00,8.00,43.00,5.00,28371202,67
731.16,1547560684,8550.48,51.45402606,7.48399011,224.17,17.22,0.66,152.11,1,-94.00,-6.00,8.00,7.00,44.00,5.00,28371202,67
732.15,1547560685,8567.51,51.45388221,7.48414625,225.04,18.01,0.80,148.35,1,-94.00,-6.00,8.00,7.00,44.00,5.00,28371202,67
733.15,1547560686,8585.52,51.45375399,7.48430629,226.23,17.24,-0.77,144.41,1,-94.00,-6.00,8.00,7.00,44.00,5.00,28371202,67
734.15,1547560687,8602.78,51.45362955,7.48448304,226.98,15.73,-1.51,141.08,1,-92.00,-8.00,9.00,7.00,46.00,5.00,28371202,67
735.15,1547560688,8618.53,51.45352864,7.48464082,228.10,14.76,-0.97,137.80,1,-92.00,-8.00,9.00,7.00,46.00,5.00,28371202,67
736.15,1547560689,8633.28,51.45341494,7.48482441,228.81,16.27,1.51,136.30,1,-91.00,-6.00,15.00,12.00,46.00,5.00,28371202,67
737.15,1547560690,8649.55,51.45331068,7.48500353,229.53,15.40,-0.87,134.16,1,-91.00,-6.00,15.00,12.00,46.00,5.00,28371202,67
738.15,1547560691,8664.95,51.45321379,7.48518643,230.46,15.56,0.16,131.97,1,-85.00,-5.00,20.00,15.00,51.00,5.00,28371202,67
739.15,1547560692,8680.49,51.45310956,7.48538236,231.48,16.59,1.03,132.23,1,-85.00,-5.00,20.00,15.00,51.00,5.00,28371202,67
740.15,1547560693,8697.09,51.45300416,7.48558361,232.32,16.87,0.28,132.84,1,-83.00,-5.00,20.00,8.00,54.00,5.00,28371202,67
741.15,1547560694,8714.02,51.45291415,7.48575323,233.48,16.25,-0.62,133.25,1,-83.00,-5.00,20.00,8.00,54.00,5.00,28371202,67
742.15,1547560695,8730.20,51.45282446,7.48592377,234.72,16.32,0.07,133.65,1,-83.00,-6.00,18.00,12.00,53.00,5.00,28371202,67
743.15,1547560696,8746.55,51.45273847,7.48608415,235.45,14.79,-1.53,134.18,1,-83.00,-6.00,18.00,12.00,53.00,5.00,28371202,67
744.15,1547560697,8761.31,51.45264185,7.48624975,236.49,15.18,0.39,134.62,1,-86.00,-5.00,33.00,15.00,50.00,5.00,28371202,67
745.15,1547560698,8776.49,51.45254363,7.48641594,237.28,15.27,0.09,136.17,1,-86.00,-5.00,33.00,15.00,50.00,5.00,28371202,67
746.15,1547560699,8791.77,51.45243924,7.48656927,238.13,14.81,-0.46,138.65,1,-86.00,-6.00,18.00,12.00,50.00,5.00,28371202,67
747.15,1547560700,8806.58,51.45232357,7.48671958,239.58,16.26,1.45,140.96,1,-86.00,-6.00,18.00,12.00,50.00,5.00,28371202,67
748.15,1547560701,8822.82,51.45220164,7.48686030,241.23,16.04,-0.21,143.21,1,-87.00,-6.00,9.00,13.00,50.00,5.00,28371202,67
749.15,1547560702,8838.88,51.45207490,7.48698901,243.01,16.03,-0.01,146.50,1,-87.00,-6.00,9.00,13.00,50.00,5.00,28371202,67
750.15,1547560703,8854.91,51.45194157,7.48711540,244.25,16.53,0.50,148.49,1,-89.00,-6.00,10.00,11.00,49.00,5.00,28371202,67
751.15,1547560704,8871.44,51.45180913,7.48722253,245.42,16.59,0.05,150.23,1,-89.00,-6.00,10.00,11.00,49.00,5.00,28371202,67
752.15,1547560705,8888.11,51.45167160,7.48732521,246.17,15.89,-0.69,153.02,1,-88.00,-7.00,8.00,6.00,49.00,5.00,28371202,67
753.15,1547560706,8903.94,51.45153705,7.48741491,246.54,16.35,0.46,155.54,1,-88.00,-7.00,8.00,6.00,49.00,5.00,28371202,67
754.15,1547560707,8920.26,51.45141240,7.48749435,246.73,15.56,-0.80,156.35,1,-88.00,-7.00,8.00,6.00,49.00,5.00,28371202,67
755.15,1547560708,8935.86,51.45128766,7.48756580,246.69,15.52,-0.03,157.26,1,-90.00,-8.00,6.00,10.00,46.00,5.00,28371202,67
756.15,1547560709,8951.37,51.45115680,7.48764690,246.41,14.66,-0.86,158.71,1,-90.00,-8.00,6.00,10.00,46.00,5.00,28371202,67
757.15,1547560710,8966.03,51.45103105,7.48771489,246.45,14.59,-0.07,158.22,1,-95.00,-8.00,23.00,9.00,41.00,5.00,28371202,67
