0.09,1544679435,0.00,51.45014000,7.48826137,251.59,7.15,0.00,166.80,1,-106.00,-9.00,10.00,5.00,29.00,13.00,12918809,429
1.09,1544679436,7.14,51.45008018,7.48828516,251.97,7.64,0.49,166.40,1,-106.00,-9.00,10.00,5.00,29.00,13.00,12918809,429
2.09,1544679437,14.79,51.45000782,7.48831328,252.38,8.16,0.52,167.37,1,-106.00,-9.00,10.00,5.00,29.00,13.00,12918809,429
3.08,1544679438,22.94,51.44993824,7.48833503,252.78,8.79,0.63,168.39,1,-104.00,-9.00,6.00,5.00,31.00,13.00,12918809,429
4.09,1544679439,31.74,51.44984926,7.48836142,253.02,9.73,0.94,169.43,1,-104.00,-9.00,6.00,5.00,31.00,13.00,12918809,429
5.09,1544679440,41.47,51.44975612,7.48838814,253.22,10.69,0.96,170.35,1,-104.00,-9.00,9.00,6.00,30.00,13.00,12918809,429
6.09,1544679441,52.16,51.44966109,7.48840429,252.96,11.22,0.53,171.76,1,-104.00,-9.00,9.00,6.00,30.00,13.00,12918809,429
7.09,1544679442,63.39,51.44954703,7.48842769,252.92,11.92,0.70,173.65,1,-105.00,-9.00,15.00,9.00,30.00,13.00,12918809,429
8.09,1544679443,75.32,51.44944170,7.48843443,252.97,11.79,-0.13,175.65,1,-105.00,-9.00,15.00,9.00,30.00,13.00,12918809,429
9.08,1544679444,87.09,51.44933822,7.48843791,253.30,11.91,0.12,177.23,1,-102.00,-7.00,10.00,7.00,31.00,13.00,12918809,429
10.10,1544679445,99.14,51.44924237,7.48843262,253.01,12.15,0.24,178.78,1,-102.00,-7.00,10.00,7.00,31.00,13.00,12918809,429
11.09,1544679446,111.18,51.44914796,7.48842709,252.91,12.42,0.27,180.67,1,-98.00,-7.00,13.00,14.00,36.00,13.00,12918809,429
12.08,1544679447,123.55,51.44878130,7.48890000,252.59,12.94,0.52,183.74,1,-98.00,-7.00,13.00,14.00,36.00,13.00,12918809,429
13.09,1544679448,136.52,51.44889105,7.48838587,252.78,13.61,0.67,185.98,1,-96.00,-8.00,13.00,8.00,38.00,13.00,12918809,429
14.09,1544679449,150.13,51.44875729,7.48834903,253.01,13.68,0.07,188.46,1,-96.00,-8.00,13.00,8.00,38.00,13.00,12918809,429
15.09,1544679450,163.81,51.44863082,7.48830034,253.54,13.95,0.27,190.87,1,-97.00,-8.00,14.00,9.00,38.00,13.00,12918809,429
16.08,1544679451,177.73,51.44850106,7.48824782,254.06,14.27,0.32,192.20,1,-97.00,-8.00,14.00,9.00,38.00,13.00,12918809,429
17.09,1544679452,192.05,51.44837239,7.48819362,254.60,14.50,0.23,192.62,1,-97.00,-6.00,15.00,15.00,35.00,13.00,12918809,429
18.09,1544679453,206.53,51.44823371,7.48813233,255.06,14.27,-0.23,193.43,1,-97.00,-6.00,15.00,15.00,35.00,13.00,12918809,429
19.09,1544679454,220.81,51.44810879,7.48808134,255.65,14.05,-0.22,194.38,1,-97.00,-6.00,19.00,12.00,34.00,13.00,12918809,429
20.09,1544679455,234.91,51.44798629,7.48803303,256.16,13.99,-0.06,193.40,1,-97.00,-6.00,19.00,12.00,34.00,13.00,12918809,429
21.09,1544679456,248.97,51.44787462,7.48798838,256.97,13.73,-0.26,192.79,1,-98.00,-6.00,16.00,15.00,34.00,13.00,12918809,429
22.08,1544679457,262.54,51.44777231,7.48795609,257.70,12.47,-1.28,191.05,1,-98.00,-6.00,16.00,15.00,34.00,13.00,12918809,429
23.08,1544679458,275.03,51.44765400,7.48792383,258.02,12.67,0.20,189.22,1,-98.00,-6.00,16.00,15.00,34.00,13.00,12918809,429
24.09,1544679459,287.71,51.44752136,7.48789445,258.33,13.88,1.20,187.51,1,-97.00,-7.00,15.00,11.00,35.00,13.00,12918809,429
25.09,1544679460,301.59,51.44738998,7.48787619,258.65,13.60,-0.27,184.85,1,-97.00,-7.00,15.00,11.00,35.00,13.00,12918809,429
26.08,1544679461,315.18,51.44725453,7.48787930,258.90,13.76,0.16,181.02,1,-94.00,-6.00,15.00,11.00,38.00,13.00,12918809,429
27.09,1544679462,328.95,51.44712743,7.48789988,259.40,13.71,-0.05,177.70,1,-94.00,-6.00,15.00,11.00,38.00,13.00,12918809,429
28.08,1544679463,342.64,51.44699992,7.48792427,259.83,14.17,0.46,175.25,1,-94.00,-6.00,27.00,11.00,37.00,13.00,12918809,429
29.09,1544679464,356.83,51.44689880,7.48796727,260.33,13.87,-0.30,171.96,1,-94.00,-6.00,27.00,11.00,37.00,13.00,12918809,429
30.09,1544679465,370.76,51.44678440,7.48802226,260.86,13.92,0.05,168.85,1,-98.00,-7.00,22.00,5.00,34.00,13.00,12918809,429
31.09,1544679466,384.63,51.44666653,7.48808668,261.32,13.78,-0.14,165.80,1,-98.00,-7.00,22.00,5.00,34.00,13.00,12918809,429
32.08,1544679467,398.35,51.44671970,7.48861930,261.76,14.21,0.44,162.30,1,-98.00,-6.00,14.00,12.00,34.00,13.00,12918809,429
33.09,1544679468,412.61,51.44642573,7.48825131,262.20,14.18,-0.03,159.14,1,-98.00,-6.00,14.00,12.00,34.00,13.00,12918809,429
34.09,1544679469,426.81,51.44631148,7.48835043,262.84,14.10,-0.08,155.65,1,-95.00,-6.00,16.00,12.00,36.00,13.00,12918809,429
35.09,1544679470,440.91,51.44619354,7.48846354,263.61,14.38,0.28,152.23,1,-95.00,-6.00,16.00,12.00,36.00,13.00,12918809,429
36.09,1544679471,455.28,51.44608782,7.48858503,264.23,14.43,0.05,149.05,1,-94.00,-5.00,29.00,12.00,37.00,13.00,12918809,429
37.09,1544679472,469.71,51.44597912,7.48872293,264.79,14.52,0.09,145.60,1,-94.00,-5.00,29.00,12.00,37.00,13.00,12918809,429
38.09,1544679473,484.23,51.44588495,7.48886128,265.22,14.58,0.05,142.05,1,-94.00,-5.00,27.00,12.00,36.00,13.00,12918809,429
39.09,1544679474,498.81,51.44579582,7.48901475,265.78,14.84,0.26,138.63,1,-94.00,-5.00,27.00,12.00,36.00,13.00,12918809,429
40.09,1544679475,513.71,51.44570473,7.48918398,266.55,14.89,0.06,135.81,1,-98.00,-6.00,27.00,11.00,34.00,13.00,12918809,429
41.09,1544679476,528.56,51.44560980,7.48937156,267.09,15.02,0.12,133.24,1,-98.00,-6.00,27.00,11.00,34.00,13.00,12918809,429
42.09,1544679477,543.57,51.44551843,7.48955922,267.92,15.08,0.06,131.27,1,-96.00,-7.00,14.00,9.00,36.00,13.00,12918809,429
43.09,1544679478,558.64,51.44543649,7.48973462,269.04,15.13,0.05,129.54,1,-96.00,-7.00,14.00,9.00,36.00,13.00,12918809,429
44.09,1544679479,573.77,51.44535335,7.48991997,270.76,15.38,0.25,128.54,1,-96.00,-7.00,14.00,9.00,36.00,13.00,12918809,429
45.08,1544679480,589.13,51.44527538,7.49010658,272.24,15.37,-0.01,127.92,1,-97.00,-8.00,11.00,13.00,36.00,13.00,12918809,429
46.08,1544679481,604.50,51.44520793,7.49027295,273.38,14.74,-0.63,127.16,1,-97.00,-8.00,11.00,13.00,36.00,13.00,12918809,429
47.09,1544679482,619.25,51.44512953,7.49045233,274.09,14.20,-0.53,127.62,1,-98.00,-6.00,7.00,7.00,33.00,13.00,12918809,429
48.08,1544679483,633.44,51.44505580,7.49061695,274.46,13.75,-0.45,128.37,1,-98.00,-6.00,7.00,7.00,33.00,13.00,12918809,429
49.09,1544679484,647.21,51.44499138,7.49076385,275.04,13.05,-0.70,127.98,1,-97.00,-7.00,11.00,10.00,35.00,13.00,12918809,429
50.09,1544679485,660.31,51.44492563,7.49091428,275.36,12.53,-0.52,127.62,1,-97.00,-7.00,11.00,10.00,35.00,13.00,12918809,429
51.08,1544679486,672.74,51.44487025,7.49105386,275.27,10.82,-1.73,127.17,1,-98.00,-6.00,10.00,15.00,33.00,13.00,12918809,429
52.08,1544679487,683.56,51.44481861,7.49117353,275.11,9.50,-1.31,126.56,1,-98.00,-6.00,10.00,15.00,33.00,13.00,12918809,429
53.09,1544679488,693.11,51.44477246,7.49127874,274.88,7.97,-1.53,127.12,1,-99.00,-7.00,14.00,11.00,33.00,13.00,12918809,429
54.08,1544679489,701.06,51.44473794,7.49135835,274.67,6.22,-1.75,127.31,1,-99.00,-7.00,14.00,11.00,33.00,13.00,12918809,429
55.09,1544679490,707.30,51.44470980,7.49142583,274.45,4.51,-1.71,126.83,1,-102.00,-7.00,12.00,15.00,31.00,13.00,12918809,429
56.08,1544679491,711.80,51.44468765,7.49147763,274.45,2.52,-2.00,126.75,1,-102.00,-7.00,12.00,15.00,31.00,13.00,12918809,429
57.08,1544679492,714.32,51.44467805,7.49150075,274.44,1.17,-1.34,127.25,1,-101.00,-7.00,11.00,10.00,31.00,13.00,12918809,429
58.08,1544679493,715.49,51.44467805,7.49150075,274.44,0.00,-1.17,127.25,1,-101.00,-7.00,11.00,10.00,31.00,13.00,12918809,429
59.09,1544679494,715.49,51.44467172,7.49152316,274.47,0.41,0.00,127.25,1,-104.00,-8.00,10.00,15.00,30.00,13.00,12918809,429
60.09,1544679495,715.90,51.44466261,7.49154636,274.52,1.60,1.18,127.87,1,-104.00,-8.00,10.00,15.00,30.00,13.00,12918809,429
61.09,1544679496,717.49,51.44464677,7.49158386,274.61,3.61,2.02,127.80,1,-105.00,-8.00,17.00,4.00,29.00,13.00,12918809,429
62.09,1544679497,721.10,51.44462543,7.49163279,275.77,5.11,1.50,128.28,1,-105.00,-8.00,17.00,4.00,29.00,13.00,12918809,429
63.09,1544679498,726.22,51.44459518,7.49169481,276.75,5.27,0.16,129.05,1,-101.00,-8.00,13.00,10.00,34.00,13.00,12918809,429
64.09,1544679499,731.47,51.44455799,7.49172912,277.69,5.32,0.04,149.66,1,-101.00,-8.00,13.00,10.00,34.00,13.00,12918809,429
65.09,1544679500,736.79,51.44451197,7.49173285,278.57,6.35,1.03,174.31,1,-101.00,-8.00,13.00,10.00,34.00,13.00,12918809,429
66.08,1544679501,743.13,51.44445625,7.49171247,279.15,7.25,0.90,198.62,1,-95.00,-6.00,21.00,11.00,36.00,13.00,12918809,429
67.08,1544679502,750.38,51.44438437,7.49165875,279.19,8.09,0.85,213.21,1,-95.00,-6.00,21.00,11.00,36.00,13.00,12918809,429
68.08,1544679503,758.47,51.44430804,7.49158735,278.95,9.31,1.21,214.42,1,-87.00,-6.00,30.00,11.00,46.00,13.00,12918809,429
69.08,1544679504,767.78,51.44422725,7.49150344,278.64,10.31,1.00,215.31,1,-87.00,-6.00,30.00,11.00,46.00,13.00,12918809,429
70.09,1544679505,778.14,51.44415402,7.49141856,277.94,11.17,0.85,215.67,1,-90.00,-8.00,30.00,6.00,44.00,13.00,12918809,429
71.09,1544679506,789.27,51.44406731,7.49131394,277.51,11.79,0.62,215.16,1,-90.00,-8.00,30.00,6.00,44.00,13.00,12918809,429
72.08,1544679507,801.02,51.44398419,7.49121608,277.04,12.04,0.26,214.76,1,-86.00,-6.00,19.00,11.00,46.00,13.00,12918809,429
73.08,1544679508,813.09,51.44390016,7.49111900,276.51,12.26,0.22,215.14,1,-86.00,-6.00,19.00,11.00,46.00,13.00,12918809,429
74.09,1544679509,825.37,51.44381241,7.49101402,276.09,12.49,0.24,215.32,1,-74.00,-5.00,19.00,15.00,56.00,13.00,12918809,429
75.09,1544679510,837.85,51.44371482,7.49090105,275.89,13.00,0.51,215.49,1,-74.00,-5.00,19.00,15.00,56.00,13.00,12918809,429
76.09,1544679511,850.85,51.44361544,7.49078381,275.87,13.39,0.39,215.83,1,-73.00,-5.00,19.00,15.00,57.00,13.00,12918809,429
77.08,1544679512,864.22,51.44351160,7.49066085,276.04,13.95,0.56,216.17,1,-73.00,-5.00,19.00,15.00,57.00,13.00,12918809,429
78.09,1544679513,878.18,51.44340912,7.49053707,276.37,14.45,0.50,216.72,1,-80.00,-5.00,18.00,13.00,52.00,13.00,12918809,429
79.09,1544679514,892.63,51.44330509,7.49041186,276.73,14.56,0.11,216.77,1,-80.00,-5.00,18.00,13.00,52.00,13.00,12918809,429
80.09,1544679515,907.25,51.44320298,7.49029024,277.03,14.18,-0.37,216.73,1,-90.00,-6.00,8.00,10.00,42.00,13.00,12918809,429
81.08,1544679516,921.32,51.44310251,7.49017060,277.36,13.94,-0.25,216.76,1,-90.00,-6.00,8.00,10.00,42.00,13.00,12918809,429
82.08,1544679517,935.30,51.44300252,7.49005149,277.72,13.87,-0.07,216.52,1,-90.00,-7.00,13.00,12.00,42.00,13.00,12918809,429
83.09,1544679518,949.18,51.44290755,7.48993704,278.03,13.81,-0.06,216.40,1,-90.00,-7.00,13.00,12.00,42.00,13.00,12918809,429
84.09,1544679519,963.09,51.44281840,7.48982905,278.35,13.65,-0.16,215.99,1,-85.00,-7.00,18.00,13.00,48.00,13.00,12918809,429
85.09,1544679520,976.65,51.44271702,7.48970766,278.61,13.48,-0.18,216.47,1,-85.00,-7.00,18.00,13.00,48.00,13.00,12918809,429
86.09,1544679521,990.12,51.44261306,7.48958208,278.53,13.87,0.39,216.42,1,-85.00,-7.00,18.00,13.00,48.00,13.00,12918809,429
87.09,1544679522,1003.99,51.44251052,7.48945961,278.64,14.07,0.20,216.67,1,-82.00,-6.00,15.00,12.00,50.00,13.00,12918809,429
88.09,1544679523,1018.06,51.44241341,7.48934464,278.64,14.54,0.47,217.10,1,-82.00,-6.00,15.00,12.00,50.00,13.00,12918809,429
89.09,1544679524,1032.60,51.44231399,7.48922109,278.43,14.64,0.10,217.58,1,-81.00,-7.00,24.00,12.00,52.00,13.00,12918809,429
90.09,1544679525,1047.30,51.44220708,7.48908043,278.48,14.88,0.24,218.11,1,-81.00,-7.00,24.00,12.00,52.00,13.00,12918809,429
91.09,1544679526,1062.13,51.44210015,7.48894489,278.67,15.08,0.20,218.91,1,-86.00,-8.00,11.00,12.00,48.00,13.00,12918809,429
92.08,1544679527,1077.15,51.44199979,7.48880086,278.31,14.96,-0.12,221.04,1,-86.00,-8.00,11.00,12.00,48.00,13.00,12918809,429
93.09,1544679528,1092.18,51.44190643,7.48865706,277.76,14.07,-0.89,223.21,1,-76.00,-9.00,15.00,13.00,59.00,13.00,12918809,429
94.09,1544679529,1106.24,51.44181888,7.48851114,278.11,13.97,-0.11,225.02,1,-76.00,-9.00,15.00,13.00,59.00,13.00,12918809,429
95.09,1544679530,1120.20,51.44172657,7.48835450,278.76,14.52,0.56,226.52,1,-77.00,-7.00,16.00,12.00,57.00,13.00,12918809,429
96.09,1544679531,1134.72,51.44162893,7.48817916,278.61,14.92,0.40,228.24,1,-77.00,-7.00,16.00,12.00,57.00,13.00,12918809,429
97.09,1544679532,1149.64,51.44154342,7.48800620,278.68,14.43,-0.49,229.39,1,-75.00,-5.00,9.00,6.00,56.00,2.00,12918810,431
98.08,1544679533,1164.06,51.44146302,7.48785882,278.96,14.20,-0.23,230.04,1,-75.00,-5.00,9.00,6.00,56.00,2.00,12918810,431
99.08,1544679534,1178.26,51.44138315,7.48769799,279.20,14.49,0.28,230.58,1,-79.00,-5.00,26.00,15.00,52.00,2.00,12918810,431
100.09,1544679535,1192.82,51.44130215,7.48753526,279.30,14.65,0.16,231.18,1,-79.00,-5.00,26.00,15.00,52.00,2.00,12918810,431
101.08,1544679536,1207.39,51.44121761,7.48736586,279.38,14.74,0.09,231.53,1,-78.00,-5.00,25.00,15.00,52.00,2.00,12918810,431
102.09,1544679537,1222.15,51.44114446,7.48720647,279.50,14.33,-0.41,232.15,1,-78.00,-5.00,25.00,15.00,52.00,2.00,12918810,431
103.09,1544679538,1236.48,51.44106248,7.48703140,279.56,14.00,-0.33,231.91,1,-76.00,-5.00,24.00,15.00,54.00,2.00,12918810,431
104.09,1544679539,1250.49,51.44098701,7.48687380,279.96,14.50,0.50,232.28,1,-76.00,-5.00,24.00,15.00,54.00,2.00,12918810,431
105.09,1544679540,1265.10,51.44091077,7.48670197,280.44,14.73,0.22,233.03,1,-76.00,-5.00,15.00,15.00,54.00,2.00,12918810,431
106.08,1544679541,1279.70,51.44083359,7.48653899,280.99,15.20,0.48,233.07,1,-76.00,-5.00,15.00,15.00,54.00,2.00,12918810,431
107.09,1544679542,1294.92,51.44075119,7.48636192,281.07,15.11,-0.10,232.69,1,-76.00,-5.00,15.00,15.00,54.00,2.00,12918810,431
108.09,1544679543,1310.03,51.44066651,7.48617786,281.06,15.19,0.09,232.57,1,-75.00,-5.00,18.00,15.00,56.00,2.00,12918810,431
109.09,1544679544,1325.22,51.44058892,7.48601201,281.33,14.56,-0.64,232.94,1,-75.00,-5.00,18.00,15.00,56.00,2.00,12918810,431
110.09,1544679545,1339.86,51.44050766,7.48583265,281.50,14.60,0.04,232.38,1,-76.00,-6.00,18.00,13.00,55.00,2.00,12918810,431
111.09,1544679546,1354.39,51.44042379,7.48564721,281.81,14.72,0.12,232.32,1,-76.00,-6.00,18.00,13.00,55.00,2.00,12918810,431
112.09,1544679547,1369.11,51.44034200,7.48547431,282.34,14.63,-0.09,232.69,1,-80.00,-10.00,11.00,15.00,55.00,2.00,12918810,431
113.09,1544679548,1383.72,51.44026425,7.48530971,282.67,14.56,-0.07,232.51,1,-80.00,-10.00,11.00,15.00,55.00,2.00,12918810,431
114.08,1544679549,1398.27,51.44018682,7.48514137,282.84,14.82,0.26,232.74,1,-83.00,-10.00,8.00,10.00,52.00,4.00,12918811,431
115.08,1544679550,1413.09,51.44011034,7.48497750,283.36,14.78,-0.04,233.10,1,-83.00,-10.00,8.00,10.00,52.00,4.00,12918811,431
116.08,1544679551,1427.84,51.44002935,7.48481180,282.90,14.71,-0.07,232.73,1,-77.00,-9.00,11.00,12.00,58.00,4.00,12918811,430
117.08,1544679552,1442.58,51.43995128,7.48463482,283.16,14.53,-0.18,233.34,1,-77.00,-9.00,11.00,12.00,58.00,4.00,12918811,430
118.08,1544679553,1457.11,51.43986961,7.48445812,283.05,14.67,0.13,233.81,1,-76.00,-6.00,23.00,11.00,55.00,4.00,12918811,430
119.08,1544679554,1471.78,51.43979061,7.48428510,282.78,14.81,0.14,233.37,1,-76.00,-6.00,23.00,11.00,55.00,4.00,12918811,430
120.09,1544679555,1486.68,51.43971494,7.48412670,282.70,14.47,-0.33,233.71,1,-76.00,-6.00,22.00,13.00,55.00,4.00,12918811,430
121.09,1544679556,1501.10,51.43964343,7.48396565,282.85,14.69,0.22,234.00,1,-76.00,-6.00,22.00,13.00,55.00,4.00,12918811,430
122.08,1544679557,1515.73,51.43956288,7.48378708,283.67,15.15,0.46,234.31,1,-76.00,-6.00,23.00,12.00,56.00,4.00,12918811,430
123.08,1544679558,1530.91,51.43948279,7.48360131,284.15,15.63,0.48,234.88,1,-76.00,-6.00,23.00,12.00,56.00,4.00,12918811,430
124.08,1544679559,1546.53,51.43940608,7.48340156,284.16,14.78,-0.85,236.90,1,-76.00,-7.00,21.00,13.00,55.00,4.00,12918811,430
125.09,1544679560,1561.34,51.43932364,7.48319310,284.58,14.92,0.14,237.90,1,-76.00,-7.00,21.00,13.00,55.00,4.00,12918811,430
126.09,1544679561,1576.29,51.43924833,7.48300041,285.49,15.60,0.68,237.58,1,-83.00,-10.00,21.00,15.00,50.00,4.00,12918811,430
127.08,1544679562,1591.83,51.43917149,7.48280287,286.49,15.28,-0.32,237.93,1,-83.00,-10.00,21.00,15.00,50.00,4.00,12918811,430
128.09,1544679563,1607.14,51.43910073,7.48260566,287.01,14.81,-0.47,238.70,1,-83.00,-10.00,21.00,15.00,50.00,4.00,12918811,430
129.09,1544679564,1621.95,51.43903463,7.48239923,288.26,15.36,0.55,239.37,1,-88.00,-6.00,20.00,12.00,43.00,4.00,12918811,430
130.09,1544679565,1637.37,51.43896933,7.48220404,289.31,15.69,0.33,240.31,1,-88.00,-6.00,20.00,12.00,43.00,4.00,12918811,430
131.08,1544679566,1652.98,51.43890663,7.48201559,289.72,15.60,-0.10,239.80,1,-90.00,-5.00,22.00,15.00,40.00,4.00,12918811,430
132.08,1544679567,1668.55,51.43883670,7.48182128,289.90,15.20,-0.40,240.12,1,-90.00,-5.00,22.00,15.00,40.00,4.00,12918811,430
133.09,1544679568,1683.79,51.43876885,7.48161121,289.85,15.20,0.01,240.93,1,-96.00,-9.00,15.00,9.00,38.00,4.00,12918811,430
134.09,1544679569,1699.01,51.43870321,7.48141019,290.69,15.09,-0.12,241.46,1,-96.00,-9.00,15.00,9.00,38.00,4.00,12918811,430
135.09,1544679570,1714.09,51.43864327,7.48122418,291.68,15.12,0.04,241.26,1,-99.00,-8.00,12.00,9.00,34.00,4.00,12918811,430
136.09,1544679571,1729.21,51.43857829,7.48102516,291.73,15.69,0.56,240.43,1,-99.00,-8.00,12.00,9.00,34.00,4.00,12918811,430
137.09,1544679572,1744.88,51.43851009,7.48083403,291.66,15.70,0.02,239.50,1,-103.00,-9.00,8.00,8.00,31.00,4.00,12918811,430
138.09,1544679573,1760.60,51.43844136,7.48063650,291.55,15.69,-0.01,240.10,1,-103.00,-9.00,8.00,8.00,31.00,4.00,12918811,430
139.09,1544679574,1776.29,51.43837489,7.48043666,291.16,15.66,-0.03,241.01,1,-103.00,-12.00,4.00,5.00,32.00,4.00,12918811,430
140.09,1544679575,1792.05,51.43830857,7.48023667,290.75,15.50,-0.16,240.80,1,-103.00,-12.00,4.00,5.00,32.00,4.00,12918811,430
141.09,1544679576,1807.47,51.43824099,7.48004293,290.20,15.28,-0.22,240.38,1,-107.00,-14.00,-1.00,8.00,33.00,4.00,12918811,430
142.09,1544679577,1822.73,51.43817476,7.47985722,290.52,15.23,-0.05,240.98,1,-107.00,-14.00,-1.00,8.00,33.00,4.00,12918811,430
143.09,1544679578,1837.96,51.43810936,7.47966708,290.96,14.88,-0.35,240.66,1,-109.00,-14.00,-4.00,6.00,29.00,4.00,12918811,430
144.08,1544679579,1852.81,51.43804626,7.47949041,291.02,14.29,-0.59,241.54,1,-109.00,-14.00,-4.00,6.00,29.00,4.00,12918811,430
145.09,1544679580,1867.15,51.43798190,7.47929452,291.15,13.80,-0.48,241.90,1,-110.00,-11.00,-3.00,6.00,26.00,4.00,12918811,430
146.09,1544679581,1880.94,51.43791803,7.47911099,291.28,13.74,-0.06,241.54,1,-110.00,-11.00,-3.00,6.00,26.00,4.00,12918811,430
147.09,1544679582,1894.78,51.43785689,7.47891713,291.45,13.35,-0.39,242.32,1,-110.00,-13.00,-2.00,6.00,28.00,4.00,12918811,430
148.09,1544679583,1908.03,51.43779803,7.47873469,291.81,13.24,-0.11,243.24,1,-110.00,-13.00,-2.00,6.00,28.00,4.00,12918811,430
149.09,1544679584,1921.27,51.43773571,7.47852855,292.00,14.31,1.07,243.69,1,-110.00,-13.00,-2.00,6.00,28.00,4.00,12918811,430
150.09,1544679585,1935.66,51.43767743,7.47834579,292.12,14.36,0.05,243.12,1,-111.00,-13.00,-2.00,6.00,28.00,4.00,12918811,430
151.09,1544679586,1949.95,51.43761564,7.47815185,292.65,14.61,0.24,242.76,1,-111.00,-13.00,-2.00,6.00,28.00,4.00,12918811,430
152.09,1544679587,1964.56,51.43755055,7.47794770,293.03,14.10,-0.50,242.76,1,-111.00,-11.00,-3.00,6.00,25.00,4.00,12918811,430
153.09,1544679588,1978.66,51.43749267,7.47776851,293.31,13.80,-0.30,242.86,1,-111.00,-11.00,-3.00,6.00,25.00,4.00,12918811,430
154.09,1544679589,1992.47,51.43743375,7.47759664,293.51,13.18,-0.62,242.38,1,-112.00,-15.00,-4.00,6.00,28.00,4.00,12918811,430
155.09,1544679590,2005.67,51.43737205,7.47741004,293.63,13.39,0.20,241.71,1,-112.00,-15.00,-4.00,6.00,28.00,4.00,12918811,430
156.09,1544679591,2019.04,51.43731532,7.47725101,293.54,13.19,-0.20,242.13,1,-113.00,-14.00,-4.00,6.00,26.00,4.00,12918811,430
157.09,1544679592,2032.24,51.43726113,7.47707216,293.58,12.61,-0.58,244.62,1,-113.00,-14.00,-4.00,6.00,26.00,4.00,12918811,430
158.09,1544679593,2044.84,51.43721502,7.47690059,293.54,11.58,-1.03,247.48,1,-113.00,-16.00,-3.00,6.00,28.00,4.00,12918811,430
159.09,1544679594,2056.41,51.43718019,7.47673393,293.65,11.03,-0.55,250.72,1,-113.00,-16.00,-3.00,6.00,28.00,4.00,12918811,430
160.09,1544679595,2067.46,51.43717767,7.47656822,293.81,10.90,-0.13,270.34,1,-109.00,-11.00,0.00,9.00,27.00,4.00,12918811,430
161.09,1544679596,2078.32,51.43718117,7.47641412,293.66,9.41,-1.49,273.81,1,-109.00,-11.00,0.00,9.00,27.00,4.00,12918811,430
162.09,1544679597,2087.75,51.43721730,7.47628189,292.95,8.11,-1.30,296.78,1,-106.00,-12.00,3.00,8.00,32.00,4.00,12918811,430
163.09,1544679598,2095.83,51.43726652,7.47621726,292.69,7.29,-0.82,323.23,1,-106.00,-12.00,3.00,8.00,32.00,4.00,12918811,430
164.08,1544679599,2103.11,51.43734265,7.47619247,292.56,7.88,0.59,348.39,1,-103.00,-12.00,6.00,8.00,35.00,4.00,12918811,430
165.08,1544679600,2110.98,51.43742398,7.47619497,292.79,8.05,0.18,6.45,1,-103.00,-12.00,6.00,8.00,35.00,4.00,12918811,430
166.09,1544679601,2119.04,51.43749524,7.47623818,292.57,8.57,0.52,27.33,1,-97.00,-8.00,12.00,11.00,38.00,4.00,12918811,430
167.08,1544679602,2127.60,51.43755203,7.47631321,292.26,9.29,0.72,43.76,1,-97.00,-8.00,12.00,11.00,38.00,4.00,12918811,430
168.09,1544679603,2136.98,51.43761842,7.47642250,292.27,10.47,1.16,46.92,1,-92.00,-6.00,21.00,11.00,40.00,4.00,12918811,430
169.09,1544679604,2147.37,51.43768845,7.47655073,292.27,11.86,1.40,49.12,1,-92.00,-6.00,21.00,11.00,40.00,4.00,12918811,430
170.09,1544679605,2159.27,51.43776184,7.47670072,291.85,13.20,1.34,50.47,1,-92.00,-6.00,21.00,11.00,40.00,4.00,12918811,430
171.08,1544679606,2172.38,51.43783840,7.47685525,291.38,14.54,1.35,51.22,1,-89.00,-6.00,26.00,15.00,43.00,4.00,12918811,430
172.08,1544679607,2186.92,51.43792088,7.47702834,290.73,15.78,1.24,52.32,1,-89.00,-6.00,26.00,15.00,43.00,4.00,12918811,430
173.08,1544679608,2202.73,51.43800967,7.47722200,290.09,16.78,0.99,53.30,1,-90.00,-7.00,23.00,15.00,43.00,4.00,12918811,430
174.09,1544679609,2219.53,51.43809898,7.47742362,289.71,18.02,1.24,53.89,1,-90.00,-7.00,23.00,15.00,43.00,4.00,12918811,430
175.08,1544679610,2237.54,51.43819171,7.47763648,289.82,19.28,1.26,54.46,1,-82.00,-5.00,26.00,15.00,50.00,4.00,12918811,430
176.09,1544679611,2256.84,51.43829185,7.47787514,290.11,20.15,0.87,55.44,1,-82.00,-5.00,26.00,15.00,50.00,4.00,12918811,430
177.09,1544679612,2276.99,51.43839683,7.47813010,290.57,20.57,0.42,56.06,1,-84.00,-5.00,28.00,15.00,49.00,4.00,12918811,430
178.09,1544679613,2297.56,51.43849734,7.47837823,291.01,21.59,1.02,57.04,1,-84.00,-5.00,28.00,15.00,49.00,4.00,12918811,430
179.08,1544679614,2319.13,51.43860185,7.47863176,291.89,21.61,0.02,57.96,1,-88.00,-4.00,18.00,15.00,43.00,4.00,12918811,430
180.09,1544679615,2340.85,51.43871219,7.47891097,292.31,22.56,0.95,57.64,1,-88.00,-4.00,18.00,15.00,43.00,4.00,12918811,430
181.08,1544679616,2363.25,51.43883291,7.47920422,292.49,24.16,1.61,56.66,1,-91.00,-5.00,22.00,12.00,41.00,4.00,12918811,430
182.08,1544679617,2387.44,51.43895918,7.47950771,292.58,25.03,0.86,56.34,1,-91.00,-5.00,22.00,12.00,41.00,4.00,12918811,430
183.08,1544679618,2412.44,51.43909177,7.47981111,292.73,25.66,0.64,55.36,1,-92.00,-11.00,20.00,11.00,45.00,4.00,12918811,430
184.09,1544679619,2438.18,51.43921877,7.48011666,293.06,25.06,-0.60,54.52,1,-92.00,-11.00,20.00,11.00,45.00,4.00,12918811,430
185.09,1544679620,2463.24,51.43934672,7.48040781,293.23,24.20,-0.86,54.56,1,-93.00,-6.00,13.00,11.00,40.00,4.00,12918811,430
186.09,1544679621,2487.44,51.43947703,7.48069852,293.24,23.77,-0.43,54.41,1,-93.00,-6.00,13.00,11.00,40.00,4.00,12918811,430
187.08,1544679622,2511.19,51.43960916,7.48099266,293.01,23.69,-0.08,54.60,1,-92.00,-6.00,12.00,10.00,40.00,4.00,12918811,430
188.08,1544679623,2534.88,51.43975617,7.48127037,292.75,24.39,0.70,50.49,1,-92.00,-6.00,12.00,10.00,40.00,4.00,12918811,430
189.09,1544679624,2559.52,51.43990092,7.48154551,292.27,24.41,0.02,49.81,1,-89.00,-6.00,22.00,12.00,42.00,4.00,12918811,430
190.09,1544679625,2583.81,51.44004593,7.48180258,291.83,24.52,0.11,48.09,1,-89.00,-6.00,22.00,12.00,42.00,4.00,12918811,430
191.08,1544679626,2608.16,51.44019335,7.48206424,291.12,24.33,-0.20,48.14,1,-89.00,-6.00,22.00,12.00,42.00,4.00,12918811,430
192.09,1544679627,2632.56,51.44035362,7.48231770,290.21,24.87,0.54,43.82,1,-87.00,-5.00,20.00,11.00,44.00,4.00,12918811,430
193.09,1544679628,2657.43,51.44052016,7.48255852,288.88,24.72,-0.14,41.29,1,-87.00,-5.00,20.00,11.00,44.00,4.00,12918811,430
194.08,1544679629,2682.13,51.44068653,7.48279422,287.18,24.49,-0.24,40.50,1,-85.00,-6.00,22.00,12.00,47.00,4.00,12918811,430
195.09,1544679630,2706.64,51.44085556,7.48302167,285.49,24.68,0.19,39.92,1,-85.00,-6.00,22.00,12.00,47.00,4.00,12918811,430
196.08,1544679631,2731.29,51.44103072,7.48324745,283.71,24.77,0.09,38.34,1,-82.00,-6.00,20.00,12.00,49.00,4.00,12918811,430
197.09,1544679632,2756.09,51.44121338,7.48348030,282.02,24.93,0.16,37.42,1,-82.00,-6.00,20.00,12.00,49.00,4.00,12918811,430
198.09,1544679633,2781.01,51.44140204,7.48368885,280.69,24.87,-0.06,34.56,1,-79.00,-5.00,24.00,12.00,52.00,4.00,12918811,430
199.08,1544679634,2805.86,51.44158854,7.48389134,279.72,24.91,0.04,33.67,1,-79.00,-5.00,24.00,12.00,52.00,4.00,12918811,430
200.09,1544679635,2830.87,51.44178233,7.48407755,279.06,25.09,0.17,31.49,1,-78.00,-5.00,37.00,15.00,54.00,4.00,12918811,430
201.08,1544679636,2855.81,51.44197359,7.48426444,278.50,24.91,-0.18,30.17,1,-78.00,-5.00,37.00,15.00,54.00,4.00,12918811,430
202.08,1544679637,2880.77,51.44215403,7.48441797,277.69,24.35,-0.56,27.80,1,-78.00,-9.00,20.00,14.00,55.00,4.00,12918811,430
203.08,1544679638,2905.12,51.44233990,7.48456704,276.85,24.42,0.06,26.65,1,-78.00,-9.00,20.00,14.00,55.00,4.00,12918811,430
204.09,1544679639,2929.56,51.44253109,7.48471933,276.05,24.55,0.13,25.84,1,-79.00,-7.00,19.00,15.00,54.00,4.00,12918811,430
205.09,1544679640,2954.11,51.44272826,7.48486497,275.09,24.87,0.32,25.00,1,-79.00,-7.00,19.00,15.00,54.00,4.00,12918811,430
206.09,1544679641,2978.98,51.44292847,7.48500938,274.12,24.84,-0.03,24.08,1,-75.00,-8.00,15.00,15.00,59.00,4.00,12918811,430
207.09,1544679642,3003.84,51.44312939,7.48514825,273.09,24.58,-0.26,23.88,1,-75.00,-8.00,15.00,15.00,59.00,4.00,12918811,430
208.09,1544679643,3028.39,51.44332669,7.48528416,272.06,24.03,-0.54,23.39,1,-84.00,-10.00,10.00,15.00,52.00,4.00,12918811,430
209.09,1544679644,3052.42,51.44351657,7.48541240,271.00,22.74,-1.29,22.64,1,-84.00,-10.00,10.00,15.00,52.00,4.00,12918811,430
210.10,1544679645,3075.41,51.44368826,7.48552635,270.19,20.93,-1.79,22.11,1,-70.00,-5.00,10.00,6.00,63.00,2.00,12918809,429
211.08,1544679646,3096.09,51.44384970,7.48562938,269.57,19.20,-1.75,21.12,1,-70.00,-5.00,10.00,6.00,63.00,2.00,12918809,429
212.08,1544679647,3115.27,51.44400641,7.48572960,268.92,18.59,-0.62,21.10,1,-70.00,-5.00,10.00,6.00,63.00,2.00,12918809,429
213.08,1544679648,3133.86,51.44415114,7.48582306,268.36,16.96,-1.63,21.41,1,-68.00,-6.00,28.00,15.00,63.00,2.00,12918809,429
214.08,1544679649,3150.80,51.44428648,7.48591957,267.91,15.22,-1.74,22.70,1,-68.00,-6.00,28.00,15.00,63.00,2.00,12918809,429
215.09,1544679650,3166.07,51.44440285,7.48600663,267.08,14.06,-1.15,25.06,1,-70.00,-5.00,27.00,15.00,60.00,2.00,12918809,429
216.08,1544679651,3180.10,51.44451578,7.48610764,266.22,13.45,-0.61,28.58,1,-70.00,-5.00,27.00,15.00,60.00,2.00,12918809,429
217.08,1544679652,3193.55,51.44459911,7.48624209,265.26,12.50,-0.95,46.35,1,-71.00,-5.00,23.00,13.00,59.00,2.00,12918809,429
218.09,1544679653,3206.06,51.44466883,7.48637515,264.65,12.13,-0.37,50.20,1,-71.00,-5.00,23.00,13.00,59.00,2.00,12918809,429
219.08,1544679654,3218.18,51.44470630,7.48652814,264.45,12.02,-0.11,69.62,1,-73.00,-5.00,31.00,15.00,57.00,2.00,12918809,429
220.09,1544679655,3230.26,51.44472284,7.48671081,264.60,12.28,0.26,82.28,1,-73.00,-5.00,31.00,15.00,57.00,2.00,12918809,429
221.09,1544679656,3242.52,51.44472895,7.48689499,265.02,12.67,0.39,86.35,1,-78.00,-5.00,31.00,14.00,53.00,2.00,12918809,429
222.08,1544679657,3255.13,51.44468789,7.48707834,265.68,13.17,0.50,110.86,1,-78.00,-5.00,31.00,14.00,53.00,2.00,12918809,429
223.08,1544679658,3268.33,51.44461544,7.48724496,265.66,13.02,-0.15,126.28,1,-77.00,-6.00,30.00,15.00,54.00,2.00,12918809,429
224.09,1544679659,3281.36,51.44453194,7.48736659,265.51,12.99,-0.03,140.72,1,-77.00,-6.00,30.00,15.00,54.00,2.00,12918809,429
225.09,1544679660,3294.35,51.44443279,7.48745361,265.36,13.02,0.03,155.24,1,-64.00,-5.00,35.00,15.00,63.00,2.00,12918809,429
226.09,1544679661,3307.37,51.44432659,7.48750588,265.20,13.20,0.18,169.38,1,-64.00,-5.00,35.00,15.00,63.00,2.00,12918809,429
227.09,1544679662,3320.56,51.44421779,7.48750842,265.14,13.37,0.18,183.35,1,-65.00,-4.00,34.00,15.00,63.00,2.00,12918809,429
228.09,1544679663,3333.94,51.44410640,7.48746731,265.14,13.54,0.17,196.75,1,-65.00,-4.00,34.00,15.00,63.00,2.00,12918809,429
229.09,1544679664,3347.47,51.44400554,7.48738127,265.03,13.63,0.09,212.39,1,-64.00,-4.00,34.00,15.00,63.00,2.00,12918809,429
230.09,1544679665,3361.16,51.44391422,7.48725502,264.35,13.77,0.14,227.38,1,-64.00,-4.00,34.00,15.00,63.00,2.00,12918809,429
231.08,1544679666,3374.84,51.44385027,7.48710562,264.08,14.34,0.58,242.07,1,-69.00,-6.00,34.00,15.00,63.00,2.00,12918809,429
232.08,1544679667,3389.18,51.44382016,7.48693346,264.01,14.38,0.04,257.68,1,-69.00,-6.00,34.00,15.00,63.00,2.00,12918809,429
233.09,1544679668,3403.65,51.44379087,7.48671931,263.98,14.68,0.30,261.65,1,-72.00,-6.00,31.00,15.00,62.00,2.00,12918809,429
234.08,1544679669,3418.22,51.44377355,7.48650656,264.15,15.50,0.82,264.45,1,-72.00,-6.00,31.00,15.00,62.00,2.00,12918809,429
235.08,1544679670,3433.72,51.44376349,7.48627904,264.13,16.57,1.08,265.99,1,-72.00,-6.00,31.00,15.00,62.00,2.00,12918809,429
236.09,1544679671,3450.34,51.44375244,7.48603694,264.16,17.42,0.84,266.69,1,-76.00,-6.00,29.00,15.00,56.00,2.00,12918809,429
237.09,1544679672,3467.76,51.44374791,7.48577714,263.91,18.41,0.99,267.63,1,-76.00,-6.00,29.00,15.00,56.00,2.00,12918809,429
238.08,1544679673,3486.15,51.44373962,7.48549872,263.49,19.43,1.03,268.32,1,-78.00,-5.00,30.00,1.00,53.00,2.00,12918809,429
239.09,1544679674,3505.60,51.44373507,7.48519027,263.42,19.51,0.08,267.77,1,-78.00,-5.00,30.00,1.00,53.00,2.00,12918809,429
240.09,1544679675,3525.18,51.44372890,7.48491158,263.45,20.29,0.78,267.17,1,-91.00,-6.00,13.00,12.00,41.00,2.00,12918809,429
241.09,1544679676,3545.41,51.44372322,7.48462034,263.53,22.04,1.76,269.64,1,-91.00,-6.00,13.00,12.00,41.00,2.00,12918809,429
242.08,1544679677,3567.39,51.44371703,7.48428114,263.54,23.22,1.18,267.78,1,-85.00,-7.00,11.00,15.00,47.00,2.00,12918809,429
243.08,1544679678,3590.61,51.44370866,7.48394313,263.60,23.78,0.56,268.00,1,-85.00,-7.00,11.00,15.00,47.00,2.00,12918809,429
244.09,1544679679,3614.44,51.44370305,7.48359505,263.44,24.77,0.98,268.36,1,-72.00,-9.00,16.00,15.00,58.00,2.00,12918809,429
245.09,1544679680,3639.20,51.44369722,7.48323080,263.06,25.59,0.82,268.05,1,-72.00,-9.00,16.00,15.00,58.00,2.00,12918809,429
246.09,1544679681,3664.79,51.44368926,7.48285583,262.61,26.17,0.58,267.72,1,-89.00,-10.00,5.00,12.00,45.00,2.00,12918809,429
247.09,1544679682,3690.96,51.44367914,7.48247507,262.28,27.13,0.96,267.26,1,-89.00,-10.00,5.00,12.00,45.00,2.00,12918809,429
248.09,1544679683,3718.08,51.44366555,7.48208172,262.04,27.95,0.82,266.70,1,-90.00,-10.00,6.00,14.00,45.00,2.00,12918809,429
249.09,1544679684,3746.04,51.44365029,7.48167600,261.84,28.61,0.66,266.20,1,-90.00,-10.00,6.00,14.00,45.00,2.00,12918809,429
250.09,1544679685,3774.79,51.44363561,7.48125819,261.54,29.30,0.68,265.81,1,-92.00,-8.00,25.00,12.00,41.00,6.00,12918811,430
251.08,1544679686,3803.86,51.44361397,7.48083451,261.27,29.87,0.57,265.16,1,-92.00,-8.00,25.00,12.00,41.00,6.00,12918811,430
252.08,1544679687,3833.76,51.44359063,7.48040609,261.08,30.42,0.55,264.34,1,-89.00,-8.00,14.00,10.00,44.00,6.00,12918811,430
253.08,1544679688,3864.18,51.44355919,7.47996630,260.94,30.93,0.51,263.42,1,-89.00,-8.00,14.00,10.00,44.00,6.00,12918811,430
254.09,1544679689,3895.23,51.44352245,7.47952506,260.84,31.17,0.25,262.40,1,-85.00,-6.00,15.00,11.00,46.00,6.00,12918811,430
255.09,1544679690,3926.34,51.44348600,7.47908435,260.76,30.79,-0.39,262.33,1,-85.00,-6.00,15.00,11.00,46.00,6.00,12918811,430
256.08,1544679691,3957.09,51.44344963,7.47864173,260.63,30.87,0.09,262.67,1,-85.00,-6.00,15.00,11.00,46.00,6.00,12918811,430
257.08,1544679692,3987.97,51.44341470,7.47819478,260.35,31.03,0.16,262.67,1,-84.00,-6.00,15.00,12.00,47.00,6.00,12918811,430
258.09,1544679693,4019.03,51.44337942,7.47774934,260.02,31.34,0.31,262.46,1,-84.00,-6.00,15.00,12.00,47.00,6.00,12918811,430
259.09,1544679694,4050.37,51.44334289,7.47729881,259.67,31.73,0.40,262.18,1,-82.00,-5.00,22.00,12.00,51.00,6.00,12918811,430
260.09,1544679695,4082.26,51.44330514,7.47684389,259.25,32.07,0.34,261.78,1,-82.00,-5.00,22.00,12.00,51.00,6.00,12918811,430
261.09,1544679696,4114.17,51.44326621,7.47638336,258.77,32.40,0.33,261.46,1,-82.00,-6.00,20.00,10.00,50.00,6.00,12918811,430
262.08,1544679697,4146.48,51.44322204,7.47592175,258.23,32.37,-0.03,261.35,1,-82.00,-6.00,20.00,10.00,50.00,6.00,12918811,430
263.08,1544679698,4178.85,51.44317613,7.47545674,257.72,32.11,-0.26,260.63,1,-78.00,-6.00,24.00,15.00,54.00,6.00,12918811,430
264.08,1544679699,4211.03,51.44312022,7.47500712,257.37,31.80,-0.31,259.01,1,-78.00,-6.00,24.00,15.00,54.00,6.00,12918811,430
265.09,1544679700,4242.86,51.44306466,7.47456127,257.08,31.86,0.06,258.17,1,-84.00,-5.00,20.00,11.00,47.00,6.00,12918811,430
266.08,1544679701,4274.69,51.44300776,7.47411235,256.63,31.77,-0.10,258.54,1,-84.00,-5.00,20.00,11.00,47.00,6.00,12918811,430
267.09,1544679702,4306.49,51.44295079,7.47366489,256.03,31.44,-0.33,258.74,1,-101.00,-8.00,4.00,7.00,32.00,6.00,12918811,430
268.09,1544679703,4337.96,51.44289712,7.47322804,255.14,31.17,-0.26,258.99,1,-101.00,-8.00,4.00,7.00,32.00,6.00,12918811,430
269.09,1544679704,4369.10,51.44284360,7.47279282,254.13,30.80,-0.37,258.88,1,-103.00,-7.00,7.00,7.00,30.00,6.00,12918811,430
270.09,1544679705,4400.02,51.44279304,7.47236520,252.90,30.50,-0.30,259.00,1,-103.00,-7.00,7.00,7.00,30.00,6.00,12918811,430
271.08,1544679706,4430.37,51.44274063,7.47193913,251.91,30.15,-0.35,258.54,1,-105.00,-7.00,4.00,9.00,28.00,6.00,12918811,430
272.09,1544679707,4460.54,51.44268892,7.47151884,250.96,29.94,-0.21,258.48,1,-105.00,-7.00,4.00,9.00,28.00,6.00,12918811,430
273.09,1544679708,4490.51,51.44263625,7.47109574,249.99,29.71,-0.23,258.31,1,-105.00,-8.00,5.00,6.00,28.00,6.00,12918811,430
274.09,1544679709,4520.26,51.44258351,7.47067882,249.08,29.37,-0.34,258.03,1,-105.00,-8.00,5.00,6.00,28.00,6.00,12918811,430
275.10,1544679710,4549.86,51.44253067,7.47026648,248.21,29.22,-0.16,258.02,1,-104.00,-11.00,4.00,7.00,32.00,6.00,12918811,430
276.10,1544679711,4579.08,51.44247817,7.46985698,247.31,29.31,0.09,258.20,1,-104.00,-11.00,4.00,7.00,32.00,6.00,12918811,430
277.09,1544679712,4608.10,51.44242498,7.46943922,246.36,29.57,0.27,258.02,1,-104.00,-11.00,4.00,7.00,32.00,6.00,12918811,430
278.09,1544679713,4637.70,51.44237185,7.46902387,245.43,29.53,-0.04,258.32,1,-108.00,-12.00,2.00,6.00,29.00,6.00,12918811,430
279.09,1544679714,4667.20,51.44231995,7.46860763,244.42,29.67,0.14,258.59,1,-108.00,-12.00,2.00,6.00,29.00,6.00,12918811,430
280.09,1544679715,4697.05,51.44226676,7.46818372,243.44,29.84,0.17,258.85,1,-109.00,-9.00,0.00,6.00,25.00,6.00,12918811,430
281.09,1544679716,4726.76,51.44221303,7.46775641,242.55,30.28,0.44,258.54,1,-109.00,-9.00,0.00,6.00,25.00,6.00,12918811,430
282.09,1544679717,4757.04,51.44216002,7.46733153,241.93,30.32,0.04,259.09,1,-110.00,-10.00,-1.00,6.00,27.00,6.00,12918811,430
283.09,1544679718,4787.39,51.44210814,7.46690679,241.78,30.60,0.28,259.32,1,-110.00,-10.00,-1.00,6.00,27.00,6.00,12918811,430
284.09,1544679719,4817.97,51.44205708,7.46647706,241.65,30.94,0.34,259.61,1,-110.00,-12.00,-3.00,6.00,29.00,6.00,12918811,430
285.09,1544679720,4848.91,51.44201145,7.46604360,241.55,30.88,-0.07,260.21,1,-110.00,-12.00,-3.00,6.00,29.00,6.00,12918811,430
286.09,1544679721,4879.79,51.44196388,7.46560592,241.56,30.66,-0.21,260.63,1,-107.00,-13.00,-4.00,6.00,32.00,32.00,12897050,118
287.09,1544679722,4910.45,51.44192189,7.46516605,241.05,30.20,-0.47,261.50,1,-107.00,-13.00,-4.00,6.00,32.00,32.00,12897050,118
288.09,1544679723,4940.65,51.44188346,7.46473981,240.46,30.26,0.06,261.78,1,-107.00,-10.00,1.00,6.00,29.00,32.00,12897050,118
289.09,1544679724,4970.94,51.44184399,7.46430776,240.23,30.39,0.13,262.12,1,-107.00,-10.00,1.00,6.00,29.00,32.00,12897050,118
290.09,1544679725,5001.33,51.44181129,7.46387552,239.90,30.43,0.04,262.80,1,-108.00,-10.00,2.00,6.00,28.00,32.00,12897050,118
291.09,1544679726,5031.86,51.44177714,7.46343206,239.42,30.57,0.13,263.22,1,-108.00,-10.00,2.00,6.00,28.00,32.00,12897050,118
292.09,1544679727,5062.30,51.44174308,7.46298802,238.74,30.55,-0.01,263.61,1,-109.00,-14.00,0.00,7.00,30.00,32.00,12897050,118
293.09,1544679728,5092.85,51.44171642,7.46255172,238.13,30.38,-0.17,264.14,1,-109.00,-14.00,0.00,7.00,30.00,32.00,12897050,118
294.09,1544679729,5123.27,51.44169130,7.46212206,237.71,30.27,-0.11,264.51,1,-105.00,-13.00,1.00,6.00,34.00,32.00,12897050,118
295.09,1544679730,5153.54,51.44167202,7.46169977,237.37,29.46,-0.81,265.29,1,-105.00,-13.00,1.00,6.00,34.00,32.00,12897050,118
296.10,1544679731,5183.24,51.44165278,7.46128246,237.09,28.89,-0.57,265.80,1,-105.00,-12.00,1.00,7.00,33.00,32.00,12897050,118
297.09,1544679732,5211.90,51.44163725,7.46087021,236.85,28.41,-0.49,266.32,1,-105.00,-12.00,1.00,7.00,33.00,32.00,12897050,118
298.09,1544679733,5240.31,51.44162272,7.46046610,236.56,27.92,-0.49,266.67,1,-105.00,-12.00,1.00,7.00,33.00,32.00,12897050,118
299.09,1544679734,5268.25,51.44161082,7.46006527,236.65,27.69,-0.23,267.51,1,-103.00,-11.00,-4.00,7.00,33.00,32.00,12897050,118
300.09,1544679735,5296.02,51.44159815,7.45967015,236.82,27.19,-0.49,267.64,1,-103.00,-11.00,-4.00,7.00,33.00,32.00,12897050,118
301.09,1544679736,5323.02,51.44158799,7.45928633,236.92,26.80,-0.39,268.01,1,-95.00,-8.00,11.00,11.00,37.00,17.00,14301721,72
302.08,1544679737,5349.79,51.44157983,7.45890009,236.68,27.00,0.21,267.33,1,-95.00,-8.00,11.00,11.00,37.00,17.00,14301721,72
303.08,1544679738,5376.72,51.44157140,7.45851104,236.26,27.35,0.34,266.93,1,-91.00,-8.00,10.00,12.00,43.00,17.00,14301721,72
304.08,1544679739,5404.12,51.44156413,7.45811272,235.85,27.90,0.56,267.77,1,-91.00,-8.00,10.00,12.00,43.00,17.00,14301721,72
305.09,1544679740,5432.13,51.44155959,7.45770954,235.39,28.37,0.46,268.55,1,-88.00,-7.00,13.00,15.00,46.00,17.00,14301721,72
306.08,1544679741,5460.33,51.44155146,7.45728601,235.20,29.03,0.66,269.48,1,-88.00,-7.00,13.00,15.00,46.00,17.00,14301721,72
307.08,1544679742,5489.38,51.44154866,7.45685825,235.05,29.40,0.37,269.66,1,-90.00,-10.00,13.00,12.00,47.00,17.00,14301721,72
308.09,1544679743,5518.87,51.44154725,7.45642517,234.82,29.95,0.55,269.86,1,-90.00,-10.00,13.00,12.00,47.00,17.00,14301721,72
309.09,1544679744,5548.82,51.44154633,7.45600038,234.52,29.38,-0.57,270.35,1,-87.00,-6.00,13.00,10.00,46.00,17.00,14301721,72
310.09,1544679745,5578.35,51.44155508,7.45559295,233.99,28.97,-0.41,271.00,1,-87.00,-6.00,13.00,10.00,46.00,17.00,14301721,72
311.09,1544679746,5607.23,51.44156403,7.45517626,233.36,29.16,0.19,271.73,1,-81.00,-5.00,19.00,12.00,51.00,17.00,14301721,72
312.08,1544679747,5636.27,51.44157821,7.45475715,232.86,29.32,0.16,272.49,1,-81.00,-5.00,19.00,12.00,51.00,17.00,14301721,72
313.08,1544679748,5665.62,51.44159391,7.45432683,232.81,29.21,-0.10,273.51,1,-81.00,-6.00,21.00,15.00,51.00,17.00,14301721,72
314.09,1544679749,5694.89,51.44160792,7.45391071,232.93,29.13,-0.09,273.98,1,-81.00,-6.00,21.00,15.00,51.00,17.00,14301721,72
315.09,1544679750,5723.99,51.44162834,7.45349357,233.21,28.83,-0.30,274.64,1,-80.00,-5.00,25.00,15.00,52.00,17.00,14301721,72
316.08,1544679751,5752.79,51.44164888,7.45308036,233.36,28.55,-0.28,275.05,1,-80.00,-5.00,25.00,15.00,52.00,17.00,14301721,72
317.08,1544679752,5781.25,51.44166858,7.45267454,233.62,28.42,-0.13,275.21,1,-79.00,-4.00,17.00,12.00,53.00,17.00,14301721,72
318.09,1544679753,5809.78,51.44169246,7.45227617,233.73,28.09,-0.32,275.65,1,-79.00,-4.00,17.00,12.00,53.00,17.00,14301721,72
319.08,1544679754,5837.84,51.44171705,7.45187679,233.67,27.78,-0.31,276.26,1,-76.00,-4.00,29.00,15.00,57.00,17.00,14301721,72
320.09,1544679755,5865.77,51.44174182,7.45148558,233.91,27.67,-0.12,276.48,1,-76.00,-4.00,29.00,15.00,57.00,17.00,14301721,72
321.09,1544679756,5893.52,51.44177335,7.45109058,234.32,27.33,-0.33,276.87,1,-71.00,-4.00,28.00,15.00,58.00,17.00,14301721,72
322.08,1544679757,5920.58,51.44180382,7.45070201,234.64,27.02,-0.31,277.47,1,-71.00,-4.00,28.00,15.00,58.00,17.00,14301721,72
323.08,1544679758,5947.65,51.44183401,7.45033325,234.57,25.11,-1.91,278.01,1,-71.00,-4.00,28.00,15.00,58.00,17.00,14301721,72
324.09,1544679759,5972.79,51.44186182,7.44998832,234.49,23.41,-1.70,277.75,1,-75.00,-5.00,28.00,15.00,57.00,17.00,14301721,72
325.09,1544679760,5996.19,51.44188995,7.44964967,234.51,23.16,-0.25,278.39,1,-75.00,-5.00,28.00,15.00,57.00,17.00,14301721,72
326.09,1544679761,6019.35,51.44191853,7.44931415,234.48,23.28,0.12,278.35,1,-75.00,-6.00,32.00,15.00,60.00,17.00,14301721,72
327.08,1544679762,6042.61,51.44194602,7.44898498,234.35,23.08,-0.20,278.33,1,-75.00,-6.00,32.00,15.00,60.00,17.00,14301721,72
328.09,1544679763,6065.71,51.44197544,7.44865876,234.12,22.69,-0.39,278.63,1,-73.00,-5.00,32.00,15.00,58.00,17.00,14301721,72
329.08,1544679764,6088.39,51.44200711,7.44834125,233.83,22.37,-0.32,279.03,1,-73.00,-5.00,32.00,15.00,58.00,17.00,14301721,72
330.09,1544679765,6110.89,51.44204079,7.44802492,233.50,22.60,0.23,279.73,1,-72.00,-5.00,29.00,15.00,55.00,17.00,14301721,72
331.09,1544679766,6133.45,51.44207997,7.44770231,233.10,23.10,0.49,280.25,1,-72.00,-5.00,29.00,15.00,55.00,17.00,14301721,72
332.08,1544679767,6156.43,51.44212068,7.44737252,232.72,23.07,-0.03,280.69,1,-72.00,-6.00,29.00,15.00,60.00,17.00,14301721,72
333.08,1544679768,6179.50,51.44216087,7.44705104,232.37,22.60,-0.47,280.95,1,-72.00,-6.00,29.00,15.00,60.00,17.00,14301721,72
334.08,1544679769,6202.10,51.44220648,7.44672733,232.06,22.72,0.12,281.87,1,-64.00,-6.00,31.00,15.00,63.00,17.00,14301721,72
335.08,1544679770,6224.84,51.44225176,7.44641397,231.80,22.88,0.16,282.57,1,-64.00,-6.00,31.00,15.00,63.00,17.00,14301721,72
336.08,1544679771,6247.72,51.44229709,7.44610447,231.36,22.85,-0.03,282.76,1,-68.00,-5.00,31.00,15.00,63.00,17.00,14301721,72
337.09,1544679772,6270.59,51.44234369,7.44579203,230.77,23.06,0.21,282.70,1,-68.00,-5.00,31.00,15.00,63.00,17.00,14301721,72
338.09,1544679773,6293.66,51.44239482,7.44547226,230.11,23.34,0.27,283.28,1,-72.00,-5.00,34.00,15.00,60.00,17.00,14301721,72
339.09,1544679774,6316.99,51.44244686,7.44513795,229.20,23.53,0.19,283.07,1,-72.00,-5.00,34.00,15.00,60.00,17.00,14301721,72
340.09,1544679775,6340.62,51.44249798,7.44480984,228.43,23.92,0.39,283.13,1,-73.00,-5.00,29.00,15.00,58.00,17.00,14301721,72
341.08,1544679776,6364.37,51.44255001,7.44447733,227.79,24.31,0.39,283.66,1,-73.00,-5.00,29.00,15.00,58.00,17.00,14301721,72
342.09,1544679777,6388.87,51.44260375,7.44413385,227.22,24.95,0.64,283.98,1,-71.00,-6.00,31.00,15.00,62.00,17.00,14301721,72
343.09,1544679778,6413.72,51.44265855,7.44377771,226.70,25.50,0.56,284.18,1,-71.00,-6.00,31.00,15.00,62.00,17.00,14301721,72
344.08,1544679779,6439.12,51.44272133,7.44341691,226.16,26.31,0.81,284.94,1,-71.00,-6.00,31.00,15.00,62.00,17.00,14301721,72
345.09,1544679780,6465.52,51.44278468,7.44305021,225.69,26.97,0.66,285.32,1,-67.00,-11.00,31.00,15.00,63.00,17.00,14301721,72
346.08,1544679781,6492.46,51.44285018,7.44267237,225.32,27.49,0.51,285.56,1,-67.00,-11.00,31.00,15.00,63.00,17.00,14301721,72
347.09,1544679782,6519.98,51.44292057,7.44229161,224.87,27.20,-0.28,285.99,1,-69.00,-6.00,33.00,15.00,62.00,17.00,14301721,72
348.09,1544679783,6547.18,51.44298926,7.44191813,224.33,27.06,-0.15,286.33,1,-69.00,-6.00,33.00,15.00,62.00,17.00,14301721,72
349.09,1544679784,6574.26,51.44305831,7.44154522,223.73,27.05,-0.01,286.48,1,-76.00,-7.00,15.00,15.00,59.00,17.00,14301721,72
350.09,1544679785,6601.42,51.44313086,7.44117799,223.09,26.81,-0.24,287.06,1,-76.00,-7.00,15.00,15.00,59.00,17.00,14301721,72
351.08,1544679786,6628.01,51.44320258,7.44081716,222.38,26.50,-0.31,287.53,1,-82.00,-10.00,12.00,11.00,53.00,17.00,14301721,72
352.08,1544679787,6654.54,51.44327318,7.44045268,221.54,26.41,-0.09,287.30,1,-82.00,-10.00,12.00,11.00,53.00,17.00,14301721,72
353.08,1544679788,6680.95,51.44334457,7.44009868,220.76,26.16,-0.25,287.45,1,-75.00,-7.00,7.00,6.00,56.00,1.00,14301723,74
354.08,1544679789,6707.08,51.44342001,7.43974882,219.98,25.68,-0.48,288.37,1,-75.00,-7.00,7.00,6.00,56.00,1.00,14301723,74
355.09,1544679790,6732.84,51.44349415,7.43940345,219.23,25.41,-0.26,288.80,1,-75.00,-6.00,24.00,15.00,57.00,1.00,14301723,74
356.09,1544679791,6758.25,51.44356844,7.43906074,218.51,25.16,-0.25,289.28,1,-75.00,-6.00,24.00,15.00,57.00,1.00,14301723,74
357.09,1544679792,6783.41,51.44364774,7.43872373,217.67,25.10,-0.06,290.00,1,-76.00,-5.00,27.00,12.00,56.00,1.00,14301723,74
358.09,1544679793,6808.52,51.44372758,7.43838031,216.90,25.49,0.39,290.01,1,-76.00,-5.00,27.00,12.00,56.00,1.00,14301723,74
359.08,1544679794,6833.99,51.44380809,7.43803342,216.19,25.78,0.29,290.41,1,-69.00,-4.00,28.00,14.00,57.00,1.00,14301723,74
360.09,1544679795,6859.89,51.44388949,7.43768351,215.53,25.84,0.06,290.82,1,-69.00,-4.00,28.00,14.00,57.00,1.00,14301723,74
361.09,1544679796,6885.63,51.44397686,7.43733251,214.90,26.37,0.53,291.47,1,-72.00,-6.00,27.00,15.00,57.00,1.00,14301723,74
362.09,1544679797,6912.01,51.44406565,7.43697343,214.24,27.01,0.63,291.50,1,-72.00,-6.00,27.00,15.00,57.00,1.00,14301723,74
363.09,1544679798,6939.20,51.44415346,7.43661898,213.61,27.51,0.50,291.86,1,-77.00,-5.00,29.00,15.00,54.00,1.00,14301723,74
364.09,1544679799,6966.52,51.44424749,7.43623423,212.89,28.53,1.02,292.01,1,-77.00,-5.00,29.00,15.00,54.00,1.00,14301723,74
365.08,1544679800,6995.03,51.44434463,7.43586080,212.19,29.44,0.91,292.47,1,-77.00,-5.00,29.00,15.00,54.00,1.00,14301723,74
366.09,1544679801,7024.49,51.44444978,7.43546093,210.78,29.88,0.44,293.34,1,-80.00,-6.00,25.00,15.00,51.00,1.00,14301723,74
367.09,1544679802,7054.37,51.44456493,7.43506060,209.17,30.78,0.90,294.29,1,-80.00,-6.00,25.00,15.00,51.00,1.00,14301723,74
368.09,1544679803,7085.15,51.44467697,7.43466903,207.31,30.69,-0.09,295.03,1,-82.00,-5.00,30.00,15.00,49.00,1.00,14301723,74
369.09,1544679804,7115.84,51.44479614,7.43427667,205.57,30.44,-0.25,295.73,1,-82.00,-5.00,30.00,15.00,49.00,1.00,14301723,74
370.09,1544679805,7146.37,51.44492036,7.43389712,203.96,30.32,-0.11,296.77,1,-82.00,-5.00,28.00,15.00,49.00,1.00,14301723,74
371.08,1544679806,7176.54,51.44505151,7.43351164,202.35,30.76,0.45,297.94,1,-82.00,-5.00,28.00,15.00,49.00,1.00,14301723,74
372.08,1544679807,7207.27,51.44518506,7.43312445,200.75,31.20,0.43,298.67,1,-85.00,-6.00,25.00,15.00,47.00,1.00,14301723,74
373.09,1544679808,7238.56,51.44532867,7.43272998,199.26,31.49,0.29,300.06,1,-85.00,-6.00,25.00,15.00,47.00,1.00,14301723,74
374.09,1544679809,7270.05,51.44547669,7.43234251,197.86,31.58,0.09,301.50,1,-88.00,-5.00,22.00,11.00,43.00,1.00,14301723,74
375.08,1544679810,7301.60,51.44562859,7.43196548,196.52,31.37,-0.21,302.74,1,-88.00,-5.00,22.00,11.00,43.00,1.00,14301723,74
376.09,1544679811,7333.00,51.44577853,7.43159072,195.32,31.23,-0.14,303.29,1,-84.00,-5.00,26.00,15.00,48.00,1.00,14301723,74
377.09,1544679812,7364.23,51.44594045,7.43122046,194.16,31.19,-0.04,305.48,1,-84.00,-5.00,26.00,15.00,48.00,1.00,14301723,74
378.09,1544679813,7395.42,51.44610750,7.43085289,193.21,31.07,-0.12,306.50,1,-82.00,-4.00,26.00,15.00,46.00,1.00,14301723,74
379.09,1544679814,7426.49,51.44627673,7.43049106,192.70,31.09,0.02,307.32,1,-82.00,-4.00,26.00,15.00,46.00,1.00,14301723,74
380.09,1544679815,7457.73,51.44645561,7.43014136,192.45,31.34,0.25,309.41,1,-88.00,-6.00,18.00,12.00,41.00,1.00,14301723,74
381.09,1544679816,7488.95,51.44663402,7.42980165,192.07,31.14,-0.20,310.52,1,-88.00,-6.00,18.00,12.00,41.00,1.00,14301723,74
382.09,1544679817,7520.06,51.44681120,7.42948024,191.68,30.94,-0.20,311.76,1,-98.00,-6.00,11.00,15.00,34.00,1.00,14301723,74
383.09,1544679818,7550.99,51.44699567,7.42916256,191.18,30.71,-0.23,313.39,1,-98.00,-6.00,11.00,15.00,34.00,1.00,14301723,74
384.09,1544679819,7581.97,51.44718233,7.42885525,190.70,30.46,-0.25,314.71,1,-95.00,-6.00,14.00,11.00,35.00,1.00,14301723,74
385.09,1544679820,7612.16,51.44737719,7.42854855,190.29,30.67,0.22,315.87,1,-95.00,-6.00,14.00,11.00,35.00,1.00,14301723,74
386.09,1544679821,7642.83,51.44757357,7.42824122,189.52,30.81,0.14,316.56,1,-95.00,-6.00,14.00,11.00,35.00,1.00,14301723,74
387.09,1544679822,7673.64,51.44777864,7.42794637,188.39,30.98,0.17,318.08,1,-101.00,-7.00,12.00,13.00,32.00,1.00,14301723,74
388.09,1544679823,7704.66,51.44798866,7.42764869,187.19,31.04,0.06,318.78,1,-101.00,-7.00,12.00,13.00,32.00,1.00,14301723,74
389.09,1544679824,7735.67,51.44820114,7.42736753,186.01,30.80,-0.24,320.13,1,-101.00,-6.00,9.00,7.00,31.00,1.00,14301723,74
390.09,1544679825,7766.65,51.44841708,7.42709881,184.92,30.22,-0.58,321.97,1,-101.00,-6.00,9.00,7.00,31.00,1.00,14301723,74
391.09,1544679826,7796.75,51.44862919,7.42684635,183.97,29.82,-0.40,323.24,1,-104.00,-6.00,12.00,12.00,28.00,1.00,14301723,74
392.09,1544679827,7826.57,51.44884061,7.42660646,183.01,28.94,-0.88,324.37,1,-104.00,-6.00,12.00,12.00,28.00,1.00,14301723,74
393.09,1544679828,7855.49,51.44905105,7.42636944,182.03,28.85,-0.09,325.04,1,-106.00,-8.00,12.00,7.00,28.00,1.00,14301723,74
394.09,1544679829,7884.34,51.44927032,7.42614590,181.14,29.34,0.48,327.12,1,-106.00,-8.00,12.00,7.00,28.00,1.00,14301723,74
395.09,1544679830,7913.70,51.44949677,7.42592618,180.26,29.87,0.53,328.69,1,-110.00,-10.00,4.00,6.00,27.00,1.00,14301723,74
396.09,1544679831,7943.57,51.44973222,7.42570826,179.32,30.33,0.46,329.92,1,-110.00,-10.00,4.00,6.00,27.00,1.00,14301723,74
397.09,1544679832,7973.87,51.44997354,7.42549603,178.28,30.71,0.38,331.16,1,-93.00,-8.00,-5.00,8.00,43.00,16.00,13806082,70
398.09,1544679833,8004.64,51.45021513,7.42529281,177.19,30.44,-0.27,332.18,1,-93.00,-8.00,-5.00,8.00,43.00,16.00,13806082,70
399.09,1544679834,8035.08,51.45044977,7.42509872,176.22,30.38,-0.06,333.18,1,-92.00,-9.00,4.00,8.00,43.00,16.00,13806082,70
400.09,1544679835,8065.61,51.45069959,7.42490783,175.31,30.11,-0.27,334.51,1,-92.00,-9.00,4.00,8.00,43.00,16.00,13806082,70
401.09,1544679836,8095.54,51.45095279,7.42472142,174.20,30.04,-0.07,335.32,1,-92.00,-11.00,-1.00,9.00,45.00,16.00,13806082,70
402.09,1544679837,8125.59,51.45120157,7.42456022,173.11,29.99,-0.05,337.38,1,-92.00,-11.00,-1.00,9.00,45.00,16.00,13806082,70
403.09,1544679838,8155.58,51.45145393,7.42440647,171.83,29.87,-0.12,338.39,1,-91.00,-17.00,-1.00,5.00,51.00,16.00,13806082,70
404.09,1544679839,8185.45,51.45170197,7.42426238,170.44,29.76,-0.11,339.52,1,-91.00,-17.00,-1.00,5.00,51.00,16.00,13806082,70
405.11,1544679840,8215.84,51.45194992,7.42411648,169.09,29.53,-0.23,340.16,1,-93.00,-14.00,-2.00,4.00,48.00,38.00,12896771,376
406.09,1544679841,8244.81,51.45219413,7.42398253,167.67,29.05,-0.49,341.08,1,-93.00,-14.00,-2.00,4.00,48.00,38.00,12896771,376
407.09,1544679842,8273.89,51.45244097,7.42385487,166.20,29.02,-0.03,342.09,1,-93.00,-14.00,-2.00,4.00,48.00,38.00,12896771,376
408.08,1544679843,8302.70,51.45269552,7.42372481,164.68,29.09,0.07,342.55,1,-83.00,-12.00,-9.00,6.00,55.00,19.00,12897027,230
409.09,1544679844,8331.85,51.45294580,7.42359947,163.34,29.05,-0.04,342.88,1,-83.00,-12.00,-9.00,6.00,55.00,19.00,12897027,230
410.09,1544679845,8361.08,51.45319518,7.42348383,161.98,28.97,-0.09,343.42,1,-85.00,-8.00,3.00,10.00,48.00,19.00,12897027,230
411.09,1544679846,8389.90,51.45344257,7.42337005,160.56,28.66,-0.31,343.73,1,-85.00,-8.00,3.00,10.00,48.00,19.00,12897027,230
412.09,1544679847,8418.58,51.45368534,7.42325961,159.05,28.31,-0.35,344.09,1,-85.00,-8.00,0.00,8.00,49.00,19.00,12897027,230
413.09,1544679848,8446.84,51.45392728,7.42315180,157.75,27.92,-0.38,343.94,1,-85.00,-8.00,0.00,8.00,49.00,19.00,12897027,230
414.09,1544679849,8474.76,51.45416336,7.42304341,156.59,27.70,-0.23,343.68,1,-75.00,-8.00,5.00,12.00,59.00,10.00,13806082,70
415.08,1544679850,8502.43,51.45439892,7.42293365,155.58,27.75,0.06,343.53,1,-75.00,-8.00,5.00,12.00,59.00,10.00,13806082,70
416.09,1544679851,8530.21,51.45463710,7.42282102,154.72,27.95,0.20,343.33,1,-73.00,-6.00,16.00,9.00,60.00,10.00,13806082,70
417.09,1544679852,8558.16,51.45488108,7.42270752,154.04,28.34,0.39,343.31,1,-73.00,-6.00,16.00,9.00,60.00,10.00,13806082,70
418.09,1544679853,8586.53,51.45512813,7.42259154,153.47,28.79,0.44,343.20,1,-74.00,-7.00,17.00,5.00,60.00,10.00,13806082,70
419.09,1544679854,8615.29,51.45537937,7.42247024,152.98,29.34,0.55,342.79,1,-74.00,-7.00,17.00,5.00,60.00,10.00,13806082,70
420.09,1544679855,8644.78,51.45563576,7.42233925,152.67,29.96,0.62,342.15,1,-69.00,-6.00,19.00,9.00,63.00,10.00,13806082,70
421.08,1544679856,8674.50,51.45589465,7.42220821,152.21,29.94,-0.02,341.78,1,-69.00,-6.00,19.00,9.00,63.00,10.00,13806082,70
422.09,1544679857,8704.53,51.45614731,7.42206862,151.77,29.41,-0.53,340.41,1,-72.00,-8.00,18.00,15.00,61.00,10.00,13806082,70
423.08,1544679858,8733.88,51.45639525,7.42192962,151.42,29.33,-0.08,339.71,1,-72.00,-8.00,18.00,15.00,61.00,10.00,13806082,70
424.09,1544679859,8763.29,51.45664293,7.42177670,151.16,29.53,0.20,338.79,1,-75.00,-8.00,11.00,11.00,60.00,10.00,13806082,70
425.09,1544679860,8792.88,51.45689176,7.42162136,150.97,29.81,0.28,337.89,1,-75.00,-8.00,11.00,11.00,60.00,10.00,13806082,70
426.09,1544679861,8822.69,51.45713861,7.42145379,150.81,30.09,0.28,337.07,1,-86.00,-14.00,4.00,7.00,55.00,10.00,13806082,70
427.09,1544679862,8852.75,51.45739061,7.42128467,150.63,30.49,0.41,336.31,1,-86.00,-14.00,4.00,7.00,55.00,10.00,13806082,70
428.10,1544679863,8883.52,51.45764235,7.42109965,150.44,30.80,0.30,335.39,1,-83.00,-13.00,1.00,10.00,56.00,10.00,13806082,70
429.09,1544679864,8914.13,51.45789856,7.42091027,150.09,31.27,0.48,334.59,1,-83.00,-13.00,1.00,10.00,56.00,10.00,13806082,70
430.09,1544679865,8945.47,51.45815070,7.42071077,149.91,31.66,0.39,333.78,1,-83.00,-13.00,1.00,10.00,56.00,10.00,13806082,70
431.09,1544679866,8977.13,51.45840522,7.42050214,149.85,32.13,0.47,332.77,1,-88.00,-14.00,2.00,9.00,53.00,10.00,13806082,70
432.09,1544679867,9009.13,51.45866475,7.42028830,149.70,32.62,0.49,331.95,1,-88.00,-14.00,2.00,9.00,53.00,10.00,13806082,70
433.09,1544679868,9041.75,51.45892219,7.42006095,149.61,33.07,0.45,330.90,1,-85.00,-13.00,3.00,7.00,54.00,10.00,13806082,70
434.09,1544679869,9074.85,51.45918340,7.41982101,149.59,33.43,0.37,329.80,1,-85.00,-13.00,3.00,7.00,54.00,10.00,13806082,70
435.09,1544679870,9108.25,51.45944853,7.41957503,149.61,33.91,0.48,329.03,1,-86.00,-16.00,-3.00,3.00,57.00,10.00,13806082,70
436.09,1544679871,9142.19,51.45970957,7.41931445,149.67,34.31,0.40,327.84,1,-86.00,-16.00,-3.00,3.00,57.00,10.00,13806082,70
437.09,1544679872,9176.44,51.45997398,7.41904750,149.70,34.76,0.46,326.93,1,-74.00,-8.00,3.00,6.00,61.00,7.00,13806081,69
438.09,1544679873,9211.13,51.46022885,7.41876841,149.55,35.08,0.32,325.67,1,-74.00,-8.00,3.00,6.00,61.00,7.00,13806081,69
439.09,1544679874,9246.28,51.46048870,7.41848341,149.29,35.68,0.60,325.09,1,-78.00,-11.00,16.00,8.00,60.00,7.00,13806081,69
440.09,1544679875,9282.11,51.46074489,7.41818513,148.93,36.07,0.39,323.75,1,-78.00,-11.00,16.00,8.00,60.00,7.00,13806081,69
441.09,1544679876,9317.96,51.46100743,7.41787014,148.63,36.26,0.19,322.56,1,-72.00,-8.00,22.00,9.00,63.00,7.00,13806081,69
442.09,1544679877,9354.22,51.46126207,7.41756294,148.18,35.63,-0.63,321.69,1,-72.00,-8.00,22.00,9.00,63.00,7.00,13806081,69
443.09,1544679878,9389.86,51.46151748,7.41725208,147.60,35.61,-0.03,321.68,1,-71.00,-6.00,28.00,15.00,60.00,7.00,13806081,69
444.09,1544679879,9425.50,51.46176090,7.41692922,147.04,35.21,-0.40,320.02,1,-71.00,-6.00,28.00,15.00,60.00,7.00,13806081,69
445.09,1544679880,9460.67,51.46200801,7.41659843,146.73,35.08,-0.13,319.10,1,-76.00,-7.00,23.00,12.00,55.00,7.00,13806081,69
446.09,1544679881,9495.74,51.46224481,7.41625660,146.49,35.04,-0.03,317.79,1,-76.00,-7.00,23.00,12.00,55.00,7.00,13806081,69
447.08,1544679882,9530.75,51.46247779,7.41591646,146.56,35.14,0.09,317.51,1,-74.00,-6.00,22.00,10.00,57.00,7.00,13806081,69
448.08,1544679883,9565.89,51.46270167,7.41556453,146.83,34.30,-0.84,315.61,1,-74.00,-6.00,22.00,10.00,57.00,7.00,13806081,69
449.09,1544679884,9600.46,51.46292050,7.41522062,147.10,33.98,-0.31,314.73,1,-78.00,-5.00,22.00,12.00,53.00,7.00,13806081,69
450.09,1544679885,9634.31,51.46313204,7.41486619,147.52,33.94,-0.04,313.91,1,-78.00,-5.00,22.00,12.00,53.00,7.00,13806081,69
451.09,1544679886,9668.26,51.46334474,7.41450709,148.04,34.01,0.06,312.99,1,-78.00,-5.00,22.00,12.00,53.00,7.00,13806081,69
452.08,1544679887,9702.06,51.46354905,7.41414309,148.41,34.08,0.07,312.27,1,-79.00,-6.00,22.00,8.00,53.00,7.00,13806081,69
453.09,1544679888,9736.24,51.46374943,7.41378287,148.96,34.26,0.18,311.43,1,-79.00,-6.00,22.00,8.00,53.00,7.00,13806081,69
454.08,1544679889,9770.40,51.46394811,7.41340874,149.70,34.55,0.29,310.77,1,-81.00,-9.00,10.00,8.00,53.00,7.00,13806081,69
455.08,1544679890,9804.95,51.46415004,7.41302893,150.38,34.77,0.22,310.01,1,-81.00,-9.00,10.00,8.00,53.00,7.00,13806081,69
456.08,1544679891,9839.79,51.46435287,7.41262956,151.07,35.03,0.26,309.34,1,-82.00,-11.00,4.00,10.00,54.00,7.00,13806081,69
457.09,1544679892,9874.85,51.46455430,7.41223418,151.74,35.18,0.16,308.90,1,-82.00,-11.00,4.00,10.00,54.00,7.00,13806081,69
458.09,1544679893,9910.10,51.46475479,7.41184016,152.43,34.61,-0.57,308.52,1,-90.00,-9.00,3.00,6.00,45.00,7.00,13806081,69
459.09,1544679894,9944.70,51.46494291,7.41145794,153.05,33.72,-0.88,308.30,1,-90.00,-9.00,3.00,6.00,45.00,7.00,13806081,69
460.09,1544679895,9978.49,51.46512806,7.41108346,153.61,33.20,-0.52,308.51,1,-91.00,-10.00,2.00,6.00,45.00,7.00,13806081,69
461.09,1544679896,10011.56,51.46531212,7.41071153,154.11,32.83,-0.37,308.26,1,-91.00,-10.00,2.00,6.00,45.00,7.00,13806081,69
462.09,1544679897,10044.48,51.46549468,7.41034010,154.58,32.69,-0.13,308.18,1,-97.00,-15.00,-2.00,4.00,44.00,7.00,13806081,69
463.09,1544679898,10077.18,51.46568068,7.40996313,154.73,32.72,0.02,308.12,1,-97.00,-15.00,-2.00,4.00,44.00,7.00,13806081,69
464.09,1544679899,10109.89,51.46586398,7.40958991,154.74,32.91,0.19,307.90,1,-96.00,-13.00,-7.00,4.00,43.00,37.00,12896771,376
465.09,1544679900,10142.80,51.46604734,7.40921441,154.75,33.07,0.16,307.97,1,-96.00,-13.00,-7.00,4.00,43.00,37.00,12896771,376
466.09,1544679901,10175.87,51.46623156,7.40883670,154.80,33.44,0.38,308.18,1,-96.00,-11.00,-2.00,6.00,41.00,30.00,13884419,386
467.09,1544679902,10209.31,51.46641716,7.40845783,154.87,33.79,0.35,308.11,1,-96.00,-11.00,-2.00,6.00,41.00,30.00,13884419,386
468.09,1544679903,10243.10,51.46660654,7.40807072,155.02,34.02,0.23,308.34,1,-94.00,-13.00,-4.00,6.00,45.00,30.00,13884419,386
469.09,1544679904,10277.13,51.46679755,7.40768266,155.26,34.29,0.27,309.03,1,-94.00,-13.00,-4.00,6.00,45.00,30.00,13884419,386
470.09,1544679905,10311.59,51.46699021,7.40730549,155.54,33.68,-0.61,309.33,1,-95.00,-16.00,-6.00,4.00,47.00,30.00,13884419,386
471.09,1544679906,10345.17,51.46718172,7.40693158,155.87,33.78,0.10,309.54,1,-95.00,-16.00,-6.00,4.00,47.00,30.00,13884419,386
472.10,1544679907,10379.19,51.46737422,7.40655696,156.21,33.70,-0.08,309.78,1,-91.00,-14.00,-5.00,7.00,47.00,30.00,13884419,386
473.09,1544679908,10412.62,51.46756464,7.40618791,156.57,33.02,-0.69,310.04,1,-91.00,-14.00,-5.00,7.00,47.00,30.00,13884419,386
474.09,1544679909,10445.60,51.46776044,7.40582335,156.81,32.84,-0.17,310.41,1,-91.00,-14.00,-5.00,7.00,47.00,30.00,13884419,386
475.09,1544679910,10478.35,51.46795301,7.40546458,157.12,32.84,-0.00,310.73,1,-91.00,-11.00,-5.00,6.00,45.00,40.00,12896771,376
476.09,1544679911,10511.22,51.46814804,7.40511048,157.57,32.90,0.06,311.43,1,-91.00,-11.00,-5.00,6.00,45.00,40.00,12896771,376
477.09,1544679912,10544.09,51.46834375,7.40475538,158.15,32.93,0.03,311.87,1,-99.00,-17.00,-5.00,4.00,44.00,40.00,12896771,376
478.09,1544679913,10577.15,51.46854125,7.40440863,158.65,32.77,-0.16,312.52,1,-99.00,-17.00,-5.00,4.00,44.00,40.00,12896771,376
479.09,1544679914,10609.92,51.46873973,7.40406161,159.10,32.72,-0.05,313.46,1,-97.00,-17.00,-5.00,4.00,46.00,16.00,13806081,69
480.09,1544679915,10642.77,51.46894377,7.40373128,159.79,32.77,0.05,314.88,1,-97.00,-17.00,-5.00,4.00,46.00,16.00,13806081,69
481.09,1544679916,10675.41,51.46915087,7.40339663,160.63,32.82,0.05,315.00,1,-102.00,-17.00,-5.00,4.00,40.00,16.00,13806081,69
482.09,1544679917,10708.23,51.46936000,7.40305762,161.38,32.56,-0.27,314.89,1,-102.00,-17.00,-5.00,4.00,40.00,16.00,13806081,69
483.09,1544679918,10740.79,51.46955816,7.40273744,162.07,31.93,-0.62,315.05,1,-101.00,-16.00,-6.00,4.00,41.00,16.00,13806081,69
484.09,1544679919,10772.69,51.46975477,7.40241726,162.55,31.31,-0.63,314.77,1,-101.00,-16.00,-6.00,4.00,41.00,16.00,13806081,69
485.09,1544679920,10803.96,51.46994787,7.40210213,163.09,30.86,-0.45,315.14,1,-103.00,-20.00,-12.00,1.00,43.00,16.00,13806081,69
486.09,1544679921,10834.82,51.47014030,7.40178642,163.57,30.54,-0.32,315.27,1,-103.00,-20.00,-12.00,1.00,43.00,16.00,13806081,69
487.09,1544679922,10865.36,51.47033430,7.40146706,163.82,30.21,-0.33,315.71,1,-99.00,-16.00,-7.00,5.00,41.00,34.00,13884419,386
488.09,1544679923,10895.56,51.47052934,7.40116419,163.96,29.83,-0.38,316.15,1,-99.00,-16.00,-7.00,5.00,41.00,34.00,13884419,386
489.09,1544679924,10925.39,51.47072378,7.40086152,164.00,29.58,-0.25,316.39,1,-101.00,-16.00,-7.00,4.00,39.00,34.00,13884419,386
490.09,1544679925,10955.09,51.47091824,7.40056346,164.17,29.56,-0.02,316.58,1,-101.00,-16.00,-7.00,4.00,39.00,34.00,13884419,386
491.09,1544679926,10984.51,51.47111316,7.40026513,164.39,29.66,0.10,317.01,1,-103.00,-12.00,1.00,2.00,37.00,40.00,13507073,57
492.08,1544679927,11014.11,51.47131060,7.39997492,164.63,29.78,0.12,317.31,1,-103.00,-12.00,1.00,2.00,37.00,40.00,13507073,57
493.10,1544679928,11044.21,51.47150809,7.39968655,164.95,29.65,-0.13,317.33,1,-104.00,-12.00,1.00,8.00,34.00,40.00,13507073,57
494.09,1544679929,11073.63,51.47170371,7.39940242,165.25,29.50,-0.15,317.94,1,-104.00,-12.00,1.00,8.00,34.00,40.00,13507073,57
495.08,1544679930,11102.95,51.47190328,7.39912071,165.53,29.51,0.01,318.37,1,-104.00,-12.00,1.00,8.00,34.00,40.00,13507073,57
496.09,1544679931,11132.64,51.47210240,7.39884112,165.72,29.72,0.21,318.76,1,-107.00,-14.00,-1.00,5.00,33.00,40.00,13507073,57
497.08,1544679932,11162.18,51.47230405,7.39856054,165.85,29.89,0.17,318.94,1,-107.00,-14.00,-1.00,5.00,33.00,40.00,13507073,57
498.09,1544679933,11192.24,51.47250683,7.39827882,165.89,30.13,0.25,319.32,1,-109.00,-15.00,-4.00,5.00,33.00,40.00,13507073,57
499.09,1544679934,11222.35,51.47271311,7.39800223,166.08,30.39,0.26,319.55,1,-109.00,-15.00,-4.00,5.00,33.00,40.00,13507073,57
497.61,1544679933,11177.61,51.47292326,7.39772012,166.46,30.46,0.00,319.89,1,-106.00,-14.00,-3.00,5.00,34.00,40.00,13507073,57
498.60,1544679934,11207.55,51.47312925,7.39744370,166.89,29.82,-0.65,320.35,1,-106.00,-14.00,-3.00,5.00,34.00,40.00,13507073,57
499.61,1544679935,11237.67,51.47333512,7.39717817,167.45,29.07,-0.74,320.96,1,-108.00,-16.00,-3.00,4.00,33.00,40.00,13507073,57
500.60,1544679936,11266.47,51.47353755,7.39691698,167.95,28.54,-0.54,321.64,1,-108.00,-16.00,-3.00,4.00,33.00,40.00,13507073,57
501.61,1544679937,11295.27,51.47374062,7.39666433,168.29,28.15,-0.38,322.06,1,-107.00,-18.00,-7.00,5.00,37.00,40.00,13507073,57
502.60,1544679938,11323.16,51.47394382,7.39641058,168.48,27.90,-0.25,321.86,1,-107.00,-18.00,-7.00,5.00,37.00,40.00,13507073,57
503.60,1544679939,11351.20,51.47414216,7.39616547,168.53,27.86,-0.04,323.01,1,-106.00,-12.00,-4.00,6.00,32.00,36.00,13565441,431
504.60,1544679940,11379.04,51.47434192,7.39593149,168.58,27.43,-0.44,323.59,1,-106.00,-12.00,-4.00,6.00,32.00,36.00,13565441,431
505.60,1544679941,11406.44,51.47453551,7.39570639,168.67,26.89,-0.54,323.93,1,-103.00,-11.00,-2.00,6.00,33.00,36.00,13565441,431
506.60,1544679942,11433.35,51.47473117,7.39548983,168.91,26.49,-0.40,324.91,1,-103.00,-11.00,-2.00,6.00,33.00,36.00,13565441,431
507.61,1544679943,11460.03,51.47493152,7.39528152,168.78,26.32,-0.17,326.67,1,-101.00,-9.00,3.00,7.00,33.00,36.00,13565441,431
508.60,1544679944,11486.06,51.47513816,7.39507925,168.75,26.39,0.07,328.96,1,-101.00,-9.00,3.00,7.00,33.00,36.00,13565441,431
509.60,1544679945,11512.53,51.47534364,7.39487981,168.87,26.45,0.06,329.05,1,-103.00,-12.00,-1.00,4.00,34.00,36.00,13565441,431
510.60,1544679946,11539.01,51.47554737,7.39468184,169.17,26.63,0.18,328.98,1,-103.00,-12.00,-1.00,4.00,34.00,36.00,13565441,431
511.61,1544679947,11565.83,51.47575240,7.39448312,169.46,26.50,-0.13,329.65,1,-106.00,-15.00,-5.00,4.00,34.00,36.00,13565441,431
512.60,1544679948,11592.09,51.47595842,7.39429362,169.79,26.30,-0.20,330.35,1,-106.00,-15.00,-5.00,4.00,34.00,36.00,13565441,431
513.60,1544679949,11618.41,51.47616195,7.39410851,170.10,26.09,-0.21,331.11,1,-106.00,-15.00,-5.00,4.00,34.00,36.00,13565441,431
514.60,1544679950,11644.50,51.47636882,7.39393699,170.39,25.89,-0.20,332.72,1,-104.00,-15.00,-6.00,4.00,36.00,36.00,13565441,431
515.60,1544679951,11670.39,51.47657454,7.39377532,170.69,25.29,-0.60,334.04,1,-104.00,-15.00,-6.00,4.00,36.00,36.00,13565441,431
516.60,1544679952,11695.65,51.47677514,7.39361957,170.93,24.68,-0.61,335.00,1,-105.00,-15.00,-7.00,4.00,36.00,36.00,13565441,431
517.61,1544679953,11720.46,51.47697409,7.39347879,171.19,23.74,-0.94,336.04,1,-105.00,-15.00,-7.00,4.00,36.00,36.00,13565441,431
518.60,1544679954,11744.01,51.47716615,7.39334937,171.47,22.46,-1.29,337.48,1,-103.00,-12.00,-6.00,5.00,35.00,36.00,13565441,431
519.60,1544679955,11766.56,51.47734715,7.39324549,171.94,21.61,-0.84,340.36,1,-103.00,-12.00,-6.00,5.00,35.00,36.00,13565441,431
520.60,1544679956,11788.17,51.47752789,7.39316968,172.23,19.25,-2.37,345.82,1,-104.00,-13.00,-5.00,4.00,34.00,36.00,13565441,431
521.60,1544679957,11807.42,51.47769590,7.39310987,172.37,18.68,-0.57,347.50,1,-104.00,-13.00,-5.00,4.00,34.00,36.00,13565441,431
522.60,1544679958,11826.09,51.47786435,7.39306432,172.80,18.19,-0.49,350.98,1,-104.00,-15.00,-5.00,4.00,36.00,36.00,13565441,431
523.60,1544679959,11844.26,51.47802573,7.39307753,173.07,18.30,0.12,3.79,1,-104.00,-15.00,-5.00,4.00,36.00,36.00,13565441,431
524.60,1544679960,11862.58,51.47818558,7.39310134,173.37,18.47,0.16,5.61,1,-103.00,-14.00,-5.00,4.00,36.00,36.00,13565441,431
525.60,1544679961,11881.05,51.47834584,7.39314383,173.63,18.41,-0.05,8.96,1,-103.00,-14.00,-5.00,4.00,36.00,36.00,13565441,431
526.60,1544679962,11899.46,51.47850198,7.39320503,174.09,18.44,0.03,12.78,1,-109.00,-13.00,-7.00,4.00,30.00,36.00,13565441,431
527.61,1544679963,11917.99,51.47865242,7.39334227,174.47,18.52,0.08,31.36,1,-109.00,-13.00,-7.00,4.00,30.00,36.00,13565441,431
528.60,1544679964,11936.42,51.47879012,7.39347939,174.39,18.47,-0.05,32.04,1,-110.00,-16.00,-10.00,1.00,32.00,36.00,13565441,431
529.60,1544679965,11954.89,51.47892869,7.39362623,174.36,17.41,-1.06,32.68,1,-110.00,-16.00,-10.00,1.00,32.00,36.00,13565441,431
530.61,1544679966,11972.39,51.47906942,7.39376283,174.24,15.60,-1.81,30.63,1,-80.00,-5.00,-15.00,6.00,52.00,10.00,13884163,392
531.60,1544679967,11987.85,51.47919709,7.39381587,174.83,14.01,-1.60,11.99,1,-80.00,-5.00,-15.00,6.00,52.00,10.00,13884163,392
532.60,1544679968,12001.88,51.47931414,7.39382243,175.63,13.68,-0.33,359.02,1,-84.00,-6.00,9.00,11.00,48.00,10.00,13884163,392
533.60,1544679969,12015.56,51.47943287,7.39381925,176.55,13.97,0.29,356.02,1,-84.00,-6.00,9.00,11.00,48.00,10.00,13884163,392
534.61,1544679970,12029.64,51.47953408,7.39376130,177.21,14.06,0.09,338.26,1,-83.00,-6.00,15.00,12.00,50.00,10.00,13884163,392
535.61,1544679971,12043.71,51.47965183,7.39369349,177.88,14.11,0.05,337.29,1,-83.00,-6.00,15.00,12.00,50.00,10.00,13884163,392
536.60,1544679972,12057.74,51.47976305,7.39362106,178.02,13.58,-0.53,335.68,1,-83.00,-6.00,15.00,12.00,50.00,10.00,13884163,392
537.61,1544679973,12071.38,51.47986596,7.39355133,178.03,12.44,-1.14,335.08,1,-78.00,-6.00,18.00,12.00,52.00,10.00,13884163,392
538.60,1544679974,12083.76,51.47995747,7.39348966,178.27,10.89,-1.56,336.94,1,-78.00,-6.00,18.00,12.00,52.00,10.00,13884163,392
539.60,1544679975,12094.61,51.48005420,7.39346438,178.67,10.65,-0.24,352.72,1,-79.00,-6.00,22.00,4.00,52.00,10.00,13884163,392
540.60,1544679976,12105.25,51.48015099,7.39347862,178.83,10.26,-0.40,10.09,1,-79.00,-6.00,22.00,4.00,52.00,10.00,13884163,392
541.60,1544679977,12115.51,51.48023672,7.39354424,179.23,10.65,0.39,28.39,1,-79.00,-6.00,18.00,15.00,53.00,10.00,13884163,392
542.61,1544679978,12126.27,51.48029951,7.39364497,179.73,11.00,0.35,48.09,1,-79.00,-6.00,18.00,15.00,53.00,10.00,13884163,392
543.60,1544679979,12137.19,51.48035705,7.39375353,179.64,12.00,1.01,51.88,1,-88.00,-9.00,13.00,7.00,47.00,10.00,13884163,392
544.60,1544679980,12149.19,51.48041658,7.39389150,179.77,12.75,0.75,54.19,1,-88.00,-9.00,13.00,7.00,47.00,10.00,13884163,392
545.60,1544679981,12161.94,51.48048122,7.39404767,180.10,14.39,1.64,55.84,1,-86.00,-6.00,16.00,11.00,46.00,10.00,13884163,392
546.60,1544679982,12176.34,51.48055510,7.39421829,180.33,15.29,0.89,56.76,1,-86.00,-6.00,16.00,11.00,46.00,10.00,13884163,392
547.60,1544679983,12191.68,51.48062961,7.39441150,180.85,15.94,0.65,57.69,1,-75.00,-5.00,23.00,11.00,53.00,10.00,13884163,392
548.60,1544679984,12207.57,51.48070131,7.39460214,181.54,16.22,0.28,58.23,1,-75.00,-5.00,23.00,11.00,53.00,10.00,13884163,392
549.60,1544679985,12223.72,51.48077684,7.39481250,182.21,16.55,0.34,59.09,1,-80.00,-7.00,10.00,11.00,52.00,10.00,13884163,392
550.60,1544679986,12240.29,51.48085554,7.39502197,182.90,16.93,0.37,59.11,1,-80.00,-7.00,10.00,11.00,52.00,10.00,13884163,392
551.60,1544679987,12257.24,51.48093334,7.39523687,183.45,17.34,0.41,59.45,1,-81.00,-9.00,13.00,10.00,54.00,10.00,13884163,392
552.60,1544679988,12274.57,51.48101117,7.39545039,183.95,17.52,0.18,59.65,1,-81.00,-9.00,13.00,10.00,54.00,10.00,13884163,392
553.60,1544679989,12292.13,51.48109020,7.39566353,184.34,17.62,0.11,59.76,1,-82.00,-6.00,16.00,10.00,51.00,10.00,13884163,392
554.60,1544679990,12309.73,51.48116672,7.39587792,184.57,17.29,-0.34,60.11,1,-82.00,-6.00,16.00,10.00,51.00,10.00,13884163,392
555.60,1544679991,12327.02,51.48124502,7.39609278,184.86,17.13,-0.15,60.02,1,-84.00,-8.00,4.00,6.00,49.00,10.00,13884163,392
556.60,1544679992,12344.17,51.48132183,7.39630916,184.78,16.97,-0.16,59.81,1,-84.00,-8.00,4.00,6.00,49.00,10.00,13884163,392
557.61,1544679993,12361.34,51.48139546,7.39651818,184.66,16.61,-0.36,59.20,1,-88.00,-8.00,8.00,8.00,46.00,10.00,13884163,392
558.60,1544679994,12377.72,51.48147234,7.39672114,184.43,16.17,-0.45,58.86,1,-88.00,-8.00,8.00,8.00,46.00,10.00,13884163,392
559.60,1544679995,12393.93,51.48154890,7.39692349,184.13,15.73,-0.44,58.34,1,-88.00,-8.00,8.00,8.00,46.00,10.00,13884163,392
560.60,1544679996,12409.71,51.48162673,7.39711517,184.06,15.41,-0.32,57.69,1,-92.00,-11.00,6.00,7.00,44.00,10.00,13884163,392
561.60,1544679997,12425.12,51.48169709,7.39729230,184.30,15.07,-0.34,56.83,1,-92.00,-11.00,6.00,7.00,44.00,10.00,13884163,392
562.60,1544679998,12440.20,51.48177676,7.39747910,184.56,14.68,-0.40,55.82,1,-91.00,-12.00,3.00,11.00,47.00,10.00,13884163,392
563.60,1544679999,12454.81,51.48185474,7.39765737,184.60,14.21,-0.46,54.89,1,-91.00,-12.00,3.00,11.00,47.00,10.00,13884163,392
564.60,1544680000,12469.03,51.48192980,7.39781694,184.62,13.40,-0.81,54.14,1,-88.00,-12.00,4.00,8.00,49.00,10.00,13884163,392
565.60,1544680001,12482.44,51.48200555,7.39796951,184.53,12.24,-1.16,52.94,1,-88.00,-12.00,4.00,8.00,49.00,10.00,13884163,392
566.60,1544680002,12494.69,51.48207045,7.39809336,184.38,10.74,-1.50,51.66,1,-91.00,-10.00,7.00,6.00,45.00,10.00,13884163,392
567.61,1544680003,12505.48,51.48213335,7.39820699,184.17,9.40,-1.33,50.31,1,-91.00,-10.00,7.00,6.00,45.00,10.00,13884163,392
568.60,1544680004,12514.84,51.48218939,7.39830318,184.26,8.24,-1.17,48.92,1,-85.00,-9.00,10.00,11.00,49.00,10.00,13884163,392
569.60,1544680005,12523.05,51.48223539,7.39837271,184.42,6.75,-1.49,47.48,1,-85.00,-9.00,10.00,11.00,49.00,10.00,13884163,392
570.60,1544680006,12529.81,51.48227583,7.39843401,184.65,4.98,-1.77,46.72,1,-83.00,-9.00,11.00,12.00,52.00,10.00,13884163,392
571.60,1544680007,12534.79,51.48230853,7.39847321,184.67,3.69,-1.28,44.68,1,-83.00,-9.00,11.00,12.00,52.00,10.00,13884163,392
572.60,1544680008,12538.48,51.48232964,7.39849910,184.67,2.24,-1.45,44.19,1,-86.00,-8.00,12.00,7.00,49.00,10.00,13884163,392
573.60,1544680009,12540.73,51.48234108,7.39851051,184.68,1.18,-1.06,43.71,1,-86.00,-8.00,12.00,7.00,49.00,10.00,13884163,392
574.60,1544680010,12541.91,51.48234108,7.39851051,184.68,0.00,-1.18,43.71,1,-88.00,-10.00,10.00,6.00,48.00,10.00,13884163,392
575.60,1544680011,12541.91,51.48234108,7.39851051,184.69,0.00,0.00,43.71,1,-88.00,-10.00,10.00,6.00,48.00,10.00,13884163,392
576.60,1544680012,12541.91,51.48234108,7.39851051,184.70,0.00,0.00,43.71,1,-88.00,-8.00,8.00,7.00,45.00,10.00,13884163,392
577.61,1544680013,12541.91,51.48234108,7.39851051,184.72,0.00,0.00,43.71,1,-88.00,-8.00,8.00,7.00,45.00,10.00,13884163,392
578.60,1544680014,12541.91,51.48234108,7.39851051,184.74,0.00,0.00,43.71,1,-88.00,-8.00,10.00,9.00,45.00,10.00,13884163,392
579.60,1544680015,12541.91,51.48234108,7.39851051,184.76,0.00,0.00,43.71,1,-88.00,-8.00,10.00,9.00,45.00,10.00,13884163,392
580.62,1544680016,12541.91,51.48234108,7.39851051,184.78,0.00,0.00,43.71,1,-89.00,-10.00,7.00,7.00,47.00,10.00,13884163,392
581.60,1544680017,12541.91,51.48234108,7.39851051,184.80,0.00,0.00,43.71,1,-89.00,-10.00,7.00,7.00,47.00,10.00,13884163,392
582.60,1544680018,12541.91,51.48234108,7.39851051,184.81,0.00,0.00,43.71,1,-89.00,-10.00,7.00,7.00,47.00,10.00,13884163,392
583.60,1544680019,12541.91,51.48234108,7.39851051,184.83,0.00,0.00,43.71,1,-89.00,-12.00,7.00,8.00,48.00,10.00,13884163,392
584.60,1544680020,12541.91,51.48234108,7.39851051,184.85,0.00,0.00,43.71,1,-89.00,-12.00,7.00,8.00,48.00,10.00,13884163,392
585.60,1544680021,12541.91,51.48234108,7.39851051,184.87,0.00,0.00,43.71,1,-89.00,-9.00,12.00,8.00,45.00,10.00,13884163,392
586.60,1544680022,12541.91,51.48234108,7.39851051,184.88,0.00,0.00,43.71,1,-89.00,-9.00,12.00,8.00,45.00,10.00,13884163,392
587.61,1544680023,12541.91,51.48234108,7.39851051,184.90,0.00,0.00,43.71,1,-89.00,-8.00,11.00,7.00,45.00,10.00,13884163,392
588.60,1544680024,12541.91,51.48234108,7.39851051,184.92,0.00,0.00,43.71,1,-89.00,-8.00,11.00,7.00,45.00,10.00,13884163,392
589.61,1544680025,12541.91,51.48234108,7.39851051,184.93,0.00,0.00,43.71,1,-89.00,-8.00,21.00,8.00,45.00,10.00,13884163,392
590.60,1544680026,12541.91,51.48234108,7.39851051,184.94,0.00,0.00,43.71,1,-89.00,-8.00,21.00,8.00,45.00,10.00,13884163,392
591.60,1544680027,12541.91,51.48234108,7.39851051,184.96,0.00,0.00,43.71,1,-89.00,-8.00,8.00,8.00,45.00,10.00,13884163,392
592.60,1544680028,12541.91,51.48234108,7.39851051,184.97,0.00,0.00,43.71,1,-89.00,-8.00,8.00,8.00,45.00,10.00,13884163,392
593.60,1544680029,12541.91,51.48234108,7.39851051,184.98,0.00,0.00,43.71,1,-89.00,-8.00,10.00,8.00,45.00,10.00,13884163,392
594.60,1544680030,12541.91,51.48234108,7.39851051,184.99,0.00,0.00,43.71,1,-89.00,-8.00,10.00,8.00,45.00,10.00,13884163,392
595.60,1544680031,12541.91,51.48234108,7.39851051,185.01,0.00,0.00,43.71,1,-89.00,-8.00,7.00,8.00,45.00,10.00,13884163,392
596.60,1544680032,12541.91,51.48234108,7.39851051,185.02,0.00,0.00,43.71,1,-89.00,-8.00,7.00,8.00,45.00,10.00,13884163,392
597.61,1544680033,12541.91,51.48234108,7.39851051,185.03,0.00,0.00,43.71,1,-89.00,-8.00,3.00,10.00,45.00,10.00,13884163,392
598.60,1544680034,12541.91,51.48234108,7.39851051,185.04,0.00,0.00,43.71,1,-89.00,-8.00,3.00,10.00,45.00,10.00,13884163,392
599.60,1544680035,12541.91,51.48234108,7.39851051,185.06,0.00,0.00,43.71,1,-88.00,-9.00,7.00,7.00,46.00,10.00,13884163,392
600.60,1544680036,12541.91,51.48234108,7.39851051,185.07,0.00,0.00,43.71,1,-88.00,-9.00,7.00,7.00,46.00,10.00,13884163,392
601.60,1544680037,12541.91,51.48234108,7.39851051,185.08,0.00,0.00,43.71,1,-88.00,-12.00,7.00,7.00,49.00,10.00,13884163,392
602.60,1544680038,12541.91,51.48234108,7.39851051,185.10,0.00,0.00,43.71,1,-88.00,-12.00,7.00,7.00,49.00,10.00,13884163,392
603.60,1544680039,12541.91,51.48234108,7.39851051,185.11,0.00,0.00,43.71,1,-88.00,-12.00,7.00,7.00,49.00,10.00,13884163,392
604.60,1544680040,12541.91,51.48234108,7.39851051,185.12,0.00,0.00,43.71,1,-88.00,-7.00,2.00,7.00,45.00,10.00,13884163,392
605.60,1544680041,12541.91,51.48234108,7.39851051,185.26,0.00,0.00,43.51,1,-88.00,-7.00,2.00,7.00,45.00,10.00,13884163,392
606.60,1544680042,12541.91,51.48238588,7.39857700,186.40,0.00,0.00,42.21,1,-90.00,-11.00,0.00,6.00,48.00,10.00,13884163,392
607.61,1544680043,12541.91,51.48241867,7.39862635,186.71,6.00,0.00,41.36,1,-90.00,-11.00,0.00,6.00,48.00,10.00,13884163,392
608.60,1544680044,12547.87,51.48246310,7.39868808,186.64,7.24,1.25,40.57,1,-89.00,-10.00,3.00,6.00,46.00,10.00,13884163,392
609.61,1544680045,12555.15,51.48251724,7.39876195,186.20,8.34,1.10,39.92,1,-89.00,-10.00,3.00,6.00,46.00,10.00,13884163,392
610.60,1544680046,12563.46,51.48258131,7.39884293,185.45,9.78,1.44,38.86,1,-93.00,-12.00,-1.00,5.00,45.00,7.00,13884162,392
611.60,1544680047,12573.24,51.48265023,7.39893119,184.80,10.25,0.47,37.92,1,-93.00,-12.00,-1.00,5.00,45.00,7.00,13884162,392
612.60,1544680048,12583.50,51.48272189,7.39901390,184.38,10.20,-0.05,36.61,1,-80.00,-7.00,7.00,10.00,54.00,7.00,13884162,52
613.60,1544680049,12593.69,51.48280305,7.39910037,184.08,10.15,-0.05,35.67,1,-80.00,-7.00,7.00,10.00,54.00,7.00,13884162,52
614.60,1544680050,12603.84,51.48288204,7.39917799,183.98,11.36,1.21,35.10,1,-85.00,-8.00,9.00,12.00,50.00,7.00,13884162,52
615.60,1544680051,12615.20,51.48297572,7.39927471,184.07,12.66,1.30,34.91,1,-85.00,-8.00,9.00,12.00,50.00,7.00,13884162,52
616.60,1544680052,12627.84,51.48306920,7.39937260,184.11,13.99,1.34,34.54,1,-78.00,-8.00,1.00,5.00,56.00,7.00,13884162,52
617.61,1544680053,12641.91,51.48317602,7.39948356,184.05,14.55,0.55,34.14,1,-78.00,-8.00,1.00,5.00,56.00,7.00,13884162,52
618.60,1544680054,12656.32,51.48328723,7.39959319,184.28,14.41,-0.14,33.50,1,-77.00,-5.00,5.00,12.00,54.00,7.00,13884162,52
619.60,1544680055,12670.75,51.48339811,7.39970751,184.64,14.45,0.05,34.29,1,-77.00,-5.00,5.00,12.00,54.00,7.00,13884162,52
620.60,1544680056,12685.20,51.48350372,7.39982420,185.04,14.27,-0.18,34.81,1,-85.00,-7.00,10.00,10.00,48.00,7.00,13884162,52
621.60,1544680057,12699.50,51.48361151,7.39994064,185.43,14.24,-0.03,35.59,1,-85.00,-7.00,10.00,10.00,48.00,7.00,13884162,52
622.60,1544680058,12713.80,51.48371736,7.40006587,185.98,14.75,0.51,36.25,1,-84.00,-10.00,11.00,10.00,52.00,7.00,13884162,52
623.60,1544680059,12728.51,51.48382836,7.40019585,186.27,15.18,0.43,36.53,1,-84.00,-10.00,11.00,10.00,52.00,7.00,13884162,52
624.60,1544680060,12743.69,51.48394128,7.40032795,186.11,15.43,0.25,36.91,1,-84.00,-10.00,11.00,10.00,52.00,7.00,13884162,52
625.60,1544680061,12759.08,51.48405282,7.40046294,185.86,15.43,0.01,37.41,1,-81.00,-6.00,16.00,10.00,50.00,7.00,13884162,52
626.60,1544680062,12774.53,51.48416775,7.40060060,185.59,15.21,-0.22,38.09,1,-81.00,-6.00,16.00,10.00,50.00,7.00,13884162,52
627.61,1544680063,12789.81,51.48427549,7.40073792,185.08,14.92,-0.28,39.05,1,-87.00,-7.00,20.00,8.00,46.00,7.00,13884162,52
628.60,1544680064,12804.69,51.48438393,7.40087607,184.42,14.94,0.02,39.93,1,-87.00,-7.00,20.00,8.00,46.00,7.00,13884162,52
629.60,1544680065,12819.57,51.48448232,7.40101264,184.26,14.65,-0.29,40.91,1,-82.00,-6.00,12.00,9.00,49.00,7.00,13884162,52
630.60,1544680066,12834.24,51.48458400,7.40115591,184.35,14.51,-0.14,41.73,1,-82.00,-6.00,12.00,9.00,49.00,7.00,13884162,52
631.60,1544680067,12848.74,51.48467829,7.40129782,184.27,14.28,-0.23,42.15,1,-84.00,-8.00,10.00,8.00,50.00,7.00,13884162,52
632.60,1544680068,12863.07,51.48477219,7.40143909,183.84,14.23,-0.05,42.82,1,-84.00,-8.00,10.00,8.00,50.00,7.00,13884162,52
633.60,1544680069,12877.29,51.48486351,7.40158110,183.53,14.22,-0.01,41.94,1,-83.00,-5.00,11.00,9.00,49.00,7.00,13884162,52
634.60,1544680070,12891.51,51.48496847,7.40173437,183.11,14.10,-0.13,42.07,1,-83.00,-5.00,11.00,9.00,49.00,7.00,13884162,52
635.60,1544680071,12905.60,51.48505545,7.40186381,182.95,14.20,0.10,42.51,1,-84.00,-5.00,24.00,9.00,47.00,7.00,13884162,52
636.60,1544680072,12919.82,51.48514793,7.40200322,182.56,13.98,-0.22,43.46,1,-84.00,-5.00,24.00,9.00,47.00,7.00,13884162,52
637.60,1544680073,12933.84,51.48523576,7.40214181,182.13,13.33,-0.65,44.64,1,-80.00,-5.00,19.00,11.00,50.00,7.00,13884162,52
638.60,1544680074,12947.12,51.48531377,7.40227374,181.73,12.42,-0.91,45.91,1,-80.00,-5.00,19.00,11.00,50.00,7.00,13884162,52
639.60,1544680075,12959.51,51.48538137,7.40239655,181.50,11.15,-1.28,47.46,1,-81.00,-6.00,15.00,15.00,51.00,7.00,13884162,52
640.60,1544680076,12970.65,51.48544222,7.40250709,181.35,9.92,-1.23,48.27,1,-81.00,-6.00,15.00,15.00,51.00,7.00,13884162,52
641.60,1544680077,12980.58,51.48549454,7.40260948,181.28,9.60,-0.32,49.02,1,-83.00,-8.00,14.00,12.00,51.00,7.00,13884162,52
642.60,1544680078,12990.19,51.48554346,7.40270501,181.08,8.28,-1.32,47.84,1,-83.00,-8.00,14.00,12.00,51.00,7.00,13884162,52
643.61,1544680079,12998.54,51.48561720,7.40277232,180.79,8.23,-0.05,26.94,1,-74.00,-5.00,24.00,1.00,55.00,7.00,13884162,52
644.60,1544680080,13006.70,51.48569501,7.40276110,180.78,8.65,0.42,349.61,1,-74.00,-5.00,24.00,1.00,55.00,7.00,13884162,52
645.60,1544680081,13015.36,51.48575253,7.40272335,181.15,8.43,-0.22,334.10,1,-74.00,-5.00,24.00,1.00,55.00,7.00,13884162,52
646.60,1544680082,13023.79,51.48580491,7.40267125,181.42,8.84,0.41,330.39,1,-84.00,-6.00,14.00,11.00,47.00,7.00,13884162,52
647.60,1544680083,13032.67,51.48586043,7.40261023,181.53,8.52,-0.32,326.28,1,-84.00,-6.00,14.00,11.00,47.00,7.00,13884162,52
648.60,1544680084,13041.17,51.48593020,7.40253316,181.45,10.05,1.53,325.14,1,-83.00,-6.00,11.00,12.00,48.00,7.00,13884162,52
649.60,1544680085,13051.19,51.48601034,7.40244533,181.44,11.32,1.27,325.03,1,-83.00,-6.00,11.00,12.00,48.00,7.00,13884162,52
650.60,1544680086,13062.51,51.48609986,7.40234923,181.62,11.97,0.66,325.70,1,-86.00,-7.00,10.00,8.00,48.00,7.00,13884162,52
651.60,1544680087,13074.51,51.48619185,7.40225862,181.76,12.22,0.25,327.58,1,-86.00,-7.00,10.00,8.00,48.00,7.00,13884162,52
652.60,1544680088,13086.75,51.48630018,7.40216511,181.63,12.18,-0.04,329.83,1,-82.00,-5.00,10.00,10.00,49.00,7.00,13884162,52
653.60,1544680089,13098.93,51.48640556,7.40207904,181.66,11.56,-0.62,331.00,1,-82.00,-5.00,10.00,10.00,49.00,7.00,13884162,52
654.60,1544680090,13110.49,51.48651782,7.40199592,181.82,12.47,0.90,333.57,1,-87.00,-7.00,8.00,8.00,46.00,7.00,13884162,52
655.60,1544680091,13122.95,51.48661957,7.40192842,181.85,12.91,0.44,335.62,1,-87.00,-7.00,8.00,8.00,46.00,7.00,13884162,52
656.60,1544680092,13135.87,51.48672340,7.40186904,181.70,13.00,0.09,338.25,1,-91.00,-10.00,1.00,7.00,44.00,7.00,13884162,52
657.61,1544680093,13148.90,51.48683497,7.40181748,181.59,12.88,-0.12,340.95,1,-91.00,-10.00,1.00,7.00,44.00,7.00,13884162,52
658.60,1544680094,13161.76,51.48695275,7.40177278,181.61,12.95,0.06,343.75,1,-93.00,-11.00,0.00,4.00,44.00,7.00,13884162,52
659.60,1544680095,13174.71,51.48706136,7.40173958,181.63,12.76,-0.19,346.22,1,-93.00,-11.00,0.00,4.00,44.00,7.00,13884162,52
660.61,1544680096,13187.52,51.48718074,7.40171338,181.18,12.82,0.07,348.61,1,-95.00,-13.00,-3.00,5.00,45.00,7.00,13884162,52
661.61,1544680097,13200.33,51.48728916,7.40169785,180.50,12.89,0.07,351.27,1,-95.00,-13.00,-3.00,5.00,45.00,7.00,13884162,52
662.60,1544680098,13213.20,51.48740517,7.40169002,179.79,12.96,0.07,353.69,1,-95.00,-15.00,-3.00,6.00,45.00,7.00,13884162,52
663.60,1544680099,13226.14,51.48751913,7.40168601,179.28,12.97,0.00,355.51,1,-95.00,-15.00,-3.00,6.00,45.00,7.00,13884162,52
664.61,1544680100,13239.14,51.48763525,7.40168560,178.92,12.87,-0.09,356.85,1,-95.00,-13.00,-2.00,7.00,43.00,7.00,13884162,52
665.61,1544680101,13252.01,51.48775318,7.40169081,178.62,13.12,0.25,358.12,1,-95.00,-13.00,-2.00,7.00,43.00,7.00,13884162,52
666.61,1544680102,13265.25,51.48787252,7.40169694,178.29,13.30,0.18,358.99,1,-96.00,-9.00,0.00,5.00,39.00,7.00,13884162,52
667.61,1544680103,13278.44,51.48799144,7.40170712,177.95,13.26,-0.04,359.71,1,-96.00,-9.00,0.00,5.00,39.00,7.00,13884162,52
668.60,1544680104,13291.65,51.48811027,7.40171849,177.64,13.27,0.01,0.63,1,-96.00,-9.00,0.00,5.00,39.00,7.00,13884162,52
669.60,1544680105,13304.93,51.48823359,7.40172663,177.49,13.22,-0.05,0.16,1,-97.00,-11.00,0.00,5.00,39.00,7.00,13884162,52
670.60,1544680106,13318.16,51.48835174,7.40173576,177.32,13.05,-0.17,0.65,1,-97.00,-11.00,0.00,5.00,39.00,7.00,13884162,52
671.61,1544680107,13331.23,51.48846970,7.40174196,176.98,12.89,-0.16,0.45,1,-101.00,-14.00,-2.00,5.00,39.00,7.00,13884162,52
672.61,1544680108,13344.11,51.48858294,7.40174581,176.59,12.23,-0.66,0.07,1,-101.00,-14.00,-2.00,5.00,39.00,7.00,13884162,52
673.60,1544680109,13356.33,51.48867947,7.40174797,176.28,10.68,-1.54,359.92,1,-102.00,-14.00,-3.00,5.00,37.00,7.00,13884162,52
674.60,1544680110,13367.01,51.48876794,7.40175123,176.00,9.40,-1.29,359.91,1,-102.00,-14.00,-3.00,5.00,37.00,7.00,13884162,52
675.60,1544680111,13376.41,51.48885412,7.40175294,175.68,9.11,-0.28,0.13,1,-105.00,-15.00,-4.00,4.00,36.00,7.00,13884162,52
676.60,1544680112,13385.52,51.48892287,7.40175489,175.34,7.15,-1.96,0.21,1,-105.00,-15.00,-4.00,4.00,36.00,7.00,13884162,52
677.61,1544680113,13392.71,51.48896762,7.40175518,175.11,4.89,-2.25,0.05,1,-106.00,-15.00,-5.00,4.00,35.00,7.00,13884162,52
678.60,1544680114,13397.58,51.48900605,7.40175537,175.04,4.25,-0.65,0.17,1,-106.00,-15.00,-5.00,4.00,35.00,7.00,13884162,52
679.61,1544680115,13401.83,51.48905189,7.40175510,175.22,4.56,0.31,0.73,1,-105.00,-13.00,-5.00,4.00,34.00,7.00,13884162,52
680.61,1544680116,13406.39,51.48910261,7.40175600,175.25,4.94,0.39,0.13,1,-105.00,-13.00,-5.00,4.00,34.00,7.00,13884162,52
681.60,1544680117,13411.32,51.48914631,7.40175587,174.93,5.54,0.60,0.50,1,-107.00,-17.00,-8.00,4.00,36.00,7.00,13884162,52
682.60,1544680118,13416.86,51.48919654,7.40175521,174.62,5.65,0.11,0.92,1,-107.00,-17.00,-8.00,4.00,36.00,7.00,13884162,52
683.61,1544680119,13422.52,51.48924536,7.40175441,174.35,5.89,0.24,1.11,1,-106.00,-18.00,-12.00,1.00,38.00,7.00,13884162,52
684.61,1544680120,13428.43,51.48930135,7.40175748,174.10,5.97,0.08,3.31,1,-106.00,-18.00,-12.00,1.00,38.00,7.00,13884162,52
685.60,1544680121,13434.35,51.48935023,7.40179209,174.03,5.76,-0.21,27.59,1,-82.00,-8.00,0.00,12.00,52.00,3.00,13828121,450
686.60,1544680122,13440.11,51.48937726,7.40186010,174.15,6.07,0.31,64.30,1,-82.00,-8.00,0.00,12.00,52.00,3.00,13828121,450
687.62,1544680123,13446.28,51.48939544,7.40195777,174.02,6.59,0.51,82.31,1,-86.00,-9.00,9.00,11.00,50.00,3.00,13828121,450
688.60,1544680124,13452.77,51.48940764,7.40205249,173.74,7.33,0.75,83.40,1,-86.00,-9.00,9.00,11.00,50.00,3.00,13828121,450
689.60,1544680125,13460.09,51.48941467,7.40215319,173.95,7.16,-0.17,86.26,1,-86.00,-9.00,9.00,11.00,50.00,3.00,13828121,450
690.60,1544680126,13467.26,51.48941912,7.40226978,174.30,7.71,0.55,87.31,1,-84.00,-8.00,12.00,12.00,49.00,3.00,13828121,450
691.60,1544680127,13474.96,51.48942451,7.40240289,174.74,9.24,1.53,88.25,1,-84.00,-8.00,12.00,12.00,49.00,3.00,13828121,450
692.60,1544680128,13484.21,51.48942773,7.40255271,175.48,10.50,1.26,88.79,1,-83.00,-8.00,14.00,12.00,51.00,3.00,13828121,450
693.60,1544680129,13494.72,51.48943047,7.40270729,175.96,11.35,0.85,89.71,1,-83.00,-8.00,14.00,12.00,51.00,3.00,13828121,450
694.60,1544680130,13506.08,51.48943035,7.40288578,176.81,12.03,0.68,90.11,1,-87.00,-10.00,13.00,9.00,49.00,3.00,13828121,450
695.60,1544680131,13518.12,51.48943091,7.40306726,177.76,12.60,0.56,90.79,1,-87.00,-10.00,13.00,9.00,49.00,3.00,13828121,450
696.60,1544680132,13530.70,51.48943010,7.40326326,179.00,13.28,0.69,91.04,1,-84.00,-7.00,16.00,11.00,48.00,3.00,13828121,450
697.60,1544680133,13544.03,51.48942863,7.40345174,179.92,13.68,0.39,90.65,1,-84.00,-7.00,16.00,11.00,48.00,3.00,13828121,450
698.60,1544680134,13557.71,51.48942402,7.40364565,180.10,13.80,0.12,90.69,1,-82.00,-7.00,24.00,11.00,50.00,3.00,13828121,450
699.60,1544680135,13571.44,51.48942023,7.40383597,179.94,13.81,0.01,90.87,1,-82.00,-7.00,24.00,11.00,50.00,3.00,13828121,450
700.60,1544680136,13585.24,51.48941321,7.40403778,179.50,13.97,0.16,91.44,1,-78.00,-7.00,20.00,15.00,55.00,3.00,13828121,450
701.60,1544680137,13599.25,51.48940872,7.40423216,179.21,13.91,-0.06,91.25,1,-78.00,-7.00,20.00,15.00,55.00,3.00,13828121,450
702.60,1544680138,13613.16,51.48940353,7.40443839,179.11,13.86,-0.05,90.80,1,-75.00,-6.00,20.00,12.00,57.00,3.00,13828121,450
703.60,1544680139,13627.03,51.48939999,7.40463628,178.89,13.88,0.02,90.82,1,-75.00,-6.00,20.00,12.00,57.00,3.00,13828121,450
704.60,1544680140,13640.89,51.48939765,7.40482580,178.51,13.65,-0.23,91.36,1,-67.00,-7.00,18.00,12.00,63.00,3.00,13828121,450
705.60,1544680141,13654.55,51.48939448,7.40502281,178.37,13.18,-0.47,90.85,1,-67.00,-7.00,18.00,12.00,63.00,3.00,13828121,450
706.60,1544680142,13667.72,51.48939651,7.40521324,178.50,12.92,-0.26,89.60,1,-73.00,-8.00,24.00,12.00,60.00,3.00,13828121,450
707.61,1544680143,13680.71,51.48940268,7.40538689,178.63,12.81,-0.11,87.82,1,-73.00,-8.00,24.00,12.00,60.00,3.00,13828121,450
708.61,1544680144,13693.54,51.48941478,7.40556906,178.85,12.83,0.02,86.09,1,-71.00,-8.00,22.00,12.00,63.00,3.00,13828121,450
709.60,1544680145,13706.29,51.48943087,7.40574600,178.94,13.07,0.24,84.33,1,-71.00,-8.00,22.00,12.00,63.00,3.00,13828121,450
710.60,1544680146,13719.36,51.48944701,7.40592698,179.41,13.16,0.09,82.94,1,-71.00,-8.00,22.00,12.00,63.00,3.00,13828121,450
711.61,1544680147,13732.59,51.48946984,7.40612929,180.42,13.34,0.18,81.02,1,-74.00,-8.00,15.00,11.00,59.00,3.00,13828121,450
712.60,1544680148,13745.90,51.48949132,7.40631879,181.19,13.26,-0.08,80.10,1,-74.00,-8.00,15.00,11.00,59.00,3.00,13828121,450
713.60,1544680149,13759.11,51.48951806,7.40651212,181.92,13.45,0.18,78.73,1,-76.00,-11.00,13.00,8.00,61.00,3.00,13828121,450
714.60,1544680150,13772.60,51.48954514,7.40670520,182.39,13.39,-0.06,77.75,1,-76.00,-11.00,13.00,8.00,61.00,3.00,13828121,450
715.60,1544680151,13785.99,51.48956974,7.40689276,182.58,13.32,-0.07,78.33,1,-75.00,-7.00,14.00,9.00,55.00,3.00,13828121,450
716.60,1544680152,13799.29,51.48959670,7.40709006,183.05,13.19,-0.13,77.82,1,-75.00,-7.00,14.00,9.00,55.00,3.00,13828121,450
717.61,1544680153,13812.53,51.48962478,7.40727152,183.45,13.04,-0.15,77.33,1,-73.00,-6.00,28.00,10.00,58.00,3.00,13828121,450
718.60,1544680154,13825.52,51.48965044,7.40744444,183.51,12.58,-0.46,78.06,1,-73.00,-6.00,28.00,10.00,58.00,3.00,13828121,450
719.60,1544680155,13838.06,51.48968362,7.40763639,183.47,12.93,0.36,78.04,1,-79.00,-7.00,29.00,12.00,53.00,3.00,13828121,450
720.60,1544680156,13851.00,51.48971115,7.40782638,183.62,12.99,0.05,78.45,1,-79.00,-7.00,29.00,12.00,53.00,3.00,13828121,450
721.60,1544680157,13863.98,51.48973626,7.40800977,183.76,12.95,-0.04,79.00,1,-76.00,-7.00,16.00,9.00,57.00,3.00,13828121,450
722.60,1544680158,13876.98,51.48975998,7.40820286,184.36,13.10,0.15,78.47,1,-76.00,-7.00,16.00,9.00,57.00,3.00,13828121,450
723.60,1544680159,13890.07,51.48978116,7.40838316,184.62,12.76,-0.34,77.68,1,-82.00,-9.00,13.00,9.00,52.00,3.00,13828121,450
724.60,1544680160,13902.81,51.48980150,7.40856509,184.98,12.37,-0.40,77.80,1,-82.00,-9.00,13.00,9.00,52.00,3.00,13828121,450
725.60,1544680161,13915.18,51.48982155,7.40874039,184.95,12.41,0.04,78.36,1,-82.00,-13.00,10.00,7.00,51.00,3.00,13828121,450
726.60,1544680162,13927.62,51.48984098,7.40892278,184.75,12.93,0.52,78.08,1,-82.00,-13.00,10.00,7.00,51.00,3.00,13828121,450
727.61,1544680163,13940.58,51.48985728,7.40908911,184.11,13.04,0.11,77.69,1,-89.00,-11.00,22.00,9.00,47.00,3.00,13828121,450
728.60,1544680164,13953.57,51.48987992,7.40926840,183.31,13.09,0.05,78.58,1,-89.00,-11.00,22.00,9.00,47.00,3.00,13828121,450
729.60,1544680165,13966.68,51.48990436,7.40945131,182.38,13.05,-0.04,78.19,1,-90.00,-10.00,13.00,9.00,45.00,3.00,13828121,450
730.60,1544680166,13979.68,51.48992946,7.40964374,181.89,12.96,-0.09,78.13,1,-90.00,-10.00,13.00,9.00,45.00,3.00,13828121,450
731.60,1544680167,13992.67,51.48995423,7.40983377,181.27,12.80,-0.16,78.87,1,-90.00,-10.00,13.00,9.00,45.00,3.00,13828121,450
732.60,1544680168,14005.46,51.48997871,7.41001549,180.25,12.97,0.18,78.41,1,-93.00,-10.00,7.00,11.00,43.00,3.00,13828121,450
733.60,1544680169,14018.44,51.49000323,7.41020582,179.20,13.17,0.19,78.26,1,-93.00,-10.00,7.00,11.00,43.00,3.00,13828121,450
734.60,1544680170,14031.59,51.49002509,7.41039016,178.16,13.22,0.05,78.91,1,-90.00,-10.00,13.00,8.00,45.00,3.00,13828121,450
735.60,1544680171,14044.83,51.49004344,7.41056525,177.08,12.90,-0.32,79.00,1,-90.00,-10.00,13.00,8.00,45.00,3.00,13828121,450
736.60,1544680172,14057.73,51.49006353,7.41074174,176.07,12.48,-0.43,79.15,1,-95.00,-10.00,9.00,8.00,39.00,3.00,13828121,450
737.61,1544680173,14070.27,51.49009173,7.41092868,175.04,12.82,0.34,78.28,1,-95.00,-10.00,9.00,8.00,39.00,3.00,13828121,450
