0.02,1544765072,0.00,51.45011025,7.48820627,252.75,7.64,0.00,167.20,1,-93.00,-7.00,13.00,15.00,31.00,6.00,13415170,315
1.02,1544765073,7.64,51.45004647,7.48823340,253.11,8.47,0.83,168.07,1,-93.00,-7.00,13.00,15.00,31.00,6.00,13415170,315
2.03,1544765074,16.19,51.44996123,7.48826221,253.46,8.93,0.45,168.42,1,-97.00,-7.00,11.00,9.00,28.00,6.00,13415170,315
3.02,1544765075,25.05,51.44987029,7.48829269,253.59,9.57,0.65,169.19,1,-97.00,-7.00,11.00,9.00,28.00,6.00,13415170,315
4.02,1544765076,34.62,51.44978785,7.48831921,253.77,10.44,0.87,169.75,1,-97.00,-7.00,11.00,9.00,28.00,6.00,13415170,315
5.02,1544765077,45.07,51.44969992,7.48834761,253.95,11.46,1.02,170.69,1,-97.00,-8.00,14.00,13.00,30.00,6.00,13415170,315
6.02,1544765078,56.52,51.44960344,7.48836964,254.23,11.91,0.45,172.48,1,-97.00,-8.00,14.00,13.00,30.00,6.00,13415170,315
7.02,1544765079,68.43,51.44949418,7.48838685,254.47,12.55,0.64,174.47,1,-98.00,-8.00,12.00,7.00,27.00,6.00,13415170,315
8.02,1544765080,80.97,51.44939037,7.48839057,253.68,13.12,0.56,176.69,1,-98.00,-8.00,12.00,7.00,27.00,6.00,13415170,315
9.02,1544765081,94.09,51.44927271,7.48838688,253.08,13.73,0.61,178.56,1,-99.00,-7.00,10.00,12.00,26.00,6.00,13415170,315
10.03,1544765082,107.96,51.44913431,7.48837982,252.51,13.52,-0.21,180.29,1,-99.00,-7.00,10.00,12.00,26.00,6.00,13415170,315
11.42,1544765083,126.78,51.44887726,7.48834211,251.89,13.37,-0.11,184.62,1,-100.00,-9.00,23.00,7.00,28.00,6.00,13415170,315
12.42,1544765084,140.15,51.44875394,7.48830894,251.71,13.49,0.12,187.30,1,-100.00,-9.00,23.00,7.00,28.00,6.00,13415170,315
13.41,1544765085,153.61,51.44862956,7.48826717,251.12,13.69,0.20,189.70,1,-101.00,-12.00,6.00,11.00,29.00,6.00,13415170,315
14.42,1544765086,167.31,51.44851228,7.48822209,250.67,13.74,0.05,191.51,1,-101.00,-12.00,6.00,11.00,29.00,6.00,13415170,315
15.42,1544765087,181.06,51.44839297,7.48817433,250.41,14.19,0.45,192.23,1,-105.00,-13.00,3.00,8.00,26.00,6.00,13415170,315
16.42,1544765088,195.26,51.44827024,7.48812219,249.92,14.26,0.08,193.01,1,-105.00,-13.00,3.00,8.00,26.00,6.00,13415170,315
17.42,1544765089,209.52,51.44805770,7.48855370,249.40,14.65,0.39,193.11,1,-108.00,-14.00,-1.00,5.00,23.00,6.00,13415170,315
18.42,1544765090,224.18,51.44802380,7.48801799,248.89,14.51,-0.14,193.75,1,-108.00,-14.00,-1.00,5.00,23.00,6.00,13415170,315
19.42,1544765091,238.69,51.44788990,7.48796267,248.73,14.60,0.09,192.91,1,-111.00,-14.00,-2.00,4.00,20.00,6.00,13415170,315
20.42,1544765092,253.27,51.44775706,7.48791836,248.96,14.07,-0.52,191.42,1,-111.00,-14.00,-2.00,4.00,20.00,6.00,13415170,315
21.42,1544765093,267.35,51.44763032,7.48789021,249.57,13.78,-0.29,189.35,1,-112.00,-14.00,-3.00,4.00,21.00,6.00,13415170,315
22.42,1544765094,281.14,51.44750186,7.48786252,250.44,13.48,-0.31,187.80,1,-112.00,-14.00,-3.00,4.00,21.00,6.00,13415170,315
23.42,1544765095,294.65,51.44737514,7.48784548,251.63,13.98,0.50,185.08,1,-112.00,-13.00,-4.00,5.00,18.00,6.00,13415170,315
24.42,1544765096,308.61,51.44724677,7.48784399,253.07,14.17,0.19,182.72,1,-112.00,-13.00,-4.00,5.00,18.00,6.00,13415170,315
25.42,1544765097,322.82,51.44712551,7.48785493,254.86,14.04,-0.13,179.78,1,-112.00,-14.00,-7.00,4.00,21.00,6.00,13415170,315
26.42,1544765098,336.88,51.44699631,7.48787778,256.52,14.16,0.12,176.89,1,-112.00,-14.00,-7.00,4.00,21.00,6.00,13415170,315
27.43,1544765099,351.14,51.44689400,7.48793455,258.09,14.04,-0.12,173.15,1,-111.00,-13.00,-6.00,3.00,19.00,6.00,13415170,315
28.42,1544765100,365.07,51.44676956,7.48798714,259.30,14.00,-0.04,170.02,1,-111.00,-13.00,-6.00,3.00,19.00,6.00,13415170,315
29.42,1544765101,379.07,51.44665203,7.48805951,260.42,14.22,0.22,166.74,1,-111.00,-13.00,-6.00,3.00,19.00,6.00,13415170,315
30.42,1544765102,393.25,51.44651630,7.48813882,261.47,14.30,0.08,163.59,1,-110.00,-13.00,-5.00,4.00,21.00,6.00,13415170,315
31.42,1544765103,407.54,51.44640591,7.48823003,262.68,14.55,0.25,160.12,1,-110.00,-13.00,-5.00,4.00,21.00,6.00,13415170,315
32.42,1544765104,422.08,51.44628518,7.48833874,263.81,14.48,-0.08,156.33,1,-107.00,-11.00,0.00,7.00,23.00,6.00,13415170,315
33.42,1544765105,436.56,51.44616861,7.48845146,264.72,14.83,0.35,152.66,1,-107.00,-11.00,0.00,7.00,23.00,6.00,13415170,315
34.42,1544765106,451.48,51.44605263,7.48858138,265.46,14.92,0.09,149.24,1,-102.00,-12.00,4.00,10.00,28.00,6.00,13415170,315
35.42,1544765107,466.29,51.44594087,7.48872247,266.47,14.99,0.07,145.78,1,-102.00,-12.00,4.00,10.00,28.00,6.00,13415170,315
36.41,1544765108,481.24,51.44583662,7.48887596,267.50,15.08,0.10,142.13,1,-104.00,-15.00,3.00,9.00,29.00,6.00,13415170,315
37.42,1544765109,496.38,51.44573976,7.48903842,268.43,15.16,0.08,138.54,1,-104.00,-15.00,3.00,9.00,29.00,6.00,13415170,315
38.42,1544765110,511.53,51.44564810,7.48921010,269.27,15.38,0.22,135.52,1,-105.00,-14.00,3.00,7.00,28.00,6.00,13415170,315
39.42,1544765111,526.91,51.44555127,7.48940164,270.18,15.49,0.11,132.96,1,-105.00,-14.00,3.00,7.00,28.00,6.00,13415170,315
40.42,1544765112,542.42,51.44546442,7.48958880,270.81,15.26,-0.23,131.20,1,-103.00,-13.00,4.00,6.00,27.00,6.00,13415170,315
41.42,1544765113,557.68,51.44537939,7.48977213,271.68,14.66,-0.61,130.04,1,-103.00,-13.00,4.00,6.00,27.00,6.00,13415170,315
42.42,1544765114,572.34,51.44531061,7.48993504,272.64,14.43,-0.23,129.12,1,-105.00,-13.00,3.00,6.00,27.00,6.00,13415170,315
43.41,1544765115,586.74,51.44524343,7.49010290,273.41,14.45,0.02,128.39,1,-105.00,-13.00,3.00,6.00,27.00,6.00,13415170,315
44.41,1544765116,601.18,51.44517270,7.49027409,274.07,14.33,-0.12,127.85,1,-108.00,-13.00,2.00,7.00,25.00,6.00,13415170,315
45.42,1544765117,615.54,51.44510302,7.49044536,274.92,13.74,-0.59,127.18,1,-108.00,-13.00,2.00,7.00,25.00,6.00,13415170,315
46.42,1544765118,629.28,51.44503386,7.49061064,275.52,13.33,-0.41,127.49,1,-109.00,-14.00,0.00,7.00,22.00,6.00,13415170,315
47.42,1544765119,642.63,51.44497242,7.49075821,275.64,12.78,-0.55,127.59,1,-109.00,-14.00,0.00,7.00,22.00,6.00,13415170,315
48.42,1544765120,655.52,51.44491206,7.49090203,275.54,11.60,-1.18,127.19,1,-113.00,-15.00,-2.00,6.00,20.00,6.00,13415170,315
49.42,1544765121,667.01,51.44485847,7.49102469,275.40,9.82,-1.79,127.63,1,-113.00,-15.00,-2.00,6.00,20.00,6.00,13415170,315
50.42,1544765122,676.84,51.44481559,7.49113338,275.61,9.03,-0.79,127.71,1,-113.00,-15.00,-2.00,6.00,20.00,6.00,13415170,315
51.42,1544765123,685.86,51.44477144,7.49124052,275.87,7.67,-1.35,127.34,1,-114.00,-15.00,-3.00,6.00,18.00,6.00,13415170,315
52.42,1544765124,693.53,51.44473635,7.49132518,276.36,7.00,-0.67,127.11,1,-114.00,-15.00,-3.00,6.00,18.00,6.00,13415170,315
53.42,1544765125,700.53,51.44469933,7.49140841,276.67,5.58,-1.43,126.85,1,-116.00,-15.00,-3.00,4.00,16.00,6.00,13415170,315
54.42,1544765126,706.11,51.44467449,7.49146483,276.68,3.57,-2.01,127.65,1,-116.00,-15.00,-3.00,4.00,16.00,6.00,13415170,315
55.42,1544765127,709.69,51.44465940,7.49149885,276.70,2.13,-1.43,128.30,1,-118.00,-17.00,-8.00,3.00,16.00,23.00,13417219,315
56.42,1544765128,711.81,51.44465218,7.49151687,276.71,0.93,-1.20,128.30,1,-118.00,-17.00,-8.00,3.00,16.00,23.00,13417219,315
57.42,1544765129,712.74,51.44464970,7.49153840,276.72,0.00,-0.93,128.30,1,-110.00,-16.00,-6.00,5.00,21.00,23.00,13417219,440
58.41,1544765130,712.74,51.44465218,7.49151687,276.71,0.00,0.00,128.30,1,-110.00,-16.00,-6.00,5.00,21.00,23.00,13417219,440
59.42,1544765131,712.74,51.44465218,7.49151687,276.69,0.00,0.00,121.61,1,-111.00,-13.00,-2.00,6.00,19.00,23.00,13417219,440
60.41,1544765132,712.74,51.44465218,7.49151687,276.70,0.00,0.00,121.94,1,-111.00,-13.00,-2.00,6.00,19.00,23.00,13417219,440
61.42,1544765133,712.74,51.44462157,7.49159270,276.73,3.76,0.00,123.75,1,-113.00,-15.00,-1.00,6.00,21.00,23.00,13417219,440
62.42,1544765134,716.49,51.44460306,7.49163910,277.04,4.68,0.93,124.46,1,-113.00,-15.00,-1.00,6.00,21.00,23.00,13417219,440
63.42,1544765135,721.18,51.44457165,7.49168601,277.10,4.89,0.21,138.79,1,-111.00,-13.00,-1.00,7.00,20.00,23.00,13417219,440
64.42,1544765136,726.08,51.44451357,7.49170230,277.14,6.53,1.63,175.85,1,-111.00,-13.00,-1.00,7.00,20.00,23.00,13417219,440
65.42,1544765137,732.60,51.44443506,7.49168024,276.92,6.91,0.38,196.50,1,-108.00,-12.00,-1.00,6.00,22.00,23.00,13417219,440
66.42,1544765138,739.52,51.44437593,7.49163315,276.82,7.63,0.73,213.53,1,-108.00,-12.00,-1.00,6.00,22.00,23.00,13417219,440
67.42,1544765139,747.14,51.44432242,7.49158099,277.13,8.53,0.89,214.27,1,-106.00,-15.00,0.00,8.00,28.00,23.00,13417219,440
68.42,1544765140,755.67,51.44425265,7.49150559,277.50,9.21,0.68,214.72,1,-106.00,-15.00,0.00,8.00,28.00,23.00,13417219,440
69.43,1544765141,764.96,51.44417828,7.49142044,277.75,10.21,0.99,215.19,1,-109.00,-15.00,-1.00,5.00,25.00,23.00,13417219,440
70.42,1544765142,775.07,51.44410237,7.49133228,277.81,10.44,0.23,214.99,1,-109.00,-15.00,-1.00,5.00,25.00,23.00,13417219,440
71.42,1544765143,785.51,51.44403601,7.49125448,277.65,10.40,-0.04,214.75,1,-109.00,-15.00,-1.00,5.00,25.00,23.00,13417219,440
72.42,1544765144,795.92,51.44396053,7.49116817,277.37,10.63,0.23,214.48,1,-107.00,-14.00,0.00,5.00,26.00,23.00,13417219,440
73.45,1544765145,806.86,51.44388253,7.49107827,276.95,10.86,0.22,214.92,1,-107.00,-14.00,0.00,5.00,26.00,23.00,13417219,440
74.44,1544765146,817.67,51.44379816,7.49098125,276.82,11.52,0.67,215.70,1,-103.00,-14.00,1.00,8.00,30.00,23.00,13417219,440
75.42,1544765147,828.87,51.44371063,7.49087534,276.90,12.04,0.53,216.30,1,-103.00,-14.00,1.00,8.00,30.00,23.00,13417219,440
76.42,1544765148,840.92,51.44361859,7.49076601,277.13,12.79,0.75,216.34,1,-106.00,-15.00,1.00,6.00,26.00,23.00,13417219,440
77.53,1544765149,855.12,51.44352513,7.49065500,277.36,13.10,0.28,217.12,1,-106.00,-15.00,1.00,6.00,26.00,23.00,13417219,440
78.42,1544765150,866.79,51.44343265,7.49054312,277.53,13.04,-0.07,216.97,1,-107.00,-14.00,1.00,8.00,26.00,23.00,13417219,440
79.42,1544765151,879.82,51.44333508,7.49042791,277.69,13.08,0.04,216.87,1,-107.00,-14.00,1.00,8.00,26.00,23.00,13417219,440
80.43,1544765152,893.02,51.44323504,7.49031131,277.75,13.32,0.23,216.48,1,-110.00,-15.00,-1.00,4.00,24.00,23.00,13417219,440
81.42,1544765153,906.23,51.44313428,7.49019571,277.63,13.76,0.45,216.47,1,-110.00,-15.00,-1.00,4.00,24.00,23.00,13417219,440
82.41,1544765154,919.95,51.44304034,7.49008570,277.32,13.75,-0.01,216.47,1,-109.00,-15.00,-2.00,5.00,24.00,23.00,13417219,440
83.42,1544765155,933.72,51.44294847,7.48997797,276.90,13.58,-0.17,216.46,1,-109.00,-15.00,-2.00,5.00,24.00,23.00,13417219,440
84.42,1544765156,947.30,51.44285647,7.48987115,277.04,13.54,-0.04,217.16,1,-107.00,-14.00,-1.00,5.00,26.00,23.00,13417219,440
85.42,1544765157,960.83,51.44275444,7.48975430,277.19,13.50,-0.04,216.48,1,-107.00,-14.00,-1.00,5.00,26.00,23.00,13417219,440
86.42,1544765158,974.33,51.44265332,7.48963793,277.53,13.66,0.16,215.76,1,-106.00,-14.00,-1.00,8.00,26.00,23.00,13417219,440
87.42,1544765159,988.00,51.44255484,7.48952261,278.21,13.97,0.30,216.07,1,-106.00,-14.00,-1.00,8.00,26.00,23.00,13417219,440
88.41,1544765160,1001.92,51.44245041,7.48940182,278.60,13.98,0.02,215.24,1,-98.00,-13.00,1.00,4.00,34.00,23.00,13417219,440
89.42,1544765161,1015.94,51.44235083,7.48928902,278.57,13.91,-0.07,215.68,1,-98.00,-13.00,1.00,4.00,34.00,23.00,13417219,440
90.42,1544765162,1029.97,51.44225220,7.48917540,278.77,13.55,-0.36,216.30,1,-101.00,-12.00,4.00,6.00,31.00,23.00,13417219,440
91.42,1544765163,1043.41,51.44214976,7.48905322,279.10,13.74,0.18,216.97,1,-101.00,-12.00,4.00,6.00,31.00,23.00,13417219,440
92.42,1544765164,1057.15,51.44204402,7.48891487,279.78,13.96,0.23,218.13,1,-101.00,-12.00,4.00,6.00,31.00,23.00,13417219,440
93.42,1544765165,1071.11,51.44194840,7.48877997,280.87,13.97,0.01,220.12,1,-101.00,-14.00,4.00,7.00,32.00,23.00,13417219,440
94.42,1544765166,1085.08,51.44184572,7.48863122,281.46,13.84,-0.14,222.26,1,-101.00,-14.00,4.00,7.00,32.00,23.00,13417219,440
95.42,1544765167,1098.92,51.44175533,7.48848115,281.48,14.11,0.28,223.98,1,-100.00,-15.00,-1.00,5.00,34.00,23.00,13417219,440
96.42,1544765168,1113.05,51.44166430,7.48831961,281.49,14.51,0.40,225.78,1,-100.00,-15.00,-1.00,5.00,34.00,23.00,13417219,440
97.42,1544765169,1127.62,51.44157720,7.48815006,281.48,14.45,-0.06,227.15,1,-94.00,-13.00,-2.00,6.00,36.00,23.00,13417219,440
98.42,1544765170,1142.08,51.44149157,7.48796945,281.58,14.64,0.20,228.61,1,-94.00,-13.00,-2.00,6.00,36.00,23.00,13417219,440
99.42,1544765171,1156.65,51.44140685,7.48780092,281.49,14.69,0.04,229.60,1,-93.00,-12.00,-4.00,8.00,37.00,23.00,13417219,440
100.42,1544765172,1171.32,51.44134381,7.48764790,281.52,15.09,0.41,230.59,1,-93.00,-12.00,-4.00,8.00,37.00,23.00,13417219,440
101.41,1544765173,1186.40,51.44125980,7.48746400,281.89,15.07,-0.02,231.15,1,-95.00,-12.00,2.00,11.00,38.00,23.00,13417219,440
102.41,1544765174,1201.46,51.44118568,7.48729223,282.55,14.77,-0.30,231.76,1,-95.00,-12.00,2.00,11.00,38.00,23.00,13417219,440
103.42,1544765175,1216.27,51.44110524,7.48711907,283.42,14.68,-0.09,232.49,1,-93.00,-12.00,8.00,12.00,39.00,23.00,13417219,440
104.41,1544765176,1230.91,51.44101980,7.48694123,283.85,14.76,0.08,232.55,1,-93.00,-12.00,8.00,12.00,39.00,23.00,13417219,440
105.41,1544765177,1245.68,51.44092760,7.48674998,283.86,14.51,-0.26,232.63,1,-95.00,-13.00,9.00,13.00,38.00,23.00,13417219,440
106.41,1544765178,1260.17,51.44083984,7.48657021,283.82,14.31,-0.19,232.43,1,-95.00,-13.00,9.00,13.00,38.00,23.00,13417219,440
107.42,1544765179,1274.52,51.44077326,7.48641900,284.28,13.61,-0.70,233.21,1,-93.00,-12.00,10.00,12.00,39.00,23.00,13417219,440
108.42,1544765180,1288.14,51.44069883,7.48625527,283.98,13.77,0.16,233.33,1,-93.00,-12.00,10.00,12.00,39.00,23.00,13417219,440
109.42,1544765181,1301.90,51.44062412,7.48609382,284.18,13.69,-0.08,233.30,1,-94.00,-13.00,6.00,12.00,39.00,23.00,13417219,440
110.41,1544765182,1315.55,51.44054940,7.48593222,284.78,14.54,0.85,232.44,1,-94.00,-13.00,6.00,12.00,39.00,23.00,13417219,440
111.42,1544765183,1330.19,51.44047792,7.48576845,285.40,14.54,0.00,232.72,1,-93.00,-14.00,4.00,10.00,39.00,23.00,13417219,440
112.41,1544765184,1344.64,51.44040233,7.48559797,286.04,14.56,0.02,232.82,1,-93.00,-14.00,4.00,10.00,39.00,23.00,13417219,440
113.42,1544765185,1359.24,51.44031369,7.48540924,286.69,14.46,-0.09,232.41,1,-93.00,-14.00,4.00,10.00,39.00,23.00,13417219,440
114.42,1544765186,1373.71,51.44023595,7.48524107,287.16,15.02,0.56,232.25,1,-96.00,-10.00,5.00,11.00,33.00,23.00,13417219,440
115.42,1544765187,1388.73,51.44015742,7.48507259,287.67,15.05,0.03,233.18,1,-96.00,-10.00,5.00,11.00,33.00,23.00,13417219,440
116.42,1544765188,1403.76,51.44007609,7.48489477,288.12,14.82,-0.23,232.54,1,-87.00,-9.00,8.00,15.00,41.00,23.00,13417219,440
117.42,1544765189,1418.59,51.44061650,7.48538340,288.05,14.43,-0.39,232.78,1,-87.00,-9.00,8.00,15.00,41.00,23.00,13417219,440
118.42,1544765190,1433.04,51.43992822,7.48456860,288.22,13.90,-0.53,232.52,1,-93.00,-10.00,8.00,5.00,35.00,23.00,13417219,440
119.42,1544765191,1446.92,51.43984983,7.48440758,287.82,14.36,0.46,231.63,1,-93.00,-10.00,8.00,5.00,35.00,23.00,13417219,440
120.42,1544765192,1461.31,51.43976735,7.48424388,287.47,14.61,0.25,231.43,1,-95.00,-10.00,7.00,11.00,33.00,23.00,13417219,440
121.42,1544765193,1475.90,51.43968752,7.48408780,287.32,14.35,-0.26,232.37,1,-95.00,-10.00,7.00,11.00,33.00,23.00,13417219,440
122.42,1544765194,1490.25,51.43960347,7.48390617,287.79,14.53,0.18,233.81,1,-99.00,-11.00,4.00,8.00,30.00,23.00,13417219,440
123.42,1544765195,1504.77,51.43951908,7.48372513,288.12,14.71,0.18,234.57,1,-99.00,-11.00,4.00,8.00,30.00,23.00,13417219,440
124.42,1544765196,1519.51,51.43943883,7.48353597,287.90,13.81,-0.89,235.95,1,-100.00,-12.00,2.00,6.00,29.00,23.00,13417219,440
125.42,1544765197,1533.31,51.43936612,7.48335288,288.48,13.40,-0.42,237.05,1,-100.00,-12.00,2.00,6.00,29.00,23.00,13417219,440
126.41,1544765198,1546.65,51.43929958,7.48317227,289.18,13.55,0.16,237.58,1,-98.00,-12.00,1.00,7.00,31.00,23.00,13417219,440
127.41,1544765199,1560.22,51.43923452,7.48299138,289.33,13.78,0.22,238.77,1,-98.00,-12.00,1.00,7.00,31.00,23.00,13417219,440
128.42,1544765200,1574.03,51.43916738,7.48280834,289.76,14.14,0.36,239.38,1,-99.00,-13.00,3.00,9.00,34.00,23.00,13417219,440
129.41,1544765201,1588.16,51.43909647,7.48261917,290.10,14.41,0.27,238.74,1,-99.00,-13.00,3.00,9.00,34.00,23.00,13417219,440
130.41,1544765202,1602.57,51.43902930,7.48241647,290.82,14.38,-0.03,239.85,1,-96.00,-12.00,9.00,11.00,36.00,23.00,13417219,440
131.41,1544765203,1616.91,51.43895676,7.48220687,291.14,15.17,0.80,240.48,1,-96.00,-12.00,9.00,11.00,36.00,23.00,13417219,440
132.42,1544765204,1632.22,51.43889234,7.48201975,291.40,14.82,-0.35,239.62,1,-97.00,-13.00,8.00,9.00,35.00,23.00,13417219,440
133.42,1544765205,1646.97,51.43882592,7.48182714,291.17,15.13,0.31,240.08,1,-97.00,-13.00,8.00,9.00,35.00,23.00,13417219,440
134.41,1544765206,1662.06,51.43876574,7.48164320,291.12,14.07,-1.06,240.54,1,-97.00,-13.00,8.00,9.00,35.00,23.00,13417219,440
135.42,1544765207,1676.20,51.43870528,7.48145160,291.30,14.30,0.22,240.91,1,-97.00,-11.00,8.00,7.00,34.00,23.00,13417219,440
136.42,1544765208,1690.48,51.43864488,7.48127015,291.67,14.93,0.63,240.57,1,-97.00,-11.00,8.00,7.00,34.00,23.00,13417219,440
137.42,1544765209,1705.39,51.43857857,7.48107383,291.62,15.14,0.21,239.60,1,-94.00,-8.00,9.00,8.00,33.00,23.00,13417219,440
138.42,1544765210,1720.52,51.43851017,7.48087463,291.57,15.11,-0.02,239.63,1,-94.00,-8.00,9.00,8.00,33.00,23.00,13417219,440
139.42,1544765211,1735.64,51.43844030,7.48067146,291.62,15.29,0.18,240.68,1,-93.00,-7.00,13.00,15.00,33.00,23.00,13417219,440
140.42,1544765212,1750.95,51.43837324,7.48047499,291.97,15.26,-0.03,240.23,1,-93.00,-7.00,13.00,15.00,33.00,23.00,13417219,440
141.42,1544765213,1766.21,51.43831529,7.48030298,292.29,15.16,-0.10,240.61,1,-95.00,-7.00,7.00,9.00,32.00,23.00,13417219,440
142.41,1544765214,1781.29,51.43824643,7.48010544,292.58,15.00,-0.16,241.21,1,-95.00,-7.00,7.00,9.00,32.00,23.00,13417219,440
143.41,1544765215,1796.33,51.43818561,7.47991906,292.66,15.32,0.32,241.79,1,-98.00,-13.00,5.00,6.00,35.00,23.00,13417219,440
144.42,1544765216,1811.67,51.43812287,7.47973015,292.72,15.39,0.07,241.80,1,-98.00,-13.00,5.00,6.00,35.00,23.00,13417219,440
145.42,1544765217,1827.06,51.43805691,7.47953756,293.04,15.47,0.08,241.34,1,-97.00,-14.00,2.00,9.00,35.00,23.00,13417219,440
146.41,1544765218,1842.52,51.43799209,7.47933569,293.38,15.20,-0.27,241.89,1,-97.00,-14.00,2.00,9.00,35.00,23.00,13417219,440
147.42,1544765219,1857.74,51.43792280,7.47913040,293.64,15.12,-0.08,242.25,1,-93.00,-9.00,4.00,6.00,34.00,23.00,13417219,440
148.42,1544765220,1872.86,51.43786065,7.47893187,293.93,14.71,-0.41,243.14,1,-93.00,-9.00,4.00,6.00,34.00,23.00,13417219,440
149.42,1544765221,1887.57,51.43780383,7.47874332,294.04,15.18,0.47,242.23,1,-87.00,-6.00,4.00,9.00,39.00,23.00,13417219,440
150.42,1544765222,1902.77,51.43774007,7.47855286,294.31,14.59,-0.60,241.73,1,-87.00,-6.00,4.00,9.00,39.00,23.00,13417219,440
151.42,1544765223,1917.35,51.43767781,7.47837409,294.53,14.64,0.05,240.81,1,-90.00,-8.00,1.00,8.00,37.00,23.00,13417219,440
152.42,1544765224,1931.98,51.43761020,7.47818900,295.16,14.42,-0.22,240.21,1,-90.00,-8.00,1.00,8.00,37.00,23.00,13417219,440
153.42,1544765225,1946.43,51.43754941,7.47800079,295.83,14.45,0.03,241.46,1,-93.00,-12.00,4.00,7.00,38.00,23.00,13417219,440
154.41,1544765226,1960.82,51.43748539,7.47780484,296.38,14.34,-0.11,241.57,1,-93.00,-12.00,4.00,7.00,38.00,23.00,13417219,440
155.42,1544765227,1975.27,51.43742534,7.47761763,297.08,13.82,-0.51,241.93,1,-93.00,-12.00,4.00,7.00,38.00,23.00,13417219,440
156.41,1544765228,1988.97,51.43736356,7.47742773,297.60,13.88,0.07,242.52,1,-87.00,-9.00,4.00,6.00,41.00,19.00,13523715,440
157.42,1544765229,2002.89,51.43599030,7.47872060,297.94,13.64,-0.24,242.05,1,-87.00,-9.00,4.00,6.00,41.00,19.00,13523715,440
158.41,1544765230,2016.52,51.43724867,7.47707850,297.99,12.59,-1.06,243.82,1,-89.00,-7.00,4.00,11.00,37.00,19.00,13523715,6
159.41,1544765231,2029.11,51.43719493,7.47688069,297.78,12.29,-0.30,246.78,1,-89.00,-7.00,4.00,11.00,37.00,19.00,13523715,6
160.42,1544765232,2041.42,51.43715802,7.47669892,297.41,11.55,-0.74,249.64,1,-87.00,-6.00,13.00,10.00,38.00,19.00,13523715,6
161.41,1544765233,2052.93,51.43716381,7.47651698,297.27,10.83,-0.72,274.01,1,-87.00,-6.00,13.00,10.00,38.00,19.00,13523715,6
162.42,1544765234,2063.79,51.43717686,7.47635551,297.11,9.86,-0.97,277.08,1,-90.00,-8.00,19.00,15.00,36.00,19.00,13523715,6
163.42,1544765235,2073.64,51.43723322,7.47624237,296.63,8.95,-0.91,312.76,1,-90.00,-8.00,19.00,15.00,36.00,19.00,13523715,6
164.42,1544765236,2082.59,51.43731846,7.47615760,296.07,8.07,-0.88,331.52,1,-92.00,-7.00,17.00,10.00,33.00,19.00,13523715,6
165.41,1544765237,2090.65,51.43740660,7.47613409,295.40,7.67,-0.40,351.60,1,-92.00,-7.00,17.00,10.00,33.00,19.00,13523715,6
166.41,1544765238,2098.32,51.43748714,7.47618256,295.01,9.73,2.06,21.73,1,-92.00,-7.00,12.00,15.00,32.00,19.00,13523715,6
167.41,1544765239,2108.05,51.43755841,7.47626709,294.46,9.95,0.22,40.80,1,-92.00,-7.00,12.00,15.00,32.00,19.00,13523715,6
168.41,1544765240,2118.00,51.43763040,7.47637513,294.07,11.31,1.37,43.95,1,-96.00,-7.00,10.00,9.00,29.00,19.00,13523715,6
169.41,1544765241,2129.31,51.43770229,7.47649999,293.75,12.24,0.93,47.02,1,-96.00,-7.00,10.00,9.00,29.00,19.00,13523715,6
170.42,1544765242,2141.58,51.43778237,7.47665389,293.40,13.35,1.10,49.05,1,-94.00,-8.00,8.00,10.00,33.00,19.00,13523715,6
171.42,1544765243,2154.99,51.43785706,7.47681410,293.06,14.63,1.27,50.65,1,-94.00,-8.00,8.00,10.00,33.00,19.00,13523715,6
172.41,1544765244,2169.48,51.43793861,7.47699723,292.84,15.54,0.93,52.13,1,-94.00,-12.00,8.00,11.00,37.00,19.00,13523715,6
173.41,1544765245,2185.03,51.43802105,7.47719116,292.51,16.34,0.79,53.39,1,-94.00,-12.00,8.00,11.00,37.00,19.00,13523715,6
174.42,1544765246,2201.45,51.43810737,7.47739755,291.98,17.41,1.07,54.24,1,-97.00,-12.00,7.00,7.00,33.00,19.00,13523715,6
175.42,1544765247,2218.84,51.43819580,7.47761413,291.51,18.12,0.71,54.88,1,-97.00,-12.00,7.00,7.00,33.00,19.00,13523715,6
176.41,1544765248,2236.86,51.43827745,7.47782723,291.25,19.12,1.01,55.33,1,-97.00,-12.00,7.00,7.00,33.00,19.00,13523715,6
177.42,1544765249,2256.10,51.43838048,7.47806426,290.90,19.80,0.67,55.84,1,-98.00,-11.00,7.00,10.00,30.00,19.00,13523715,6
178.42,1544765250,2275.87,51.43848447,7.47832408,290.87,20.47,0.68,56.46,1,-98.00,-11.00,7.00,10.00,30.00,19.00,13523715,6
179.42,1544765251,2296.35,51.43857530,7.47856512,290.61,21.52,1.05,56.91,1,-103.00,-11.00,4.00,6.00,26.00,19.00,13523715,6
180.42,1544765252,2317.86,51.43868061,7.47882027,289.65,22.19,0.67,56.66,1,-103.00,-11.00,4.00,6.00,26.00,19.00,13523715,6
181.42,1544765253,2340.03,51.43878750,7.47908224,288.70,22.37,0.18,56.46,1,-100.00,-8.00,-2.00,6.00,25.00,19.00,13523715,6
182.42,1544765254,2362.40,51.43889325,7.47934280,287.64,22.28,-0.08,57.15,1,-100.00,-8.00,-2.00,6.00,25.00,19.00,13523715,6
183.42,1544765255,2384.68,51.43900362,7.47961755,286.55,22.39,0.10,56.72,1,-105.00,-13.00,1.00,7.00,28.00,19.00,13523715,6
184.42,1544765256,2407.07,51.43911460,7.47988869,285.57,22.32,-0.07,56.19,1,-105.00,-13.00,1.00,7.00,28.00,19.00,13523715,6
185.42,1544765257,2429.39,51.43923135,7.48016360,284.79,22.25,-0.07,55.52,1,-110.00,-15.00,-1.00,4.00,23.00,19.00,13523715,6
186.42,1544765258,2451.64,51.43934740,7.48043944,284.40,21.86,-0.40,56.13,1,-110.00,-15.00,-1.00,4.00,23.00,19.00,13523715,6
187.42,1544765259,2473.50,51.43947114,7.48071570,284.24,22.84,0.98,54.25,1,-104.00,-13.00,2.00,9.00,28.00,22.00,13417219,440
188.42,1544765260,2496.33,51.43959218,7.48098553,283.95,22.79,-0.04,53.94,1,-104.00,-13.00,2.00,9.00,28.00,22.00,13417219,440
189.42,1544765261,2519.13,51.43972321,7.48125160,283.59,23.03,0.24,52.19,1,-105.00,-12.00,4.00,8.00,24.00,22.00,13417219,440
190.41,1544765262,2542.14,51.43985613,7.48150523,283.54,23.05,0.02,50.33,1,-105.00,-12.00,4.00,8.00,24.00,22.00,13417219,440
191.42,1544765263,2565.21,51.43999459,7.48175685,283.49,22.98,-0.08,48.93,1,-108.00,-12.00,2.00,5.00,24.00,22.00,13417219,440
192.42,1544765264,2588.19,51.44013014,7.48199079,283.57,23.12,0.14,46.13,1,-108.00,-12.00,2.00,5.00,24.00,22.00,13417219,440
193.42,1544765265,2611.36,51.44027970,7.48223461,283.43,22.89,-0.23,44.70,1,-108.00,-15.00,-2.00,4.00,25.00,22.00,13417219,440
194.42,1544765266,2634.22,51.44043082,7.48245821,282.98,22.77,-0.13,42.35,1,-108.00,-15.00,-2.00,4.00,25.00,22.00,13417219,440
195.43,1544765267,2657.24,51.44058398,7.48267473,282.43,22.59,-0.18,41.06,1,-108.00,-17.00,-7.00,1.00,28.00,86.00,13067273,440
196.42,1544765268,2679.58,51.44073970,7.48289472,282.01,22.72,0.14,40.70,1,-108.00,-17.00,-7.00,1.00,28.00,86.00,13067273,440
197.42,1544765269,2702.41,51.44090053,7.48311105,281.72,22.87,0.15,39.70,1,-108.00,-17.00,-7.00,1.00,28.00,86.00,13067273,440
198.42,1544765270,2725.21,51.44106300,7.48332861,281.49,23.20,0.33,39.00,1,-114.00,-8.00,0.00,10.00,12.00,86.00,13067273,288
199.42,1544765271,2748.35,51.44122627,7.48352247,281.12,23.22,0.02,36.30,1,-114.00,-8.00,0.00,10.00,12.00,86.00,13067273,288
200.42,1544765272,2771.56,51.44139721,7.48372450,280.68,23.03,-0.19,36.05,1,-116.00,-9.00,3.00,9.00,11.00,86.00,13067273,288
201.42,1544765273,2794.62,51.44156999,7.48390896,280.30,23.08,0.05,33.28,1,-116.00,-9.00,3.00,9.00,11.00,86.00,13067273,288
202.42,1544765274,2817.67,51.44174746,7.48408013,279.91,23.08,0.00,30.69,1,-117.00,-9.00,3.00,6.00,10.00,86.00,13067273,288
203.42,1544765275,2840.77,51.44193354,7.48424710,279.66,23.10,0.02,29.02,1,-117.00,-9.00,3.00,6.00,10.00,86.00,13067273,288
204.42,1544765276,2863.84,51.44211562,7.48440835,279.47,23.05,-0.04,27.85,1,-116.00,-9.00,3.00,6.00,11.00,86.00,13067273,288
205.42,1544765277,2886.92,51.44229757,7.48456487,279.38,23.18,0.12,26.87,1,-116.00,-9.00,3.00,6.00,11.00,86.00,13067273,288
206.42,1544765278,2910.12,51.44248382,7.48471027,279.24,23.19,0.01,26.06,1,-108.00,-14.00,2.00,5.00,19.00,19.00,13415170,315
207.42,1544765279,2933.29,51.44266952,7.48485305,279.06,23.01,-0.18,25.48,1,-108.00,-14.00,2.00,5.00,19.00,19.00,13415170,315
208.41,1544765280,2956.25,51.44284854,7.48497947,278.67,22.73,-0.28,24.38,1,-103.00,-16.00,-4.00,5.00,27.00,19.00,13415170,315
209.42,1544765281,2979.02,51.44302502,7.48510447,278.20,22.64,-0.09,23.79,1,-103.00,-16.00,-4.00,5.00,27.00,19.00,13415170,315
210.42,1544765282,3001.68,51.44320255,7.48523078,277.73,22.36,-0.28,23.73,1,-105.00,-17.00,-10.00,5.00,26.00,19.00,13415170,315
211.42,1544765283,3024.04,51.44337365,7.48535187,277.23,21.66,-0.70,23.48,1,-105.00,-17.00,-10.00,5.00,26.00,19.00,13415170,315
212.42,1544765284,3045.72,51.44354416,7.48546492,276.71,20.95,-0.71,22.71,1,-100.00,-14.00,-9.00,4.00,29.00,19.00,13415170,315
213.42,1544765285,3066.65,51.44370941,7.48556986,276.17,19.81,-1.14,21.53,1,-100.00,-14.00,-9.00,4.00,29.00,19.00,13415170,315
214.42,1544765286,3086.49,51.44386862,7.48566950,275.85,18.94,-0.88,21.43,1,-105.00,-12.00,-9.00,6.00,24.00,19.00,13415170,315
215.42,1544765287,3105.42,51.44402214,7.48576675,275.56,18.10,-0.84,21.70,1,-105.00,-12.00,-9.00,6.00,24.00,19.00,13415170,315
216.42,1544765288,3123.50,51.44417239,7.48586006,275.27,17.33,-0.77,22.25,1,-101.00,-13.00,-8.00,9.00,28.00,19.00,13415170,315
217.42,1544765289,3140.85,51.44430617,7.48595671,274.88,15.81,-1.52,24.09,1,-101.00,-13.00,-8.00,9.00,28.00,19.00,13415170,315
218.42,1544765290,3156.73,51.44443944,7.48606258,274.30,15.45,-0.35,27.41,1,-104.00,-16.00,-4.00,6.00,27.00,19.00,13415170,315
219.41,1544765291,3172.04,51.44454297,7.48620625,273.86,14.22,-1.25,42.48,1,-104.00,-16.00,-4.00,6.00,27.00,19.00,13415170,315
220.41,1544765292,3186.26,51.44463317,7.48635191,273.24,13.38,-0.84,46.48,1,-104.00,-16.00,-4.00,6.00,27.00,19.00,13415170,315
221.42,1544765293,3199.66,51.44467672,7.48652052,272.68,12.83,-0.54,68.48,1,-108.00,-16.00,-5.00,4.00,22.00,19.00,13415170,315
222.42,1544765294,3212.49,51.44469925,7.48671742,272.08,12.73,-0.10,84.42,1,-108.00,-16.00,-5.00,4.00,22.00,19.00,13415170,315
223.42,1544765295,3225.26,51.44468971,7.48690446,271.72,13.22,0.49,99.16,1,-115.00,-17.00,-7.00,3.00,17.00,19.00,13415170,315
224.42,1544765296,3238.48,51.44465023,7.48707300,271.25,13.75,0.53,114.32,1,-115.00,-17.00,-7.00,3.00,17.00,19.00,13415170,315
225.42,1544765297,3252.23,51.44457505,7.48723672,270.88,13.97,0.21,130.69,1,-116.00,-15.00,-9.00,4.00,17.00,19.00,13415170,315
226.42,1544765298,3266.20,51.44450155,7.48737652,270.21,13.73,-0.24,134.43,1,-116.00,-15.00,-9.00,4.00,17.00,19.00,13415170,315
227.42,1544765299,3279.90,51.44439331,7.48747256,269.79,13.99,0.26,157.52,1,-109.00,-18.00,-11.00,2.00,22.00,25.00,13417219,440
228.42,1544765300,3293.88,51.44427823,7.48751495,269.54,13.82,-0.17,172.48,1,-109.00,-18.00,-11.00,2.00,22.00,25.00,13417219,440
229.42,1544765301,3307.73,51.44415202,7.48750298,269.09,14.06,0.24,187.65,1,-117.00,-18.00,-12.00,1.00,18.00,25.00,13417219,440
230.42,1544765302,3321.80,51.44404259,7.48744776,268.56,13.59,-0.46,202.09,1,-117.00,-18.00,-12.00,1.00,18.00,25.00,13417219,440
231.42,1544765303,3335.36,51.44393358,7.48734630,267.76,13.27,-0.32,216.65,1,-110.00,-15.00,-13.00,1.00,21.00,25.00,13417219,440
232.42,1544765304,3348.63,51.44385773,7.48720237,267.44,13.67,0.40,234.01,1,-110.00,-15.00,-13.00,1.00,21.00,25.00,13417219,440
233.42,1544765305,3362.31,51.44380795,7.48702417,267.04,14.19,0.52,249.19,1,-110.00,-16.00,-12.00,1.00,23.00,25.00,13417219,440
234.42,1544765306,3376.47,51.44378195,7.48682445,266.64,14.56,0.38,262.66,1,-110.00,-16.00,-12.00,1.00,23.00,25.00,13417219,440
235.42,1544765307,3391.05,51.44376215,7.48659497,266.53,15.26,0.70,264.77,1,-115.00,-19.00,-16.00,2.00,21.00,25.00,13417219,440
236.42,1544765308,3406.31,51.44374893,7.48635376,266.74,16.08,0.81,266.21,1,-115.00,-19.00,-16.00,2.00,21.00,25.00,13417219,440
237.42,1544765309,3422.39,51.44373694,7.48610489,267.08,17.05,0.98,267.16,1,-111.00,-19.00,-15.00,1.00,27.00,25.00,13417219,440
238.42,1544765310,3439.44,51.44372776,7.48585423,267.56,18.02,0.96,267.62,1,-111.00,-19.00,-15.00,1.00,27.00,25.00,13417219,440
239.43,1544765311,3457.60,51.44372081,7.48559033,268.26,18.64,0.62,267.48,1,-113.00,-18.00,-14.00,1.00,20.00,25.00,13417219,440
240.42,1544765312,3476.08,51.44371159,7.48531377,269.22,19.20,0.57,266.49,1,-113.00,-18.00,-14.00,1.00,20.00,25.00,13417219,440
241.42,1544765313,3495.28,51.44370385,7.48503998,271.13,19.05,-0.15,266.97,1,-113.00,-18.00,-14.00,1.00,20.00,25.00,13417219,440
242.42,1544765314,3514.31,51.44370108,7.48473645,271.24,21.57,2.52,267.80,nan,nan,nan,nan,nan,nan,nan,nan,nan
243.41,1544765315,3535.86,51.44369388,7.48441125,270.89,22.55,0.98,268.69,nan,nan,nan,nan,nan,nan,nan,nan,nan
244.41,1544765316,3558.41,51.44368921,7.48407293,270.89,22.58,0.03,268.67,nan,nan,nan,nan,nan,nan,nan,nan,nan
245.42,1544765317,3581.13,51.44369002,7.48375567,271.15,22.70,0.12,268.37,nan,nan,nan,nan,nan,nan,nan,nan,nan
246.42,1544765318,3603.71,51.44369071,7.48343260,271.38,22.82,0.12,268.36,nan,nan,nan,nan,nan,nan,nan,nan,nan
247.44,1544765319,3627.10,51.44369026,7.48310298,271.58,22.91,0.09,268.19,nan,nan,nan,nan,nan,nan,nan,nan,nan
248.42,1544765320,3649.49,51.44368468,7.48275823,271.93,23.23,0.33,267.30,nan,nan,nan,nan,nan,nan,nan,nan,nan
249.42,1544765321,3672.67,51.44367612,7.48241889,272.39,23.40,0.17,267.17,nan,nan,nan,nan,nan,nan,nan,nan,nan
250.41,1544765322,3696.04,51.44366483,7.48208237,272.77,23.66,0.27,266.87,nan,nan,nan,nan,nan,nan,nan,nan,nan
251.42,1544765323,3719.73,51.44365266,7.48173714,272.98,24.00,0.34,266.80,nan,nan,nan,nan,nan,nan,nan,nan,nan
252.42,1544765324,3743.75,51.44363492,7.48138226,272.91,24.16,0.16,266.78,nan,nan,nan,nan,nan,nan,nan,nan,nan
253.42,1544765325,3767.88,51.44361755,7.48102262,272.67,24.84,0.68,265.80,nan,nan,nan,nan,nan,nan,nan,nan,nan
254.42,1544765326,3792.74,51.44359761,7.48067378,272.41,25.04,0.21,265.04,nan,nan,nan,nan,nan,nan,nan,nan,nan
255.41,1544765327,3817.74,51.44358157,7.48032467,272.13,25.27,0.23,264.12,nan,nan,nan,nan,nan,nan,nan,nan,nan
256.41,1544765328,3842.93,51.44356004,7.47996925,272.06,25.50,0.23,263.62,nan,nan,nan,nan,nan,nan,nan,nan,nan
257.42,1544765329,3868.53,51.44353715,7.47960744,272.06,25.78,0.28,262.78,nan,nan,nan,nan,nan,nan,nan,nan,nan
258.42,1544765330,3894.31,51.44350996,7.47924594,271.99,25.73,-0.05,262.57,nan,nan,nan,nan,nan,nan,nan,nan,nan
259.42,1544765331,3920.05,51.44348528,7.47889384,271.70,25.78,0.05,262.64,nan,nan,nan,nan,nan,nan,nan,nan,nan
260.43,1544765332,3946.09,51.44345986,7.47852818,271.34,25.73,-0.05,262.50,nan,nan,nan,nan,nan,nan,nan,nan,nan
261.42,1544765333,3971.59,51.44343331,7.47815997,270.71,25.54,-0.19,262.18,nan,nan,nan,nan,nan,nan,nan,nan,nan
262.42,1544765334,3997.13,51.44340380,7.47779189,270.14,25.22,-0.32,262.32,nan,nan,nan,nan,nan,nan,nan,nan,nan
263.42,1544765335,4022.35,51.44337703,7.47743873,269.50,25.06,-0.16,262.25,nan,nan,nan,nan,nan,nan,nan,nan,nan
264.42,1544765336,4047.40,51.44335026,7.47708444,268.84,24.98,-0.07,261.92,nan,nan,nan,nan,nan,nan,nan,nan,nan
265.42,1544765337,4072.36,51.44332188,7.47672550,268.08,25.19,0.20,261.63,nan,nan,nan,nan,nan,nan,nan,nan,nan
266.42,1544765338,4097.54,51.44328844,7.47636794,267.30,25.14,-0.05,261.20,nan,nan,nan,nan,nan,nan,nan,nan,nan
267.42,1544765339,4122.68,51.44325514,7.47600958,266.46,25.24,0.11,261.03,nan,nan,nan,nan,nan,nan,nan,nan,nan
268.42,1544765340,4147.92,51.44322056,7.47565189,265.64,25.30,0.05,260.62,nan,nan,nan,nan,nan,nan,nan,nan,nan
269.42,1544765341,4173.25,51.44317982,7.47529404,264.86,25.45,0.15,259.70,nan,nan,nan,nan,nan,nan,nan,nan,nan
270.42,1544765342,4198.67,51.44312973,7.47492845,264.20,25.51,0.06,258.08,nan,nan,nan,nan,nan,nan,nan,nan,nan
271.42,1544765343,4224.18,51.44308024,7.47457067,263.63,25.51,0.00,258.18,nan,nan,nan,nan,nan,nan,nan,nan,nan
272.42,1544765344,4249.69,51.44303208,7.47421392,263.00,25.42,-0.09,258.48,nan,nan,nan,nan,nan,nan,nan,nan,nan
273.42,1544765345,4275.11,51.44298492,7.47386126,262.39,25.26,-0.16,258.18,nan,nan,nan,nan,nan,nan,nan,nan,nan
274.41,1544765346,4300.35,51.44293576,7.47349665,261.15,25.15,-0.11,258.28,nan,nan,nan,nan,nan,nan,nan,nan,nan
275.41,1544765347,4325.50,51.44289160,7.47314845,260.21,25.30,0.15,258.43,nan,nan,nan,nan,nan,nan,nan,nan,nan
276.41,1544765348,4350.79,51.44284527,7.47279123,258.98,24.88,-0.41,258.40,nan,nan,nan,nan,nan,nan,nan,nan,nan
277.41,1544765349,4375.67,51.44280071,7.47243876,257.71,24.91,0.03,258.39,nan,nan,nan,nan,nan,nan,nan,nan,nan
278.41,1544765350,4400.58,51.44275415,7.47208279,256.47,24.73,-0.18,258.29,nan,nan,nan,nan,nan,nan,nan,nan,nan
279.42,1544765351,4425.34,51.44271274,7.47174481,255.29,24.59,-0.14,258.06,nan,nan,nan,nan,nan,nan,nan,nan,nan
280.42,1544765352,4449.94,51.44267149,7.47140603,254.19,24.48,-0.11,258.16,nan,nan,nan,nan,nan,nan,nan,nan,nan
281.42,1544765353,4474.64,51.44262654,7.47105624,253.12,24.46,-0.03,258.24,nan,nan,nan,nan,nan,nan,nan,nan,nan
282.42,1544765354,4498.87,51.44258115,7.47070659,252.15,24.47,0.01,257.83,nan,nan,nan,nan,nan,nan,nan,nan,nan
283.42,1544765355,4523.34,51.44253434,7.47036991,251.23,24.67,0.20,256.52,nan,nan,nan,nan,nan,nan,nan,nan,nan
284.42,1544765356,4548.01,51.44248751,7.47003016,250.75,25.22,0.55,255.81,nan,nan,nan,nan,nan,nan,nan,nan,nan
285.42,1544765357,4573.24,51.44243607,7.46967219,250.36,26.07,0.84,255.75,nan,nan,nan,nan,nan,nan,nan,nan,nan
286.42,1544765358,4599.30,51.44238212,7.46930521,249.84,26.67,0.60,256.27,nan,nan,nan,nan,nan,nan,nan,nan,nan
287.42,1544765359,4625.97,51.44232849,7.46893126,249.32,27.54,0.88,257.37,nan,nan,nan,nan,nan,nan,nan,nan,nan
288.42,1544765360,4653.54,51.44227801,7.46854203,248.74,28.12,0.58,257.67,nan,nan,nan,nan,nan,nan,nan,nan,nan
289.42,1544765361,4681.62,51.44222668,7.46814494,248.08,28.81,0.70,257.80,nan,nan,nan,nan,nan,nan,nan,nan,nan
290.42,1544765362,4710.47,51.44217382,7.46773455,247.34,29.42,0.61,258.25,nan,nan,nan,nan,nan,nan,nan,nan,nan
291.41,1544765363,4739.83,51.44212429,7.46731076,246.56,30.21,0.79,258.83,nan,nan,nan,nan,nan,nan,nan,nan,nan
292.41,1544765364,4770.05,51.44207331,7.46687692,245.89,30.67,0.46,259.37,nan,nan,nan,nan,nan,nan,nan,nan,nan
293.41,1544765365,4800.72,51.44202744,7.46644497,245.24,30.63,-0.04,259.83,nan,nan,nan,nan,nan,nan,nan,nan,nan
294.42,1544765366,4831.38,51.44198226,7.46601714,244.60,30.16,-0.48,260.13,nan,nan,nan,nan,nan,nan,nan,nan,nan
295.41,1544765367,4861.51,51.44193901,7.46559492,243.92,30.04,-0.12,260.67,nan,nan,nan,nan,nan,nan,nan,nan,nan
296.41,1544765368,4891.54,51.44190055,7.46517133,243.18,30.08,0.04,260.92,nan,nan,nan,nan,nan,nan,nan,nan,nan
297.42,1544765369,4921.65,51.44186276,7.46474181,242.44,30.15,0.07,261.55,nan,nan,nan,nan,nan,nan,nan,nan,nan
298.41,1544765370,4951.77,51.44183062,7.46431420,241.73,30.26,0.12,262.15,nan,nan,nan,nan,nan,nan,nan,nan,nan
299.41,1544765371,4982.03,51.44179849,7.46388531,240.98,30.35,0.09,262.61,nan,nan,nan,nan,nan,nan,nan,nan,nan
300.41,1544765372,5012.38,51.44176561,7.46345187,240.30,30.34,-0.01,262.97,nan,nan,nan,nan,nan,nan,nan,nan,nan
301.42,1544765373,5042.75,51.44173902,7.46301728,239.74,30.32,-0.02,263.61,nan,nan,nan,nan,nan,nan,nan,nan,nan
302.42,1544765374,5073.34,51.44171186,7.46257931,239.33,30.38,0.06,264.25,nan,nan,nan,nan,nan,nan,nan,nan,nan
303.41,1544765375,5103.33,51.44168886,7.46214938,238.92,30.37,-0.02,264.79,nan,nan,nan,nan,nan,nan,nan,nan,nan
304.42,1544765376,5133.82,51.44166497,7.46170811,238.64,30.56,0.19,265.37,nan,nan,nan,nan,nan,nan,nan,nan,nan
305.42,1544765377,5164.41,51.44164175,7.46126716,238.49,30.66,0.10,265.72,nan,nan,nan,nan,nan,nan,nan,nan,nan
306.42,1544765378,5195.04,51.44162063,7.46081573,238.20,30.53,-0.13,266.27,nan,nan,nan,nan,nan,nan,nan,nan,nan
307.42,1544765379,5225.60,51.44159899,7.46037064,237.84,30.47,-0.06,266.59,nan,nan,nan,nan,nan,nan,nan,nan,nan
308.42,1544765380,5256.04,51.44157803,7.45992728,237.46,30.45,-0.03,267.14,nan,nan,nan,nan,nan,nan,nan,nan,nan
309.42,1544765381,5286.49,51.44156535,7.45948689,237.15,30.64,0.19,267.75,nan,nan,nan,nan,nan,nan,nan,nan,nan
310.42,1544765382,5317.13,51.44155717,7.45905588,236.78,30.53,-0.11,268.26,nan,nan,nan,nan,nan,nan,nan,nan,nan
311.42,1544765383,5347.66,51.44155706,7.45863568,236.36,29.93,-0.60,268.99,nan,nan,nan,nan,nan,nan,nan,nan,nan
312.42,1544765384,5377.59,51.44155388,7.45820810,236.10,29.33,-0.60,269.30,nan,nan,nan,nan,nan,nan,nan,nan,nan
313.42,1544765385,5406.95,51.44155846,7.45779924,235.72,29.32,-0.01,270.05,nan,nan,nan,nan,nan,nan,nan,nan,nan
314.42,1544765386,5436.23,51.44156210,7.45738000,235.41,29.49,0.17,269.98,nan,nan,nan,nan,nan,nan,nan,nan,nan
315.42,1544765387,5465.73,51.44156479,7.45695026,235.10,29.82,0.32,270.02,nan,nan,nan,nan,nan,nan,nan,nan,nan
316.42,1544765388,5495.57,51.44156652,7.45651871,234.88,30.26,0.44,270.17,nan,nan,nan,nan,nan,nan,nan,nan,nan
317.41,1544765389,5525.77,51.44156827,7.45607608,234.74,30.76,0.50,270.50,nan,nan,nan,nan,nan,nan,nan,nan,nan
318.41,1544765390,5556.54,51.44157411,7.45563328,234.71,31.22,0.46,271.10,nan,nan,nan,nan,nan,nan,nan,nan,nan
319.42,1544765391,5587.79,51.44158042,7.45517634,234.69,31.73,0.50,271.92,nan,nan,nan,nan,nan,nan,nan,nan,nan
320.41,1544765392,5619.39,51.44159474,7.45471187,234.73,32.35,0.62,272.72,nan,nan,nan,nan,nan,nan,nan,nan,nan
321.42,1544765393,5651.87,51.44160829,7.45423713,234.54,32.94,0.59,273.53,nan,nan,nan,nan,nan,nan,nan,nan,nan
322.41,1544765394,5684.78,51.44162772,7.45375226,234.30,33.40,0.46,274.32,nan,nan,nan,nan,nan,nan,nan,nan,nan
323.42,1544765395,5718.52,51.44164755,7.45326399,234.26,33.86,0.45,274.73,nan,nan,nan,nan,nan,nan,nan,nan,nan
324.42,1544765396,5752.07,51.44167423,7.45277885,234.25,33.69,-0.17,275.60,nan,nan,nan,nan,nan,nan,nan,nan,nan
325.41,1544765397,5785.72,51.44170136,7.45230031,234.21,33.63,-0.06,275.67,nan,nan,nan,nan,nan,nan,nan,nan,nan
326.41,1544765398,5819.35,51.44172808,7.45181699,234.33,33.51,-0.12,276.03,nan,nan,nan,nan,nan,nan,nan,nan,nan
327.41,1544765399,5852.86,51.44175991,7.45133474,234.49,33.30,-0.21,276.83,nan,nan,nan,nan,nan,nan,nan,nan,nan
328.42,1544765400,5886.19,51.44179251,7.45086161,234.71,33.28,-0.02,277.42,nan,nan,nan,nan,nan,nan,nan,nan,nan
329.42,1544765401,5919.47,51.44182689,7.45038453,234.94,33.23,-0.04,277.66,nan,nan,nan,nan,nan,nan,nan,nan,nan
330.42,1544765402,5952.70,51.44186337,7.44991233,235.15,33.35,0.12,277.68,nan,nan,nan,nan,nan,nan,nan,nan,nan
331.42,1544765403,5986.05,51.44190772,7.44944054,235.37,33.46,0.11,278.36,nan,nan,nan,nan,nan,nan,nan,nan,nan
332.42,1544765404,6019.54,51.44195351,7.44896281,235.37,33.66,0.20,278.80,nan,nan,nan,nan,nan,nan,nan,nan,nan
333.41,1544765405,6053.13,51.44199910,7.44848503,235.42,33.71,0.06,279.13,nan,nan,nan,nan,nan,nan,nan,nan,nan
334.42,1544765406,6086.88,51.44205178,7.44800300,235.38,33.79,0.07,279.61,nan,nan,nan,nan,nan,nan,nan,nan,nan
335.42,1544765407,6120.66,51.44210973,7.44752753,235.26,33.46,-0.32,280.83,nan,nan,nan,nan,nan,nan,nan,nan,nan
336.42,1544765408,6154.26,51.44216936,7.44704136,234.39,33.29,-0.17,281.02,nan,nan,nan,nan,nan,nan,nan,nan,nan
337.42,1544765409,6187.41,51.44222822,7.44656798,233.31,33.25,-0.03,281.69,nan,nan,nan,nan,nan,nan,nan,nan,nan
338.42,1544765410,6220.70,51.44229161,7.44610610,232.52,33.31,0.05,282.08,nan,nan,nan,nan,nan,nan,nan,nan,nan
339.41,1544765411,6253.94,51.44235707,7.44564864,231.95,33.27,-0.04,282.54,nan,nan,nan,nan,nan,nan,nan,nan,nan
340.42,1544765412,6287.24,51.44242256,7.44517689,231.42,33.44,0.17,282.98,nan,nan,nan,nan,nan,nan,nan,nan,nan
341.42,1544765413,6320.71,51.44249524,7.44470065,231.02,33.71,0.27,283.44,nan,nan,nan,nan,nan,nan,nan,nan,nan
342.42,1544765414,6354.39,51.44256831,7.44422688,230.76,33.93,0.22,283.66,nan,nan,nan,nan,nan,nan,nan,nan,nan
343.42,1544765415,6388.32,51.44264233,7.44373921,230.60,34.58,0.65,284.36,nan,nan,nan,nan,nan,nan,nan,nan,nan
344.43,1544765416,6423.29,51.44272374,7.44325116,230.42,35.01,0.42,284.79,nan,nan,nan,nan,nan,nan,nan,nan,nan
345.42,1544765417,6457.91,51.44280647,7.44275450,230.23,35.46,0.45,285.29,nan,nan,nan,nan,nan,nan,nan,nan,nan
346.42,1544765418,6493.37,51.44289583,7.44226233,230.10,35.85,0.40,286.14,nan,nan,nan,nan,nan,nan,nan,nan,nan
347.41,1544765419,6529.19,51.44298783,7.44175896,229.74,36.42,0.57,286.40,nan,nan,nan,nan,nan,nan,nan,nan,nan
348.41,1544765420,6565.61,51.44308104,7.44125487,229.32,36.30,-0.12,287.02,nan,nan,nan,nan,nan,nan,nan,nan,nan
349.41,1544765421,6601.91,51.44318301,7.44075740,228.68,36.37,0.06,287.44,nan,nan,nan,nan,nan,nan,nan,nan,nan
350.41,1544765422,6638.28,51.44328441,7.44026141,228.16,36.31,-0.05,287.67,nan,nan,nan,nan,nan,nan,nan,nan,nan
351.41,1544765423,6674.59,51.44338700,7.43976162,227.53,36.60,0.28,288.38,nan,nan,nan,nan,nan,nan,nan,nan,nan
352.42,1544765424,6711.23,51.44349271,7.43927565,226.90,36.42,-0.18,288.81,nan,nan,nan,nan,nan,nan,nan,nan,nan
353.42,1544765425,6747.65,51.44360160,7.43878132,225.88,36.37,-0.04,289.61,nan,nan,nan,nan,nan,nan,nan,nan,nan
354.41,1544765426,6783.98,51.44371371,7.43829572,224.78,36.26,-0.11,289.87,nan,nan,nan,nan,nan,nan,nan,nan,nan
355.41,1544765427,6820.24,51.44383044,7.43780022,223.26,36.46,0.19,290.45,nan,nan,nan,nan,nan,nan,nan,nan,nan
356.42,1544765428,6856.74,51.44394859,7.43731768,222.02,36.38,-0.08,290.99,nan,nan,nan,nan,nan,nan,nan,nan,nan
357.41,1544765429,6893.08,51.44406803,7.43683029,220.86,36.59,0.21,291.81,nan,nan,nan,nan,nan,nan,nan,nan,nan
358.41,1544765430,6929.67,51.44418730,7.43633113,219.43,36.61,0.02,291.77,nan,nan,nan,nan,nan,nan,nan,nan,nan
359.41,1544765431,6966.28,51.44431036,7.43584390,217.61,37.12,0.51,292.48,nan,nan,nan,nan,nan,nan,nan,nan,nan
360.42,1544765432,7003.44,51.44443766,7.43535264,216.11,36.91,-0.22,293.09,nan,nan,nan,nan,nan,nan,nan,nan,nan
361.41,1544765433,7040.31,51.44457397,7.43487741,214.86,36.73,-0.18,294.21,nan,nan,nan,nan,nan,nan,nan,nan,nan
362.41,1544765434,7077.04,51.44471391,7.43441709,213.65,36.68,-0.05,295.40,nan,nan,nan,nan,nan,nan,nan,nan,nan
363.41,1544765435,7113.73,51.44485404,7.43394823,212.33,36.65,-0.03,295.80,nan,nan,nan,nan,nan,nan,nan,nan,nan
364.42,1544765436,7150.41,51.44500691,7.43347820,211.40,37.18,0.53,297.76,nan,nan,nan,nan,nan,nan,nan,nan,nan
365.42,1544765437,7187.89,51.44516912,7.43300523,210.37,37.29,0.11,298.98,nan,nan,nan,nan,nan,nan,nan,nan,nan
366.42,1544765438,7224.88,51.44533878,7.43253984,209.18,37.28,-0.01,300.51,nan,nan,nan,nan,nan,nan,nan,nan,nan
367.42,1544765439,7262.16,51.44552182,7.43207834,207.52,37.18,-0.10,302.38,nan,nan,nan,nan,nan,nan,nan,nan,nan
368.41,1544765440,7299.29,51.44570944,7.43162591,205.89,37.11,-0.06,303.83,nan,nan,nan,nan,nan,nan,nan,nan,nan
369.41,1544765441,7336.41,51.44590132,7.43118661,204.27,37.22,0.10,305.19,nan,nan,nan,nan,nan,nan,nan,nan,nan
370.41,1544765442,7373.62,51.44610417,7.43075400,202.80,37.33,0.11,307.07,nan,nan,nan,nan,nan,nan,nan,nan,nan
371.41,1544765443,7410.95,51.44631330,7.43033219,201.57,37.45,0.12,308.61,nan,nan,nan,nan,nan,nan,nan,nan,nan
372.41,1544765444,7448.41,51.44652581,7.42991015,200.62,37.54,0.09,309.42,nan,nan,nan,nan,nan,nan,nan,nan,nan
373.42,1544765445,7485.99,51.44674162,7.42951081,199.50,37.75,0.20,310.50,nan,nan,nan,nan,nan,nan,nan,nan,nan
374.42,1544765446,7523.73,51.44696865,7.42911196,198.45,37.93,0.19,312.66,nan,nan,nan,nan,nan,nan,nan,nan,nan
375.41,1544765447,7561.63,51.44720175,7.42872598,197.63,37.83,-0.10,314.12,nan,nan,nan,nan,nan,nan,nan,nan,nan
376.41,1544765448,7599.46,51.44744493,7.42835593,196.88,37.73,-0.10,316.27,nan,nan,nan,nan,nan,nan,nan,nan,nan
377.41,1544765449,7637.19,51.44768927,7.42799603,196.05,37.89,0.16,316.90,nan,nan,nan,nan,nan,nan,nan,nan,nan
378.42,1544765450,7675.12,51.44794954,7.42765470,194.90,38.27,0.38,319.27,nan,nan,nan,nan,nan,nan,nan,nan,nan
379.42,1544765451,7713.39,51.44821757,7.42730399,193.55,38.37,0.10,320.33,nan,nan,nan,nan,nan,nan,nan,nan,nan
380.41,1544765452,7751.72,51.44848574,7.42697412,192.07,37.97,-0.39,322.34,nan,nan,nan,nan,nan,nan,nan,nan,nan
381.42,1544765453,7789.77,51.44875757,7.42665713,190.60,37.45,-0.52,324.07,nan,nan,nan,nan,nan,nan,nan,nan,nan
382.41,1544765454,7827.14,51.44903322,7.42635558,189.25,36.98,-0.47,325.76,nan,nan,nan,nan,nan,nan,nan,nan,nan
383.42,1544765455,7864.16,51.44931501,7.42608642,187.83,36.56,-0.42,326.95,nan,nan,nan,nan,nan,nan,nan,nan,nan
384.42,1544765456,7900.72,51.44959958,7.42580569,186.52,36.44,-0.12,328.64,nan,nan,nan,nan,nan,nan,nan,nan,nan
385.42,1544765457,7937.15,51.44988516,7.42554532,185.22,36.70,0.27,330.68,nan,nan,nan,nan,nan,nan,nan,nan,nan
386.42,1544765458,7974.18,51.45017265,7.42529812,183.94,36.44,-0.26,332.00,nan,nan,nan,nan,nan,nan,nan,nan,nan
387.41,1544765459,8010.26,51.45046108,7.42506708,182.82,36.04,-0.40,333.67,nan,nan,nan,nan,nan,nan,nan,nan,nan
388.42,1544765460,8046.34,51.45076239,7.42484087,181.52,35.92,-0.13,335.17,nan,nan,nan,nan,nan,nan,nan,nan,nan
389.41,1544765461,8082.22,51.45105505,7.42463360,180.11,35.84,-0.07,336.34,nan,nan,nan,nan,nan,nan,nan,nan,nan
390.42,1544765462,8118.10,51.45134872,7.42443660,178.46,35.68,-0.17,337.49,nan,nan,nan,nan,nan,nan,nan,nan,nan
391.41,1544765463,8153.74,51.45164126,7.42424520,176.65,35.15,-0.53,338.49,nan,nan,nan,nan,nan,nan,nan,nan,nan
392.41,1544765464,8188.89,51.45193914,7.42407545,174.86,35.19,0.04,340.30,nan,nan,nan,nan,nan,nan,nan,nan,nan
393.41,1544765465,8224.08,51.45224564,7.42391908,172.86,35.59,0.41,341.46,nan,nan,nan,nan,nan,nan,nan,nan,nan
394.41,1544765466,8259.67,51.45255284,7.42376385,170.96,35.77,0.17,341.41,nan,nan,nan,nan,nan,nan,nan,nan,nan
395.41,1544765467,8295.44,51.45286122,7.42360784,169.37,35.73,-0.04,342.40,nan,nan,nan,nan,nan,nan,nan,nan,nan
396.42,1544765468,8331.20,51.45317582,7.42346034,168.03,36.02,0.29,342.70,nan,nan,nan,nan,nan,nan,nan,nan,nan
397.42,1544765469,8367.22,51.45348360,7.42331702,166.61,35.92,-0.09,343.23,nan,nan,nan,nan,nan,nan,nan,nan,nan
398.41,1544765470,8403.11,51.45379015,7.42317505,165.08,36.02,0.10,343.47,nan,nan,nan,nan,nan,nan,nan,nan,nan
399.41,1544765471,8439.13,51.45410357,7.42303989,163.89,35.70,-0.32,343.96,nan,nan,nan,nan,nan,nan,nan,nan,nan
400.42,1544765472,8474.87,51.45440968,7.42290877,162.71,35.30,-0.41,344.07,nan,nan,nan,nan,nan,nan,nan,nan,nan
401.42,1544765473,8510.16,51.45471238,7.42277847,161.67,34.78,-0.51,343.84,nan,nan,nan,nan,nan,nan,nan,nan,nan
402.42,1544765474,8544.98,51.45501137,7.42264497,160.67,34.19,-0.59,343.56,nan,nan,nan,nan,nan,nan,nan,nan,nan
403.42,1544765475,8579.14,51.45530120,7.42250579,159.73,33.66,-0.53,342.90,nan,nan,nan,nan,nan,nan,nan,nan,nan
404.41,1544765476,8612.77,51.45558967,7.42236490,158.77,33.79,0.13,342.05,nan,nan,nan,nan,nan,nan,nan,nan,nan
405.42,1544765477,8646.60,51.45587850,7.42221159,158.00,33.95,0.16,341.53,nan,nan,nan,nan,nan,nan,nan,nan,nan
406.42,1544765478,8680.55,51.45616710,7.42205500,157.41,34.13,0.18,340.92,nan,nan,nan,nan,nan,nan,nan,nan,nan
407.43,1544765479,8715.06,51.45645198,7.42188796,156.97,34.22,0.09,339.92,nan,nan,nan,nan,nan,nan,nan,nan,nan
408.42,1544765480,8748.90,51.45673650,7.42170992,156.46,34.30,0.07,338.53,nan,nan,nan,nan,nan,nan,nan,nan,nan
409.42,1544765481,8783.20,51.45702197,7.42153034,155.89,34.22,-0.08,337.58,nan,nan,nan,nan,nan,nan,nan,nan,nan
410.42,1544765482,8817.42,51.45730027,7.42133810,155.27,33.97,-0.25,336.52,nan,nan,nan,nan,nan,nan,nan,nan,nan
411.42,1544765483,8851.39,51.45758094,7.42114088,154.80,33.66,-0.31,335.74,nan,nan,nan,nan,nan,nan,nan,nan,nan
412.42,1544765484,8885.05,51.45785007,7.42093497,154.47,33.26,-0.41,334.71,nan,nan,nan,nan,nan,nan,nan,nan,nan
413.42,1544765485,8918.31,51.45811674,7.42072891,154.28,32.81,-0.44,334.18,nan,nan,nan,nan,nan,nan,nan,nan,nan
414.42,1544765486,8951.12,51.45837656,7.42051982,154.36,32.08,-0.73,333.36,nan,nan,nan,nan,nan,nan,nan,nan,nan
415.42,1544765487,8983.20,51.45862792,7.42030730,154.39,31.31,-0.78,332.15,nan,nan,nan,nan,nan,nan,nan,nan,nan
416.42,1544765488,9014.51,51.45887767,7.42009569,154.46,31.17,-0.14,331.36,nan,nan,nan,nan,nan,nan,nan,nan,nan
417.42,1544765489,9045.68,51.45911880,7.41987994,154.52,31.12,-0.05,330.56,nan,nan,nan,nan,nan,nan,nan,nan,nan
418.42,1544765490,9076.80,51.45936448,7.41965151,154.60,31.28,0.15,329.30,nan,nan,nan,nan,nan,nan,nan,nan,nan
419.41,1544765491,9108.05,51.45960909,7.41941533,154.73,31.42,0.15,328.26,nan,nan,nan,nan,nan,nan,nan,nan,nan
420.41,1544765492,9139.47,51.45984814,7.41918127,154.95,31.53,0.11,327.41,nan,nan,nan,nan,nan,nan,nan,nan,nan
421.41,1544765493,9171.00,51.46008536,7.41893175,155.15,31.90,0.37,326.49,nan,nan,nan,nan,nan,nan,nan,nan,nan
422.42,1544765494,9202.94,51.46032410,7.41867807,155.33,32.16,0.26,325.62,nan,nan,nan,nan,nan,nan,nan,nan,nan
423.42,1544765495,9235.09,51.46055847,7.41841458,155.61,32.33,0.18,325.12,nan,nan,nan,nan,nan,nan,nan,nan,nan
424.41,1544765496,9267.40,51.46079197,7.41813967,155.90,32.65,0.31,323.64,nan,nan,nan,nan,nan,nan,nan,nan,nan
425.42,1544765497,9300.08,51.46102802,7.41786204,156.12,33.01,0.36,322.85,nan,nan,nan,nan,nan,nan,nan,nan,nan
426.41,1544765498,9333.05,51.46126127,7.41757088,156.33,33.45,0.44,321.95,nan,nan,nan,nan,nan,nan,nan,nan,nan
427.41,1544765499,9366.50,51.46149376,7.41727073,156.46,33.84,0.39,320.94,nan,nan,nan,nan,nan,nan,nan,nan,nan
428.42,1544765500,9400.65,51.46172961,7.41696362,156.54,34.25,0.41,320.11,nan,nan,nan,nan,nan,nan,nan,nan,nan
429.41,1544765501,9434.59,51.46196436,7.41663893,156.37,34.65,0.40,319.23,nan,nan,nan,nan,nan,nan,nan,nan,nan
430.42,1544765502,9469.27,51.46219863,7.41630961,156.11,35.16,0.51,318.38,nan,nan,nan,nan,nan,nan,nan,nan,nan
431.41,1544765503,9504.40,51.46243001,7.41597007,155.89,35.55,0.39,317.39,nan,nan,nan,nan,nan,nan,nan,nan,nan
432.41,1544765504,9539.95,51.46266809,7.41561304,155.91,35.98,0.43,316.61,nan,nan,nan,nan,nan,nan,nan,nan,nan
433.41,1544765505,9575.93,51.46290777,7.41525257,156.03,36.44,0.46,316.84,nan,nan,nan,nan,nan,nan,nan,nan,nan
434.42,1544765506,9612.41,51.46314270,7.41488910,156.27,36.86,0.41,315.90,nan,nan,nan,nan,nan,nan,nan,nan,nan
435.41,1544765507,9649.23,51.46337595,7.41451219,156.43,36.72,-0.14,314.30,nan,nan,nan,nan,nan,nan,nan,nan,nan
436.41,1544765508,9685.95,51.46359859,7.41413087,156.48,36.43,-0.29,312.47,nan,nan,nan,nan,nan,nan,nan,nan,nan
437.41,1544765509,9722.38,51.46381628,7.41373997,156.40,36.09,-0.34,311.08,nan,nan,nan,nan,nan,nan,nan,nan,nan
438.42,1544765510,9758.51,51.46403001,7.41334814,156.20,35.77,-0.32,310.50,nan,nan,nan,nan,nan,nan,nan,nan,nan
439.41,1544765511,9794.24,51.46423196,7.41296249,156.11,35.45,-0.32,309.77,nan,nan,nan,nan,nan,nan,nan,nan,nan
440.42,1544765512,9829.73,51.46443409,7.41257466,156.07,35.12,-0.33,309.24,nan,nan,nan,nan,nan,nan,nan,nan,nan
441.41,1544765513,9864.81,51.46463366,7.41218932,156.04,34.64,-0.48,308.85,nan,nan,nan,nan,nan,nan,nan,nan,nan
442.41,1544765514,9899.45,51.46482606,7.41180332,156.02,34.01,-0.63,308.60,nan,nan,nan,nan,nan,nan,nan,nan,nan
443.41,1544765515,9933.46,51.46501541,7.41142462,155.97,33.35,-0.66,308.45,nan,nan,nan,nan,nan,nan,nan,nan,nan
444.41,1544765516,9966.81,51.46520055,7.41105449,155.86,32.62,-0.74,308.32,nan,nan,nan,nan,nan,nan,nan,nan,nan
445.41,1544765517,9999.43,51.46538176,7.41068961,155.75,32.11,-0.51,308.05,nan,nan,nan,nan,nan,nan,nan,nan,nan
446.42,1544765518,10031.57,51.46556133,7.41032118,155.70,32.15,0.04,307.64,nan,nan,nan,nan,nan,nan,nan,nan,nan
447.44,1544765519,10064.56,51.46573520,7.40994069,155.70,32.42,0.26,306.70,1,-76.00,-4.00,3.00,14.00,49.00,5.00,13395458,112
448.41,1544765520,10096.07,51.46590831,7.40956087,155.79,32.80,0.40,306.01,1,-76.00,-4.00,3.00,14.00,49.00,5.00,13395458,112
449.41,1544765521,10128.90,51.46608350,7.40917581,155.93,33.18,0.38,306.47,1,-76.00,-4.00,3.00,14.00,49.00,5.00,13395458,112
450.42,1544765522,10162.15,51.46626049,7.40879187,156.25,33.67,0.48,307.01,1,-80.00,-7.00,25.00,15.00,46.00,5.00,13395458,112
451.42,1544765523,10195.95,51.46644833,7.40840303,156.59,34.23,0.56,307.93,1,-80.00,-7.00,25.00,15.00,46.00,5.00,13395458,112
452.42,1544765524,10230.04,51.46663889,7.40800506,156.82,34.63,0.41,308.53,1,-89.00,-12.00,15.00,11.00,44.00,5.00,13395458,112
453.42,1544765525,10264.67,51.46683008,7.40760603,156.96,35.02,0.38,308.87,1,-89.00,-12.00,15.00,11.00,44.00,5.00,13395458,112
454.41,1544765526,10299.52,51.46702710,7.40721924,157.07,35.14,0.12,309.28,1,-80.00,-5.00,11.00,6.00,53.00,7.00,13395458,112
455.41,1544765527,10334.69,51.46722735,7.40682867,157.19,35.15,0.02,309.84,1,-80.00,-5.00,11.00,6.00,53.00,7.00,13395458,112
456.42,1544765528,10369.98,51.46743010,7.40643619,157.26,35.02,-0.13,310.13,1,-81.00,-7.00,14.00,12.00,44.00,7.00,13395458,112
457.42,1544765529,10405.04,51.46763484,7.40605354,157.32,34.83,-0.19,310.47,1,-81.00,-7.00,14.00,12.00,44.00,7.00,13395458,112
458.42,1544765530,10439.80,51.46784021,7.40567132,157.43,34.78,-0.05,310.95,1,-82.00,-5.00,13.00,11.00,43.00,7.00,13395458,112
459.41,1544765531,10474.54,51.46805082,7.40529569,157.67,34.79,0.01,311.59,1,-82.00,-5.00,13.00,11.00,43.00,7.00,13395458,112
460.41,1544765532,10509.33,51.46826355,7.40492625,157.93,34.74,-0.06,313.01,1,-82.00,-5.00,-6.00,12.00,41.00,7.00,13395458,112
461.41,1544765533,10543.97,51.46847662,7.40455608,158.29,34.63,-0.11,313.48,1,-82.00,-5.00,-6.00,12.00,41.00,7.00,13395458,112
462.42,1544765534,10578.77,51.46869037,7.40418893,158.68,34.61,-0.02,313.59,1,-84.00,-6.00,7.00,8.00,40.00,9.00,13395458,112
463.42,1544765535,10613.38,51.46890348,7.40382520,159.20,34.63,0.03,313.67,1,-84.00,-6.00,7.00,8.00,40.00,9.00,13395458,112
464.42,1544765536,10648.01,51.46911729,7.40346132,159.80,34.33,-0.30,313.93,1,-87.00,-7.00,9.00,15.00,39.00,9.00,13395458,112
465.42,1544765537,10682.34,51.46932715,7.40310285,160.75,34.53,0.20,313.70,1,-87.00,-7.00,9.00,15.00,39.00,9.00,13395458,112
466.42,1544765538,10716.91,51.46954585,7.40274075,161.45,34.18,-0.34,314.17,1,-86.00,-6.00,5.00,15.00,35.00,18.00,13022465,205
467.42,1544765539,10751.06,51.46976822,7.40237218,162.14,34.01,-0.17,314.73,1,-86.00,-6.00,5.00,15.00,35.00,18.00,13022465,205
468.43,1544765540,10785.37,51.46998386,7.40201176,162.71,33.92,-0.08,315.00,1,-88.00,-6.00,11.00,10.00,36.00,18.00,13022465,205
469.42,1544765541,10818.99,51.47019891,7.40166788,163.28,33.79,-0.14,315.23,1,-88.00,-6.00,11.00,10.00,36.00,18.00,13022465,205
470.42,1544765542,10852.78,51.47041804,7.40132316,163.97,33.71,-0.08,315.39,1,-88.00,-6.00,11.00,10.00,36.00,18.00,13022465,205
471.42,1544765543,10886.62,51.47063189,7.40098218,164.68,33.64,-0.07,315.94,1,-87.00,-6.00,9.00,10.00,37.00,18.00,13022465,205
472.41,1544765544,10920.00,51.47085139,7.40064674,165.33,33.61,-0.03,316.59,1,-87.00,-6.00,9.00,10.00,37.00,18.00,13022465,205
473.41,1544765545,10953.64,51.47107272,7.40031164,166.05,33.54,-0.07,317.12,1,-87.00,-13.00,8.00,12.00,41.00,18.00,13022465,205
474.42,1544765546,10987.28,51.47129300,7.39997778,166.93,33.51,-0.03,317.31,1,-87.00,-13.00,8.00,12.00,41.00,18.00,13022465,205
475.42,1544765547,11020.75,51.47151514,7.39964388,167.68,33.57,0.07,317.57,1,-87.00,-5.00,11.00,10.00,36.00,18.00,13022465,205
476.42,1544765548,11054.33,51.47174086,7.39932111,168.50,33.65,0.07,317.94,1,-87.00,-5.00,11.00,10.00,36.00,18.00,13022465,205
477.41,1544765549,11087.94,51.47196694,7.39899800,169.11,33.71,0.06,318.41,1,-87.00,-5.00,22.00,12.00,35.00,18.00,13022465,205
478.42,1544765550,11121.72,51.47218945,7.39867916,169.66,33.73,0.02,318.37,1,-87.00,-5.00,22.00,12.00,35.00,18.00,13022465,205
479.42,1544765551,11155.41,51.47241965,7.39836276,170.20,33.81,0.08,319.30,1,-87.00,-6.00,20.00,14.00,37.00,18.00,13022465,205
480.41,1544765552,11189.19,51.47265007,7.39804795,170.68,33.80,-0.01,319.75,1,-87.00,-6.00,20.00,14.00,37.00,18.00,13022465,205
481.41,1544765553,11222.99,51.47288033,7.39774158,171.11,32.94,-0.86,319.76,1,-86.00,-6.00,20.00,11.00,37.00,18.00,13022465,205
482.41,1544765554,11255.86,51.47309978,7.39744568,171.41,32.06,-0.87,319.87,1,-86.00,-6.00,20.00,11.00,37.00,18.00,13022465,205
483.41,1544765555,11287.92,51.47331973,7.39715580,171.68,31.22,-0.85,320.62,1,-85.00,-6.00,19.00,12.00,39.00,18.00,13022465,205
484.41,1544765556,11319.14,51.47353556,7.39687069,172.05,30.68,-0.54,321.02,1,-85.00,-6.00,19.00,12.00,39.00,18.00,13022465,205
485.42,1544765557,11349.91,51.47375040,7.39659277,172.54,30.50,-0.17,321.60,1,-88.00,-6.00,16.00,12.00,37.00,18.00,13022465,205
486.42,1544765558,11380.41,51.47397077,7.39632223,173.07,30.65,0.15,322.05,1,-88.00,-6.00,16.00,12.00,37.00,18.00,13022465,205
487.41,1544765559,11411.03,51.47418780,7.39605283,173.62,30.47,-0.18,322.33,1,-86.00,-5.00,11.00,9.00,38.00,18.00,13022465,205
488.41,1544765560,11441.49,51.47440735,7.39579502,174.11,30.11,-0.35,323.87,1,-86.00,-5.00,11.00,9.00,38.00,18.00,13022465,205
489.41,1544765561,11471.61,51.47462913,7.39553891,174.51,29.85,-0.27,324.69,1,-75.00,-6.00,24.00,11.00,47.00,18.00,13022465,205
490.41,1544765562,11501.36,51.47485097,7.39530084,174.90,29.25,-0.60,325.90,1,-75.00,-6.00,24.00,11.00,47.00,18.00,13022465,205
491.42,1544765563,11530.96,51.47506944,7.39507807,175.23,28.61,-0.63,327.45,1,-77.00,-9.00,23.00,15.00,52.00,18.00,13022465,205
492.41,1544765564,11559.23,51.47529315,7.39486689,175.66,28.36,-0.24,329.33,1,-77.00,-9.00,23.00,15.00,52.00,18.00,13022465,205
493.41,1544765565,11587.59,51.47551089,7.39466433,175.95,28.27,-0.09,329.31,1,-77.00,-9.00,23.00,15.00,52.00,18.00,13022465,205
494.41,1544765566,11615.86,51.47572959,7.39445566,176.25,28.09,-0.18,330.14,1,-70.00,-6.00,26.00,15.00,54.00,18.00,13022465,205
495.41,1544765567,11644.04,51.47595127,7.39425263,176.70,27.94,-0.15,330.55,1,-70.00,-6.00,26.00,15.00,54.00,18.00,13022465,205
496.41,1544765568,11671.99,51.47617103,7.39405544,177.04,27.60,-0.34,330.89,1,-76.00,-5.00,25.00,12.00,49.00,18.00,13022465,205
497.41,1544765569,11699.59,51.47638463,7.39387242,177.40,27.06,-0.55,332.22,1,-76.00,-5.00,25.00,12.00,49.00,18.00,13022465,205
498.41,1544765570,11726.65,51.47659910,7.39370536,177.94,26.50,-0.56,334.09,1,-65.00,-5.00,31.00,15.00,62.00,18.00,13022465,205
499.41,1544765571,11753.12,51.47681315,7.39354088,178.46,25.70,-0.80,334.76,1,-65.00,-5.00,31.00,15.00,62.00,18.00,13022465,205
500.41,1544765572,11778.77,51.47701442,7.39338900,178.90,24.11,-1.60,335.37,1,-73.00,-5.00,30.00,15.00,54.00,18.00,13022465,205
501.41,1544765573,11802.88,51.47720533,7.39326105,179.21,21.99,-2.12,337.90,1,-73.00,-5.00,30.00,15.00,54.00,18.00,13022465,205
502.41,1544765574,11824.84,51.47737156,7.39316892,179.32,19.89,-2.10,341.40,1,-66.00,-7.00,28.00,15.00,59.00,18.00,13022465,205
503.41,1544765575,11844.81,51.47753212,7.39310394,179.38,18.71,-1.18,345.36,1,-66.00,-7.00,28.00,15.00,59.00,18.00,13022465,205
504.41,1544765576,11863.52,51.47769969,7.39304373,179.76,18.17,-0.53,347.31,1,-71.00,-5.00,27.00,12.00,53.00,18.00,13022465,205
505.42,1544765577,11881.71,51.47786153,7.39300315,180.29,17.89,-0.28,350.92,1,-71.00,-5.00,27.00,12.00,53.00,18.00,13022465,205
506.41,1544765578,11899.58,51.47803702,7.39301879,181.08,18.35,0.46,4.15,1,-66.00,-5.00,22.00,15.00,60.00,18.00,13022465,205
507.41,1544765579,11917.92,51.47820470,7.39305296,181.64,18.20,-0.14,6.44,1,-66.00,-5.00,22.00,15.00,60.00,18.00,13022465,205
508.41,1544765580,11936.13,51.47837100,7.39311141,182.06,18.05,-0.15,10.31,1,-74.00,-5.00,21.00,15.00,52.00,18.00,13022465,205
509.41,1544765581,11954.18,51.47851560,7.39322689,182.30,17.99,-0.06,24.71,1,-74.00,-5.00,21.00,15.00,52.00,18.00,13022465,205
510.44,1544765582,11972.62,51.47865486,7.39334879,182.63,18.10,0.11,27.14,1,-77.00,-5.00,27.00,15.00,48.00,18.00,13022465,205
511.41,1544765583,11990.22,51.47879307,7.39348187,183.04,18.17,0.07,29.82,1,-77.00,-5.00,27.00,15.00,48.00,18.00,13022465,205
512.42,1544765584,12008.48,51.47892280,7.39360837,183.88,16.75,-1.42,30.75,1,-83.00,-11.00,24.00,12.00,48.00,18.00,13022465,205
513.42,1544765585,12025.21,51.47904991,7.39372893,184.55,14.60,-2.15,28.65,1,-83.00,-11.00,24.00,12.00,48.00,18.00,13022465,205
514.41,1544765586,12039.77,51.47916583,7.39377954,184.91,13.40,-1.21,12.83,1,-83.00,-11.00,24.00,12.00,48.00,18.00,13022465,205
515.41,1544765587,12053.17,51.47928351,7.39379271,185.01,12.93,-0.47,0.05,1,-82.00,-6.00,20.00,11.00,44.00,18.00,13022465,205
516.41,1544765588,12066.12,51.47940955,7.39379736,185.37,13.04,0.11,356.42,1,-82.00,-6.00,20.00,11.00,44.00,18.00,13022465,205
517.42,1544765589,12079.18,51.47952798,7.39375114,185.53,13.14,0.10,341.12,1,-89.00,-7.00,10.00,10.00,38.00,18.00,13022465,205
518.41,1544765590,12092.31,51.47964227,7.39369691,185.57,13.10,-0.04,339.59,1,-89.00,-7.00,10.00,10.00,38.00,18.00,13022465,205
519.41,1544765591,12105.41,51.47974910,7.39362495,185.58,12.80,-0.30,337.60,1,-91.00,-7.00,6.00,10.00,36.00,18.00,13022465,205
520.41,1544765592,12118.16,51.47985084,7.39355310,185.58,11.98,-0.82,336.54,1,-91.00,-7.00,6.00,10.00,36.00,18.00,13022465,205
521.41,1544765593,12130.17,51.47994705,7.39348177,185.56,10.87,-1.11,336.94,1,-95.00,-8.00,1.00,9.00,32.00,18.00,13022465,205
522.41,1544765594,12141.03,51.48003807,7.39341976,185.61,9.99,-0.88,339.13,1,-95.00,-8.00,1.00,9.00,32.00,18.00,13022465,205
523.42,1544765595,12151.06,51.48012590,7.39340345,185.65,8.71,-1.28,358.30,1,-89.00,-9.00,1.00,10.00,39.00,18.00,13022465,205
524.42,1544765596,12159.77,51.48019823,7.39341986,185.54,8.31,-0.40,13.30,1,-89.00,-9.00,1.00,10.00,39.00,18.00,13022465,205
525.42,1544765597,12168.08,51.48026822,7.39347895,185.58,8.91,0.60,30.61,1,-92.00,-9.00,11.00,15.00,37.00,18.00,13022465,205
526.42,1544765598,12177.00,51.48032314,7.39356615,185.83,9.69,0.78,44.63,1,-92.00,-9.00,11.00,15.00,37.00,18.00,13022465,205
527.41,1544765599,12186.67,51.48036013,7.39367959,186.00,10.34,0.65,59.37,1,-91.00,-8.00,6.00,15.00,36.00,18.00,13022465,205
528.41,1544765600,12197.01,51.48040630,7.39381589,186.44,11.20,0.85,59.46,1,-91.00,-8.00,6.00,15.00,36.00,18.00,13022465,205
529.42,1544765601,12208.23,51.48045734,7.39396355,187.03,12.22,1.02,59.18,1,-95.00,-9.00,1.00,9.00,34.00,18.00,13022465,205
530.42,1544765602,12220.47,51.48051244,7.39412215,187.77,13.52,1.29,58.57,1,-95.00,-9.00,1.00,9.00,34.00,18.00,13022465,205
531.42,1544765603,12234.02,51.48057586,7.39429368,188.52,14.79,1.27,57.97,1,-100.00,-14.00,1.00,6.00,36.00,18.00,13022465,205
532.41,1544765604,12248.68,51.48064640,7.39447969,189.27,15.97,1.19,57.22,1,-100.00,-14.00,1.00,6.00,36.00,18.00,13022465,205
533.41,1544765605,12264.67,51.48071878,7.39467387,189.92,17.08,1.11,57.66,1,-97.00,-12.00,1.00,9.00,32.00,18.00,13022465,205
534.42,1544765606,12281.84,51.48079951,7.39488714,190.64,17.55,0.46,58.28,1,-97.00,-12.00,1.00,9.00,32.00,18.00,13022465,205
535.42,1544765607,12299.51,51.48087805,7.39509825,191.17,17.66,0.12,58.78,1,-97.00,-12.00,1.00,7.00,35.00,18.00,13022465,205
536.42,1544765608,12317.05,51.48095753,7.39532210,191.40,17.64,-0.03,59.68,1,-97.00,-12.00,1.00,7.00,35.00,18.00,13022465,205
537.42,1544765609,12334.65,51.48103889,7.39554450,191.39,17.60,-0.04,59.74,1,-97.00,-12.00,1.00,7.00,35.00,18.00,13022465,205
538.42,1544765610,12352.28,51.48112319,7.39577637,191.23,17.61,0.02,60.08,1,-96.00,-12.00,1.00,8.00,35.00,18.00,13022465,205
539.42,1544765611,12369.89,51.48120193,7.39599881,190.85,17.57,-0.05,60.09,1,-96.00,-12.00,1.00,8.00,35.00,18.00,13022465,205
540.42,1544765612,12387.46,51.48128739,7.39623340,190.42,17.56,-0.01,59.95,1,-96.00,-12.00,0.00,7.00,35.00,18.00,13022465,205
541.43,1544765613,12405.15,51.48136854,7.39645570,189.83,17.45,-0.11,60.06,1,-96.00,-12.00,0.00,7.00,35.00,18.00,13022465,205
542.42,1544765614,12422.44,51.48144499,7.39666457,189.55,17.20,-0.24,59.64,1,-98.00,-14.00,2.00,6.00,36.00,18.00,13022465,205
543.41,1544765615,12439.61,51.48151343,7.39685189,189.69,16.91,-0.30,58.97,1,-98.00,-14.00,2.00,6.00,36.00,18.00,13022465,205
544.42,1544765616,12456.60,51.48159438,7.39705938,190.01,16.49,-0.42,58.14,1,-101.00,-14.00,1.00,7.00,30.00,18.00,13022465,205
545.42,1544765617,12473.06,51.48167311,7.39725792,190.26,16.09,-0.39,57.34,1,-101.00,-14.00,1.00,7.00,30.00,18.00,13022465,205
546.42,1544765618,12489.13,51.48175775,7.39745846,190.35,15.72,-0.38,56.52,1,-103.00,-14.00,-1.00,6.00,29.00,18.00,13022465,205
547.42,1544765619,12504.85,51.48183838,7.39763778,190.34,15.33,-0.39,55.49,1,-103.00,-14.00,-1.00,6.00,29.00,18.00,13022465,205
548.42,1544765620,12520.18,51.48191836,7.39781131,190.31,14.81,-0.52,54.41,1,-100.00,-11.00,-3.00,9.00,28.00,18.00,13022465,205
549.42,1544765621,12535.00,51.48199409,7.39796500,190.45,13.58,-1.23,53.04,1,-100.00,-11.00,-3.00,9.00,28.00,18.00,13022465,205
550.42,1544765622,12548.56,51.48206870,7.39811019,190.32,12.17,-1.42,51.59,1,-99.00,-12.00,-2.00,9.00,31.00,18.00,13022465,205
551.42,1544765623,12560.74,51.48214129,7.39823902,190.22,10.42,-1.75,50.25,1,-99.00,-12.00,-2.00,9.00,31.00,18.00,13022465,205
552.41,1544765624,12571.13,51.48220342,7.39834182,190.02,9.03,-1.40,48.49,1,-93.00,-11.00,-1.00,6.00,38.00,8.00,13532163,200
553.41,1544765625,12580.16,51.48225628,7.39842308,189.86,7.80,-1.22,46.67,1,-93.00,-11.00,-1.00,6.00,38.00,8.00,13532163,200
554.42,1544765626,12587.98,51.48229761,7.39848385,189.70,5.93,-1.87,45.76,1,-98.00,-12.00,0.00,7.00,33.00,8.00,13532163,200
555.42,1544765627,12593.92,51.48232566,7.39852092,189.69,3.84,-2.09,44.82,1,-98.00,-12.00,0.00,7.00,33.00,8.00,13532163,200
556.43,1544765628,12597.79,51.48234479,7.39854657,189.68,2.19,-1.63,43.54,1,-101.00,-12.00,-1.00,7.00,30.00,8.00,13532163,200
557.42,1544765629,12599.96,51.48235932,7.39856713,189.64,1.26,-0.95,41.23,1,-101.00,-12.00,-1.00,7.00,30.00,8.00,13532163,200
558.42,1544765630,12601.22,51.48236648,7.39857403,189.59,0.42,-0.84,41.23,1,-101.00,-12.00,-1.00,7.00,30.00,8.00,13532163,200
559.42,1544765631,12601.64,51.48236648,7.39857403,189.59,0.00,-0.42,41.23,1,-98.00,-10.00,1.00,6.00,29.00,8.00,13532163,200
560.41,1544765632,12601.64,51.48236648,7.39857403,189.59,0.00,0.00,41.23,1,-98.00,-10.00,1.00,6.00,29.00,8.00,13532163,200
561.41,1544765633,12601.64,51.48236648,7.39857403,189.59,0.00,0.00,41.23,1,-98.00,-11.00,1.00,9.00,33.00,8.00,13532163,200
562.42,1544765634,12601.64,51.48236648,7.39857403,189.60,0.00,0.00,41.23,1,-98.00,-11.00,1.00,9.00,33.00,8.00,13532163,200
563.42,1544765635,12601.64,51.48236648,7.39857403,189.61,0.00,0.00,41.23,1,-96.00,-11.00,2.00,6.00,33.00,8.00,13532163,200
564.42,1544765636,12601.64,51.48236648,7.39857403,189.61,0.00,0.00,41.23,1,-96.00,-11.00,2.00,6.00,33.00,8.00,13532163,200
565.42,1544765637,12601.64,51.48236648,7.39857403,189.62,0.00,0.00,41.23,1,-97.00,-11.00,2.00,9.00,33.00,8.00,13532163,200
566.42,1544765638,12601.64,51.48236648,7.39857403,189.63,0.00,0.00,41.23,1,-97.00,-11.00,2.00,9.00,33.00,8.00,13532163,200
567.41,1544765639,12601.64,51.48236648,7.39857403,189.63,0.00,0.00,41.23,1,-97.00,-11.00,2.00,6.00,33.00,8.00,13532163,200
568.42,1544765640,12601.64,51.48236648,7.39857403,189.64,0.00,0.00,41.23,1,-97.00,-11.00,2.00,6.00,33.00,8.00,13532163,200
569.42,1544765641,12601.64,51.48236648,7.39857403,189.65,0.00,0.00,41.23,1,-96.00,-10.00,2.00,6.00,33.00,8.00,13532163,200
570.44,1544765642,12601.64,51.48236648,7.39857403,189.66,0.00,0.00,41.23,1,-96.00,-10.00,2.00,6.00,33.00,8.00,13532163,200
571.41,1544765643,12601.64,51.48236648,7.39857403,189.66,0.00,0.00,41.23,1,-97.00,-11.00,2.00,9.00,33.00,8.00,13532163,200
572.41,1544765644,12601.64,51.48236648,7.39857403,189.67,0.00,0.00,41.23,1,-97.00,-11.00,2.00,9.00,33.00,8.00,13532163,200
573.41,1544765645,12601.64,51.48236648,7.39857403,189.68,0.00,0.00,41.23,1,-97.00,-11.00,2.00,8.00,34.00,8.00,13532163,200
574.42,1544765646,12601.64,51.48236648,7.39857403,189.68,0.00,0.00,41.23,1,-97.00,-11.00,2.00,8.00,34.00,8.00,13532163,200
575.41,1544765647,12601.64,51.48236648,7.39857403,189.68,0.00,0.00,41.23,1,-98.00,-10.00,1.00,9.00,32.00,8.00,13532163,200
576.42,1544765648,12601.64,51.48236648,7.39857403,189.69,0.00,0.00,41.23,1,-98.00,-10.00,1.00,9.00,32.00,8.00,13532163,200
577.43,1544765649,12601.64,51.48236648,7.39857403,189.71,0.00,0.00,50.51,1,-98.00,-11.00,4.00,9.00,31.00,8.00,13532163,200
578.42,1544765650,12601.64,51.48236648,7.39857403,189.99,0.00,0.00,47.83,1,-98.00,-11.00,4.00,9.00,31.00,8.00,13532163,200
579.42,1544765651,12601.64,51.48245111,7.39870318,190.30,8.11,0.00,44.79,1,-98.00,-11.00,4.00,9.00,31.00,8.00,13532163,200
580.42,1544765652,12609.74,51.48251940,7.39879773,190.45,9.51,1.40,42.58,1,-99.00,-11.00,1.00,9.00,31.00,8.00,13532163,200
581.41,1544765653,12619.22,51.48259496,7.39889281,190.47,10.68,1.17,40.44,1,-99.00,-11.00,1.00,9.00,31.00,8.00,13532163,200
582.41,1544765654,12629.89,51.48268130,7.39899374,190.44,10.73,0.05,38.69,1,-90.00,-10.00,2.00,10.00,37.00,8.00,13532163,200
583.42,1544765655,12640.68,51.48276425,7.39908435,190.41,10.88,0.15,37.34,1,-90.00,-10.00,2.00,10.00,37.00,8.00,13532163,200
584.41,1544765656,12651.50,51.48284958,7.39917157,190.18,12.11,1.23,35.39,1,-94.00,-10.00,5.00,11.00,35.00,8.00,13532163,200
585.42,1544765657,12663.65,51.48293730,7.39926331,189.90,12.92,0.81,34.51,1,-94.00,-10.00,5.00,11.00,35.00,8.00,13532163,200
586.41,1544765658,12676.55,51.48303787,7.39935828,189.67,14.09,1.17,34.09,1,-92.00,-8.00,7.00,7.00,35.00,8.00,13532163,200
587.42,1544765659,12690.65,51.48315139,7.39946582,189.77,15.10,1.02,33.34,1,-92.00,-8.00,7.00,7.00,35.00,8.00,13532163,200
588.41,1544765660,12705.74,51.48327196,7.39958408,189.87,15.78,0.67,34.00,1,-90.00,-7.00,7.00,15.00,36.00,8.00,13532163,200
589.41,1544765661,12721.52,51.48339508,7.39970610,189.87,16.20,0.42,34.11,1,-90.00,-7.00,7.00,15.00,36.00,8.00,13532163,200
590.41,1544765662,12737.72,51.48352562,7.39983754,189.89,16.46,0.26,35.04,1,-94.00,-8.00,6.00,6.00,34.00,8.00,13532163,200
591.42,1544765663,12754.20,51.48365320,7.39997422,190.16,16.52,0.06,35.37,1,-94.00,-8.00,6.00,6.00,34.00,8.00,13532163,200
592.42,1544765664,12770.72,51.48377808,7.40011050,190.64,16.47,-0.04,35.70,1,-94.00,-9.00,6.00,10.00,34.00,8.00,13532163,200
593.42,1544765665,12787.21,51.48390098,7.40024887,190.86,16.41,-0.06,36.12,1,-94.00,-9.00,6.00,10.00,34.00,8.00,13532163,200
594.42,1544765666,12803.65,51.48401798,7.40038896,190.88,16.68,0.26,36.64,1,-99.00,-11.00,5.00,7.00,31.00,8.00,13532163,200
595.42,1544765667,12820.31,51.48413917,7.40053617,190.80,16.80,0.12,37.28,1,-99.00,-11.00,5.00,7.00,31.00,8.00,13532163,200
596.42,1544765668,12837.12,51.48425364,7.40068631,190.65,16.54,-0.26,38.22,1,-99.00,-11.00,1.00,9.00,31.00,8.00,13532163,200
597.42,1544765669,12853.64,51.48436494,7.40083171,190.25,16.32,-0.22,39.19,1,-99.00,-11.00,1.00,9.00,31.00,8.00,13532163,200
598.42,1544765670,12870.05,51.48447558,7.40098967,190.00,16.28,-0.04,40.08,1,-92.00,-10.00,3.00,10.00,35.00,8.00,13532163,200
599.42,1544765671,12886.23,51.48458672,7.40115354,189.99,16.19,-0.08,40.95,1,-92.00,-10.00,3.00,10.00,35.00,8.00,13532163,200
600.41,1544765672,12902.39,51.48469580,7.40132647,189.88,16.32,0.13,41.86,1,-92.00,-10.00,3.00,10.00,35.00,8.00,13532163,200
601.42,1544765673,12918.73,51.48479920,7.40149049,189.72,16.24,-0.08,42.72,1,-94.00,-7.00,0.00,15.00,32.00,8.00,13532163,200
602.42,1544765674,12934.98,51.48490423,7.40165331,189.49,16.12,-0.11,42.24,1,-94.00,-7.00,0.00,15.00,32.00,8.00,13532163,200
603.42,1544765675,12951.10,51.48500746,7.40181253,189.16,16.14,0.01,41.29,1,-101.00,-11.00,2.00,8.00,29.00,8.00,13532163,200
604.41,1544765676,12967.21,51.48511346,7.40197218,188.94,15.87,-0.27,42.30,1,-101.00,-11.00,2.00,8.00,29.00,8.00,13532163,200
605.42,1544765677,12983.09,51.48520905,7.40212727,188.71,15.66,-0.21,43.86,1,-93.00,-6.00,4.00,11.00,31.00,8.00,13532163,200
606.41,1544765678,12998.74,51.48529802,7.40227964,188.49,14.97,-0.70,45.47,1,-93.00,-6.00,4.00,11.00,31.00,8.00,13532163,200
607.41,1544765679,13013.71,51.48538314,7.40242572,188.25,13.63,-1.34,46.30,1,-90.00,-7.00,23.00,8.00,35.00,8.00,13532163,200
608.41,1544765680,13027.34,51.48545617,7.40255631,187.81,11.21,-2.42,47.69,1,-90.00,-7.00,23.00,8.00,35.00,8.00,13532163,200
609.41,1544765681,13038.55,51.48551420,7.40266528,187.53,9.56,-1.65,48.13,1,-92.00,-7.00,19.00,15.00,33.00,8.00,13532163,200
610.42,1544765682,13048.19,51.48557392,7.40273638,187.27,8.07,-1.47,33.96,1,-92.00,-7.00,19.00,15.00,33.00,8.00,13532163,200
611.41,1544765683,13056.17,51.48564660,7.40275871,186.89,8.01,-0.07,7.12,1,-93.00,-7.00,11.00,11.00,31.00,8.00,13532163,200
612.41,1544765684,13064.20,51.48572116,7.40275202,186.41,8.19,0.18,348.63,1,-93.00,-7.00,11.00,11.00,31.00,8.00,13532163,200
613.42,1544765685,13072.40,51.48578155,7.40269565,185.66,8.76,0.57,329.61,1,-100.00,-9.00,7.00,8.00,27.00,8.00,13532163,200
614.42,1544765686,13081.16,51.48584056,7.40263173,185.44,10.21,1.45,326.65,1,-100.00,-9.00,7.00,8.00,27.00,8.00,13532163,200
615.42,1544765687,13091.38,51.48591473,7.40255040,185.46,10.59,0.37,325.40,1,-99.00,-8.00,6.00,7.00,28.00,8.00,13532163,200
616.42,1544765688,13101.96,51.48599827,7.40245698,185.32,11.41,0.82,324.58,1,-99.00,-8.00,6.00,7.00,28.00,8.00,13532163,200
617.41,1544765689,13113.36,51.48608179,7.40236053,185.13,11.86,0.45,324.94,1,-96.00,-8.00,1.00,10.00,31.00,8.00,13532163,200
618.41,1544765690,13125.22,51.48617569,7.40225860,184.87,12.10,0.24,326.77,1,-96.00,-8.00,1.00,10.00,31.00,8.00,13532163,200
619.43,1544765691,13137.46,51.48626680,7.40216359,184.86,12.37,0.27,328.24,1,-99.00,-10.00,1.00,7.00,28.00,8.00,13532163,200
620.42,1544765692,13149.74,51.48637159,7.40206853,185.25,12.85,0.48,330.24,1,-99.00,-10.00,1.00,7.00,28.00,8.00,13532163,200
621.42,1544765693,13162.58,51.48647207,7.40198959,185.71,13.04,0.19,332.75,1,-99.00,-10.00,1.00,7.00,28.00,8.00,13532163,200
622.42,1544765694,13175.62,51.48657814,7.40191309,185.72,13.09,0.05,335.24,1,-103.00,-14.00,-2.00,5.00,30.00,8.00,13532163,200
623.42,1544765695,13188.71,51.48669188,7.40184531,185.58,13.48,0.39,338.06,1,-103.00,-14.00,-2.00,5.00,30.00,8.00,13532163,200
624.42,1544765696,13202.20,51.48681120,7.40179039,185.61,13.60,0.13,340.62,1,-100.00,-13.00,-3.00,6.00,33.00,13.00,13254913,38
625.42,1544765697,13215.76,51.48693538,7.40173989,185.25,13.69,0.09,343.35,1,-100.00,-13.00,-3.00,6.00,33.00,13.00,13254913,38
626.42,1544765698,13229.47,51.48704950,7.40170795,184.88,13.62,-0.07,345.56,1,-99.00,-12.00,-2.00,7.00,33.00,13.00,13254913,38
627.42,1544765699,13243.09,51.48716994,7.40168519,184.27,13.89,0.27,348.60,1,-99.00,-12.00,-2.00,7.00,33.00,13.00,13254913,38
628.42,1544765700,13256.96,51.48730718,7.40166351,183.44,14.14,0.26,351.20,1,-95.00,-12.00,-1.00,9.00,37.00,13.00,13254913,38
629.42,1544765701,13271.10,51.48744074,7.40164711,182.77,14.11,-0.03,353.64,1,-95.00,-12.00,-1.00,9.00,37.00,13.00,13254913,38
630.42,1544765702,13285.23,51.48758027,7.40164206,182.11,14.15,0.04,355.91,1,-93.00,-7.00,11.00,15.00,34.00,13.00,13254913,38
631.42,1544765703,13299.39,51.48771052,7.40164904,181.33,14.09,-0.06,357.67,1,-93.00,-7.00,11.00,15.00,34.00,13.00,13254913,38
632.42,1544765704,13313.48,51.48784053,7.40165743,180.48,14.03,-0.06,358.86,1,-97.00,-13.00,3.00,8.00,37.00,13.00,13254913,38
633.42,1544765705,13327.51,51.48795296,7.40166948,179.74,13.97,-0.06,359.71,1,-97.00,-13.00,3.00,8.00,37.00,13.00,13254913,38
634.42,1544765706,13341.47,51.48808176,7.40167968,179.17,13.78,-0.19,0.57,1,-105.00,-15.00,0.00,7.00,30.00,13.00,13254913,38
635.42,1544765707,13355.25,51.48819926,7.40169301,178.63,13.78,-0.00,0.19,1,-105.00,-15.00,0.00,7.00,30.00,13.00,13254913,38
636.42,1544765708,13369.04,51.48831720,7.40170593,178.19,13.57,-0.21,0.15,1,-103.00,-14.00,1.00,8.00,31.00,13.00,13254913,38
637.42,1544765709,13382.61,51.48844784,7.40171362,177.76,13.54,-0.02,0.18,1,-103.00,-14.00,1.00,8.00,31.00,13.00,13254913,38
638.42,1544765710,13396.16,51.48857482,7.40172270,177.32,13.39,-0.16,359.88,1,-100.00,-13.00,4.00,6.00,32.00,13.00,13254913,38
639.42,1544765711,13409.53,51.48869600,7.40172306,177.10,13.31,-0.07,359.93,1,-100.00,-13.00,4.00,6.00,32.00,13.00,13254913,38
640.42,1544765712,13422.83,51.48881042,7.40172028,177.16,13.07,-0.24,359.55,1,-102.00,-11.00,4.00,6.00,28.00,13.00,13254913,38
641.42,1544765713,13435.91,51.48891297,7.40172542,177.19,12.24,-0.83,0.07,1,-102.00,-11.00,4.00,6.00,28.00,13.00,13254913,38
642.43,1544765714,13448.26,51.48901243,7.40173183,176.98,11.47,-0.76,0.33,1,-101.00,-9.00,7.00,10.00,28.00,13.00,13254913,38
643.41,1544765715,13459.61,51.48911331,7.40173917,176.57,10.33,-1.16,0.12,1,-101.00,-9.00,7.00,10.00,28.00,13.00,13254913,38
644.41,1544765716,13469.93,51.48919822,7.40174479,176.03,8.54,-1.79,0.46,1,-101.00,-9.00,7.00,10.00,28.00,13.00,13254913,38
645.41,1544765717,13478.45,51.48927984,7.40174627,175.45,7.38,-1.16,0.15,1,-98.00,-11.00,10.00,11.00,33.00,13.00,13254913,38
646.41,1544765718,13485.83,51.48933529,7.40176379,175.27,5.86,-1.51,15.34,1,-98.00,-11.00,10.00,11.00,33.00,13.00,13254913,38
647.42,1544765719,13491.71,51.48937298,7.40180930,175.48,6.04,0.17,40.06,1,-84.00,-6.00,15.00,15.00,44.00,13.00,13254913,38
648.41,1544765720,13497.74,51.48939461,7.40188825,175.98,6.24,0.21,70.31,1,-84.00,-6.00,15.00,15.00,44.00,13.00,13254913,38
649.41,1544765721,13503.98,51.48940659,7.40198772,176.15,7.22,0.97,84.19,1,-90.00,-6.00,15.00,15.00,37.00,13.00,13254913,38
650.41,1544765722,13511.20,51.48941392,7.40209988,176.28,7.89,0.67,84.98,1,-90.00,-6.00,15.00,15.00,37.00,13.00,13254913,38
651.42,1544765723,13519.12,51.48941666,7.40223493,176.25,9.28,1.39,86.56,1,-101.00,-11.00,-1.00,6.00,38.00,12.00,13254913,38
652.42,1544765724,13528.40,51.48941612,7.40238256,176.33,10.08,0.80,88.02,1,-101.00,-11.00,-1.00,6.00,38.00,12.00,13254913,38
653.41,1544765725,13538.46,51.48941373,7.40254342,176.55,11.32,1.24,89.25,1,-102.00,-12.00,2.00,8.00,29.00,12.00,13254913,38
654.41,1544765726,13549.78,51.48941190,7.40270441,176.89,11.34,0.02,89.84,1,-102.00,-12.00,2.00,8.00,29.00,12.00,13254913,38
655.42,1544765727,13561.14,51.48940945,7.40287053,177.19,11.20,-0.14,90.24,1,-102.00,-12.00,6.00,9.00,30.00,12.00,13254913,38
656.42,1544765728,13572.34,51.48940369,7.40303346,177.21,11.24,0.03,91.19,1,-102.00,-12.00,6.00,9.00,30.00,12.00,13254913,38
657.42,1544765729,13583.57,51.48940048,7.40318409,177.29,11.60,0.36,90.52,1,-104.00,-9.00,-1.00,1.00,23.00,12.00,13254913,38
658.42,1544765730,13595.17,51.48928770,7.40331300,176.90,12.31,0.71,90.57,1,-104.00,-9.00,-1.00,1.00,23.00,12.00,13254913,38
659.41,1544765731,13607.48,51.48939465,7.40353386,177.68,12.64,0.33,91.55,1,-103.00,-9.00,4.00,10.00,25.00,12.00,13254913,38
660.42,1544765732,13620.14,51.48939213,7.40372619,177.95,12.79,0.15,90.82,1,-103.00,-9.00,4.00,10.00,25.00,12.00,13254913,38
661.42,1544765733,13632.93,51.48939110,7.40390980,178.43,12.99,0.19,90.42,1,-108.00,-13.00,0.00,4.00,25.00,12.00,13254913,38
662.42,1544765734,13645.91,51.48938931,7.40409627,178.95,13.16,0.17,90.90,1,-108.00,-13.00,0.00,4.00,25.00,12.00,13254913,38
663.43,1544765735,13659.22,51.48938714,7.40429237,179.49,13.32,0.16,91.12,1,-107.00,-11.00,-1.00,8.00,22.00,12.00,13254913,38
664.42,1544765736,13672.43,51.48938402,7.40449489,179.87,13.46,0.14,91.32,1,-107.00,-11.00,-1.00,8.00,22.00,12.00,13254913,38
665.42,1544765737,13685.89,51.48938183,7.40468873,180.26,13.39,-0.08,90.78,1,-107.00,-11.00,-1.00,8.00,22.00,12.00,13254913,38
666.42,1544765738,13699.26,51.48937973,7.40488170,180.74,13.11,-0.28,90.39,1,-109.00,-12.00,-2.00,7.00,22.00,12.00,13254913,38
667.42,1544765739,13712.36,51.48938237,7.40507951,181.36,12.91,-0.19,89.85,1,-109.00,-12.00,-2.00,7.00,22.00,12.00,13254913,38
668.42,1544765740,13725.28,51.48938236,7.40527283,181.96,12.95,0.03,89.08,1,-107.00,-11.00,0.00,5.00,22.00,12.00,13254913,38
669.42,1544765741,13738.23,51.48938756,7.40544780,182.11,13.09,0.14,87.52,1,-107.00,-11.00,0.00,5.00,22.00,12.00,13254913,38
670.42,1544765742,13751.36,51.48939607,7.40563289,182.06,12.97,-0.13,85.95,1,-108.00,-13.00,-3.00,5.00,25.00,12.00,13254913,38
671.42,1544765743,13764.31,51.48940860,7.40582096,182.27,12.95,-0.02,84.11,1,-108.00,-13.00,-3.00,5.00,25.00,12.00,13254913,38
672.41,1544765744,13777.20,51.48942488,7.40598620,182.27,13.12,0.17,82.25,1,-110.00,-18.00,-6.00,6.00,25.00,12.00,13254913,38
673.42,1544765745,13790.41,51.48944703,7.40616886,182.62,13.17,0.05,80.76,1,-110.00,-18.00,-6.00,6.00,25.00,12.00,13254913,38
674.41,1544765746,13803.49,51.48947298,7.40635451,183.48,13.10,-0.08,79.83,1,-96.00,-5.00,-6.00,12.00,36.00,70.00,13067274,289
675.42,1544765747,13816.60,51.48950471,7.40654868,184.79,13.19,0.10,79.00,1,-96.00,-5.00,-6.00,12.00,36.00,70.00,13067274,289
676.42,1544765748,13829.83,51.48953418,7.40673965,186.17,13.38,0.19,78.45,1,-96.00,-8.00,0.00,11.00,27.00,70.00,13067274,289
677.42,1544765749,13843.18,51.48956204,7.40694252,187.17,13.55,0.17,78.03,1,-96.00,-8.00,0.00,11.00,27.00,70.00,13067274,289
678.42,1544765750,13856.74,51.48959285,7.40716021,187.90,13.61,0.05,77.57,1,-96.00,-6.00,9.00,15.00,24.00,70.00,13067274,289
679.41,1544765751,13870.31,51.48961963,7.40733926,188.19,13.61,0.01,77.57,1,-96.00,-6.00,9.00,15.00,24.00,70.00,13067274,289
680.42,1544765752,13883.98,51.48964993,7.40751612,188.68,13.52,-0.09,77.89,1,-97.00,-5.00,10.00,12.00,23.00,70.00,13067274,289
681.41,1544765753,13897.45,51.48968071,7.40770474,188.94,13.57,0.05,78.42,1,-97.00,-5.00,10.00,12.00,23.00,70.00,13067274,289
682.42,1544765754,13911.06,51.48970938,7.40790655,189.38,13.45,-0.12,78.91,1,-99.00,-8.00,10.00,15.00,26.00,70.00,13067274,289
683.42,1544765755,13924.51,51.48973476,7.40810042,189.80,13.62,0.17,79.50,1,-99.00,-8.00,10.00,15.00,26.00,70.00,13067274,289
684.42,1544765756,13938.24,51.48975938,7.40828919,189.90,13.74,0.12,79.55,1,-104.00,-6.00,10.00,10.00,22.00,70.00,13067274,289
685.42,1544765757,13951.87,51.48978347,7.40848672,189.60,14.10,0.36,79.10,1,-104.00,-6.00,10.00,10.00,22.00,70.00,13067274,289
686.42,1544765758,13965.97,51.48980807,7.40868601,189.05,14.37,0.27,78.63,1,-104.00,-6.00,10.00,10.00,22.00,70.00,13067274,289
687.42,1544765759,13980.33,51.48983328,7.40889517,188.10,14.58,0.21,78.00,1,-107.00,-7.00,9.00,8.00,18.00,70.00,13067274,289
688.42,1544765760,13994.91,51.48985783,7.40909894,187.04,14.70,0.12,78.11,1,-107.00,-7.00,9.00,8.00,18.00,70.00,13067274,289
689.42,1544765761,14009.61,51.48988671,7.40930332,185.95,14.56,-0.14,77.27,1,-108.00,-7.00,6.00,7.00,18.00,70.00,13067274,289
690.42,1544765762,14024.28,51.48991432,7.40949372,184.73,14.54,-0.02,77.42,1,-108.00,-7.00,6.00,7.00,18.00,70.00,13067274,289
691.41,1544765763,14038.66,51.48994164,7.40970185,183.55,14.77,0.23,77.97,1,-103.00,-6.00,8.00,11.00,20.00,70.00,13067274,289
692.42,1544765764,14053.47,51.48996766,7.40992238,182.64,14.01,-0.76,78.44,1,-103.00,-6.00,8.00,11.00,20.00,70.00,13067274,289
693.42,1544765765,14067.48,51.48998897,7.41010508,181.48,13.29,-0.72,78.08,1,-103.00,-10.00,5.00,9.00,25.00,70.00,13067274,289
694.41,1544765766,14080.73,51.49001065,7.41027716,180.20,13.06,-0.23,78.53,1,-103.00,-10.00,5.00,9.00,25.00,70.00,13067274,289
695.41,1544765767,14093.82,51.49003215,7.41045803,178.76,12.76,-0.31,78.75,1,-107.00,-7.00,8.00,9.00,18.00,70.00,13067274,289
696.41,1544765768,14106.58,51.49005076,7.41062974,177.44,12.60,-0.16,78.30,1,-107.00,-7.00,8.00,9.00,18.00,70.00,13067274,289
697.42,1544765769,14119.20,51.49007194,7.41080788,176.21,12.69,0.09,77.79,1,-112.00,-9.00,0.00,10.00,23.00,70.00,13067274,289
698.42,1544765770,14131.90,51.49009507,7.41099449,175.16,12.34,-0.35,78.02,1,-112.00,-9.00,0.00,10.00,23.00,70.00,13067274,289
699.42,1544765771,14144.23,51.49011499,7.41114518,174.22,12.33,-0.01,78.59,1,-109.00,-9.00,-6.00,8.00,27.00,70.00,13067274,289
