59.05,1544765132,702.97,51.44470640,7.49156550,275.35,0.00,0.00,125.70,0,-107.00,-11.00,0.00,0.00,31.00,0.00,0,431
60.05,1544765133,702.97,51.44461428,7.49160611,275.28,3.81,0.00,126.68,0,-107.00,-11.00,0.00,0.00,31.00,0.00,0,431
80.05,1544765153,896.34,51.44313969,7.49019501,276.20,13.61,0.00,216.63,0,-94.00,-11.00,0.00,0.00,43.00,0.00,0,431
81.06,1544765154,910.14,51.44304241,7.49007607,276.30,13.73,0.00,216.38,0,-94.00,-11.00,0.00,0.00,43.00,0.00,0,431
84.04,1544765157,951.05,51.44275339,7.48973746,277.49,13.41,0.00,217.01,0,-89.00,-12.00,0.00,0.00,49.00,0.00,0,431
85.04,1544765158,964.43,51.44265458,7.48961977,278.28,13.78,0.00,217.05,0,-89.00,-12.00,0.00,0.00,49.00,0.00,0,431
88.05,1544765161,1005.98,51.44234320,7.48924523,279.87,13.86,0.00,216.67,0,-87.00,-9.00,0.00,0.00,49.00,0.00,0,431
89.05,1544765162,1019.82,51.44224480,7.48912984,280.12,13.62,0.00,216.58,0,-87.00,-9.00,0.00,0.00,49.00,0.00,0,431
90.05,1544765163,1033.45,51.44214880,7.48901056,280.19,14.01,0.00,217.12,0,-86.00,-8.00,0.00,0.00,49.00,0.00,0,431
91.06,1544765164,1047.62,51.44204765,7.48888520,279.80,14.05,0.00,218.11,0,-86.00,-8.00,0.00,0.00,49.00,0.00,0,431
92.05,1544765165,1061.56,51.44195145,7.48875304,279.62,14.27,0.00,219.99,0,-78.00,-10.00,0.00,0.00,58.00,0.00,0,431
93.04,1544765166,1075.72,51.44186187,7.48861502,279.49,13.92,0.00,222.48,0,-78.00,-10.00,0.00,0.00,58.00,0.00,0,431
94.04,1544765167,1089.66,51.44177257,7.48846619,279.66,13.46,0.00,224.62,0,-78.00,-10.00,0.00,0.00,58.00,0.00,0,431
95.04,1544765168,1103.12,51.44169504,7.48832083,279.90,14.38,0.00,226.85,0,-79.00,-11.00,0.00,0.00,60.00,0.00,0,431
96.05,1544765169,1117.56,51.44160890,7.48815459,280.04,14.41,0.00,228.28,0,-79.00,-11.00,0.00,0.00,60.00,0.00,0,431
109.05,1544765182,1308.54,51.44056562,7.48594358,280.05,14.68,0.00,233.00,0,-79.00,-12.00,0.00,0.00,58.00,0.00,0,430
110.05,1544765183,1323.21,51.44049306,7.48577853,280.24,14.61,0.00,232.04,0,-79.00,-12.00,0.00,0.00,58.00,0.00,0,430
111.04,1544765184,1337.79,51.44041623,7.48561098,280.30,14.68,0.00,232.41,0,-82.00,-9.00,0.00,0.00,53.00,0.00,0,430
112.04,1544765185,1352.45,51.44033708,7.48543591,280.32,14.99,0.00,231.92,0,-82.00,-9.00,0.00,0.00,53.00,0.00,0,430
113.05,1544765186,1367.52,51.44025566,7.48526340,280.86,15.17,0.00,232.24,0,-84.00,-13.00,0.00,0.00,56.00,0.00,0,431
114.04,1544765187,1382.62,51.44017052,7.48508577,281.26,15.19,0.00,232.88,0,-84.00,-13.00,0.00,0.00,56.00,0.00,0,431
115.04,1544765188,1397.80,51.44009275,7.48491426,282.11,14.90,0.00,233.51,0,-84.00,-13.00,0.00,0.00,56.00,0.00,0,431
116.04,1544765189,1412.70,51.44001289,7.48474088,282.60,14.50,0.00,232.68,0,-85.00,-13.00,0.00,0.00,55.00,0.00,0,431
117.05,1544765190,1427.24,51.43993243,7.48456827,282.91,14.62,0.00,232.99,0,-85.00,-13.00,0.00,0.00,55.00,0.00,0,431
139.05,1544765212,1754.89,51.43838783,7.48046202,285.95,15.36,0.00,240.82,0,-107.00,-9.00,0.00,0.00,28.00,0.00,0,38
140.05,1544765213,1770.25,51.43832316,7.48027517,285.65,15.68,0.00,241.44,0,-107.00,-9.00,0.00,0.00,28.00,0.00,0,38
141.05,1544765214,1785.99,51.43825790,7.48008506,285.26,15.51,0.00,240.54,0,-106.00,-12.00,0.00,0.00,33.00,0.00,0,38
142.05,1544765215,1801.47,51.43819000,7.47988931,284.81,14.96,0.00,240.34,0,-106.00,-12.00,0.00,0.00,33.00,0.00,0,38
143.05,1544765216,1816.42,51.43812444,7.47969389,284.14,15.17,0.00,241.12,0,-106.00,-9.00,0.00,0.00,29.00,0.00,0,38
144.05,1544765217,1831.58,51.43806198,7.47951636,283.51,15.18,0.00,240.44,0,-106.00,-9.00,0.00,0.00,29.00,0.00,0,38
145.05,1544765218,1846.77,51.43799527,7.47931987,283.44,15.00,0.00,240.90,0,-106.00,-8.00,0.00,0.00,28.00,0.00,0,38
146.05,1544765219,1861.76,51.43793063,7.47913253,283.37,14.76,0.00,241.24,0,-106.00,-8.00,0.00,0.00,28.00,0.00,0,38
147.05,1544765220,1876.54,51.43786809,7.47894571,283.38,13.95,0.00,241.73,0,-107.00,-8.00,0.00,0.00,27.00,0.00,0,38
147.05,1544765220,1876.55,51.43786809,7.47894571,283.38,13.95,0.00,241.73,0,-113.00,-14.00,0.00,0.00,27.00,0.00,0,70
148.05,1544765221,1890.50,51.43780553,7.47875732,283.88,14.04,0.00,242.31,0,-107.00,-8.00,0.00,0.00,27.00,0.00,0,38
148.05,1544765221,1890.51,51.43780553,7.47875732,283.88,14.04,0.00,242.31,0,-113.00,-14.00,0.00,0.00,27.00,0.00,0,70
149.05,1544765222,1904.50,51.43774642,7.47856850,284.34,14.36,0.00,242.76,0,-107.00,-8.00,0.00,0.00,26.00,0.00,0,38
150.05,1544765223,1918.88,51.43768708,7.47837091,284.90,14.23,0.00,242.56,0,-107.00,-8.00,0.00,0.00,26.00,0.00,0,38
151.05,1544765224,1933.14,51.43762252,7.47816067,285.17,14.35,0.00,242.26,0,-106.00,-10.00,0.00,0.00,30.00,0.00,0,38
151.05,1544765224,1933.15,51.43762252,7.47816067,285.17,14.35,0.00,242.26,0,-103.00,-11.00,0.00,0.00,34.00,0.00,0,457
151.05,1544765224,1933.16,51.43762252,7.47816067,285.17,14.35,0.00,242.26,0,-107.00,-14.00,0.00,0.00,33.00,0.00,0,65
151.05,1544765224,1933.16,51.43762252,7.47816067,285.17,14.35,0.00,242.26,0,-108.00,-15.00,0.00,0.00,33.00,0.00,0,408
152.05,1544765225,1947.50,51.43755812,7.47796319,285.04,14.31,0.00,242.81,0,-106.00,-10.00,0.00,0.00,30.00,0.00,0,38
152.05,1544765225,1947.50,51.43755812,7.47796319,285.04,14.31,0.00,242.81,0,-103.00,-11.00,0.00,0.00,34.00,0.00,0,457
152.05,1544765225,1947.51,51.43755812,7.47796319,285.04,14.31,0.00,242.81,0,-107.00,-14.00,0.00,0.00,33.00,0.00,0,65
152.05,1544765225,1947.53,51.43755812,7.47796319,285.04,14.31,0.00,242.81,0,-108.00,-15.00,0.00,0.00,33.00,0.00,0,408
153.05,1544765226,1961.81,51.43749535,7.47777719,284.46,14.29,0.00,243.17,0,-110.00,-11.00,0.00,0.00,26.00,0.00,0,38
153.05,1544765226,1961.81,51.43749535,7.47777719,284.46,14.29,0.00,243.17,0,-113.00,-13.00,0.00,0.00,26.00,0.00,0,70
153.05,1544765226,1961.84,51.43749535,7.47777719,284.46,14.29,0.00,243.17,0,-107.00,-13.00,0.00,0.00,32.00,0.00,0,457
153.05,1544765226,1961.85,51.43749535,7.47777719,284.46,14.29,0.00,243.17,0,-108.00,-14.00,0.00,0.00,32.00,0.00,0,161
153.05,1544765226,1961.87,51.43749535,7.47777719,284.46,14.29,0.00,243.17,0,-109.00,-14.00,0.00,0.00,32.00,0.00,0,391
154.05,1544765227,1976.11,51.43743530,7.47759338,284.26,13.96,0.00,243.53,0,-110.00,-11.00,0.00,0.00,26.00,0.00,0,38
154.05,1544765227,1976.13,51.43743530,7.47759338,284.26,13.96,0.00,243.53,0,-113.00,-13.00,0.00,0.00,26.00,0.00,0,70
154.05,1544765227,1976.14,51.43743530,7.47759338,284.26,13.96,0.00,243.53,0,-107.00,-13.00,0.00,0.00,32.00,0.00,0,457
154.05,1544765227,1976.14,51.43743530,7.47759338,284.26,13.96,0.00,243.53,0,-108.00,-14.00,0.00,0.00,32.00,0.00,0,161
154.05,1544765227,1976.16,51.43743530,7.47759338,284.26,13.96,0.00,243.53,0,-109.00,-14.00,0.00,0.00,32.00,0.00,0,391
155.06,1544765228,1990.19,51.43737514,7.47741182,284.15,14.28,0.00,242.64,0,-111.00,-13.00,0.00,0.00,28.00,0.00,0,38
155.06,1544765228,1990.20,51.43737514,7.47741182,284.15,14.28,0.00,242.64,0,-111.00,-13.00,0.00,0.00,27.00,0.00,0,70
155.06,1544765228,1990.20,51.43737514,7.47741182,284.15,14.28,0.00,242.64,0,-117.00,-19.00,0.00,0.00,28.00,0.00,0,118
155.06,1544765228,1990.21,51.43737514,7.47741182,284.15,14.28,0.00,242.64,0,-106.00,-13.00,0.00,0.00,33.00,0.00,0,457
155.06,1544765228,1990.23,51.43737514,7.47741182,284.15,14.28,0.00,242.64,0,-107.00,-12.00,0.00,0.00,32.00,0.00,0,213
155.06,1544765228,1990.24,51.43737514,7.47741182,284.15,14.28,0.00,242.64,0,-109.00,-16.00,0.00,0.00,33.00,0.00,0,135
156.05,1544765229,2004.35,51.43731654,7.47723682,283.96,13.51,0.00,243.04,0,-111.00,-13.00,0.00,0.00,28.00,0.00,0,38
156.05,1544765229,2004.37,51.43731654,7.47723682,283.96,13.51,0.00,243.04,0,-111.00,-13.00,0.00,0.00,27.00,0.00,0,70
156.05,1544765229,2004.38,51.43731654,7.47723682,283.96,13.51,0.00,243.04,0,-117.00,-19.00,0.00,0.00,28.00,0.00,0,118
156.05,1544765229,2004.40,51.43731654,7.47723682,283.96,13.51,0.00,243.04,0,-106.00,-13.00,0.00,0.00,33.00,0.00,0,457
156.05,1544765229,2004.41,51.43731654,7.47723682,283.96,13.51,0.00,243.04,0,-107.00,-12.00,0.00,0.00,32.00,0.00,0,213
156.06,1544765229,2004.42,51.43731654,7.47723682,283.96,13.51,0.00,243.04,0,-109.00,-16.00,0.00,0.00,33.00,0.00,0,135
157.05,1544765230,2017.85,51.43725998,7.47704693,283.88,13.41,0.00,244.40,0,-111.00,-13.00,0.00,0.00,28.00,0.00,0,38
157.05,1544765230,2017.87,51.43725998,7.47704693,283.88,13.41,0.00,244.40,0,-111.00,-13.00,0.00,0.00,27.00,0.00,0,70
157.05,1544765230,2017.88,51.43725998,7.47704693,283.88,13.41,0.00,244.40,0,-117.00,-19.00,0.00,0.00,28.00,0.00,0,118
157.05,1544765230,2017.89,51.43725998,7.47704693,283.88,13.41,0.00,244.40,0,-106.00,-13.00,0.00,0.00,33.00,0.00,0,457
157.05,1544765230,2017.89,51.43725998,7.47704693,283.88,13.41,0.00,244.40,0,-107.00,-12.00,0.00,0.00,32.00,0.00,0,213
157.05,1544765230,2017.91,51.43725998,7.47704693,283.88,13.41,0.00,244.40,0,-109.00,-16.00,0.00,0.00,33.00,0.00,0,135
158.05,1544765231,2031.26,51.43721732,7.47686674,284.31,12.40,0.00,247.33,0,-110.00,-12.00,0.00,0.00,28.00,0.00,0,70
158.05,1544765231,2031.27,51.43721732,7.47686674,284.31,12.40,0.00,247.33,0,-112.00,-14.00,0.00,0.00,28.00,0.00,0,38
158.05,1544765231,2031.28,51.43721732,7.47686674,284.31,12.40,0.00,247.33,0,-116.00,-18.00,0.00,0.00,28.00,0.00,0,118
158.05,1544765231,2031.30,51.43721732,7.47686674,284.31,12.40,0.00,247.33,0,-105.00,-12.00,0.00,0.00,33.00,0.00,0,457
158.05,1544765231,2031.31,51.43721732,7.47686674,284.31,12.40,0.00,247.33,0,-106.00,-11.00,0.00,0.00,31.00,0.00,0,213
158.06,1544765231,2031.33,51.43721732,7.47686674,284.31,12.40,0.00,247.33,0,-109.00,-15.00,0.00,0.00,32.00,0.00,0,71
159.05,1544765232,2043.67,51.43718520,7.47669953,284.79,11.98,0.00,250.83,0,-110.00,-12.00,0.00,0.00,28.00,0.00,0,70
159.05,1544765232,2043.67,51.43718520,7.47669953,284.79,11.98,0.00,250.83,0,-112.00,-14.00,0.00,0.00,28.00,0.00,0,38
159.05,1544765232,2043.68,51.43718520,7.47669953,284.79,11.98,0.00,250.83,0,-116.00,-18.00,0.00,0.00,28.00,0.00,0,118
159.05,1544765232,2043.69,51.43718520,7.47669953,284.79,11.98,0.00,250.83,0,-105.00,-12.00,0.00,0.00,33.00,0.00,0,457
159.05,1544765232,2043.69,51.43718520,7.47669953,284.79,11.98,0.00,250.83,0,-106.00,-11.00,0.00,0.00,31.00,0.00,0,213
159.05,1544765232,2043.71,51.43718520,7.47669953,284.79,11.98,0.00,250.83,0,-109.00,-15.00,0.00,0.00,32.00,0.00,0,71
160.05,1544765233,2055.63,51.43718366,7.47651997,285.01,11.15,0.00,270.14,0,-112.00,-12.00,0.00,0.00,26.00,0.00,0,70
160.05,1544765233,2055.64,51.43718366,7.47651997,285.01,11.15,0.00,270.14,0,-114.00,-11.00,0.00,0.00,22.00,0.00,0,38
160.05,1544765233,2055.65,51.43718366,7.47651997,285.01,11.15,0.00,270.14,0,-108.00,-14.00,0.00,0.00,31.00,0.00,0,391
160.05,1544765233,2055.65,51.43718366,7.47651997,285.01,11.15,0.00,270.14,0,-109.00,-15.00,0.00,0.00,31.00,0.00,0,457
160.05,1544765233,2055.66,51.43718366,7.47651997,285.01,11.15,0.00,270.14,0,-111.00,-16.00,0.00,0.00,31.00,0.00,0,71
161.05,1544765234,2066.79,51.43718852,7.47635306,285.31,9.72,0.00,274.04,0,-112.00,-12.00,0.00,0.00,26.00,0.00,0,70
161.05,1544765234,2066.79,51.43718852,7.47635306,285.31,9.72,0.00,274.04,0,-114.00,-11.00,0.00,0.00,22.00,0.00,0,38
161.05,1544765234,2066.80,51.43718852,7.47635306,285.31,9.72,0.00,274.04,0,-108.00,-14.00,0.00,0.00,31.00,0.00,0,391
161.05,1544765234,2066.81,51.43718852,7.47635306,285.31,9.72,0.00,274.04,0,-109.00,-15.00,0.00,0.00,31.00,0.00,0,457
161.05,1544765234,2066.82,51.43718852,7.47635306,285.31,9.72,0.00,274.04,0,-111.00,-16.00,0.00,0.00,31.00,0.00,0,71
162.05,1544765235,2076.47,51.43723778,7.47622758,285.57,8.63,0.00,305.03,0,-112.00,-12.00,0.00,0.00,27.00,0.00,0,70
163.05,1544765236,2085.10,51.43731707,7.47616696,285.65,8.35,0.00,336.13,0,-112.00,-12.00,0.00,0.00,27.00,0.00,0,70
206.05,1544765279,2935.78,51.44267808,7.48482178,275.44,22.97,0.00,25.42,0,-79.00,-8.00,0.00,0.00,56.00,0.00,0,429
207.05,1544765280,2958.75,51.44286864,7.48495963,275.06,22.67,0.00,24.41,0,-79.00,-8.00,0.00,0.00,56.00,0.00,0,429
208.05,1544765281,2981.44,51.44305508,7.48509685,274.66,22.41,0.00,23.91,0,-81.00,-9.00,0.00,0.00,54.00,0.00,0,429
209.05,1544765282,3003.82,51.44323937,7.48522809,274.17,22.13,0.00,23.69,0,-81.00,-9.00,0.00,0.00,54.00,0.00,0,429
246.05,1544765319,3626.16,51.44369150,7.48310868,266.60,23.01,0.00,268.02,0,-79.00,-11.00,0.00,0.00,58.00,0.00,0,430
247.05,1544765320,3649.15,51.44368667,7.48278249,266.91,23.22,0.00,267.53,0,-79.00,-11.00,0.00,0.00,58.00,0.00,0,430
248.05,1544765321,3672.39,51.44368206,7.48244950,267.00,23.43,0.00,267.11,0,-83.00,-7.00,0.00,0.00,50.00,0.00,0,430
249.05,1544765322,3695.82,51.44367641,7.48211253,266.96,23.68,0.00,266.87,0,-83.00,-7.00,0.00,0.00,50.00,0.00,0,430
250.05,1544765323,3719.50,51.44366587,7.48176557,266.72,24.01,0.00,266.41,0,-90.00,-8.00,0.00,0.00,43.00,0.00,0,430
251.04,1544765324,3743.46,51.44365452,7.48141346,266.39,24.45,0.00,265.99,0,-90.00,-8.00,0.00,0.00,43.00,0.00,0,430
252.04,1544765325,3767.89,51.44364200,7.48106001,265.99,24.83,0.00,265.70,0,-97.00,-14.00,0.00,0.00,44.00,0.00,0,429
253.04,1544765326,3792.71,51.44362372,7.48070351,265.58,25.12,0.00,264.75,0,-97.00,-14.00,0.00,0.00,44.00,0.00,0,429
271.05,1544765344,4251.17,51.44303417,7.47420155,255.66,25.41,0.00,258.39,0,-98.00,-6.00,0.00,0.00,35.00,0.00,0,397
272.05,1544765345,4276.66,51.44298975,7.47384786,254.90,25.31,0.00,258.54,0,-98.00,-6.00,0.00,0.00,35.00,0.00,0,397
273.05,1544765346,4301.92,51.44294530,7.47349362,254.11,25.36,0.00,258.52,0,-102.00,-14.00,0.00,0.00,39.00,0.00,0,397
274.04,1544765347,4327.17,51.44290131,7.47314086,253.30,25.31,0.00,258.58,0,-102.00,-14.00,0.00,0.00,39.00,0.00,0,397
275.05,1544765348,4352.56,51.44285898,7.47279645,252.48,25.02,0.00,258.59,0,-106.00,-7.00,0.00,0.00,26.00,0.00,0,397
276.05,1544765349,4377.56,51.44281668,7.47245047,251.65,24.88,0.00,258.42,0,-106.00,-7.00,0.00,0.00,26.00,0.00,0,397
277.05,1544765350,4402.47,51.44277358,7.47210069,250.88,24.67,0.00,258.33,0,-101.00,-6.00,0.00,0.00,30.00,0.00,0,397
278.04,1544765351,4427.07,51.44273015,7.47175236,250.12,24.56,0.00,258.17,0,-101.00,-6.00,0.00,0.00,30.00,0.00,0,397
279.05,1544765352,4451.68,51.44268724,7.47140821,249.35,24.52,0.00,258.14,0,-107.00,-8.00,0.00,0.00,26.00,0.00,0,397
280.05,1544765353,4476.23,51.44264484,7.47106622,248.57,24.47,0.00,258.21,0,-107.00,-8.00,0.00,0.00,26.00,0.00,0,397
283.05,1544765356,4549.95,51.44249527,7.47003269,246.55,25.18,0.00,255.76,0,-112.00,-15.00,0.00,0.00,28.00,0.00,0,72
284.05,1544765357,4574.93,51.44243720,7.46967192,245.96,26.08,0.00,255.58,0,-112.00,-15.00,0.00,0.00,28.00,0.00,0,72
285.05,1544765358,4601.02,51.44237879,7.46930324,245.48,26.83,0.00,256.27,0,-112.00,-15.00,0.00,0.00,28.00,0.00,0,72
288.05,1544765361,4683.69,51.44221633,7.46812154,243.60,28.82,0.00,257.77,0,-109.00,-11.00,0.00,0.00,27.00,0.00,0,72
288.05,1544765361,4683.69,51.44221633,7.46812154,243.60,28.82,0.00,257.77,0,-112.00,-11.00,0.00,0.00,24.00,0.00,0,397
288.05,1544765361,4683.75,51.44221633,7.46812154,243.60,28.82,0.00,257.77,0,-114.00,-15.00,0.00,0.00,27.00,0.00,0,118
289.05,1544765362,4712.56,51.44216076,7.46770819,242.86,29.49,0.00,258.30,0,-109.00,-11.00,0.00,0.00,27.00,0.00,0,72
289.05,1544765362,4712.62,51.44216076,7.46770819,242.86,29.49,0.00,258.30,0,-112.00,-11.00,0.00,0.00,24.00,0.00,0,397
289.05,1544765362,4712.65,51.44216076,7.46770819,242.86,29.49,0.00,258.30,0,-114.00,-15.00,0.00,0.00,27.00,0.00,0,118
290.05,1544765363,4742.06,51.44210968,7.46728430,242.06,30.18,0.00,258.75,0,-111.00,-15.00,0.00,0.00,30.00,0.00,0,118
290.05,1544765363,4742.12,51.44210968,7.46728430,242.06,30.18,0.00,258.75,0,-112.00,-16.00,0.00,0.00,30.00,0.00,0,72
290.05,1544765363,4742.18,51.44210968,7.46728430,242.06,30.18,0.00,258.75,0,-115.00,-19.00,0.00,0.00,30.00,0.00,0,157
291.05,1544765364,4772.21,51.44205990,7.46685829,241.32,30.71,0.00,259.35,0,-111.00,-15.00,0.00,0.00,30.00,0.00,0,118
291.05,1544765364,4772.24,51.44205990,7.46685829,241.32,30.71,0.00,259.35,0,-112.00,-16.00,0.00,0.00,30.00,0.00,0,72
291.05,1544765364,4772.30,51.44205990,7.46685829,241.32,30.71,0.00,259.35,0,-115.00,-19.00,0.00,0.00,30.00,0.00,0,157
292.05,1544765365,4802.85,51.44201533,7.46642791,240.59,30.40,0.00,260.07,0,-103.00,-10.00,0.00,0.00,32.00,0.00,0,72
292.05,1544765365,4802.94,51.44201533,7.46642791,240.59,30.40,0.00,260.07,0,-106.00,-12.00,0.00,0.00,32.00,0.00,0,118
293.05,1544765366,4833.25,51.44197133,7.46600166,239.87,30.00,0.00,260.37,0,-103.00,-10.00,0.00,0.00,32.00,0.00,0,72
293.05,1544765366,4833.28,51.44197133,7.46600166,239.87,30.00,0.00,260.37,0,-106.00,-12.00,0.00,0.00,32.00,0.00,0,118
294.05,1544765367,4863.40,51.44192798,7.46557612,239.17,29.98,0.00,260.56,0,-105.00,-12.00,0.00,0.00,32.00,0.00,0,118
294.05,1544765367,4863.43,51.44192798,7.46557612,239.17,29.98,0.00,260.56,0,-112.00,-17.00,0.00,0.00,32.00,0.00,0,430
294.06,1544765367,4863.49,51.44192798,7.46557612,239.17,29.98,0.00,260.56,0,-103.00,-12.00,0.00,0.00,35.00,0.00,0,229
294.06,1544765367,4863.55,51.44192798,7.46557612,239.17,29.98,0.00,260.56,0,-103.00,-13.00,0.00,0.00,36.00,0.00,0,448
294.06,1544765367,4863.55,51.44192798,7.46557612,239.17,29.98,0.00,260.56,0,-106.00,-16.00,0.00,0.00,36.00,0.00,0,51
295.06,1544765368,4893.56,51.44188575,7.46515128,238.51,30.02,0.00,260.96,0,-105.00,-12.00,0.00,0.00,32.00,0.00,0,118
295.06,1544765368,4893.59,51.44188575,7.46515128,238.51,30.02,0.00,260.96,0,-112.00,-17.00,0.00,0.00,32.00,0.00,0,430
295.06,1544765368,4893.62,51.44188575,7.46515128,238.51,30.02,0.00,260.96,0,-103.00,-12.00,0.00,0.00,35.00,0.00,0,229
295.06,1544765368,4893.65,51.44188575,7.46515128,238.51,30.02,0.00,260.96,0,-103.00,-13.00,0.00,0.00,36.00,0.00,0,448
295.06,1544765368,4893.71,51.44188575,7.46515128,238.51,30.02,0.00,260.96,0,-106.00,-16.00,0.00,0.00,36.00,0.00,0,51
296.05,1544765369,4923.40,51.44184907,7.46472372,237.96,30.17,0.00,261.50,0,-107.00,-11.00,0.00,0.00,30.00,0.00,0,118
296.06,1544765369,4923.49,51.44184907,7.46472372,237.96,30.17,0.00,261.50,0,-112.00,-15.00,0.00,0.00,30.00,0.00,0,157
296.06,1544765369,4923.55,51.44184907,7.46472372,237.96,30.17,0.00,261.50,0,-112.00,-15.00,0.00,0.00,30.00,0.00,0,430
296.06,1544765369,4923.58,51.44184907,7.46472372,237.96,30.17,0.00,261.50,0,-103.00,-10.00,0.00,0.00,33.00,0.00,0,229
296.06,1544765369,4923.61,51.44184907,7.46472372,237.96,30.17,0.00,261.50,0,-105.00,-12.00,0.00,0.00,33.00,0.00,0,448
297.05,1544765370,4953.59,51.44181244,7.46429530,237.49,30.20,0.00,262.17,0,-107.00,-11.00,0.00,0.00,30.00,0.00,0,118
297.06,1544765370,4953.65,51.44181244,7.46429530,237.49,30.20,0.00,262.17,0,-112.00,-15.00,0.00,0.00,30.00,0.00,0,157
297.06,1544765370,4953.68,51.44181244,7.46429530,237.49,30.20,0.00,262.17,0,-112.00,-15.00,0.00,0.00,30.00,0.00,0,430
297.06,1544765370,4953.74,51.44181244,7.46429530,237.49,30.20,0.00,262.17,0,-103.00,-10.00,0.00,0.00,33.00,0.00,0,229
297.06,1544765370,4953.77,51.44181244,7.46429530,237.49,30.20,0.00,262.17,0,-105.00,-12.00,0.00,0.00,33.00,0.00,0,448
298.05,1544765371,4983.64,51.44178344,7.46387009,237.04,30.19,0.00,262.95,0,-108.00,-10.00,0.00,0.00,28.00,0.00,0,118
298.06,1544765371,4983.88,51.44178344,7.46387009,237.04,30.19,0.00,262.95,0,-114.00,-16.00,0.00,0.00,27.00,0.00,0,430
298.06,1544765371,4983.94,51.44178344,7.46387009,237.04,30.19,0.00,262.95,0,-105.00,-12.00,0.00,0.00,33.00,0.00,0,448
298.06,1544765371,4983.97,51.44178344,7.46387009,237.04,30.19,0.00,262.95,0,-105.00,-11.00,0.00,0.00,32.00,0.00,0,229
299.05,1544765372,5013.89,51.44175179,7.46343891,236.66,30.21,0.00,263.19,0,-108.00,-10.00,0.00,0.00,28.00,0.00,0,118
299.05,1544765372,5013.92,51.44175179,7.46343891,236.66,30.21,0.00,263.19,0,-114.00,-16.00,0.00,0.00,27.00,0.00,0,430
299.05,1544765372,5013.98,51.44175179,7.46343891,236.66,30.21,0.00,263.19,0,-105.00,-12.00,0.00,0.00,33.00,0.00,0,448
299.05,1544765372,5014.01,51.44175179,7.46343891,236.66,30.21,0.00,263.19,0,-105.00,-11.00,0.00,0.00,32.00,0.00,0,229
300.05,1544765373,5044.04,51.44172201,7.46300923,236.28,30.18,0.00,263.87,0,-108.00,-11.00,0.00,0.00,29.00,0.00,0,118
300.05,1544765373,5044.04,51.44172201,7.46300923,236.28,30.18,0.00,263.87,0,-104.00,-11.00,0.00,0.00,33.00,0.00,0,448
300.05,1544765373,5044.10,51.44172201,7.46300923,236.28,30.18,0.00,263.87,0,-104.00,-11.00,0.00,0.00,33.00,0.00,0,449
301.05,1544765374,5074.25,51.44169694,7.46257650,235.92,30.26,0.00,264.26,0,-108.00,-11.00,0.00,0.00,29.00,0.00,0,118
301.05,1544765374,5074.25,51.44169694,7.46257650,235.92,30.26,0.00,264.26,0,-104.00,-11.00,0.00,0.00,33.00,0.00,0,448
301.05,1544765374,5074.28,51.44169694,7.46257650,235.92,30.26,0.00,264.26,0,-104.00,-11.00,0.00,0.00,33.00,0.00,0,449
302.05,1544765375,5104.51,51.44167249,7.46214637,235.60,30.40,0.00,264.90,0,-106.00,-10.00,0.00,0.00,30.00,0.00,0,118
302.05,1544765375,5104.54,51.44167249,7.46214637,235.60,30.40,0.00,264.90,0,-110.00,-11.00,0.00,0.00,27.00,0.00,0,35
302.05,1544765375,5104.54,51.44167249,7.46214637,235.60,30.40,0.00,264.90,0,-98.00,-10.00,0.00,0.00,37.00,0.00,0,449
302.05,1544765375,5104.57,51.44167249,7.46214637,235.60,30.40,0.00,264.90,0,-101.00,-12.00,0.00,0.00,37.00,0.00,0,448
303.05,1544765376,5135.06,51.44164847,7.46171154,235.27,30.53,0.00,265.22,0,-106.00,-10.00,0.00,0.00,30.00,0.00,0,118
303.06,1544765376,5135.18,51.44164847,7.46171154,235.27,30.53,0.00,265.22,0,-110.00,-11.00,0.00,0.00,27.00,0.00,0,35
303.06,1544765376,5135.21,51.44164847,7.46171154,235.27,30.53,0.00,265.22,0,-98.00,-10.00,0.00,0.00,37.00,0.00,0,449
303.06,1544765376,5135.28,51.44164847,7.46171154,235.27,30.53,0.00,265.22,0,-101.00,-12.00,0.00,0.00,37.00,0.00,0,448
304.06,1544765377,5165.72,51.44163047,7.46127046,234.88,30.67,0.00,265.69,0,-104.00,-11.00,0.00,0.00,33.00,0.00,0,118
304.06,1544765377,5165.75,51.44163047,7.46127046,234.88,30.67,0.00,265.69,0,-107.00,-13.00,0.00,0.00,33.00,0.00,0,35
304.06,1544765377,5165.78,51.44163047,7.46127046,234.88,30.67,0.00,265.69,0,-109.00,-16.00,0.00,0.00,33.00,0.00,0,430
304.06,1544765377,5165.78,51.44163047,7.46127046,234.88,30.67,0.00,265.69,0,-97.00,-9.00,0.00,0.00,39.00,0.00,0,449
304.06,1544765377,5165.81,51.44163047,7.46127046,234.88,30.67,0.00,265.69,0,-100.00,-13.00,0.00,0.00,39.00,0.00,0,448
305.05,1544765378,5195.99,51.44161290,7.46083224,234.48,30.53,0.00,266.26,0,-104.00,-11.00,0.00,0.00,33.00,0.00,0,118
305.05,1544765378,5196.02,51.44161290,7.46083224,234.48,30.53,0.00,266.26,0,-107.00,-13.00,0.00,0.00,33.00,0.00,0,35
305.05,1544765378,5196.02,51.44161290,7.46083224,234.48,30.53,0.00,266.26,0,-109.00,-16.00,0.00,0.00,33.00,0.00,0,430
305.05,1544765378,5196.02,51.44161290,7.46083224,234.48,30.53,0.00,266.26,0,-97.00,-9.00,0.00,0.00,39.00,0.00,0,449
305.05,1544765378,5196.05,51.44161290,7.46083224,234.48,30.53,0.00,266.26,0,-100.00,-13.00,0.00,0.00,39.00,0.00,0,448
306.05,1544765379,5226.52,51.44159951,7.46039738,234.13,30.46,0.00,266.76,0,-104.00,-11.00,0.00,0.00,33.00,0.00,0,118
306.05,1544765379,5226.52,51.44159951,7.46039738,234.13,30.46,0.00,266.76,0,-107.00,-13.00,0.00,0.00,33.00,0.00,0,35
306.05,1544765379,5226.52,51.44159951,7.46039738,234.13,30.46,0.00,266.76,0,-109.00,-16.00,0.00,0.00,33.00,0.00,0,430
306.05,1544765379,5226.55,51.44159951,7.46039738,234.13,30.46,0.00,266.76,0,-97.00,-9.00,0.00,0.00,39.00,0.00,0,449
306.05,1544765379,5226.55,51.44159951,7.46039738,234.13,30.46,0.00,266.76,0,-100.00,-13.00,0.00,0.00,39.00,0.00,0,448
307.05,1544765380,5257.10,51.44158592,7.45995721,233.74,30.46,0.00,267.23,0,-104.00,-15.00,0.00,0.00,37.00,0.00,0,35
307.05,1544765380,5257.13,51.44158592,7.45995721,233.74,30.46,0.00,267.23,0,-104.00,-15.00,0.00,0.00,38.00,0.00,0,118
307.05,1544765380,5257.16,51.44158592,7.45995721,233.74,30.46,0.00,267.23,0,-93.00,-9.00,0.00,0.00,42.00,0.00,0,449
307.05,1544765380,5257.19,51.44158592,7.45995721,233.74,30.46,0.00,267.23,0,-97.00,-14.00,0.00,0.00,42.00,0.00,0,448
308.04,1544765381,5287.38,51.44157626,7.45951715,233.34,30.61,0.00,267.77,0,-104.00,-15.00,0.00,0.00,37.00,0.00,0,35
308.04,1544765381,5287.38,51.44157626,7.45951715,233.34,30.61,0.00,267.77,0,-104.00,-15.00,0.00,0.00,38.00,0.00,0,118
308.04,1544765381,5287.38,51.44157626,7.45951715,233.34,30.61,0.00,267.77,0,-93.00,-9.00,0.00,0.00,42.00,0.00,0,449
308.04,1544765381,5287.41,51.44157626,7.45951715,233.34,30.61,0.00,267.77,0,-97.00,-14.00,0.00,0.00,42.00,0.00,0,448
309.05,1544765382,5318.08,51.44156674,7.45907599,232.97,30.59,0.00,268.40,0,-92.00,-8.00,0.00,0.00,41.00,0.00,0,449
310.05,1544765383,5348.66,51.44156238,7.45864450,232.68,29.90,0.00,268.95,0,-92.00,-8.00,0.00,0.00,41.00,0.00,0,449
311.05,1544765384,5378.53,51.44155850,7.45821925,232.49,29.66,0.00,268.63,0,-93.00,-8.00,0.00,0.00,41.00,0.00,0,449
312.05,1544765385,5408.19,51.44155584,7.45779856,232.32,29.25,0.00,269.81,0,-93.00,-8.00,0.00,0.00,41.00,0.00,0,449
346.05,1544765419,6531.52,51.44299194,7.44178763,226.68,36.62,0.00,286.48,0,-81.00,-8.00,0.00,0.00,53.00,0.00,0,74
346.06,1544765419,6531.56,51.44299194,7.44178763,226.68,36.62,0.00,286.48,0,-68.00,-7.00,0.00,0.00,63.00,0.00,0,56
347.05,1544765420,6567.85,51.44308583,7.44129343,226.04,36.46,0.00,286.96,0,-81.00,-8.00,0.00,0.00,53.00,0.00,0,74
347.05,1544765420,6567.89,51.44308583,7.44129343,226.04,36.46,0.00,286.96,0,-68.00,-7.00,0.00,0.00,63.00,0.00,0,56
348.05,1544765421,6604.34,51.44318621,7.44079479,225.38,36.35,0.00,287.63,0,-81.00,-8.00,0.00,0.00,53.00,0.00,0,74
348.05,1544765421,6604.38,51.44318621,7.44079479,225.38,36.35,0.00,287.63,0,-68.00,-7.00,0.00,0.00,63.00,0.00,0,56
372.05,1544765445,7494.20,51.44674390,7.42951872,197.64,37.98,0.00,310.84,0,-93.00,-8.00,0.00,0.00,44.00,0.00,0,70
373.05,1544765446,7532.18,51.44697071,7.42912257,196.19,38.01,0.00,312.32,0,-93.00,-8.00,0.00,0.00,44.00,0.00,0,70
374.05,1544765447,7570.15,51.44720597,7.42874107,194.84,37.85,0.00,313.97,0,-98.00,-9.00,0.00,0.00,40.00,0.00,0,70
375.04,1544765448,7607.93,51.44745014,7.42837011,193.45,37.89,0.00,315.62,0,-98.00,-9.00,0.00,0.00,40.00,0.00,0,70
376.05,1544765449,7645.89,51.44769860,7.42801152,191.97,37.98,0.00,317.13,0,-97.00,-10.00,0.00,0.00,42.00,0.00,0,70
377.05,1544765450,7683.87,51.44795137,7.42765659,190.32,38.27,0.00,318.54,0,-97.00,-10.00,0.00,0.00,42.00,0.00,0,70
378.05,1544765451,7722.18,51.44821668,7.42731300,188.74,38.33,0.00,321.14,0,-108.00,-10.00,0.00,0.00,28.00,0.00,0,312
378.05,1544765451,7722.21,51.44821668,7.42731300,188.74,38.33,0.00,321.14,0,-110.00,-12.00,0.00,0.00,28.00,0.00,0,40
378.05,1544765451,7722.21,51.44821668,7.42731300,188.74,38.33,0.00,321.14,0,-100.00,-8.00,0.00,0.00,36.00,0.00,0,70
379.05,1544765452,7760.50,51.44848096,7.42697209,187.22,37.89,0.00,321.84,0,-108.00,-10.00,0.00,0.00,28.00,0.00,0,312
379.05,1544765452,7760.54,51.44848096,7.42697209,187.22,37.89,0.00,321.84,0,-110.00,-12.00,0.00,0.00,28.00,0.00,0,40
379.05,1544765452,7760.54,51.44848096,7.42697209,187.22,37.89,0.00,321.84,0,-100.00,-8.00,0.00,0.00,36.00,0.00,0,70
380.04,1544765453,7798.17,51.44875436,7.42665319,185.84,37.44,0.00,323.46,0,-108.00,-11.00,0.00,0.00,29.00,0.00,0,40
380.04,1544765453,7798.17,51.44875436,7.42665319,185.84,37.44,0.00,323.46,0,-109.00,-12.00,0.00,0.00,28.00,0.00,0,312
380.04,1544765453,7798.17,51.44875436,7.42665319,185.84,37.44,0.00,323.46,0,-98.00,-7.00,0.00,0.00,38.00,0.00,0,70
381.05,1544765454,7835.83,51.44902842,7.42636281,184.33,36.99,0.00,326.39,0,-108.00,-11.00,0.00,0.00,29.00,0.00,0,40
381.05,1544765454,7835.87,51.44902842,7.42636281,184.33,36.99,0.00,326.39,0,-109.00,-12.00,0.00,0.00,28.00,0.00,0,312
381.05,1544765454,7835.87,51.44902842,7.42636281,184.33,36.99,0.00,326.39,0,-98.00,-7.00,0.00,0.00,38.00,0.00,0,70
382.05,1544765455,7872.81,51.44930131,7.42607449,182.83,36.70,0.00,326.97,0,-103.00,-8.00,0.00,0.00,31.00,0.00,0,40
382.05,1544765455,7872.85,51.44930131,7.42607449,182.83,36.70,0.00,326.97,0,-113.00,-16.00,0.00,0.00,28.00,0.00,0,312
382.05,1544765455,7872.89,51.44930131,7.42607449,182.83,36.70,0.00,326.97,0,-96.00,-6.00,0.00,0.00,39.00,0.00,0,70
383.05,1544765456,7909.59,51.44958492,7.42579350,181.41,36.69,0.00,328.04,0,-103.00,-8.00,0.00,0.00,31.00,0.00,0,40
383.05,1544765456,7909.62,51.44958492,7.42579350,181.41,36.69,0.00,328.04,0,-113.00,-16.00,0.00,0.00,28.00,0.00,0,312
383.05,1544765456,7909.62,51.44958492,7.42579350,181.41,36.69,0.00,328.04,0,-96.00,-6.00,0.00,0.00,39.00,0.00,0,70
384.05,1544765457,7946.17,51.44986983,7.42552914,179.99,36.66,0.00,329.54,0,-107.00,-9.00,0.00,0.00,29.00,0.00,0,27
385.05,1544765458,7982.83,51.45015886,7.42528078,178.63,36.57,0.00,331.36,0,-107.00,-9.00,0.00,0.00,29.00,0.00,0,27
386.05,1544765459,8019.52,51.45044980,7.42505055,177.42,36.52,0.00,333.16,0,-102.00,-9.00,0.00,0.00,33.00,0.00,0,27
386.05,1544765459,8019.52,51.45044980,7.42505055,177.42,36.52,0.00,333.16,0,-106.00,-13.00,0.00,0.00,33.00,0.00,0,377
386.05,1544765459,8019.55,51.45044980,7.42505055,177.42,36.52,0.00,333.16,0,-107.00,-13.00,0.00,0.00,32.00,0.00,0,119
386.05,1544765459,8019.59,51.45044980,7.42505055,177.42,36.52,0.00,333.16,0,-99.00,-10.00,0.00,0.00,40.00,0.00,0,51
386.05,1544765459,8019.63,51.45044980,7.42505055,177.42,36.52,0.00,333.16,0,-100.00,-13.00,0.00,0.00,41.00,0.00,0,132
387.05,1544765460,8056.07,51.45074836,7.42482575,176.04,35.94,0.00,334.35,0,-102.00,-9.00,0.00,0.00,33.00,0.00,0,27
387.05,1544765460,8056.10,51.45074836,7.42482575,176.04,35.94,0.00,334.35,0,-106.00,-13.00,0.00,0.00,33.00,0.00,0,377
387.05,1544765460,8056.10,51.45074836,7.42482575,176.04,35.94,0.00,334.35,0,-107.00,-13.00,0.00,0.00,32.00,0.00,0,119
387.05,1544765460,8056.14,51.45074836,7.42482575,176.04,35.94,0.00,334.35,0,-99.00,-10.00,0.00,0.00,40.00,0.00,0,51
387.05,1544765460,8056.18,51.45074836,7.42482575,176.04,35.94,0.00,334.35,0,-100.00,-13.00,0.00,0.00,41.00,0.00,0,132
388.06,1544765461,8092.47,51.45104509,7.42462049,175.14,35.81,0.00,336.50,0,-97.00,-9.00,0.00,0.00,37.00,0.00,0,119
388.07,1544765461,8092.54,51.45104509,7.42462049,175.14,35.81,0.00,336.50,0,-101.00,-11.00,0.00,0.00,36.00,0.00,0,27
388.07,1544765461,8092.58,51.45104509,7.42462049,175.14,35.81,0.00,336.50,0,-93.00,-10.00,0.00,0.00,45.00,0.00,0,230
388.07,1544765461,8092.65,51.45104509,7.42462049,175.14,35.81,0.00,336.50,0,-94.00,-10.00,0.00,0.00,45.00,0.00,0,70
389.05,1544765462,8127.78,51.45134098,7.42442803,174.07,35.66,0.00,337.94,0,-97.00,-9.00,0.00,0.00,37.00,0.00,0,119
389.05,1544765462,8127.78,51.45134098,7.42442803,174.07,35.66,0.00,337.94,0,-101.00,-11.00,0.00,0.00,36.00,0.00,0,27
389.05,1544765462,8127.82,51.45134098,7.42442803,174.07,35.66,0.00,337.94,0,-93.00,-10.00,0.00,0.00,45.00,0.00,0,230
389.05,1544765462,8127.85,51.45134098,7.42442803,174.07,35.66,0.00,337.94,0,-94.00,-10.00,0.00,0.00,45.00,0.00,0,70
390.05,1544765463,8163.44,51.45163616,7.42424914,172.78,35.38,0.00,339.46,0,-97.00,-9.00,0.00,0.00,37.00,0.00,0,119
390.05,1544765463,8163.48,51.45163616,7.42424914,172.78,35.38,0.00,339.46,0,-101.00,-11.00,0.00,0.00,36.00,0.00,0,27
390.05,1544765463,8163.48,51.45163616,7.42424914,172.78,35.38,0.00,339.46,0,-93.00,-10.00,0.00,0.00,45.00,0.00,0,230
390.05,1544765463,8163.51,51.45163616,7.42424914,172.78,35.38,0.00,339.46,0,-94.00,-10.00,0.00,0.00,45.00,0.00,0,70
391.05,1544765464,8198.86,51.45193911,7.42407622,171.48,35.30,0.00,340.64,0,-97.00,-8.00,0.00,0.00,38.00,0.00,0,27
391.05,1544765464,8198.90,51.45193911,7.42407622,171.48,35.30,0.00,340.64,0,-98.00,-9.00,0.00,0.00,37.00,0.00,0,119
391.05,1544765464,8198.90,51.45193911,7.42407622,171.48,35.30,0.00,340.64,0,-91.00,-9.00,0.00,0.00,47.00,0.00,0,230
391.05,1544765464,8198.93,51.45193911,7.42407622,171.48,35.30,0.00,340.64,0,-94.00,-11.00,0.00,0.00,46.00,0.00,0,70
392.05,1544765465,8234.13,51.45222971,7.42391517,170.16,35.21,0.00,340.60,0,-97.00,-8.00,0.00,0.00,38.00,0.00,0,27
392.05,1544765465,8234.16,51.45222971,7.42391517,170.16,35.21,0.00,340.60,0,-98.00,-9.00,0.00,0.00,37.00,0.00,0,119
392.05,1544765465,8234.20,51.45222971,7.42391517,170.16,35.21,0.00,340.60,0,-91.00,-9.00,0.00,0.00,47.00,0.00,0,230
392.05,1544765465,8234.23,51.45222971,7.42391517,170.16,35.21,0.00,340.60,0,-94.00,-11.00,0.00,0.00,46.00,0.00,0,70
397.05,1544765470,8412.78,51.45376343,7.42317698,163.83,36.20,0.00,343.46,0,-87.00,-12.00,0.00,0.00,57.00,0.00,0,230
398.04,1544765471,8448.87,51.45407557,7.42303551,162.53,35.88,0.00,343.96,0,-87.00,-12.00,0.00,0.00,57.00,0.00,0,230
399.05,1544765472,8484.86,51.45438255,7.42290230,161.39,35.37,0.00,343.97,0,-86.00,-9.00,0.00,0.00,49.00,0.00,0,119
400.05,1544765473,8520.23,51.45468496,7.42276813,160.37,34.89,0.00,343.88,0,-86.00,-9.00,0.00,0.00,49.00,0.00,0,119
401.05,1544765474,8555.16,51.45498189,7.42263388,159.45,34.31,0.00,343.29,0,-85.00,-9.00,0.00,0.00,51.00,0.00,0,119
402.05,1544765475,8589.47,51.45527171,7.42249214,158.58,33.82,0.00,342.73,0,-85.00,-9.00,0.00,0.00,51.00,0.00,0,119
403.05,1544765476,8623.28,51.45556021,7.42234954,157.82,33.86,0.00,342.06,0,-81.00,-8.00,0.00,0.00,52.00,0.00,0,40
403.05,1544765476,8623.32,51.45556021,7.42234954,157.82,33.86,0.00,342.06,0,-75.00,-7.00,0.00,0.00,60.00,0.00,0,70
404.05,1544765477,8657.17,51.45584853,7.42219715,157.13,33.96,0.00,341.49,0,-81.00,-8.00,0.00,0.00,52.00,0.00,0,40
404.05,1544765477,8657.17,51.45584853,7.42219715,157.13,33.96,0.00,341.49,0,-75.00,-7.00,0.00,0.00,60.00,0.00,0,70
405.05,1544765478,8691.10,51.45613840,7.42204720,156.53,34.06,0.00,340.89,0,-85.00,-9.00,0.00,0.00,49.00,0.00,0,40
405.05,1544765478,8691.13,51.45613840,7.42204720,156.53,34.06,0.00,340.89,0,-75.00,-6.00,0.00,0.00,60.00,0.00,0,70
406.05,1544765479,8725.19,51.45642503,7.42188291,156.06,34.15,0.00,339.90,0,-85.00,-9.00,0.00,0.00,49.00,0.00,0,40
406.05,1544765479,8725.22,51.45642503,7.42188291,156.06,34.15,0.00,339.90,0,-75.00,-6.00,0.00,0.00,60.00,0.00,0,70
407.05,1544765480,8759.31,51.45671133,7.42170698,155.66,34.33,0.00,338.53,0,-87.00,-10.00,0.00,0.00,50.00,0.00,0,119
407.05,1544765480,8759.34,51.45671133,7.42170698,155.66,34.33,0.00,338.53,0,-83.00,-9.00,0.00,0.00,55.00,0.00,0,230
408.05,1544765481,8793.68,51.45699850,7.42152757,155.24,34.25,0.00,337.64,0,-87.00,-10.00,0.00,0.00,50.00,0.00,0,119
408.05,1544765481,8793.71,51.45699850,7.42152757,155.24,34.25,0.00,337.64,0,-83.00,-9.00,0.00,0.00,55.00,0.00,0,230
409.05,1544765482,8828.16,51.45727923,7.42133500,154.85,33.89,0.00,336.44,0,-87.00,-9.00,0.00,0.00,48.00,0.00,0,119
409.06,1544765482,8828.20,51.45727923,7.42133500,154.85,33.89,0.00,336.44,0,-83.00,-8.00,0.00,0.00,53.00,0.00,0,230
410.05,1544765483,8861.78,51.45755863,7.42114236,154.46,33.61,0.00,335.67,0,-87.00,-9.00,0.00,0.00,48.00,0.00,0,119
410.05,1544765483,8861.81,51.45755863,7.42114236,154.46,33.61,0.00,335.67,0,-83.00,-8.00,0.00,0.00,53.00,0.00,0,230
411.05,1544765484,8895.39,51.45783025,7.42093854,154.10,33.17,0.00,334.53,0,-87.00,-9.00,0.00,0.00,48.00,0.00,0,119
411.05,1544765484,8895.42,51.45783025,7.42093854,154.10,33.17,0.00,334.53,0,-83.00,-8.00,0.00,0.00,53.00,0.00,0,230
412.05,1544765485,8928.69,51.45809760,7.42073581,153.77,32.55,0.00,333.85,0,-84.00,-7.00,0.00,0.00,48.00,0.00,0,119
412.05,1544765485,8928.72,51.45809760,7.42073581,153.77,32.55,0.00,333.85,0,-87.00,-10.00,0.00,0.00,52.00,0.00,0,230
412.05,1544765485,8928.76,51.45809760,7.42073581,153.77,32.55,0.00,333.85,0,-91.00,-15.00,0.00,0.00,53.00,0.00,0,69
413.04,1544765486,8961.01,51.45835545,7.42052696,153.48,31.92,0.00,332.97,0,-84.00,-7.00,0.00,0.00,48.00,0.00,0,119
413.04,1544765486,8961.04,51.45835545,7.42052696,153.48,31.92,0.00,332.97,0,-87.00,-10.00,0.00,0.00,52.00,0.00,0,230
413.04,1544765486,8961.04,51.45835545,7.42052696,153.48,31.92,0.00,332.97,0,-91.00,-15.00,0.00,0.00,53.00,0.00,0,69
414.05,1544765487,8993.09,51.45860828,7.42031964,153.24,31.37,0.00,332.16,0,-88.00,-14.00,0.00,0.00,52.00,0.00,0,39
414.05,1544765487,8993.09,51.45860828,7.42031964,153.24,31.37,0.00,332.16,0,-91.00,-18.00,0.00,0.00,52.00,0.00,0,40
414.05,1544765487,8993.12,51.45860828,7.42031964,153.24,31.37,0.00,332.16,0,-88.00,-14.00,0.00,0.00,55.00,0.00,0,70
414.05,1544765487,8993.15,51.45860828,7.42031964,153.24,31.37,0.00,332.16,0,-88.00,-15.00,0.00,0.00,55.00,0.00,0,69
415.05,1544765488,9024.58,51.45885371,7.42010191,152.94,30.98,0.00,331.26,0,-88.00,-14.00,0.00,0.00,52.00,0.00,0,39
415.05,1544765488,9024.61,51.45885371,7.42010191,152.94,30.98,0.00,331.26,0,-91.00,-18.00,0.00,0.00,52.00,0.00,0,40
415.05,1544765488,9024.61,51.45885371,7.42010191,152.94,30.98,0.00,331.26,0,-88.00,-14.00,0.00,0.00,55.00,0.00,0,70
415.05,1544765488,9024.64,51.45885371,7.42010191,152.94,30.98,0.00,331.26,0,-88.00,-15.00,0.00,0.00,55.00,0.00,0,69
416.05,1544765489,9055.34,51.45910022,7.41988448,152.61,31.00,0.00,330.42,0,-89.00,-14.00,0.00,0.00,52.00,0.00,0,39
416.05,1544765489,9055.34,51.45910022,7.41988448,152.61,31.00,0.00,330.42,0,-92.00,-18.00,0.00,0.00,52.00,0.00,0,40
416.05,1544765489,9055.37,51.45910022,7.41988448,152.61,31.00,0.00,330.42,0,-84.00,-11.00,0.00,0.00,54.00,0.00,0,69
416.05,1544765489,9055.37,51.45910022,7.41988448,152.61,31.00,0.00,330.42,0,-87.00,-13.00,0.00,0.00,54.00,0.00,0,70
417.04,1544765490,9086.31,51.45934456,7.41965525,152.31,31.15,0.00,329.41,0,-89.00,-14.00,0.00,0.00,52.00,0.00,0,39
417.04,1544765490,9086.31,51.45934456,7.41965525,152.31,31.15,0.00,329.41,0,-92.00,-18.00,0.00,0.00,52.00,0.00,0,40
417.05,1544765490,9086.34,51.45934456,7.41965525,152.31,31.15,0.00,329.41,0,-84.00,-11.00,0.00,0.00,54.00,0.00,0,69
417.05,1544765490,9086.34,51.45934456,7.41965525,152.31,31.15,0.00,329.41,0,-87.00,-13.00,0.00,0.00,54.00,0.00,0,70
418.04,1544765491,9117.43,51.45958892,7.41941555,152.01,31.43,0.00,328.22,0,-80.00,-10.00,0.00,0.00,59.00,0.00,0,69
418.04,1544765491,9117.46,51.45958892,7.41941555,152.01,31.43,0.00,328.22,0,-86.00,-17.00,0.00,0.00,59.00,0.00,0,386
419.04,1544765492,9148.86,51.45982860,7.41918045,151.71,31.57,0.00,327.40,0,-80.00,-10.00,0.00,0.00,59.00,0.00,0,69
419.04,1544765492,9148.86,51.45982860,7.41918045,151.71,31.57,0.00,327.40,0,-86.00,-17.00,0.00,0.00,59.00,0.00,0,386
420.05,1544765493,9180.62,51.46006415,7.41893481,151.48,31.84,0.00,326.46,0,-84.00,-9.00,0.00,0.00,52.00,0.00,0,93
420.05,1544765493,9180.69,51.46006415,7.41893481,151.48,31.84,0.00,326.46,0,-90.00,-11.00,0.00,0.00,51.00,0.00,0,386
420.05,1544765493,9180.72,51.46006415,7.41893481,151.48,31.84,0.00,326.46,0,-90.00,-13.00,0.00,0.00,53.00,0.00,0,69
421.05,1544765494,9212.34,51.46030329,7.41868399,151.35,32.12,0.00,325.52,0,-84.00,-9.00,0.00,0.00,52.00,0.00,0,93
421.05,1544765494,9212.37,51.46030329,7.41868399,151.35,32.12,0.00,325.52,0,-90.00,-11.00,0.00,0.00,51.00,0.00,0,386
421.05,1544765494,9212.37,51.46030329,7.41868399,151.35,32.12,0.00,325.52,0,-90.00,-13.00,0.00,0.00,53.00,0.00,0,69
422.04,1544765495,9244.40,51.46054514,7.41841227,151.22,32.36,0.00,324.70,0,-81.00,-8.00,0.00,0.00,56.00,0.00,0,69
423.05,1544765496,9276.92,51.46078744,7.41814006,151.12,32.68,0.00,323.92,0,-81.00,-8.00,0.00,0.00,56.00,0.00,0,69
426.04,1544765499,9375.69,51.46149725,7.41726501,151.09,33.70,0.00,321.16,0,-85.00,-11.00,0.00,0.00,52.00,0.00,0,93
427.05,1544765500,9409.46,51.46172924,7.41695641,151.06,34.15,0.00,320.17,0,-85.00,-11.00,0.00,0.00,52.00,0.00,0,93
435.04,1544765508,9694.65,51.46359377,7.41413110,151.54,36.45,0.00,312.43,0,-88.00,-10.00,0.00,0.00,49.00,0.00,0,119
436.05,1544765509,9731.35,51.46380856,7.41374112,151.75,36.13,0.00,311.10,0,-88.00,-10.00,0.00,0.00,49.00,0.00,0,119
437.05,1544765510,9767.37,51.46402495,7.41334312,151.95,35.82,0.00,310.33,0,-95.00,-9.00,0.00,0.00,39.00,0.00,0,119
437.05,1544765510,9767.40,51.46402495,7.41334312,151.95,35.82,0.00,310.33,0,-99.00,-13.00,0.00,0.00,39.00,0.00,0,133
438.05,1544765511,9803.12,51.46423285,7.41294166,152.22,35.47,0.00,309.65,0,-95.00,-9.00,0.00,0.00,39.00,0.00,0,119
438.05,1544765511,9803.12,51.46423285,7.41294166,152.22,35.47,0.00,309.65,0,-99.00,-13.00,0.00,0.00,39.00,0.00,0,133
439.05,1544765512,9838.66,51.46443676,7.41254612,152.56,35.14,0.00,309.34,0,-100.00,-10.00,0.00,0.00,35.00,0.00,0,93
439.05,1544765512,9838.70,51.46443676,7.41254612,152.56,35.14,0.00,309.34,0,-104.00,-12.00,0.00,0.00,34.00,0.00,0,377
439.05,1544765512,9838.73,51.46443676,7.41254612,152.56,35.14,0.00,309.34,0,-104.00,-14.00,0.00,0.00,35.00,0.00,0,119
440.05,1544765513,9873.80,51.46463745,7.41215401,152.94,34.62,0.00,308.96,0,-100.00,-10.00,0.00,0.00,35.00,0.00,0,93
440.05,1544765513,9873.83,51.46463745,7.41215401,152.94,34.62,0.00,308.96,0,-104.00,-12.00,0.00,0.00,34.00,0.00,0,377
440.05,1544765513,9873.90,51.46463745,7.41215401,152.94,34.62,0.00,308.96,0,-104.00,-14.00,0.00,0.00,35.00,0.00,0,119
443.05,1544765516,9975.92,51.46520301,7.41101295,154.02,32.66,0.00,308.25,0,-104.00,-12.00,0.00,0.00,34.00,0.00,0,93
443.05,1544765516,9975.96,51.46520301,7.41101295,154.02,32.66,0.00,308.25,0,-108.00,-17.00,0.00,0.00,34.00,0.00,0,377
443.05,1544765516,9975.99,51.46520301,7.41101295,154.02,32.66,0.00,308.25,0,-109.00,-16.00,0.00,0.00,33.00,0.00,0,119
443.05,1544765516,9976.02,51.46520301,7.41101295,154.02,32.66,0.00,308.25,0,-99.00,-17.00,0.00,0.00,47.00,0.00,0,57
443.05,1544765516,9976.06,51.46520301,7.41101295,154.02,32.66,0.00,308.25,0,-99.00,-15.00,0.00,0.00,45.00,0.00,0,132
444.05,1544765517,10008.48,51.46538375,7.41064720,154.34,32.21,0.00,307.91,0,-104.00,-12.00,0.00,0.00,34.00,0.00,0,93
444.05,1544765517,10008.51,51.46538375,7.41064720,154.34,32.21,0.00,307.91,0,-108.00,-17.00,0.00,0.00,34.00,0.00,0,377
444.05,1544765517,10008.55,51.46538375,7.41064720,154.34,32.21,0.00,307.91,0,-109.00,-16.00,0.00,0.00,33.00,0.00,0,119
444.05,1544765517,10008.61,51.46538375,7.41064720,154.34,32.21,0.00,307.91,0,-99.00,-17.00,0.00,0.00,47.00,0.00,0,57
444.05,1544765517,10008.64,51.46538375,7.41064720,154.34,32.21,0.00,307.91,0,-99.00,-15.00,0.00,0.00,45.00,0.00,0,132
445.05,1544765518,10040.76,51.46556295,7.41028285,154.64,32.22,0.00,307.70,0,-105.00,-12.00,0.00,0.00,32.00,0.00,0,93
445.05,1544765518,10040.85,51.46556295,7.41028285,154.64,32.22,0.00,307.70,0,-107.00,-13.00,0.00,0.00,32.00,0.00,0,266
445.05,1544765518,10040.89,51.46556295,7.41028285,154.64,32.22,0.00,307.70,0,-107.00,-14.00,0.00,0.00,31.00,0.00,0,119
445.05,1544765518,10040.92,51.46556295,7.41028285,154.64,32.22,0.00,307.70,0,-98.00,-10.00,0.00,0.00,40.00,0.00,0,132
445.06,1544765518,10040.95,51.46556295,7.41028285,154.64,32.22,0.00,307.70,0,-103.00,-14.00,0.00,0.00,39.00,0.00,0,386
446.05,1544765519,10072.95,51.46573772,7.40990780,154.72,32.32,0.00,306.71,0,-105.00,-12.00,0.00,0.00,32.00,0.00,0,93
446.05,1544765519,10072.98,51.46573772,7.40990780,154.72,32.32,0.00,306.71,0,-107.00,-13.00,0.00,0.00,32.00,0.00,0,266
446.05,1544765519,10073.01,51.46573772,7.40990780,154.72,32.32,0.00,306.71,0,-107.00,-14.00,0.00,0.00,31.00,0.00,0,119
446.05,1544765519,10073.01,51.46573772,7.40990780,154.72,32.32,0.00,306.71,0,-98.00,-10.00,0.00,0.00,40.00,0.00,0,132
446.05,1544765519,10073.05,51.46573772,7.40990780,154.72,32.32,0.00,306.71,0,-103.00,-14.00,0.00,0.00,39.00,0.00,0,386
449.05,1544765522,10171.14,51.46626583,7.40876840,154.89,33.69,0.00,307.13,0,-92.00,-7.00,0.00,0.00,41.00,0.00,0,377
449.05,1544765522,10171.14,51.46626583,7.40876840,154.89,33.69,0.00,307.13,0,-96.00,-9.00,0.00,0.00,38.00,0.00,0,39
449.05,1544765522,10171.17,51.46626583,7.40876840,154.89,33.69,0.00,307.13,0,-97.00,-11.00,0.00,0.00,41.00,0.00,0,93
450.05,1544765523,10204.80,51.46645364,7.40838112,154.81,34.13,0.00,307.92,0,-92.00,-7.00,0.00,0.00,41.00,0.00,0,377
450.05,1544765523,10204.83,51.46645364,7.40838112,154.81,34.13,0.00,307.92,0,-96.00,-9.00,0.00,0.00,38.00,0.00,0,39
450.05,1544765523,10204.87,51.46645364,7.40838112,154.81,34.13,0.00,307.92,0,-97.00,-11.00,0.00,0.00,41.00,0.00,0,93
451.06,1544765524,10239.44,51.46664402,7.40798950,154.78,34.62,0.00,308.30,0,-96.00,-10.00,0.00,0.00,40.00,0.00,0,93
451.06,1544765524,10239.47,51.46664402,7.40798950,154.78,34.62,0.00,308.30,0,-97.00,-11.00,0.00,0.00,40.00,0.00,0,458
451.06,1544765524,10239.51,51.46664402,7.40798950,154.78,34.62,0.00,308.30,0,-102.00,-14.00,0.00,0.00,38.00,0.00,0,417
451.06,1544765524,10239.51,51.46664402,7.40798950,154.78,34.62,0.00,308.30,0,-89.00,-6.00,0.00,0.00,48.00,0.00,0,386
451.07,1544765524,10239.54,51.46664402,7.40798950,154.78,34.62,0.00,308.30,0,-95.00,-9.00,0.00,0.00,43.00,0.00,0,431
452.05,1544765525,10273.61,51.46683749,7.40759407,154.83,34.97,0.00,308.74,0,-96.00,-10.00,0.00,0.00,40.00,0.00,0,93
452.05,1544765525,10273.64,51.46683749,7.40759407,154.83,34.97,0.00,308.74,0,-97.00,-11.00,0.00,0.00,40.00,0.00,0,458
452.05,1544765525,10273.64,51.46683749,7.40759407,154.83,34.97,0.00,308.74,0,-102.00,-14.00,0.00,0.00,38.00,0.00,0,417
452.05,1544765525,10273.68,51.46683749,7.40759407,154.83,34.97,0.00,308.74,0,-89.00,-6.00,0.00,0.00,48.00,0.00,0,386
452.05,1544765525,10273.68,51.46683749,7.40759407,154.83,34.97,0.00,308.74,0,-95.00,-9.00,0.00,0.00,43.00,0.00,0,431
453.05,1544765526,10308.68,51.46703780,7.40720347,154.92,35.13,0.00,309.18,0,-96.00,-10.00,0.00,0.00,40.00,0.00,0,93
453.05,1544765526,10308.71,51.46703780,7.40720347,154.92,35.13,0.00,309.18,0,-97.00,-11.00,0.00,0.00,40.00,0.00,0,458
453.05,1544765526,10308.71,51.46703780,7.40720347,154.92,35.13,0.00,309.18,0,-102.00,-14.00,0.00,0.00,38.00,0.00,0,417
453.05,1544765526,10308.71,51.46703780,7.40720347,154.92,35.13,0.00,309.18,0,-89.00,-6.00,0.00,0.00,48.00,0.00,0,386
453.05,1544765526,10308.75,51.46703780,7.40720347,154.92,35.13,0.00,309.18,0,-95.00,-9.00,0.00,0.00,43.00,0.00,0,431
454.04,1544765527,10343.49,51.46723968,7.40681113,155.09,35.15,0.00,309.79,0,-88.00,-9.00,0.00,0.00,45.00,0.00,0,93
454.04,1544765527,10343.49,51.46723968,7.40681113,155.09,35.15,0.00,309.79,0,-93.00,-11.00,0.00,0.00,48.00,0.00,0,386
454.04,1544765527,10343.49,51.46723968,7.40681113,155.09,35.15,0.00,309.79,0,-96.00,-12.00,0.00,0.00,45.00,0.00,0,69
455.05,1544765528,10378.85,51.46744528,7.40642413,155.33,35.13,0.00,310.18,0,-88.00,-9.00,0.00,0.00,45.00,0.00,0,93
455.05,1544765528,10378.89,51.46744528,7.40642413,155.33,35.13,0.00,310.18,0,-93.00,-11.00,0.00,0.00,48.00,0.00,0,386
455.05,1544765528,10378.92,51.46744528,7.40642413,155.33,35.13,0.00,310.18,0,-96.00,-12.00,0.00,0.00,45.00,0.00,0,69
456.05,1544765529,10413.94,51.46764558,7.40604716,155.68,34.97,0.00,310.48,0,-98.00,-9.00,0.00,0.00,36.00,0.00,0,39
456.05,1544765529,10413.98,51.46764558,7.40604716,155.68,34.97,0.00,310.48,0,-102.00,-12.00,0.00,0.00,36.00,0.00,0,93
456.05,1544765529,10414.01,51.46764558,7.40604716,155.68,34.97,0.00,310.48,0,-103.00,-12.00,0.00,0.00,35.00,0.00,0,266
456.05,1544765529,10414.01,51.46764558,7.40604716,155.68,34.97,0.00,310.48,0,-96.00,-10.00,0.00,0.00,43.00,0.00,0,69
456.05,1544765529,10414.05,51.46764558,7.40604716,155.68,34.97,0.00,310.48,0,-96.00,-10.00,0.00,0.00,43.00,0.00,0,431
457.05,1544765530,10448.98,51.46784967,7.40566026,156.00,34.79,0.00,310.94,0,-98.00,-9.00,0.00,0.00,36.00,0.00,0,39
457.05,1544765530,10449.01,51.46784967,7.40566026,156.00,34.79,0.00,310.94,0,-102.00,-12.00,0.00,0.00,36.00,0.00,0,93
457.05,1544765530,10449.05,51.46784967,7.40566026,156.00,34.79,0.00,310.94,0,-103.00,-12.00,0.00,0.00,35.00,0.00,0,266
457.05,1544765530,10449.12,51.46784967,7.40566026,156.00,34.79,0.00,310.94,0,-96.00,-10.00,0.00,0.00,43.00,0.00,0,69
457.06,1544765530,10449.15,51.46784967,7.40566026,156.00,34.79,0.00,310.94,0,-96.00,-10.00,0.00,0.00,43.00,0.00,0,431
458.05,1544765531,10483.63,51.46806050,7.40528427,156.55,34.74,0.00,311.77,0,-94.00,-10.00,0.00,0.00,42.00,0.00,0,119
458.05,1544765531,10483.63,51.46806050,7.40528427,156.55,34.74,0.00,311.77,0,-95.00,-12.00,0.00,0.00,42.00,0.00,0,93
458.05,1544765531,10483.67,51.46806050,7.40528427,156.55,34.74,0.00,311.77,0,-96.00,-13.00,0.00,0.00,42.00,0.00,0,143
458.05,1544765531,10483.70,51.46806050,7.40528427,156.55,34.74,0.00,311.77,0,-94.00,-11.00,0.00,0.00,46.00,0.00,0,386
458.05,1544765531,10483.70,51.46806050,7.40528427,156.55,34.74,0.00,311.77,0,-98.00,-14.00,0.00,0.00,44.00,0.00,0,431
459.05,1544765532,10518.44,51.46827111,7.40491692,156.86,34.72,0.00,312.91,0,-94.00,-10.00,0.00,0.00,42.00,0.00,0,119
459.05,1544765532,10518.47,51.46827111,7.40491692,156.86,34.72,0.00,312.91,0,-95.00,-12.00,0.00,0.00,42.00,0.00,0,93
459.05,1544765532,10518.51,51.46827111,7.40491692,156.86,34.72,0.00,312.91,0,-96.00,-13.00,0.00,0.00,42.00,0.00,0,143
459.05,1544765532,10518.51,51.46827111,7.40491692,156.86,34.72,0.00,312.91,0,-94.00,-11.00,0.00,0.00,46.00,0.00,0,386
459.05,1544765532,10518.54,51.46827111,7.40491692,156.86,34.72,0.00,312.91,0,-98.00,-14.00,0.00,0.00,44.00,0.00,0,431
460.05,1544765533,10553.16,51.46848159,7.40455863,157.19,34.69,0.00,313.42,0,-102.00,-12.00,0.00,0.00,36.00,0.00,0,39
460.05,1544765533,10553.16,51.46848159,7.40455863,157.19,34.69,0.00,313.42,0,-102.00,-13.00,0.00,0.00,36.00,0.00,0,119
460.05,1544765533,10553.19,51.46848159,7.40455863,157.19,34.69,0.00,313.42,0,-104.00,-12.00,0.00,0.00,34.00,0.00,0,377
461.05,1544765534,10587.81,51.46869518,7.40419845,157.48,34.72,0.00,313.70,0,-102.00,-12.00,0.00,0.00,36.00,0.00,0,39
461.05,1544765534,10587.81,51.46869518,7.40419845,157.48,34.72,0.00,313.70,0,-102.00,-13.00,0.00,0.00,36.00,0.00,0,119
461.05,1544765534,10587.85,51.46869518,7.40419845,157.48,34.72,0.00,313.70,0,-104.00,-12.00,0.00,0.00,34.00,0.00,0,377
462.05,1544765535,10622.50,51.46891053,7.40383643,157.75,34.69,0.00,313.88,0,-102.00,-15.00,0.00,0.00,41.00,0.00,0,386
462.05,1544765535,10622.53,51.46891053,7.40383643,157.75,34.69,0.00,313.88,0,-103.00,-14.00,0.00,0.00,40.00,0.00,0,230
463.05,1544765536,10657.22,51.46913016,7.40346514,158.16,34.74,0.00,313.68,0,-102.00,-15.00,0.00,0.00,41.00,0.00,0,386
463.05,1544765536,10657.22,51.46913016,7.40346514,158.16,34.74,0.00,313.68,0,-103.00,-14.00,0.00,0.00,40.00,0.00,0,230
464.05,1544765537,10692.10,51.46934710,7.40311090,158.79,34.69,0.00,313.93,0,-107.00,-15.00,0.00,0.00,34.00,0.00,0,119
464.05,1544765537,10692.13,51.46934710,7.40311090,158.79,34.69,0.00,313.93,0,-108.00,-17.00,0.00,0.00,35.00,0.00,0,120
464.05,1544765537,10692.13,51.46934710,7.40311090,158.79,34.69,0.00,313.93,0,-108.00,-16.00,0.00,0.00,34.00,0.00,0,266
464.05,1544765537,10692.20,51.46934710,7.40311090,158.79,34.69,0.00,313.93,0,-103.00,-14.00,0.00,0.00,40.00,0.00,0,386
464.06,1544765537,10692.24,51.46934710,7.40311090,158.79,34.69,0.00,313.93,0,-104.00,-14.00,0.00,0.00,39.00,0.00,0,230
465.05,1544765538,10726.68,51.46956597,7.40274677,159.29,34.19,0.00,314.21,0,-107.00,-15.00,0.00,0.00,34.00,0.00,0,119
465.05,1544765538,10726.72,51.46956597,7.40274677,159.29,34.19,0.00,314.21,0,-108.00,-17.00,0.00,0.00,35.00,0.00,0,120
465.05,1544765538,10726.75,51.46956597,7.40274677,159.29,34.19,0.00,314.21,0,-108.00,-16.00,0.00,0.00,34.00,0.00,0,266
465.05,1544765538,10726.75,51.46956597,7.40274677,159.29,34.19,0.00,314.21,0,-103.00,-14.00,0.00,0.00,40.00,0.00,0,386
465.05,1544765538,10726.79,51.46956597,7.40274677,159.29,34.19,0.00,314.21,0,-104.00,-14.00,0.00,0.00,39.00,0.00,0,230
466.05,1544765539,10760.87,51.46978170,7.40238835,160.00,34.03,0.00,314.70,0,-105.00,-12.00,0.00,0.00,33.00,0.00,0,458
466.05,1544765539,10760.94,51.46978170,7.40238835,160.00,34.03,0.00,314.70,0,-105.00,-12.00,0.00,0.00,33.00,0.00,0,266
466.05,1544765539,10760.97,51.46978170,7.40238835,160.00,34.03,0.00,314.70,0,-101.00,-13.00,0.00,0.00,41.00,0.00,0,386
466.05,1544765539,10761.00,51.46978170,7.40238835,160.00,34.03,0.00,314.70,0,-106.00,-17.00,0.00,0.00,40.00,0.00,0,230
467.05,1544765540,10794.87,51.46999692,7.40204335,160.67,33.95,0.00,315.05,0,-105.00,-12.00,0.00,0.00,33.00,0.00,0,458
467.05,1544765540,10794.90,51.46999692,7.40204335,160.67,33.95,0.00,315.05,0,-105.00,-12.00,0.00,0.00,33.00,0.00,0,266
467.05,1544765540,10794.97,51.46999692,7.40204335,160.67,33.95,0.00,315.05,0,-101.00,-13.00,0.00,0.00,41.00,0.00,0,386
467.05,1544765540,10795.00,51.46999692,7.40204335,160.67,33.95,0.00,315.05,0,-106.00,-17.00,0.00,0.00,40.00,0.00,0,230
468.05,1544765541,10828.82,51.47021312,7.40169837,161.34,33.85,0.00,315.30,0,-99.00,-10.00,0.00,0.00,39.00,0.00,0,386
468.05,1544765541,10828.82,51.47021312,7.40169837,161.34,33.85,0.00,315.30,0,-104.00,-15.00,0.00,0.00,39.00,0.00,0,376
469.05,1544765542,10862.67,51.47042577,7.40135810,161.95,33.77,0.00,315.51,0,-99.00,-10.00,0.00,0.00,39.00,0.00,0,386
469.05,1544765542,10862.67,51.47042577,7.40135810,161.95,33.77,0.00,315.51,0,-104.00,-15.00,0.00,0.00,39.00,0.00,0,376
470.05,1544765543,10896.40,51.47063399,7.40102007,162.66,33.74,0.00,315.99,0,-102.00,-11.00,0.00,0.00,38.00,0.00,0,376
470.05,1544765543,10896.44,51.47063399,7.40102007,162.66,33.74,0.00,315.99,0,-104.00,-13.00,0.00,0.00,37.00,0.00,0,386
471.05,1544765544,10930.18,51.47085553,7.40068060,163.28,33.68,0.00,316.53,0,-102.00,-11.00,0.00,0.00,38.00,0.00,0,376
471.05,1544765544,10930.21,51.47085553,7.40068060,163.28,33.68,0.00,316.53,0,-104.00,-13.00,0.00,0.00,37.00,0.00,0,386
472.05,1544765545,10963.96,51.47107175,7.40034753,163.99,33.64,0.00,317.07,0,-104.00,-10.00,0.00,0.00,35.00,0.00,0,57
473.04,1544765546,10997.37,51.47129009,7.40001210,164.71,33.71,0.00,317.11,0,-104.00,-10.00,0.00,0.00,35.00,0.00,0,57
474.05,1544765547,11031.21,51.47150856,7.39967865,165.43,33.59,0.00,317.44,0,-104.00,-10.00,0.00,0.00,35.00,0.00,0,57
475.05,1544765548,11064.76,51.47172924,7.39935600,166.21,33.59,0.00,317.91,0,-104.00,-10.00,0.00,0.00,34.00,0.00,0,57
475.05,1544765548,11064.80,51.47172924,7.39935600,166.21,33.59,0.00,317.91,0,-109.00,-15.00,0.00,0.00,35.00,0.00,0,205
476.05,1544765549,11098.39,51.47195083,7.39903166,167.14,33.68,0.00,318.36,0,-104.00,-10.00,0.00,0.00,34.00,0.00,0,57
476.05,1544765549,11098.39,51.47195083,7.39903166,167.14,33.68,0.00,318.36,0,-109.00,-15.00,0.00,0.00,35.00,0.00,0,205
477.05,1544765550,11132.04,51.47218117,7.39870661,167.92,33.73,0.00,318.94,0,-112.00,-14.00,0.00,0.00,31.00,0.00,0,392
477.05,1544765550,11132.07,51.47218117,7.39870661,167.92,33.73,0.00,318.94,0,-112.00,-14.00,0.00,0.00,30.00,0.00,0,57
478.05,1544765551,11165.73,51.47241661,7.39838071,168.33,33.81,0.00,319.12,0,-112.00,-14.00,0.00,0.00,31.00,0.00,0,392
478.05,1544765551,11165.77,51.47241661,7.39838071,168.33,33.81,0.00,319.12,0,-112.00,-14.00,0.00,0.00,30.00,0.00,0,57
479.05,1544765552,11199.58,51.47264869,7.39805929,168.70,33.80,0.00,319.55,0,-111.00,-13.00,0.00,0.00,31.00,0.00,0,57
479.05,1544765552,11199.61,51.47264869,7.39805929,168.70,33.80,0.00,319.55,0,-111.00,-13.00,0.00,0.00,31.00,0.00,0,392
480.05,1544765553,11233.44,51.47287757,7.39774422,168.93,33.00,0.00,319.84,0,-111.00,-13.00,0.00,0.00,31.00,0.00,0,57
480.05,1544765553,11233.47,51.47287757,7.39774422,168.93,33.00,0.00,319.84,0,-111.00,-13.00,0.00,0.00,31.00,0.00,0,392
481.05,1544765554,11266.38,51.47310724,7.39743717,168.89,32.17,0.00,320.07,0,-106.00,-11.00,0.00,0.00,33.00,0.00,0,392
481.05,1544765554,11266.47,51.47310724,7.39743717,168.89,32.17,0.00,320.07,0,-108.00,-12.00,0.00,0.00,33.00,0.00,0,57
482.04,1544765555,11298.45,51.47332653,7.39714422,168.89,31.33,0.00,320.68,0,-106.00,-11.00,0.00,0.00,33.00,0.00,0,392
482.04,1544765555,11298.48,51.47332653,7.39714422,168.89,31.33,0.00,320.68,0,-108.00,-12.00,0.00,0.00,33.00,0.00,0,57
483.04,1544765556,11329.75,51.47354143,7.39686026,168.94,30.76,0.00,321.03,0,-107.00,-11.00,0.00,0.00,33.00,0.00,0,431
483.04,1544765556,11329.78,51.47354143,7.39686026,168.94,30.76,0.00,321.03,0,-109.00,-13.00,0.00,0.00,33.00,0.00,0,78
484.05,1544765557,11360.61,51.47375726,7.39659355,169.31,30.73,0.00,322.04,0,-107.00,-11.00,0.00,0.00,33.00,0.00,0,431
484.05,1544765557,11360.64,51.47375726,7.39659355,169.31,30.73,0.00,322.04,0,-109.00,-13.00,0.00,0.00,33.00,0.00,0,78
485.04,1544765558,11391.28,51.47397442,7.39632371,169.76,30.75,0.00,322.45,0,-109.00,-13.00,0.00,0.00,33.00,0.00,0,431
485.04,1544765558,11391.28,51.47397442,7.39632371,169.76,30.75,0.00,322.45,0,-111.00,-15.00,0.00,0.00,32.00,0.00,0,78
486.05,1544765559,11422.15,51.47419238,7.39605369,170.27,30.60,0.00,322.66,0,-109.00,-13.00,0.00,0.00,33.00,0.00,0,431
486.05,1544765559,11422.18,51.47419238,7.39605369,170.27,30.60,0.00,322.66,0,-111.00,-15.00,0.00,0.00,32.00,0.00,0,78
487.05,1544765560,11452.79,51.47441264,7.39579538,170.77,30.18,0.00,323.71,0,-109.00,-8.00,0.00,0.00,25.00,0.00,0,312
487.05,1544765560,11452.82,51.47441264,7.39579538,170.77,30.18,0.00,323.71,0,-109.00,-9.00,0.00,0.00,25.00,0.00,0,120
487.05,1544765560,11452.88,51.47441264,7.39579538,170.77,30.18,0.00,323.71,0,-107.00,-12.00,0.00,0.00,33.00,0.00,0,431
487.05,1544765560,11452.91,51.47441264,7.39579538,170.77,30.18,0.00,323.71,0,-108.00,-13.00,0.00,0.00,32.00,0.00,0,78
488.05,1544765561,11482.93,51.47462985,7.39554190,171.20,29.82,0.00,324.71,0,-109.00,-8.00,0.00,0.00,25.00,0.00,0,312
488.05,1544765561,11482.96,51.47462985,7.39554190,171.20,29.82,0.00,324.71,0,-109.00,-9.00,0.00,0.00,25.00,0.00,0,120
488.05,1544765561,11482.99,51.47462985,7.39554190,171.20,29.82,0.00,324.71,0,-107.00,-12.00,0.00,0.00,33.00,0.00,0,431
488.05,1544765561,11482.99,51.47462985,7.39554190,171.20,29.82,0.00,324.71,0,-108.00,-13.00,0.00,0.00,32.00,0.00,0,78
489.05,1544765562,11512.96,51.47484798,7.39530477,171.49,29.32,0.00,325.45,0,-108.00,-9.00,0.00,0.00,27.00,0.00,0,120
489.06,1544765562,11512.99,51.47484798,7.39530477,171.49,29.32,0.00,325.45,0,-110.00,-11.00,0.00,0.00,26.00,0.00,0,312
489.06,1544765562,11513.02,51.47484798,7.39530477,171.49,29.32,0.00,325.45,0,-111.00,-12.00,0.00,0.00,27.00,0.00,0,378
489.06,1544765562,11513.07,51.47484798,7.39530477,171.49,29.32,0.00,325.45,0,-105.00,-10.00,0.00,0.00,33.00,0.00,0,431
489.06,1544765562,11513.13,51.47484798,7.39530477,171.49,29.32,0.00,325.45,0,-111.00,-15.00,0.00,0.00,33.00,0.00,0,78
490.05,1544765563,11542.10,51.47506996,7.39508574,171.70,28.81,0.00,327.94,0,-108.00,-9.00,0.00,0.00,27.00,0.00,0,120
490.05,1544765563,11542.16,51.47506996,7.39508574,171.70,28.81,0.00,327.94,0,-110.00,-11.00,0.00,0.00,26.00,0.00,0,312
490.05,1544765563,11542.19,51.47506996,7.39508574,171.70,28.81,0.00,327.94,0,-111.00,-12.00,0.00,0.00,27.00,0.00,0,378
490.05,1544765563,11542.22,51.47506996,7.39508574,171.70,28.81,0.00,327.94,0,-105.00,-10.00,0.00,0.00,33.00,0.00,0,431
490.05,1544765563,11542.25,51.47506996,7.39508574,171.70,28.81,0.00,327.94,0,-111.00,-15.00,0.00,0.00,33.00,0.00,0,78
491.05,1544765564,11570.88,51.47529196,7.39487586,171.91,28.38,0.00,329.31,0,-107.00,-9.00,0.00,0.00,28.00,0.00,0,449
491.05,1544765564,11570.91,51.47529196,7.39487586,171.91,28.38,0.00,329.31,0,-108.00,-11.00,0.00,0.00,28.00,0.00,0,120
491.05,1544765564,11570.93,51.47529196,7.39487586,171.91,28.38,0.00,329.31,0,-111.00,-14.00,0.00,0.00,29.00,0.00,0,378
492.05,1544765565,11599.28,51.47551333,7.39466574,172.14,28.33,0.00,329.96,0,-107.00,-9.00,0.00,0.00,28.00,0.00,0,449
492.05,1544765565,11599.31,51.47551333,7.39466574,172.14,28.33,0.00,329.96,0,-108.00,-11.00,0.00,0.00,28.00,0.00,0,120
492.05,1544765565,11599.34,51.47551333,7.39466574,172.14,28.33,0.00,329.96,0,-111.00,-14.00,0.00,0.00,29.00,0.00,0,378
496.05,1544765569,11711.53,51.47639251,7.39390126,173.06,27.23,0.00,333.40,0,-109.00,-18.00,0.00,0.00,34.00,0.00,0,312
497.05,1544765570,11738.76,51.47660929,7.39373273,173.35,26.53,0.00,334.56,0,-109.00,-18.00,0.00,0.00,34.00,0.00,0,312
498.05,1544765571,11765.26,51.47681897,7.39357072,173.71,25.54,0.00,335.46,0,-110.00,-10.00,0.00,0.00,26.00,0.00,0,312
499.05,1544765572,11790.79,51.47701490,7.39343101,174.25,23.83,0.00,336.90,0,-110.00,-10.00,0.00,0.00,26.00,0.00,0,312
500.05,1544765573,11814.64,51.47720153,7.39330999,174.74,21.51,0.00,338.12,0,-110.00,-12.00,0.00,0.00,29.00,0.00,0,120
500.05,1544765573,11814.66,51.47720153,7.39330999,174.74,21.51,0.00,338.12,0,-111.00,-13.00,0.00,0.00,28.00,0.00,0,312
501.05,1544765574,11836.15,51.47737780,7.39321292,175.06,19.76,0.00,341.22,0,-110.00,-12.00,0.00,0.00,29.00,0.00,0,120
501.05,1544765574,11836.17,51.47737780,7.39321292,175.06,19.76,0.00,341.22,0,-111.00,-13.00,0.00,0.00,28.00,0.00,0,312
502.04,1544765575,11855.81,51.47754371,7.39314326,175.18,18.87,0.00,346.43,0,-106.00,-10.00,0.00,0.00,29.00,0.00,0,120
502.05,1544765575,11855.89,51.47754371,7.39314326,175.18,18.87,0.00,346.43,0,-109.00,-13.00,0.00,0.00,30.00,0.00,0,378
502.05,1544765575,11855.91,51.47754371,7.39314326,175.18,18.87,0.00,346.43,0,-111.00,-11.00,0.00,0.00,26.00,0.00,0,312
503.05,1544765576,11874.80,51.47770576,7.39308327,175.25,18.01,0.00,348.03,0,-106.00,-10.00,0.00,0.00,29.00,0.00,0,120
503.05,1544765576,11874.82,51.47770576,7.39308327,175.25,18.01,0.00,348.03,0,-109.00,-13.00,0.00,0.00,30.00,0.00,0,378
503.05,1544765576,11874.83,51.47770576,7.39308327,175.25,18.01,0.00,348.03,0,-111.00,-11.00,0.00,0.00,26.00,0.00,0,312
508.05,1544765581,11965.43,51.47848887,7.39325030,175.70,18.20,0.00,25.82,0,-102.00,-6.00,0.00,0.00,29.00,0.00,0,312
509.05,1544765582,11983.65,51.47864470,7.39337476,175.48,18.20,0.00,27.43,0,-102.00,-6.00,0.00,0.00,29.00,0.00,0,312
533.05,1544765606,12292.74,51.48082394,7.39487745,185.88,17.60,0.00,58.28,0,-84.00,-13.00,0.00,0.00,58.00,0.00,0,52
534.04,1544765607,12310.29,51.48090475,7.39509887,185.98,17.74,0.00,58.76,0,-84.00,-13.00,0.00,0.00,58.00,0.00,0,52
537.06,1544765610,12363.53,51.48114286,7.39576028,185.75,17.58,0.00,59.74,0,-91.00,-13.00,0.00,0.00,51.00,0.00,0,52
538.05,1544765611,12380.91,51.48121946,7.39597970,185.51,17.53,0.00,59.89,0,-91.00,-13.00,0.00,0.00,51.00,0.00,0,52
539.05,1544765612,12398.42,51.48129440,7.39619125,185.48,17.52,0.00,60.04,0,-91.00,-13.00,0.00,0.00,51.00,0.00,0,52
540.05,1544765613,12415.96,51.48137404,7.39641204,185.67,17.43,0.00,59.93,0,-91.00,-8.00,0.00,0.00,46.00,0.00,0,431
541.05,1544765614,12433.43,51.48145579,7.39663520,185.93,17.21,0.00,59.60,0,-91.00,-8.00,0.00,0.00,46.00,0.00,0,431
542.05,1544765615,12450.62,51.48153311,7.39684638,186.36,16.90,0.00,58.97,0,-94.00,-10.00,0.00,0.00,45.00,0.00,0,431
542.05,1544765615,12450.64,51.48153311,7.39684638,186.36,16.90,0.00,58.97,0,-95.00,-12.00,0.00,0.00,46.00,0.00,0,52
543.05,1544765616,12467.52,51.48161222,7.39704540,186.41,16.51,0.00,58.20,0,-94.00,-10.00,0.00,0.00,45.00,0.00,0,431
543.05,1544765616,12467.54,51.48161222,7.39704540,186.41,16.51,0.00,58.20,0,-95.00,-12.00,0.00,0.00,46.00,0.00,0,52
544.04,1544765617,12483.93,51.48169371,7.39724880,186.27,16.11,0.00,57.38,0,-96.00,-12.00,0.00,0.00,44.00,0.00,0,52
544.04,1544765617,12483.95,51.48169371,7.39724880,186.27,16.11,0.00,57.38,0,-100.00,-12.00,0.00,0.00,42.00,0.00,0,431
545.04,1544765618,12500.08,51.48177193,7.39743131,186.17,15.76,0.00,56.43,0,-96.00,-12.00,0.00,0.00,44.00,0.00,0,52
545.04,1544765618,12500.08,51.48177193,7.39743131,186.17,15.76,0.00,56.43,0,-100.00,-12.00,0.00,0.00,42.00,0.00,0,431
546.05,1544765619,12516.00,51.48184915,7.39761286,186.14,15.31,0.00,55.45,0,-105.00,-15.00,0.00,0.00,37.00,0.00,0,448
546.06,1544765619,12516.02,51.48184915,7.39761286,186.14,15.31,0.00,55.45,0,-94.00,-12.00,0.00,0.00,46.00,0.00,0,52
547.04,1544765620,12531.13,51.48192696,7.39778204,186.15,14.75,0.00,54.50,0,-105.00,-15.00,0.00,0.00,37.00,0.00,0,448
547.04,1544765620,12531.13,51.48192696,7.39778204,186.15,14.75,0.00,54.50,0,-94.00,-12.00,0.00,0.00,46.00,0.00,0,52
548.04,1544765621,12545.87,51.48200108,7.39794003,186.34,13.53,0.00,53.15,0,-90.00,-13.00,0.00,0.00,48.00,0.00,0,448
548.04,1544765621,12545.89,51.48200108,7.39794003,186.34,13.53,0.00,53.15,0,-86.00,-11.00,0.00,0.00,53.00,0.00,0,52
549.05,1544765622,12559.47,51.48207553,7.39808906,186.65,12.12,0.00,51.54,0,-90.00,-13.00,0.00,0.00,48.00,0.00,0,448
549.05,1544765622,12559.47,51.48207553,7.39808906,186.65,12.12,0.00,51.54,0,-86.00,-11.00,0.00,0.00,53.00,0.00,0,52
550.05,1544765623,12571.58,51.48214301,7.39821409,186.95,10.37,0.00,49.79,0,-92.00,-10.00,0.00,0.00,44.00,0.00,0,448
550.05,1544765623,12571.59,51.48214301,7.39821409,186.95,10.37,0.00,49.79,0,-87.00,-8.00,0.00,0.00,50.00,0.00,0,52
551.05,1544765624,12581.93,51.48220327,7.39831831,187.26,9.04,0.00,48.29,0,-92.00,-10.00,0.00,0.00,44.00,0.00,0,448
551.05,1544765624,12581.94,51.48220327,7.39831831,187.26,9.04,0.00,48.29,0,-87.00,-8.00,0.00,0.00,50.00,0.00,0,52
552.05,1544765625,12591.03,51.48225261,7.39839842,187.62,7.76,0.00,46.60,0,-96.00,-11.00,0.00,0.00,41.00,0.00,0,448
552.05,1544765625,12591.04,51.48225261,7.39839842,187.62,7.76,0.00,46.60,0,-89.00,-9.00,0.00,0.00,50.00,0.00,0,52
553.05,1544765626,12598.78,51.48230245,7.39846882,187.92,6.32,0.00,44.33,0,-96.00,-11.00,0.00,0.00,41.00,0.00,0,448
553.05,1544765626,12598.79,51.48230245,7.39846882,187.92,6.32,0.00,44.33,0,-89.00,-9.00,0.00,0.00,50.00,0.00,0,52
554.04,1544765627,12605.05,51.48233843,7.39851750,188.21,4.27,0.00,43.59,0,-100.00,-13.00,0.00,0.00,39.00,0.00,0,448
554.04,1544765627,12605.06,51.48233843,7.39851750,188.21,4.27,0.00,43.59,0,-91.00,-12.00,0.00,0.00,50.00,0.00,0,52
555.04,1544765628,12609.32,51.48236175,7.39854724,188.23,2.01,0.00,43.26,0,-100.00,-13.00,0.00,0.00,39.00,0.00,0,448
555.04,1544765628,12609.32,51.48236175,7.39854724,188.23,2.01,0.00,43.26,0,-91.00,-12.00,0.00,0.00,50.00,0.00,0,52
556.05,1544765629,12611.33,51.48236817,7.39854967,188.25,1.27,0.00,43.26,0,-98.00,-10.00,0.00,0.00,38.00,0.00,0,448
556.05,1544765629,12611.34,51.48236817,7.39854967,188.25,1.27,0.00,43.26,0,-91.00,-9.00,0.00,0.00,46.00,0.00,0,52
557.05,1544765630,12612.60,51.48237521,7.39855650,188.26,0.51,0.00,43.26,0,-98.00,-10.00,0.00,0.00,38.00,0.00,0,448
557.05,1544765630,12612.60,51.48237521,7.39855650,188.26,0.51,0.00,43.26,0,-91.00,-9.00,0.00,0.00,46.00,0.00,0,52
558.06,1544765631,12613.12,51.48237521,7.39855650,188.26,0.00,0.00,43.26,0,-97.00,-10.00,0.00,0.00,38.00,0.00,0,448
558.06,1544765631,12613.12,51.48237521,7.39855650,188.26,0.00,0.00,43.26,0,-94.00,-11.00,0.00,0.00,46.00,0.00,0,52
559.05,1544765632,12613.12,51.48237521,7.39855650,188.26,0.00,0.00,43.26,0,-97.00,-10.00,0.00,0.00,38.00,0.00,0,448
559.05,1544765632,12613.12,51.48237521,7.39855650,188.26,0.00,0.00,43.26,0,-94.00,-11.00,0.00,0.00,46.00,0.00,0,52
560.05,1544765633,12613.12,51.48237521,7.39855650,188.27,0.00,0.00,43.26,0,-97.00,-10.00,0.00,0.00,38.00,0.00,0,448
560.05,1544765633,12613.12,51.48237521,7.39855650,188.27,0.00,0.00,43.26,0,-94.00,-11.00,0.00,0.00,46.00,0.00,0,52
561.05,1544765634,12613.12,51.48237521,7.39855650,188.27,0.00,0.00,43.26,0,-98.00,-10.00,0.00,0.00,37.00,0.00,0,448
561.05,1544765634,12613.12,51.48237521,7.39855650,188.27,0.00,0.00,43.26,0,-95.00,-11.00,0.00,0.00,45.00,0.00,0,52
562.05,1544765635,12613.12,51.48237521,7.39855650,188.27,0.00,0.00,43.26,0,-98.00,-10.00,0.00,0.00,37.00,0.00,0,448
562.05,1544765635,12613.12,51.48237521,7.39855650,188.27,0.00,0.00,43.26,0,-95.00,-11.00,0.00,0.00,45.00,0.00,0,52
563.04,1544765636,12613.12,51.48237521,7.39855650,188.28,0.00,0.00,43.26,0,-98.00,-11.00,0.00,0.00,39.00,0.00,0,448
563.04,1544765636,12613.12,51.48237521,7.39855650,188.28,0.00,0.00,43.26,0,-94.00,-11.00,0.00,0.00,46.00,0.00,0,52
564.04,1544765637,12613.12,51.48237521,7.39855650,188.28,0.00,0.00,43.26,0,-98.00,-11.00,0.00,0.00,39.00,0.00,0,448
564.04,1544765637,12613.12,51.48237521,7.39855650,188.28,0.00,0.00,43.26,0,-94.00,-11.00,0.00,0.00,46.00,0.00,0,52
565.05,1544765638,12613.12,51.48237521,7.39855650,188.29,0.00,0.00,43.26,0,-98.00,-10.00,0.00,0.00,38.00,0.00,0,448
565.05,1544765638,12613.12,51.48237521,7.39855650,188.29,0.00,0.00,43.26,0,-95.00,-11.00,0.00,0.00,46.00,0.00,0,52
566.04,1544765639,12613.12,51.48237521,7.39855650,188.29,0.00,0.00,43.26,0,-98.00,-10.00,0.00,0.00,38.00,0.00,0,448
566.04,1544765639,12613.12,51.48237521,7.39855650,188.29,0.00,0.00,43.26,0,-95.00,-11.00,0.00,0.00,46.00,0.00,0,52
567.05,1544765640,12613.12,51.48237521,7.39855650,188.30,0.00,0.00,43.26,0,-98.00,-9.00,0.00,0.00,37.00,0.00,0,448
567.05,1544765640,12613.12,51.48237521,7.39855650,188.30,0.00,0.00,43.26,0,-95.00,-11.00,0.00,0.00,44.00,0.00,0,52
568.05,1544765641,12613.12,51.48237521,7.39855650,188.30,0.00,0.00,43.26,0,-98.00,-9.00,0.00,0.00,37.00,0.00,0,448
568.05,1544765641,12613.12,51.48237521,7.39855650,188.30,0.00,0.00,43.26,0,-95.00,-11.00,0.00,0.00,44.00,0.00,0,52
569.05,1544765642,12613.12,51.48237521,7.39855650,188.29,0.00,0.00,43.26,0,-98.00,-10.00,0.00,0.00,38.00,0.00,0,448
569.05,1544765642,12613.12,51.48237521,7.39855650,188.29,0.00,0.00,43.26,0,-96.00,-12.00,0.00,0.00,44.00,0.00,0,52
570.05,1544765643,12613.12,51.48237521,7.39855650,188.28,0.00,0.00,43.26,0,-98.00,-10.00,0.00,0.00,38.00,0.00,0,448
570.05,1544765643,12613.12,51.48237521,7.39855650,188.28,0.00,0.00,43.26,0,-96.00,-12.00,0.00,0.00,44.00,0.00,0,52
571.05,1544765644,12613.12,51.48237521,7.39855650,188.27,0.00,0.00,43.26,0,-100.00,-11.00,0.00,0.00,38.00,0.00,0,448
571.05,1544765644,12613.12,51.48237521,7.39855650,188.27,0.00,0.00,43.26,0,-94.00,-11.00,0.00,0.00,45.00,0.00,0,52
572.05,1544765645,12613.12,51.48237521,7.39855650,188.26,0.00,0.00,43.26,0,-100.00,-11.00,0.00,0.00,38.00,0.00,0,448
572.05,1544765645,12613.12,51.48237521,7.39855650,188.26,0.00,0.00,43.26,0,-94.00,-11.00,0.00,0.00,45.00,0.00,0,52
573.05,1544765646,12613.12,51.48237521,7.39855650,188.25,0.00,0.00,43.26,0,-99.00,-12.00,0.00,0.00,39.00,0.00,0,448
573.05,1544765646,12613.12,51.48237521,7.39855650,188.25,0.00,0.00,43.26,0,-94.00,-12.00,0.00,0.00,47.00,0.00,0,52
574.04,1544765647,12613.12,51.48237521,7.39855650,188.23,0.00,0.00,43.26,0,-99.00,-12.00,0.00,0.00,39.00,0.00,0,448
574.04,1544765647,12613.12,51.48237521,7.39855650,188.23,0.00,0.00,43.26,0,-94.00,-12.00,0.00,0.00,47.00,0.00,0,52
575.04,1544765648,12613.12,51.48237521,7.39855650,188.22,0.00,0.00,43.26,0,-99.00,-10.00,0.00,0.00,36.00,0.00,0,448
575.04,1544765648,12613.12,51.48237521,7.39855650,188.22,0.00,0.00,43.26,0,-91.00,-9.00,0.00,0.00,47.00,0.00,0,52
576.05,1544765649,12613.12,51.48237521,7.39855650,188.08,0.00,0.00,51.39,0,-99.00,-10.00,0.00,0.00,36.00,0.00,0,448
576.05,1544765649,12613.12,51.48237521,7.39855650,188.08,0.00,0.00,51.39,0,-91.00,-9.00,0.00,0.00,47.00,0.00,0,52
577.05,1544765650,12613.12,51.48237521,7.39855650,187.02,0.00,0.00,48.22,0,-101.00,-10.00,0.00,0.00,35.00,0.00,0,448
577.05,1544765650,12613.12,51.48237521,7.39855650,187.02,0.00,0.00,48.22,0,-107.00,-13.00,0.00,0.00,33.00,0.00,0,313
577.05,1544765650,12613.12,51.48237521,7.39855650,187.02,0.00,0.00,48.22,0,-91.00,-9.00,0.00,0.00,46.00,0.00,0,52
578.05,1544765651,12613.13,51.48245688,7.39869334,186.11,8.13,0.00,44.86,0,-101.00,-10.00,0.00,0.00,35.00,0.00,0,448
578.05,1544765651,12613.13,51.48245688,7.39869334,186.11,8.13,0.00,44.86,0,-107.00,-13.00,0.00,0.00,33.00,0.00,0,313
578.05,1544765651,12613.14,51.48245688,7.39869334,186.11,8.13,0.00,44.86,0,-91.00,-9.00,0.00,0.00,46.00,0.00,0,52
579.06,1544765652,12621.33,51.48251534,7.39877286,185.36,9.59,0.00,42.56,0,-95.00,-8.00,0.00,0.00,39.00,0.00,0,448
579.06,1544765652,12621.33,51.48251534,7.39877286,185.36,9.59,0.00,42.56,0,-90.00,-8.00,0.00,0.00,47.00,0.00,0,52
580.05,1544765653,12630.83,51.48258986,7.39886567,184.77,10.70,0.00,40.41,0,-95.00,-8.00,0.00,0.00,39.00,0.00,0,448
580.05,1544765653,12630.86,51.48258986,7.39886567,184.77,10.70,0.00,40.41,0,-90.00,-8.00,0.00,0.00,47.00,0.00,0,52
581.05,1544765654,12641.53,51.48267426,7.39896672,184.49,10.80,0.00,38.60,0,-95.00,-8.00,0.00,0.00,39.00,0.00,0,448
581.05,1544765654,12641.54,51.48267426,7.39896672,184.49,10.80,0.00,38.60,0,-90.00,-8.00,0.00,0.00,47.00,0.00,0,52
582.05,1544765655,12652.36,51.48275284,7.39905467,184.48,10.67,0.00,36.91,0,-88.00,-8.00,0.00,0.00,46.00,0.00,0,448
582.05,1544765655,12652.42,51.48275284,7.39905467,184.48,10.67,0.00,36.91,0,-84.00,-9.00,0.00,0.00,54.00,0.00,0,52
583.04,1544765656,12662.96,51.48283401,7.39914119,184.32,11.44,0.00,36.32,0,-88.00,-8.00,0.00,0.00,46.00,0.00,0,448
583.04,1544765656,12662.97,51.48283401,7.39914119,184.32,11.44,0.00,36.32,0,-84.00,-9.00,0.00,0.00,54.00,0.00,0,52
584.04,1544765657,12674.42,51.48292265,7.39923280,184.31,12.95,0.00,35.32,0,-92.00,-10.00,0.00,0.00,43.00,0.00,0,448
584.04,1544765657,12674.42,51.48292265,7.39923280,184.31,12.95,0.00,35.32,0,-84.00,-8.00,0.00,0.00,52.00,0.00,0,52
585.06,1544765658,12687.58,51.48301947,7.39933486,184.49,13.94,0.00,34.77,0,-92.00,-10.00,0.00,0.00,43.00,0.00,0,448
585.06,1544765658,12687.59,51.48301947,7.39933486,184.49,13.94,0.00,34.77,0,-84.00,-8.00,0.00,0.00,52.00,0.00,0,52
594.05,1544765667,12831.20,51.48412970,7.40053510,183.71,16.54,0.00,37.86,0,-100.00,-11.00,0.00,0.00,36.00,0.00,0,313
595.05,1544765668,12847.74,51.48424057,7.40067508,184.07,16.47,0.00,38.63,0,-100.00,-11.00,0.00,0.00,36.00,0.00,0,313
598.05,1544765671,12896.70,51.48456666,7.40112031,184.72,16.34,0.00,40.55,0,-96.00,-9.00,0.00,0.00,38.00,0.00,0,313
598.05,1544765671,12896.72,51.48456666,7.40112031,184.72,16.34,0.00,40.55,0,-98.00,-11.00,0.00,0.00,38.00,0.00,0,451
599.05,1544765672,12913.06,51.48467713,7.40127957,185.32,16.33,0.00,41.34,0,-96.00,-9.00,0.00,0.00,38.00,0.00,0,313
599.05,1544765672,12913.08,51.48467713,7.40127957,185.32,16.33,0.00,41.34,0,-98.00,-11.00,0.00,0.00,38.00,0.00,0,451
600.05,1544765673,12929.39,51.48478267,7.40144244,185.72,16.19,0.00,42.32,0,-97.00,-8.00,0.00,0.00,37.00,0.00,0,313
601.05,1544765674,12945.58,51.48488942,7.40160598,186.19,16.19,0.00,41.95,0,-97.00,-8.00,0.00,0.00,37.00,0.00,0,313
602.04,1544765675,12961.69,51.48499372,7.40176397,186.62,16.02,0.00,42.42,0,-97.00,-8.00,0.00,0.00,37.00,0.00,0,313
615.05,1544765688,13111.86,51.48599598,7.40242627,184.02,11.14,0.00,323.76,0,-95.00,-16.00,0.00,0.00,47.00,0.00,0,451
616.04,1544765689,13122.92,51.48607923,7.40232363,183.72,11.85,0.00,324.32,0,-95.00,-16.00,0.00,0.00,47.00,0.00,0,451
617.05,1544765690,13134.82,51.48617038,7.40222619,183.69,12.05,0.00,326.24,0,-96.00,-10.00,0.00,0.00,40.00,0.00,0,451
617.05,1544765690,13134.84,51.48617038,7.40222619,183.69,12.05,0.00,326.24,0,-100.00,-13.00,0.00,0.00,39.00,0.00,0,313
618.05,1544765691,13146.88,51.48626574,7.40213268,183.70,12.35,0.00,328.31,0,-96.00,-10.00,0.00,0.00,40.00,0.00,0,451
618.05,1544765691,13146.89,51.48626574,7.40213268,183.70,12.35,0.00,328.31,0,-100.00,-13.00,0.00,0.00,39.00,0.00,0,313
619.05,1544765692,13159.22,51.48637356,7.40204059,183.54,12.51,0.00,330.45,0,-98.00,-11.00,0.00,0.00,38.00,0.00,0,451
619.05,1544765692,13159.23,51.48637356,7.40204059,183.54,12.51,0.00,330.45,0,-99.00,-11.00,0.00,0.00,38.00,0.00,0,313
620.05,1544765693,13171.75,51.48647512,7.40196254,183.23,12.83,0.00,332.35,0,-98.00,-11.00,0.00,0.00,38.00,0.00,0,451
620.05,1544765693,13171.76,51.48647512,7.40196254,183.23,12.83,0.00,332.35,0,-99.00,-11.00,0.00,0.00,38.00,0.00,0,313
621.05,1544765694,13184.58,51.48657697,7.40189607,182.74,13.15,0.00,334.96,0,-95.00,-12.00,0.00,0.00,43.00,0.00,0,313
621.05,1544765694,13184.58,51.48657697,7.40189607,182.74,13.15,0.00,334.96,0,-97.00,-13.00,0.00,0.00,42.00,0.00,0,481
621.05,1544765694,13184.58,51.48657697,7.40189607,182.74,13.15,0.00,334.96,0,-99.00,-16.00,0.00,0.00,43.00,0.00,0,451
621.05,1544765694,13184.59,51.48657697,7.40189607,182.74,13.15,0.00,334.96,0,-100.00,-15.00,0.00,0.00,43.00,0.00,0,27
621.05,1544765694,13184.59,51.48657697,7.40189607,182.74,13.15,0.00,334.96,0,-100.00,-14.00,0.00,0.00,43.00,0.00,0,16
622.04,1544765695,13197.66,51.48668957,7.40183463,182.18,13.43,0.00,337.84,0,-95.00,-12.00,0.00,0.00,43.00,0.00,0,313
622.04,1544765695,13197.66,51.48668957,7.40183463,182.18,13.43,0.00,337.84,0,-97.00,-13.00,0.00,0.00,42.00,0.00,0,481
622.04,1544765695,13197.67,51.48668957,7.40183463,182.18,13.43,0.00,337.84,0,-99.00,-16.00,0.00,0.00,43.00,0.00,0,451
622.04,1544765695,13197.67,51.48668957,7.40183463,182.18,13.43,0.00,337.84,0,-100.00,-15.00,0.00,0.00,43.00,0.00,0,27
622.04,1544765695,13197.67,51.48668957,7.40183463,182.18,13.43,0.00,337.84,0,-100.00,-14.00,0.00,0.00,43.00,0.00,0,16
623.05,1544765696,13211.18,51.48680609,7.40178436,181.54,13.65,0.00,340.75,0,-95.00,-12.00,0.00,0.00,43.00,0.00,0,313
623.05,1544765696,13211.20,51.48680609,7.40178436,181.54,13.65,0.00,340.75,0,-97.00,-13.00,0.00,0.00,42.00,0.00,0,481
623.05,1544765696,13211.21,51.48680609,7.40178436,181.54,13.65,0.00,340.75,0,-99.00,-16.00,0.00,0.00,43.00,0.00,0,451
623.05,1544765696,13211.22,51.48680609,7.40178436,181.54,13.65,0.00,340.75,0,-100.00,-15.00,0.00,0.00,43.00,0.00,0,27
623.05,1544765696,13211.22,51.48680609,7.40178436,181.54,13.65,0.00,340.75,0,-100.00,-14.00,0.00,0.00,43.00,0.00,0,16
624.04,1544765697,13224.74,51.48692792,7.40174605,181.00,13.71,0.00,343.51,0,-96.00,-10.00,0.00,0.00,40.00,0.00,0,313
624.04,1544765697,13224.74,51.48692792,7.40174605,181.00,13.71,0.00,343.51,0,-98.00,-12.00,0.00,0.00,40.00,0.00,0,451
624.04,1544765697,13224.75,51.48692792,7.40174605,181.00,13.71,0.00,343.51,0,-101.00,-13.00,0.00,0.00,38.00,0.00,0,481
624.04,1544765697,13224.75,51.48692792,7.40174605,181.00,13.71,0.00,343.51,0,-99.00,-11.00,0.00,0.00,41.00,0.00,0,229
624.04,1544765697,13224.75,51.48692792,7.40174605,181.00,13.71,0.00,343.51,0,-100.00,-15.00,0.00,0.00,43.00,0.00,0,436
625.05,1544765698,13238.56,51.48705218,7.40171541,180.56,13.75,0.00,346.31,0,-96.00,-10.00,0.00,0.00,40.00,0.00,0,313
625.05,1544765698,13238.58,51.48705218,7.40171541,180.56,13.75,0.00,346.31,0,-98.00,-12.00,0.00,0.00,40.00,0.00,0,451
625.05,1544765698,13238.59,51.48705218,7.40171541,180.56,13.75,0.00,346.31,0,-101.00,-13.00,0.00,0.00,38.00,0.00,0,481
625.05,1544765698,13238.60,51.48705218,7.40171541,180.56,13.75,0.00,346.31,0,-99.00,-11.00,0.00,0.00,41.00,0.00,0,229
625.05,1544765698,13238.60,51.48705218,7.40171541,180.56,13.75,0.00,346.31,0,-100.00,-15.00,0.00,0.00,43.00,0.00,0,436
626.04,1544765699,13252.19,51.48717546,7.40169407,180.27,13.89,0.00,349.16,0,-91.00,-10.00,0.00,0.00,46.00,0.00,0,313
626.04,1544765699,13252.20,51.48717546,7.40169407,180.27,13.89,0.00,349.16,0,-96.00,-13.00,0.00,0.00,45.00,0.00,0,481
627.05,1544765700,13266.14,51.48730608,7.40167535,179.91,13.76,0.00,351.09,0,-91.00,-10.00,0.00,0.00,46.00,0.00,0,313
627.05,1544765700,13266.15,51.48730608,7.40167535,179.91,13.76,0.00,351.09,0,-96.00,-13.00,0.00,0.00,45.00,0.00,0,481
628.05,1544765701,13279.89,51.48742776,7.40166903,179.72,14.19,0.00,353.41,0,-91.00,-9.00,0.00,0.00,44.00,0.00,0,313
629.05,1544765702,13294.08,51.48756655,7.40166752,179.39,14.15,0.00,355.59,0,-91.00,-9.00,0.00,0.00,44.00,0.00,0,313
630.05,1544765703,13308.23,51.48770144,7.40167307,179.08,14.13,0.00,357.39,0,-88.00,-9.00,0.00,0.00,47.00,0.00,0,313
631.05,1544765704,13322.37,51.48783124,7.40167771,178.84,14.03,0.00,358.61,0,-88.00,-9.00,0.00,0.00,47.00,0.00,0,313
632.04,1544765705,13336.37,51.48795485,7.40168213,178.65,14.03,0.00,359.55,0,-93.00,-12.00,0.00,0.00,46.00,0.00,0,313
633.04,1544765706,13350.39,51.48808185,7.40169408,178.38,13.90,0.00,0.43,0,-93.00,-12.00,0.00,0.00,46.00,0.00,0,313
634.04,1544765707,13364.28,51.48820617,7.40170613,177.99,13.64,0.00,0.37,0,-90.00,-17.00,0.00,0.00,53.00,0.00,0,313
635.04,1544765708,13377.94,51.48832758,7.40171522,177.54,13.61,0.00,0.37,0,-90.00,-17.00,0.00,0.00,53.00,0.00,0,313
642.05,1544765715,13468.76,51.48911714,7.40173056,174.31,10.34,0.00,0.17,0,-84.00,-12.00,0.00,0.00,55.00,0.00,0,450
643.05,1544765716,13479.09,51.48920318,7.40173144,173.93,8.70,0.00,0.61,0,-84.00,-12.00,0.00,0.00,55.00,0.00,0,450
644.05,1544765717,13487.77,51.48927777,7.40173258,173.57,7.37,0.00,1.00,0,-84.00,-12.00,0.00,0.00,55.00,0.00,0,450
645.05,1544765718,13495.14,51.48933218,7.40175407,173.24,5.60,0.00,16.13,0,-85.00,-9.00,0.00,0.00,50.00,0.00,0,450
646.05,1544765719,13500.74,51.48937567,7.40180826,173.06,5.91,0.00,42.20,0,-85.00,-9.00,0.00,0.00,50.00,0.00,0,450
647.05,1544765720,13506.65,51.48939372,7.40187836,173.15,6.34,0.00,67.27,0,-86.00,-8.00,0.00,0.00,48.00,0.00,0,450
648.05,1544765721,13512.99,51.48940235,7.40197562,173.54,7.15,0.00,82.83,0,-86.00,-8.00,0.00,0.00,48.00,0.00,0,450
649.05,1544765722,13520.14,51.48940569,7.40209269,174.05,8.71,0.00,85.43,0,-84.00,-8.00,0.00,0.00,50.00,0.00,0,450
650.05,1544765723,13528.85,51.48940916,7.40222286,174.48,9.38,0.00,86.81,0,-84.00,-8.00,0.00,0.00,50.00,0.00,0,450
651.05,1544765724,13538.24,51.48941119,7.40236619,174.87,9.99,0.00,87.86,0,-85.00,-8.00,0.00,0.00,49.00,0.00,0,450
652.05,1544765725,13548.21,51.48941076,7.40252064,175.09,11.03,0.00,89.08,0,-85.00,-8.00,0.00,0.00,49.00,0.00,0,450
657.05,1544765730,13604.81,51.48940931,7.40335596,176.32,12.40,0.00,91.01,0,-89.00,-13.00,0.00,0.00,51.00,0.00,0,451
658.05,1544765731,13617.21,51.48940610,7.40352663,176.61,12.64,0.00,91.29,0,-89.00,-13.00,0.00,0.00,51.00,0.00,0,451
668.05,1544765741,13748.27,51.48940381,7.40544076,178.09,13.01,0.00,87.20,0,-74.00,-11.00,0.00,0.00,62.00,0.00,0,452
669.05,1544765742,13761.29,51.48941430,7.40561786,177.96,13.00,0.00,85.63,0,-74.00,-11.00,0.00,0.00,62.00,0.00,0,452
670.05,1544765743,13774.28,51.48942820,7.40581252,177.98,12.98,0.00,83.93,0,-79.00,-12.00,0.00,0.00,59.00,0.00,0,452
671.05,1544765744,13787.26,51.48944755,7.40599457,178.16,13.16,0.00,82.09,0,-79.00,-12.00,0.00,0.00,59.00,0.00,0,452
672.05,1544765745,13800.43,51.48946514,7.40616436,178.52,13.23,0.00,80.69,0,-80.00,-12.00,0.00,0.00,58.00,0.00,0,452
673.05,1544765746,13813.66,51.48948539,7.40634229,178.99,13.14,0.00,79.87,0,-80.00,-12.00,0.00,0.00,58.00,0.00,0,452
674.05,1544765747,13826.79,51.48951146,7.40653157,179.67,13.36,0.00,79.00,0,-77.00,-13.00,0.00,0.00,61.00,0.00,0,452
675.05,1544765748,13840.16,51.48953694,7.40672804,180.24,13.43,0.00,78.42,0,-77.00,-13.00,0.00,0.00,61.00,0.00,0,452
678.05,1544765751,13880.78,51.48961973,7.40731588,181.38,13.58,0.00,77.82,0,-82.00,-11.00,0.00,0.00,56.00,0.00,0,452
679.05,1544765752,13894.36,51.48964805,7.40750800,181.51,13.53,0.00,78.03,0,-82.00,-11.00,0.00,0.00,56.00,0.00,0,452
680.05,1544765753,13907.90,51.48967807,7.40770090,181.77,13.57,0.00,78.67,0,-83.00,-11.00,0.00,0.00,55.00,0.00,0,452
681.05,1544765754,13921.51,51.48970160,7.40788987,181.66,13.45,0.00,79.43,0,-83.00,-11.00,0.00,0.00,55.00,0.00,0,452
682.04,1544765755,13934.87,51.48972409,7.40807610,181.12,13.59,0.00,79.78,0,-83.00,-13.00,0.00,0.00,56.00,0.00,0,452
683.04,1544765756,13948.46,51.48974674,7.40827482,180.40,13.84,0.00,79.45,0,-83.00,-13.00,0.00,0.00,56.00,0.00,0,452
684.06,1544765757,13962.51,51.48977185,7.40848022,179.86,14.22,0.00,79.00,0,-86.00,-11.00,0.00,0.00,52.00,0.00,0,452
685.05,1544765758,13976.57,51.48979666,7.40868163,179.30,14.43,0.00,78.53,0,-86.00,-11.00,0.00,0.00,52.00,0.00,0,452
686.05,1544765759,13991.00,51.48982515,7.40887426,178.74,14.61,0.00,77.60,0,-86.00,-11.00,0.00,0.00,52.00,0.00,0,452
687.05,1544765760,14005.60,51.48985610,7.40908561,177.87,14.65,0.00,77.99,0,-88.00,-11.00,0.00,0.00,49.00,0.00,0,452
688.05,1544765761,14020.25,51.48988397,7.40927711,176.72,14.64,0.00,78.14,0,-88.00,-11.00,0.00,0.00,49.00,0.00,0,452
689.05,1544765762,14034.89,51.48991113,7.40947578,175.69,14.63,0.00,78.57,0,-92.00,-11.00,0.00,0.00,45.00,0.00,0,452
690.05,1544765763,14049.52,51.48994065,7.40968737,174.84,14.53,0.00,78.28,0,-92.00,-11.00,0.00,0.00,45.00,0.00,0,452
691.05,1544765764,14064.06,51.48996930,7.40989171,173.87,14.19,0.00,78.49,0,-90.00,-8.00,0.00,0.00,44.00,0.00,0,452
692.04,1544765765,14078.18,51.48999621,7.41009153,172.80,13.42,0.00,78.61,0,-90.00,-8.00,0.00,0.00,44.00,0.00,0,452
693.05,1544765766,14091.64,51.49002347,7.41028024,171.56,13.12,0.00,78.59,0,-91.00,-11.00,0.00,0.00,46.00,0.00,0,452
694.05,1544765767,14104.80,51.49004271,7.41043404,170.34,12.80,0.00,78.48,0,-91.00,-11.00,0.00,0.00,46.00,0.00,0,452
695.05,1544765768,14117.57,51.49006594,7.41061335,169.35,12.69,0.00,78.05,0,-94.00,-11.00,0.00,0.00,43.00,0.00,0,452
696.05,1544765769,14130.26,51.49008897,7.41079233,168.49,12.54,0.00,78.25,0,-94.00,-11.00,0.00,0.00,43.00,0.00,0,452
697.05,1544765770,14142.80,51.49011187,7.41096302,167.92,12.33,0.00,77.57,0,-98.00,-10.00,0.00,0.00,39.00,0.00,0,452
