11.42,1544765083,126.81,51.44887726,7.48834211,251.89,13.37,0.00,184.62,0,-109.00,-13.00,0.00,0.00,24.00,0.00,0,26
12.42,1544765084,140.16,51.44875394,7.48830894,251.71,13.49,0.00,187.30,0,-109.00,-13.00,0.00,0.00,24.00,0.00,0,26
15.42,1544765087,181.09,51.44839297,7.48817433,250.41,14.19,0.00,192.23,0,-110.00,-16.00,0.00,0.00,30.00,0.00,0,156
15.42,1544765087,181.10,51.44839297,7.48817433,250.41,14.19,0.00,192.23,0,-110.00,-18.00,0.00,0.00,30.00,0.00,0,265
15.42,1544765087,181.11,51.44839297,7.48817433,250.41,14.19,0.00,192.23,0,-111.00,-18.00,0.00,0.00,30.00,0.00,0,26
16.42,1544765088,195.29,51.44827024,7.48812219,249.92,14.26,0.00,193.01,0,-110.00,-16.00,0.00,0.00,30.00,0.00,0,156
16.42,1544765088,195.30,51.44827024,7.48812219,249.92,14.26,0.00,193.01,0,-110.00,-18.00,0.00,0.00,30.00,0.00,0,265
16.42,1544765088,195.30,51.44827024,7.48812219,249.92,14.26,0.00,193.01,0,-111.00,-18.00,0.00,0.00,30.00,0.00,0,26
17.42,1544765089,209.55,51.44805770,7.48855370,249.40,14.65,0.00,193.11,0,-112.00,-16.00,0.00,0.00,27.00,0.00,0,156
17.42,1544765089,209.57,51.44805770,7.48855370,249.40,14.65,0.00,193.11,0,-112.00,-18.00,0.00,0.00,27.00,0.00,0,26
17.42,1544765089,209.57,51.44805770,7.48855370,249.40,14.65,0.00,193.11,0,-112.00,-17.00,0.00,0.00,27.00,0.00,0,265
18.42,1544765090,224.21,51.44802380,7.48801799,248.89,14.51,0.00,193.75,0,-112.00,-16.00,0.00,0.00,27.00,0.00,0,156
18.42,1544765090,224.22,51.44802380,7.48801799,248.89,14.51,0.00,193.75,0,-112.00,-18.00,0.00,0.00,27.00,0.00,0,26
18.42,1544765090,224.23,51.44802380,7.48801799,248.89,14.51,0.00,193.75,0,-112.00,-17.00,0.00,0.00,27.00,0.00,0,265
19.42,1544765091,238.72,51.44788990,7.48796267,248.73,14.60,0.00,192.91,0,-112.00,-16.00,0.00,0.00,27.00,0.00,0,156
19.42,1544765091,238.72,51.44788990,7.48796267,248.73,14.60,0.00,192.91,0,-113.00,-16.00,0.00,0.00,28.00,0.00,0,265
19.42,1544765091,238.73,51.44788990,7.48796267,248.73,14.60,0.00,192.91,0,-113.00,-17.00,0.00,0.00,27.00,0.00,0,26
20.42,1544765092,253.30,51.44775706,7.48791836,248.96,14.07,0.00,191.42,0,-112.00,-16.00,0.00,0.00,27.00,0.00,0,156
20.42,1544765092,253.31,51.44775706,7.48791836,248.96,14.07,0.00,191.42,0,-113.00,-16.00,0.00,0.00,28.00,0.00,0,265
20.42,1544765092,253.33,51.44775706,7.48791836,248.96,14.07,0.00,191.42,0,-113.00,-17.00,0.00,0.00,27.00,0.00,0,26
21.42,1544765093,267.37,51.44763032,7.48789021,249.57,13.78,0.00,189.35,0,-109.00,-14.00,0.00,0.00,28.00,0.00,0,265
21.42,1544765093,267.39,51.44763032,7.48789021,249.57,13.78,0.00,189.35,0,-111.00,-17.00,0.00,0.00,29.00,0.00,0,156
21.42,1544765093,267.39,51.44763032,7.48789021,249.57,13.78,0.00,189.35,0,-113.00,-20.00,0.00,0.00,29.00,0.00,0,26
22.42,1544765094,281.17,51.44750186,7.48786252,250.44,13.48,0.00,187.80,0,-109.00,-14.00,0.00,0.00,28.00,0.00,0,265
22.42,1544765094,281.17,51.44750186,7.48786252,250.44,13.48,0.00,187.80,0,-111.00,-17.00,0.00,0.00,29.00,0.00,0,156
22.42,1544765094,281.18,51.44750186,7.48786252,250.44,13.48,0.00,187.80,0,-113.00,-20.00,0.00,0.00,29.00,0.00,0,26
23.42,1544765095,294.66,51.44737514,7.48784548,251.63,13.98,0.00,185.08,0,-112.00,-14.00,0.00,0.00,23.00,0.00,0,265
23.42,1544765095,294.67,51.44737514,7.48784548,251.63,13.98,0.00,185.08,0,-115.00,-16.00,0.00,0.00,25.00,0.00,0,156
23.42,1544765095,294.69,51.44737514,7.48784548,251.63,13.98,0.00,185.08,0,-115.00,-17.00,0.00,0.00,25.00,0.00,0,26
23.42,1544765095,294.69,51.44737514,7.48784548,251.63,13.98,0.00,185.08,0,-122.00,-12.00,0.00,0.00,10.00,0.00,0,288
23.42,1544765095,294.70,51.44737514,7.48784548,251.63,13.98,0.00,185.08,0,-127.00,-15.00,0.00,0.00,6.00,0.00,0,59
24.42,1544765096,308.64,51.44724677,7.48784399,253.07,14.17,0.00,182.72,0,-112.00,-14.00,0.00,0.00,23.00,0.00,0,265
24.42,1544765096,308.66,51.44724677,7.48784399,253.07,14.17,0.00,182.72,0,-115.00,-16.00,0.00,0.00,25.00,0.00,0,156
24.42,1544765096,308.66,51.44724677,7.48784399,253.07,14.17,0.00,182.72,0,-115.00,-17.00,0.00,0.00,25.00,0.00,0,26
24.42,1544765096,308.67,51.44724677,7.48784399,253.07,14.17,0.00,182.72,0,-122.00,-12.00,0.00,0.00,10.00,0.00,0,288
24.42,1544765096,308.68,51.44724677,7.48784399,253.07,14.17,0.00,182.72,0,-127.00,-15.00,0.00,0.00,6.00,0.00,0,59
25.42,1544765097,322.85,51.44712551,7.48785493,254.86,14.04,0.00,179.78,0,-110.00,-14.00,0.00,0.00,28.00,0.00,0,265
25.42,1544765097,322.87,51.44712551,7.48785493,254.86,14.04,0.00,179.78,0,-110.00,-18.00,0.00,0.00,31.00,0.00,0,26
25.43,1544765097,322.88,51.44712551,7.48785493,254.86,14.04,0.00,179.78,0,-118.00,-12.00,0.00,0.00,12.00,0.00,0,288
25.43,1544765097,322.88,51.44712551,7.48785493,254.86,14.04,0.00,179.78,0,-123.00,-14.00,0.00,0.00,10.00,0.00,0,384
25.43,1544765097,322.89,51.44712551,7.48785493,254.86,14.04,0.00,179.78,0,-126.00,-15.00,0.00,0.00,8.00,0.00,0,59
25.43,1544765097,322.91,51.44712551,7.48785493,254.86,14.04,0.00,179.78,0,-126.00,-15.00,0.00,0.00,7.00,0.00,0,137
25.43,1544765097,322.92,51.44712551,7.48785493,254.86,14.04,0.00,179.78,0,-127.00,-16.00,0.00,0.00,7.00,0.00,0,125
25.43,1544765097,322.92,51.44712551,7.48785493,254.86,14.04,0.00,179.78,0,-225.00,-225.00,0.00,0.00,63.00,0.00,0,272
25.43,1544765097,322.94,51.44712551,7.48785493,254.86,14.04,0.00,179.78,0,0.00,0.00,0.00,0.00,63.00,0.00,0,76
26.42,1544765098,336.89,51.44699631,7.48787778,256.52,14.16,0.00,176.89,0,-110.00,-14.00,0.00,0.00,28.00,0.00,0,265
26.42,1544765098,336.90,51.44699631,7.48787778,256.52,14.16,0.00,176.89,0,-110.00,-18.00,0.00,0.00,31.00,0.00,0,26
26.43,1544765098,336.92,51.44699631,7.48787778,256.52,14.16,0.00,176.89,0,-118.00,-12.00,0.00,0.00,12.00,0.00,0,288
26.43,1544765098,336.92,51.44699631,7.48787778,256.52,14.16,0.00,176.89,0,-123.00,-14.00,0.00,0.00,10.00,0.00,0,384
26.43,1544765098,336.93,51.44699631,7.48787778,256.52,14.16,0.00,176.89,0,-126.00,-15.00,0.00,0.00,8.00,0.00,0,59
26.43,1544765098,336.95,51.44699631,7.48787778,256.52,14.16,0.00,176.89,0,-126.00,-15.00,0.00,0.00,7.00,0.00,0,137
26.43,1544765098,336.95,51.44699631,7.48787778,256.52,14.16,0.00,176.89,0,-127.00,-16.00,0.00,0.00,7.00,0.00,0,125
26.43,1544765098,336.96,51.44699631,7.48787778,256.52,14.16,0.00,176.89,0,-225.00,-225.00,0.00,0.00,63.00,0.00,0,272
26.43,1544765098,336.98,51.44699631,7.48787778,256.52,14.16,0.00,176.89,0,0.00,0.00,0.00,0.00,63.00,0.00,0,76
27.43,1544765099,351.17,51.44689400,7.48793455,258.09,14.04,0.00,173.15,0,-114.00,-15.00,0.00,0.00,22.00,0.00,0,156
27.43,1544765099,351.18,51.44689400,7.48793455,258.09,14.04,0.00,173.15,0,-114.00,-14.00,0.00,0.00,21.00,0.00,0,265
27.43,1544765099,351.18,51.44689400,7.48793455,258.09,14.04,0.00,173.15,0,-120.00,-11.00,0.00,0.00,13.00,0.00,0,288
27.43,1544765099,351.19,51.44689400,7.48793455,258.09,14.04,0.00,173.15,0,-128.00,-15.00,0.00,0.00,7.00,0.00,0,59
27.43,1544765099,351.21,51.44689400,7.48793455,258.09,14.04,0.00,173.15,0,-129.00,-16.00,0.00,0.00,6.00,0.00,0,137
27.44,1544765099,351.22,51.44689400,7.48793455,258.09,14.04,0.00,173.15,0,-139.00,-24.00,0.00,0.00,5.00,0.00,0,265
27.44,1544765099,351.22,51.44689400,7.48793455,258.09,14.04,0.00,173.15,0,-225.00,-225.00,0.00,0.00,63.00,0.00,0,272
27.44,1544765099,351.24,51.44689400,7.48793455,258.09,14.04,0.00,173.15,0,0.00,0.00,0.00,0.00,63.00,0.00,0,76
28.42,1544765100,365.10,51.44676956,7.48798714,259.30,14.00,0.00,170.02,0,-114.00,-15.00,0.00,0.00,22.00,0.00,0,156
28.42,1544765100,365.10,51.44676956,7.48798714,259.30,14.00,0.00,170.02,0,-114.00,-14.00,0.00,0.00,21.00,0.00,0,265
28.42,1544765100,365.11,51.44676956,7.48798714,259.30,14.00,0.00,170.02,0,-120.00,-11.00,0.00,0.00,13.00,0.00,0,288
28.43,1544765100,365.12,51.44676956,7.48798714,259.30,14.00,0.00,170.02,0,-128.00,-15.00,0.00,0.00,7.00,0.00,0,59
28.43,1544765100,365.14,51.44676956,7.48798714,259.30,14.00,0.00,170.02,0,-129.00,-16.00,0.00,0.00,6.00,0.00,0,137
28.43,1544765100,365.14,51.44676956,7.48798714,259.30,14.00,0.00,170.02,0,-139.00,-24.00,0.00,0.00,5.00,0.00,0,265
28.43,1544765100,365.15,51.44676956,7.48798714,259.30,14.00,0.00,170.02,0,-225.00,-225.00,0.00,0.00,63.00,0.00,0,272
28.43,1544765100,365.17,51.44676956,7.48798714,259.30,14.00,0.00,170.02,0,0.00,0.00,0.00,0.00,63.00,0.00,0,76
29.42,1544765101,379.10,51.44665203,7.48805951,260.42,14.22,0.00,166.74,0,-114.00,-15.00,0.00,0.00,22.00,0.00,0,156
29.42,1544765101,379.11,51.44665203,7.48805951,260.42,14.22,0.00,166.74,0,-114.00,-14.00,0.00,0.00,21.00,0.00,0,265
29.43,1544765101,379.13,51.44665203,7.48805951,260.42,14.22,0.00,166.74,0,-120.00,-11.00,0.00,0.00,13.00,0.00,0,288
29.43,1544765101,379.13,51.44665203,7.48805951,260.42,14.22,0.00,166.74,0,-128.00,-15.00,0.00,0.00,7.00,0.00,0,59
29.43,1544765101,379.14,51.44665203,7.48805951,260.42,14.22,0.00,166.74,0,-129.00,-16.00,0.00,0.00,6.00,0.00,0,137
29.43,1544765101,379.16,51.44665203,7.48805951,260.42,14.22,0.00,166.74,0,-139.00,-24.00,0.00,0.00,5.00,0.00,0,265
29.43,1544765101,379.17,51.44665203,7.48805951,260.42,14.22,0.00,166.74,0,-225.00,-225.00,0.00,0.00,63.00,0.00,0,272
29.43,1544765101,379.18,51.44665203,7.48805951,260.42,14.22,0.00,166.74,0,0.00,0.00,0.00,0.00,63.00,0.00,0,76
30.42,1544765102,393.26,51.44651630,7.48813882,261.47,14.30,0.00,163.59,0,-113.00,-16.00,0.00,0.00,25.00,0.00,0,265
30.42,1544765102,393.28,51.44651630,7.48813882,261.47,14.30,0.00,163.59,0,-114.00,-18.00,0.00,0.00,26.00,0.00,0,156
31.42,1544765103,407.55,51.44640591,7.48823003,262.68,14.55,0.00,160.12,0,-113.00,-16.00,0.00,0.00,25.00,0.00,0,265
31.42,1544765103,407.57,51.44640591,7.48823003,262.68,14.55,0.00,160.12,0,-114.00,-18.00,0.00,0.00,26.00,0.00,0,156
32.42,1544765104,422.11,51.44628518,7.48833874,263.81,14.48,0.00,156.33,0,-112.00,-20.00,0.00,0.00,30.00,0.00,0,265
33.42,1544765105,436.57,51.44616861,7.48845146,264.72,14.83,0.00,152.66,0,-112.00,-20.00,0.00,0.00,30.00,0.00,0,265
46.42,1544765118,629.31,51.44503386,7.49061064,275.52,13.33,0.00,127.49,0,-112.00,-17.00,0.00,0.00,27.00,0.00,0,440
47.42,1544765119,642.64,51.44497242,7.49075821,275.64,12.78,0.00,127.59,0,-112.00,-17.00,0.00,0.00,27.00,0.00,0,440
48.43,1544765120,655.54,51.44491206,7.49090203,275.54,11.60,0.00,127.19,0,-111.00,-13.00,0.00,0.00,24.00,0.00,0,440
49.42,1544765121,667.03,51.44485847,7.49102469,275.40,9.82,0.00,127.63,0,-111.00,-13.00,0.00,0.00,24.00,0.00,0,440
50.42,1544765122,676.85,51.44481559,7.49113338,275.61,9.03,0.00,127.71,0,-111.00,-13.00,0.00,0.00,24.00,0.00,0,440
51.42,1544765123,685.87,51.44477144,7.49124052,275.87,7.67,0.00,127.34,0,-111.00,-13.00,0.00,0.00,22.00,0.00,0,440
52.42,1544765124,693.54,51.44473635,7.49132518,276.36,7.00,0.00,127.11,0,-111.00,-13.00,0.00,0.00,22.00,0.00,0,440
53.42,1544765125,700.54,51.44469933,7.49140841,276.67,5.58,0.00,126.85,0,-115.00,-12.00,0.00,0.00,17.00,0.00,0,440
54.42,1544765126,706.12,51.44467449,7.49146483,276.68,3.57,0.00,127.65,0,-115.00,-12.00,0.00,0.00,17.00,0.00,0,440
55.42,1544765127,709.70,51.44465940,7.49149885,276.70,2.13,0.00,128.30,0,-113.00,-15.00,0.00,0.00,23.00,0.00,0,440
55.42,1544765127,709.70,51.44465940,7.49149885,276.70,2.13,0.00,128.30,0,-119.00,-11.00,0.00,0.00,11.00,0.00,0,288
55.42,1544765127,709.70,51.44465940,7.49149885,276.70,2.13,0.00,128.30,0,0.00,0.00,0.00,0.00,63.00,0.00,0,76
56.42,1544765128,711.81,51.44465218,7.49151687,276.71,0.93,0.00,128.30,0,-113.00,-15.00,0.00,0.00,23.00,0.00,0,440
56.42,1544765128,711.81,51.44465218,7.49151687,276.71,0.93,0.00,128.30,0,-119.00,-11.00,0.00,0.00,11.00,0.00,0,288
56.42,1544765128,711.82,51.44465218,7.49151687,276.71,0.93,0.00,128.30,0,0.00,0.00,0.00,0.00,63.00,0.00,0,76
57.42,1544765129,712.74,51.44464970,7.49153840,276.72,0.00,0.00,128.30,0,-117.00,-19.00,0.00,0.00,24.00,0.00,0,315
58.42,1544765130,712.74,51.44465218,7.49151687,276.71,0.00,0.00,128.30,0,-117.00,-19.00,0.00,0.00,24.00,0.00,0,315
63.42,1544765135,721.19,51.44457165,7.49168601,277.10,4.89,0.00,138.79,0,-114.00,-19.00,0.00,0.00,26.00,0.00,0,315
64.43,1544765136,726.14,51.44451357,7.49170230,277.14,6.53,0.00,175.85,0,-114.00,-19.00,0.00,0.00,26.00,0.00,0,315
65.42,1544765137,732.62,51.44443506,7.49168024,276.92,6.91,0.00,196.50,0,-112.00,-18.00,0.00,0.00,28.00,0.00,0,315
65.42,1544765137,732.62,51.44443506,7.49168024,276.92,6.91,0.00,196.50,0,-114.00,-19.00,0.00,0.00,28.00,0.00,0,77
66.42,1544765138,739.52,51.44437593,7.49163315,276.82,7.63,0.00,213.53,0,-112.00,-18.00,0.00,0.00,28.00,0.00,0,315
66.42,1544765138,739.53,51.44437593,7.49163315,276.82,7.63,0.00,213.53,0,-114.00,-19.00,0.00,0.00,28.00,0.00,0,77
67.42,1544765139,747.16,51.44432242,7.49158099,277.13,8.53,0.00,214.27,0,-110.00,-20.00,0.00,0.00,30.00,0.00,0,315
68.42,1544765140,755.69,51.44425265,7.49150559,277.50,9.21,0.00,214.72,0,-110.00,-20.00,0.00,0.00,30.00,0.00,0,315
69.43,1544765141,764.97,51.44417828,7.49142044,277.75,10.21,0.00,215.19,0,-109.00,-18.00,0.00,0.00,29.00,0.00,0,315
70.42,1544765142,775.11,51.44410237,7.49133228,277.81,10.44,0.00,214.99,0,-109.00,-18.00,0.00,0.00,29.00,0.00,0,315
71.42,1544765143,785.52,51.44403601,7.49125448,277.65,10.40,0.00,214.75,0,-109.00,-18.00,0.00,0.00,29.00,0.00,0,315
72.42,1544765144,795.94,51.44396053,7.49116817,277.37,10.63,0.00,214.48,0,-108.00,-20.00,0.00,0.00,32.00,0.00,0,315
73.45,1544765145,806.87,51.44388253,7.49107827,276.95,10.86,0.00,214.92,0,-108.00,-20.00,0.00,0.00,32.00,0.00,0,315
76.42,1544765148,840.95,51.44361859,7.49076601,277.13,12.79,0.00,216.34,0,-107.00,-16.00,0.00,0.00,32.00,0.00,0,142
77.53,1544765149,855.13,51.44352513,7.49065500,277.36,13.10,0.00,217.12,0,-107.00,-16.00,0.00,0.00,32.00,0.00,0,142
78.42,1544765150,866.80,51.44343265,7.49054312,277.53,13.04,0.00,216.97,0,-109.00,-17.00,0.00,0.00,31.00,0.00,0,142
79.42,1544765151,879.84,51.44333508,7.49042791,277.69,13.08,0.00,216.87,0,-109.00,-17.00,0.00,0.00,31.00,0.00,0,142
80.43,1544765152,893.05,51.44323504,7.49031131,277.75,13.32,0.00,216.48,0,-111.00,-19.00,0.00,0.00,30.00,0.00,0,142
80.43,1544765152,893.05,51.44323504,7.49031131,277.75,13.32,0.00,216.48,0,-111.00,-20.00,0.00,0.00,30.00,0.00,0,9
81.42,1544765153,906.26,51.44313428,7.49019571,277.63,13.76,0.00,216.47,0,-111.00,-19.00,0.00,0.00,30.00,0.00,0,142
81.42,1544765153,906.27,51.44313428,7.49019571,277.63,13.76,0.00,216.47,0,-111.00,-20.00,0.00,0.00,30.00,0.00,0,9
82.42,1544765154,919.96,51.44304034,7.49008570,277.32,13.75,0.00,216.47,0,-109.00,-20.00,0.00,0.00,32.00,0.00,0,356
83.42,1544765155,933.75,51.44294847,7.48997797,276.90,13.58,0.00,216.46,0,-109.00,-20.00,0.00,0.00,32.00,0.00,0,356
97.42,1544765169,1127.63,51.44157720,7.48815006,281.48,14.45,0.00,227.15,0,-124.00,-15.00,0.00,0.00,9.00,0.00,0,426
97.42,1544765169,1127.65,51.44157720,7.48815006,281.48,14.45,0.00,227.15,0,-127.00,-17.00,0.00,0.00,9.00,0.00,0,464
97.42,1544765169,1127.66,51.44157720,7.48815006,281.48,14.45,0.00,227.15,0,-116.00,-10.00,0.00,0.00,13.00,0.00,0,288
97.42,1544765169,1127.68,51.44157720,7.48815006,281.48,14.45,0.00,227.15,0,-121.00,-15.00,0.00,0.00,13.00,0.00,0,323
97.42,1544765169,1127.68,51.44157720,7.48815006,281.48,14.45,0.00,227.15,0,-123.00,-16.00,0.00,0.00,13.00,0.00,0,216
97.43,1544765169,1127.69,51.44157720,7.48815006,281.48,14.45,0.00,227.15,0,0.00,0.00,0.00,0.00,63.00,0.00,0,76
98.42,1544765170,1142.10,51.44149157,7.48796945,281.58,14.64,0.00,228.61,0,-124.00,-15.00,0.00,0.00,9.00,0.00,0,426
98.42,1544765170,1142.11,51.44149157,7.48796945,281.58,14.64,0.00,228.61,0,-127.00,-17.00,0.00,0.00,9.00,0.00,0,464
98.42,1544765170,1142.13,51.44149157,7.48796945,281.58,14.64,0.00,228.61,0,-116.00,-10.00,0.00,0.00,13.00,0.00,0,288
98.43,1544765170,1142.14,51.44149157,7.48796945,281.58,14.64,0.00,228.61,0,-121.00,-15.00,0.00,0.00,13.00,0.00,0,323
98.43,1544765170,1142.15,51.44149157,7.48796945,281.58,14.64,0.00,228.61,0,-123.00,-16.00,0.00,0.00,13.00,0.00,0,216
98.43,1544765170,1142.15,51.44149157,7.48796945,281.58,14.64,0.00,228.61,0,0.00,0.00,0.00,0.00,63.00,0.00,0,76
120.42,1544765192,1461.32,51.43976735,7.48424388,287.47,14.61,0.00,231.43,0,-101.00,-16.00,0.00,0.00,38.00,0.00,0,6
121.42,1544765193,1475.93,51.43968752,7.48408780,287.32,14.35,0.00,232.37,0,-101.00,-16.00,0.00,0.00,38.00,0.00,0,6
122.42,1544765194,1490.28,51.43960347,7.48390617,287.79,14.53,0.00,233.81,0,-101.00,-13.00,0.00,0.00,37.00,0.00,0,6
123.42,1544765195,1504.80,51.43951908,7.48372513,288.12,14.71,0.00,234.57,0,-101.00,-13.00,0.00,0.00,37.00,0.00,0,6
124.42,1544765196,1519.54,51.43943883,7.48353597,287.90,13.81,0.00,235.95,0,-96.00,-10.00,0.00,0.00,34.00,0.00,0,6
125.42,1544765197,1533.33,51.43936612,7.48335288,288.48,13.40,0.00,237.05,0,-96.00,-10.00,0.00,0.00,34.00,0.00,0,6
126.41,1544765198,1546.66,51.43929958,7.48317227,289.18,13.55,0.00,237.58,0,-99.00,-12.00,0.00,0.00,33.00,0.00,0,6
127.41,1544765199,1560.23,51.43923452,7.48299138,289.33,13.78,0.00,238.77,0,-99.00,-12.00,0.00,0.00,33.00,0.00,0,6
128.42,1544765200,1574.04,51.43916738,7.48280834,289.76,14.14,0.00,239.38,0,-99.00,-14.00,0.00,0.00,34.00,0.00,0,6
129.42,1544765201,1588.17,51.43909647,7.48261917,290.10,14.41,0.00,238.74,0,-99.00,-14.00,0.00,0.00,34.00,0.00,0,6
132.42,1544765204,1632.24,51.43889234,7.48201975,291.40,14.82,0.00,239.62,0,-98.00,-17.00,0.00,0.00,37.00,0.00,0,6
133.42,1544765205,1647.00,51.43882592,7.48182714,291.17,15.13,0.00,240.08,0,-98.00,-17.00,0.00,0.00,37.00,0.00,0,6
134.41,1544765206,1662.07,51.43876574,7.48164320,291.12,14.07,0.00,240.54,0,-98.00,-17.00,0.00,0.00,37.00,0.00,0,6
135.42,1544765207,1676.23,51.43870528,7.48145160,291.30,14.30,0.00,240.91,0,-101.00,-16.00,0.00,0.00,35.00,0.00,0,6
136.42,1544765208,1690.51,51.43864488,7.48127015,291.67,14.93,0.00,240.57,0,-101.00,-16.00,0.00,0.00,35.00,0.00,0,6
139.42,1544765211,1735.67,51.43844030,7.48067146,291.62,15.29,0.00,240.68,0,-98.00,-10.00,0.00,0.00,33.00,0.00,0,6
140.42,1544765212,1750.98,51.43837324,7.48047499,291.97,15.26,0.00,240.23,0,-98.00,-10.00,0.00,0.00,33.00,0.00,0,6
141.42,1544765213,1766.24,51.43831529,7.48030298,292.29,15.16,0.00,240.61,0,-103.00,-17.00,0.00,0.00,35.00,0.00,0,6
142.41,1544765214,1781.30,51.43824643,7.48010544,292.58,15.00,0.00,241.21,0,-103.00,-17.00,0.00,0.00,35.00,0.00,0,6
143.42,1544765215,1796.36,51.43818561,7.47991906,292.66,15.32,0.00,241.79,0,-99.00,-14.00,0.00,0.00,35.00,0.00,0,6
144.42,1544765216,1811.70,51.43812287,7.47973015,292.72,15.39,0.00,241.80,0,-99.00,-14.00,0.00,0.00,35.00,0.00,0,6
145.42,1544765217,1827.09,51.43805691,7.47953756,293.04,15.47,0.00,241.34,0,-94.00,-11.00,0.00,0.00,36.00,0.00,0,6
146.42,1544765218,1842.53,51.43799209,7.47933569,293.38,15.20,0.00,241.89,0,-94.00,-11.00,0.00,0.00,36.00,0.00,0,6
147.42,1544765219,1857.77,51.43792280,7.47913040,293.64,15.12,0.00,242.25,0,-94.00,-11.00,0.00,0.00,36.00,0.00,0,6
148.42,1544765220,1872.87,51.43786065,7.47893187,293.93,14.71,0.00,243.14,0,-94.00,-11.00,0.00,0.00,36.00,0.00,0,6
149.42,1544765221,1887.60,51.43780383,7.47874332,294.04,15.18,0.00,242.23,0,-93.00,-10.00,0.00,0.00,38.00,0.00,0,6
150.42,1544765222,1902.80,51.43774007,7.47855286,294.31,14.59,0.00,241.73,0,-93.00,-10.00,0.00,0.00,38.00,0.00,0,6
151.42,1544765223,1917.38,51.43767781,7.47837409,294.53,14.64,0.00,240.81,0,-92.00,-8.00,0.00,0.00,37.00,0.00,0,6
152.42,1544765224,1932.02,51.43761020,7.47818900,295.16,14.42,0.00,240.21,0,-92.00,-8.00,0.00,0.00,37.00,0.00,0,6
153.42,1544765225,1946.44,51.43754941,7.47800079,295.83,14.45,0.00,241.46,0,-90.00,-11.00,0.00,0.00,40.00,0.00,0,6
154.41,1544765226,1960.83,51.43748539,7.47780484,296.38,14.34,0.00,241.57,0,-90.00,-11.00,0.00,0.00,40.00,0.00,0,6
155.43,1544765227,1975.33,51.43742534,7.47761763,297.08,13.82,0.00,241.93,0,-90.00,-11.00,0.00,0.00,40.00,0.00,0,6
156.41,1544765228,1988.98,51.43736356,7.47742773,297.60,13.88,0.00,242.52,0,-87.00,-10.00,0.00,0.00,42.00,0.00,0,6
157.42,1544765229,2002.92,51.43599030,7.47872060,297.94,13.64,0.00,242.05,0,-87.00,-10.00,0.00,0.00,42.00,0.00,0,6
162.42,1544765234,2063.80,51.43717686,7.47635551,297.11,9.86,0.00,277.08,0,-96.00,-16.00,0.00,0.00,36.00,0.00,0,440
163.42,1544765235,2073.66,51.43723322,7.47624237,296.63,8.95,0.00,312.76,0,-96.00,-16.00,0.00,0.00,36.00,0.00,0,440
164.42,1544765236,2082.60,51.43731846,7.47615760,296.07,8.07,0.00,331.52,0,-99.00,-12.00,0.00,0.00,33.00,0.00,0,440
165.42,1544765237,2090.67,51.43740660,7.47613409,295.40,7.67,0.00,351.60,0,-99.00,-12.00,0.00,0.00,33.00,0.00,0,440
168.42,1544765240,2118.02,51.43763040,7.47637513,294.07,11.31,0.00,43.95,0,-100.00,-9.00,0.00,0.00,30.00,0.00,0,440
169.42,1544765241,2129.34,51.43770229,7.47649999,293.75,12.24,0.00,47.02,0,-100.00,-9.00,0.00,0.00,30.00,0.00,0,440
170.42,1544765242,2141.62,51.43778237,7.47665389,293.40,13.35,0.00,49.05,0,-99.00,-11.00,0.00,0.00,33.00,0.00,0,440
171.42,1544765243,2155.02,51.43785706,7.47681410,293.06,14.63,0.00,50.65,0,-99.00,-11.00,0.00,0.00,33.00,0.00,0,440
172.41,1544765244,2169.50,51.43793861,7.47699723,292.84,15.54,0.00,52.13,0,-98.00,-16.00,0.00,0.00,38.00,0.00,0,440
173.41,1544765245,2185.04,51.43802105,7.47719116,292.51,16.34,0.00,53.39,0,-98.00,-16.00,0.00,0.00,38.00,0.00,0,440
174.42,1544765246,2201.46,51.43810737,7.47739755,291.98,17.41,0.00,54.24,0,-98.00,-14.00,0.00,0.00,35.00,0.00,0,440
175.42,1544765247,2218.86,51.43819580,7.47761413,291.51,18.12,0.00,54.88,0,-98.00,-14.00,0.00,0.00,35.00,0.00,0,440
176.41,1544765248,2236.88,51.43827745,7.47782723,291.25,19.12,0.00,55.33,0,-98.00,-14.00,0.00,0.00,35.00,0.00,0,440
177.42,1544765249,2256.14,51.43838048,7.47806426,290.90,19.80,0.00,55.84,0,-101.00,-13.00,0.00,0.00,30.00,0.00,0,440
178.42,1544765250,2275.91,51.43848447,7.47832408,290.87,20.47,0.00,56.46,0,-101.00,-13.00,0.00,0.00,30.00,0.00,0,440
179.42,1544765251,2296.39,51.43857530,7.47856512,290.61,21.52,0.00,56.91,0,-101.00,-9.00,0.00,0.00,30.00,0.00,0,440
180.42,1544765252,2317.91,51.43868061,7.47882027,289.65,22.19,0.00,56.66,0,-101.00,-9.00,0.00,0.00,30.00,0.00,0,440
181.42,1544765253,2340.07,51.43878750,7.47908224,288.70,22.37,0.00,56.46,0,-100.00,-8.00,0.00,0.00,27.00,0.00,0,440
182.42,1544765254,2362.44,51.43889325,7.47934280,287.64,22.28,0.00,57.15,0,-100.00,-8.00,0.00,0.00,27.00,0.00,0,440
183.42,1544765255,2384.73,51.43900362,7.47961755,286.55,22.39,0.00,56.72,0,-103.00,-11.00,0.00,0.00,27.00,0.00,0,440
184.42,1544765256,2407.09,51.43911460,7.47988869,285.57,22.32,0.00,56.19,0,-103.00,-11.00,0.00,0.00,27.00,0.00,0,440
185.42,1544765257,2429.43,51.43923135,7.48016360,284.79,22.25,0.00,55.52,0,-103.00,-9.00,0.00,0.00,27.00,0.00,0,440
186.42,1544765258,2451.71,51.43934740,7.48043944,284.40,21.86,0.00,56.13,0,-103.00,-9.00,0.00,0.00,27.00,0.00,0,440
191.42,1544765263,2565.26,51.43999459,7.48175685,283.49,22.98,0.00,48.93,0,-112.00,-17.00,0.00,0.00,26.00,0.00,0,6
192.42,1544765264,2588.24,51.44013014,7.48199079,283.57,23.12,0.00,46.13,0,-112.00,-17.00,0.00,0.00,26.00,0.00,0,6
193.42,1544765265,2611.40,51.44027970,7.48223461,283.43,22.89,0.00,44.70,0,-111.00,-18.00,0.00,0.00,30.00,0.00,0,315
193.42,1544765265,2611.42,51.44027970,7.48223461,283.43,22.89,0.00,44.70,0,-111.00,-19.00,0.00,0.00,30.00,0.00,0,6
193.42,1544765265,2611.42,51.44027970,7.48223461,283.43,22.89,0.00,44.70,0,-112.00,-20.00,0.00,0.00,29.00,0.00,0,4
194.42,1544765266,2634.27,51.44043082,7.48245821,282.98,22.77,0.00,42.35,0,-111.00,-18.00,0.00,0.00,30.00,0.00,0,315
194.42,1544765266,2634.29,51.44043082,7.48245821,282.98,22.77,0.00,42.35,0,-111.00,-19.00,0.00,0.00,30.00,0.00,0,6
194.42,1544765266,2634.32,51.44043082,7.48245821,282.98,22.77,0.00,42.35,0,-112.00,-20.00,0.00,0.00,29.00,0.00,0,4
195.43,1544765267,2657.26,51.44058398,7.48267473,282.43,22.59,0.00,41.06,0,-108.00,-18.00,0.00,0.00,28.00,0.00,0,179
195.43,1544765267,2657.29,51.44058398,7.48267473,282.43,22.59,0.00,41.06,0,-108.00,-18.00,0.00,0.00,27.00,0.00,0,265
195.43,1544765267,2657.31,51.44058398,7.48267473,282.43,22.59,0.00,41.06,0,-125.00,-15.00,0.00,0.00,9.00,0.00,0,175
195.43,1544765267,2657.33,51.44058398,7.48267473,282.43,22.59,0.00,41.06,0,-126.00,-16.00,0.00,0.00,10.00,0.00,0,426
195.43,1544765267,2657.33,51.44058398,7.48267473,282.43,22.59,0.00,41.06,0,-127.00,-17.00,0.00,0.00,9.00,0.00,0,137
195.43,1544765267,2657.35,51.44058398,7.48267473,282.43,22.59,0.00,41.06,0,-111.00,-8.00,0.00,0.00,15.00,0.00,0,288
195.43,1544765267,2657.38,51.44058398,7.48267473,282.43,22.59,0.00,41.06,0,0.00,0.00,0.00,0.00,63.00,0.00,0,331
196.42,1544765268,2679.60,51.44073970,7.48289472,282.01,22.72,0.00,40.70,0,-108.00,-18.00,0.00,0.00,28.00,0.00,0,179
196.42,1544765268,2679.63,51.44073970,7.48289472,282.01,22.72,0.00,40.70,0,-108.00,-18.00,0.00,0.00,27.00,0.00,0,265
196.42,1544765268,2679.65,51.44073970,7.48289472,282.01,22.72,0.00,40.70,0,-125.00,-15.00,0.00,0.00,9.00,0.00,0,175
196.42,1544765268,2679.65,51.44073970,7.48289472,282.01,22.72,0.00,40.70,0,-126.00,-16.00,0.00,0.00,10.00,0.00,0,426
196.42,1544765268,2679.67,51.44073970,7.48289472,282.01,22.72,0.00,40.70,0,-127.00,-17.00,0.00,0.00,9.00,0.00,0,137
196.42,1544765268,2679.67,51.44073970,7.48289472,282.01,22.72,0.00,40.70,0,-111.00,-8.00,0.00,0.00,15.00,0.00,0,288
196.42,1544765268,2679.67,51.44073970,7.48289472,282.01,22.72,0.00,40.70,0,0.00,0.00,0.00,0.00,63.00,0.00,0,331
197.42,1544765269,2702.44,51.44090053,7.48311105,281.72,22.87,0.00,39.70,0,-108.00,-18.00,0.00,0.00,28.00,0.00,0,179
197.42,1544765269,2702.46,51.44090053,7.48311105,281.72,22.87,0.00,39.70,0,-108.00,-18.00,0.00,0.00,27.00,0.00,0,265
197.42,1544765269,2702.48,51.44090053,7.48311105,281.72,22.87,0.00,39.70,0,-125.00,-15.00,0.00,0.00,9.00,0.00,0,175
197.42,1544765269,2702.48,51.44090053,7.48311105,281.72,22.87,0.00,39.70,0,-126.00,-16.00,0.00,0.00,10.00,0.00,0,426
197.43,1544765269,2702.51,51.44090053,7.48311105,281.72,22.87,0.00,39.70,0,-127.00,-17.00,0.00,0.00,9.00,0.00,0,137
197.43,1544765269,2702.53,51.44090053,7.48311105,281.72,22.87,0.00,39.70,0,-111.00,-8.00,0.00,0.00,15.00,0.00,0,288
197.43,1544765269,2702.55,51.44090053,7.48311105,281.72,22.87,0.00,39.70,0,0.00,0.00,0.00,0.00,63.00,0.00,0,331
198.42,1544765270,2725.26,51.44106300,7.48332861,281.49,23.20,0.00,39.00,0,-122.00,-15.00,0.00,0.00,14.00,0.00,0,164
198.42,1544765270,2725.26,51.44106300,7.48332861,281.49,23.20,0.00,39.00,0,-105.00,-11.00,0.00,0.00,26.00,0.00,0,265
198.42,1544765270,2725.28,51.44106300,7.48332861,281.49,23.20,0.00,39.00,0,-107.00,-13.00,0.00,0.00,27.00,0.00,0,440
198.42,1544765270,2725.31,51.44106300,7.48332861,281.49,23.20,0.00,39.00,0,-109.00,-19.00,0.00,0.00,29.00,0.00,0,63
199.42,1544765271,2748.37,51.44122627,7.48352247,281.12,23.22,0.00,36.30,0,-122.00,-15.00,0.00,0.00,14.00,0.00,0,164
199.42,1544765271,2748.37,51.44122627,7.48352247,281.12,23.22,0.00,36.30,0,-105.00,-11.00,0.00,0.00,26.00,0.00,0,265
199.42,1544765271,2748.39,51.44122627,7.48352247,281.12,23.22,0.00,36.30,0,-107.00,-13.00,0.00,0.00,27.00,0.00,0,440
199.42,1544765271,2748.39,51.44122627,7.48352247,281.12,23.22,0.00,36.30,0,-109.00,-19.00,0.00,0.00,29.00,0.00,0,63
206.42,1544765278,2910.14,51.44248382,7.48471027,279.24,23.19,0.00,26.06,0,-110.00,-15.00,0.00,0.00,31.00,0.00,0,440
206.42,1544765278,2910.16,51.44248382,7.48471027,279.24,23.19,0.00,26.06,0,-112.00,-14.00,0.00,0.00,29.00,0.00,0,265
206.42,1544765278,2910.19,51.44248382,7.48471027,279.24,23.19,0.00,26.06,0,-112.00,-18.00,0.00,0.00,31.00,0.00,0,239
207.42,1544765279,2933.33,51.44266952,7.48485305,279.06,23.01,0.00,25.48,0,-110.00,-15.00,0.00,0.00,31.00,0.00,0,440
207.42,1544765279,2933.33,51.44266952,7.48485305,279.06,23.01,0.00,25.48,0,-112.00,-14.00,0.00,0.00,29.00,0.00,0,265
207.42,1544765279,2933.36,51.44266952,7.48485305,279.06,23.01,0.00,25.48,0,-112.00,-18.00,0.00,0.00,31.00,0.00,0,239
208.42,1544765280,2956.29,51.44284854,7.48497947,278.67,22.73,0.00,24.38,0,-103.00,-20.00,0.00,0.00,38.00,0.00,0,440
208.42,1544765280,2956.29,51.44284854,7.48497947,278.67,22.73,0.00,24.38,0,-104.00,-17.00,0.00,0.00,35.00,0.00,0,265
208.42,1544765280,2956.32,51.44284854,7.48497947,278.67,22.73,0.00,24.38,0,-119.00,-12.00,0.00,0.00,12.00,0.00,0,288
209.42,1544765281,2979.06,51.44302502,7.48510447,278.20,22.64,0.00,23.79,0,-103.00,-20.00,0.00,0.00,38.00,0.00,0,440
209.42,1544765281,2979.09,51.44302502,7.48510447,278.20,22.64,0.00,23.79,0,-104.00,-17.00,0.00,0.00,35.00,0.00,0,265
209.42,1544765281,2979.09,51.44302502,7.48510447,278.20,22.64,0.00,23.79,0,-119.00,-12.00,0.00,0.00,12.00,0.00,0,288
210.42,1544765282,3001.70,51.44320255,7.48523078,277.73,22.36,0.00,23.73,0,-119.00,-11.00,0.00,0.00,12.00,0.00,0,288
210.42,1544765282,3001.72,51.44320255,7.48523078,277.73,22.36,0.00,23.73,0,-123.00,-16.00,0.00,0.00,12.00,0.00,0,339
210.42,1544765282,3001.75,51.44320255,7.48523078,277.73,22.36,0.00,23.73,0,-124.00,-16.00,0.00,0.00,12.00,0.00,0,323
210.42,1544765282,3001.77,51.44320255,7.48523078,277.73,22.36,0.00,23.73,0,0.00,0.00,0.00,0.00,63.00,0.00,0,272
211.42,1544765283,3024.08,51.44337365,7.48535187,277.23,21.66,0.00,23.48,0,-119.00,-11.00,0.00,0.00,12.00,0.00,0,288
211.42,1544765283,3024.10,51.44337365,7.48535187,277.23,21.66,0.00,23.48,0,-123.00,-16.00,0.00,0.00,12.00,0.00,0,339
211.42,1544765283,3024.13,51.44337365,7.48535187,277.23,21.66,0.00,23.48,0,-124.00,-16.00,0.00,0.00,12.00,0.00,0,323
211.42,1544765283,3024.15,51.44337365,7.48535187,277.23,21.66,0.00,23.48,0,0.00,0.00,0.00,0.00,63.00,0.00,0,272
212.42,1544765284,3045.74,51.44354416,7.48546492,276.71,20.95,0.00,22.71,0,-118.00,-9.00,0.00,0.00,10.00,0.00,0,288
212.42,1544765284,3045.76,51.44354416,7.48546492,276.71,20.95,0.00,22.71,0,-123.00,-14.00,0.00,0.00,10.00,0.00,0,339
212.42,1544765284,3045.78,51.44354416,7.48546492,276.71,20.95,0.00,22.71,0,-125.00,-15.00,0.00,0.00,10.00,0.00,0,225
212.42,1544765284,3045.78,51.44354416,7.48546492,276.71,20.95,0.00,22.71,0,-129.00,-18.00,0.00,0.00,8.00,0.00,0,473
212.42,1544765284,3045.80,51.44354416,7.48546492,276.71,20.95,0.00,22.71,0,0.00,0.00,0.00,0.00,63.00,0.00,0,272
213.42,1544765285,3066.69,51.44370941,7.48556986,276.17,19.81,0.00,21.53,0,-118.00,-9.00,0.00,0.00,10.00,0.00,0,288
213.42,1544765285,3066.69,51.44370941,7.48556986,276.17,19.81,0.00,21.53,0,-123.00,-14.00,0.00,0.00,10.00,0.00,0,339
213.42,1544765285,3066.71,51.44370941,7.48556986,276.17,19.81,0.00,21.53,0,-125.00,-15.00,0.00,0.00,10.00,0.00,0,225
213.42,1544765285,3066.73,51.44370941,7.48556986,276.17,19.81,0.00,21.53,0,-129.00,-18.00,0.00,0.00,8.00,0.00,0,473
213.42,1544765285,3066.75,51.44370941,7.48556986,276.17,19.81,0.00,21.53,0,0.00,0.00,0.00,0.00,63.00,0.00,0,272
214.42,1544765286,3086.53,51.44386862,7.48566950,275.85,18.94,0.00,21.43,0,-115.00,-9.00,0.00,0.00,13.00,0.00,0,288
214.42,1544765286,3086.54,51.44386862,7.48566950,275.85,18.94,0.00,21.43,0,-121.00,-15.00,0.00,0.00,13.00,0.00,0,339
214.42,1544765286,3086.54,51.44386862,7.48566950,275.85,18.94,0.00,21.43,0,-121.00,-15.00,0.00,0.00,13.00,0.00,0,225
214.42,1544765286,3086.56,51.44386862,7.48566950,275.85,18.94,0.00,21.43,0,-129.00,-18.00,0.00,0.00,8.00,0.00,0,473
214.42,1544765286,3086.58,51.44386862,7.48566950,275.85,18.94,0.00,21.43,0,-129.00,-18.00,0.00,0.00,8.00,0.00,0,464
214.42,1544765286,3086.60,51.44386862,7.48566950,275.85,18.94,0.00,21.43,0,0.00,0.00,0.00,0.00,63.00,0.00,0,272
215.42,1544765287,3105.44,51.44402214,7.48576675,275.56,18.10,0.00,21.70,0,-115.00,-9.00,0.00,0.00,13.00,0.00,0,288
215.42,1544765287,3105.46,51.44402214,7.48576675,275.56,18.10,0.00,21.70,0,-121.00,-15.00,0.00,0.00,13.00,0.00,0,339
215.42,1544765287,3105.48,51.44402214,7.48576675,275.56,18.10,0.00,21.70,0,-121.00,-15.00,0.00,0.00,13.00,0.00,0,225
215.42,1544765287,3105.48,51.44402214,7.48576675,275.56,18.10,0.00,21.70,0,-129.00,-18.00,0.00,0.00,8.00,0.00,0,473
215.42,1544765287,3105.50,51.44402214,7.48576675,275.56,18.10,0.00,21.70,0,-129.00,-18.00,0.00,0.00,8.00,0.00,0,464
215.42,1544765287,3105.51,51.44402214,7.48576675,275.56,18.10,0.00,21.70,0,0.00,0.00,0.00,0.00,63.00,0.00,0,272
216.42,1544765288,3123.54,51.44417239,7.48586006,275.27,17.33,0.00,22.25,0,-112.00,-7.00,0.00,0.00,14.00,0.00,0,288
216.42,1544765288,3123.55,51.44417239,7.48586006,275.27,17.33,0.00,22.25,0,-119.00,-14.00,0.00,0.00,14.00,0.00,0,339
216.42,1544765288,3123.55,51.44417239,7.48586006,275.27,17.33,0.00,22.25,0,0.00,0.00,0.00,0.00,63.00,0.00,0,272
217.42,1544765289,3140.86,51.44430617,7.48595671,274.88,15.81,0.00,24.09,0,-112.00,-7.00,0.00,0.00,14.00,0.00,0,288
217.42,1544765289,3140.88,51.44430617,7.48595671,274.88,15.81,0.00,24.09,0,-119.00,-14.00,0.00,0.00,14.00,0.00,0,339
217.42,1544765289,3140.90,51.44430617,7.48595671,274.88,15.81,0.00,24.09,0,0.00,0.00,0.00,0.00,63.00,0.00,0,272
221.42,1544765293,3199.69,51.44467672,7.48652052,272.68,12.83,0.00,68.48,0,-107.00,-19.00,0.00,0.00,33.00,0.00,0,26
221.42,1544765293,3199.70,51.44467672,7.48652052,272.68,12.83,0.00,68.48,0,-108.00,-18.00,0.00,0.00,31.00,0.00,0,440
222.42,1544765294,3212.51,51.44469925,7.48671742,272.08,12.73,0.00,84.42,0,-107.00,-19.00,0.00,0.00,33.00,0.00,0,26
222.42,1544765294,3212.51,51.44469925,7.48671742,272.08,12.73,0.00,84.42,0,-108.00,-18.00,0.00,0.00,31.00,0.00,0,440
223.42,1544765295,3225.27,51.44468971,7.48690446,271.72,13.22,0.00,99.16,0,-115.00,-19.00,0.00,0.00,23.00,0.00,0,179
223.42,1544765295,3225.28,51.44468971,7.48690446,271.72,13.22,0.00,99.16,0,-115.00,-20.00,0.00,0.00,24.00,0.00,0,228
223.42,1544765295,3225.30,51.44468971,7.48690446,271.72,13.22,0.00,99.16,0,-115.00,-18.00,0.00,0.00,23.00,0.00,0,440
223.42,1544765295,3225.30,51.44468971,7.48690446,271.72,13.22,0.00,99.16,0,-117.00,-18.00,0.00,0.00,22.00,0.00,0,26
223.42,1544765295,3225.31,51.44468971,7.48690446,271.72,13.22,0.00,99.16,0,-114.00,-9.00,0.00,0.00,13.00,0.00,0,288
224.42,1544765296,3238.49,51.44465023,7.48707300,271.25,13.75,0.00,114.32,0,-115.00,-19.00,0.00,0.00,23.00,0.00,0,179
224.42,1544765296,3238.51,51.44465023,7.48707300,271.25,13.75,0.00,114.32,0,-115.00,-20.00,0.00,0.00,24.00,0.00,0,228
224.42,1544765296,3238.52,51.44465023,7.48707300,271.25,13.75,0.00,114.32,0,-115.00,-18.00,0.00,0.00,23.00,0.00,0,440
224.42,1544765296,3238.54,51.44465023,7.48707300,271.25,13.75,0.00,114.32,0,-117.00,-18.00,0.00,0.00,22.00,0.00,0,26
224.42,1544765296,3238.54,51.44465023,7.48707300,271.25,13.75,0.00,114.32,0,-114.00,-9.00,0.00,0.00,13.00,0.00,0,288
225.42,1544765297,3252.26,51.44457505,7.48723672,270.88,13.97,0.00,130.69,0,-114.00,-13.00,0.00,0.00,18.00,0.00,0,440
225.42,1544765297,3252.27,51.44457505,7.48723672,270.88,13.97,0.00,130.69,0,-117.00,-17.00,0.00,0.00,18.00,0.00,0,26
225.42,1544765297,3252.27,51.44457505,7.48723672,270.88,13.97,0.00,130.69,0,-129.00,-17.00,0.00,0.00,7.00,0.00,0,464
225.42,1544765297,3252.29,51.44457505,7.48723672,270.88,13.97,0.00,130.69,0,-115.00,-9.00,0.00,0.00,13.00,0.00,0,288
225.42,1544765297,3252.30,51.44457505,7.48723672,270.88,13.97,0.00,130.69,0,0.00,0.00,0.00,0.00,63.00,0.00,0,272
225.42,1544765297,3252.32,51.44457505,7.48723672,270.88,13.97,0.00,130.69,0,0.00,0.00,0.00,0.00,63.00,0.00,0,76
226.42,1544765298,3266.22,51.44450155,7.48737652,270.21,13.73,0.00,134.43,0,-114.00,-13.00,0.00,0.00,18.00,0.00,0,440
226.42,1544765298,3266.22,51.44450155,7.48737652,270.21,13.73,0.00,134.43,0,-117.00,-17.00,0.00,0.00,18.00,0.00,0,26
226.42,1544765298,3266.24,51.44450155,7.48737652,270.21,13.73,0.00,134.43,0,-129.00,-17.00,0.00,0.00,7.00,0.00,0,464
226.42,1544765298,3266.25,51.44450155,7.48737652,270.21,13.73,0.00,134.43,0,-115.00,-9.00,0.00,0.00,13.00,0.00,0,288
226.42,1544765298,3266.25,51.44450155,7.48737652,270.21,13.73,0.00,134.43,0,0.00,0.00,0.00,0.00,63.00,0.00,0,272
226.42,1544765298,3266.27,51.44450155,7.48737652,270.21,13.73,0.00,134.43,0,0.00,0.00,0.00,0.00,63.00,0.00,0,76
227.42,1544765299,3279.91,51.44439331,7.48747256,269.79,13.99,0.00,157.52,0,-127.00,-16.00,0.00,0.00,9.00,0.00,0,323
227.42,1544765299,3279.92,51.44439331,7.48747256,269.79,13.99,0.00,157.52,0,0.00,0.00,0.00,0.00,63.00,0.00,0,272
228.42,1544765300,3293.91,51.44427823,7.48751495,269.54,13.82,0.00,172.48,0,-127.00,-16.00,0.00,0.00,9.00,0.00,0,323
228.42,1544765300,3293.91,51.44427823,7.48751495,269.54,13.82,0.00,172.48,0,0.00,0.00,0.00,0.00,63.00,0.00,0,272
229.42,1544765301,3307.76,51.44415202,7.48750298,269.09,14.06,0.00,187.65,0,-131.00,-18.00,0.00,0.00,6.00,0.00,0,125
229.42,1544765301,3307.77,51.44415202,7.48750298,269.09,14.06,0.00,187.65,0,-123.00,-13.00,0.00,0.00,10.00,0.00,0,288
229.42,1544765301,3307.78,51.44415202,7.48750298,269.09,14.06,0.00,187.65,0,-126.00,-16.00,0.00,0.00,10.00,0.00,0,323
229.42,1544765301,3307.78,51.44415202,7.48750298,269.09,14.06,0.00,187.65,0,0.00,0.00,0.00,0.00,63.00,0.00,0,272
229.42,1544765301,3307.80,51.44415202,7.48750298,269.09,14.06,0.00,187.65,0,-225.00,-225.00,0.00,0.00,63.00,0.00,0,76
230.42,1544765302,3321.81,51.44404259,7.48744776,268.56,13.59,0.00,202.09,0,-131.00,-18.00,0.00,0.00,6.00,0.00,0,125
230.42,1544765302,3321.82,51.44404259,7.48744776,268.56,13.59,0.00,202.09,0,-123.00,-13.00,0.00,0.00,10.00,0.00,0,288
230.42,1544765302,3321.84,51.44404259,7.48744776,268.56,13.59,0.00,202.09,0,-126.00,-16.00,0.00,0.00,10.00,0.00,0,323
230.42,1544765302,3321.84,51.44404259,7.48744776,268.56,13.59,0.00,202.09,0,0.00,0.00,0.00,0.00,63.00,0.00,0,272
230.42,1544765302,3321.85,51.44404259,7.48744776,268.56,13.59,0.00,202.09,0,-225.00,-225.00,0.00,0.00,63.00,0.00,0,76
231.42,1544765303,3335.39,51.44393358,7.48734630,267.76,13.27,0.00,216.65,0,-123.00,-12.00,0.00,0.00,9.00,0.00,0,288
231.42,1544765303,3335.40,51.44393358,7.48734630,267.76,13.27,0.00,216.65,0,-126.00,-16.00,0.00,0.00,10.00,0.00,0,323
231.42,1544765303,3335.40,51.44393358,7.48734630,267.76,13.27,0.00,216.65,0,-127.00,-17.00,0.00,0.00,10.00,0.00,0,258
231.42,1544765303,3335.41,51.44393358,7.48734630,267.76,13.27,0.00,216.65,0,0.00,0.00,0.00,0.00,63.00,0.00,0,272
232.42,1544765304,3348.66,51.44385773,7.48720237,267.44,13.67,0.00,234.01,0,-123.00,-12.00,0.00,0.00,9.00,0.00,0,288
232.42,1544765304,3348.66,51.44385773,7.48720237,267.44,13.67,0.00,234.01,0,-126.00,-16.00,0.00,0.00,10.00,0.00,0,323
232.42,1544765304,3348.67,51.44385773,7.48720237,267.44,13.67,0.00,234.01,0,-127.00,-17.00,0.00,0.00,10.00,0.00,0,258
232.42,1544765304,3348.69,51.44385773,7.48720237,267.44,13.67,0.00,234.01,0,0.00,0.00,0.00,0.00,63.00,0.00,0,272
233.42,1544765305,3362.33,51.44380795,7.48702417,267.04,14.19,0.00,249.19,0,-122.00,-12.00,0.00,0.00,10.00,0.00,0,288
233.42,1544765305,3362.34,51.44380795,7.48702417,267.04,14.19,0.00,249.19,0,-126.00,-17.00,0.00,0.00,10.00,0.00,0,36
233.42,1544765305,3362.36,51.44380795,7.48702417,267.04,14.19,0.00,249.19,0,-126.00,-16.00,0.00,0.00,10.00,0.00,0,258
233.42,1544765305,3362.36,51.44380795,7.48702417,267.04,14.19,0.00,249.19,0,0.00,0.00,0.00,0.00,63.00,0.00,0,272
234.42,1544765306,3376.50,51.44378195,7.48682445,266.64,14.56,0.00,262.66,0,-122.00,-12.00,0.00,0.00,10.00,0.00,0,288
234.42,1544765306,3376.52,51.44378195,7.48682445,266.64,14.56,0.00,262.66,0,-126.00,-17.00,0.00,0.00,10.00,0.00,0,36
234.42,1544765306,3376.52,51.44378195,7.48682445,266.64,14.56,0.00,262.66,0,-126.00,-16.00,0.00,0.00,10.00,0.00,0,258
234.42,1544765306,3376.53,51.44378195,7.48682445,266.64,14.56,0.00,262.66,0,0.00,0.00,0.00,0.00,63.00,0.00,0,272
235.42,1544765307,3391.07,51.44376215,7.48659497,266.53,15.26,0.00,264.77,0,-121.00,-10.00,0.00,0.00,9.00,0.00,0,288
235.42,1544765307,3391.08,51.44376215,7.48659497,266.53,15.26,0.00,264.77,0,-125.00,-16.00,0.00,0.00,10.00,0.00,0,291
235.42,1544765307,3391.10,51.44376215,7.48659497,266.53,15.26,0.00,264.77,0,-126.00,-16.00,0.00,0.00,9.00,0.00,0,447
235.42,1544765307,3391.11,51.44376215,7.48659497,266.53,15.26,0.00,264.77,0,0.00,0.00,0.00,0.00,63.00,0.00,0,272
236.42,1544765308,3406.35,51.44374893,7.48635376,266.74,16.08,0.00,266.21,0,-121.00,-10.00,0.00,0.00,9.00,0.00,0,288
236.42,1544765308,3406.35,51.44374893,7.48635376,266.74,16.08,0.00,266.21,0,-125.00,-16.00,0.00,0.00,10.00,0.00,0,291
236.42,1544765308,3406.36,51.44374893,7.48635376,266.74,16.08,0.00,266.21,0,-126.00,-16.00,0.00,0.00,9.00,0.00,0,447
236.42,1544765308,3406.36,51.44374893,7.48635376,266.74,16.08,0.00,266.21,0,0.00,0.00,0.00,0.00,63.00,0.00,0,272
237.42,1544765309,3422.41,51.44373694,7.48610489,267.08,17.05,0.00,267.16,0,-118.00,-9.00,0.00,0.00,11.00,0.00,0,288
237.42,1544765309,3422.42,51.44373694,7.48610489,267.08,17.05,0.00,267.16,0,-124.00,-16.00,0.00,0.00,11.00,0.00,0,447
237.42,1544765309,3422.44,51.44373694,7.48610489,267.08,17.05,0.00,267.16,0,-124.00,-15.00,0.00,0.00,11.00,0.00,0,291
237.42,1544765309,3422.46,51.44373694,7.48610489,267.08,17.05,0.00,267.16,0,0.00,0.00,0.00,0.00,63.00,0.00,0,272
238.42,1544765310,3439.46,51.44372776,7.48585423,267.56,18.02,0.00,267.62,0,-118.00,-9.00,0.00,0.00,11.00,0.00,0,288
238.42,1544765310,3439.48,51.44372776,7.48585423,267.56,18.02,0.00,267.62,0,-124.00,-16.00,0.00,0.00,11.00,0.00,0,447
238.42,1544765310,3439.50,51.44372776,7.48585423,267.56,18.02,0.00,267.62,0,-124.00,-15.00,0.00,0.00,11.00,0.00,0,291
238.42,1544765310,3439.50,51.44372776,7.48585423,267.56,18.02,0.00,267.62,0,0.00,0.00,0.00,0.00,63.00,0.00,0,272
239.43,1544765311,3457.62,51.44372081,7.48559033,268.26,18.64,0.00,267.48,0,-122.00,-10.00,0.00,0.00,9.00,0.00,0,288
239.43,1544765311,3457.64,51.44372081,7.48559033,268.26,18.64,0.00,267.48,0,-126.00,-15.00,0.00,0.00,9.00,0.00,0,291
239.43,1544765311,3457.66,51.44372081,7.48559033,268.26,18.64,0.00,267.48,0,-126.00,-16.00,0.00,0.00,9.00,0.00,0,447
239.43,1544765311,3457.68,51.44372081,7.48559033,268.26,18.64,0.00,267.48,0,0.00,0.00,0.00,0.00,63.00,0.00,0,272
240.42,1544765312,3476.12,51.44371159,7.48531377,269.22,19.20,0.00,266.49,0,-122.00,-10.00,0.00,0.00,9.00,0.00,0,288
240.42,1544765312,3476.13,51.44371159,7.48531377,269.22,19.20,0.00,266.49,0,-126.00,-15.00,0.00,0.00,9.00,0.00,0,291
240.42,1544765312,3476.13,51.44371159,7.48531377,269.22,19.20,0.00,266.49,0,-126.00,-16.00,0.00,0.00,9.00,0.00,0,447
240.42,1544765312,3476.15,51.44371159,7.48531377,269.22,19.20,0.00,266.49,0,0.00,0.00,0.00,0.00,63.00,0.00,0,272
241.42,1544765313,3495.32,51.44370385,7.48503998,271.13,19.05,0.00,266.97,0,-122.00,-10.00,0.00,0.00,9.00,0.00,0,288
241.42,1544765313,3495.34,51.44370385,7.48503998,271.13,19.05,0.00,266.97,0,-126.00,-15.00,0.00,0.00,9.00,0.00,0,291
241.42,1544765313,3495.35,51.44370385,7.48503998,271.13,19.05,0.00,266.97,0,-126.00,-16.00,0.00,0.00,9.00,0.00,0,447
241.42,1544765313,3495.35,51.44370385,7.48503998,271.13,19.05,0.00,266.97,0,0.00,0.00,0.00,0.00,63.00,0.00,0,272
450.42,1544765522,10162.22,51.46626049,7.40879187,156.25,33.67,0.00,307.01,0,-108.00,-8.00,0.00,0.00,20.00,0.00,0,57
451.42,1544765523,10195.98,51.46644833,7.40840303,156.59,34.23,0.00,307.93,0,-108.00,-8.00,0.00,0.00,20.00,0.00,0,57
452.42,1544765524,10230.11,51.46663889,7.40800506,156.82,34.63,0.00,308.53,0,-112.00,-10.00,0.00,0.00,17.00,0.00,0,336
452.42,1544765524,10230.11,51.46663889,7.40800506,156.82,34.63,0.00,308.53,0,-118.00,-13.00,0.00,0.00,15.00,0.00,0,433
453.42,1544765525,10264.74,51.46683008,7.40760603,156.96,35.02,0.00,308.87,0,-112.00,-10.00,0.00,0.00,17.00,0.00,0,336
453.42,1544765525,10264.78,51.46683008,7.40760603,156.96,35.02,0.00,308.87,0,-118.00,-13.00,0.00,0.00,15.00,0.00,0,433
456.42,1544765528,10370.02,51.46743010,7.40643619,157.26,35.02,0.00,310.13,0,-108.00,-11.00,0.00,0.00,21.00,0.00,0,447
456.42,1544765528,10370.05,51.46743010,7.40643619,157.26,35.02,0.00,310.13,0,-108.00,-11.00,0.00,0.00,20.00,0.00,0,433
457.42,1544765529,10405.11,51.46763484,7.40605354,157.32,34.83,0.00,310.47,0,-108.00,-11.00,0.00,0.00,21.00,0.00,0,447
457.42,1544765529,10405.11,51.46763484,7.40605354,157.32,34.83,0.00,310.47,0,-108.00,-11.00,0.00,0.00,20.00,0.00,0,433
458.42,1544765530,10439.87,51.46784021,7.40567132,157.43,34.78,0.00,310.95,0,-100.00,-5.00,0.00,0.00,25.00,0.00,0,433
459.42,1544765531,10474.61,51.46805082,7.40529569,157.67,34.79,0.00,311.59,0,-100.00,-5.00,0.00,0.00,25.00,0.00,0,433
462.42,1544765534,10578.84,51.46869037,7.40418893,158.68,34.61,0.00,313.59,0,-88.00,-10.00,0.00,0.00,41.00,0.00,0,205
462.42,1544765534,10578.84,51.46869037,7.40418893,158.68,34.61,0.00,313.59,0,-113.00,-9.00,0.00,0.00,16.00,0.00,0,433
462.42,1544765534,10578.87,51.46869037,7.40418893,158.68,34.61,0.00,313.59,0,-115.00,-12.00,0.00,0.00,16.00,0.00,0,336
463.42,1544765535,10613.45,51.46890348,7.40382520,159.20,34.63,0.00,313.67,0,-88.00,-10.00,0.00,0.00,41.00,0.00,0,205
463.42,1544765535,10613.45,51.46890348,7.40382520,159.20,34.63,0.00,313.67,0,-113.00,-9.00,0.00,0.00,16.00,0.00,0,433
463.42,1544765535,10613.48,51.46890348,7.40382520,159.20,34.63,0.00,313.67,0,-115.00,-12.00,0.00,0.00,16.00,0.00,0,336
464.42,1544765536,10648.08,51.46911729,7.40346132,159.80,34.33,0.00,313.93,0,-89.00,-9.00,0.00,0.00,40.00,0.00,0,205
464.42,1544765536,10648.11,51.46911729,7.40346132,159.80,34.33,0.00,313.93,0,-113.00,-8.00,0.00,0.00,14.00,0.00,0,433
464.42,1544765536,10648.15,51.46911729,7.40346132,159.80,34.33,0.00,313.93,0,-119.00,-15.00,0.00,0.00,16.00,0.00,0,57
465.42,1544765537,10682.41,51.46932715,7.40310285,160.75,34.53,0.00,313.70,0,-89.00,-9.00,0.00,0.00,40.00,0.00,0,205
465.42,1544765537,10682.45,51.46932715,7.40310285,160.75,34.53,0.00,313.70,0,-113.00,-8.00,0.00,0.00,14.00,0.00,0,433
465.42,1544765537,10682.48,51.46932715,7.40310285,160.75,34.53,0.00,313.70,0,-119.00,-15.00,0.00,0.00,16.00,0.00,0,57
466.42,1544765538,10716.94,51.46954585,7.40274075,161.45,34.18,0.00,314.17,0,-92.00,-10.00,0.00,0.00,38.00,0.00,0,112
466.42,1544765538,10716.97,51.46954585,7.40274075,161.45,34.18,0.00,314.17,0,-114.00,-10.00,0.00,0.00,17.00,0.00,0,289
466.42,1544765538,10717.01,51.46954585,7.40274075,161.45,34.18,0.00,314.17,0,-115.00,-13.00,0.00,0.00,16.00,0.00,0,345
467.42,1544765539,10751.12,51.46976822,7.40237218,162.14,34.01,0.00,314.73,0,-92.00,-10.00,0.00,0.00,38.00,0.00,0,112
467.42,1544765539,10751.12,51.46976822,7.40237218,162.14,34.01,0.00,314.73,0,-114.00,-10.00,0.00,0.00,17.00,0.00,0,289
467.42,1544765539,10751.16,51.46976822,7.40237218,162.14,34.01,0.00,314.73,0,-115.00,-13.00,0.00,0.00,16.00,0.00,0,345
468.43,1544765540,10785.44,51.46998386,7.40201176,162.71,33.92,0.00,315.00,0,-109.00,-10.00,0.00,0.00,20.00,0.00,0,289
468.43,1544765540,10785.47,51.46998386,7.40201176,162.71,33.92,0.00,315.00,0,-114.00,-13.00,0.00,0.00,20.00,0.00,0,345
469.42,1544765541,10819.03,51.47019891,7.40166788,163.28,33.79,0.00,315.23,0,-109.00,-10.00,0.00,0.00,20.00,0.00,0,289
469.42,1544765541,10819.06,51.47019891,7.40166788,163.28,33.79,0.00,315.23,0,-114.00,-13.00,0.00,0.00,20.00,0.00,0,345
470.42,1544765542,10852.85,51.47041804,7.40132316,163.97,33.71,0.00,315.39,0,-109.00,-10.00,0.00,0.00,20.00,0.00,0,289
470.42,1544765542,10852.85,51.47041804,7.40132316,163.97,33.71,0.00,315.39,0,-114.00,-13.00,0.00,0.00,20.00,0.00,0,345
471.42,1544765543,10886.66,51.47063189,7.40098218,164.68,33.64,0.00,315.94,0,-117.00,-12.00,0.00,0.00,15.00,0.00,0,289
471.42,1544765543,10886.72,51.47063189,7.40098218,164.68,33.64,0.00,315.94,0,-120.00,-15.00,0.00,0.00,13.00,0.00,0,356
472.41,1544765544,10920.03,51.47085139,7.40064674,165.33,33.61,0.00,316.59,0,-117.00,-12.00,0.00,0.00,15.00,0.00,0,289
472.41,1544765544,10920.03,51.47085139,7.40064674,165.33,33.61,0.00,316.59,0,-120.00,-15.00,0.00,0.00,13.00,0.00,0,356
473.41,1544765545,10953.67,51.47107272,7.40031164,166.05,33.54,0.00,317.12,0,-95.00,-19.00,0.00,0.00,46.00,0.00,0,210
473.41,1544765545,10953.67,51.47107272,7.40031164,166.05,33.54,0.00,317.12,0,-121.00,-18.00,0.00,0.00,16.00,0.00,0,356
473.41,1544765545,10953.67,51.47107272,7.40031164,166.05,33.54,0.00,317.12,0,-123.00,-17.00,0.00,0.00,16.00,0.00,0,289
474.42,1544765546,10987.35,51.47129300,7.39997778,166.93,33.51,0.00,317.31,0,-95.00,-19.00,0.00,0.00,46.00,0.00,0,210
474.42,1544765546,10987.38,51.47129300,7.39997778,166.93,33.51,0.00,317.31,0,-121.00,-18.00,0.00,0.00,16.00,0.00,0,356
474.42,1544765546,10987.41,51.47129300,7.39997778,166.93,33.51,0.00,317.31,0,-123.00,-17.00,0.00,0.00,16.00,0.00,0,289
475.42,1544765547,11020.82,51.47151514,7.39964388,167.68,33.57,0.00,317.57,0,-118.00,-14.00,0.00,0.00,15.00,0.00,0,356
476.42,1544765548,11054.40,51.47174086,7.39932111,168.50,33.65,0.00,317.94,0,-118.00,-14.00,0.00,0.00,15.00,0.00,0,356
477.42,1544765549,11088.01,51.47196694,7.39899800,169.11,33.71,0.00,318.41,0,-113.00,-10.00,0.00,0.00,16.00,0.00,0,356
478.42,1544765550,11121.75,51.47218945,7.39867916,169.66,33.73,0.00,318.37,0,-113.00,-10.00,0.00,0.00,16.00,0.00,0,356
479.42,1544765551,11155.48,51.47241965,7.39836276,170.20,33.81,0.00,319.30,0,-107.00,-12.00,0.00,0.00,24.00,0.00,0,356
480.42,1544765552,11189.26,51.47265007,7.39804795,170.68,33.80,0.00,319.75,0,-107.00,-12.00,0.00,0.00,24.00,0.00,0,356
483.41,1544765555,11287.95,51.47331973,7.39715580,171.68,31.22,0.00,320.62,0,-108.00,-13.00,0.00,0.00,23.00,0.00,0,356
484.41,1544765556,11319.17,51.47353556,7.39687069,172.05,30.68,0.00,321.02,0,-108.00,-13.00,0.00,0.00,23.00,0.00,0,356
485.42,1544765557,11349.97,51.47375040,7.39659277,172.54,30.50,0.00,321.60,0,-111.00,-13.00,0.00,0.00,20.00,0.00,0,356
486.42,1544765558,11380.47,51.47397077,7.39632223,173.07,30.65,0.00,322.05,0,-111.00,-13.00,0.00,0.00,20.00,0.00,0,356
521.41,1544765593,12130.18,51.47994705,7.39348177,185.56,10.87,0.00,336.94,0,-101.00,-12.00,0.00,0.00,31.00,0.00,0,198
522.41,1544765594,12141.03,51.48003807,7.39341976,185.61,9.99,0.00,339.13,0,-101.00,-12.00,0.00,0.00,31.00,0.00,0,198
523.42,1544765595,12151.08,51.48012590,7.39340345,185.65,8.71,0.00,358.30,0,-91.00,-13.00,0.00,0.00,38.00,0.00,0,206
523.42,1544765595,12151.08,51.48012590,7.39340345,185.65,8.71,0.00,358.30,0,-93.00,-12.00,0.00,0.00,39.00,0.00,0,198
524.42,1544765596,12159.79,51.48019823,7.39341986,185.54,8.31,0.00,13.30,0,-91.00,-13.00,0.00,0.00,38.00,0.00,0,206
524.42,1544765596,12159.80,51.48019823,7.39341986,185.54,8.31,0.00,13.30,0,-93.00,-12.00,0.00,0.00,39.00,0.00,0,198
525.42,1544765597,12168.10,51.48026822,7.39347895,185.58,8.91,0.00,30.61,0,-96.00,-11.00,0.00,0.00,35.00,0.00,0,206
525.42,1544765597,12168.11,51.48026822,7.39347895,185.58,8.91,0.00,30.61,0,-97.00,-11.00,0.00,0.00,34.00,0.00,0,198
526.42,1544765598,12177.01,51.48032314,7.39356615,185.83,9.69,0.00,44.63,0,-96.00,-11.00,0.00,0.00,35.00,0.00,0,206
526.42,1544765598,12177.02,51.48032314,7.39356615,185.83,9.69,0.00,44.63,0,-97.00,-11.00,0.00,0.00,34.00,0.00,0,198
529.42,1544765601,12208.26,51.48045734,7.39396355,187.03,12.22,0.00,59.18,0,-98.00,-11.00,0.00,0.00,32.00,0.00,0,198
529.42,1544765601,12208.27,51.48045734,7.39396355,187.03,12.22,0.00,59.18,0,-99.00,-13.00,0.00,0.00,33.00,0.00,0,206
530.42,1544765602,12220.49,51.48051244,7.39412215,187.77,13.52,0.00,58.57,0,-98.00,-11.00,0.00,0.00,32.00,0.00,0,198
530.42,1544765602,12220.49,51.48051244,7.39412215,187.77,13.52,0.00,58.57,0,-99.00,-13.00,0.00,0.00,33.00,0.00,0,206
531.42,1544765603,12234.04,51.48057586,7.39429368,188.52,14.79,0.00,57.97,0,-91.00,-10.00,0.00,0.00,38.00,0.00,0,198
531.42,1544765603,12234.04,51.48057586,7.39429368,188.52,14.79,0.00,57.97,0,-96.00,-15.00,0.00,0.00,38.00,0.00,0,200
532.41,1544765604,12248.70,51.48064640,7.39447969,189.27,15.97,0.00,57.22,0,-91.00,-10.00,0.00,0.00,38.00,0.00,0,198
532.41,1544765604,12248.70,51.48064640,7.39447969,189.27,15.97,0.00,57.22,0,-96.00,-15.00,0.00,0.00,38.00,0.00,0,200
533.41,1544765605,12264.69,51.48071878,7.39467387,189.92,17.08,0.00,57.66,0,-99.00,-12.00,0.00,0.00,33.00,0.00,0,198
533.41,1544765605,12264.69,51.48071878,7.39467387,189.92,17.08,0.00,57.66,0,-102.00,-16.00,0.00,0.00,34.00,0.00,0,45
534.42,1544765606,12281.87,51.48079951,7.39488714,190.64,17.55,0.00,58.28,0,-99.00,-12.00,0.00,0.00,33.00,0.00,0,198
534.42,1544765606,12281.89,51.48079951,7.39488714,190.64,17.55,0.00,58.28,0,-102.00,-16.00,0.00,0.00,34.00,0.00,0,45
535.43,1544765607,12299.53,51.48087805,7.39509825,191.17,17.66,0.00,58.78,0,-91.00,-9.00,0.00,0.00,36.00,0.00,0,198
535.43,1544765607,12299.54,51.48087805,7.39509825,191.17,17.66,0.00,58.78,0,-94.00,-11.00,0.00,0.00,36.00,0.00,0,200
536.42,1544765608,12317.08,51.48095753,7.39532210,191.40,17.64,0.00,59.68,0,-91.00,-9.00,0.00,0.00,36.00,0.00,0,198
536.42,1544765608,12317.10,51.48095753,7.39532210,191.40,17.64,0.00,59.68,0,-94.00,-11.00,0.00,0.00,36.00,0.00,0,200
537.42,1544765609,12334.68,51.48103889,7.39554450,191.39,17.60,0.00,59.74,0,-91.00,-9.00,0.00,0.00,36.00,0.00,0,198
537.42,1544765609,12334.68,51.48103889,7.39554450,191.39,17.60,0.00,59.74,0,-94.00,-11.00,0.00,0.00,36.00,0.00,0,200
538.42,1544765610,12352.30,51.48112319,7.39577637,191.23,17.61,0.00,60.08,0,-94.00,-9.00,0.00,0.00,34.00,0.00,0,198
538.42,1544765610,12352.31,51.48112319,7.39577637,191.23,17.61,0.00,60.08,0,-98.00,-12.00,0.00,0.00,34.00,0.00,0,200
538.42,1544765610,12352.33,51.48112319,7.39577637,191.23,17.61,0.00,60.08,0,-79.00,-9.00,0.00,0.00,50.00,0.00,0,356
539.42,1544765611,12369.91,51.48120193,7.39599881,190.85,17.57,0.00,60.09,0,-94.00,-9.00,0.00,0.00,34.00,0.00,0,198
539.42,1544765611,12369.93,51.48120193,7.39599881,190.85,17.57,0.00,60.09,0,-98.00,-12.00,0.00,0.00,34.00,0.00,0,200
539.42,1544765611,12369.94,51.48120193,7.39599881,190.85,17.57,0.00,60.09,0,-79.00,-9.00,0.00,0.00,50.00,0.00,0,356
540.42,1544765612,12387.48,51.48128739,7.39623340,190.42,17.56,0.00,59.95,0,-89.00,-8.00,0.00,0.00,38.00,0.00,0,198
540.42,1544765612,12387.49,51.48128739,7.39623340,190.42,17.56,0.00,59.95,0,-91.00,-11.00,0.00,0.00,38.00,0.00,0,200
540.42,1544765612,12387.51,51.48128739,7.39623340,190.42,17.56,0.00,59.95,0,-76.00,-8.00,0.00,0.00,54.00,0.00,0,356
541.43,1544765613,12405.19,51.48136854,7.39645570,189.83,17.45,0.00,60.06,0,-89.00,-8.00,0.00,0.00,38.00,0.00,0,198
541.43,1544765613,12405.21,51.48136854,7.39645570,189.83,17.45,0.00,60.06,0,-91.00,-11.00,0.00,0.00,38.00,0.00,0,200
541.43,1544765613,12405.21,51.48136854,7.39645570,189.83,17.45,0.00,60.06,0,-76.00,-8.00,0.00,0.00,54.00,0.00,0,356
542.42,1544765614,12422.46,51.48144499,7.39666457,189.55,17.20,0.00,59.64,0,-99.00,-15.00,0.00,0.00,35.00,0.00,0,198
542.42,1544765614,12422.46,51.48144499,7.39666457,189.55,17.20,0.00,59.64,0,-101.00,-18.00,0.00,0.00,35.00,0.00,0,200
542.42,1544765614,12422.46,51.48144499,7.39666457,189.55,17.20,0.00,59.64,0,-103.00,-17.00,0.00,0.00,35.00,0.00,0,3
542.42,1544765614,12422.48,51.48144499,7.39666457,189.55,17.20,0.00,59.64,0,-104.00,-20.00,0.00,0.00,36.00,0.00,0,24
542.42,1544765614,12422.48,51.48144499,7.39666457,189.55,17.20,0.00,59.64,0,-82.00,-8.00,0.00,0.00,45.00,0.00,0,356
543.42,1544765615,12439.63,51.48151343,7.39685189,189.69,16.91,0.00,58.97,0,-99.00,-15.00,0.00,0.00,35.00,0.00,0,198
543.42,1544765615,12439.65,51.48151343,7.39685189,189.69,16.91,0.00,58.97,0,-101.00,-18.00,0.00,0.00,35.00,0.00,0,200
543.42,1544765615,12439.65,51.48151343,7.39685189,189.69,16.91,0.00,58.97,0,-103.00,-17.00,0.00,0.00,35.00,0.00,0,3
543.42,1544765615,12439.65,51.48151343,7.39685189,189.69,16.91,0.00,58.97,0,-104.00,-20.00,0.00,0.00,36.00,0.00,0,24
543.42,1544765615,12439.66,51.48151343,7.39685189,189.69,16.91,0.00,58.97,0,-82.00,-8.00,0.00,0.00,45.00,0.00,0,356
544.42,1544765616,12456.64,51.48159438,7.39705938,190.01,16.49,0.00,58.14,0,-104.00,-16.00,0.00,0.00,31.00,0.00,0,3
544.42,1544765616,12456.64,51.48159438,7.39705938,190.01,16.49,0.00,58.14,0,-106.00,-17.00,0.00,0.00,31.00,0.00,0,198
544.42,1544765616,12456.67,51.48159438,7.39705938,190.01,16.49,0.00,58.14,0,-107.00,-18.00,0.00,0.00,31.00,0.00,0,200
544.42,1544765616,12456.69,51.48159438,7.39705938,190.01,16.49,0.00,58.14,0,-107.00,-20.00,0.00,0.00,32.00,0.00,0,206
545.42,1544765617,12473.07,51.48167311,7.39725792,190.26,16.09,0.00,57.34,0,-104.00,-16.00,0.00,0.00,31.00,0.00,0,3
545.42,1544765617,12473.09,51.48167311,7.39725792,190.26,16.09,0.00,57.34,0,-106.00,-17.00,0.00,0.00,31.00,0.00,0,198
545.42,1544765617,12473.10,51.48167311,7.39725792,190.26,16.09,0.00,57.34,0,-107.00,-18.00,0.00,0.00,31.00,0.00,0,200
545.42,1544765617,12473.12,51.48167311,7.39725792,190.26,16.09,0.00,57.34,0,-107.00,-20.00,0.00,0.00,32.00,0.00,0,206
546.42,1544765618,12489.17,51.48175775,7.39745846,190.35,15.72,0.00,56.52,0,-101.00,-13.00,0.00,0.00,30.00,0.00,0,198
546.42,1544765618,12489.18,51.48175775,7.39745846,190.35,15.72,0.00,56.52,0,-103.00,-15.00,0.00,0.00,30.00,0.00,0,200
547.42,1544765619,12504.87,51.48183838,7.39763778,190.34,15.33,0.00,55.49,0,-101.00,-13.00,0.00,0.00,30.00,0.00,0,198
547.42,1544765619,12504.88,51.48183838,7.39763778,190.34,15.33,0.00,55.49,0,-103.00,-15.00,0.00,0.00,30.00,0.00,0,200
548.42,1544765620,12520.21,51.48191836,7.39781131,190.31,14.81,0.00,54.41,0,-99.00,-11.00,0.00,0.00,30.00,0.00,0,200
548.42,1544765620,12520.22,51.48191836,7.39781131,190.31,14.81,0.00,54.41,0,-100.00,-12.00,0.00,0.00,30.00,0.00,0,198
548.42,1544765620,12520.22,51.48191836,7.39781131,190.31,14.81,0.00,54.41,0,-105.00,-17.00,0.00,0.00,32.00,0.00,0,206
549.42,1544765621,12535.02,51.48199409,7.39796500,190.45,13.58,0.00,53.04,0,-99.00,-11.00,0.00,0.00,30.00,0.00,0,200
549.42,1544765621,12535.03,51.48199409,7.39796500,190.45,13.58,0.00,53.04,0,-100.00,-12.00,0.00,0.00,30.00,0.00,0,198
549.42,1544765621,12535.04,51.48199409,7.39796500,190.45,13.58,0.00,53.04,0,-105.00,-17.00,0.00,0.00,32.00,0.00,0,206
550.43,1544765622,12548.72,51.48206870,7.39811019,190.32,12.17,0.00,51.59,0,-96.00,-10.00,0.00,0.00,33.00,0.00,0,200
550.43,1544765622,12548.73,51.48206870,7.39811019,190.32,12.17,0.00,51.59,0,-96.00,-10.00,0.00,0.00,33.00,0.00,0,198
551.42,1544765623,12560.76,51.48214129,7.39823902,190.22,10.42,0.00,50.25,0,-96.00,-10.00,0.00,0.00,33.00,0.00,0,200
551.42,1544765623,12560.77,51.48214129,7.39823902,190.22,10.42,0.00,50.25,0,-96.00,-10.00,0.00,0.00,33.00,0.00,0,198
552.41,1544765624,12571.13,51.48220342,7.39834182,190.02,9.03,0.00,48.49,0,-96.00,-11.00,0.00,0.00,43.00,0.00,0,198
552.41,1544765624,12571.14,51.48220342,7.39834182,190.02,9.03,0.00,48.49,0,-98.00,-12.00,0.00,0.00,43.00,0.00,0,205
553.42,1544765625,12580.17,51.48225628,7.39842308,189.86,7.80,0.00,46.67,0,-96.00,-11.00,0.00,0.00,43.00,0.00,0,198
553.42,1544765625,12580.18,51.48225628,7.39842308,189.86,7.80,0.00,46.67,0,-98.00,-12.00,0.00,0.00,43.00,0.00,0,205
554.42,1544765626,12588.00,51.48229761,7.39848385,189.70,5.93,0.00,45.76,0,-97.00,-12.00,0.00,0.00,34.00,0.00,0,198
554.42,1544765626,12588.00,51.48229761,7.39848385,189.70,5.93,0.00,45.76,0,-98.00,-12.00,0.00,0.00,35.00,0.00,0,205
555.42,1544765627,12593.93,51.48232566,7.39852092,189.69,3.84,0.00,44.82,0,-97.00,-12.00,0.00,0.00,34.00,0.00,0,198
555.42,1544765627,12593.93,51.48232566,7.39852092,189.69,3.84,0.00,44.82,0,-98.00,-12.00,0.00,0.00,35.00,0.00,0,205
556.43,1544765628,12597.79,51.48234479,7.39854657,189.68,2.19,0.00,43.54,0,-96.00,-9.00,0.00,0.00,33.00,0.00,0,205
556.43,1544765628,12597.79,51.48234479,7.39854657,189.68,2.19,0.00,43.54,0,-101.00,-13.00,0.00,0.00,32.00,0.00,0,198
556.43,1544765628,12597.80,51.48234479,7.39854657,189.68,2.19,0.00,43.54,0,-102.00,-16.00,0.00,0.00,33.00,0.00,0,206
557.42,1544765629,12599.97,51.48235932,7.39856713,189.64,1.26,0.00,41.23,0,-96.00,-9.00,0.00,0.00,33.00,0.00,0,205
557.42,1544765629,12599.97,51.48235932,7.39856713,189.64,1.26,0.00,41.23,0,-101.00,-13.00,0.00,0.00,32.00,0.00,0,198
557.42,1544765629,12599.97,51.48235932,7.39856713,189.64,1.26,0.00,41.23,0,-102.00,-16.00,0.00,0.00,33.00,0.00,0,206
558.42,1544765630,12601.22,51.48236648,7.39857403,189.59,0.42,0.00,41.23,0,-96.00,-9.00,0.00,0.00,33.00,0.00,0,205
558.42,1544765630,12601.22,51.48236648,7.39857403,189.59,0.42,0.00,41.23,0,-101.00,-13.00,0.00,0.00,32.00,0.00,0,198
558.42,1544765630,12601.22,51.48236648,7.39857403,189.59,0.42,0.00,41.23,0,-102.00,-16.00,0.00,0.00,33.00,0.00,0,206
559.42,1544765631,12601.64,51.48236648,7.39857403,189.59,0.00,0.00,41.23,0,-99.00,-12.00,0.00,0.00,31.00,0.00,0,198
559.42,1544765631,12601.64,51.48236648,7.39857403,189.59,0.00,0.00,41.23,0,-99.00,-11.00,0.00,0.00,31.00,0.00,0,205
560.42,1544765632,12601.64,51.48236648,7.39857403,189.59,0.00,0.00,41.23,0,-99.00,-12.00,0.00,0.00,31.00,0.00,0,198
560.42,1544765632,12601.64,51.48236648,7.39857403,189.59,0.00,0.00,41.23,0,-99.00,-11.00,0.00,0.00,31.00,0.00,0,205
561.41,1544765633,12601.64,51.48236648,7.39857403,189.59,0.00,0.00,41.23,0,-95.00,-9.00,0.00,0.00,33.00,0.00,0,205
561.41,1544765633,12601.64,51.48236648,7.39857403,189.59,0.00,0.00,41.23,0,-100.00,-14.00,0.00,0.00,33.00,0.00,0,198
562.42,1544765634,12601.64,51.48236648,7.39857403,189.60,0.00,0.00,41.23,0,-95.00,-9.00,0.00,0.00,33.00,0.00,0,205
562.42,1544765634,12601.64,51.48236648,7.39857403,189.60,0.00,0.00,41.23,0,-100.00,-14.00,0.00,0.00,33.00,0.00,0,198
563.42,1544765635,12601.64,51.48236648,7.39857403,189.61,0.00,0.00,41.23,0,-95.00,-9.00,0.00,0.00,33.00,0.00,0,205
563.42,1544765635,12601.64,51.48236648,7.39857403,189.61,0.00,0.00,41.23,0,-100.00,-13.00,0.00,0.00,33.00,0.00,0,198
564.42,1544765636,12601.64,51.48236648,7.39857403,189.61,0.00,0.00,41.23,0,-95.00,-9.00,0.00,0.00,33.00,0.00,0,205
564.42,1544765636,12601.64,51.48236648,7.39857403,189.61,0.00,0.00,41.23,0,-100.00,-13.00,0.00,0.00,33.00,0.00,0,198
565.42,1544765637,12601.64,51.48236648,7.39857403,189.62,0.00,0.00,41.23,0,-94.00,-8.00,0.00,0.00,33.00,0.00,0,205
565.42,1544765637,12601.64,51.48236648,7.39857403,189.62,0.00,0.00,41.23,0,-100.00,-14.00,0.00,0.00,32.00,0.00,0,198
566.42,1544765638,12601.64,51.48236648,7.39857403,189.63,0.00,0.00,41.23,0,-94.00,-8.00,0.00,0.00,33.00,0.00,0,205
566.42,1544765638,12601.64,51.48236648,7.39857403,189.63,0.00,0.00,41.23,0,-100.00,-14.00,0.00,0.00,32.00,0.00,0,198
567.42,1544765639,12601.64,51.48236648,7.39857403,189.63,0.00,0.00,41.23,0,-94.00,-9.00,0.00,0.00,34.00,0.00,0,205
568.42,1544765640,12601.64,51.48236648,7.39857403,189.64,0.00,0.00,41.23,0,-94.00,-9.00,0.00,0.00,34.00,0.00,0,205
569.42,1544765641,12601.64,51.48236648,7.39857403,189.65,0.00,0.00,41.23,0,-94.00,-8.00,0.00,0.00,33.00,0.00,0,205
569.42,1544765641,12601.64,51.48236648,7.39857403,189.65,0.00,0.00,41.23,0,-100.00,-13.00,0.00,0.00,33.00,0.00,0,198
570.44,1544765642,12601.64,51.48236648,7.39857403,189.66,0.00,0.00,41.23,0,-94.00,-8.00,0.00,0.00,33.00,0.00,0,205
570.45,1544765642,12601.64,51.48236648,7.39857403,189.66,0.00,0.00,41.23,0,-100.00,-13.00,0.00,0.00,33.00,0.00,0,198
571.41,1544765643,12601.64,51.48236648,7.39857403,189.66,0.00,0.00,41.23,0,-93.00,-8.00,0.00,0.00,33.00,0.00,0,205
571.41,1544765643,12601.64,51.48236648,7.39857403,189.66,0.00,0.00,41.23,0,-100.00,-13.00,0.00,0.00,33.00,0.00,0,198
572.42,1544765644,12601.64,51.48236648,7.39857403,189.67,0.00,0.00,41.23,0,-93.00,-8.00,0.00,0.00,33.00,0.00,0,205
572.42,1544765644,12601.64,51.48236648,7.39857403,189.67,0.00,0.00,41.23,0,-100.00,-13.00,0.00,0.00,33.00,0.00,0,198
573.41,1544765645,12601.64,51.48236648,7.39857403,189.68,0.00,0.00,41.23,0,-96.00,-10.00,0.00,0.00,35.00,0.00,0,205
573.41,1544765645,12601.64,51.48236648,7.39857403,189.68,0.00,0.00,41.23,0,-101.00,-15.00,0.00,0.00,34.00,0.00,0,198
574.42,1544765646,12601.64,51.48236648,7.39857403,189.68,0.00,0.00,41.23,0,-96.00,-10.00,0.00,0.00,35.00,0.00,0,205
574.42,1544765646,12601.64,51.48236648,7.39857403,189.68,0.00,0.00,41.23,0,-101.00,-15.00,0.00,0.00,34.00,0.00,0,198
575.41,1544765647,12601.64,51.48236648,7.39857403,189.68,0.00,0.00,41.23,0,-96.00,-8.00,0.00,0.00,31.00,0.00,0,205
575.41,1544765647,12601.64,51.48236648,7.39857403,189.68,0.00,0.00,41.23,0,-101.00,-13.00,0.00,0.00,31.00,0.00,0,198
575.41,1544765647,12601.64,51.48236648,7.39857403,189.68,0.00,0.00,41.23,0,-103.00,-13.00,0.00,0.00,29.00,0.00,0,38
576.42,1544765648,12601.64,51.48236648,7.39857403,189.69,0.00,0.00,41.23,0,-96.00,-8.00,0.00,0.00,31.00,0.00,0,205
576.42,1544765648,12601.64,51.48236648,7.39857403,189.69,0.00,0.00,41.23,0,-101.00,-13.00,0.00,0.00,31.00,0.00,0,198
576.42,1544765648,12601.64,51.48236648,7.39857403,189.69,0.00,0.00,41.23,0,-103.00,-13.00,0.00,0.00,29.00,0.00,0,38
577.43,1544765649,12601.64,51.48236648,7.39857403,189.71,0.00,0.00,50.51,0,-97.00,-11.00,0.00,0.00,33.00,0.00,0,205
577.43,1544765649,12601.64,51.48236648,7.39857403,189.71,0.00,0.00,50.51,0,-100.00,-14.00,0.00,0.00,34.00,0.00,0,198
577.43,1544765649,12601.64,51.48236648,7.39857403,189.71,0.00,0.00,50.51,0,-104.00,-14.00,0.00,0.00,31.00,0.00,0,36
578.42,1544765650,12601.64,51.48236648,7.39857403,189.99,0.00,0.00,47.83,0,-97.00,-11.00,0.00,0.00,33.00,0.00,0,205
578.42,1544765650,12601.64,51.48236648,7.39857403,189.99,0.00,0.00,47.83,0,-100.00,-14.00,0.00,0.00,34.00,0.00,0,198
578.42,1544765650,12601.64,51.48236648,7.39857403,189.99,0.00,0.00,47.83,0,-104.00,-14.00,0.00,0.00,31.00,0.00,0,36
579.42,1544765651,12601.65,51.48245111,7.39870318,190.30,8.11,0.00,44.79,0,-97.00,-11.00,0.00,0.00,33.00,0.00,0,205
579.42,1544765651,12601.65,51.48245111,7.39870318,190.30,8.11,0.00,44.79,0,-100.00,-14.00,0.00,0.00,34.00,0.00,0,198
579.42,1544765651,12601.66,51.48245111,7.39870318,190.30,8.11,0.00,44.79,0,-104.00,-14.00,0.00,0.00,31.00,0.00,0,36
580.42,1544765652,12609.76,51.48251940,7.39879773,190.45,9.51,0.00,42.58,0,-99.00,-12.00,0.00,0.00,32.00,0.00,0,205
580.42,1544765652,12609.76,51.48251940,7.39879773,190.45,9.51,0.00,42.58,0,-100.00,-14.00,0.00,0.00,32.00,0.00,0,198
580.42,1544765652,12609.77,51.48251940,7.39879773,190.45,9.51,0.00,42.58,0,-101.00,-13.00,0.00,0.00,31.00,0.00,0,36
581.41,1544765653,12619.22,51.48259496,7.39889281,190.47,10.68,0.00,40.44,0,-99.00,-12.00,0.00,0.00,32.00,0.00,0,205
581.41,1544765653,12619.23,51.48259496,7.39889281,190.47,10.68,0.00,40.44,0,-100.00,-14.00,0.00,0.00,32.00,0.00,0,198
581.41,1544765653,12619.23,51.48259496,7.39889281,190.47,10.68,0.00,40.44,0,-101.00,-13.00,0.00,0.00,31.00,0.00,0,36
582.41,1544765654,12629.90,51.48268130,7.39899374,190.44,10.73,0.00,38.69,0,-93.00,-13.00,0.00,0.00,37.00,0.00,0,198
583.42,1544765655,12640.71,51.48276425,7.39908435,190.41,10.88,0.00,37.34,0,-93.00,-13.00,0.00,0.00,37.00,0.00,0,198
584.41,1544765656,12651.51,51.48284958,7.39917157,190.18,12.11,0.00,35.39,0,-98.00,-15.00,0.00,0.00,35.00,0.00,0,198
585.42,1544765657,12663.66,51.48293730,7.39926331,189.90,12.92,0.00,34.51,0,-98.00,-15.00,0.00,0.00,35.00,0.00,0,198
586.42,1544765658,12676.57,51.48303787,7.39935828,189.67,14.09,0.00,34.09,0,-99.00,-14.00,0.00,0.00,36.00,0.00,0,198
587.42,1544765659,12690.68,51.48315139,7.39946582,189.77,15.10,0.00,33.34,0,-99.00,-14.00,0.00,0.00,36.00,0.00,0,198
594.42,1544765666,12803.69,51.48401798,7.40038896,190.88,16.68,0.00,36.64,0,-100.00,-13.00,0.00,0.00,33.00,0.00,0,38
594.42,1544765666,12803.69,51.48401798,7.40038896,190.88,16.68,0.00,36.64,0,-100.00,-13.00,0.00,0.00,33.00,0.00,0,361
595.42,1544765667,12820.35,51.48413917,7.40053617,190.80,16.80,0.00,37.28,0,-100.00,-13.00,0.00,0.00,33.00,0.00,0,38
595.42,1544765667,12820.37,51.48413917,7.40053617,190.80,16.80,0.00,37.28,0,-100.00,-13.00,0.00,0.00,33.00,0.00,0,361
596.42,1544765668,12837.15,51.48425364,7.40068631,190.65,16.54,0.00,38.22,0,-97.00,-9.00,0.00,0.00,32.00,0.00,0,361
597.42,1544765669,12853.67,51.48436494,7.40083171,190.25,16.32,0.00,39.19,0,-97.00,-9.00,0.00,0.00,32.00,0.00,0,361
598.42,1544765670,12870.09,51.48447558,7.40098967,190.00,16.28,0.00,40.08,0,-95.00,-9.00,0.00,0.00,33.00,0.00,0,361
599.42,1544765671,12886.25,51.48458672,7.40115354,189.99,16.19,0.00,40.95,0,-95.00,-9.00,0.00,0.00,33.00,0.00,0,361
600.42,1544765672,12902.41,51.48469580,7.40132647,189.88,16.32,0.00,41.86,0,-95.00,-9.00,0.00,0.00,33.00,0.00,0,361
601.42,1544765673,12918.76,51.48479920,7.40149049,189.72,16.24,0.00,42.72,0,-97.00,-7.00,0.00,0.00,31.00,0.00,0,361
602.42,1544765674,12935.01,51.48490423,7.40165331,189.49,16.12,0.00,42.24,0,-97.00,-7.00,0.00,0.00,31.00,0.00,0,361
603.42,1544765675,12951.12,51.48500746,7.40181253,189.16,16.14,0.00,41.29,0,-99.00,-11.00,0.00,0.00,31.00,0.00,0,361
603.42,1544765675,12951.14,51.48500746,7.40181253,189.16,16.14,0.00,41.29,0,-102.00,-13.00,0.00,0.00,31.00,0.00,0,38
604.42,1544765676,12967.24,51.48511346,7.40197218,188.94,15.87,0.00,42.30,0,-99.00,-11.00,0.00,0.00,31.00,0.00,0,361
604.42,1544765676,12967.26,51.48511346,7.40197218,188.94,15.87,0.00,42.30,0,-102.00,-13.00,0.00,0.00,31.00,0.00,0,38
605.42,1544765677,12983.11,51.48520905,7.40212727,188.71,15.66,0.00,43.86,0,-98.00,-10.00,0.00,0.00,31.00,0.00,0,38
606.42,1544765678,12998.77,51.48529802,7.40227964,188.49,14.97,0.00,45.47,0,-98.00,-10.00,0.00,0.00,31.00,0.00,0,38
613.42,1544765685,13072.42,51.48578155,7.40269565,185.66,8.76,0.00,329.61,0,-101.00,-10.00,0.00,0.00,27.00,0.00,0,361
613.42,1544765685,13072.43,51.48578155,7.40269565,185.66,8.76,0.00,329.61,0,-106.00,-14.00,0.00,0.00,27.00,0.00,0,38
614.42,1544765686,13081.18,51.48584056,7.40263173,185.44,10.21,0.00,326.65,0,-101.00,-10.00,0.00,0.00,27.00,0.00,0,361
614.42,1544765686,13081.19,51.48584056,7.40263173,185.44,10.21,0.00,326.65,0,-106.00,-14.00,0.00,0.00,27.00,0.00,0,38
615.42,1544765687,13091.40,51.48591473,7.40255040,185.46,10.59,0.00,325.40,0,-105.00,-11.00,0.00,0.00,26.00,0.00,0,361
616.42,1544765688,13101.97,51.48599827,7.40245698,185.32,11.41,0.00,324.58,0,-105.00,-11.00,0.00,0.00,26.00,0.00,0,361
617.42,1544765689,13113.39,51.48608179,7.40236053,185.13,11.86,0.00,324.94,0,-99.00,-9.00,0.00,0.00,29.00,0.00,0,361
618.42,1544765690,13125.25,51.48617569,7.40225860,184.87,12.10,0.00,326.77,0,-99.00,-9.00,0.00,0.00,29.00,0.00,0,361
619.43,1544765691,13137.48,51.48626680,7.40216359,184.86,12.37,0.00,328.24,0,-98.00,-11.00,0.00,0.00,32.00,0.00,0,38
619.43,1544765691,13137.48,51.48626680,7.40216359,184.86,12.37,0.00,328.24,0,-98.00,-11.00,0.00,0.00,31.00,0.00,0,361
619.43,1544765691,13137.50,51.48626680,7.40216359,184.86,12.37,0.00,328.24,0,-102.00,-15.00,0.00,0.00,33.00,0.00,0,263
619.43,1544765691,13137.51,51.48626680,7.40216359,184.86,12.37,0.00,328.24,0,-103.00,-16.00,0.00,0.00,33.00,0.00,0,418
620.42,1544765692,13149.76,51.48637159,7.40206853,185.25,12.85,0.00,330.24,0,-98.00,-11.00,0.00,0.00,32.00,0.00,0,38
620.42,1544765692,13149.77,51.48637159,7.40206853,185.25,12.85,0.00,330.24,0,-98.00,-11.00,0.00,0.00,31.00,0.00,0,361
620.42,1544765692,13149.78,51.48637159,7.40206853,185.25,12.85,0.00,330.24,0,-102.00,-15.00,0.00,0.00,33.00,0.00,0,263
620.42,1544765692,13149.79,51.48637159,7.40206853,185.25,12.85,0.00,330.24,0,-103.00,-16.00,0.00,0.00,33.00,0.00,0,418
621.42,1544765693,13162.61,51.48647207,7.40198959,185.71,13.04,0.00,332.75,0,-98.00,-11.00,0.00,0.00,32.00,0.00,0,38
621.42,1544765693,13162.62,51.48647207,7.40198959,185.71,13.04,0.00,332.75,0,-98.00,-11.00,0.00,0.00,31.00,0.00,0,361
621.42,1544765693,13162.63,51.48647207,7.40198959,185.71,13.04,0.00,332.75,0,-102.00,-15.00,0.00,0.00,33.00,0.00,0,263
621.42,1544765693,13162.64,51.48647207,7.40198959,185.71,13.04,0.00,332.75,0,-103.00,-16.00,0.00,0.00,33.00,0.00,0,418
622.42,1544765694,13175.64,51.48657814,7.40191309,185.72,13.09,0.00,335.24,0,-97.00,-11.00,0.00,0.00,32.00,0.00,0,361
622.42,1544765694,13175.66,51.48657814,7.40191309,185.72,13.09,0.00,335.24,0,-101.00,-13.00,0.00,0.00,32.00,0.00,0,38
623.42,1544765695,13188.74,51.48669188,7.40184531,185.58,13.48,0.00,338.06,0,-97.00,-11.00,0.00,0.00,32.00,0.00,0,361
623.42,1544765695,13188.75,51.48669188,7.40184531,185.58,13.48,0.00,338.06,0,-101.00,-13.00,0.00,0.00,32.00,0.00,0,38
624.42,1544765696,13202.21,51.48681120,7.40179039,185.61,13.60,0.00,340.62,0,-98.00,-13.00,0.00,0.00,33.00,0.00,0,361
624.42,1544765696,13202.23,51.48681120,7.40179039,185.61,13.60,0.00,340.62,0,-103.00,-16.00,0.00,0.00,32.00,0.00,0,169
624.42,1544765696,13202.24,51.48681120,7.40179039,185.61,13.60,0.00,340.62,0,-104.00,-19.00,0.00,0.00,34.00,0.00,0,358
625.42,1544765697,13215.78,51.48693538,7.40173989,185.25,13.69,0.00,343.35,0,-98.00,-13.00,0.00,0.00,33.00,0.00,0,361
625.42,1544765697,13215.79,51.48693538,7.40173989,185.25,13.69,0.00,343.35,0,-103.00,-16.00,0.00,0.00,32.00,0.00,0,169
625.42,1544765697,13215.79,51.48693538,7.40173989,185.25,13.69,0.00,343.35,0,-104.00,-19.00,0.00,0.00,34.00,0.00,0,358
626.42,1544765698,13229.49,51.48704950,7.40170795,184.88,13.62,0.00,345.56,0,-104.00,-15.00,0.00,0.00,30.00,0.00,0,361
626.42,1544765698,13229.51,51.48704950,7.40170795,184.88,13.62,0.00,345.56,0,-104.00,-13.00,0.00,0.00,29.00,0.00,0,169
626.42,1544765698,13229.52,51.48704950,7.40170795,184.88,13.62,0.00,345.56,0,-106.00,-18.00,0.00,0.00,30.00,0.00,0,36
626.42,1544765698,13229.52,51.48704950,7.40170795,184.88,13.62,0.00,345.56,0,-107.00,-18.00,0.00,0.00,32.00,0.00,0,358
627.42,1544765699,13243.11,51.48716994,7.40168519,184.27,13.89,0.00,348.60,0,-104.00,-15.00,0.00,0.00,30.00,0.00,0,361
627.42,1544765699,13243.13,51.48716994,7.40168519,184.27,13.89,0.00,348.60,0,-104.00,-13.00,0.00,0.00,29.00,0.00,0,169
627.42,1544765699,13243.13,51.48716994,7.40168519,184.27,13.89,0.00,348.60,0,-106.00,-18.00,0.00,0.00,30.00,0.00,0,36
627.42,1544765699,13243.14,51.48716994,7.40168519,184.27,13.89,0.00,348.60,0,-107.00,-18.00,0.00,0.00,32.00,0.00,0,358
628.42,1544765700,13256.99,51.48730718,7.40166351,183.44,14.14,0.00,351.20,0,-101.00,-17.00,0.00,0.00,37.00,0.00,0,361
629.42,1544765701,13271.13,51.48744074,7.40164711,182.77,14.11,0.00,353.64,0,-101.00,-17.00,0.00,0.00,37.00,0.00,0,361
630.42,1544765702,13285.25,51.48758027,7.40164206,182.11,14.15,0.00,355.91,0,-98.00,-10.00,0.00,0.00,34.00,0.00,0,169
631.42,1544765703,13299.41,51.48771052,7.40164904,181.33,14.09,0.00,357.67,0,-98.00,-10.00,0.00,0.00,34.00,0.00,0,169
632.42,1544765704,13313.49,51.48784053,7.40165743,180.48,14.03,0.00,358.86,0,-101.00,-18.00,0.00,0.00,35.00,0.00,0,361
632.42,1544765704,13313.50,51.48784053,7.40165743,180.48,14.03,0.00,358.86,0,-102.00,-18.00,0.00,0.00,36.00,0.00,0,358
632.42,1544765704,13313.52,51.48784053,7.40165743,180.48,14.03,0.00,358.86,0,-105.00,-19.00,0.00,0.00,35.00,0.00,0,169
633.42,1544765705,13327.54,51.48795296,7.40166948,179.74,13.97,0.00,359.71,0,-101.00,-18.00,0.00,0.00,35.00,0.00,0,361
633.42,1544765705,13327.55,51.48795296,7.40166948,179.74,13.97,0.00,359.71,0,-102.00,-18.00,0.00,0.00,36.00,0.00,0,358
633.42,1544765705,13327.55,51.48795296,7.40166948,179.74,13.97,0.00,359.71,0,-105.00,-19.00,0.00,0.00,35.00,0.00,0,169
634.42,1544765706,13341.50,51.48808176,7.40167968,179.17,13.78,0.00,0.57,0,-107.00,-18.00,0.00,0.00,31.00,0.00,0,361
634.42,1544765706,13341.51,51.48808176,7.40167968,179.17,13.78,0.00,0.57,0,-108.00,-18.00,0.00,0.00,31.00,0.00,0,207
635.42,1544765707,13355.28,51.48819926,7.40169301,178.63,13.78,0.00,0.19,0,-107.00,-18.00,0.00,0.00,31.00,0.00,0,361
635.42,1544765707,13355.29,51.48819926,7.40169301,178.63,13.78,0.00,0.19,0,-108.00,-18.00,0.00,0.00,31.00,0.00,0,207
636.42,1544765708,13369.07,51.48831720,7.40170593,178.19,13.57,0.00,0.15,0,-102.00,-16.00,0.00,0.00,34.00,0.00,0,207
636.42,1544765708,13369.09,51.48831720,7.40170593,178.19,13.57,0.00,0.15,0,-105.00,-17.00,0.00,0.00,34.00,0.00,0,209
636.42,1544765708,13369.09,51.48831720,7.40170593,178.19,13.57,0.00,0.15,0,-105.00,-19.00,0.00,0.00,33.00,0.00,0,303
637.42,1544765709,13382.64,51.48844784,7.40171362,177.76,13.54,0.00,0.18,0,-102.00,-16.00,0.00,0.00,34.00,0.00,0,207
637.42,1544765709,13382.64,51.48844784,7.40171362,177.76,13.54,0.00,0.18,0,-105.00,-17.00,0.00,0.00,34.00,0.00,0,209
637.42,1544765709,13382.65,51.48844784,7.40171362,177.76,13.54,0.00,0.18,0,-105.00,-19.00,0.00,0.00,33.00,0.00,0,303
638.42,1544765710,13396.18,51.48857482,7.40172270,177.32,13.39,0.00,359.88,0,-107.00,-17.00,0.00,0.00,31.00,0.00,0,361
639.42,1544765711,13409.56,51.48869600,7.40172306,177.10,13.31,0.00,359.93,0,-107.00,-17.00,0.00,0.00,31.00,0.00,0,361
642.43,1544765714,13448.30,51.48901243,7.40173183,176.98,11.47,0.00,0.33,0,-108.00,-14.00,0.00,0.00,27.00,0.00,0,209
643.42,1544765715,13459.62,51.48911331,7.40173917,176.57,10.33,0.00,0.12,0,-108.00,-14.00,0.00,0.00,27.00,0.00,0,209
644.41,1544765716,13469.94,51.48919822,7.40174479,176.03,8.54,0.00,0.46,0,-108.00,-14.00,0.00,0.00,27.00,0.00,0,209
651.42,1544765723,13519.15,51.48941666,7.40223493,176.25,9.28,0.00,86.56,0,-107.00,-11.00,0.00,0.00,24.00,0.00,0,209
651.42,1544765723,13519.16,51.48941666,7.40223493,176.25,9.28,0.00,86.56,0,-108.00,-11.00,0.00,0.00,23.00,0.00,0,207
651.42,1544765723,13519.17,51.48941666,7.40223493,176.25,9.28,0.00,86.56,0,-125.00,-15.00,0.00,0.00,10.00,0.00,0,123
652.42,1544765724,13528.42,51.48941612,7.40238256,176.33,10.08,0.00,88.02,0,-107.00,-11.00,0.00,0.00,24.00,0.00,0,209
652.42,1544765724,13528.43,51.48941612,7.40238256,176.33,10.08,0.00,88.02,0,-108.00,-11.00,0.00,0.00,23.00,0.00,0,207
652.42,1544765724,13528.44,51.48941612,7.40238256,176.33,10.08,0.00,88.02,0,-125.00,-15.00,0.00,0.00,10.00,0.00,0,123
655.42,1544765727,13561.17,51.48940945,7.40287053,177.19,11.20,0.00,90.24,0,-108.00,-19.00,0.00,0.00,31.00,0.00,0,207
656.42,1544765728,13572.35,51.48940369,7.40303346,177.21,11.24,0.00,91.19,0,-108.00,-19.00,0.00,0.00,31.00,0.00,0,207
657.42,1544765729,13583.58,51.48940048,7.40318409,177.29,11.60,0.00,90.52,0,-124.00,-15.00,0.00,0.00,11.00,0.00,0,123
658.42,1544765730,13595.19,51.48928770,7.40331300,176.90,12.31,0.00,90.57,0,-124.00,-15.00,0.00,0.00,11.00,0.00,0,123
661.42,1544765733,13632.96,51.48939110,7.40390980,178.43,12.99,0.00,90.42,0,-111.00,-17.00,0.00,0.00,26.00,0.00,0,207
661.42,1544765733,13632.97,51.48939110,7.40390980,178.43,12.99,0.00,90.42,0,-113.00,-17.00,0.00,0.00,25.00,0.00,0,169
662.42,1544765734,13645.93,51.48938931,7.40409627,178.95,13.16,0.00,90.90,0,-111.00,-17.00,0.00,0.00,26.00,0.00,0,207
662.42,1544765734,13645.95,51.48938931,7.40409627,178.95,13.16,0.00,90.90,0,-113.00,-17.00,0.00,0.00,25.00,0.00,0,169
663.43,1544765735,13659.24,51.48938714,7.40429237,179.49,13.32,0.00,91.12,0,-109.00,-11.00,0.00,0.00,22.00,0.00,0,200
663.43,1544765735,13659.25,51.48938714,7.40429237,179.49,13.32,0.00,91.12,0,-111.00,-16.00,0.00,0.00,24.00,0.00,0,168
663.43,1544765735,13659.26,51.48938714,7.40429237,179.49,13.32,0.00,91.12,0,-111.00,-16.00,0.00,0.00,24.00,0.00,0,169
663.43,1544765735,13659.26,51.48938714,7.40429237,179.49,13.32,0.00,91.12,0,-112.00,-17.00,0.00,0.00,23.00,0.00,0,263
663.43,1544765735,13659.28,51.48938714,7.40429237,179.49,13.32,0.00,91.12,0,-113.00,-17.00,0.00,0.00,24.00,0.00,0,207
664.42,1544765736,13672.44,51.48938402,7.40449489,179.87,13.46,0.00,91.32,0,-109.00,-11.00,0.00,0.00,22.00,0.00,0,200
664.42,1544765736,13672.45,51.48938402,7.40449489,179.87,13.46,0.00,91.32,0,-111.00,-16.00,0.00,0.00,24.00,0.00,0,168
664.42,1544765736,13672.47,51.48938402,7.40449489,179.87,13.46,0.00,91.32,0,-111.00,-16.00,0.00,0.00,24.00,0.00,0,169
664.42,1544765736,13672.47,51.48938402,7.40449489,179.87,13.46,0.00,91.32,0,-112.00,-17.00,0.00,0.00,23.00,0.00,0,263
664.42,1544765736,13672.48,51.48938402,7.40449489,179.87,13.46,0.00,91.32,0,-113.00,-17.00,0.00,0.00,24.00,0.00,0,207
665.42,1544765737,13685.90,51.48938183,7.40468873,180.26,13.39,0.00,90.78,0,-109.00,-11.00,0.00,0.00,22.00,0.00,0,200
665.42,1544765737,13685.91,51.48938183,7.40468873,180.26,13.39,0.00,90.78,0,-111.00,-16.00,0.00,0.00,24.00,0.00,0,168
665.42,1544765737,13685.93,51.48938183,7.40468873,180.26,13.39,0.00,90.78,0,-111.00,-16.00,0.00,0.00,24.00,0.00,0,169
665.42,1544765737,13685.93,51.48938183,7.40468873,180.26,13.39,0.00,90.78,0,-112.00,-17.00,0.00,0.00,23.00,0.00,0,263
665.42,1544765737,13685.94,51.48938183,7.40468873,180.26,13.39,0.00,90.78,0,-113.00,-17.00,0.00,0.00,24.00,0.00,0,207
666.42,1544765738,13699.27,51.48937973,7.40488170,180.74,13.11,0.00,90.39,0,-113.00,-15.00,0.00,0.00,22.00,0.00,0,207
666.42,1544765738,13699.28,51.48937973,7.40488170,180.74,13.11,0.00,90.39,0,-113.00,-16.00,0.00,0.00,21.00,0.00,0,168
666.42,1544765738,13699.30,51.48937973,7.40488170,180.74,13.11,0.00,90.39,0,-114.00,-16.00,0.00,0.00,20.00,0.00,0,169
666.42,1544765738,13699.31,51.48937973,7.40488170,180.74,13.11,0.00,90.39,0,-115.00,-17.00,0.00,0.00,22.00,0.00,0,263
667.42,1544765739,13712.39,51.48938237,7.40507951,181.36,12.91,0.00,89.85,0,-113.00,-15.00,0.00,0.00,22.00,0.00,0,207
667.42,1544765739,13712.40,51.48938237,7.40507951,181.36,12.91,0.00,89.85,0,-113.00,-16.00,0.00,0.00,21.00,0.00,0,168
667.42,1544765739,13712.40,51.48938237,7.40507951,181.36,12.91,0.00,89.85,0,-114.00,-16.00,0.00,0.00,20.00,0.00,0,169
667.42,1544765739,13712.42,51.48938237,7.40507951,181.36,12.91,0.00,89.85,0,-115.00,-17.00,0.00,0.00,22.00,0.00,0,263
668.42,1544765740,13725.30,51.48938236,7.40527283,181.96,12.95,0.00,89.08,0,-109.00,-13.00,0.00,0.00,23.00,0.00,0,207
668.42,1544765740,13725.30,51.48938236,7.40527283,181.96,12.95,0.00,89.08,0,-111.00,-16.00,0.00,0.00,23.00,0.00,0,263
668.42,1544765740,13725.32,51.48938236,7.40527283,181.96,12.95,0.00,89.08,0,-113.00,-16.00,0.00,0.00,22.00,0.00,0,200
668.42,1544765740,13725.33,51.48938236,7.40527283,181.96,12.95,0.00,89.08,0,-114.00,-17.00,0.00,0.00,23.00,0.00,0,385
669.42,1544765741,13738.25,51.48938756,7.40544780,182.11,13.09,0.00,87.52,0,-109.00,-13.00,0.00,0.00,23.00,0.00,0,207
669.42,1544765741,13738.25,51.48938756,7.40544780,182.11,13.09,0.00,87.52,0,-111.00,-16.00,0.00,0.00,23.00,0.00,0,263
669.42,1544765741,13738.27,51.48938756,7.40544780,182.11,13.09,0.00,87.52,0,-113.00,-16.00,0.00,0.00,22.00,0.00,0,200
669.42,1544765741,13738.28,51.48938756,7.40544780,182.11,13.09,0.00,87.52,0,-114.00,-17.00,0.00,0.00,23.00,0.00,0,385
670.42,1544765742,13751.37,51.48939607,7.40563289,182.06,12.97,0.00,85.95,0,-109.00,-14.00,0.00,0.00,26.00,0.00,0,303
670.42,1544765742,13751.39,51.48939607,7.40563289,182.06,12.97,0.00,85.95,0,-109.00,-17.00,0.00,0.00,26.00,0.00,0,207
670.42,1544765742,13751.40,51.48939607,7.40563289,182.06,12.97,0.00,85.95,0,-109.00,-13.00,0.00,0.00,23.00,0.00,0,200
670.42,1544765742,13751.40,51.48939607,7.40563289,182.06,12.97,0.00,85.95,0,-112.00,-16.00,0.00,0.00,23.00,0.00,0,263
670.42,1544765742,13751.41,51.48939607,7.40563289,182.06,12.97,0.00,85.95,0,-112.00,-19.00,0.00,0.00,26.00,0.00,0,385
670.43,1544765742,13751.42,51.48939607,7.40563289,182.06,12.97,0.00,85.95,0,-113.00,-18.00,0.00,0.00,23.00,0.00,0,410
670.43,1544765742,13751.44,51.48939607,7.40563289,182.06,12.97,0.00,85.95,0,-114.00,-19.00,0.00,0.00,25.00,0.00,0,104
671.42,1544765743,13764.35,51.48940860,7.40582096,182.27,12.95,0.00,84.11,0,-109.00,-14.00,0.00,0.00,26.00,0.00,0,303
671.42,1544765743,13764.36,51.48940860,7.40582096,182.27,12.95,0.00,84.11,0,-109.00,-17.00,0.00,0.00,26.00,0.00,0,207
671.42,1544765743,13764.38,51.48940860,7.40582096,182.27,12.95,0.00,84.11,0,-109.00,-13.00,0.00,0.00,23.00,0.00,0,200
671.42,1544765743,13764.38,51.48940860,7.40582096,182.27,12.95,0.00,84.11,0,-112.00,-16.00,0.00,0.00,23.00,0.00,0,263
671.43,1544765743,13764.39,51.48940860,7.40582096,182.27,12.95,0.00,84.11,0,-112.00,-19.00,0.00,0.00,26.00,0.00,0,385
671.43,1544765743,13764.40,51.48940860,7.40582096,182.27,12.95,0.00,84.11,0,-113.00,-18.00,0.00,0.00,23.00,0.00,0,410
671.43,1544765743,13764.42,51.48940860,7.40582096,182.27,12.95,0.00,84.11,0,-114.00,-19.00,0.00,0.00,25.00,0.00,0,104
672.42,1544765744,13777.21,51.48942488,7.40598620,182.27,13.12,0.00,82.25,0,-108.00,-17.00,0.00,0.00,30.00,0.00,0,207
672.42,1544765744,13777.21,51.48942488,7.40598620,182.27,13.12,0.00,82.25,0,-110.00,-19.00,0.00,0.00,27.00,0.00,0,158
672.42,1544765744,13777.22,51.48942488,7.40598620,182.27,13.12,0.00,82.25,0,-110.00,-17.00,0.00,0.00,29.00,0.00,0,385
672.42,1544765744,13777.22,51.48942488,7.40598620,182.27,13.12,0.00,82.25,0,-110.00,-18.00,0.00,0.00,31.00,0.00,0,303
672.42,1544765744,13777.22,51.48942488,7.40598620,182.27,13.12,0.00,82.25,0,-110.00,-19.00,0.00,0.00,30.00,0.00,0,500
672.42,1544765744,13777.24,51.48942488,7.40598620,182.27,13.12,0.00,82.25,0,-111.00,-19.00,0.00,0.00,30.00,0.00,0,200
672.42,1544765744,13777.24,51.48942488,7.40598620,182.27,13.12,0.00,82.25,0,-117.00,-13.00,0.00,0.00,16.00,0.00,0,162
672.42,1544765744,13777.24,51.48942488,7.40598620,182.27,13.12,0.00,82.25,0,-118.00,-14.00,0.00,0.00,16.00,0.00,0,497
672.42,1544765744,13777.25,51.48942488,7.40598620,182.27,13.12,0.00,82.25,0,-118.00,-14.00,0.00,0.00,16.00,0.00,0,337
673.42,1544765745,13790.44,51.48944703,7.40616886,182.62,13.17,0.00,80.76,0,-108.00,-17.00,0.00,0.00,30.00,0.00,0,207
673.42,1544765745,13790.45,51.48944703,7.40616886,182.62,13.17,0.00,80.76,0,-110.00,-19.00,0.00,0.00,27.00,0.00,0,158
673.43,1544765745,13790.46,51.48944703,7.40616886,182.62,13.17,0.00,80.76,0,-110.00,-17.00,0.00,0.00,29.00,0.00,0,385
673.43,1544765745,13790.46,51.48944703,7.40616886,182.62,13.17,0.00,80.76,0,-110.00,-18.00,0.00,0.00,31.00,0.00,0,303
673.43,1544765745,13790.48,51.48944703,7.40616886,182.62,13.17,0.00,80.76,0,-110.00,-19.00,0.00,0.00,30.00,0.00,0,500
673.43,1544765745,13790.49,51.48944703,7.40616886,182.62,13.17,0.00,80.76,0,-111.00,-19.00,0.00,0.00,30.00,0.00,0,200
673.43,1544765745,13790.49,51.48944703,7.40616886,182.62,13.17,0.00,80.76,0,-117.00,-13.00,0.00,0.00,16.00,0.00,0,162
673.43,1544765745,13790.50,51.48944703,7.40616886,182.62,13.17,0.00,80.76,0,-118.00,-14.00,0.00,0.00,16.00,0.00,0,497
673.43,1544765745,13790.52,51.48944703,7.40616886,182.62,13.17,0.00,80.76,0,-118.00,-14.00,0.00,0.00,16.00,0.00,0,337
676.42,1544765748,13829.86,51.48953418,7.40673965,186.17,13.38,0.00,78.45,0,-113.00,-11.00,0.00,0.00,16.00,0.00,0,337
677.42,1544765749,13843.20,51.48956204,7.40694252,187.17,13.55,0.00,78.03,0,-113.00,-11.00,0.00,0.00,16.00,0.00,0,337
678.42,1544765750,13856.77,51.48959285,7.40716021,187.90,13.61,0.00,77.57,0,-111.00,-9.00,0.00,0.00,16.00,0.00,0,337
678.42,1544765750,13856.79,51.48959285,7.40716021,187.90,13.61,0.00,77.57,0,-115.00,-15.00,0.00,0.00,20.00,0.00,0,169
679.41,1544765751,13870.33,51.48961963,7.40733926,188.19,13.61,0.00,77.57,0,-111.00,-9.00,0.00,0.00,16.00,0.00,0,337
679.41,1544765751,13870.33,51.48961963,7.40733926,188.19,13.61,0.00,77.57,0,-115.00,-15.00,0.00,0.00,20.00,0.00,0,169
680.42,1544765752,13884.01,51.48964993,7.40751612,188.68,13.52,0.00,77.89,0,-108.00,-8.00,0.00,0.00,19.00,0.00,0,337
680.42,1544765752,13884.01,51.48964993,7.40751612,188.68,13.52,0.00,77.89,0,-115.00,-14.00,0.00,0.00,19.00,0.00,0,316
681.41,1544765753,13897.46,51.48968071,7.40770474,188.94,13.57,0.00,78.42,0,-108.00,-8.00,0.00,0.00,19.00,0.00,0,337
681.41,1544765753,13897.46,51.48968071,7.40770474,188.94,13.57,0.00,78.42,0,-115.00,-14.00,0.00,0.00,19.00,0.00,0,316
682.42,1544765754,13911.09,51.48970938,7.40790655,189.38,13.45,0.00,78.91,0,-104.00,-12.00,0.00,0.00,26.00,0.00,0,207
682.42,1544765754,13911.10,51.48970938,7.40790655,189.38,13.45,0.00,78.91,0,-106.00,-11.00,0.00,0.00,26.00,0.00,0,200
683.42,1544765755,13924.54,51.48973476,7.40810042,189.80,13.62,0.00,79.50,0,-104.00,-12.00,0.00,0.00,26.00,0.00,0,207
683.42,1544765755,13924.55,51.48973476,7.40810042,189.80,13.62,0.00,79.50,0,-106.00,-11.00,0.00,0.00,26.00,0.00,0,200
684.43,1544765756,13938.27,51.48975938,7.40828919,189.90,13.74,0.00,79.55,0,-107.00,-9.00,0.00,0.00,21.00,0.00,0,385
684.43,1544765756,13938.28,51.48975938,7.40828919,189.90,13.74,0.00,79.55,0,-103.00,-8.00,0.00,0.00,27.00,0.00,0,207
685.42,1544765757,13951.89,51.48978347,7.40848672,189.60,14.10,0.00,79.10,0,-107.00,-9.00,0.00,0.00,21.00,0.00,0,385
685.42,1544765757,13951.90,51.48978347,7.40848672,189.60,14.10,0.00,79.10,0,-103.00,-8.00,0.00,0.00,27.00,0.00,0,207
686.42,1544765758,13966.00,51.48980807,7.40868601,189.05,14.37,0.00,78.63,0,-107.00,-9.00,0.00,0.00,21.00,0.00,0,385
686.42,1544765758,13966.00,51.48980807,7.40868601,189.05,14.37,0.00,78.63,0,-103.00,-8.00,0.00,0.00,27.00,0.00,0,207
687.42,1544765759,13980.36,51.48983328,7.40889517,188.10,14.58,0.00,78.00,0,-109.00,-9.00,0.00,0.00,20.00,0.00,0,385
688.42,1544765760,13994.92,51.48985783,7.40909894,187.04,14.70,0.00,78.11,0,-109.00,-9.00,0.00,0.00,20.00,0.00,0,385
689.42,1544765761,14009.63,51.48988671,7.40930332,185.95,14.56,0.00,77.27,0,-108.00,-8.00,0.00,0.00,19.00,0.00,0,385
690.43,1544765762,14024.31,51.48991432,7.40949372,184.73,14.54,0.00,77.42,0,-108.00,-8.00,0.00,0.00,19.00,0.00,0,385
691.41,1544765763,14038.68,51.48994164,7.40970185,183.55,14.77,0.00,77.97,0,-107.00,-9.00,0.00,0.00,23.00,0.00,0,385
692.42,1544765764,14053.50,51.48996766,7.40992238,182.64,14.01,0.00,78.44,0,-107.00,-9.00,0.00,0.00,23.00,0.00,0,385
693.42,1544765765,14067.51,51.48998897,7.41010508,181.48,13.29,0.00,78.08,0,-109.00,-10.00,0.00,0.00,20.00,0.00,0,385
694.41,1544765766,14080.75,51.49001065,7.41027716,180.20,13.06,0.00,78.53,0,-109.00,-10.00,0.00,0.00,20.00,0.00,0,385
