0.07,1544593310,0.00,51.45005366,7.48829167,257.59,8.73,0.00,166.71,1,-95.00,-7.00,12.00,12.00,30.00,7.00,13415170,315
1.08,1544593311,8.76,51.44997697,7.48832748,257.77,9.36,0.63,168.03,1,-95.00,-7.00,12.00,12.00,30.00,7.00,13415170,315
2.08,1544593312,18.12,51.44989273,7.48835622,257.95,9.97,0.62,169.39,1,-97.00,-11.00,8.00,8.00,32.00,7.00,13415170,315
3.08,1544593313,28.09,51.44980552,7.48837922,257.76,10.65,0.68,170.74,1,-97.00,-11.00,8.00,8.00,32.00,7.00,13415170,315
4.08,1544593314,38.75,51.44970835,7.48839773,257.66,11.26,0.61,172.29,1,-94.00,-8.00,6.00,11.00,24.00,7.00,13415170,315
5.08,1544593315,50.01,51.44960636,7.48841332,257.58,11.95,0.69,173.86,1,-94.00,-8.00,6.00,11.00,24.00,7.00,13415170,315
6.09,1544593316,62.07,51.44949414,7.48842203,257.35,12.65,0.69,175.26,1,-97.00,-8.00,24.00,14.00,30.00,7.00,13415170,315
7.08,1544593317,74.60,51.44937651,7.48843206,257.48,12.99,0.35,176.62,1,-97.00,-8.00,24.00,14.00,30.00,7.00,13415170,315
8.08,1544593318,87.59,51.44926328,7.48843448,257.56,12.90,-0.09,178.14,1,-97.00,-8.00,24.00,14.00,30.00,7.00,13415170,315
9.08,1544593319,100.49,51.44914522,7.48842775,257.70,13.17,0.27,179.98,1,-99.00,-7.00,11.00,9.00,25.00,7.00,13415170,315
10.08,1544593320,113.66,51.44903105,7.48841148,257.98,13.16,-0.02,182.11,1,-99.00,-7.00,11.00,9.00,25.00,7.00,13415170,315
11.08,1544593321,126.83,51.44891065,7.48838755,258.38,13.35,0.19,184.43,1,-102.00,-7.00,7.00,11.00,23.00,7.00,13415170,315
12.08,1544593322,140.17,51.44879869,7.48835439,258.49,13.86,0.51,186.89,1,-102.00,-7.00,7.00,11.00,23.00,7.00,13415170,315
13.08,1544593323,154.02,51.44867762,7.48831671,258.46,13.95,0.09,189.10,1,-101.00,-12.00,8.00,6.00,28.00,7.00,13415170,315
14.08,1544593324,167.99,51.44855138,7.48826952,258.68,13.90,-0.05,190.77,1,-101.00,-12.00,8.00,6.00,28.00,7.00,13415170,315
15.08,1544593325,181.92,51.44842271,7.48821542,258.79,13.77,-0.13,191.99,1,-108.00,-14.00,3.00,7.00,24.00,7.00,13415170,315
16.08,1544593326,195.70,51.44829768,7.48816824,259.12,13.97,0.20,192.66,1,-108.00,-14.00,3.00,7.00,24.00,7.00,13415170,315
17.08,1544593327,209.64,51.44818116,7.48811612,259.32,14.08,0.11,193.62,1,-110.00,-15.00,0.00,6.00,22.00,7.00,13415170,315
18.08,1544593328,223.72,51.44805468,7.48806314,259.53,14.10,0.02,193.05,1,-110.00,-15.00,0.00,6.00,22.00,7.00,13415170,315
19.08,1544593329,237.85,51.44793157,7.48801289,259.98,13.82,-0.27,192.21,1,-112.00,-17.00,-3.00,4.00,23.00,7.00,13415170,315
20.08,1544593330,251.69,51.44779791,7.48796712,260.06,13.98,0.15,191.38,1,-112.00,-17.00,-3.00,4.00,23.00,7.00,13415170,315
21.08,1544593331,265.68,51.44767767,7.48793224,260.23,12.63,-1.35,189.96,1,-111.00,-17.00,-4.00,4.00,24.00,7.00,13415170,315
22.08,1544593332,278.31,51.44755500,7.48790224,260.14,12.89,0.26,188.76,1,-111.00,-17.00,-4.00,4.00,24.00,7.00,13415170,315
23.08,1544593333,291.22,51.44741953,7.48788009,260.17,13.41,0.52,186.01,1,-112.00,-17.00,-6.00,4.00,22.00,7.00,13415170,315
24.08,1544593334,304.59,51.44729515,7.48787563,260.53,13.10,-0.31,182.71,1,-112.00,-17.00,-6.00,4.00,22.00,7.00,13415170,315
25.08,1544593335,317.72,51.44718676,7.48788004,261.38,12.66,-0.43,179.39,1,-112.00,-16.00,-6.00,4.00,22.00,7.00,13415170,315
26.08,1544593336,330.38,51.44707136,7.48790604,261.92,13.36,0.70,175.77,1,-112.00,-16.00,-6.00,4.00,22.00,7.00,13415170,315
27.08,1544593337,343.75,51.44695104,7.48794407,262.81,13.20,-0.16,172.70,1,-112.00,-17.00,-6.00,3.00,21.00,7.00,13415170,315
28.08,1544593338,356.94,51.44683648,7.48799023,263.25,13.20,-0.00,170.00,1,-112.00,-17.00,-6.00,3.00,21.00,7.00,13415170,315
29.09,1544593339,370.26,51.44671933,7.48804541,263.42,13.03,-0.17,167.43,1,-110.00,-16.00,-5.00,7.00,24.00,7.00,13415170,315
30.08,1544593340,383.17,51.44661013,7.48811008,263.69,13.33,0.30,164.57,1,-110.00,-16.00,-5.00,7.00,24.00,7.00,13415170,315
31.08,1544593341,396.50,51.44651184,7.48818297,264.03,13.74,0.42,161.52,1,-110.00,-16.00,-5.00,7.00,24.00,7.00,13415170,315
32.08,1544593342,410.22,51.44640177,7.48827440,264.64,13.69,-0.05,158.51,1,-106.00,-13.00,-2.00,6.00,25.00,7.00,13415170,315
33.08,1544593343,423.95,51.44629409,7.48837334,265.43,13.52,-0.17,155.35,1,-106.00,-13.00,-2.00,6.00,25.00,7.00,13415170,315
34.08,1544593344,437.38,51.44619157,7.48848320,266.27,13.90,0.38,151.69,1,-103.00,-14.00,1.00,5.00,28.00,7.00,13415170,315
35.08,1544593345,451.27,51.44609012,7.48860426,266.93,14.36,0.47,147.64,1,-103.00,-14.00,1.00,5.00,28.00,7.00,13415170,315
36.08,1544593346,465.64,51.44598294,7.48873976,267.70,14.83,0.46,144.08,1,-104.00,-14.00,4.00,6.00,27.00,7.00,13415170,315
37.08,1544593347,480.47,51.44588211,7.48888478,268.27,14.44,-0.39,141.12,1,-104.00,-14.00,4.00,6.00,27.00,7.00,13415170,315
38.08,1544593348,494.91,51.44578435,7.48904215,268.79,14.58,0.14,138.23,1,-107.00,-14.00,3.00,7.00,25.00,7.00,13415170,315
39.07,1544593349,509.44,51.44569555,7.48920129,269.54,14.74,0.16,135.21,1,-107.00,-14.00,3.00,7.00,25.00,7.00,13415170,315
40.08,1544593350,524.23,51.44560784,7.48937482,270.64,14.89,0.15,132.87,1,-105.00,-13.00,3.00,6.00,27.00,7.00,13415170,315
41.08,1544593351,539.12,51.44552202,7.48954688,271.89,15.05,0.16,131.27,1,-105.00,-13.00,3.00,6.00,27.00,7.00,13415170,315
42.08,1544593352,554.16,51.44543754,7.48972454,273.33,15.19,0.14,129.92,1,-103.00,-13.00,3.00,6.00,28.00,7.00,13415170,315
43.08,1544593353,569.37,51.44535643,7.48990773,274.69,15.45,0.26,128.78,1,-103.00,-13.00,3.00,6.00,28.00,7.00,13415170,315
44.08,1544593354,584.80,51.44527416,7.49008855,276.08,15.50,0.04,128.24,1,-106.00,-14.00,2.00,8.00,25.00,7.00,13415170,315
45.08,1544593355,600.28,51.44519766,7.49026992,277.01,15.09,-0.41,127.71,1,-106.00,-14.00,2.00,8.00,25.00,7.00,13415170,315
46.08,1544593356,615.40,51.44511972,7.49045169,277.48,14.64,-0.45,127.36,1,-108.00,-14.00,1.00,7.00,24.00,7.00,13415170,315
47.08,1544593357,630.03,51.44504637,7.49062504,277.81,14.15,-0.49,126.71,1,-108.00,-14.00,1.00,7.00,24.00,7.00,13415170,315
48.08,1544593358,644.19,51.44497334,7.49079368,278.04,13.60,-0.55,126.13,1,-111.00,-15.00,-2.00,5.00,22.00,7.00,13415170,315
49.08,1544593359,657.75,51.44490370,7.49095492,278.34,13.28,-0.32,126.91,1,-111.00,-15.00,-2.00,5.00,22.00,7.00,13415170,315
50.08,1544593360,671.14,51.44483811,7.49110893,278.69,11.84,-1.43,127.07,1,-111.00,-13.00,-4.00,4.00,27.00,24.00,13417219,440
51.08,1544593361,682.91,51.44478075,7.49124269,278.96,10.07,-1.78,127.40,1,-111.00,-13.00,-4.00,4.00,27.00,24.00,13417219,440
52.08,1544593362,692.99,51.44472896,7.49136586,279.34,7.77,-2.30,126.82,1,-111.00,-13.00,-4.00,4.00,27.00,24.00,13417219,440
53.08,1544593363,700.76,51.44469219,7.49145319,279.72,6.33,-1.45,127.19,1,-110.00,-16.00,-4.00,4.00,21.00,24.00,13417219,440
54.08,1544593364,707.08,51.44466189,7.49152350,280.00,4.87,-1.45,127.28,1,-110.00,-16.00,-4.00,4.00,21.00,24.00,13417219,440
55.08,1544593365,711.96,51.44463950,7.49156920,280.04,3.27,-1.60,126.58,1,-113.00,-16.00,-7.00,2.00,17.00,24.00,13417219,440
56.08,1544593366,715.23,51.44462982,7.49159162,280.09,0.78,-2.49,126.58,1,-113.00,-16.00,-7.00,2.00,17.00,24.00,13417219,440
57.08,1544593367,716.01,51.44462982,7.49159162,280.09,0.00,-0.78,126.58,1,-107.00,-14.00,-5.00,4.00,21.00,24.00,13417219,440
58.08,1544593368,716.01,51.44462982,7.49159162,280.09,0.00,0.00,126.58,1,-107.00,-14.00,-5.00,4.00,21.00,24.00,13417219,440
59.08,1544593369,716.01,51.44462982,7.49159162,280.09,0.00,0.00,126.58,1,-110.00,-13.00,-2.00,8.00,20.00,24.00,13417219,440
60.08,1544593370,716.01,51.44462982,7.49159162,280.09,0.00,0.00,126.58,1,-110.00,-13.00,-2.00,8.00,20.00,24.00,13417219,440
61.08,1544593371,716.01,51.44462982,7.49159162,280.08,0.00,0.00,126.58,1,-112.00,-12.00,-2.00,7.00,18.00,24.00,13417219,440
62.08,1544593372,716.01,51.44462982,7.49159162,280.07,0.00,0.00,126.58,1,-112.00,-12.00,-2.00,7.00,18.00,24.00,13417219,440
63.08,1544593373,716.01,51.44462982,7.49159162,280.07,0.00,0.00,126.58,1,-111.00,-12.00,0.00,7.00,19.00,24.00,13417219,440
64.08,1544593374,716.01,51.44462982,7.49159162,280.05,0.00,0.00,126.58,1,-111.00,-12.00,0.00,7.00,19.00,24.00,13417219,440
65.08,1544593375,716.01,51.44462982,7.49159162,280.03,0.00,0.00,126.58,1,-112.00,-12.00,0.00,7.00,18.00,24.00,13417219,440
66.08,1544593376,716.01,51.44462982,7.49159162,280.01,0.00,0.00,126.58,1,-112.00,-12.00,0.00,7.00,18.00,24.00,13417219,440
67.08,1544593377,716.01,51.44462982,7.49159162,279.99,0.00,0.00,126.58,1,-112.00,-11.00,0.00,6.00,18.00,24.00,13417219,440
68.08,1544593378,716.01,51.44462982,7.49159162,279.97,0.00,0.00,126.58,1,-112.00,-11.00,0.00,6.00,18.00,24.00,13417219,440
69.08,1544593379,716.01,51.44462982,7.49159162,279.94,0.00,0.00,126.58,1,-112.00,-12.00,1.00,6.00,18.00,24.00,13417219,440
70.08,1544593380,716.01,51.44462982,7.49159162,279.91,0.00,0.00,126.58,1,-112.00,-12.00,1.00,6.00,18.00,24.00,13417219,440
71.09,1544593381,716.01,51.44462982,7.49159162,279.88,0.00,0.00,126.58,1,-110.00,-13.00,0.00,5.00,20.00,24.00,13417219,440
72.08,1544593382,716.01,51.44462982,7.49159162,279.84,0.00,0.00,126.58,1,-110.00,-13.00,0.00,5.00,20.00,24.00,13417219,440
73.08,1544593383,716.01,51.44462982,7.49159162,279.81,0.00,0.00,126.58,1,-110.00,-13.00,0.00,5.00,20.00,24.00,13417219,440
74.08,1544593384,716.01,51.44462982,7.49159162,279.77,0.00,0.00,126.58,1,-111.00,-15.00,-1.00,6.00,22.00,24.00,13417219,440
75.08,1544593385,716.01,51.44462982,7.49159162,279.73,0.00,0.00,126.58,1,-111.00,-15.00,-1.00,6.00,22.00,24.00,13417219,440
76.08,1544593386,716.01,51.44462982,7.49159162,279.69,0.00,0.00,126.58,1,-111.00,-12.00,0.00,6.00,20.00,24.00,13417219,440
77.08,1544593387,716.01,51.44462982,7.49159162,279.65,0.00,0.00,126.58,1,-111.00,-12.00,0.00,6.00,20.00,24.00,13417219,440
78.08,1544593388,716.01,51.44462982,7.49159162,279.61,0.00,0.00,126.58,1,-112.00,-11.00,1.00,7.00,18.00,24.00,13417219,440
79.08,1544593389,716.01,51.44462982,7.49159162,279.57,0.00,0.00,126.58,1,-112.00,-11.00,1.00,7.00,18.00,24.00,13417219,440
80.08,1544593390,716.01,51.44462982,7.49159162,279.52,0.00,0.00,126.58,1,-112.00,-12.00,1.00,6.00,18.00,24.00,13417219,440
81.08,1544593391,716.01,51.44462982,7.49159162,279.11,0.00,0.00,126.58,1,-112.00,-12.00,1.00,6.00,18.00,24.00,13417219,440
82.08,1544593392,716.01,51.44462982,7.49159162,278.74,0.00,0.00,126.58,1,-112.00,-13.00,1.00,6.00,21.00,24.00,13417219,440
83.08,1544593393,716.01,51.44461083,7.49164945,275.22,0.00,0.00,126.91,1,-112.00,-13.00,1.00,6.00,21.00,24.00,13417219,440
84.08,1544593394,716.01,51.44456785,7.49168434,273.26,0.00,0.00,155.17,1,-111.00,-14.00,-2.00,5.00,20.00,24.00,13417219,440
85.10,1544593395,716.01,51.44451265,7.49167937,272.12,1.82,0.00,182.76,1,-111.00,-14.00,-2.00,5.00,20.00,24.00,13417219,440
86.08,1544593396,717.79,51.44444995,7.49165146,271.50,2.87,1.08,203.01,1,-111.00,-13.00,-2.00,5.00,20.00,24.00,13417219,440
87.08,1544593397,720.67,51.44439752,7.49159662,271.60,8.80,5.91,217.08,1,-111.00,-13.00,-2.00,5.00,20.00,24.00,13417219,440
88.08,1544593398,729.45,51.44432451,7.49151967,271.97,10.15,1.36,216.64,1,-107.00,-13.00,-1.00,3.00,25.00,24.00,13417219,440
89.08,1544593399,739.62,51.44423436,7.49142799,272.26,10.68,0.53,215.75,1,-107.00,-13.00,-1.00,3.00,25.00,24.00,13417219,440
90.08,1544593400,750.29,51.44414560,7.49133345,272.94,11.43,0.75,214.91,1,-108.00,-13.00,-1.00,5.00,24.00,24.00,13417219,440
91.08,1544593401,761.72,51.44405237,7.49123447,273.36,12.89,1.45,214.22,1,-108.00,-13.00,-1.00,5.00,24.00,24.00,13417219,440
92.09,1544593402,774.70,51.44395176,7.49112619,273.88,12.94,0.05,214.29,1,-106.00,-14.00,-1.00,5.00,26.00,24.00,13417219,440
93.12,1544593403,788.06,51.44384544,7.49100919,274.12,14.37,1.39,214.70,1,-106.00,-14.00,-1.00,5.00,26.00,24.00,13417219,440
94.08,1544593404,801.81,51.44374313,7.49089717,274.02,14.37,-0.00,215.20,1,-106.00,-14.00,-1.00,5.00,26.00,24.00,13417219,440
95.08,1544593405,816.23,51.44364097,7.49077611,273.88,14.30,-0.06,215.72,1,-105.00,-12.00,3.00,8.00,25.00,24.00,13417219,440
96.08,1544593406,830.51,51.44353252,7.49064553,274.16,14.62,0.32,216.09,1,-105.00,-12.00,3.00,8.00,25.00,24.00,13417219,440
97.08,1544593407,845.13,51.44342308,7.49051220,274.44,15.09,0.47,216.87,1,-108.00,-15.00,2.00,7.00,25.00,24.00,13417219,440
98.08,1544593408,860.22,51.44331456,7.49038046,274.71,15.44,0.35,216.67,1,-108.00,-15.00,2.00,7.00,25.00,24.00,13417219,440
99.08,1544593409,875.71,51.44320468,7.49024566,274.96,15.50,0.06,216.61,1,-111.00,-16.00,1.00,4.00,23.00,24.00,13417219,440
100.08,1544593410,891.21,51.44309539,7.49011318,275.11,15.46,-0.04,216.75,1,-111.00,-16.00,1.00,4.00,23.00,24.00,13417219,440
101.07,1544593411,906.57,51.44298263,7.48997679,275.25,15.41,-0.05,216.93,1,-112.00,-15.00,-1.00,5.00,23.00,24.00,13417219,440
102.08,1544593412,922.03,51.44288189,7.48985410,275.63,15.27,-0.14,216.56,1,-112.00,-15.00,-1.00,5.00,23.00,24.00,13417219,440
103.08,1544593413,937.28,51.44278050,7.48973225,276.05,14.64,-0.63,215.93,1,-107.00,-14.00,-1.00,8.00,26.00,24.00,13417219,440
104.08,1544593414,951.92,51.44267529,7.48961386,276.13,14.44,-0.21,215.19,1,-107.00,-14.00,-1.00,8.00,26.00,24.00,13417219,440
105.08,1544593415,966.38,51.44256337,7.48948836,276.46,14.84,0.40,214.91,1,-104.00,-13.00,0.00,5.00,28.00,24.00,13417219,440
106.08,1544593416,981.20,51.44245626,7.48936913,276.43,14.43,-0.41,215.89,1,-104.00,-13.00,0.00,5.00,28.00,24.00,13417219,440
107.08,1544593417,995.64,51.44235485,7.48924615,277.18,13.60,-0.83,216.60,1,-100.00,-12.00,3.00,11.00,32.00,24.00,13417219,440
108.08,1544593418,1009.25,51.44224419,7.48911313,277.36,14.97,1.37,217.18,1,-100.00,-12.00,3.00,11.00,32.00,24.00,13417219,440
109.08,1544593419,1024.21,51.44213402,7.48896999,277.51,15.76,0.79,217.92,1,-101.00,-15.00,3.00,9.00,31.00,24.00,13417219,440
110.08,1544593420,1039.97,51.44202098,7.48882180,278.22,15.67,-0.09,219.50,1,-101.00,-15.00,3.00,9.00,31.00,24.00,13417219,440
111.08,1544593421,1055.70,51.44191142,7.48866296,278.16,15.58,-0.09,221.19,1,-102.00,-15.00,1.00,8.00,30.00,24.00,13417219,440
112.08,1544593422,1071.27,51.44180942,7.48850560,278.55,15.07,-0.51,223.05,1,-102.00,-15.00,1.00,8.00,30.00,24.00,13417219,440
113.08,1544593423,1086.40,51.44171677,7.48835470,278.78,15.16,0.08,225.04,1,-96.00,-15.00,0.00,8.00,34.00,24.00,13417219,440
114.08,1544593424,1101.47,51.44162085,7.48817921,278.97,15.52,0.36,227.23,1,-96.00,-15.00,0.00,8.00,34.00,24.00,13417219,440
115.08,1544593425,1116.98,51.44152731,7.48800141,279.01,15.70,0.18,228.94,1,-96.00,-15.00,0.00,8.00,34.00,24.00,13417219,440
116.08,1544593426,1132.67,51.44144188,7.48782764,279.25,15.60,-0.09,230.06,1,-100.00,-14.00,0.00,10.00,31.00,24.00,13417219,440
117.08,1544593427,1148.28,51.44134637,7.48763385,279.38,15.71,0.11,230.74,1,-100.00,-14.00,0.00,10.00,31.00,24.00,13417219,440
118.08,1544593428,1164.00,51.44125336,7.48743894,279.61,15.82,0.11,231.47,1,-98.00,-12.00,3.00,11.00,31.00,24.00,13417219,440
119.08,1544593429,1179.82,51.44117056,7.48725516,280.10,15.86,0.04,232.46,1,-98.00,-12.00,3.00,11.00,31.00,24.00,13417219,440
120.08,1544593430,1195.68,51.44109224,7.48707147,280.61,15.59,-0.27,233.26,1,-95.00,-10.00,9.00,9.00,34.00,24.00,13417219,440
121.08,1544593431,1211.26,51.44101613,7.48689250,281.19,15.55,-0.04,232.71,1,-95.00,-10.00,9.00,9.00,34.00,24.00,13417219,440
122.08,1544593432,1226.81,51.44093714,7.48671518,281.72,15.19,-0.36,232.73,1,-96.00,-10.00,8.00,11.00,33.00,24.00,13417219,440
123.08,1544593433,1242.01,51.44085708,7.48654082,281.92,15.10,-0.09,232.46,1,-96.00,-10.00,8.00,11.00,33.00,24.00,13417219,440
124.08,1544593434,1257.09,51.44077900,7.48636500,282.35,15.25,0.16,232.52,1,-95.00,-11.00,8.00,5.00,35.00,24.00,13417219,440
125.08,1544593435,1272.34,51.44070116,7.48619306,283.08,15.01,-0.25,232.54,1,-95.00,-11.00,8.00,5.00,35.00,24.00,13417219,440
126.08,1544593436,1287.37,51.44061726,7.48601022,284.01,15.44,0.43,233.19,1,-98.00,-13.00,5.00,9.00,34.00,24.00,13417219,440
127.08,1544593437,1302.78,51.44053614,7.48583527,284.87,15.65,0.21,232.57,1,-98.00,-13.00,5.00,9.00,34.00,24.00,13417219,440
128.08,1544593438,1318.42,51.44045245,7.48564933,285.67,15.69,0.04,232.45,1,-94.00,-13.00,4.00,6.00,36.00,24.00,13417219,440
129.08,1544593439,1334.13,51.44036657,7.48546965,286.29,15.82,0.14,232.20,1,-94.00,-13.00,4.00,6.00,36.00,24.00,13417219,440
130.08,1544593440,1349.95,51.44028015,7.48528545,286.81,15.77,-0.05,232.11,1,-94.00,-13.00,6.00,11.00,38.00,24.00,13417219,440
131.08,1544593441,1365.69,51.44019952,7.48511484,287.10,15.90,0.12,232.68,1,-94.00,-13.00,6.00,11.00,38.00,24.00,13417219,440
132.08,1544593442,1381.62,51.44011584,7.48494192,287.07,15.72,-0.17,232.87,1,-91.00,-11.00,11.00,10.00,38.00,24.00,13417219,440
133.08,1544593443,1397.33,51.44003279,7.48477153,286.91,15.82,0.10,232.33,1,-91.00,-11.00,11.00,10.00,38.00,24.00,13417219,440
134.08,1544593444,1413.25,51.43994391,7.48458399,286.81,15.52,-0.30,232.89,1,-95.00,-13.00,8.00,9.00,37.00,24.00,13417219,440
135.08,1544593445,1428.69,51.43985983,7.48440750,286.94,15.51,-0.01,232.46,1,-95.00,-13.00,8.00,9.00,37.00,24.00,13417219,440
136.08,1544593446,1444.20,51.43977440,7.48422556,286.55,15.73,0.22,232.17,1,-95.00,-13.00,8.00,9.00,37.00,24.00,13417219,440
137.08,1544593447,1459.95,51.43967948,7.48402491,286.65,16.15,0.42,232.62,1,-100.00,-12.00,7.00,6.00,32.00,24.00,13417219,440
138.08,1544593448,1476.08,51.43959086,7.48383447,287.41,16.22,0.07,233.24,1,-100.00,-12.00,7.00,6.00,32.00,24.00,13417219,440
139.08,1544593449,1492.30,51.43951332,7.48365489,288.51,16.05,-0.16,234.67,1,-99.00,-9.00,1.00,6.00,27.00,24.00,13417219,440
140.08,1544593450,1508.34,51.43943614,7.48345100,288.88,16.05,-0.00,236.80,1,-99.00,-9.00,1.00,6.00,27.00,24.00,13417219,440
141.08,1544593451,1524.40,51.43935809,7.48325202,289.61,15.53,-0.52,237.33,1,-98.00,-9.00,2.00,9.00,29.00,24.00,13417219,440
142.08,1544593452,1539.92,51.43928722,7.48304940,289.96,15.03,-0.50,239.12,1,-98.00,-9.00,2.00,9.00,29.00,24.00,13417219,440
143.08,1544593453,1554.97,51.43922253,7.48285073,290.16,14.73,-0.30,240.44,1,-98.00,-11.00,3.00,10.00,30.00,24.00,13417219,440
144.08,1544593454,1569.70,51.43915825,7.48265125,290.11,13.80,-0.93,241.48,1,-98.00,-11.00,3.00,10.00,30.00,24.00,13417219,440
145.08,1544593455,1583.57,51.43909261,7.48244377,290.55,14.37,0.57,242.22,1,-96.00,-8.00,4.00,9.00,30.00,24.00,13417219,440
146.08,1544593456,1597.87,51.43902107,7.48222580,290.33,15.28,0.91,241.61,1,-96.00,-8.00,4.00,9.00,30.00,24.00,13417219,440
147.08,1544593457,1613.13,51.43895419,7.48201855,290.74,14.37,-0.91,242.70,1,-100.00,-8.00,10.00,4.00,27.00,24.00,13417219,440
148.08,1544593458,1627.51,51.43888355,7.48180436,291.19,14.91,0.54,242.28,1,-100.00,-8.00,10.00,4.00,27.00,24.00,13417219,440
149.08,1544593459,1642.42,51.43882173,7.48160756,291.44,14.42,-0.49,241.93,1,-96.00,-8.00,5.00,9.00,32.00,24.00,13417219,440
150.08,1544593460,1656.84,51.43875356,7.48140746,291.31,14.31,-0.11,241.89,1,-96.00,-8.00,5.00,9.00,32.00,24.00,13417219,440
151.08,1544593461,1671.17,51.43868319,7.48119820,291.36,14.46,0.15,241.45,1,-94.00,-8.00,14.00,12.00,32.00,24.00,13417219,440
152.08,1544593462,1685.63,51.43861785,7.48099674,290.92,14.54,0.09,240.77,1,-94.00,-8.00,14.00,12.00,32.00,24.00,13417219,440
153.08,1544593463,1700.14,51.43854842,7.48078986,290.59,13.86,-0.69,241.81,1,-95.00,-8.00,5.00,11.00,29.00,24.00,13417219,440
154.08,1544593464,1714.00,51.43847679,7.48057781,289.59,15.39,1.53,242.61,1,-95.00,-8.00,5.00,11.00,29.00,24.00,13417219,440
155.09,1544593465,1729.54,51.43840373,7.48034956,288.82,16.58,1.18,241.98,1,-99.00,-9.00,6.00,9.00,29.00,24.00,13417219,440
156.08,1544593466,1745.97,51.43833956,7.48015707,288.36,15.69,-0.89,241.67,1,-99.00,-9.00,6.00,9.00,29.00,24.00,13417219,440
157.08,1544593467,1761.66,51.43827313,7.47996454,287.95,15.39,-0.31,242.38,1,-99.00,-9.00,6.00,9.00,29.00,24.00,13417219,440
158.08,1544593468,1777.05,51.43820323,7.47976391,287.50,15.44,0.06,241.98,1,-98.00,-10.00,4.00,8.00,30.00,24.00,13417219,440
159.08,1544593469,1792.49,51.43813610,7.47956168,287.28,15.19,-0.25,242.34,1,-98.00,-10.00,4.00,8.00,30.00,24.00,13417219,440
160.08,1544593470,1807.70,51.43806553,7.47937235,287.00,15.10,-0.09,241.11,1,-95.00,-10.00,3.00,9.00,34.00,24.00,13417219,440
161.08,1544593471,1822.82,51.43800305,7.47918503,287.04,14.56,-0.54,242.26,1,-95.00,-10.00,3.00,9.00,34.00,24.00,13417219,440
162.08,1544593472,1837.33,51.43793747,7.47899859,286.96,14.63,0.07,243.24,1,-94.00,-9.00,5.00,9.00,33.00,24.00,13417219,440
163.08,1544593473,1852.00,51.43787277,7.47879033,286.94,15.36,0.72,244.04,1,-94.00,-9.00,5.00,9.00,33.00,24.00,13417219,440
164.08,1544593474,1867.34,51.43781502,7.47861163,286.79,14.35,-1.00,244.71,1,-87.00,-12.00,7.00,9.00,44.00,24.00,13417219,440
165.08,1544593475,1881.70,51.43774536,7.47839328,286.89,15.64,1.29,243.67,1,-87.00,-12.00,7.00,9.00,44.00,24.00,13417219,440
166.08,1544593476,1897.33,51.43767822,7.47819107,287.28,14.93,-0.70,243.12,1,-92.00,-8.00,-1.00,12.00,34.00,24.00,13417219,440
167.08,1544593477,1912.27,51.43760528,7.47797709,287.77,15.30,0.37,242.53,1,-92.00,-8.00,-1.00,12.00,34.00,24.00,13417219,440
168.08,1544593478,1927.55,51.43753422,7.47776996,288.34,14.72,-0.58,241.92,1,-89.00,-8.00,7.00,9.00,38.00,24.00,13417219,440
169.08,1544593479,1942.29,51.43745767,7.47755225,288.96,13.94,-0.78,242.43,1,-89.00,-8.00,7.00,9.00,38.00,24.00,13417219,440
170.08,1544593480,1956.21,51.43739229,7.47734943,289.30,13.51,-0.43,243.65,1,-84.00,-5.00,4.00,12.00,40.00,19.00,13523715,6
171.08,1544593481,1969.74,51.43733198,7.47716984,289.55,12.72,-0.79,244.08,1,-84.00,-5.00,4.00,12.00,40.00,19.00,13523715,6
172.07,1544593482,1982.42,51.43727145,7.47698305,289.79,13.31,0.59,245.64,1,-89.00,-6.00,10.00,11.00,37.00,19.00,13523715,6
173.08,1544593483,1995.80,51.43722619,7.47680755,290.30,12.21,-1.10,249.01,1,-89.00,-6.00,10.00,11.00,37.00,19.00,13523715,6
174.08,1544593484,2008.00,51.43720850,7.47663863,290.79,10.80,-1.41,263.24,1,-89.00,-12.00,10.00,15.00,41.00,19.00,13523715,6
175.08,1544593485,2018.79,51.43719925,7.47646844,291.59,10.01,-0.79,267.09,1,-89.00,-12.00,10.00,15.00,41.00,19.00,13523715,6
176.09,1544593486,2028.89,51.43722304,7.47633185,292.42,9.43,-0.58,287.50,1,-92.00,-7.00,11.00,9.00,32.00,19.00,13523715,6
177.08,1544593487,2038.22,51.43727082,7.47623481,292.62,8.53,-0.91,313.02,1,-92.00,-7.00,11.00,9.00,32.00,19.00,13523715,6
178.08,1544593488,2046.75,51.43734496,7.47618150,292.95,9.16,0.63,336.88,1,-92.00,-7.00,11.00,9.00,32.00,19.00,13523715,6
179.08,1544593489,2055.92,51.43742222,7.47616745,293.10,7.95,-1.20,1.47,1,-92.00,-7.00,4.00,10.00,33.00,19.00,13523715,6
180.08,1544593490,2063.87,51.43749041,7.47620887,293.14,8.86,0.91,25.29,1,-92.00,-7.00,4.00,10.00,33.00,19.00,13523715,6
181.08,1544593491,2072.73,51.43755927,7.47628581,293.74,9.57,0.71,41.78,1,-93.00,-7.00,13.00,11.00,33.00,19.00,13523715,6
182.09,1544593492,2082.41,51.43762221,7.47638565,294.31,10.21,0.63,44.43,1,-93.00,-7.00,13.00,11.00,33.00,19.00,13523715,6
183.07,1544593493,2092.47,51.43769335,7.47651240,294.95,12.35,2.17,47.18,1,-94.00,-6.00,7.00,9.00,31.00,19.00,13523715,6
184.08,1544593494,2104.88,51.43777881,7.47667277,295.75,13.59,1.23,49.00,1,-94.00,-6.00,7.00,9.00,31.00,19.00,13523715,6
185.08,1544593495,2118.46,51.43786731,7.47684568,296.45,14.58,0.99,50.46,1,-96.00,-12.00,7.00,8.00,34.00,19.00,13523715,6
186.08,1544593496,2133.02,51.43795603,7.47702734,296.70,15.69,1.12,51.75,1,-96.00,-12.00,7.00,8.00,34.00,19.00,13523715,6
187.08,1544593497,2148.73,51.43804461,7.47722329,296.43,16.92,1.22,53.06,1,-95.00,-9.00,8.00,11.00,29.00,19.00,13523715,6
188.08,1544593498,2165.64,51.43813170,7.47741666,296.33,17.43,0.52,53.88,1,-95.00,-9.00,8.00,11.00,29.00,19.00,13523715,6
189.08,1544593499,2183.08,51.43823006,7.47764141,296.36,18.28,0.85,54.53,1,-96.00,-8.00,1.00,7.00,28.00,19.00,13523715,6
190.08,1544593500,2201.36,51.43831253,7.47785225,295.79,19.70,1.42,55.22,1,-96.00,-8.00,1.00,7.00,28.00,19.00,13523715,6
191.08,1544593501,2221.06,51.43840638,7.47807652,295.27,20.13,0.43,55.74,1,-97.00,-8.00,6.00,7.00,28.00,19.00,13523715,6
192.08,1544593502,2241.22,51.43851003,7.47833756,294.97,20.77,0.63,56.94,1,-97.00,-8.00,6.00,7.00,28.00,19.00,13523715,6
193.08,1544593503,2261.98,51.43860746,7.47859183,294.71,21.60,0.83,57.67,1,-102.00,-14.00,-1.00,7.00,29.00,19.00,13523715,6
194.08,1544593504,2283.59,51.43871635,7.47886635,294.46,22.14,0.54,57.50,1,-102.00,-14.00,-1.00,7.00,29.00,19.00,13523715,6
195.08,1544593505,2305.73,51.43882988,7.47915574,293.98,23.21,1.07,57.44,1,-105.00,-14.00,0.00,5.00,25.00,19.00,13523715,6
196.08,1544593506,2328.96,51.43894838,7.47945789,293.47,23.97,0.76,58.15,1,-105.00,-14.00,0.00,5.00,25.00,19.00,13523715,6
197.09,1544593507,2353.07,51.43906995,7.47974661,292.77,24.32,0.35,56.92,1,-108.00,-16.00,-1.00,4.00,25.00,19.00,13523715,6
198.08,1544593508,2377.20,51.43919770,7.48005415,292.55,25.17,0.85,56.02,1,-108.00,-16.00,-1.00,4.00,25.00,19.00,13523715,6
199.08,1544593509,2402.39,51.43933136,7.48036427,292.29,25.25,0.09,56.64,1,-108.00,-16.00,-1.00,4.00,25.00,19.00,13523715,6
200.08,1544593510,2427.61,51.43946427,7.48065237,291.96,24.92,-0.33,54.64,1,-103.00,-9.00,-4.00,6.00,26.00,22.00,13417219,440
201.08,1544593511,2452.53,51.43959743,7.48092830,291.71,25.17,0.25,52.15,1,-103.00,-9.00,-4.00,6.00,26.00,22.00,13417219,440
202.08,1544593512,2477.71,51.43972489,7.48119047,291.44,24.79,-0.38,52.48,1,-103.00,-8.00,2.00,6.00,22.00,22.00,13417219,440
203.08,1544593513,2502.50,51.43985577,7.48145814,291.19,24.42,-0.37,51.31,1,-103.00,-8.00,2.00,6.00,22.00,22.00,13417219,440
204.08,1544593514,2526.95,51.43999760,7.48173285,291.25,24.69,0.26,50.25,1,-103.00,-14.00,1.00,6.00,28.00,22.00,13417219,440
205.08,1544593515,2551.61,51.44014575,7.48199129,291.35,24.68,-0.01,47.24,1,-103.00,-14.00,1.00,6.00,28.00,22.00,13417219,440
206.08,1544593516,2576.26,51.44030977,7.48224959,291.66,24.85,0.18,43.51,1,-109.00,-13.00,-1.00,4.00,23.00,22.00,13417219,440
207.08,1544593517,2601.11,51.44047753,7.48250667,291.49,25.06,0.21,42.64,1,-109.00,-13.00,-1.00,4.00,23.00,22.00,13417219,440
208.08,1544593518,2626.25,51.44064295,7.48273650,291.13,24.58,-0.47,40.85,1,-109.00,-16.00,-7.00,4.00,26.00,22.00,13417219,440
209.08,1544593519,2650.83,51.44080606,7.48296533,290.46,24.68,0.10,39.92,1,-109.00,-16.00,-7.00,4.00,26.00,22.00,13417219,440
210.08,1544593520,2675.47,51.44097291,7.48318287,289.54,24.58,-0.11,38.49,1,-106.00,-15.00,-9.00,6.00,27.00,22.00,13415426,265
211.08,1544593521,2700.04,51.44113861,7.48339611,288.53,24.41,-0.16,37.94,1,-106.00,-15.00,-9.00,6.00,27.00,22.00,13415426,265
212.08,1544593522,2724.51,51.44131178,7.48360106,287.34,24.22,-0.19,35.66,1,-104.00,-12.00,-3.00,5.00,24.00,22.00,13415426,265
213.08,1544593523,2748.71,51.44149344,7.48380593,285.94,24.49,0.26,33.83,1,-104.00,-12.00,-3.00,5.00,24.00,22.00,13415426,265
214.08,1544593524,2773.19,51.44167633,7.48399083,284.37,24.35,-0.13,30.69,1,-108.00,-14.00,-2.00,5.00,25.00,22.00,13415426,265
215.08,1544593525,2797.54,51.44186341,7.48416687,282.89,24.25,-0.10,29.32,1,-108.00,-14.00,-2.00,5.00,25.00,22.00,13415426,265
216.08,1544593526,2821.77,51.44205807,7.48433167,281.82,24.50,0.25,27.98,1,-110.00,-16.00,-3.00,4.00,25.00,22.00,13415426,265
217.08,1544593527,2846.31,51.44225985,7.48450568,281.33,24.46,-0.03,27.17,1,-110.00,-16.00,-3.00,4.00,25.00,22.00,13415426,265
218.09,1544593528,2871.05,51.44245102,7.48466222,280.83,24.40,-0.06,25.93,1,-114.00,-17.00,-6.00,4.00,21.00,22.00,13415426,265
219.08,1544593529,2895.25,51.44265607,7.48482397,280.19,24.17,-0.23,25.17,1,-114.00,-17.00,-6.00,4.00,21.00,22.00,13415426,265
220.08,1544593530,2919.40,51.44285216,7.48496478,279.64,24.01,-0.17,24.23,1,-114.00,-17.00,-6.00,4.00,21.00,22.00,13415426,265
221.08,1544593531,2943.39,51.44304933,7.48510540,279.11,23.96,-0.05,23.78,1,-113.00,-19.00,-8.00,3.00,22.00,22.00,13415426,265
222.08,1544593532,2967.37,51.44324719,7.48524427,278.55,23.91,-0.04,23.71,1,-113.00,-19.00,-8.00,3.00,22.00,22.00,13415426,265
223.08,1544593533,2991.26,51.44343932,7.48537831,278.07,22.91,-1.00,23.24,1,-103.00,-18.00,-11.00,3.00,27.00,22.00,13415426,265
224.08,1544593534,3014.19,51.44361696,7.48549651,277.59,20.94,-1.97,22.98,1,-103.00,-18.00,-11.00,3.00,27.00,22.00,13415426,265
225.08,1544593535,3035.13,51.44378480,7.48560286,277.03,19.41,-1.52,21.53,1,-110.00,-16.00,-8.00,4.00,24.00,22.00,13415426,265
226.08,1544593536,3054.54,51.44394017,7.48570026,276.64,18.65,-0.77,21.57,1,-110.00,-16.00,-8.00,4.00,24.00,22.00,13415426,265
227.08,1544593537,3073.22,51.44410315,7.48579920,276.42,17.28,-1.36,21.42,1,-114.00,-19.00,-10.00,1.00,23.00,17.00,13415170,265
228.08,1544593538,3090.51,51.44424008,7.48588409,275.78,16.09,-1.19,21.89,1,-114.00,-19.00,-10.00,1.00,23.00,17.00,13415170,265
229.08,1544593539,3106.49,51.44436363,7.48597120,275.08,15.16,-0.94,24.12,1,-107.00,-15.00,-7.00,5.00,26.00,17.00,13415170,315
230.08,1544593540,3121.65,51.44447789,7.48606947,274.47,14.51,-0.65,27.63,1,-107.00,-15.00,-7.00,5.00,26.00,17.00,13415170,315
231.08,1544593541,3136.17,51.44456806,7.48620332,273.94,13.44,-1.07,43.27,1,-110.00,-16.00,-4.00,4.00,25.00,17.00,13415170,315
232.08,1544593542,3149.61,51.44464847,7.48634832,273.80,13.48,0.04,47.04,1,-110.00,-16.00,-4.00,4.00,25.00,17.00,13415170,315
233.08,1544593543,3163.10,51.44469608,7.48652929,273.82,13.39,-0.09,69.30,1,-114.00,-18.00,-6.00,4.00,23.00,17.00,13415170,315
234.08,1544593544,3176.49,51.44471311,7.48671184,273.57,12.71,-0.68,84.22,1,-114.00,-18.00,-6.00,4.00,23.00,17.00,13415170,315
235.08,1544593545,3189.25,51.44470140,7.48690458,273.41,12.83,0.11,100.07,1,-119.00,-19.00,-10.00,2.00,18.00,17.00,13415170,315
236.08,1544593546,3202.06,51.44465999,7.48708990,273.48,13.36,0.53,113.82,1,-119.00,-19.00,-10.00,2.00,18.00,17.00,13415170,315
237.08,1544593547,3215.38,51.44459387,7.48724945,273.83,12.57,-0.79,127.44,1,-114.00,-17.00,-9.00,4.00,21.00,24.00,13417219,440
238.08,1544593548,3227.95,51.44450658,7.48737608,273.82,13.57,1.00,141.21,1,-114.00,-17.00,-9.00,4.00,21.00,24.00,13417219,440
239.08,1544593549,3241.56,51.44441180,7.48745890,273.58,13.69,0.12,154.86,1,-114.00,-18.00,-10.00,4.00,19.00,24.00,13417219,440
240.08,1544593550,3255.24,51.44430012,7.48750406,273.40,13.20,-0.49,171.18,1,-114.00,-18.00,-10.00,4.00,19.00,24.00,13417219,440
241.09,1544593551,3268.56,51.44419188,7.48750532,273.04,13.19,-0.02,186.05,1,-116.00,-17.00,-10.00,4.00,16.00,24.00,13417219,440
242.08,1544593552,3281.64,51.44408851,7.48744556,272.51,13.54,0.36,202.09,1,-116.00,-17.00,-10.00,4.00,16.00,24.00,13417219,440
243.08,1544593553,3295.17,51.44398635,7.48737329,271.95,14.02,0.48,205.29,1,-116.00,-17.00,-10.00,4.00,16.00,24.00,13417219,440
244.08,1544593554,3309.16,51.44390623,7.48722850,271.33,14.28,0.26,230.89,1,-111.00,-15.00,-8.00,4.00,22.00,24.00,13417219,440
245.08,1544593555,3323.45,51.44384859,7.48706177,270.81,14.48,0.20,245.27,1,-111.00,-15.00,-8.00,4.00,22.00,24.00,13417219,440
246.08,1544593556,3337.95,51.44381876,7.48686619,270.53,14.62,0.14,259.59,1,-114.00,-18.00,-9.00,2.00,21.00,24.00,13417219,440
247.08,1544593557,3352.56,51.44379296,7.48665368,270.31,15.09,0.48,262.19,1,-114.00,-18.00,-9.00,2.00,21.00,24.00,13417219,440
248.08,1544593558,3367.64,51.44377561,7.48642775,269.49,15.85,0.76,264.41,1,-107.00,-19.00,-12.00,4.00,23.00,24.00,13417219,440
249.08,1544593559,3383.49,51.44376433,7.48618954,268.34,16.61,0.76,265.65,1,-107.00,-19.00,-12.00,4.00,23.00,24.00,13417219,440
250.08,1544593560,3400.09,51.44375081,7.48592840,267.18,17.35,0.75,266.21,1,-115.00,-18.00,-12.00,3.00,19.00,24.00,13417219,440
251.08,1544593561,3417.43,51.44374488,7.48569093,266.51,18.43,1.07,266.65,1,-115.00,-18.00,-12.00,3.00,19.00,24.00,13417219,440
252.08,1544593562,3435.86,51.44374057,7.48541196,266.51,17.33,-1.09,266.52,1,-118.00,-19.00,-12.00,1.00,20.00,24.00,13417219,440
253.08,1544593563,3453.19,51.44373391,7.48513759,266.55,18.91,1.58,267.15,1,-118.00,-19.00,-12.00,1.00,20.00,24.00,13417219,440
254.08,1544593564,3472.09,51.44372638,7.48487218,266.08,18.53,-0.38,267.62,1,-116.00,-15.00,-14.00,3.00,18.00,67.00,13177857,440
255.08,1544593565,3490.60,51.44371816,7.48454848,265.84,21.45,2.92,268.32,1,-116.00,-15.00,-14.00,3.00,18.00,67.00,13177857,440
256.08,1544593566,3512.10,51.44371246,7.48423806,265.68,21.76,0.30,269.11,1,-114.00,-16.00,-13.00,5.00,21.00,21.00,13415426,265
257.08,1544593567,3533.90,51.44370896,7.48392905,265.42,21.81,0.05,268.60,1,-114.00,-16.00,-13.00,5.00,21.00,21.00,13415426,265
258.08,1544593568,3555.71,51.44370796,7.48360475,264.91,21.63,-0.18,268.22,1,-110.00,-17.00,-8.00,4.00,24.00,21.00,13415426,265
259.08,1544593569,3577.29,51.44370600,7.48329368,264.26,21.31,-0.32,268.00,1,-110.00,-17.00,-8.00,4.00,24.00,21.00,13415426,265
260.08,1544593570,3598.64,51.44370602,7.48298447,263.78,21.22,-0.09,267.79,1,-111.00,-16.00,-7.00,4.00,22.00,21.00,13415426,265
261.08,1544593571,3619.89,51.44370147,7.48266893,263.44,21.31,0.09,267.88,1,-111.00,-16.00,-7.00,4.00,22.00,21.00,13415426,265
262.09,1544593572,3641.37,51.44369318,7.48235322,263.22,21.42,0.11,267.32,1,-110.00,-15.00,-6.00,5.00,21.00,21.00,13415426,265
263.08,1544593573,3662.62,51.44367868,7.48203631,263.09,21.61,0.19,266.71,1,-110.00,-15.00,-6.00,5.00,21.00,21.00,13415426,265
264.08,1544593574,3684.23,51.44366607,7.48172320,263.01,21.76,0.15,266.47,1,-110.00,-15.00,-6.00,5.00,21.00,21.00,13415426,265
265.08,1544593575,3706.04,51.44365287,7.48141316,262.76,21.99,0.23,265.65,1,-110.00,-15.00,-5.00,4.00,23.00,21.00,13415426,265
266.08,1544593576,3728.01,51.44363936,7.48110108,262.39,22.08,0.09,265.64,1,-110.00,-15.00,-5.00,4.00,23.00,21.00,13415426,265
267.08,1544593577,3750.07,51.44362442,7.48078416,262.08,22.21,0.12,264.99,1,-110.00,-15.00,-4.00,5.00,23.00,21.00,13415426,265
268.08,1544593578,3772.25,51.44360975,7.48047167,262.00,22.36,0.15,264.92,1,-110.00,-15.00,-4.00,5.00,23.00,21.00,13415426,265
269.08,1544593579,3794.52,51.44358964,7.48014557,261.95,22.65,0.30,264.22,1,-110.00,-7.00,-5.00,9.00,21.00,81.00,13067273,288
270.08,1544593580,3817.17,51.44356412,7.47981817,261.92,22.89,0.24,262.95,1,-110.00,-7.00,-5.00,9.00,21.00,81.00,13067273,288
271.08,1544593581,3840.15,51.44353912,7.47948533,261.75,23.19,0.30,262.36,1,-116.00,-9.00,4.00,6.00,9.00,81.00,13067273,288
272.08,1544593582,3863.31,51.44351274,7.47915076,261.57,23.56,0.38,262.52,1,-116.00,-9.00,4.00,6.00,9.00,81.00,13067273,288
273.08,1544593583,3886.82,51.44348524,7.47881342,261.35,24.01,0.45,262.62,1,-117.00,-9.00,3.00,6.00,10.00,81.00,13067273,288
274.08,1544593584,3910.83,51.44345829,7.47847557,261.47,24.45,0.44,262.84,1,-117.00,-9.00,3.00,6.00,10.00,81.00,13067273,288
275.08,1544593585,3935.28,51.44342962,7.47811911,261.87,24.83,0.38,262.83,1,-117.00,-12.00,3.00,8.00,9.00,81.00,13067273,288
276.08,1544593586,3960.08,51.44340197,7.47776230,262.40,24.83,-0.00,262.72,1,-117.00,-12.00,3.00,8.00,9.00,81.00,13067273,288
277.08,1544593587,3984.91,51.44337409,7.47740757,262.98,24.82,-0.01,262.43,1,-101.00,-12.00,2.00,9.00,27.00,16.00,13415426,288
278.08,1544593588,4009.75,51.44334603,7.47705503,263.55,24.81,-0.01,262.43,1,-101.00,-12.00,2.00,9.00,27.00,16.00,13415426,288
279.08,1544593589,4034.61,51.44331704,7.47670935,264.02,25.12,0.31,262.03,1,-101.00,-13.00,3.00,5.00,30.00,16.00,13415426,265
280.08,1544593590,4059.70,51.44328282,7.47635330,264.36,25.51,0.39,261.77,1,-101.00,-13.00,3.00,5.00,30.00,16.00,13415426,265
281.08,1544593591,4085.24,51.44324829,7.47598581,264.55,25.94,0.43,261.50,1,-106.00,-14.00,2.00,6.00,27.00,16.00,13415426,265
282.08,1544593592,4111.13,51.44320862,7.47561539,264.60,26.50,0.56,260.48,1,-106.00,-14.00,2.00,6.00,27.00,16.00,13415426,265
283.09,1544593593,4137.84,51.44316228,7.47522714,264.07,27.10,0.59,259.42,1,-107.00,-15.00,0.00,7.00,26.00,16.00,13415426,265
284.08,1544593594,4164.78,51.44311254,7.47484243,263.66,27.71,0.61,258.10,1,-107.00,-15.00,0.00,7.00,26.00,16.00,13415426,265
285.19,1544593595,4195.43,51.44305834,7.47444366,262.81,28.07,0.33,257.91,1,-109.00,-15.00,1.00,6.00,25.00,16.00,13415426,265
286.18,1544593596,4223.34,51.44300231,7.47403634,261.63,28.95,0.88,257.43,1,-109.00,-15.00,1.00,6.00,25.00,16.00,13415426,265
287.18,1544593597,4252.29,51.44294479,7.47362500,260.44,29.63,0.68,257.56,1,-109.00,-15.00,1.00,6.00,25.00,16.00,13415426,265
288.18,1544593598,4281.86,51.44288685,7.47320034,259.25,30.43,0.80,258.13,1,-97.00,-12.00,2.00,10.00,31.00,16.00,13415426,265
289.18,1544593599,4312.29,51.44282964,7.47277015,258.07,30.91,0.48,258.81,1,-97.00,-12.00,2.00,10.00,31.00,16.00,13415426,265
290.18,1544593600,4343.20,51.44277095,7.47232886,256.93,31.53,0.62,258.43,1,-106.00,-14.00,2.00,6.00,25.00,16.00,13415426,265
291.18,1544593601,4374.74,51.44271127,7.47188423,255.98,31.65,0.12,258.38,1,-106.00,-14.00,2.00,6.00,25.00,16.00,13415426,265
292.18,1544593602,4406.39,51.44265295,7.47143852,254.95,31.71,0.06,258.37,1,-106.00,-15.00,3.00,7.00,26.00,16.00,13415426,265
293.18,1544593603,4438.13,51.44259482,7.47099213,253.95,31.69,-0.01,258.56,1,-106.00,-15.00,3.00,7.00,26.00,16.00,13415426,265
294.18,1544593604,4469.79,51.44253715,7.47054577,252.96,31.61,-0.09,258.23,1,-105.00,-14.00,5.00,8.00,27.00,16.00,13415426,265
295.17,1544593605,4501.30,51.44248197,7.47011063,252.52,31.60,-0.00,258.22,1,-105.00,-14.00,5.00,8.00,27.00,16.00,13415426,265
296.18,1544593606,4533.04,51.44242224,7.46965702,251.86,31.62,0.02,257.86,1,-101.00,-13.00,4.00,7.00,30.00,16.00,13415426,265
297.18,1544593607,4564.63,51.44236405,7.46920985,250.88,31.66,0.04,257.92,1,-101.00,-13.00,4.00,7.00,30.00,16.00,13415426,265
298.18,1544593608,4596.32,51.44230827,7.46877004,249.91,31.69,0.03,257.80,1,-108.00,-13.00,6.00,6.00,24.00,16.00,13415426,265
299.18,1544593609,4627.99,51.44225216,7.46832681,248.93,31.52,-0.18,258.37,1,-108.00,-13.00,6.00,6.00,24.00,16.00,13415426,265
300.18,1544593610,4659.54,51.44219695,7.46788422,247.86,31.49,-0.03,258.73,1,-110.00,-14.00,4.00,8.00,23.00,16.00,13415426,265
301.18,1544593611,4690.99,51.44214248,7.46744183,246.86,31.84,0.35,258.90,1,-110.00,-14.00,4.00,8.00,23.00,16.00,13415426,265
302.18,1544593612,4722.83,51.44209312,7.46699087,246.26,32.14,0.31,259.22,1,-111.00,-15.00,-1.00,5.00,22.00,16.00,13415426,265
303.18,1544593613,4754.97,51.44204254,7.46653781,245.92,32.46,0.32,259.45,1,-111.00,-15.00,-1.00,5.00,22.00,16.00,13415426,265
304.18,1544593614,4787.43,51.44199278,7.46608281,245.67,32.66,0.19,259.82,1,-101.00,-19.00,-6.00,4.00,29.00,16.00,13415426,265
305.18,1544593615,4820.06,51.44194909,7.46561713,245.25,32.43,-0.23,260.59,1,-101.00,-19.00,-6.00,4.00,29.00,16.00,13415426,265
306.19,1544593616,4853.04,51.44190366,7.46515031,244.85,32.36,-0.06,260.94,1,-112.00,-15.00,-7.00,4.00,22.00,16.00,13415426,265
307.18,1544593617,4885.05,51.44186426,7.46469233,244.60,32.32,-0.04,261.73,1,-112.00,-15.00,-7.00,4.00,22.00,16.00,13415426,265
308.18,1544593618,4917.44,51.44182479,7.46422974,244.12,32.30,-0.02,262.45,1,-112.00,-15.00,-7.00,4.00,22.00,16.00,13415426,265
309.18,1544593619,4949.68,51.44178721,7.46376609,243.54,32.39,0.09,262.72,1,-114.00,-16.00,-8.00,4.00,20.00,16.00,13415426,265
310.18,1544593620,4982.10,51.44175886,7.46330495,243.11,32.42,0.03,263.65,1,-114.00,-16.00,-8.00,4.00,20.00,16.00,13415426,265
311.18,1544593621,5014.36,51.44172944,7.46284731,242.80,32.56,0.14,264.23,1,-109.00,-15.00,-3.00,6.00,25.00,13.00,13415427,264
312.18,1544593622,5046.96,51.44169992,7.46237345,242.52,32.84,0.28,264.63,1,-109.00,-15.00,-3.00,6.00,25.00,13.00,13415427,264
313.18,1544593623,5079.70,51.44167645,7.46190013,242.34,33.02,0.18,265.13,1,-102.00,-15.00,-1.00,8.00,31.00,13.00,13415427,264
314.18,1544593624,5112.78,51.44165312,7.46142236,242.30,33.32,0.30,265.45,1,-102.00,-15.00,-1.00,8.00,31.00,13.00,13415427,264
315.18,1544593625,5146.10,51.44162945,7.46094316,242.29,33.57,0.25,265.94,1,-102.00,-14.00,1.00,7.00,30.00,13.00,13415427,264
316.18,1544593626,5179.67,51.44161316,7.46046037,242.17,33.47,-0.10,266.88,1,-102.00,-14.00,1.00,7.00,30.00,13.00,13415427,264
317.18,1544593627,5213.14,51.44159760,7.45998492,241.90,32.87,-0.60,267.54,1,-101.00,-14.00,3.00,7.00,31.00,13.00,13415427,264
318.20,1544593628,5246.67,51.44158718,7.45951618,241.57,32.40,-0.46,267.98,1,-101.00,-14.00,3.00,7.00,31.00,13.00,13415427,264
319.18,1544593629,5278.32,51.44157775,7.45904802,241.25,32.52,0.12,268.42,1,-98.00,-13.00,4.00,11.00,33.00,13.00,13415427,264
320.18,1544593630,5310.94,51.44156887,7.45858030,240.96,32.66,0.15,268.77,1,-98.00,-13.00,4.00,11.00,33.00,13.00,13415427,264
321.18,1544593631,5343.57,51.44156122,7.45811015,240.67,32.85,0.19,268.87,1,-98.00,-14.00,5.00,7.00,34.00,13.00,13415427,264
322.18,1544593632,5376.42,51.44156051,7.45763611,240.37,32.98,0.13,269.45,1,-98.00,-14.00,5.00,7.00,34.00,13.00,13415427,264
323.18,1544593633,5409.43,51.44156072,7.45716116,240.03,32.98,-0.00,270.25,1,-103.00,-15.00,2.00,7.00,27.00,13.00,13415427,264
324.18,1544593634,5442.41,51.44156617,7.45669151,239.59,32.36,-0.62,270.77,1,-103.00,-15.00,2.00,7.00,27.00,13.00,13415427,264
325.18,1544593635,5474.80,51.44157043,7.45623350,239.27,31.64,-0.71,270.88,1,-105.00,-11.00,4.00,9.00,24.00,13.00,13415427,264
326.18,1544593636,5506.41,51.44157418,7.45578410,238.87,30.77,-0.87,271.08,1,-105.00,-11.00,4.00,9.00,24.00,13.00,13415427,264
327.19,1544593637,5537.58,51.44158048,7.45534647,238.56,29.93,-0.83,271.64,1,-99.00,-9.00,9.00,11.00,29.00,13.00,13415427,264
328.18,1544593638,5567.09,51.44159170,7.45492063,238.55,29.72,-0.21,272.17,1,-99.00,-9.00,9.00,11.00,29.00,13.00,13415427,264
329.18,1544593639,5596.85,51.44160314,7.45448989,238.49,29.93,0.21,272.89,1,-99.00,-9.00,9.00,11.00,29.00,13.00,13415427,264
330.18,1544593640,5626.69,51.44161968,7.45405805,238.30,30.06,0.13,273.44,1,-98.00,-12.00,8.00,11.00,33.00,13.00,13415427,264
331.18,1544593641,5656.84,51.44163732,7.45362905,238.08,30.36,0.30,274.25,1,-98.00,-12.00,8.00,11.00,33.00,13.00,13415427,264
332.18,1544593642,5687.17,51.44166222,7.45318396,237.87,30.72,0.35,274.86,1,-99.00,-10.00,8.00,10.00,28.00,13.00,13415427,264
333.18,1544593643,5717.89,51.44168539,7.45273595,237.88,31.03,0.32,275.48,1,-99.00,-10.00,8.00,10.00,28.00,13.00,13415427,264
334.18,1544593644,5748.95,51.44170905,7.45228459,238.03,31.61,0.58,275.65,1,-104.00,-15.00,1.00,5.00,27.00,13.00,13415427,264
335.18,1544593645,5780.53,51.44174014,7.45182874,237.97,31.58,-0.03,276.00,1,-104.00,-15.00,1.00,5.00,27.00,13.00,13415427,264
336.18,1544593646,5812.24,51.44177194,7.45138285,237.80,31.09,-0.49,276.76,1,-107.00,-15.00,-7.00,5.00,24.00,13.00,13415427,264
337.18,1544593647,5843.30,51.44180943,7.45094421,237.56,30.53,-0.56,277.47,1,-107.00,-15.00,-7.00,5.00,24.00,13.00,13415427,264
338.18,1544593648,5873.76,51.44184583,7.45051177,237.31,29.91,-0.62,277.93,1,-104.00,-13.00,-5.00,7.00,27.00,13.00,13415427,264
339.18,1544593649,5903.67,51.44188170,7.45008160,236.92,29.90,-0.01,278.13,1,-104.00,-13.00,-5.00,7.00,27.00,13.00,13415427,264
340.18,1544593650,5933.57,51.44191824,7.44965631,236.60,30.16,0.26,278.29,1,-103.00,-14.00,0.00,7.00,29.00,13.00,13415427,264
341.18,1544593651,5963.76,51.44195961,7.44922458,236.36,30.54,0.37,278.58,1,-103.00,-14.00,0.00,7.00,29.00,13.00,13415427,264
342.18,1544593652,5994.21,51.44199987,7.44878411,236.00,30.89,0.35,278.89,1,-106.00,-16.00,1.00,6.00,25.00,13.00,13415427,264
343.18,1544593653,6025.34,51.44204236,7.44834343,235.68,31.49,0.60,279.45,1,-106.00,-16.00,1.00,6.00,25.00,13.00,13415427,264
344.18,1544593654,6056.55,51.44209655,7.44788988,235.53,32.18,0.69,280.31,1,-94.00,-8.00,7.00,15.00,35.00,13.00,13415427,264
345.18,1544593655,6088.73,51.44215064,7.44743165,235.40,32.73,0.56,281.08,1,-94.00,-8.00,7.00,15.00,35.00,13.00,13415427,264
346.18,1544593656,6121.56,51.44220597,7.44696455,235.24,33.29,0.55,281.29,1,-101.00,-12.00,8.00,6.00,31.00,13.00,13415427,264
347.17,1544593657,6154.71,51.44227054,7.44649043,235.12,33.67,0.39,282.12,1,-101.00,-12.00,8.00,6.00,31.00,13.00,13415427,264
348.18,1544593658,6188.72,51.44233646,7.44601077,235.11,34.11,0.43,282.50,1,-104.00,-14.00,6.00,10.00,29.00,13.00,13415427,264
349.18,1544593659,6222.56,51.44240799,7.44552977,235.05,34.57,0.46,283.18,1,-104.00,-14.00,6.00,10.00,29.00,13.00,13415427,264
350.18,1544593660,6257.17,51.44247924,7.44504291,234.93,35.05,0.48,283.24,1,-104.00,-14.00,6.00,10.00,29.00,13.00,13415427,264
351.18,1544593661,6292.25,51.44255236,7.44454855,234.81,35.37,0.32,283.28,1,-103.00,-13.00,6.00,6.00,28.00,13.00,13415427,264
352.18,1544593662,6327.62,51.44262747,7.44404764,234.70,35.91,0.53,284.16,1,-103.00,-13.00,6.00,6.00,28.00,13.00,13415427,264
353.18,1544593663,6363.56,51.44271129,7.44354407,234.58,36.37,0.46,284.79,1,-105.00,-14.00,3.00,7.00,27.00,13.00,13415427,264
354.18,1544593664,6399.93,51.44279578,7.44303842,234.43,36.48,0.11,285.01,1,-105.00,-14.00,3.00,7.00,27.00,13.00,13415427,264
355.18,1544593665,6436.41,51.44288158,7.44253465,234.05,36.39,-0.09,285.64,1,-106.00,-14.00,1.00,5.00,26.00,13.00,13415427,264
356.18,1544593666,6472.80,51.44297421,7.44204137,233.41,36.02,-0.37,286.38,1,-106.00,-14.00,1.00,5.00,26.00,13.00,13415427,264
357.18,1544593667,6508.82,51.44306697,7.44154606,232.57,36.11,0.09,286.65,1,-107.00,-15.00,0.00,5.00,26.00,13.00,13415427,264
358.18,1544593668,6544.92,51.44315919,7.44104634,231.78,36.29,0.18,287.34,1,-107.00,-15.00,0.00,5.00,26.00,13.00,13415427,264
359.18,1544593669,6581.25,51.44326085,7.44054844,231.19,35.96,-0.32,287.90,1,-111.00,-15.00,-2.00,5.00,22.00,13.00,13415427,264
360.18,1544593670,6617.18,51.44336059,7.44005961,230.75,35.45,-0.52,288.20,1,-111.00,-15.00,-2.00,5.00,22.00,13.00,13415427,264
361.18,1544593671,6652.66,51.44345888,7.43957980,230.31,34.86,-0.58,288.61,1,-106.00,-11.00,-5.00,6.00,27.00,27.00,13246978,157
362.18,1544593672,6687.46,51.44356184,7.43911134,229.82,34.64,-0.22,289.19,1,-106.00,-11.00,-5.00,6.00,27.00,27.00,13246978,157
363.18,1544593673,6722.13,51.44366617,7.43863998,229.23,34.73,0.08,289.96,1,-106.00,-14.00,-2.00,9.00,25.00,27.00,13246978,157
364.18,1544593674,6756.75,51.44377758,7.43816860,228.52,35.10,0.38,290.49,1,-106.00,-14.00,-2.00,9.00,25.00,27.00,13246978,157
365.18,1544593675,6791.89,51.44389017,7.43769316,227.66,35.44,0.33,290.72,1,-106.00,-14.00,3.00,5.00,27.00,27.00,13246978,157
366.18,1544593676,6827.37,51.44400475,7.43721140,226.74,35.74,0.30,291.13,1,-106.00,-14.00,3.00,5.00,27.00,27.00,13246978,157
367.18,1544593677,6863.10,51.44412098,7.43674202,225.48,35.57,-0.17,291.85,1,-104.00,-14.00,2.00,7.00,27.00,27.00,13246978,157
368.18,1544593678,6898.64,51.44423912,7.43626781,224.21,35.52,-0.05,292.12,1,-104.00,-14.00,2.00,7.00,27.00,27.00,13246978,157
369.19,1544593679,6934.47,51.44436472,7.43578324,222.83,35.70,0.18,293.28,1,-106.00,-15.00,1.00,6.00,28.00,27.00,13246978,157
370.18,1544593680,6969.89,51.44449165,7.43530645,221.25,35.74,0.05,293.79,1,-106.00,-15.00,1.00,6.00,28.00,27.00,13246978,157
371.18,1544593681,7005.63,51.44462115,7.43484937,219.16,35.79,0.05,294.47,1,-106.00,-15.00,1.00,6.00,28.00,27.00,13246978,157
372.18,1544593682,7041.46,51.44475379,7.43437833,216.94,36.03,0.24,295.20,1,-106.00,-13.00,2.00,8.00,25.00,29.00,13415427,264
373.18,1544593683,7077.45,51.44489848,7.43391407,214.80,36.19,0.16,296.91,1,-106.00,-13.00,2.00,8.00,25.00,29.00,13415427,264
374.18,1544593684,7113.78,51.44504392,7.43345580,212.82,36.12,-0.06,297.82,1,-111.00,-15.00,0.00,5.00,22.00,34.00,13395457,264
375.18,1544593685,7149.86,51.44520261,7.43300946,211.03,36.01,-0.11,299.48,1,-111.00,-15.00,0.00,5.00,22.00,34.00,13395457,264
376.18,1544593686,7185.80,51.44536879,7.43256644,209.18,35.96,-0.05,301.20,1,-111.00,-13.00,-1.00,6.00,20.00,34.00,13395457,111
377.18,1544593687,7221.76,51.44553942,7.43212602,207.25,35.84,-0.12,302.36,1,-111.00,-13.00,-1.00,6.00,20.00,34.00,13395457,111
378.18,1544593688,7257.53,51.44571483,7.43169587,205.42,35.66,-0.18,303.85,1,-104.00,-15.00,-1.00,5.00,26.00,34.00,13395457,111
379.18,1544593689,7293.26,51.44589569,7.43128035,203.73,35.22,-0.43,305.38,1,-104.00,-15.00,-1.00,5.00,26.00,34.00,13395457,111
380.18,1544593690,7328.41,51.44608163,7.43087814,202.21,34.73,-0.50,306.67,1,-105.00,-14.00,-1.00,7.00,26.00,34.00,13395457,111
381.18,1544593691,7363.14,51.44627191,7.43048789,200.98,34.41,-0.31,308.01,1,-105.00,-14.00,-1.00,7.00,26.00,34.00,13395457,111
382.18,1544593692,7397.52,51.44646636,7.43010874,199.88,34.09,-0.32,309.68,1,-103.00,-14.00,1.00,7.00,29.00,34.00,13395457,111
383.18,1544593693,7431.58,51.44666441,7.42974188,198.74,34.05,-0.04,311.13,1,-103.00,-14.00,1.00,7.00,29.00,34.00,13395457,111
384.18,1544593694,7465.69,51.44686777,7.42938034,197.52,34.10,0.05,312.68,1,-95.00,-13.00,7.00,14.00,31.00,34.00,13395457,111
385.19,1544593695,7500.07,51.44707752,7.42902426,196.11,33.97,-0.12,313.79,1,-95.00,-13.00,7.00,14.00,31.00,34.00,13395457,111
386.18,1544593696,7533.70,51.44729227,7.42867942,194.71,33.73,-0.24,315.35,1,-93.00,-13.00,9.00,13.00,31.00,34.00,13395457,111
387.18,1544593697,7567.46,51.44751305,7.42834103,193.31,33.66,-0.07,316.56,1,-93.00,-13.00,9.00,13.00,31.00,34.00,13395457,111
388.18,1544593698,7601.16,51.44773841,7.42801363,191.83,33.73,0.07,318.47,1,-95.00,-8.00,10.00,8.00,25.00,34.00,13395457,111
389.18,1544593699,7634.82,51.44796787,7.42769503,190.36,33.76,0.03,319.54,1,-95.00,-8.00,10.00,8.00,25.00,34.00,13395457,111
390.19,1544593700,7669.02,51.44820280,7.42738475,188.97,34.03,0.26,320.93,1,-98.00,-9.00,8.00,11.00,24.00,34.00,13395457,111
391.18,1544593701,7702.74,51.44844283,7.42708409,187.70,34.34,0.32,322.68,1,-98.00,-9.00,8.00,11.00,24.00,34.00,13395457,111
392.18,1544593702,7737.01,51.44869009,7.42678938,186.32,34.31,-0.03,324.03,1,-98.00,-9.00,8.00,11.00,24.00,34.00,13395457,111
393.18,1544593703,7771.33,51.44894062,7.42650643,184.88,34.35,0.03,325.20,1,-99.00,-12.00,6.00,4.00,30.00,34.00,13395457,111
394.18,1544593704,7805.91,51.44919559,7.42623357,183.40,34.50,0.16,326.65,1,-99.00,-12.00,6.00,4.00,30.00,34.00,13395457,111
395.18,1544593705,7840.24,51.44945210,7.42597611,182.06,34.49,-0.02,327.91,1,-100.00,-14.00,1.00,5.00,29.00,34.00,13395457,111
396.18,1544593706,7874.70,51.44971953,7.42572524,180.46,34.29,-0.20,329.76,1,-100.00,-14.00,1.00,5.00,29.00,34.00,13395457,111
397.18,1544593707,7908.95,51.44999060,7.42548745,178.77,34.53,0.24,331.18,1,-98.00,-14.00,0.00,6.00,32.00,34.00,13395457,111
398.18,1544593708,7943.41,51.45026560,7.42526173,177.44,34.65,0.13,332.83,1,-98.00,-14.00,0.00,6.00,32.00,34.00,13395457,111
399.18,1544593709,7978.09,51.45054448,7.42504582,176.31,34.57,-0.09,333.99,1,-99.00,-14.00,-3.00,7.00,30.00,34.00,13395457,111
400.18,1544593710,8012.73,51.45082500,7.42484167,175.20,34.48,-0.08,335.62,1,-99.00,-14.00,-3.00,7.00,30.00,34.00,13395457,111
401.18,1544593711,8047.18,51.45111224,7.42464352,173.84,34.29,-0.19,337.19,1,-94.00,-13.00,0.00,7.00,34.00,34.00,13395457,111
402.18,1544593712,8081.47,51.45139570,7.42445714,172.76,34.34,0.05,338.22,1,-94.00,-13.00,0.00,7.00,34.00,34.00,13395457,111
403.18,1544593713,8115.85,51.45168578,7.42427996,171.46,34.61,0.27,339.62,1,-96.00,-16.00,-4.00,5.00,35.00,34.00,13395457,111
404.18,1544593714,8150.43,51.45197694,7.42411151,170.16,34.71,0.10,340.84,1,-96.00,-16.00,-4.00,5.00,35.00,34.00,13395457,111
405.18,1544593715,8185.14,51.45227090,7.42394676,168.76,34.84,0.13,341.23,1,-98.00,-9.00,-2.00,5.00,35.00,20.00,13395457,111
406.18,1544593716,8219.95,51.45256586,7.42379161,167.44,34.93,0.09,341.81,1,-98.00,-9.00,-2.00,5.00,35.00,20.00,13395457,111
407.18,1544593717,8254.84,51.45286327,7.42363421,166.19,35.02,0.09,341.83,1,-89.00,-8.00,-9.00,6.00,44.00,15.00,13523459,175
408.18,1544593718,8289.93,51.45316279,7.42349448,165.11,35.12,0.10,342.91,1,-89.00,-8.00,-9.00,6.00,44.00,15.00,13523459,175
409.18,1544593719,8325.20,51.45346556,7.42335167,164.19,35.30,0.18,343.37,1,-97.00,-13.00,-6.00,3.00,33.00,15.00,13523459,175
410.18,1544593720,8360.47,51.45377074,7.42321043,163.21,35.35,0.04,343.62,1,-97.00,-13.00,-6.00,3.00,33.00,15.00,13523459,175
411.19,1544593721,8396.06,51.45407448,7.42307066,162.15,35.42,0.08,343.80,1,-98.00,-19.00,-7.00,1.00,34.00,15.00,13523459,175
412.18,1544593722,8431.20,51.45438055,7.42292745,161.03,35.70,0.28,343.70,1,-98.00,-19.00,-7.00,1.00,34.00,15.00,13523459,175
413.18,1544593723,8466.87,51.45468524,7.42278551,159.95,35.66,-0.04,343.72,1,-98.00,-19.00,-7.00,1.00,34.00,15.00,13523459,175
414.18,1544593724,8502.53,51.45498896,7.42264578,159.10,35.48,-0.19,343.46,1,-90.00,-15.00,-6.00,7.00,40.00,15.00,13523459,175
415.18,1544593725,8537.97,51.45529621,7.42250572,158.40,35.39,-0.09,342.55,1,-90.00,-15.00,-6.00,7.00,40.00,15.00,13523459,175
416.18,1544593726,8573.36,51.45560534,7.42235912,157.74,35.38,-0.01,342.02,1,-94.00,-14.00,-3.00,4.00,35.00,15.00,13523459,175
417.18,1544593727,8608.73,51.45590565,7.42219179,157.30,35.14,-0.23,341.16,1,-94.00,-14.00,-3.00,4.00,35.00,15.00,13523459,175
418.18,1544593728,8643.87,51.45621032,7.42202934,157.01,35.18,0.04,340.69,1,-87.00,-11.00,6.00,15.00,41.00,15.00,13523459,175
419.18,1544593729,8679.09,51.45651272,7.42185633,156.81,35.25,0.06,339.91,1,-87.00,-11.00,6.00,15.00,41.00,15.00,13523459,175
420.18,1544593730,8714.30,51.45680884,7.42167701,156.58,35.31,0.07,338.72,1,-90.00,-11.00,8.00,10.00,39.00,15.00,13523459,175
421.18,1544593731,8749.61,51.45710025,7.42148733,156.13,35.54,0.23,337.49,1,-90.00,-11.00,8.00,10.00,39.00,15.00,13523459,175
422.18,1544593732,8785.26,51.45739338,7.42128381,155.73,35.61,0.07,336.25,1,-93.00,-8.00,6.00,9.00,30.00,15.00,13523459,175
423.18,1544593733,8820.91,51.45768708,7.42107776,155.33,35.81,0.20,335.78,1,-93.00,-8.00,6.00,9.00,30.00,15.00,13523459,175
424.18,1544593734,8856.54,51.45797526,7.42086168,155.14,35.88,0.07,334.63,1,-90.00,-12.00,-3.00,7.00,40.00,15.00,13523459,175
425.18,1544593735,8892.43,51.45826259,7.42063209,155.05,36.03,0.15,333.32,1,-90.00,-12.00,-3.00,7.00,40.00,15.00,13523459,175
426.18,1544593736,8928.50,51.45855040,7.42039803,155.00,36.19,0.16,332.32,1,-90.00,-8.00,2.00,10.00,36.00,15.00,13523459,175
427.18,1544593737,8964.73,51.45883441,7.42014933,154.99,36.28,0.09,331.26,1,-90.00,-8.00,2.00,10.00,36.00,15.00,13523459,175
428.18,1544593738,9000.97,51.45911977,7.41989576,154.85,36.35,0.07,330.38,1,-89.00,-8.00,-2.00,10.00,36.00,15.00,13523459,175
429.18,1544593739,9037.32,51.45940359,7.41962914,154.80,36.39,0.04,329.68,1,-89.00,-8.00,-2.00,10.00,36.00,15.00,13523459,175
430.18,1544593740,9073.75,51.45968690,7.41935019,154.84,36.56,0.17,328.31,1,-88.00,-7.00,-5.00,6.00,37.00,10.00,13395457,111
431.18,1544593741,9110.20,51.45996191,7.41906421,155.03,36.60,0.04,326.79,1,-88.00,-7.00,-5.00,6.00,37.00,10.00,13395457,111
432.18,1544593742,9147.02,51.46023713,7.41877531,155.23,36.79,0.19,325.89,1,-96.00,-14.00,0.00,6.00,37.00,10.00,13395457,111
433.18,1544593743,9183.81,51.46050433,7.41846916,155.24,36.85,0.06,324.64,1,-96.00,-14.00,0.00,6.00,37.00,10.00,13395457,111
434.18,1544593744,9220.66,51.46077044,7.41815356,155.13,36.91,0.06,323.57,1,-96.00,-14.00,0.00,6.00,37.00,10.00,13395457,111
435.18,1544593745,9257.39,51.46104094,7.41783152,154.69,37.05,0.14,322.81,1,-88.00,-10.00,6.00,10.00,43.00,10.00,13395457,111
436.18,1544593746,9294.47,51.46130130,7.41750130,154.50,37.21,0.16,321.55,1,-88.00,-10.00,6.00,10.00,43.00,10.00,13395457,111
437.18,1544593747,9331.68,51.46155901,7.41716274,154.35,37.17,-0.04,320.49,1,-87.00,-8.00,7.00,1.00,40.00,10.00,13395457,111
438.18,1544593748,9368.86,51.46181793,7.41682167,154.15,37.37,0.19,319.61,1,-87.00,-8.00,7.00,1.00,40.00,10.00,13395457,111
439.18,1544593749,9406.18,51.46206817,7.41646563,154.01,37.40,0.03,318.49,1,-89.00,-9.00,10.00,14.00,39.00,10.00,13395457,111
440.18,1544593750,9443.58,51.46231622,7.41610391,153.97,37.65,0.26,317.49,1,-89.00,-9.00,10.00,14.00,39.00,10.00,13395457,111
441.18,1544593751,9481.20,51.46256532,7.41573789,154.05,37.80,0.15,316.54,1,-82.00,-8.00,5.00,13.00,45.00,10.00,13395457,111
442.18,1544593752,9519.27,51.46281086,7.41535526,154.09,37.93,0.12,315.65,1,-82.00,-8.00,5.00,13.00,45.00,10.00,13395457,111
443.18,1544593753,9556.93,51.46304703,7.41496628,154.30,38.10,0.17,314.37,1,-87.00,-11.00,12.00,11.00,42.00,10.00,13395457,111
444.18,1544593754,9595.03,51.46328473,7.41457373,154.63,38.25,0.15,313.67,1,-87.00,-11.00,12.00,11.00,42.00,10.00,13395457,111
445.18,1544593755,9633.36,51.46351480,7.41416378,154.90,38.21,-0.04,311.86,1,-81.00,-7.00,11.00,8.00,45.00,10.00,13395457,111
446.18,1544593756,9671.57,51.46374558,7.41375342,155.06,38.19,-0.02,311.28,1,-81.00,-7.00,11.00,8.00,45.00,10.00,13395457,111
447.18,1544593757,9709.72,51.46397207,7.41333340,155.16,38.39,0.20,310.58,1,-96.00,-10.00,-4.00,6.00,33.00,15.00,13532418,111
448.18,1544593758,9748.11,51.46419913,7.41291076,155.21,38.57,0.18,309.70,1,-96.00,-10.00,-4.00,6.00,33.00,15.00,13532418,111
449.18,1544593759,9786.72,51.46441796,7.41248465,155.33,38.66,0.09,309.30,1,-79.00,-6.00,19.00,10.00,45.00,4.00,13395458,112
450.18,1544593760,9825.39,51.46464014,7.41205503,155.26,38.80,0.14,308.56,1,-79.00,-6.00,19.00,10.00,45.00,4.00,13395458,112
451.18,1544593761,9864.19,51.46486090,7.41162156,155.18,38.93,0.13,308.32,1,-80.00,-5.00,22.00,10.00,44.00,4.00,13395458,112
452.19,1544593762,9903.59,51.46507674,7.41117678,155.12,39.14,0.21,308.08,1,-80.00,-5.00,22.00,10.00,44.00,4.00,13395458,112
453.19,1544593763,9942.65,51.46529054,7.41073811,155.29,38.96,-0.18,308.15,1,-85.00,-8.00,11.00,6.00,51.00,5.00,13395458,112
454.18,1544593764,9981.30,51.46550143,7.41030601,155.60,38.21,-0.76,308.08,1,-85.00,-8.00,11.00,6.00,51.00,5.00,13395458,112
455.17,1544593765,10019.32,51.46571282,7.40986940,155.95,38.12,-0.09,308.23,1,-85.00,-8.00,11.00,6.00,51.00,5.00,13395458,112
456.18,1544593766,10057.58,51.46592163,7.40944120,156.21,38.12,0.00,308.36,1,-83.00,-9.00,12.00,6.00,44.00,5.00,13395458,112
457.18,1544593767,10095.67,51.46613295,7.40901154,156.59,38.11,-0.01,308.27,1,-83.00,-9.00,12.00,6.00,44.00,5.00,13395458,112
458.18,1544593768,10133.81,51.46634141,7.40858134,156.81,37.73,-0.38,307.85,1,-83.00,-8.00,10.00,5.00,45.00,5.00,13395458,112
459.18,1544593769,10171.55,51.46654799,7.40816081,157.05,36.92,-0.81,308.56,1,-83.00,-8.00,10.00,5.00,45.00,5.00,13395458,112
460.18,1544593770,10208.43,51.46675270,7.40774420,157.20,36.57,-0.35,308.68,1,-84.00,-6.00,7.00,9.00,40.00,5.00,13395458,112
461.18,1544593771,10244.99,51.46696047,7.40733717,157.40,36.55,-0.01,309.27,1,-84.00,-6.00,7.00,9.00,40.00,5.00,13395458,112
462.17,1544593772,10281.43,51.46716801,7.40693367,157.64,36.53,-0.02,309.50,1,-81.00,-7.00,18.00,9.00,47.00,5.00,13395458,112
463.18,1544593773,10318.14,51.46737993,7.40653417,157.87,36.65,0.12,310.31,1,-81.00,-7.00,18.00,9.00,47.00,5.00,13395458,112
464.18,1544593774,10354.72,51.46759352,7.40613087,158.09,36.80,0.16,310.58,1,-78.00,-6.00,18.00,12.00,45.00,5.00,13395458,112
465.18,1544593775,10391.52,51.46780928,7.40572420,158.29,36.98,0.18,310.86,1,-78.00,-6.00,18.00,12.00,45.00,5.00,13395458,112
466.18,1544593776,10428.47,51.46802653,7.40531347,158.50,37.22,0.24,311.17,1,-82.00,-5.00,-7.00,11.00,41.00,5.00,13395458,112
467.18,1544593777,10465.72,51.46825152,7.40490938,158.65,37.47,0.25,311.65,1,-82.00,-5.00,-7.00,11.00,41.00,5.00,13395458,112
468.18,1544593778,10503.15,51.46847791,7.40450043,158.85,37.63,0.16,312.04,1,-85.00,-7.00,12.00,6.00,40.00,10.00,13395458,112
469.18,1544593779,10540.77,51.46870313,7.40409315,159.26,37.95,0.33,312.53,1,-85.00,-7.00,12.00,6.00,40.00,10.00,13395458,112
470.18,1544593780,10578.73,51.46893661,7.40368956,159.47,38.17,0.22,312.77,1,-90.00,-9.00,-6.00,6.00,46.00,11.00,13395458,112
471.18,1544593781,10616.93,51.46917066,7.40328487,159.65,38.44,0.27,313.25,1,-90.00,-9.00,-6.00,6.00,46.00,11.00,13395458,112
472.18,1544593782,10655.45,51.46940154,7.40288416,159.66,38.84,0.39,313.66,1,-86.00,-7.00,-2.00,6.00,38.00,18.00,13022465,205
473.18,1544593783,10694.17,51.46964444,7.40248150,160.09,39.16,0.32,314.08,1,-86.00,-7.00,-2.00,6.00,38.00,18.00,13022465,205
474.18,1544593784,10733.29,51.46989128,7.40207851,160.71,39.21,0.06,314.55,1,-89.00,-16.00,0.00,9.00,44.00,18.00,13022465,205
475.18,1544593785,10772.58,51.47014184,7.40168508,161.16,38.18,-1.04,315.23,1,-89.00,-16.00,0.00,9.00,44.00,18.00,13022465,205
476.19,1544593786,10811.10,51.47038514,7.40130402,161.54,37.23,-0.94,315.78,1,-91.00,-13.00,-2.00,8.00,37.00,18.00,13022465,205
477.18,1544593787,10848.00,51.47062256,7.40093449,161.89,36.15,-1.08,315.96,1,-91.00,-13.00,-2.00,8.00,37.00,18.00,13022465,205
478.18,1544593788,10884.19,51.47085794,7.40057973,162.20,35.23,-0.92,316.35,1,-91.00,-13.00,-2.00,8.00,37.00,18.00,13022465,205
479.18,1544593789,10919.41,51.47108843,7.40023764,162.66,34.32,-0.91,317.00,1,-89.00,-13.00,2.00,10.00,39.00,18.00,13022465,205
480.18,1544593790,10953.70,51.47131670,7.39991220,163.20,33.32,-1.01,317.55,1,-89.00,-13.00,2.00,10.00,39.00,18.00,13022465,205
481.18,1544593791,10987.02,51.47154046,7.39959283,163.68,32.82,-0.50,318.33,1,-89.00,-7.00,12.00,9.00,34.00,18.00,13022465,205
482.17,1544593792,11019.71,51.47176379,7.39929189,164.20,32.40,-0.42,319.61,1,-89.00,-7.00,12.00,9.00,34.00,18.00,13022465,205
483.19,1544593793,11052.53,51.47198341,7.39899628,164.79,31.70,-0.70,320.42,1,-86.00,-16.00,3.00,8.00,49.00,18.00,13022465,205
484.18,1544593794,11083.97,51.47219728,7.39870544,165.17,30.98,-0.72,320.01,1,-86.00,-16.00,3.00,8.00,49.00,18.00,13022465,205
485.17,1544593795,11114.79,51.47241111,7.39841997,165.76,30.63,-0.35,319.90,1,-83.00,-13.00,-8.00,5.00,49.00,18.00,13022465,205
486.18,1544593796,11145.54,51.47262336,7.39813661,166.39,30.63,0.01,320.01,1,-83.00,-13.00,-8.00,5.00,49.00,18.00,13022465,205
487.18,1544593797,11176.21,51.47283325,7.39785616,167.08,30.51,-0.12,320.25,1,-84.00,-8.00,16.00,15.00,39.00,18.00,13022465,205
488.18,1544593798,11206.69,51.47304083,7.39757981,167.74,29.87,-0.65,320.42,1,-84.00,-8.00,16.00,15.00,39.00,18.00,13022465,205
489.18,1544593799,11236.55,51.47324257,7.39731001,168.35,28.98,-0.89,320.45,1,-87.00,-6.00,21.00,12.00,35.00,18.00,13022465,205
490.18,1544593800,11265.53,51.47344302,7.39705138,168.99,28.34,-0.64,320.90,1,-87.00,-6.00,21.00,12.00,35.00,18.00,13022465,205
491.17,1544593801,11293.73,51.47363907,7.39679429,169.30,28.03,-0.31,320.42,1,-82.00,-5.00,25.00,12.00,41.00,18.00,13022465,205
492.18,1544593802,11321.84,51.47383548,7.39653605,169.61,27.80,-0.23,321.61,1,-82.00,-5.00,25.00,12.00,41.00,18.00,13022465,205
493.18,1544593803,11349.64,51.47402981,7.39629266,169.84,27.22,-0.58,322.12,1,-91.00,-12.00,6.00,10.00,40.00,18.00,13022465,205
494.18,1544593804,11376.91,51.47422528,7.39605772,170.00,26.94,-0.27,323.23,1,-91.00,-12.00,6.00,10.00,40.00,18.00,13022465,205
495.18,1544593805,11403.82,51.47441883,7.39582356,169.87,26.73,-0.22,322.98,1,-81.00,-6.00,34.00,10.00,41.00,18.00,13022465,205
496.18,1544593806,11430.55,51.47460718,7.39559539,169.60,26.11,-0.61,323.45,1,-81.00,-6.00,34.00,10.00,41.00,18.00,13022465,205
497.19,1544593807,11456.90,51.47479125,7.39537814,169.32,25.51,-0.59,324.07,1,-80.00,-6.00,25.00,14.00,42.00,18.00,13022465,205
498.18,1544593808,11482.21,51.47498608,7.39517239,169.21,25.03,-0.48,327.02,1,-80.00,-6.00,25.00,14.00,42.00,18.00,13022465,205
499.18,1544593809,11507.21,51.47517052,7.39499004,169.40,24.27,-0.77,328.47,1,-80.00,-6.00,25.00,14.00,42.00,18.00,13022465,205
500.18,1544593810,11531.50,51.47536160,7.39480744,169.63,23.68,-0.58,328.98,1,-74.00,-6.00,35.00,12.00,51.00,18.00,13022465,205
501.18,1544593811,11555.19,51.47554414,7.39463370,169.99,23.41,-0.28,329.44,1,-74.00,-6.00,35.00,12.00,51.00,18.00,13022465,205
502.18,1544593812,11578.57,51.47572534,7.39445718,170.45,23.44,0.03,329.27,1,-71.00,-5.00,29.00,15.00,54.00,18.00,13022465,205
503.17,1544593813,11601.94,51.47590519,7.39429151,170.94,23.24,-0.20,329.89,1,-71.00,-5.00,29.00,15.00,54.00,18.00,13022465,205
504.18,1544593814,11625.30,51.47608560,7.39412853,171.42,22.95,-0.29,330.89,1,-75.00,-7.00,25.00,1.00,49.00,18.00,13022465,205
505.18,1544593815,11648.20,51.47626433,7.39396890,171.88,22.67,-0.28,331.83,1,-75.00,-7.00,25.00,1.00,49.00,18.00,13022465,205
506.18,1544593816,11670.87,51.47644511,7.39382440,172.14,22.37,-0.30,333.56,1,-68.00,-5.00,37.00,1.00,55.00,18.00,13022465,205
507.18,1544593817,11693.24,51.47662251,7.39368321,172.27,21.74,-0.63,334.44,1,-68.00,-5.00,37.00,1.00,55.00,18.00,13022465,205
508.18,1544593818,11714.97,51.47679859,7.39355310,172.33,21.23,-0.50,335.27,1,-66.00,-5.00,38.00,12.00,60.00,18.00,13022465,205
509.18,1544593819,11736.22,51.47696817,7.39342747,172.35,20.59,-0.64,336.22,1,-66.00,-5.00,38.00,12.00,60.00,18.00,13022465,205
510.18,1544593820,11756.79,51.47713618,7.39331353,172.32,19.96,-0.63,337.11,1,-75.00,-5.00,29.00,14.00,49.00,18.00,13022465,205
511.18,1544593821,11776.77,51.47730232,7.39321278,172.29,19.35,-0.61,339.38,1,-75.00,-5.00,29.00,14.00,49.00,18.00,13022465,205
512.18,1544593822,11796.16,51.47746920,7.39312602,172.36,18.85,-0.50,340.85,1,-63.00,-4.00,31.00,15.00,60.00,18.00,13022465,205
513.17,1544593823,11814.89,51.47763145,7.39305602,172.48,18.35,-0.50,343.40,1,-63.00,-4.00,31.00,15.00,60.00,18.00,13022465,205
514.18,1544593824,11833.33,51.47779431,7.39300493,172.61,17.87,-0.48,347.14,1,-67.00,-5.00,29.00,12.00,58.00,18.00,13022465,205
515.18,1544593825,11851.18,51.47795874,7.39300915,172.56,17.54,-0.33,359.89,1,-67.00,-5.00,29.00,12.00,58.00,18.00,13022465,205
516.18,1544593826,11868.73,51.47811419,7.39302616,172.49,17.03,-0.51,2.39,1,-67.00,-5.00,27.00,15.00,58.00,18.00,13022465,205
517.18,1544593827,11885.76,51.47825342,7.39309674,172.81,16.36,-0.67,14.96,1,-67.00,-5.00,27.00,15.00,58.00,18.00,13022465,205
518.19,1544593828,11902.25,51.47838407,7.39316708,173.71,16.41,0.04,16.85,1,-80.00,-6.00,23.00,15.00,46.00,18.00,13022465,205
519.18,1544593829,11918.51,51.47851874,7.39324979,174.78,16.00,-0.40,19.29,1,-80.00,-6.00,23.00,15.00,46.00,18.00,13022465,205
520.18,1544593830,11934.52,51.47864847,7.39338531,175.89,15.54,-0.47,32.47,1,-80.00,-6.00,23.00,15.00,46.00,18.00,13022465,205
521.18,1544593831,11950.07,51.47876549,7.39351045,177.01,14.89,-0.65,33.03,1,-77.00,-5.00,33.00,15.00,47.00,18.00,13022465,205
522.17,1544593832,11964.91,51.47888654,7.39363761,178.32,14.15,-0.74,33.98,1,-77.00,-5.00,33.00,15.00,47.00,18.00,13022465,205
523.17,1544593833,11979.05,51.47899416,7.39374635,179.21,13.43,-0.72,31.94,1,-88.00,-9.00,18.00,9.00,42.00,18.00,13022465,205
524.18,1544593834,11992.52,51.47909689,7.39383526,180.02,11.90,-1.53,28.07,1,-88.00,-9.00,18.00,9.00,42.00,18.00,13022465,205
525.18,1544593835,12004.42,51.47919885,7.39386499,181.33,11.95,0.05,9.02,1,-82.00,-5.00,32.00,12.00,44.00,18.00,13022465,205
526.18,1544593836,12016.37,51.47930312,7.39388345,182.65,12.11,0.16,5.91,1,-82.00,-5.00,32.00,12.00,44.00,18.00,13022465,205
527.18,1544593837,12028.48,51.47940432,7.39385430,183.90,11.62,-0.49,348.25,1,-89.00,-6.00,18.00,15.00,37.00,18.00,13022465,205
528.18,1544593838,12040.12,51.47950092,7.39381488,185.20,11.43,-0.20,345.44,1,-89.00,-6.00,18.00,15.00,37.00,18.00,13022465,205
529.18,1544593839,12051.53,51.47960171,7.39376036,186.42,11.36,-0.07,341.86,1,-95.00,-8.00,12.00,12.00,32.00,18.00,13022465,205
530.18,1544593840,12062.89,51.47970119,7.39369462,186.94,10.92,-0.43,339.28,1,-95.00,-8.00,12.00,12.00,32.00,18.00,13022465,205
531.18,1544593841,12073.80,51.47979181,7.39362853,187.17,10.46,-0.46,337.38,1,-97.00,-8.00,5.00,8.00,29.00,18.00,13022465,205
532.18,1544593842,12084.28,51.47987380,7.39356833,186.97,10.12,-0.34,336.53,1,-97.00,-8.00,5.00,8.00,29.00,18.00,13022465,205
533.18,1544593843,12094.38,51.47996248,7.39350453,186.58,9.93,-0.19,337.35,1,-90.00,-15.00,-4.00,4.00,41.00,18.00,13022465,205
534.18,1544593844,12104.32,51.48004366,7.39345839,186.11,9.24,-0.69,340.85,1,-90.00,-15.00,-4.00,4.00,41.00,18.00,13022465,205
535.18,1544593845,12113.56,51.48012012,7.39345834,185.75,8.90,-0.34,1.24,1,-91.00,-10.00,7.00,7.00,37.00,18.00,13022465,205
536.18,1544593846,12122.47,51.48018555,7.39349184,185.97,9.15,0.25,19.23,1,-91.00,-10.00,7.00,7.00,37.00,18.00,13022465,205
537.18,1544593847,12131.61,51.48025151,7.39355178,186.67,9.90,0.75,32.44,1,-91.00,-8.00,14.00,6.00,36.00,18.00,13022465,205
538.18,1544593848,12141.51,51.48031886,7.39367030,187.50,10.70,0.80,51.50,1,-91.00,-8.00,14.00,6.00,36.00,18.00,13022465,205
539.19,1544593849,12152.32,51.48036986,7.39378506,188.04,11.52,0.81,54.70,1,-96.00,-9.00,1.00,5.00,32.00,18.00,13022465,205
540.18,1544593850,12163.74,51.48042890,7.39392727,188.56,12.42,0.90,56.62,1,-96.00,-9.00,1.00,5.00,32.00,18.00,13022465,205
541.18,1544593851,12176.16,51.48050286,7.39409705,189.16,14.38,1.96,57.09,1,-96.00,-9.00,1.00,5.00,32.00,18.00,13022465,205
542.17,1544593852,12190.50,51.48057732,7.39427024,189.63,15.36,0.98,56.76,1,-95.00,-9.00,3.00,6.00,31.00,18.00,13022465,205
543.18,1544593853,12205.94,51.48064262,7.39444225,190.15,16.11,0.74,57.64,1,-95.00,-9.00,3.00,6.00,31.00,18.00,13022465,205
544.18,1544593854,12222.01,51.48071585,7.39463224,190.71,16.60,0.49,58.25,1,-92.00,-12.00,4.00,6.00,40.00,12.00,13532162,198
545.18,1544593855,12238.61,51.48079706,7.39484584,191.42,16.95,0.36,58.68,1,-92.00,-12.00,4.00,6.00,40.00,12.00,13532162,198
546.18,1544593856,12255.61,51.48088112,7.39506644,192.29,17.19,0.23,59.09,1,-97.00,-14.00,2.00,7.00,33.00,12.00,13532162,198
547.18,1544593857,12272.78,51.48096666,7.39528689,192.66,17.35,0.16,59.56,1,-97.00,-14.00,2.00,7.00,33.00,12.00,13532162,198
548.18,1544593858,12290.12,51.48104713,7.39550789,193.10,17.35,0.00,60.36,1,-100.00,-10.00,4.00,9.00,30.00,12.00,13532162,198
549.18,1544593859,12307.47,51.48112501,7.39572742,193.42,17.47,0.11,60.10,1,-100.00,-10.00,4.00,9.00,30.00,12.00,13532162,198
550.18,1544593860,12324.94,51.48120623,7.39595784,193.52,17.21,-0.25,59.95,1,-91.00,-10.00,6.00,9.00,36.00,12.00,13532162,198
551.18,1544593861,12342.15,51.48128500,7.39617960,193.40,17.13,-0.08,59.66,1,-91.00,-10.00,6.00,9.00,36.00,12.00,13532162,198
552.18,1544593862,12359.28,51.48135794,7.39638518,193.55,16.74,-0.39,59.51,1,-92.00,-9.00,-4.00,4.00,36.00,12.00,13532162,198
553.18,1544593863,12376.02,51.48142786,7.39658250,194.00,16.48,-0.26,59.25,1,-92.00,-9.00,-4.00,4.00,36.00,12.00,13532162,198
554.18,1544593864,12392.58,51.48150335,7.39678974,194.29,16.28,-0.19,58.49,1,-103.00,-15.00,-10.00,2.00,30.00,12.00,13532162,198
555.18,1544593865,12408.88,51.48158018,7.39698869,194.64,16.05,-0.23,58.15,1,-103.00,-15.00,-10.00,2.00,30.00,12.00,13532162,198
556.18,1544593866,12424.83,51.48165675,7.39718154,194.82,15.70,-0.35,57.50,1,-105.00,-16.00,-10.00,4.00,28.00,12.00,13532162,198
557.18,1544593867,12440.55,51.48173411,7.39736485,195.00,15.25,-0.45,56.62,1,-105.00,-16.00,-10.00,4.00,28.00,12.00,13532162,198
558.18,1544593868,12455.80,51.48179950,7.39752820,194.74,14.77,-0.48,55.78,1,-102.00,-14.00,-6.00,5.00,29.00,12.00,13532162,198
559.18,1544593869,12470.58,51.48187745,7.39770179,194.60,14.51,-0.25,54.80,1,-102.00,-14.00,-6.00,5.00,29.00,12.00,13532162,198
560.19,1544593870,12485.20,51.48196435,7.39787639,194.76,14.56,0.05,53.67,1,-100.00,-14.00,-4.00,5.00,30.00,12.00,13532162,198
561.18,1544593871,12499.58,51.48205146,7.39804458,195.05,14.38,-0.18,52.35,1,-100.00,-14.00,-4.00,5.00,30.00,12.00,13532162,198
562.18,1544593872,12514.02,51.48213429,7.39820138,195.30,14.12,-0.25,50.98,1,-100.00,-14.00,-4.00,5.00,30.00,12.00,13532162,198
563.18,1544593873,12528.11,51.48221713,7.39835132,195.49,13.88,-0.24,49.31,1,-85.00,-21.00,-5.00,8.00,45.00,12.00,13532162,198
564.18,1544593874,12541.98,51.48230573,7.39849700,195.67,13.60,-0.28,47.22,1,-85.00,-21.00,-5.00,8.00,45.00,12.00,13532162,198
565.18,1544593875,12555.60,51.48238892,7.39862778,195.81,13.32,-0.27,44.95,1,-97.00,-14.00,-10.00,4.00,36.00,12.00,13532162,198
566.18,1544593876,12568.93,51.48247444,7.39874795,195.96,12.99,-0.33,42.96,1,-97.00,-14.00,-10.00,4.00,36.00,12.00,13532162,198
567.18,1544593877,12581.91,51.48257059,7.39886899,195.79,12.90,-0.09,40.94,1,-99.00,-13.00,-5.00,11.00,29.00,12.00,13532162,198
568.18,1544593878,12594.83,51.48266811,7.39898156,195.30,12.48,-0.42,39.35,1,-99.00,-13.00,-5.00,11.00,29.00,12.00,13532162,198
569.18,1544593879,12607.30,51.48277229,7.39909226,194.36,12.53,0.05,37.56,1,-96.00,-12.00,-2.00,9.00,34.00,12.00,13532162,198
570.18,1544593880,12619.81,51.48287438,7.39919937,193.92,12.69,0.17,36.85,1,-96.00,-12.00,-2.00,9.00,34.00,12.00,13532162,198
571.17,1544593881,12632.46,51.48298149,7.39930911,193.57,13.81,1.13,35.82,1,-96.00,-13.00,-1.00,10.00,36.00,12.00,13532162,198
572.18,1544593882,12646.38,51.48308966,7.39941883,193.53,14.40,0.58,34.82,1,-96.00,-13.00,-1.00,10.00,36.00,12.00,13532162,198
573.18,1544593883,12660.70,51.48319870,7.39952827,193.70,14.13,-0.28,34.99,1,-98.00,-16.00,-3.00,8.00,34.00,12.00,13532162,198
574.18,1544593884,12674.88,51.48330979,7.39963622,194.11,14.40,0.27,34.17,1,-98.00,-16.00,-3.00,8.00,34.00,12.00,13532162,198
575.18,1544593885,12689.24,51.48341927,7.39974575,194.38,14.74,0.34,34.08,1,-91.00,-7.00,-2.00,6.00,35.00,8.00,13532163,200
576.18,1544593886,12703.98,51.48353157,7.39985672,194.48,15.11,0.37,34.54,1,-91.00,-7.00,-2.00,6.00,35.00,8.00,13532163,200
577.18,1544593887,12719.09,51.48364642,7.39997098,194.27,15.40,0.29,34.92,1,-91.00,-7.00,8.00,9.00,36.00,8.00,13532163,200
578.18,1544593888,12734.49,51.48376735,7.40010058,194.43,15.63,0.23,35.61,1,-91.00,-7.00,8.00,9.00,36.00,8.00,13532163,200
579.18,1544593889,12750.12,51.48388888,7.40023639,194.40,16.07,0.45,36.14,1,-98.00,-9.00,4.00,11.00,30.00,8.00,13532163,200
580.18,1544593890,12766.17,51.48400173,7.40037131,194.50,15.89,-0.18,36.71,1,-98.00,-9.00,4.00,11.00,30.00,8.00,13532163,200
581.18,1544593891,12782.19,51.48411401,7.40051015,194.80,15.68,-0.20,37.49,1,-99.00,-9.00,2.00,7.00,30.00,8.00,13532163,200
582.18,1544593892,12797.76,51.48421511,7.40064634,195.29,15.35,-0.34,38.24,1,-99.00,-9.00,2.00,7.00,30.00,8.00,13532163,200
583.18,1544593893,12813.11,51.48431757,7.40078593,195.67,15.26,-0.09,39.21,1,-99.00,-9.00,2.00,7.00,30.00,8.00,13532163,200
584.18,1544593894,12828.38,51.48442002,7.40093108,195.95,15.27,0.01,39.82,1,-82.00,-20.00,-9.00,4.00,45.00,8.00,13532163,200
585.18,1544593895,12843.63,51.48452133,7.40107602,196.26,15.12,-0.14,40.62,1,-82.00,-20.00,-9.00,4.00,45.00,8.00,13532163,200
586.18,1544593896,12858.77,51.48461993,7.40122612,196.37,14.98,-0.15,41.36,1,-95.00,-8.00,3.00,7.00,30.00,8.00,13532163,200
587.18,1544593897,12873.75,51.48471959,7.40137552,196.30,14.90,-0.07,42.13,1,-95.00,-8.00,3.00,7.00,30.00,8.00,13532163,200
588.18,1544593898,12888.63,51.48481680,7.40152925,196.18,14.68,-0.23,42.72,1,-95.00,-9.00,2.00,11.00,32.00,8.00,13532163,200
589.18,1544593899,12903.32,51.48491331,7.40167597,195.90,14.43,-0.25,41.89,1,-95.00,-9.00,2.00,11.00,32.00,8.00,13532163,200
590.18,1544593900,12917.75,51.48500865,7.40181548,195.66,14.45,0.03,41.90,1,-94.00,-9.00,13.00,12.00,31.00,8.00,13532163,200
591.17,1544593901,12932.13,51.48510118,7.40195501,195.41,14.24,-0.22,42.82,1,-94.00,-9.00,13.00,12.00,31.00,8.00,13532163,200
592.18,1544593902,12946.42,51.48519590,7.40210145,195.35,13.97,-0.27,44.16,1,-95.00,-7.00,9.00,6.00,29.00,8.00,13532163,200
593.17,1544593903,12960.37,51.48527672,7.40223685,195.38,13.53,-0.44,45.63,1,-95.00,-7.00,9.00,6.00,29.00,8.00,13532163,200
594.17,1544593904,12973.90,51.48535401,7.40237337,195.47,12.25,-1.28,46.75,1,-93.00,-12.00,3.00,12.00,38.00,8.00,13532163,200
595.18,1544593905,12986.19,51.48542511,7.40250411,195.43,11.11,-1.14,47.75,1,-93.00,-12.00,3.00,12.00,38.00,8.00,13532163,200
596.18,1544593906,12997.28,51.48548569,7.40262209,195.17,9.58,-1.53,48.60,1,-98.00,-8.00,9.00,7.00,26.00,8.00,13532163,200
597.18,1544593907,13006.87,51.48553134,7.40271237,194.90,8.00,-1.57,48.47,1,-98.00,-8.00,9.00,7.00,26.00,8.00,13532163,200
598.18,1544593908,13014.88,51.48559007,7.40278041,194.56,7.64,-0.37,33.29,1,-101.00,-12.00,5.00,11.00,27.00,8.00,13532163,200
599.18,1544593909,13022.51,51.48565665,7.40280063,194.53,7.60,-0.03,5.22,1,-101.00,-12.00,5.00,11.00,27.00,8.00,13532163,200
600.17,1544593910,13030.08,51.48573376,7.40278734,194.09,7.41,-0.19,346.70,1,-98.00,-9.00,6.00,11.00,29.00,8.00,13532163,200
601.18,1544593911,13037.55,51.48579764,7.40274155,193.42,8.33,0.91,328.13,1,-98.00,-9.00,6.00,11.00,29.00,8.00,13532163,200
602.19,1544593912,13045.93,51.48585766,7.40268082,192.91,8.95,0.62,326.50,1,-101.00,-8.00,4.00,6.00,26.00,8.00,13532163,200
603.17,1544593913,13054.78,51.48591727,7.40260775,192.43,9.99,1.05,324.80,1,-101.00,-8.00,4.00,6.00,26.00,8.00,13532163,200
604.18,1544593914,13064.80,51.48599072,7.40252027,191.67,10.86,0.87,324.31,1,-101.00,-8.00,4.00,6.00,26.00,8.00,13532163,200
605.18,1544593915,13075.68,51.48607469,7.40242669,191.37,11.46,0.59,324.93,1,-100.00,-11.00,2.00,6.00,27.00,8.00,13532163,200
606.18,1544593916,13087.14,51.48616422,7.40233107,191.02,11.94,0.48,326.41,1,-100.00,-11.00,2.00,6.00,27.00,8.00,13532163,200
607.18,1544593917,13099.05,51.48625735,7.40224659,190.73,11.83,-0.11,328.56,1,-99.00,-11.00,-1.00,7.00,31.00,8.00,13532163,200
608.18,1544593918,13110.87,51.48635264,7.40216053,190.67,11.74,-0.08,329.01,1,-99.00,-11.00,-1.00,7.00,31.00,8.00,13532163,200
609.18,1544593919,13122.64,51.48644338,7.40208094,190.23,12.31,0.57,330.87,1,-104.00,-12.00,-1.00,4.00,28.00,8.00,13532163,200
610.18,1544593920,13134.95,51.48654396,7.40199953,189.80,12.66,0.35,332.95,1,-104.00,-12.00,-1.00,4.00,28.00,8.00,13532163,200
611.18,1544593921,13147.60,51.48665006,7.40191913,189.23,12.93,0.27,334.97,1,-104.00,-12.00,-3.00,4.00,26.00,17.00,13531906,200
612.18,1544593922,13160.51,51.48676195,7.40184979,188.78,13.47,0.53,337.93,1,-104.00,-12.00,-3.00,4.00,26.00,17.00,13531906,200
613.18,1544593923,13174.01,51.48687055,7.40179683,188.33,13.40,-0.07,340.41,1,-103.00,-17.00,-8.00,5.00,32.00,17.00,13531906,361
614.18,1544593924,13187.42,51.48699713,7.40174846,187.71,13.58,0.18,343.62,1,-103.00,-17.00,-8.00,5.00,32.00,17.00,13531906,361
615.18,1544593925,13201.01,51.48714046,7.40170696,186.82,13.76,0.18,346.90,1,-113.00,-8.00,-11.00,5.00,19.00,10.00,13532175,337
616.18,1544593926,13214.77,51.48726332,7.40168182,186.08,14.64,0.88,349.61,1,-113.00,-8.00,-11.00,5.00,19.00,10.00,13532175,337
617.18,1544593927,13229.41,51.48740330,7.40166409,185.26,14.76,0.12,352.11,1,-117.00,-10.00,-1.00,7.00,12.00,10.00,13532175,337
618.18,1544593928,13244.18,51.48754759,7.40164803,184.45,14.57,-0.19,354.49,1,-117.00,-10.00,-1.00,7.00,12.00,10.00,13532175,337
619.18,1544593929,13258.68,51.48768861,7.40164281,183.57,14.49,-0.08,356.40,1,-79.00,-4.00,1.00,15.00,39.00,11.00,13067528,356
620.18,1544593930,13273.20,51.48782828,7.40164440,182.77,14.88,0.40,357.62,1,-79.00,-4.00,1.00,15.00,39.00,11.00,13067528,356
621.18,1544593931,13288.10,51.48796608,7.40164622,181.87,15.26,0.38,358.46,1,-85.00,-5.00,19.00,15.00,35.00,11.00,13067528,356
622.17,1544593932,13303.30,51.48810170,7.40165783,180.79,14.60,-0.66,359.27,1,-85.00,-5.00,19.00,15.00,35.00,11.00,13067528,356
623.18,1544593933,13318.03,51.48823535,7.40166518,179.59,14.57,-0.03,359.69,1,-89.00,-8.00,22.00,14.00,38.00,11.00,13067528,356
624.18,1544593934,13332.53,51.48835702,7.40167890,178.11,14.58,0.01,0.17,1,-89.00,-8.00,22.00,14.00,38.00,11.00,13067528,356
625.18,1544593935,13347.10,51.48848172,7.40168900,176.23,14.49,-0.08,0.66,1,-89.00,-8.00,22.00,14.00,38.00,11.00,13067528,356
626.18,1544593936,13361.57,51.48861036,7.40169896,174.22,14.22,-0.28,0.32,1,-88.00,-5.00,25.00,15.00,35.00,11.00,13067528,356
627.18,1544593937,13375.79,51.48873317,7.40170481,172.38,13.94,-0.28,359.70,1,-88.00,-5.00,25.00,15.00,35.00,11.00,13067528,356
628.18,1544593938,13389.73,51.48885545,7.40171226,170.20,13.41,-0.53,359.99,1,-94.00,-5.00,18.00,15.00,25.00,11.00,13067528,356
629.18,1544593939,13403.15,51.48897259,7.40171832,168.02,12.22,-1.19,359.27,1,-94.00,-5.00,18.00,15.00,25.00,11.00,13067528,356
630.18,1544593940,13415.35,51.48907894,7.40172453,166.11,10.37,-1.85,359.85,1,-104.00,-6.00,14.00,1.00,20.00,11.00,13067528,356
631.17,1544593941,13425.70,51.48916424,7.40172886,164.38,8.32,-2.05,359.93,1,-104.00,-6.00,14.00,1.00,20.00,11.00,13067528,356
632.17,1544593942,13434.02,51.48923173,7.40173573,162.83,6.57,-1.75,0.52,1,-105.00,-6.00,17.00,10.00,18.00,11.00,13067528,356
633.17,1544593943,13440.59,51.48928282,7.40173992,161.84,4.43,-2.14,0.48,1,-105.00,-6.00,17.00,10.00,18.00,11.00,13067528,356
634.17,1544593944,13445.03,51.48932994,7.40174605,161.75,3.20,-1.23,1.05,1,-105.00,-7.00,14.00,9.00,20.00,11.00,13067528,356
635.18,1544593945,13448.24,51.48934205,7.40175266,161.65,0.31,-2.88,1.05,1,-105.00,-7.00,14.00,9.00,20.00,11.00,13067528,356
636.18,1544593946,13448.56,51.48934205,7.40175266,161.66,0.00,-0.32,1.05,1,-98.00,-6.00,14.00,12.00,26.00,11.00,13067528,356
637.18,1544593947,13448.56,51.48934205,7.40175266,161.68,0.00,0.00,1.05,1,-98.00,-6.00,14.00,12.00,26.00,11.00,13067528,356
638.18,1544593948,13448.56,51.48934205,7.40175266,161.70,0.00,0.00,1.05,1,-98.00,-6.00,22.00,1.00,25.00,11.00,13067528,356
639.18,1544593949,13448.56,51.48934205,7.40175266,161.72,0.00,0.00,1.05,1,-98.00,-6.00,22.00,1.00,25.00,11.00,13067528,356
640.18,1544593950,13448.56,51.48934205,7.40175266,161.75,0.00,0.00,1.05,1,-98.00,-6.00,14.00,15.00,26.00,11.00,13067528,356
641.18,1544593951,13448.56,51.48934205,7.40175266,161.78,0.00,0.00,1.05,1,-98.00,-6.00,14.00,15.00,26.00,11.00,13067528,356
642.17,1544593952,13448.56,51.48934205,7.40175266,161.80,0.00,0.00,1.05,1,-98.00,-11.00,20.00,12.00,31.00,11.00,13067528,356
643.18,1544593953,13448.56,51.48934205,7.40175266,161.83,0.00,0.00,1.05,1,-98.00,-11.00,20.00,12.00,31.00,11.00,13067528,356
644.19,1544593954,13448.56,51.48934205,7.40175266,161.86,0.00,0.00,1.05,1,-98.00,-5.00,17.00,12.00,25.00,11.00,13067528,356
645.18,1544593955,13448.56,51.48934205,7.40175266,161.89,0.00,0.00,1.05,1,-98.00,-5.00,17.00,12.00,25.00,11.00,13067528,356
646.18,1544593956,13448.56,51.48934205,7.40175266,161.92,0.00,0.00,1.05,1,-98.00,-5.00,17.00,12.00,25.00,11.00,13067528,356
647.18,1544593957,13448.56,51.48934205,7.40175266,161.95,0.00,0.00,1.05,1,-98.00,-6.00,16.00,12.00,25.00,11.00,13067528,356
648.18,1544593958,13448.56,51.48934205,7.40175266,161.98,0.00,0.00,1.05,1,-98.00,-6.00,16.00,12.00,25.00,11.00,13067528,356
649.18,1544593959,13448.56,51.48934205,7.40175266,162.00,0.00,0.00,1.05,1,-98.00,-5.00,14.00,1.00,25.00,11.00,13067528,356
650.18,1544593960,13448.56,51.48934205,7.40175266,162.03,0.00,0.00,1.05,1,-98.00,-5.00,14.00,1.00,25.00,11.00,13067528,356
651.17,1544593961,13448.56,51.48934205,7.40175266,162.06,0.00,0.00,1.05,1,-98.00,-5.00,15.00,12.00,25.00,11.00,13067528,356
652.17,1544593962,13448.56,51.48934205,7.40175266,162.09,0.00,0.00,1.05,1,-98.00,-5.00,15.00,12.00,25.00,11.00,13067528,356
653.18,1544593963,13448.56,51.48934205,7.40175266,162.11,0.00,0.00,1.05,1,-98.00,-10.00,17.00,12.00,30.00,11.00,13067528,356
654.18,1544593964,13448.56,51.48934205,7.40175266,162.14,0.00,0.00,1.05,1,-98.00,-10.00,17.00,12.00,30.00,11.00,13067528,356
655.18,1544593965,13448.56,51.48934205,7.40175266,162.17,0.00,0.00,1.05,1,-98.00,-5.00,17.00,12.00,25.00,11.00,13067528,356
656.18,1544593966,13448.56,51.48934205,7.40175266,162.19,0.00,0.00,1.05,1,-98.00,-5.00,17.00,12.00,25.00,11.00,13067528,356
657.18,1544593967,13448.56,51.48934205,7.40175266,162.22,0.00,0.00,1.05,1,-98.00,-6.00,13.00,13.00,25.00,11.00,13067528,356
658.18,1544593968,13448.56,51.48934205,7.40175266,162.25,0.00,0.00,1.05,1,-98.00,-6.00,13.00,13.00,25.00,11.00,13067528,356
659.18,1544593969,13448.56,51.48934205,7.40175266,162.27,0.00,0.00,1.05,1,-99.00,-6.00,16.00,14.00,24.00,11.00,13067528,356
660.18,1544593970,13448.56,51.48934205,7.40175266,162.30,0.00,0.00,1.05,1,-99.00,-6.00,16.00,14.00,24.00,11.00,13067528,356
661.18,1544593971,13448.56,51.48934205,7.40175266,162.33,0.00,0.00,1.05,1,-99.00,-6.00,15.00,9.00,25.00,11.00,13067528,356
662.17,1544593972,13448.56,51.48934205,7.40175266,162.36,0.00,0.00,1.05,1,-99.00,-6.00,15.00,9.00,25.00,11.00,13067528,356
663.18,1544593973,13448.56,51.48934205,7.40175266,162.39,0.00,0.00,1.05,1,-99.00,-7.00,17.00,12.00,24.00,11.00,13067528,356
664.18,1544593974,13448.56,51.48934205,7.40175266,162.43,0.00,0.00,1.05,1,-99.00,-7.00,17.00,12.00,24.00,11.00,13067528,356
665.19,1544593975,13448.56,51.48934205,7.40175266,162.47,0.00,0.00,1.05,1,-98.00,-5.00,15.00,12.00,25.00,11.00,13067528,356
666.18,1544593976,13448.56,51.48934205,7.40175266,162.77,0.00,0.00,1.05,1,-98.00,-5.00,15.00,12.00,25.00,11.00,13067528,356
667.18,1544593977,13448.56,51.48934205,7.40175266,163.10,0.00,0.00,2.69,1,-98.00,-5.00,15.00,12.00,25.00,11.00,13067528,356
668.18,1544593978,13448.56,51.48942118,7.40179648,166.63,0.00,0.00,23.42,1,-103.00,-6.00,15.00,10.00,21.00,11.00,13067528,356
669.18,1544593979,13448.56,51.48944551,7.40186736,169.51,5.95,0.00,60.15,1,-103.00,-6.00,15.00,10.00,21.00,11.00,13067528,356
670.18,1544593980,13454.50,51.48945618,7.40197214,171.74,7.80,1.86,77.93,1,-106.00,-6.00,8.00,2.00,20.00,11.00,13067528,356
671.18,1544593981,13462.32,51.48945492,7.40207049,173.53,9.03,1.22,81.02,1,-106.00,-6.00,8.00,2.00,20.00,11.00,13067528,356
672.18,1544593982,13471.34,51.48946022,7.40219386,174.50,10.04,1.01,83.91,1,-110.00,-8.00,6.00,11.00,16.00,11.00,13067528,356
673.18,1544593983,13481.39,51.48946514,7.40235025,175.39,10.98,0.94,86.26,1,-110.00,-8.00,6.00,11.00,16.00,11.00,13067528,356
674.18,1544593984,13492.37,51.48946522,7.40252020,176.53,12.24,1.26,87.85,1,-108.00,-9.00,6.00,11.00,17.00,11.00,13067528,356
675.18,1544593985,13504.63,51.48946360,7.40269933,177.74,12.81,0.56,88.87,1,-108.00,-9.00,6.00,11.00,17.00,11.00,13067528,356
676.18,1544593986,13517.42,51.48946399,7.40288468,178.98,13.36,0.55,89.61,1,-107.00,-8.00,7.00,15.00,17.00,11.00,13067528,356
677.18,1544593987,13530.78,51.48945924,7.40309136,180.10,13.64,0.29,90.00,1,-107.00,-8.00,7.00,15.00,17.00,11.00,13067528,356
678.18,1544593988,13544.42,51.48945481,7.40328143,181.13,13.30,-0.34,90.47,1,-112.00,-8.00,6.00,6.00,15.00,11.00,13067528,356
679.18,1544593989,13557.71,51.48945148,7.40347430,182.28,12.89,-0.41,90.79,1,-112.00,-8.00,6.00,6.00,15.00,11.00,13067528,356
680.18,1544593990,13570.60,51.48944609,7.40366756,183.31,12.74,-0.15,90.66,1,-110.00,-8.00,8.00,11.00,15.00,11.00,13067528,356
681.18,1544593991,13583.38,51.48944295,7.40385301,184.21,12.64,-0.11,90.93,1,-110.00,-8.00,8.00,11.00,15.00,11.00,13067528,356
682.17,1544593992,13595.94,51.48943907,7.40401998,185.04,12.69,0.06,91.21,1,-110.00,-8.00,1.00,7.00,14.00,11.00,13067528,356
683.18,1544593993,13608.67,51.48943542,7.40420002,185.70,12.69,-0.01,91.44,1,-110.00,-8.00,1.00,7.00,14.00,11.00,13067528,356
684.18,1544593994,13621.38,51.48943296,7.40437600,186.26,12.79,0.10,90.72,1,-112.00,-11.00,1.00,7.00,16.00,11.00,13067528,356
685.18,1544593995,13634.17,51.48943078,7.40455844,186.75,12.89,0.10,90.98,1,-112.00,-11.00,1.00,7.00,16.00,11.00,13067528,356
686.19,1544593996,13647.18,51.48942823,7.40474550,187.13,13.00,0.11,90.64,1,-109.00,-9.00,2.00,7.00,19.00,71.00,13067274,289
687.18,1544593997,13660.07,51.48942703,7.40493099,187.30,12.66,-0.35,90.01,1,-109.00,-9.00,2.00,7.00,19.00,71.00,13067274,289
688.18,1544593998,13672.71,51.48942579,7.40511901,187.43,12.49,-0.16,89.48,1,-109.00,-9.00,2.00,7.00,19.00,71.00,13067274,289
689.18,1544593999,13685.20,51.48942753,7.40531594,187.45,12.28,-0.21,88.25,1,-101.00,-9.00,10.00,15.00,25.00,71.00,13067274,289
690.18,1544594000,13697.49,51.48943241,7.40549936,187.22,12.31,0.02,86.70,1,-101.00,-9.00,10.00,15.00,25.00,71.00,13067274,289
691.17,1544594001,13709.73,51.48944318,7.40566135,186.90,12.23,-0.08,84.69,1,-101.00,-7.00,13.00,11.00,23.00,71.00,13067274,289
692.17,1544594002,13721.95,51.48945779,7.40583138,186.28,12.35,0.12,82.93,1,-101.00,-7.00,13.00,11.00,23.00,71.00,13067274,289
693.18,1544594003,13734.35,51.48947456,7.40600119,185.15,12.56,0.21,81.30,1,-100.00,-10.00,14.00,11.00,27.00,71.00,13067274,289
694.18,1544594004,13746.99,51.48949732,7.40618309,184.33,12.86,0.30,80.12,1,-100.00,-10.00,14.00,11.00,27.00,71.00,13067274,289
695.18,1544594005,13759.79,51.48952156,7.40637161,183.78,12.93,0.08,79.14,1,-97.00,-9.00,12.00,10.00,23.00,71.00,13067274,289
696.18,1544594006,13772.71,51.48954687,7.40654716,183.00,12.94,0.00,78.59,1,-97.00,-9.00,12.00,10.00,23.00,71.00,13067274,289
697.18,1544594007,13785.65,51.48957102,7.40672051,181.93,12.78,-0.16,78.42,1,-99.00,-6.00,10.00,15.00,22.00,71.00,13067274,289
698.18,1544594008,13798.43,51.48959679,7.40690423,181.05,12.88,0.10,77.78,1,-99.00,-6.00,10.00,15.00,22.00,71.00,13067274,289
699.18,1544594009,13811.28,51.48962288,7.40709327,180.59,12.73,-0.15,77.94,1,-98.00,-6.00,11.00,11.00,24.00,71.00,13067274,289
700.18,1544594010,13824.00,51.48964985,7.40727835,180.50,12.66,-0.07,78.09,1,-98.00,-6.00,11.00,11.00,24.00,71.00,13067274,289
701.18,1544594011,13836.66,51.48967593,7.40746325,180.67,12.94,0.27,78.01,1,-100.00,-6.00,14.00,15.00,23.00,71.00,13067274,289
702.17,1544594012,13849.55,51.48970010,7.40764090,180.65,13.01,0.08,78.68,1,-100.00,-6.00,14.00,15.00,23.00,71.00,13067274,289
703.18,1544594013,13862.62,51.48972631,7.40783265,180.77,13.18,0.17,79.35,1,-100.00,-11.00,12.00,11.00,28.00,71.00,13067274,289
704.18,1544594014,13875.81,51.48975136,7.40802166,180.95,13.24,0.06,78.83,1,-100.00,-11.00,12.00,11.00,28.00,71.00,13067274,289
705.18,1544594015,13889.05,51.48977684,7.40821613,181.33,13.32,0.08,78.69,1,-104.00,-6.00,5.00,15.00,22.00,71.00,13067274,289
706.18,1544594016,13902.37,51.48980110,7.40839352,181.96,13.60,0.29,78.33,1,-104.00,-6.00,5.00,15.00,22.00,71.00,13067274,289
707.19,1544594017,13916.10,51.48982543,7.40858359,182.56,13.61,0.01,77.79,1,-106.00,-6.00,4.00,11.00,19.00,71.00,13067274,289
708.18,1544594018,13929.58,51.48985012,7.40877183,182.81,13.64,0.03,77.75,1,-106.00,-6.00,4.00,11.00,19.00,71.00,13067274,289
709.18,1544594019,13943.22,51.48987499,7.40897225,183.27,13.65,0.01,77.85,1,-106.00,-6.00,4.00,11.00,19.00,71.00,13067274,289
710.18,1544594020,13956.87,51.48990057,7.40916114,183.43,13.81,0.16,77.56,1,-108.00,-8.00,8.00,12.00,18.00,71.00,13067274,289
711.17,1544594021,13970.64,51.48992914,7.40936088,183.24,13.98,0.17,77.74,1,-108.00,-8.00,8.00,12.00,18.00,71.00,13067274,289
712.18,1544594022,13984.63,51.48995484,7.40955612,182.87,14.10,0.12,78.05,1,-104.00,-6.00,19.00,15.00,19.00,71.00,13067274,289
713.18,1544594023,13998.77,51.48998060,7.40974736,182.11,14.14,0.04,78.24,1,-104.00,-6.00,19.00,15.00,19.00,71.00,13067274,289
714.17,1544594024,14012.83,51.49000643,7.40995228,181.31,14.03,-0.11,78.60,1,-105.00,-7.00,8.00,12.00,19.00,71.00,13067274,289
715.18,1544594025,14026.96,51.49003167,7.41015141,180.49,13.63,-0.40,78.98,1,-105.00,-7.00,8.00,12.00,19.00,71.00,13067274,289
716.18,1544594026,14040.59,51.49005382,7.41033138,179.73,13.14,-0.49,79.22,1,-107.00,-9.00,7.00,9.00,20.00,71.00,13067274,289
717.18,1544594027,14053.74,51.49007617,7.41051039,178.87,12.95,-0.19,78.83,1,-107.00,-9.00,7.00,9.00,20.00,71.00,13067274,289
718.18,1544594028,14066.67,51.49009876,7.41069740,178.04,12.82,-0.14,78.36,1,-106.00,-7.00,9.00,15.00,16.00,71.00,13067274,289
719.18,1544594029,14079.48,51.49012504,7.41088583,177.13,12.82,-0.00,77.49,1,-106.00,-7.00,9.00,15.00,16.00,71.00,13067274,289
720.18,1544594030,14092.29,51.49015033,7.41106272,176.37,13.01,0.19,77.71,1,-111.00,-7.00,8.00,9.00,14.00,71.00,13067274,289
721.18,1544594031,14105.30,51.49017686,7.41124480,175.72,13.33,0.32,77.96,1,-111.00,-7.00,8.00,9.00,14.00,71.00,13067274,289
722.18,1544594032,14118.67,51.49020216,7.41143620,174.98,13.37,0.03,78.07,1,-112.00,-8.00,7.00,8.00,13.00,71.00,13067274,289
