0.04,1544765074,0.02,51.44992452,7.48831313,252.57,9.78,0.00,170.15,0,-98.00,-10.00,0.00,0.00,44.00,0.00,0,67
0.04,1544765074,0.03,51.44992452,7.48831313,252.57,9.78,0.00,170.15,0,-96.00,-8.00,0.00,0.00,40.00,0.00,0,157
1.05,1544765075,9.84,51.44983432,7.48833869,253.11,10.54,0.00,169.63,0,-99.00,-10.00,0.00,0.00,43.00,0.00,0,67
1.05,1544765075,9.85,51.44983432,7.48833869,253.11,10.54,0.00,169.63,0,-97.00,-8.00,0.00,0.00,40.00,0.00,0,157
2.05,1544765076,20.38,51.44973916,7.48836370,253.50,11.23,0.00,170.65,0,-99.00,-10.00,0.00,0.00,43.00,0.00,0,67
2.05,1544765076,20.39,51.44973916,7.48836370,253.50,11.23,0.00,170.65,0,-97.00,-8.00,0.00,0.00,40.00,0.00,0,157
3.05,1544765077,31.62,51.44963749,7.48838364,253.88,11.92,0.00,172.40,0,-100.00,-11.00,0.00,0.00,42.00,0.00,0,67
3.05,1544765077,31.62,51.44963749,7.48838364,253.88,11.92,0.00,172.40,0,-100.00,-9.00,0.00,0.00,38.00,0.00,0,157
4.05,1544765078,43.53,51.44951999,7.48840604,254.20,12.57,0.00,174.13,0,-100.00,-11.00,0.00,0.00,42.00,0.00,0,67
4.05,1544765078,43.54,51.44951999,7.48840604,254.20,12.57,0.00,174.13,0,-100.00,-9.00,0.00,0.00,38.00,0.00,0,157
5.05,1544765079,56.11,51.44940014,7.48842107,254.34,13.24,0.00,175.98,0,-103.00,-11.00,0.00,0.00,40.00,0.00,0,67
5.05,1544765079,56.11,51.44940014,7.48842107,254.34,13.24,0.00,175.98,0,-99.00,-9.00,0.00,0.00,40.00,0.00,0,157
6.05,1544765080,69.33,51.44927410,7.48843080,254.61,13.67,0.00,177.87,0,-103.00,-11.00,0.00,0.00,40.00,0.00,0,67
6.05,1544765080,69.34,51.44927410,7.48843080,254.61,13.67,0.00,177.87,0,-99.00,-9.00,0.00,0.00,40.00,0.00,0,157
7.05,1544765081,83.11,51.44915056,7.48843196,254.86,13.50,0.00,180.03,0,-102.00,-12.00,0.00,0.00,42.00,0.00,0,67
7.05,1544765081,83.11,51.44915056,7.48843196,254.86,13.50,0.00,180.03,0,-101.00,-9.00,0.00,0.00,37.00,0.00,0,157
8.05,1544765082,96.51,51.44901171,7.48842080,254.77,13.38,0.00,182.70,0,-102.00,-12.00,0.00,0.00,42.00,0.00,0,67
8.05,1544765082,96.52,51.44901171,7.48842080,254.77,13.38,0.00,182.70,0,-101.00,-9.00,0.00,0.00,37.00,0.00,0,157
9.05,1544765083,109.90,51.44890032,7.48839853,255.23,13.39,0.00,185.36,0,-102.00,-12.00,0.00,0.00,42.00,0.00,0,67
9.05,1544765083,109.92,51.44890032,7.48839853,255.23,13.39,0.00,185.36,0,-101.00,-9.00,0.00,0.00,37.00,0.00,0,157
10.24,1544765084,125.91,51.44877911,7.48836786,255.40,13.45,0.00,187.45,0,-104.00,-12.00,0.00,0.00,40.00,0.00,0,67
10.24,1544765084,125.93,51.44877911,7.48836786,255.40,13.45,0.00,187.45,0,-108.00,-16.00,0.00,0.00,40.00,0.00,0,271
10.24,1544765084,125.94,51.44877911,7.48836786,255.40,13.45,0.00,187.45,0,-102.00,-10.00,0.00,0.00,36.00,0.00,0,157
10.24,1544765084,125.94,51.44877911,7.48836786,255.40,13.45,0.00,187.45,0,-106.00,-11.00,0.00,0.00,33.00,0.00,0,318
11.25,1544765085,139.53,51.44866167,7.48832557,255.58,13.61,0.00,189.61,0,-107.00,-13.00,0.00,0.00,39.00,0.00,0,67
11.26,1544765085,139.54,51.44866167,7.48832557,255.58,13.61,0.00,189.61,0,-107.00,-14.00,0.00,0.00,39.00,0.00,0,271
11.26,1544765085,139.55,51.44866167,7.48832557,255.58,13.61,0.00,189.61,0,-108.00,-15.00,0.00,0.00,39.00,0.00,0,195
11.26,1544765085,139.55,51.44866167,7.48832557,255.58,13.61,0.00,189.61,0,-104.00,-11.00,0.00,0.00,35.00,0.00,0,157
12.25,1544765086,153.06,51.44853926,7.48827902,255.94,13.80,0.00,191.05,0,-107.00,-13.00,0.00,0.00,39.00,0.00,0,67
12.25,1544765086,153.07,51.44853926,7.48827902,255.94,13.80,0.00,191.05,0,-107.00,-14.00,0.00,0.00,39.00,0.00,0,271
12.25,1544765086,153.08,51.44853926,7.48827902,255.94,13.80,0.00,191.05,0,-108.00,-15.00,0.00,0.00,39.00,0.00,0,195
12.25,1544765086,153.08,51.44853926,7.48827902,255.94,13.80,0.00,191.05,0,-104.00,-11.00,0.00,0.00,35.00,0.00,0,157
13.25,1544765087,166.84,51.44841838,7.48823147,256.00,14.09,0.00,192.41,0,-107.00,-13.00,0.00,0.00,39.00,0.00,0,67
13.25,1544765087,166.86,51.44841838,7.48823147,256.00,14.09,0.00,192.41,0,-107.00,-14.00,0.00,0.00,39.00,0.00,0,271
13.25,1544765087,166.86,51.44841838,7.48823147,256.00,14.09,0.00,192.41,0,-108.00,-15.00,0.00,0.00,39.00,0.00,0,195
13.25,1544765087,166.87,51.44841838,7.48823147,256.00,14.09,0.00,192.41,0,-104.00,-11.00,0.00,0.00,35.00,0.00,0,157
14.25,1544765088,180.95,51.44829135,7.48817811,256.09,14.32,0.00,193.19,0,-105.00,-11.00,0.00,0.00,38.00,0.00,0,271
14.25,1544765088,180.96,51.44829135,7.48817811,256.09,14.32,0.00,193.19,0,-109.00,-14.00,0.00,0.00,37.00,0.00,0,67
14.25,1544765088,180.96,51.44829135,7.48817811,256.09,14.32,0.00,193.19,0,-110.00,-15.00,0.00,0.00,37.00,0.00,0,195
14.25,1544765088,180.97,51.44829135,7.48817811,256.09,14.32,0.00,193.19,0,-107.00,-11.00,0.00,0.00,33.00,0.00,0,157
14.25,1544765088,180.99,51.44829135,7.48817811,256.09,14.32,0.00,193.19,0,-109.00,-12.00,0.00,0.00,32.00,0.00,0,318
15.25,1544765089,195.27,51.44817349,7.48811896,255.97,14.43,0.00,193.56,0,-105.00,-11.00,0.00,0.00,38.00,0.00,0,271
15.25,1544765089,195.28,51.44817349,7.48811896,255.97,14.43,0.00,193.56,0,-109.00,-14.00,0.00,0.00,37.00,0.00,0,67
15.25,1544765089,195.28,51.44817349,7.48811896,255.97,14.43,0.00,193.56,0,-110.00,-15.00,0.00,0.00,37.00,0.00,0,195
15.25,1544765089,195.30,51.44817349,7.48811896,255.97,14.43,0.00,193.56,0,-107.00,-11.00,0.00,0.00,33.00,0.00,0,157
15.25,1544765089,195.31,51.44817349,7.48811896,255.97,14.43,0.00,193.56,0,-109.00,-12.00,0.00,0.00,32.00,0.00,0,318
16.25,1544765090,209.69,51.44804076,7.48805923,255.99,14.46,0.00,193.90,0,-110.00,-15.00,0.00,0.00,36.00,0.00,0,66
16.25,1544765090,209.70,51.44804076,7.48805923,255.99,14.46,0.00,193.90,0,-110.00,-16.00,0.00,0.00,38.00,0.00,0,272
16.25,1544765090,209.72,51.44804076,7.48805923,255.99,14.46,0.00,193.90,0,-101.00,-15.00,0.00,0.00,43.00,0.00,0,487
17.25,1544765091,224.13,51.44791251,7.48800081,256.12,14.25,0.00,193.82,0,-110.00,-15.00,0.00,0.00,36.00,0.00,0,66
17.25,1544765091,224.14,51.44791251,7.48800081,256.12,14.25,0.00,193.82,0,-110.00,-16.00,0.00,0.00,38.00,0.00,0,272
17.25,1544765091,224.16,51.44791251,7.48800081,256.12,14.25,0.00,193.82,0,-101.00,-15.00,0.00,0.00,43.00,0.00,0,487
18.25,1544765092,238.37,51.44776618,7.48794424,256.00,13.94,0.00,193.32,0,-109.00,-15.00,0.00,0.00,38.00,0.00,0,272
18.25,1544765092,238.38,51.44776618,7.48794424,256.00,13.94,0.00,193.32,0,-98.00,-16.00,0.00,0.00,47.00,0.00,0,487
19.25,1544765093,252.31,51.44764071,7.48791295,256.11,13.52,0.00,190.88,0,-109.00,-15.00,0.00,0.00,38.00,0.00,0,272
19.25,1544765093,252.32,51.44764071,7.48791295,256.11,13.52,0.00,190.88,0,-98.00,-16.00,0.00,0.00,47.00,0.00,0,487
20.25,1544765094,265.85,51.44753116,7.48789504,256.21,13.85,0.00,188.14,0,-109.00,-13.00,0.00,0.00,35.00,0.00,0,195
20.25,1544765094,265.86,51.44753116,7.48789504,256.21,13.85,0.00,188.14,0,-110.00,-12.00,0.00,0.00,34.00,0.00,0,280
20.25,1544765094,265.88,51.44753116,7.48789504,256.21,13.85,0.00,188.14,0,-110.00,-14.00,0.00,0.00,36.00,0.00,0,272
20.25,1544765094,265.88,51.44753116,7.48789504,256.21,13.85,0.00,188.14,0,-97.00,-16.00,0.00,0.00,48.00,0.00,0,487
21.25,1544765095,279.73,51.44740318,7.48787929,256.21,13.90,0.00,185.45,0,-109.00,-13.00,0.00,0.00,35.00,0.00,0,195
21.25,1544765095,279.74,51.44740318,7.48787929,256.21,13.90,0.00,185.45,0,-110.00,-12.00,0.00,0.00,34.00,0.00,0,280
21.25,1544765095,279.78,51.44740318,7.48787929,256.21,13.90,0.00,185.45,0,-110.00,-14.00,0.00,0.00,36.00,0.00,0,272
21.25,1544765095,279.78,51.44740318,7.48787929,256.21,13.90,0.00,185.45,0,-97.00,-16.00,0.00,0.00,48.00,0.00,0,487
22.24,1544765096,293.54,51.44728899,7.48787967,256.41,13.94,0.00,182.22,0,-106.00,-13.00,0.00,0.00,39.00,0.00,0,272
22.24,1544765096,293.54,51.44728899,7.48787967,256.41,13.94,0.00,182.22,0,-96.00,-16.00,0.00,0.00,49.00,0.00,0,487
23.25,1544765097,307.54,51.44715965,7.48789490,256.56,14.22,0.00,179.24,0,-106.00,-13.00,0.00,0.00,39.00,0.00,0,272
23.25,1544765097,307.55,51.44715965,7.48789490,256.56,14.22,0.00,179.24,0,-96.00,-16.00,0.00,0.00,49.00,0.00,0,487
24.25,1544765098,321.80,51.44702583,7.48792238,256.63,15.23,0.00,176.26,0,-109.00,-15.00,0.00,0.00,38.00,0.00,0,195
24.25,1544765098,321.82,51.44702583,7.48792238,256.63,15.23,0.00,176.26,0,-110.00,-16.00,0.00,0.00,38.00,0.00,0,272
24.25,1544765098,321.83,51.44702583,7.48792238,256.63,15.23,0.00,176.26,0,-96.00,-16.00,0.00,0.00,51.00,0.00,0,487
25.24,1544765099,336.94,51.44689752,7.48796297,256.87,14.06,0.00,172.43,0,-109.00,-15.00,0.00,0.00,38.00,0.00,0,195
25.24,1544765099,336.95,51.44689752,7.48796297,256.87,14.06,0.00,172.43,0,-110.00,-16.00,0.00,0.00,38.00,0.00,0,272
25.24,1544765099,336.95,51.44689752,7.48796297,256.87,14.06,0.00,172.43,0,-96.00,-16.00,0.00,0.00,51.00,0.00,0,487
26.25,1544765100,351.05,51.44678609,7.48802246,256.98,14.36,0.00,169.27,0,-110.00,-15.00,0.00,0.00,37.00,0.00,0,272
26.25,1544765100,351.07,51.44678609,7.48802246,256.98,14.36,0.00,169.27,0,-94.00,-15.00,0.00,0.00,50.00,0.00,0,487
27.25,1544765101,365.40,51.44666352,7.48809610,257.13,14.13,0.00,166.13,0,-110.00,-15.00,0.00,0.00,37.00,0.00,0,272
27.25,1544765101,365.42,51.44666352,7.48809610,257.13,14.13,0.00,166.13,0,-94.00,-15.00,0.00,0.00,50.00,0.00,0,487
28.25,1544765102,379.55,51.44654903,7.48817091,257.49,14.51,0.00,162.80,0,-106.00,-12.00,0.00,0.00,37.00,0.00,0,272
28.25,1544765102,379.60,51.44654903,7.48817091,257.49,14.51,0.00,162.80,0,-107.00,-11.00,0.00,0.00,35.00,0.00,0,66
28.25,1544765102,379.61,51.44654903,7.48817091,257.49,14.51,0.00,162.80,0,-109.00,-13.00,0.00,0.00,35.00,0.00,0,67
28.25,1544765102,379.63,51.44654903,7.48817091,257.49,14.51,0.00,162.80,0,-96.00,-13.00,0.00,0.00,46.00,0.00,0,487
29.25,1544765103,394.05,51.44642371,7.48826209,257.83,14.55,0.00,159.48,0,-106.00,-12.00,0.00,0.00,37.00,0.00,0,272
29.25,1544765103,394.07,51.44642371,7.48826209,257.83,14.55,0.00,159.48,0,-107.00,-11.00,0.00,0.00,35.00,0.00,0,66
29.25,1544765103,394.08,51.44642371,7.48826209,257.83,14.55,0.00,159.48,0,-109.00,-13.00,0.00,0.00,35.00,0.00,0,67
29.25,1544765103,394.08,51.44642371,7.48826209,257.83,14.55,0.00,159.48,0,-96.00,-13.00,0.00,0.00,46.00,0.00,0,487
30.24,1544765104,408.52,51.44630649,7.48836481,258.21,14.64,0.00,156.05,0,-104.00,-11.00,0.00,0.00,38.00,0.00,0,66
30.24,1544765104,408.54,51.44630649,7.48836481,258.21,14.64,0.00,156.05,0,-105.00,-13.00,0.00,0.00,40.00,0.00,0,272
30.24,1544765104,408.54,51.44630649,7.48836481,258.21,14.64,0.00,156.05,0,-106.00,-12.00,0.00,0.00,39.00,0.00,0,67
30.24,1544765104,408.54,51.44630649,7.48836481,258.21,14.64,0.00,156.05,0,-91.00,-11.00,0.00,0.00,48.00,0.00,0,487
31.25,1544765105,423.27,51.44618543,7.48848932,258.96,14.71,0.00,152.62,0,-104.00,-11.00,0.00,0.00,38.00,0.00,0,66
31.25,1544765105,423.27,51.44618543,7.48848932,258.96,14.71,0.00,152.62,0,-105.00,-13.00,0.00,0.00,40.00,0.00,0,272
31.25,1544765105,423.28,51.44618543,7.48848932,258.96,14.71,0.00,152.62,0,-106.00,-12.00,0.00,0.00,39.00,0.00,0,67
31.25,1544765105,423.28,51.44618543,7.48848932,258.96,14.71,0.00,152.62,0,-91.00,-11.00,0.00,0.00,48.00,0.00,0,487
32.26,1544765106,438.10,51.44606231,7.48862514,259.46,15.13,0.00,149.23,0,-105.00,-10.00,0.00,0.00,38.00,0.00,0,66
32.26,1544765106,438.12,51.44606231,7.48862514,259.46,15.13,0.00,149.23,0,-105.00,-12.00,0.00,0.00,38.00,0.00,0,272
32.26,1544765106,438.13,51.44606231,7.48862514,259.46,15.13,0.00,149.23,0,-107.00,-13.00,0.00,0.00,38.00,0.00,0,67
32.26,1544765106,438.15,51.44606231,7.48862514,259.46,15.13,0.00,149.23,0,-94.00,-11.00,0.00,0.00,46.00,0.00,0,487
33.24,1544765107,453.05,51.44594762,7.48876952,259.82,15.23,0.00,145.66,0,-105.00,-10.00,0.00,0.00,38.00,0.00,0,66
33.24,1544765107,453.05,51.44594762,7.48876952,259.82,15.23,0.00,145.66,0,-105.00,-12.00,0.00,0.00,38.00,0.00,0,272
33.24,1544765107,453.05,51.44594762,7.48876952,259.82,15.23,0.00,145.66,0,-107.00,-13.00,0.00,0.00,38.00,0.00,0,67
33.25,1544765107,453.07,51.44594762,7.48876952,259.82,15.23,0.00,145.66,0,-94.00,-11.00,0.00,0.00,46.00,0.00,0,487
34.25,1544765108,468.36,51.44584250,7.48891833,259.81,15.25,0.00,142.37,0,-105.00,-10.00,0.00,0.00,38.00,0.00,0,66
34.25,1544765108,468.37,51.44584250,7.48891833,259.81,15.25,0.00,142.37,0,-105.00,-12.00,0.00,0.00,38.00,0.00,0,272
34.25,1544765108,468.37,51.44584250,7.48891833,259.81,15.25,0.00,142.37,0,-107.00,-13.00,0.00,0.00,38.00,0.00,0,67
34.25,1544765108,468.43,51.44584250,7.48891833,259.81,15.25,0.00,142.37,0,-94.00,-11.00,0.00,0.00,46.00,0.00,0,487
35.25,1544765109,483.59,51.44574508,7.48907657,260.12,15.10,0.00,138.76,0,-106.00,-12.00,0.00,0.00,39.00,0.00,0,272
35.25,1544765109,483.60,51.44574508,7.48907657,260.12,15.10,0.00,138.76,0,-106.00,-12.00,0.00,0.00,38.00,0.00,0,66
35.25,1544765109,483.62,51.44574508,7.48907657,260.12,15.10,0.00,138.76,0,-109.00,-14.00,0.00,0.00,37.00,0.00,0,67
35.25,1544765109,483.62,51.44574508,7.48907657,260.12,15.10,0.00,138.76,0,-92.00,-11.00,0.00,0.00,48.00,0.00,0,487
36.25,1544765110,498.65,51.44565365,7.48924395,260.61,15.25,0.00,135.48,0,-106.00,-12.00,0.00,0.00,39.00,0.00,0,272
36.25,1544765110,498.67,51.44565365,7.48924395,260.61,15.25,0.00,135.48,0,-106.00,-12.00,0.00,0.00,38.00,0.00,0,66
36.25,1544765110,498.68,51.44565365,7.48924395,260.61,15.25,0.00,135.48,0,-109.00,-14.00,0.00,0.00,37.00,0.00,0,67
36.25,1544765110,498.70,51.44565365,7.48924395,260.61,15.25,0.00,135.48,0,-92.00,-11.00,0.00,0.00,48.00,0.00,0,487
37.25,1544765111,513.92,51.44557058,7.48941673,261.48,15.37,0.00,132.94,0,-104.00,-10.00,0.00,0.00,38.00,0.00,0,66
37.25,1544765111,513.93,51.44557058,7.48941673,261.48,15.37,0.00,132.94,0,-105.00,-11.00,0.00,0.00,39.00,0.00,0,272
37.25,1544765111,513.93,51.44557058,7.48941673,261.48,15.37,0.00,132.94,0,-108.00,-14.00,0.00,0.00,38.00,0.00,0,67
37.25,1544765111,513.95,51.44557058,7.48941673,261.48,15.37,0.00,132.94,0,-95.00,-9.00,0.00,0.00,44.00,0.00,0,487
38.25,1544765112,529.29,51.44547660,7.48961892,262.78,15.30,0.00,130.92,0,-104.00,-10.00,0.00,0.00,38.00,0.00,0,66
38.25,1544765112,529.29,51.44547660,7.48961892,262.78,15.30,0.00,130.92,0,-105.00,-11.00,0.00,0.00,39.00,0.00,0,272
38.25,1544765112,529.31,51.44547660,7.48961892,262.78,15.30,0.00,130.92,0,-108.00,-14.00,0.00,0.00,38.00,0.00,0,67
38.25,1544765112,529.32,51.44547660,7.48961892,262.78,15.30,0.00,130.92,0,-95.00,-9.00,0.00,0.00,44.00,0.00,0,487
39.25,1544765113,544.56,51.44539179,7.48980502,264.42,14.70,0.00,129.68,0,-106.00,-13.00,0.00,0.00,40.00,0.00,0,272
39.25,1544765113,544.57,51.44539179,7.48980502,264.42,14.70,0.00,129.68,0,-108.00,-15.00,0.00,0.00,39.00,0.00,0,67
40.25,1544765114,559.26,51.44531976,7.48997522,265.92,14.46,0.00,128.51,0,-106.00,-13.00,0.00,0.00,40.00,0.00,0,272
40.25,1544765114,559.27,51.44531976,7.48997522,265.92,14.46,0.00,128.51,0,-108.00,-15.00,0.00,0.00,39.00,0.00,0,67
41.25,1544765115,573.73,51.44524157,7.49015740,267.30,14.55,0.00,128.07,0,-106.00,-14.00,0.00,0.00,40.00,0.00,0,272
41.25,1544765115,573.75,51.44524157,7.49015740,267.30,14.55,0.00,128.07,0,-108.00,-15.00,0.00,0.00,39.00,0.00,0,67
41.25,1544765115,573.76,51.44524157,7.49015740,267.30,14.55,0.00,128.07,0,-110.00,-17.00,0.00,0.00,38.00,0.00,0,271
41.25,1544765115,573.77,51.44524157,7.49015740,267.30,14.55,0.00,128.07,0,-109.00,-11.00,0.00,0.00,32.00,0.00,0,157
42.25,1544765116,588.29,51.44516824,7.49032933,268.41,14.32,0.00,127.54,0,-106.00,-14.00,0.00,0.00,40.00,0.00,0,272
42.25,1544765116,588.30,51.44516824,7.49032933,268.41,14.32,0.00,127.54,0,-108.00,-15.00,0.00,0.00,39.00,0.00,0,67
42.25,1544765116,588.30,51.44516824,7.49032933,268.41,14.32,0.00,127.54,0,-110.00,-17.00,0.00,0.00,38.00,0.00,0,271
42.25,1544765116,588.32,51.44516824,7.49032933,268.41,14.32,0.00,127.54,0,-109.00,-11.00,0.00,0.00,32.00,0.00,0,157
43.25,1544765117,602.59,51.44509883,7.49049511,269.54,13.81,0.00,127.46,0,-106.00,-12.00,0.00,0.00,37.00,0.00,0,272
43.25,1544765117,602.61,51.44509883,7.49049511,269.54,13.81,0.00,127.46,0,-110.00,-16.00,0.00,0.00,37.00,0.00,0,271
43.25,1544765117,602.62,51.44509883,7.49049511,269.54,13.81,0.00,127.46,0,-110.00,-12.00,0.00,0.00,31.00,0.00,0,157
44.25,1544765118,616.41,51.44503121,7.49065655,270.61,13.22,0.00,127.26,0,-106.00,-12.00,0.00,0.00,37.00,0.00,0,272
44.25,1544765118,616.42,51.44503121,7.49065655,270.61,13.22,0.00,127.26,0,-110.00,-16.00,0.00,0.00,37.00,0.00,0,271
44.25,1544765118,616.43,51.44503121,7.49065655,270.61,13.22,0.00,127.26,0,-110.00,-12.00,0.00,0.00,31.00,0.00,0,157
45.25,1544765119,629.62,51.44496745,7.49080859,271.54,12.99,0.00,127.66,0,-103.00,-10.00,0.00,0.00,38.00,0.00,0,272
45.25,1544765119,629.63,51.44496745,7.49080859,271.54,12.99,0.00,127.66,0,-110.00,-16.00,0.00,0.00,38.00,0.00,0,271
45.25,1544765119,629.63,51.44496745,7.49080859,271.54,12.99,0.00,127.66,0,-110.00,-14.00,0.00,0.00,33.00,0.00,0,157
46.25,1544765120,642.61,51.44491263,7.49094246,272.15,11.74,0.00,127.30,0,-103.00,-10.00,0.00,0.00,38.00,0.00,0,272
46.25,1544765120,642.62,51.44491263,7.49094246,272.15,11.74,0.00,127.30,0,-110.00,-16.00,0.00,0.00,38.00,0.00,0,271
46.25,1544765120,642.62,51.44491263,7.49094246,272.15,11.74,0.00,127.30,0,-110.00,-14.00,0.00,0.00,33.00,0.00,0,157
47.25,1544765121,654.33,51.44485119,7.49108003,272.53,10.09,0.00,127.65,0,-107.00,-11.00,0.00,0.00,37.00,0.00,0,272
48.25,1544765122,664.43,51.44480536,7.49118435,272.59,8.97,0.00,127.04,0,-107.00,-11.00,0.00,0.00,37.00,0.00,0,272
49.25,1544765123,673.41,51.44475761,7.49129170,272.83,7.64,0.00,126.74,0,-105.00,-9.00,0.00,0.00,35.00,0.00,0,272
49.25,1544765123,673.41,51.44475761,7.49129170,272.83,7.64,0.00,126.74,0,-115.00,-13.00,0.00,0.00,27.00,0.00,0,437
49.25,1544765123,673.42,51.44475761,7.49129170,272.83,7.64,0.00,126.74,0,-115.00,-16.00,0.00,0.00,28.00,0.00,0,157
50.25,1544765124,681.05,51.44472326,7.49136978,273.03,7.00,0.00,127.45,0,-105.00,-9.00,0.00,0.00,35.00,0.00,0,272
50.25,1544765124,681.05,51.44472326,7.49136978,273.03,7.00,0.00,127.45,0,-115.00,-13.00,0.00,0.00,27.00,0.00,0,437
50.25,1544765124,681.05,51.44472326,7.49136978,273.03,7.00,0.00,127.45,0,-115.00,-16.00,0.00,0.00,28.00,0.00,0,157
51.25,1544765125,688.04,51.44469155,7.49144112,273.13,5.72,0.00,127.57,0,-116.00,-15.00,0.00,0.00,34.00,0.00,0,66
51.25,1544765125,688.05,51.44469155,7.49144112,273.13,5.72,0.00,127.57,0,-117.00,-16.00,0.00,0.00,35.00,0.00,0,288
52.25,1544765126,693.75,51.44466516,7.49150482,273.16,3.65,0.00,126.73,0,-116.00,-15.00,0.00,0.00,34.00,0.00,0,66
52.25,1544765126,693.76,51.44466516,7.49150482,273.16,3.65,0.00,126.73,0,-117.00,-16.00,0.00,0.00,35.00,0.00,0,288
53.26,1544765127,697.45,51.44466371,7.49151704,273.19,2.12,0.00,127.35,0,-115.00,-15.00,0.00,0.00,33.00,0.00,0,66
53.26,1544765127,697.45,51.44466371,7.49151704,273.19,2.12,0.00,127.35,0,-118.00,-18.00,0.00,0.00,34.00,0.00,0,167
54.25,1544765128,699.53,51.44466136,7.49152783,273.20,0.76,0.00,127.35,0,-115.00,-15.00,0.00,0.00,33.00,0.00,0,66
54.25,1544765128,699.53,51.44466136,7.49152783,273.20,0.76,0.00,127.35,0,-118.00,-18.00,0.00,0.00,34.00,0.00,0,167
55.25,1544765129,700.29,51.44466136,7.49152783,273.20,0.00,0.00,127.35,0,-115.00,-15.00,0.00,0.00,33.00,0.00,0,66
55.25,1544765129,700.29,51.44466136,7.49152783,273.20,0.00,0.00,127.35,0,-118.00,-18.00,0.00,0.00,34.00,0.00,0,167
56.25,1544765130,700.29,51.44466136,7.49152783,273.19,0.00,0.00,127.35,0,-115.00,-15.00,0.00,0.00,34.00,0.00,0,66
57.25,1544765131,700.29,51.44466136,7.49152783,273.16,0.00,0.00,127.49,0,-115.00,-15.00,0.00,0.00,34.00,0.00,0,66
60.25,1544765134,704.08,51.44460464,7.49164984,273.02,4.34,0.00,128.83,0,-113.00,-12.00,0.00,0.00,31.00,0.00,0,66
61.25,1544765135,708.42,51.44456613,7.49172114,272.99,4.42,0.00,132.02,0,-113.00,-12.00,0.00,0.00,31.00,0.00,0,66
102.24,1544765176,1212.34,51.44101985,7.48694611,283.36,14.78,0.00,232.22,0,-72.00,-12.00,0.00,0.00,63.00,0.00,0,488
103.25,1544765177,1227.14,51.44094514,7.48678429,284.51,14.74,0.00,232.76,0,-72.00,-12.00,0.00,0.00,63.00,0.00,0,488
104.25,1544765178,1241.88,51.44086964,7.48662022,285.26,14.37,0.00,233.29,0,-85.00,-8.00,0.00,0.00,54.00,0.00,0,270
104.25,1544765178,1241.89,51.44086964,7.48662022,285.26,14.37,0.00,233.29,0,-68.00,-9.00,0.00,0.00,63.00,0.00,0,488
105.25,1544765179,1256.26,51.44078898,7.48645097,285.54,14.59,0.00,233.15,0,-85.00,-8.00,0.00,0.00,54.00,0.00,0,270
105.25,1544765179,1256.26,51.44078898,7.48645097,285.54,14.59,0.00,233.15,0,-68.00,-9.00,0.00,0.00,63.00,0.00,0,488
108.25,1544765182,1299.82,51.44055013,7.48592527,285.95,14.78,0.00,232.34,0,-85.00,-11.00,0.00,0.00,58.00,0.00,0,272
109.25,1544765183,1314.60,51.44047326,7.48576352,285.69,14.54,0.00,233.07,0,-85.00,-11.00,0.00,0.00,58.00,0.00,0,272
142.25,1544765216,1801.06,51.43808311,7.47973041,287.23,14.69,0.00,240.73,0,-104.00,-12.00,0.00,0.00,37.00,0.00,0,284
142.25,1544765216,1801.07,51.43808311,7.47973041,287.23,14.69,0.00,240.73,0,-105.00,-12.00,0.00,0.00,37.00,0.00,0,88
143.25,1544765217,1815.73,51.43801828,7.47953985,287.09,15.18,0.00,240.46,0,-104.00,-12.00,0.00,0.00,37.00,0.00,0,284
143.25,1544765217,1815.74,51.43801828,7.47953985,287.09,15.18,0.00,240.46,0,-105.00,-12.00,0.00,0.00,37.00,0.00,0,88
144.24,1544765218,1830.89,51.43795004,7.47934288,287.17,15.06,0.00,241.10,0,-103.00,-11.00,0.00,0.00,37.00,0.00,0,284
145.25,1544765219,1845.96,51.43788193,7.47914306,287.10,14.93,0.00,240.63,0,-103.00,-11.00,0.00,0.00,37.00,0.00,0,284
146.25,1544765220,1860.89,51.43781652,7.47894784,287.01,14.66,0.00,240.77,0,-110.00,-10.00,0.00,0.00,31.00,0.00,0,261
146.25,1544765220,1860.91,51.43781652,7.47894784,287.01,14.66,0.00,240.77,0,-99.00,-8.00,0.00,0.00,37.00,0.00,0,88
147.25,1544765221,1875.55,51.43774446,7.47873941,287.14,14.85,0.00,241.77,0,-110.00,-10.00,0.00,0.00,31.00,0.00,0,261
147.25,1544765221,1875.57,51.43774446,7.47873941,287.14,14.85,0.00,241.77,0,-99.00,-8.00,0.00,0.00,37.00,0.00,0,88
148.25,1544765222,1890.40,51.43768153,7.47853987,287.13,14.49,0.00,242.13,0,-107.00,-8.00,0.00,0.00,32.00,0.00,0,261
148.25,1544765222,1890.42,51.43768153,7.47853987,287.13,14.49,0.00,242.13,0,-97.00,-8.00,0.00,0.00,39.00,0.00,0,88
149.25,1544765223,1904.91,51.43762204,7.47834970,287.19,14.58,0.00,241.86,0,-107.00,-8.00,0.00,0.00,32.00,0.00,0,261
149.25,1544765223,1904.91,51.43762204,7.47834970,287.19,14.58,0.00,241.86,0,-97.00,-8.00,0.00,0.00,39.00,0.00,0,88
150.25,1544765224,1919.52,51.43755954,7.47815256,287.60,14.54,0.00,241.66,0,-109.00,-10.00,0.00,0.00,33.00,0.00,0,261
150.25,1544765224,1919.53,51.43755954,7.47815256,287.60,14.54,0.00,241.66,0,-110.00,-12.00,0.00,0.00,34.00,0.00,0,205
150.25,1544765224,1919.55,51.43755954,7.47815256,287.60,14.54,0.00,241.66,0,-112.00,-14.00,0.00,0.00,33.00,0.00,0,178
150.25,1544765224,1919.56,51.43755954,7.47815256,287.60,14.54,0.00,241.66,0,-100.00,-8.00,0.00,0.00,37.00,0.00,0,88
151.25,1544765225,1934.06,51.43749655,7.47795352,288.16,14.62,0.00,241.55,0,-109.00,-10.00,0.00,0.00,33.00,0.00,0,261
151.25,1544765225,1934.07,51.43749655,7.47795352,288.16,14.62,0.00,241.55,0,-110.00,-12.00,0.00,0.00,34.00,0.00,0,205
151.25,1544765225,1934.09,51.43749655,7.47795352,288.16,14.62,0.00,241.55,0,-112.00,-14.00,0.00,0.00,33.00,0.00,0,178
151.25,1544765225,1934.10,51.43749655,7.47795352,288.16,14.62,0.00,241.55,0,-100.00,-8.00,0.00,0.00,37.00,0.00,0,88
152.25,1544765226,1948.70,51.43744260,7.47778144,288.51,14.89,0.00,242.35,0,-109.00,-13.00,0.00,0.00,37.00,0.00,0,261
152.25,1544765226,1948.71,51.43744260,7.47778144,288.51,14.89,0.00,242.35,0,-112.00,-16.00,0.00,0.00,37.00,0.00,0,205
152.25,1544765226,1948.73,51.43744260,7.47778144,288.51,14.89,0.00,242.35,0,-97.00,-8.00,0.00,0.00,39.00,0.00,0,88
153.25,1544765227,1963.55,51.43739232,7.47761272,288.99,14.61,0.00,242.18,0,-109.00,-13.00,0.00,0.00,37.00,0.00,0,261
153.25,1544765227,1963.57,51.43739232,7.47761272,288.99,14.61,0.00,242.18,0,-112.00,-16.00,0.00,0.00,37.00,0.00,0,205
153.25,1544765227,1963.57,51.43739232,7.47761272,288.99,14.61,0.00,242.18,0,-97.00,-8.00,0.00,0.00,39.00,0.00,0,88
154.25,1544765228,1978.16,51.43733529,7.47743270,289.20,14.33,0.00,242.26,0,-107.00,-11.00,0.00,0.00,37.00,0.00,0,261
154.25,1544765228,1978.18,51.43733529,7.47743270,289.20,14.33,0.00,242.26,0,-112.00,-13.00,0.00,0.00,37.00,0.00,0,205
154.25,1544765228,1978.18,51.43733529,7.47743270,289.20,14.33,0.00,242.26,0,-98.00,-8.00,0.00,0.00,38.00,0.00,0,88
155.25,1544765229,1992.48,51.43728020,7.47725992,289.04,13.64,0.00,242.83,0,-107.00,-11.00,0.00,0.00,37.00,0.00,0,261
155.25,1544765229,1992.49,51.43728020,7.47725992,289.04,13.64,0.00,242.83,0,-112.00,-13.00,0.00,0.00,37.00,0.00,0,205
155.25,1544765229,1992.50,51.43728020,7.47725992,289.04,13.64,0.00,242.83,0,-98.00,-8.00,0.00,0.00,38.00,0.00,0,88
156.25,1544765230,2006.10,51.43722904,7.47708180,289.21,12.74,0.00,244.66,0,-110.00,-12.00,0.00,0.00,37.00,0.00,0,261
156.25,1544765230,2006.11,51.43722904,7.47708180,289.21,12.74,0.00,244.66,0,-99.00,-8.00,0.00,0.00,38.00,0.00,0,88
157.25,1544765231,2018.85,51.43718419,7.47689594,289.28,12.57,0.00,246.87,0,-110.00,-12.00,0.00,0.00,37.00,0.00,0,261
157.25,1544765231,2018.87,51.43718419,7.47689594,289.28,12.57,0.00,246.87,0,-99.00,-8.00,0.00,0.00,38.00,0.00,0,88
158.25,1544765232,2031.41,51.43714450,7.47671314,289.10,11.98,0.00,250.54,0,-99.00,-7.00,0.00,0.00,37.00,0.00,0,88
159.24,1544765233,2043.37,51.43714172,7.47650966,288.85,11.23,0.00,271.25,0,-99.00,-7.00,0.00,0.00,37.00,0.00,0,88
160.25,1544765234,2054.64,51.43715139,7.47634923,288.87,9.59,0.00,275.04,0,-100.00,-8.00,0.00,0.00,36.00,0.00,0,88
161.24,1544765235,2064.17,51.43720257,7.47622393,288.91,8.03,0.00,305.19,0,-100.00,-8.00,0.00,0.00,36.00,0.00,0,88
162.24,1544765236,2072.20,51.43728552,7.47613952,288.71,7.82,0.00,330.47,0,-100.00,-8.00,0.00,0.00,36.00,0.00,0,88
163.24,1544765237,2080.03,51.43738366,7.47612658,289.00,8.62,0.00,358.59,0,-102.00,-8.00,0.00,0.00,35.00,0.00,0,88
164.24,1544765238,2088.67,51.43748089,7.47614921,289.42,8.50,0.00,18.83,0,-102.00,-8.00,0.00,0.00,35.00,0.00,0,88
200.25,1544765274,2807.47,51.44176517,7.48403830,281.80,23.05,0.00,30.10,0,-91.00,-10.00,0.00,0.00,50.00,0.00,0,271
201.24,1544765275,2830.46,51.44194826,7.48420764,281.57,23.14,0.00,28.90,0,-91.00,-10.00,0.00,0.00,50.00,0.00,0,271
202.26,1544765276,2853.85,51.44212987,7.48437440,281.34,23.18,0.00,27.95,0,-73.00,-10.00,0.00,0.00,63.00,0.00,0,488
203.24,1544765277,2876.75,51.44231419,7.48452585,281.12,23.17,0.00,26.49,0,-73.00,-10.00,0.00,0.00,63.00,0.00,0,488
204.24,1544765278,2899.92,51.44250740,7.48467751,281.31,23.17,0.00,26.02,0,-73.00,-10.00,0.00,0.00,63.00,0.00,0,488
223.24,1544765297,3239.80,51.44458802,7.48725676,268.09,13.77,0.00,129.24,0,-77.00,-14.00,0.00,0.00,63.00,0.00,0,487
224.25,1544765298,3253.62,51.44450141,7.48738347,267.98,13.48,0.00,143.95,0,-77.00,-14.00,0.00,0.00,63.00,0.00,0,487
225.25,1544765299,3267.20,51.44438918,7.48747683,268.16,14.14,0.00,156.98,0,-68.00,-11.00,0.00,0.00,63.00,0.00,0,487
226.25,1544765300,3281.22,51.44428657,7.48754562,268.18,13.53,0.00,158.36,0,-68.00,-11.00,0.00,0.00,63.00,0.00,0,487
227.25,1544765301,3294.75,51.44417177,7.48753234,267.67,13.01,0.00,184.35,0,-68.00,-11.00,0.00,0.00,63.00,0.00,0,487
228.25,1544765302,3307.76,51.44404915,7.48746665,266.71,13.83,0.00,202.80,0,-71.00,-11.00,0.00,0.00,63.00,0.00,0,487
229.25,1544765303,3321.59,51.44394898,7.48735022,265.89,13.97,0.00,217.69,0,-71.00,-11.00,0.00,0.00,63.00,0.00,0,487
230.25,1544765304,3335.61,51.44387765,7.48720326,265.36,14.02,0.00,235.01,0,-72.00,-11.00,0.00,0.00,63.00,0.00,0,487
231.25,1544765305,3349.61,51.44382405,7.48703557,264.71,14.38,0.00,248.46,0,-72.00,-11.00,0.00,0.00,63.00,0.00,0,487
232.25,1544765306,3363.98,51.44379488,7.48684550,263.99,14.67,0.00,262.52,0,-71.00,-12.00,0.00,0.00,63.00,0.00,0,487
233.25,1544765307,3378.64,51.44376688,7.48661085,263.47,15.18,0.00,264.57,0,-71.00,-12.00,0.00,0.00,63.00,0.00,0,487
257.24,1544765331,3909.87,51.44348084,7.47886458,262.53,26.02,0.00,262.51,0,-89.00,-13.00,0.00,0.00,54.00,0.00,0,488
258.25,1544765332,3935.91,51.44344907,7.47848781,262.31,25.98,0.00,262.57,0,-89.00,-13.00,0.00,0.00,54.00,0.00,0,488
259.24,1544765333,3961.86,51.44342030,7.47812909,262.15,25.63,0.00,262.38,0,-81.00,-11.00,0.00,0.00,59.00,0.00,0,488
260.25,1544765334,3987.54,51.44339113,7.47776738,261.95,25.23,0.00,262.52,0,-81.00,-11.00,0.00,0.00,59.00,0.00,0,488
261.25,1544765335,4012.85,51.44336204,7.47741146,261.69,25.19,0.00,262.45,0,-97.00,-13.00,0.00,0.00,48.00,0.00,0,270
261.25,1544765335,4012.88,51.44336204,7.47741146,261.69,25.19,0.00,262.45,0,-80.00,-11.00,0.00,0.00,61.00,0.00,0,488
262.25,1544765336,4037.94,51.44332858,7.47705475,261.41,25.24,0.00,262.25,0,-97.00,-13.00,0.00,0.00,48.00,0.00,0,270
262.25,1544765336,4037.94,51.44332858,7.47705475,261.41,25.24,0.00,262.25,0,-80.00,-11.00,0.00,0.00,61.00,0.00,0,488
263.25,1544765337,4063.23,51.44329442,7.47669663,261.13,25.29,0.00,261.87,0,-93.00,-11.00,0.00,0.00,50.00,0.00,0,270
263.25,1544765337,4063.26,51.44329442,7.47669663,261.13,25.29,0.00,261.87,0,-78.00,-10.00,0.00,0.00,61.00,0.00,0,488
264.24,1544765338,4088.41,51.44326088,7.47634007,260.88,25.30,0.00,261.49,0,-93.00,-11.00,0.00,0.00,50.00,0.00,0,270
264.24,1544765338,4088.44,51.44326088,7.47634007,260.88,25.30,0.00,261.49,0,-78.00,-10.00,0.00,0.00,61.00,0.00,0,488
265.25,1544765339,4113.82,51.44322395,7.47597813,260.28,25.20,0.00,261.21,0,-92.00,-10.00,0.00,0.00,50.00,0.00,0,270
265.25,1544765339,4113.84,51.44322395,7.47597813,260.28,25.20,0.00,261.21,0,-78.00,-10.00,0.00,0.00,61.00,0.00,0,488
266.25,1544765340,4139.00,51.44318514,7.47562195,259.76,25.25,0.00,260.72,0,-92.00,-10.00,0.00,0.00,50.00,0.00,0,270
266.25,1544765340,4139.02,51.44318514,7.47562195,259.76,25.25,0.00,260.72,0,-78.00,-10.00,0.00,0.00,61.00,0.00,0,488
267.25,1544765341,4164.22,51.44314523,7.47526653,259.26,25.25,0.00,259.83,0,-92.00,-9.00,0.00,0.00,48.00,0.00,0,270
267.25,1544765341,4164.24,51.44314523,7.47526653,259.26,25.25,0.00,259.83,0,-81.00,-10.00,0.00,0.00,58.00,0.00,0,488
268.25,1544765342,4189.47,51.44310420,7.47491099,258.75,25.19,0.00,258.88,0,-92.00,-9.00,0.00,0.00,48.00,0.00,0,270
268.25,1544765342,4189.49,51.44310420,7.47491099,258.75,25.19,0.00,258.88,0,-81.00,-10.00,0.00,0.00,58.00,0.00,0,488
269.26,1544765343,4214.91,51.44305990,7.47455628,258.02,25.02,0.00,258.52,0,-104.00,-8.00,0.00,0.00,36.00,0.00,0,155
269.26,1544765343,4214.93,51.44305990,7.47455628,258.02,25.02,0.00,258.52,0,-106.00,-10.00,0.00,0.00,35.00,0.00,0,195
269.26,1544765343,4214.93,51.44305990,7.47455628,258.02,25.02,0.00,258.52,0,-107.00,-10.00,0.00,0.00,36.00,0.00,0,376
269.26,1544765343,4214.96,51.44305990,7.47455628,258.02,25.02,0.00,258.52,0,-97.00,-10.00,0.00,0.00,41.00,0.00,0,488
270.25,1544765344,4239.73,51.44301439,7.47419844,257.22,25.03,0.00,258.78,0,-104.00,-8.00,0.00,0.00,36.00,0.00,0,155
270.25,1544765344,4239.75,51.44301439,7.47419844,257.22,25.03,0.00,258.78,0,-106.00,-10.00,0.00,0.00,35.00,0.00,0,195
270.25,1544765344,4239.75,51.44301439,7.47419844,257.22,25.03,0.00,258.78,0,-107.00,-10.00,0.00,0.00,36.00,0.00,0,376
270.25,1544765344,4239.78,51.44301439,7.47419844,257.22,25.03,0.00,258.78,0,-97.00,-10.00,0.00,0.00,41.00,0.00,0,488
271.25,1544765345,4264.76,51.44296856,7.47384718,256.44,24.95,0.00,258.72,0,-104.00,-8.00,0.00,0.00,36.00,0.00,0,155
271.25,1544765345,4264.78,51.44296856,7.47384718,256.44,24.95,0.00,258.72,0,-106.00,-10.00,0.00,0.00,35.00,0.00,0,195
271.25,1544765345,4264.81,51.44296856,7.47384718,256.44,24.95,0.00,258.72,0,-107.00,-10.00,0.00,0.00,36.00,0.00,0,376
271.25,1544765345,4264.81,51.44296856,7.47384718,256.44,24.95,0.00,258.72,0,-97.00,-10.00,0.00,0.00,41.00,0.00,0,488
272.24,1544765346,4289.64,51.44292449,7.47350177,255.55,24.90,0.00,258.84,0,-102.00,-9.00,0.00,0.00,38.00,0.00,0,195
273.25,1544765347,4314.57,51.44287866,7.47315064,254.57,24.97,0.00,258.75,0,-102.00,-9.00,0.00,0.00,38.00,0.00,0,195
280.25,1544765354,4486.67,51.44256906,7.47072241,248.31,24.35,0.00,258.43,0,-113.00,-11.00,0.00,0.00,29.00,0.00,0,195
280.25,1544765354,4486.69,51.44256906,7.47072241,248.31,24.35,0.00,258.43,0,-114.00,-13.00,0.00,0.00,30.00,0.00,0,270
281.25,1544765355,4511.02,51.44252243,7.47036654,247.42,24.59,0.00,257.39,0,-113.00,-11.00,0.00,0.00,29.00,0.00,0,195
281.25,1544765355,4511.04,51.44252243,7.47036654,247.42,24.59,0.00,257.39,0,-114.00,-13.00,0.00,0.00,30.00,0.00,0,270
282.24,1544765356,4535.51,51.44247085,7.47002144,246.83,25.21,0.00,256.16,0,-111.00,-14.00,0.00,0.00,39.00,0.00,0,195
282.24,1544765356,4535.54,51.44247085,7.47002144,246.83,25.21,0.00,256.16,0,-113.00,-17.00,0.00,0.00,39.00,0.00,0,270
282.24,1544765356,4535.54,51.44247085,7.47002144,246.83,25.21,0.00,256.16,0,-114.00,-19.00,0.00,0.00,39.00,0.00,0,249
283.25,1544765357,4560.87,51.44241918,7.46967450,246.30,25.94,0.00,256.30,0,-111.00,-14.00,0.00,0.00,39.00,0.00,0,195
283.25,1544765357,4560.90,51.44241918,7.46967450,246.30,25.94,0.00,256.30,0,-113.00,-17.00,0.00,0.00,39.00,0.00,0,270
283.25,1544765357,4560.92,51.44241918,7.46967450,246.30,25.94,0.00,256.30,0,-114.00,-19.00,0.00,0.00,39.00,0.00,0,249
284.25,1544765358,4586.79,51.44236465,7.46931725,245.85,26.74,0.00,256.86,0,-110.00,-13.00,0.00,0.00,39.00,0.00,0,195
284.25,1544765358,4586.81,51.44236465,7.46931725,245.85,26.74,0.00,256.86,0,-110.00,-13.00,0.00,0.00,39.00,0.00,0,270
284.25,1544765358,4586.84,51.44236465,7.46931725,245.85,26.74,0.00,256.86,0,-114.00,-17.00,0.00,0.00,39.00,0.00,0,249
285.25,1544765359,4613.56,51.44231284,7.46894113,245.36,27.54,0.00,257.50,0,-110.00,-13.00,0.00,0.00,39.00,0.00,0,195
285.25,1544765359,4613.58,51.44231284,7.46894113,245.36,27.54,0.00,257.50,0,-110.00,-13.00,0.00,0.00,39.00,0.00,0,270
285.25,1544765359,4613.61,51.44231284,7.46894113,245.36,27.54,0.00,257.50,0,-114.00,-17.00,0.00,0.00,39.00,0.00,0,249
286.25,1544765360,4641.05,51.44226000,7.46855438,244.79,28.18,0.00,257.88,0,-108.00,-13.00,0.00,0.00,38.00,0.00,0,195
286.25,1544765360,4641.07,51.44226000,7.46855438,244.79,28.18,0.00,257.88,0,-111.00,-18.00,0.00,0.00,39.00,0.00,0,154
287.25,1544765361,4669.20,51.44220441,7.46814908,244.23,28.68,0.00,258.38,0,-108.00,-13.00,0.00,0.00,38.00,0.00,0,195
287.25,1544765361,4669.22,51.44220441,7.46814908,244.23,28.68,0.00,258.38,0,-111.00,-18.00,0.00,0.00,39.00,0.00,0,154
305.25,1544765379,5212.55,51.44156996,7.46037053,233.11,30.45,0.00,267.03,0,-108.00,-12.00,0.00,0.00,37.00,0.00,0,270
306.25,1544765380,5243.00,51.44155528,7.45993300,233.02,30.47,0.00,267.17,0,-108.00,-12.00,0.00,0.00,37.00,0.00,0,270
307.25,1544765381,5273.50,51.44154583,7.45949190,233.21,30.63,0.00,267.75,0,-106.00,-8.00,0.00,0.00,34.00,0.00,0,270
307.25,1544765381,5273.53,51.44154583,7.45949190,233.21,30.63,0.00,267.75,0,-106.00,-8.00,0.00,0.00,33.00,0.00,0,376
308.25,1544765382,5304.13,51.44153598,7.45904805,233.28,30.54,0.00,268.25,0,-106.00,-8.00,0.00,0.00,34.00,0.00,0,270
308.25,1544765382,5304.16,51.44153598,7.45904805,233.28,30.54,0.00,268.25,0,-106.00,-8.00,0.00,0.00,33.00,0.00,0,376
309.25,1544765383,5334.63,51.44153005,7.45860664,233.39,29.93,0.00,269.16,0,-104.00,-8.00,0.00,0.00,37.00,0.00,0,270
309.25,1544765383,5334.66,51.44153005,7.45860664,233.39,29.93,0.00,269.16,0,-105.00,-8.00,0.00,0.00,35.00,0.00,0,376
310.25,1544765384,5364.62,51.44152317,7.45817261,233.17,29.42,0.00,269.27,0,-104.00,-8.00,0.00,0.00,37.00,0.00,0,270
310.25,1544765384,5364.65,51.44152317,7.45817261,233.17,29.42,0.00,269.27,0,-105.00,-8.00,0.00,0.00,35.00,0.00,0,376
311.26,1544765385,5394.30,51.44151943,7.45775838,233.24,29.07,0.00,269.56,0,-103.00,-11.00,0.00,0.00,40.00,0.00,0,270
311.26,1544765385,5394.33,51.44151943,7.45775838,233.24,29.07,0.00,269.56,0,-105.00,-11.00,0.00,0.00,39.00,0.00,0,376
312.25,1544765386,5423.11,51.44151659,7.45733207,233.42,29.40,0.00,269.63,0,-103.00,-11.00,0.00,0.00,40.00,0.00,0,270
312.25,1544765386,5423.14,51.44151659,7.45733207,233.42,29.40,0.00,269.63,0,-105.00,-11.00,0.00,0.00,39.00,0.00,0,376
313.25,1544765387,5452.53,51.44151388,7.45690371,233.62,29.83,0.00,269.90,0,-103.00,-11.00,0.00,0.00,40.00,0.00,0,270
313.25,1544765387,5452.56,51.44151388,7.45690371,233.62,29.83,0.00,269.90,0,-105.00,-11.00,0.00,0.00,39.00,0.00,0,376
314.25,1544765388,5482.30,51.44151213,7.45646767,233.63,30.21,0.00,270.10,0,-104.00,-10.00,0.00,0.00,39.00,0.00,0,376
314.25,1544765388,5482.33,51.44151213,7.45646767,233.63,30.21,0.00,270.10,0,-109.00,-14.00,0.00,0.00,39.00,0.00,0,195
315.24,1544765389,5512.46,51.44151700,7.45602881,233.45,30.58,0.00,270.60,0,-104.00,-10.00,0.00,0.00,39.00,0.00,0,376
315.24,1544765389,5512.46,51.44151700,7.45602881,233.45,30.58,0.00,270.60,0,-109.00,-14.00,0.00,0.00,39.00,0.00,0,195
316.24,1544765390,5542.97,51.44152287,7.45558270,233.11,31.05,0.00,271.19,0,-95.00,-7.00,0.00,0.00,43.00,0.00,0,376
317.24,1544765391,5574.06,51.44153555,7.45513389,232.80,31.70,0.00,272.37,0,-95.00,-7.00,0.00,0.00,43.00,0.00,0,376
377.25,1544765451,7703.26,51.44821505,7.42729813,194.21,37.96,0.00,320.91,0,-91.00,-5.00,0.00,0.00,46.00,0.00,0,49
378.24,1544765452,7741.14,51.44847983,7.42696522,193.29,37.54,0.00,322.10,0,-91.00,-5.00,0.00,0.00,46.00,0.00,0,49
379.24,1544765453,7778.68,51.44874190,7.42664523,191.66,37.19,0.00,323.35,0,-92.00,-5.00,0.00,0.00,45.00,0.00,0,49
380.25,1544765454,7815.91,51.44901698,7.42634083,189.50,36.73,0.00,325.38,0,-92.00,-5.00,0.00,0.00,45.00,0.00,0,49
381.24,1544765455,7852.52,51.44929156,7.42606130,187.07,36.56,0.00,326.72,0,-97.00,-7.00,0.00,0.00,42.00,0.00,0,49
382.24,1544765456,7889.11,51.44956720,7.42578898,184.85,35.88,0.00,328.31,0,-97.00,-7.00,0.00,0.00,42.00,0.00,0,49
387.25,1544765461,8071.00,51.45101610,7.42461021,182.28,35.85,0.00,336.26,0,-98.00,-9.00,0.00,0.00,43.00,0.00,0,49
387.25,1544765461,8071.04,51.45101610,7.42461021,182.28,35.85,0.00,336.26,0,-100.00,-10.00,0.00,0.00,42.00,0.00,0,414
387.25,1544765461,8071.04,51.45101610,7.42461021,182.28,35.85,0.00,336.26,0,-103.00,-12.00,0.00,0.00,40.00,0.00,0,249
388.25,1544765462,8106.81,51.45131021,7.42441481,181.28,35.60,0.00,337.71,0,-98.00,-9.00,0.00,0.00,43.00,0.00,0,49
388.25,1544765462,8106.85,51.45131021,7.42441481,181.28,35.60,0.00,337.71,0,-100.00,-10.00,0.00,0.00,42.00,0.00,0,414
388.25,1544765462,8106.88,51.45131021,7.42441481,181.28,35.60,0.00,337.71,0,-103.00,-12.00,0.00,0.00,40.00,0.00,0,249
389.25,1544765463,8142.48,51.45160740,7.42423159,180.34,35.37,0.00,339.41,0,-98.00,-9.00,0.00,0.00,42.00,0.00,0,26
389.25,1544765463,8142.48,51.45160740,7.42423159,180.34,35.37,0.00,339.41,0,-100.00,-11.00,0.00,0.00,45.00,0.00,0,249
389.25,1544765463,8142.51,51.45160740,7.42423159,180.34,35.37,0.00,339.41,0,-104.00,-13.00,0.00,0.00,41.00,0.00,0,49
389.25,1544765463,8142.55,51.45160740,7.42423159,180.34,35.37,0.00,339.41,0,-96.00,-9.00,0.00,0.00,42.00,0.00,0,104
389.25,1544765463,8142.55,51.45160740,7.42423159,180.34,35.37,0.00,339.41,0,-99.00,-12.00,0.00,0.00,43.00,0.00,0,424
390.25,1544765464,8177.88,51.45190865,7.42406749,179.28,35.35,0.00,340.88,0,-98.00,-9.00,0.00,0.00,42.00,0.00,0,26
390.25,1544765464,8177.92,51.45190865,7.42406749,179.28,35.35,0.00,340.88,0,-100.00,-11.00,0.00,0.00,45.00,0.00,0,249
390.25,1544765464,8177.95,51.45190865,7.42406749,179.28,35.35,0.00,340.88,0,-104.00,-13.00,0.00,0.00,41.00,0.00,0,49
390.25,1544765464,8177.99,51.45190865,7.42406749,179.28,35.35,0.00,340.88,0,-96.00,-9.00,0.00,0.00,42.00,0.00,0,104
390.25,1544765464,8177.99,51.45190865,7.42406749,179.28,35.35,0.00,340.88,0,-99.00,-12.00,0.00,0.00,43.00,0.00,0,424
391.25,1544765465,8213.20,51.45220485,7.42390806,177.86,35.47,0.00,341.10,0,-105.00,-11.00,0.00,0.00,38.00,0.00,0,49
391.25,1544765465,8213.20,51.45220485,7.42390806,177.86,35.47,0.00,341.10,0,-105.00,-12.00,0.00,0.00,39.00,0.00,0,35
391.25,1544765465,8213.23,51.45220485,7.42390806,177.86,35.47,0.00,341.10,0,-105.00,-11.00,0.00,0.00,38.00,0.00,0,375
391.25,1544765465,8213.27,51.45220485,7.42390806,177.86,35.47,0.00,341.10,0,-102.00,-10.00,0.00,0.00,39.00,0.00,0,424
391.25,1544765465,8213.27,51.45220485,7.42390806,177.86,35.47,0.00,341.10,0,-104.00,-13.00,0.00,0.00,37.00,0.00,0,270
392.25,1544765466,8248.74,51.45250356,7.42374697,176.04,35.54,0.00,341.65,0,-105.00,-11.00,0.00,0.00,38.00,0.00,0,49
392.25,1544765466,8248.77,51.45250356,7.42374697,176.04,35.54,0.00,341.65,0,-105.00,-12.00,0.00,0.00,39.00,0.00,0,35
392.25,1544765466,8248.81,51.45250356,7.42374697,176.04,35.54,0.00,341.65,0,-105.00,-11.00,0.00,0.00,38.00,0.00,0,375
392.25,1544765466,8248.81,51.45250356,7.42374697,176.04,35.54,0.00,341.65,0,-102.00,-10.00,0.00,0.00,39.00,0.00,0,424
392.25,1544765466,8248.84,51.45250356,7.42374697,176.04,35.54,0.00,341.65,0,-104.00,-13.00,0.00,0.00,37.00,0.00,0,270
393.25,1544765467,8284.31,51.45280542,7.42360138,173.96,35.68,0.00,342.68,0,-100.00,-12.00,0.00,0.00,45.00,0.00,0,26
393.25,1544765467,8284.35,51.45280542,7.42360138,173.96,35.68,0.00,342.68,0,-100.00,-14.00,0.00,0.00,46.00,0.00,0,49
393.25,1544765467,8284.38,51.45280542,7.42360138,173.96,35.68,0.00,342.68,0,-102.00,-15.00,0.00,0.00,45.00,0.00,0,35
393.25,1544765467,8284.42,51.45280542,7.42360138,173.96,35.68,0.00,342.68,0,-99.00,-12.00,0.00,0.00,43.00,0.00,0,104
393.26,1544765467,8284.45,51.45280542,7.42360138,173.96,35.68,0.00,342.68,0,-101.00,-13.00,0.00,0.00,41.00,0.00,0,270
394.24,1544765468,8319.70,51.45311429,7.42344981,171.93,35.75,0.00,342.95,0,-100.00,-12.00,0.00,0.00,45.00,0.00,0,26
394.24,1544765468,8319.70,51.45311429,7.42344981,171.93,35.75,0.00,342.95,0,-100.00,-14.00,0.00,0.00,46.00,0.00,0,49
394.24,1544765468,8319.70,51.45311429,7.42344981,171.93,35.75,0.00,342.95,0,-102.00,-15.00,0.00,0.00,45.00,0.00,0,35
394.24,1544765468,8319.74,51.45311429,7.42344981,171.93,35.75,0.00,342.95,0,-99.00,-12.00,0.00,0.00,43.00,0.00,0,104
394.24,1544765468,8319.74,51.45311429,7.42344981,171.93,35.75,0.00,342.95,0,-101.00,-13.00,0.00,0.00,41.00,0.00,0,270
395.25,1544765469,8355.56,51.45342177,7.42330648,169.94,35.92,0.00,343.38,0,-91.00,-13.00,0.00,0.00,53.00,0.00,0,35
395.25,1544765469,8355.59,51.45342177,7.42330648,169.94,35.92,0.00,343.38,0,-85.00,-7.00,0.00,0.00,51.00,0.00,0,287
396.25,1544765470,8391.44,51.45373858,7.42316065,168.37,36.01,0.00,343.56,0,-91.00,-13.00,0.00,0.00,53.00,0.00,0,35
396.25,1544765470,8391.48,51.45373858,7.42316065,168.37,36.01,0.00,343.56,0,-85.00,-7.00,0.00,0.00,51.00,0.00,0,287
397.25,1544765471,8427.74,51.45404857,7.42302226,166.78,35.72,0.00,343.84,0,-100.00,-13.00,0.00,0.00,45.00,0.00,0,414
397.25,1544765471,8427.78,51.45404857,7.42302226,166.78,35.72,0.00,343.84,0,-100.00,-13.00,0.00,0.00,45.00,0.00,0,370
398.25,1544765472,8463.17,51.45436380,7.42288562,165.36,35.09,0.00,343.92,0,-100.00,-13.00,0.00,0.00,45.00,0.00,0,414
398.25,1544765472,8463.21,51.45436380,7.42288562,165.36,35.09,0.00,343.92,0,-100.00,-13.00,0.00,0.00,45.00,0.00,0,370
399.25,1544765473,8498.26,51.45466343,7.42275559,164.07,34.47,0.00,343.69,0,-100.00,-13.00,0.00,0.00,45.00,0.00,0,414
399.25,1544765473,8498.30,51.45466343,7.42275559,164.07,34.47,0.00,343.69,0,-100.00,-13.00,0.00,0.00,45.00,0.00,0,370
400.25,1544765474,8532.90,51.45496778,7.42262117,162.61,33.96,0.00,343.40,0,-95.00,-13.00,0.00,0.00,49.00,0.00,0,97
400.25,1544765474,8532.94,51.45496778,7.42262117,162.61,33.96,0.00,343.40,0,-97.00,-14.00,0.00,0.00,49.00,0.00,0,35
400.25,1544765474,8532.97,51.45496778,7.42262117,162.61,33.96,0.00,343.40,0,-97.00,-11.00,0.00,0.00,45.00,0.00,0,249
400.25,1544765474,8533.00,51.45496778,7.42262117,162.61,33.96,0.00,343.40,0,-95.00,-10.00,0.00,0.00,44.00,0.00,0,210
400.25,1544765474,8533.00,51.45496778,7.42262117,162.61,33.96,0.00,343.40,0,-97.00,-9.00,0.00,0.00,40.00,0.00,0,424
401.25,1544765475,8566.76,51.45526756,7.42248520,161.07,33.56,0.00,342.86,0,-95.00,-13.00,0.00,0.00,49.00,0.00,0,97
401.25,1544765475,8566.79,51.45526756,7.42248520,161.07,33.56,0.00,342.86,0,-97.00,-14.00,0.00,0.00,49.00,0.00,0,35
401.25,1544765475,8566.83,51.45526756,7.42248520,161.07,33.56,0.00,342.86,0,-97.00,-11.00,0.00,0.00,45.00,0.00,0,249
401.25,1544765475,8566.83,51.45526756,7.42248520,161.07,33.56,0.00,342.86,0,-95.00,-10.00,0.00,0.00,44.00,0.00,0,210
401.25,1544765475,8566.86,51.45526756,7.42248520,161.07,33.56,0.00,342.86,0,-97.00,-9.00,0.00,0.00,40.00,0.00,0,424
402.25,1544765476,8600.25,51.45555608,7.42233882,159.56,33.55,0.00,341.97,0,-86.00,-7.00,0.00,0.00,54.00,0.00,0,414
402.25,1544765476,8600.29,51.45555608,7.42233882,159.56,33.55,0.00,341.97,0,-85.00,-8.00,0.00,0.00,52.00,0.00,0,210
403.25,1544765477,8633.80,51.45584624,7.42218946,158.21,33.70,0.00,341.36,0,-86.00,-7.00,0.00,0.00,54.00,0.00,0,414
403.25,1544765477,8633.83,51.45584624,7.42218946,158.21,33.70,0.00,341.36,0,-85.00,-8.00,0.00,0.00,52.00,0.00,0,210
404.25,1544765478,8667.57,51.45613420,7.42202808,157.02,33.73,0.00,340.64,0,-90.00,-11.00,0.00,0.00,52.00,0.00,0,35
404.25,1544765478,8667.60,51.45613420,7.42202808,157.02,33.73,0.00,340.64,0,-93.00,-10.00,0.00,0.00,51.00,0.00,0,49
404.25,1544765478,8667.60,51.45613420,7.42202808,157.02,33.73,0.00,340.64,0,-94.00,-10.00,0.00,0.00,50.00,0.00,0,26
404.25,1544765478,8667.63,51.45613420,7.42202808,157.02,33.73,0.00,340.64,0,-89.00,-10.00,0.00,0.00,49.00,0.00,0,270
405.25,1544765479,8701.30,51.45641020,7.42187092,156.24,33.93,0.00,339.87,0,-90.00,-11.00,0.00,0.00,52.00,0.00,0,35
405.25,1544765479,8701.30,51.45641020,7.42187092,156.24,33.93,0.00,339.87,0,-93.00,-10.00,0.00,0.00,51.00,0.00,0,49
405.25,1544765479,8701.33,51.45641020,7.42187092,156.24,33.93,0.00,339.87,0,-94.00,-10.00,0.00,0.00,50.00,0.00,0,26
405.25,1544765479,8701.36,51.45641020,7.42187092,156.24,33.93,0.00,339.87,0,-89.00,-10.00,0.00,0.00,49.00,0.00,0,270
406.25,1544765480,8735.20,51.45669936,7.42168948,155.42,34.21,0.00,338.58,0,-93.00,-11.00,0.00,0.00,49.00,0.00,0,370
406.25,1544765480,8735.23,51.45669936,7.42168948,155.42,34.21,0.00,338.58,0,-95.00,-13.00,0.00,0.00,49.00,0.00,0,35
406.25,1544765480,8735.23,51.45669936,7.42168948,155.42,34.21,0.00,338.58,0,-89.00,-7.00,0.00,0.00,49.00,0.00,0,114
407.24,1544765481,8769.23,51.45698381,7.42150335,154.73,34.01,0.00,337.58,0,-93.00,-11.00,0.00,0.00,49.00,0.00,0,370
407.24,1544765481,8769.27,51.45698381,7.42150335,154.73,34.01,0.00,337.58,0,-95.00,-13.00,0.00,0.00,49.00,0.00,0,35
407.24,1544765481,8769.27,51.45698381,7.42150335,154.73,34.01,0.00,337.58,0,-89.00,-7.00,0.00,0.00,49.00,0.00,0,114
410.25,1544765484,8870.79,51.45780879,7.42090983,154.05,33.17,0.00,334.43,0,-90.00,-11.00,0.00,0.00,52.00,0.00,0,35
410.25,1544765484,8870.83,51.45780879,7.42090983,154.05,33.17,0.00,334.43,0,-94.00,-9.00,0.00,0.00,47.00,0.00,0,375
410.25,1544765484,8870.86,51.45780879,7.42090983,154.05,33.17,0.00,334.43,0,-86.00,-9.00,0.00,0.00,52.00,0.00,0,270
410.25,1544765484,8870.86,51.45780879,7.42090983,154.05,33.17,0.00,334.43,0,-92.00,-8.00,0.00,0.00,46.00,0.00,0,209
411.24,1544765485,8903.76,51.45807079,7.42070955,153.89,32.53,0.00,333.90,0,-90.00,-11.00,0.00,0.00,52.00,0.00,0,35
411.24,1544765485,8903.79,51.45807079,7.42070955,153.89,32.53,0.00,333.90,0,-94.00,-9.00,0.00,0.00,47.00,0.00,0,375
411.24,1544765485,8903.79,51.45807079,7.42070955,153.89,32.53,0.00,333.90,0,-86.00,-9.00,0.00,0.00,52.00,0.00,0,270
411.24,1544765485,8903.79,51.45807079,7.42070955,153.89,32.53,0.00,333.90,0,-92.00,-8.00,0.00,0.00,46.00,0.00,0,209
412.24,1544765486,8936.25,51.45832652,7.42050137,153.89,31.85,0.00,333.06,0,-85.00,-10.00,0.00,0.00,56.00,0.00,0,114
413.24,1544765487,8968.17,51.45858215,7.42029425,153.72,31.36,0.00,332.19,0,-85.00,-10.00,0.00,0.00,56.00,0.00,0,114
414.24,1544765488,8999.56,51.45883653,7.42007627,153.35,30.96,0.00,331.50,0,-85.00,-13.00,0.00,0.00,59.00,0.00,0,375
414.24,1544765488,8999.56,51.45883653,7.42007627,153.35,30.96,0.00,331.50,0,-89.00,-13.00,0.00,0.00,58.00,0.00,0,370
414.25,1544765488,8999.59,51.45883653,7.42007627,153.35,30.96,0.00,331.50,0,-84.00,-7.00,0.00,0.00,52.00,0.00,0,209
414.25,1544765488,8999.59,51.45883653,7.42007627,153.35,30.96,0.00,331.50,0,-87.00,-9.00,0.00,0.00,54.00,0.00,0,114
415.25,1544765489,9030.61,51.45908377,7.41985620,153.13,31.02,0.00,330.28,0,-85.00,-13.00,0.00,0.00,59.00,0.00,0,375
415.25,1544765489,9030.64,51.45908377,7.41985620,153.13,31.02,0.00,330.28,0,-89.00,-13.00,0.00,0.00,58.00,0.00,0,370
415.25,1544765489,9030.64,51.45908377,7.41985620,153.13,31.02,0.00,330.28,0,-84.00,-7.00,0.00,0.00,52.00,0.00,0,209
415.25,1544765489,9030.68,51.45908377,7.41985620,153.13,31.02,0.00,330.28,0,-87.00,-9.00,0.00,0.00,54.00,0.00,0,114
416.25,1544765490,9061.57,51.45933216,7.41962211,153.04,31.16,0.00,329.28,0,-86.00,-13.00,0.00,0.00,58.00,0.00,0,114
417.24,1544765491,9092.70,51.45957398,7.41939524,152.77,31.28,0.00,328.32,0,-86.00,-13.00,0.00,0.00,58.00,0.00,0,114
418.25,1544765492,9124.26,51.45981523,7.41915846,152.29,31.42,0.00,327.66,0,-85.00,-8.00,0.00,0.00,59.00,0.00,0,370
418.25,1544765492,9124.29,51.45981523,7.41915846,152.29,31.42,0.00,327.66,0,-82.00,-10.00,0.00,0.00,60.00,0.00,0,114
419.25,1544765493,9155.46,51.46005512,7.41891113,152.06,31.77,0.00,326.57,0,-85.00,-8.00,0.00,0.00,59.00,0.00,0,370
419.25,1544765493,9155.49,51.46005512,7.41891113,152.06,31.77,0.00,326.57,0,-82.00,-10.00,0.00,0.00,60.00,0.00,0,114
420.25,1544765494,9187.26,51.46029747,7.41865740,151.81,32.13,0.00,325.65,0,-85.00,-8.00,0.00,0.00,59.00,0.00,0,370
420.25,1544765494,9187.30,51.46029747,7.41865740,151.81,32.13,0.00,325.65,0,-82.00,-10.00,0.00,0.00,60.00,0.00,0,114
421.25,1544765495,9219.42,51.46053711,7.41839016,151.51,32.42,0.00,324.85,0,-87.00,-9.00,0.00,0.00,55.00,0.00,0,370
421.25,1544765495,9219.46,51.46053711,7.41839016,151.51,32.42,0.00,324.85,0,-88.00,-6.00,0.00,0.00,51.00,0.00,0,375
421.25,1544765495,9219.49,51.46053711,7.41839016,151.51,32.42,0.00,324.85,0,-82.00,-8.00,0.00,0.00,54.00,0.00,0,114
421.25,1544765495,9219.49,51.46053711,7.41839016,151.51,32.42,0.00,324.85,0,-87.00,-8.00,0.00,0.00,49.00,0.00,0,209
422.25,1544765496,9251.85,51.46077667,7.41811870,151.25,32.72,0.00,323.93,0,-87.00,-9.00,0.00,0.00,55.00,0.00,0,370
422.25,1544765496,9251.88,51.46077667,7.41811870,151.25,32.72,0.00,323.93,0,-88.00,-6.00,0.00,0.00,51.00,0.00,0,375
422.25,1544765496,9251.91,51.46077667,7.41811870,151.25,32.72,0.00,323.93,0,-82.00,-8.00,0.00,0.00,54.00,0.00,0,114
422.25,1544765496,9251.94,51.46077667,7.41811870,151.25,32.72,0.00,323.93,0,-87.00,-8.00,0.00,0.00,49.00,0.00,0,209
423.25,1544765497,9284.47,51.46100962,7.41783718,151.10,33.06,0.00,322.91,0,-83.00,-8.00,0.00,0.00,57.00,0.00,0,35
424.24,1544765498,9317.49,51.46124683,7.41754591,151.02,33.44,0.00,321.93,0,-83.00,-8.00,0.00,0.00,57.00,0.00,0,35
425.25,1544765499,9350.97,51.46148173,7.41723905,150.91,33.82,0.00,320.96,0,-86.00,-10.00,0.00,0.00,56.00,0.00,0,35
426.25,1544765500,9384.82,51.46171835,7.41692773,150.86,34.22,0.00,320.30,0,-86.00,-10.00,0.00,0.00,56.00,0.00,0,35
427.25,1544765501,9419.01,51.46195639,7.41659995,150.66,34.68,0.00,319.40,0,-76.00,-6.00,0.00,0.00,62.00,0.00,0,35
428.25,1544765502,9453.69,51.46219626,7.41626040,150.65,35.10,0.00,318.30,0,-76.00,-6.00,0.00,0.00,62.00,0.00,0,35
435.25,1544765509,9706.92,51.46382047,7.41368090,150.25,36.12,0.00,311.20,0,-91.00,-7.00,0.00,0.00,46.00,0.00,0,209
436.25,1544765510,9743.03,51.46403509,7.41329199,150.29,35.83,0.00,310.25,0,-91.00,-7.00,0.00,0.00,46.00,0.00,0,209
439.25,1544765513,9849.63,51.46463682,7.41211990,151.41,34.60,0.00,308.92,0,-87.00,-8.00,0.00,0.00,53.00,0.00,0,33
439.25,1544765513,9849.67,51.46463682,7.41211990,151.41,34.60,0.00,308.92,0,-81.00,-11.00,0.00,0.00,60.00,0.00,0,271
440.25,1544765514,9883.99,51.46482880,7.41173082,152.03,34.00,0.00,308.60,0,-87.00,-8.00,0.00,0.00,53.00,0.00,0,33
440.25,1544765514,9883.99,51.46482880,7.41173082,152.03,34.00,0.00,308.60,0,-81.00,-11.00,0.00,0.00,60.00,0.00,0,271
441.24,1544765515,9917.90,51.46501790,7.41134843,152.78,33.35,0.00,308.42,0,-87.00,-8.00,0.00,0.00,53.00,0.00,0,33
441.24,1544765515,9917.90,51.46501790,7.41134843,152.78,33.35,0.00,308.42,0,-81.00,-11.00,0.00,0.00,60.00,0.00,0,271
442.25,1544765516,9951.35,51.46520341,7.41097509,153.53,32.63,0.00,308.24,0,-98.00,-13.00,0.00,0.00,47.00,0.00,0,262
442.25,1544765516,9951.38,51.46520341,7.41097509,153.53,32.63,0.00,308.24,0,-101.00,-14.00,0.00,0.00,48.00,0.00,0,375
442.25,1544765516,9951.42,51.46520341,7.41097509,153.53,32.63,0.00,308.24,0,-100.00,-14.00,0.00,0.00,44.00,0.00,0,270
443.24,1544765517,9983.92,51.46538432,7.41060999,154.22,32.13,0.00,307.93,0,-98.00,-13.00,0.00,0.00,47.00,0.00,0,262
443.24,1544765517,9983.92,51.46538432,7.41060999,154.22,32.13,0.00,307.93,0,-101.00,-14.00,0.00,0.00,48.00,0.00,0,375
443.24,1544765517,9983.92,51.46538432,7.41060999,154.22,32.13,0.00,307.93,0,-100.00,-14.00,0.00,0.00,44.00,0.00,0,270
444.25,1544765518,10016.15,51.46556167,7.41024656,154.78,32.12,0.00,307.90,0,-98.00,-14.00,0.00,0.00,48.00,0.00,0,97
444.25,1544765518,10016.18,51.46556167,7.41024656,154.78,32.12,0.00,307.90,0,-99.00,-14.00,0.00,0.00,48.00,0.00,0,262
445.25,1544765519,10048.21,51.46573500,7.40987327,155.21,32.38,0.00,307.20,0,-98.00,-14.00,0.00,0.00,48.00,0.00,0,97
445.25,1544765519,10048.24,51.46573500,7.40987327,155.21,32.38,0.00,307.20,0,-99.00,-14.00,0.00,0.00,48.00,0.00,0,262
450.25,1544765524,10214.17,51.46663968,7.40793289,157.31,34.63,0.00,308.53,0,-98.00,-11.00,0.00,0.00,46.00,0.00,0,262
450.25,1544765524,10214.20,51.46663968,7.40793289,157.31,34.63,0.00,308.53,0,-99.00,-12.00,0.00,0.00,45.00,0.00,0,157
450.25,1544765524,10214.24,51.46663968,7.40793289,157.31,34.63,0.00,308.53,0,-94.00,-9.00,0.00,0.00,44.00,0.00,0,478
451.24,1544765525,10248.62,51.46683483,7.40753712,157.96,34.98,0.00,308.98,0,-98.00,-11.00,0.00,0.00,46.00,0.00,0,262
451.24,1544765525,10248.66,51.46683483,7.40753712,157.96,34.98,0.00,308.98,0,-99.00,-12.00,0.00,0.00,45.00,0.00,0,157
451.24,1544765525,10248.66,51.46683483,7.40753712,157.96,34.98,0.00,308.98,0,-94.00,-9.00,0.00,0.00,44.00,0.00,0,478
460.25,1544765534,10563.04,51.46869147,7.40411823,162.04,34.65,0.00,313.62,0,-77.00,-8.00,0.00,0.00,59.00,0.00,0,286
461.24,1544765535,10597.31,51.46890593,7.40375580,162.41,34.68,0.00,313.82,0,-77.00,-8.00,0.00,0.00,59.00,0.00,0,286
462.24,1544765536,10631.99,51.46911957,7.40339683,162.61,34.27,0.00,313.31,0,-77.00,-8.00,0.00,0.00,59.00,0.00,0,286
463.24,1544765537,10666.26,51.46932312,7.40304501,162.58,34.47,0.00,313.29,0,-81.00,-10.00,0.00,0.00,58.00,0.00,0,286
464.25,1544765538,10700.83,51.46953248,7.40269459,162.45,34.11,0.00,314.04,0,-81.00,-10.00,0.00,0.00,58.00,0.00,0,286
471.24,1544765545,10937.72,51.47105833,7.40028019,162.71,33.60,0.00,317.07,0,-90.00,-13.00,0.00,0.00,51.00,0.00,0,307
472.25,1544765546,10971.48,51.47128400,7.39994889,163.13,33.61,0.00,317.29,0,-90.00,-13.00,0.00,0.00,51.00,0.00,0,307
473.25,1544765547,11005.06,51.47150792,7.39962184,163.56,33.62,0.00,317.48,0,-90.00,-11.00,0.00,0.00,49.00,0.00,0,307
474.25,1544765548,11038.68,51.47173095,7.39929597,163.92,33.63,0.00,317.82,0,-90.00,-11.00,0.00,0.00,49.00,0.00,0,307
477.24,1544765551,11139.73,51.47242083,7.39832690,165.44,33.90,0.00,319.18,0,-93.00,-12.00,0.00,0.00,48.00,0.00,0,307
478.25,1544765552,11173.67,51.47265379,7.39800534,166.03,33.78,0.00,319.65,0,-93.00,-12.00,0.00,0.00,48.00,0.00,0,307
479.25,1544765553,11207.45,51.47288507,7.39770392,166.42,33.06,0.00,320.56,0,-91.00,-12.00,0.00,0.00,49.00,0.00,0,307
480.24,1544765554,11240.48,51.47310781,7.39741348,166.75,32.14,0.00,320.39,0,-91.00,-12.00,0.00,0.00,49.00,0.00,0,307
481.25,1544765555,11272.82,51.47332852,7.39712655,166.91,31.35,0.00,320.80,0,-87.00,-6.00,0.00,0.00,52.00,0.00,0,375
482.24,1544765556,11303.94,51.47354452,7.39684814,166.99,30.57,0.00,321.45,0,-87.00,-6.00,0.00,0.00,52.00,0.00,0,375
483.24,1544765557,11334.51,51.47376213,7.39657638,166.97,30.57,0.00,321.82,0,-87.00,-6.00,0.00,0.00,52.00,0.00,0,375
484.25,1544765558,11365.18,51.47397876,7.39630809,167.23,30.65,0.00,322.71,0,-89.00,-11.00,0.00,0.00,54.00,0.00,0,375
484.25,1544765558,11365.21,51.47397876,7.39630809,167.23,30.65,0.00,322.71,0,-91.00,-13.00,0.00,0.00,54.00,0.00,0,249
485.25,1544765559,11395.83,51.47420341,7.39604401,167.46,30.62,0.00,323.43,0,-89.00,-11.00,0.00,0.00,54.00,0.00,0,375
485.25,1544765559,11395.86,51.47420341,7.39604401,167.46,30.62,0.00,323.43,0,-91.00,-13.00,0.00,0.00,54.00,0.00,0,249
486.25,1544765560,11426.42,51.47442168,7.39578464,168.09,30.20,0.00,324.03,0,-90.00,-9.00,0.00,0.00,50.00,0.00,0,375
487.25,1544765561,11456.61,51.47464083,7.39553259,168.83,29.95,0.00,324.59,0,-90.00,-9.00,0.00,0.00,50.00,0.00,0,375
496.25,1544765570,11711.89,51.47660341,7.39369595,174.02,26.58,0.00,334.48,0,-83.00,-11.00,0.00,0.00,60.00,0.00,0,48
496.25,1544765570,11711.89,51.47660341,7.39369595,174.02,26.58,0.00,334.48,0,-69.00,-9.00,0.00,0.00,63.00,0.00,0,307
497.25,1544765571,11738.47,51.47681686,7.39353849,174.52,25.68,0.00,335.75,0,-83.00,-11.00,0.00,0.00,60.00,0.00,0,48
497.25,1544765571,11738.50,51.47681686,7.39353849,174.52,25.68,0.00,335.75,0,-69.00,-9.00,0.00,0.00,63.00,0.00,0,307
498.25,1544765572,11764.15,51.47701840,7.39339494,174.71,23.69,0.00,336.75,0,-87.00,-11.00,0.00,0.00,56.00,0.00,0,48
498.25,1544765572,11764.15,51.47701840,7.39339494,174.71,23.69,0.00,336.75,0,-70.00,-11.00,0.00,0.00,63.00,0.00,0,307
499.25,1544765573,11787.84,51.47719863,7.39327680,174.90,21.64,0.00,338.35,0,-87.00,-11.00,0.00,0.00,56.00,0.00,0,48
499.25,1544765573,11787.84,51.47719863,7.39327680,174.90,21.64,0.00,338.35,0,-70.00,-11.00,0.00,0.00,63.00,0.00,0,307
500.25,1544765574,11809.46,51.47737152,7.39317609,175.22,19.88,0.00,341.48,0,-83.00,-8.00,0.00,0.00,57.00,0.00,0,48
500.25,1544765574,11809.48,51.47737152,7.39317609,175.22,19.88,0.00,341.48,0,-75.00,-10.00,0.00,0.00,63.00,0.00,0,307
501.25,1544765575,11829.37,51.47753493,7.39310360,175.81,18.51,0.00,345.18,0,-83.00,-8.00,0.00,0.00,57.00,0.00,0,48
501.25,1544765575,11829.39,51.47753493,7.39310360,175.81,18.51,0.00,345.18,0,-75.00,-10.00,0.00,0.00,63.00,0.00,0,307
505.25,1544765579,11901.74,51.47819035,7.39304228,178.72,17.63,0.00,6.41,0,-80.00,-10.00,0.00,0.00,59.00,0.00,0,308
506.24,1544765580,11919.33,51.47834477,7.39308370,179.33,17.85,0.00,9.72,0,-80.00,-10.00,0.00,0.00,59.00,0.00,0,308
517.24,1544765591,12088.33,51.47971232,7.39359212,183.75,12.62,0.00,337.00,0,-94.00,-9.00,0.00,0.00,46.00,0.00,0,223
518.24,1544765592,12100.96,51.47981718,7.39351497,184.68,12.11,0.00,336.21,0,-94.00,-9.00,0.00,0.00,46.00,0.00,0,223
519.25,1544765593,12113.07,51.47991293,7.39344985,185.29,10.92,0.00,336.17,0,-90.00,-8.00,0.00,0.00,51.00,0.00,0,48
520.24,1544765594,12123.98,51.47999013,7.39339984,186.23,10.08,0.00,339.01,0,-90.00,-8.00,0.00,0.00,51.00,0.00,0,48
528.24,1544765602,12203.50,51.48054524,7.39411399,188.51,13.19,0.00,55.15,0,-82.00,-6.00,0.00,0.00,56.00,0.00,0,223
529.25,1544765603,12216.70,51.48061994,7.39429237,188.75,14.76,0.00,55.56,0,-82.00,-6.00,0.00,0.00,56.00,0.00,0,223
530.25,1544765604,12231.46,51.48069374,7.39447339,188.67,15.98,0.00,56.07,0,-87.00,-7.00,0.00,0.00,52.00,0.00,0,48
531.25,1544765605,12247.52,51.48077079,7.39466930,188.62,17.05,0.00,56.86,0,-87.00,-7.00,0.00,0.00,52.00,0.00,0,48
580.25,1544765654,12612.46,51.48270380,7.39895599,184.37,10.88,0.00,37.16,0,-88.00,-10.00,0.00,0.00,53.00,0.00,0,223
581.25,1544765655,12623.36,51.48278594,7.39904682,184.80,10.85,0.00,36.01,0,-88.00,-10.00,0.00,0.00,53.00,0.00,0,223
582.24,1544765656,12634.18,51.48287199,7.39913863,185.19,11.89,0.00,34.93,0,-87.00,-11.00,0.00,0.00,55.00,0.00,0,223
583.25,1544765657,12646.09,51.48296497,7.39923727,185.97,12.64,0.00,34.58,0,-87.00,-11.00,0.00,0.00,55.00,0.00,0,223
588.25,1544765662,12720.17,51.48352415,7.39979257,189.64,16.49,0.00,34.87,0,-97.00,-10.00,0.00,0.00,45.00,0.00,0,223
588.26,1544765662,12720.19,51.48352415,7.39979257,189.64,16.49,0.00,34.87,0,-94.00,-7.00,0.00,0.00,41.00,0.00,0,409
589.25,1544765663,12736.53,51.48365714,7.39993542,190.05,16.52,0.00,35.07,0,-97.00,-10.00,0.00,0.00,45.00,0.00,0,223
589.25,1544765663,12736.53,51.48365714,7.39993542,190.05,16.52,0.00,35.07,0,-94.00,-7.00,0.00,0.00,41.00,0.00,0,409
590.25,1544765664,12753.05,51.48378817,7.40007404,190.36,16.50,0.00,35.49,0,-97.00,-10.00,0.00,0.00,45.00,0.00,0,223
590.25,1544765664,12753.05,51.48378817,7.40007404,190.36,16.50,0.00,35.49,0,-94.00,-7.00,0.00,0.00,41.00,0.00,0,409
591.25,1544765665,12769.60,51.48391465,7.40021327,190.54,16.33,0.00,36.01,0,-92.00,-6.00,0.00,0.00,47.00,0.00,0,223
591.25,1544765665,12769.61,51.48391465,7.40021327,190.54,16.33,0.00,36.01,0,-94.00,-8.00,0.00,0.00,43.00,0.00,0,409
592.24,1544765666,12785.83,51.48403615,7.40035673,190.66,16.68,0.00,36.67,0,-92.00,-6.00,0.00,0.00,47.00,0.00,0,223
592.24,1544765666,12785.83,51.48403615,7.40035673,190.66,16.68,0.00,36.67,0,-94.00,-8.00,0.00,0.00,43.00,0.00,0,409
595.24,1544765669,12835.59,51.48439653,7.40082864,190.48,16.31,0.00,39.42,0,-103.00,-9.00,0.00,0.00,37.00,0.00,0,167
596.24,1544765670,12851.90,51.48450452,7.40098237,190.18,16.28,0.00,40.29,0,-103.00,-9.00,0.00,0.00,37.00,0.00,0,167
597.25,1544765671,12868.24,51.48460702,7.40113396,189.62,16.23,0.00,41.11,0,-104.00,-10.00,0.00,0.00,39.00,0.00,0,167
597.25,1544765671,12868.26,51.48460702,7.40113396,189.62,16.23,0.00,41.11,0,-104.00,-10.00,0.00,0.00,37.00,0.00,0,128
597.25,1544765671,12868.27,51.48460702,7.40113396,189.62,16.23,0.00,41.11,0,-105.00,-13.00,0.00,0.00,40.00,0.00,0,48
597.25,1544765671,12868.27,51.48460702,7.40113396,189.62,16.23,0.00,41.11,0,-105.00,-9.00,0.00,0.00,34.00,0.00,0,246
597.25,1544765671,12868.29,51.48460702,7.40113396,189.62,16.23,0.00,41.11,0,-105.00,-11.00,0.00,0.00,35.00,0.00,0,291
598.25,1544765672,12884.48,51.48471335,7.40129478,189.14,16.33,0.00,41.91,0,-104.00,-10.00,0.00,0.00,39.00,0.00,0,167
598.25,1544765672,12884.48,51.48471335,7.40129478,189.14,16.33,0.00,41.91,0,-104.00,-10.00,0.00,0.00,37.00,0.00,0,128
598.25,1544765672,12884.49,51.48471335,7.40129478,189.14,16.33,0.00,41.91,0,-105.00,-13.00,0.00,0.00,40.00,0.00,0,48
598.25,1544765672,12884.51,51.48471335,7.40129478,189.14,16.33,0.00,41.91,0,-105.00,-9.00,0.00,0.00,34.00,0.00,0,246
598.25,1544765672,12884.53,51.48471335,7.40129478,189.14,16.33,0.00,41.91,0,-105.00,-11.00,0.00,0.00,35.00,0.00,0,291
599.25,1544765673,12900.76,51.48481792,7.40146071,188.45,16.20,0.00,42.75,0,-103.00,-9.00,0.00,0.00,38.00,0.00,0,167
599.25,1544765673,12900.78,51.48481792,7.40146071,188.45,16.20,0.00,42.75,0,-101.00,-9.00,0.00,0.00,37.00,0.00,0,291
600.25,1544765674,12917.01,51.48491829,7.40161960,187.53,16.11,0.00,42.27,0,-103.00,-9.00,0.00,0.00,38.00,0.00,0,167
600.25,1544765674,12917.03,51.48491829,7.40161960,187.53,16.11,0.00,42.27,0,-101.00,-9.00,0.00,0.00,37.00,0.00,0,291
601.25,1544765675,12933.11,51.48501816,7.40177448,186.51,15.99,0.00,42.32,0,-100.00,-11.00,0.00,0.00,42.00,0.00,0,167
601.25,1544765675,12933.13,51.48501816,7.40177448,186.51,15.99,0.00,42.32,0,-98.00,-9.00,0.00,0.00,40.00,0.00,0,291
602.25,1544765676,12949.08,51.48512334,7.40193496,185.71,15.87,0.00,43.03,0,-100.00,-11.00,0.00,0.00,42.00,0.00,0,167
602.25,1544765676,12949.10,51.48512334,7.40193496,185.71,15.87,0.00,43.03,0,-98.00,-9.00,0.00,0.00,40.00,0.00,0,291
603.25,1544765677,12964.93,51.48521634,7.40208980,185.07,15.58,0.00,44.33,0,-95.00,-7.00,0.00,0.00,41.00,0.00,0,291
604.25,1544765678,12980.52,51.48530675,7.40224275,184.40,14.92,0.00,45.60,0,-95.00,-7.00,0.00,0.00,41.00,0.00,0,291
605.25,1544765679,12995.44,51.48538535,7.40238622,183.95,13.06,0.00,46.89,0,-96.00,-6.00,0.00,0.00,41.00,0.00,0,167
605.25,1544765679,12995.45,51.48538535,7.40238622,183.95,13.06,0.00,46.89,0,-95.00,-6.00,0.00,0.00,40.00,0.00,0,291
606.25,1544765680,13008.51,51.48544897,7.40251486,183.44,11.27,0.00,48.00,0,-96.00,-6.00,0.00,0.00,41.00,0.00,0,167
606.25,1544765680,13008.52,51.48544897,7.40251486,183.44,11.27,0.00,48.00,0,-95.00,-6.00,0.00,0.00,40.00,0.00,0,291
607.25,1544765681,13019.76,51.48550859,7.40262633,182.88,9.58,0.00,48.44,0,-94.00,-5.00,0.00,0.00,43.00,0.00,0,167
607.25,1544765681,13019.77,51.48550859,7.40262633,182.88,9.58,0.00,48.44,0,-90.00,-6.00,0.00,0.00,45.00,0.00,0,291
608.25,1544765682,13029.34,51.48556934,7.40270821,182.04,8.12,0.00,34.82,0,-94.00,-5.00,0.00,0.00,43.00,0.00,0,167
608.25,1544765682,13029.34,51.48556934,7.40270821,182.04,8.12,0.00,34.82,0,-90.00,-6.00,0.00,0.00,45.00,0.00,0,291
614.25,1544765688,13083.03,51.48597845,7.40241507,182.36,11.26,0.00,323.26,0,-100.00,-11.00,0.00,0.00,42.00,0.00,0,93
614.25,1544765688,13083.03,51.48597845,7.40241507,182.36,11.26,0.00,323.26,0,-102.00,-13.00,0.00,0.00,42.00,0.00,0,128
614.25,1544765688,13083.04,51.48597845,7.40241507,182.36,11.26,0.00,323.26,0,-103.00,-14.00,0.00,0.00,42.00,0.00,0,48
614.25,1544765688,13083.05,51.48597845,7.40241507,182.36,11.26,0.00,323.26,0,-98.00,-11.00,0.00,0.00,40.00,0.00,0,470
614.25,1544765688,13083.06,51.48597845,7.40241507,182.36,11.26,0.00,323.26,0,-101.00,-12.00,0.00,0.00,40.00,0.00,0,246
615.24,1544765689,13094.22,51.48607125,7.40230244,182.47,11.33,0.00,323.64,0,-100.00,-11.00,0.00,0.00,42.00,0.00,0,93
615.24,1544765689,13094.22,51.48607125,7.40230244,182.47,11.33,0.00,323.64,0,-102.00,-13.00,0.00,0.00,42.00,0.00,0,128
615.24,1544765689,13094.22,51.48607125,7.40230244,182.47,11.33,0.00,323.64,0,-103.00,-14.00,0.00,0.00,42.00,0.00,0,48
615.25,1544765689,13094.23,51.48607125,7.40230244,182.47,11.33,0.00,323.64,0,-98.00,-11.00,0.00,0.00,40.00,0.00,0,470
615.25,1544765689,13094.23,51.48607125,7.40230244,182.47,11.33,0.00,323.64,0,-101.00,-12.00,0.00,0.00,40.00,0.00,0,246
616.24,1544765690,13105.56,51.48615943,7.40220857,182.52,11.05,0.00,325.28,0,-98.00,-11.00,0.00,0.00,44.00,0.00,0,128
616.25,1544765690,13105.57,51.48615943,7.40220857,182.52,11.05,0.00,325.28,0,-100.00,-12.00,0.00,0.00,44.00,0.00,0,166
616.25,1544765690,13105.57,51.48615943,7.40220857,182.52,11.05,0.00,325.28,0,-100.00,-11.00,0.00,0.00,43.00,0.00,0,93
616.25,1544765690,13105.58,51.48615943,7.40220857,182.52,11.05,0.00,325.28,0,-100.00,-11.00,0.00,0.00,40.00,0.00,0,246
616.25,1544765690,13105.58,51.48615943,7.40220857,182.52,11.05,0.00,325.28,0,-100.00,-12.00,0.00,0.00,40.00,0.00,0,293
617.25,1544765691,13116.69,51.48625249,7.40211472,182.33,11.17,0.00,327.11,0,-98.00,-11.00,0.00,0.00,44.00,0.00,0,128
617.25,1544765691,13116.70,51.48625249,7.40211472,182.33,11.17,0.00,327.11,0,-100.00,-12.00,0.00,0.00,44.00,0.00,0,166
617.25,1544765691,13116.71,51.48625249,7.40211472,182.33,11.17,0.00,327.11,0,-100.00,-11.00,0.00,0.00,43.00,0.00,0,93
617.26,1544765691,13116.73,51.48625249,7.40211472,182.33,11.17,0.00,327.11,0,-100.00,-11.00,0.00,0.00,40.00,0.00,0,246
617.26,1544765691,13116.74,51.48625249,7.40211472,182.33,11.17,0.00,327.11,0,-100.00,-12.00,0.00,0.00,40.00,0.00,0,293
618.25,1544765692,13127.81,51.48634246,7.40203436,182.75,12.17,0.00,329.34,0,-99.00,-14.00,0.00,0.00,48.00,0.00,0,93
618.25,1544765692,13127.82,51.48634246,7.40203436,182.75,12.17,0.00,329.34,0,-99.00,-13.00,0.00,0.00,48.00,0.00,0,166
618.25,1544765692,13127.84,51.48634246,7.40203436,182.75,12.17,0.00,329.34,0,-101.00,-20.00,0.00,0.00,52.00,0.00,0,223
618.25,1544765692,13127.84,51.48634246,7.40203436,182.75,12.17,0.00,329.34,0,-98.00,-10.00,0.00,0.00,44.00,0.00,0,293
618.25,1544765692,13127.85,51.48634246,7.40203436,182.75,12.17,0.00,329.34,0,-98.00,-10.00,0.00,0.00,44.00,0.00,0,470
619.25,1544765693,13139.99,51.48643655,7.40196345,183.29,13.05,0.00,331.96,0,-99.00,-14.00,0.00,0.00,48.00,0.00,0,93
619.25,1544765693,13140.01,51.48643655,7.40196345,183.29,13.05,0.00,331.96,0,-99.00,-13.00,0.00,0.00,48.00,0.00,0,166
619.25,1544765693,13140.01,51.48643655,7.40196345,183.29,13.05,0.00,331.96,0,-101.00,-20.00,0.00,0.00,52.00,0.00,0,223
619.25,1544765693,13140.02,51.48643655,7.40196345,183.29,13.05,0.00,331.96,0,-98.00,-10.00,0.00,0.00,44.00,0.00,0,293
619.25,1544765693,13140.03,51.48643655,7.40196345,183.29,13.05,0.00,331.96,0,-98.00,-10.00,0.00,0.00,44.00,0.00,0,470
620.25,1544765694,13153.04,51.48654178,7.40189474,183.90,12.96,0.00,334.22,0,-99.00,-8.00,0.00,0.00,41.00,0.00,0,93
620.25,1544765694,13153.05,51.48654178,7.40189474,183.90,12.96,0.00,334.22,0,-97.00,-8.00,0.00,0.00,40.00,0.00,0,470
621.24,1544765695,13165.94,51.48665616,7.40182717,184.65,13.42,0.00,337.53,0,-99.00,-8.00,0.00,0.00,41.00,0.00,0,93
621.24,1544765695,13165.94,51.48665616,7.40182717,184.65,13.42,0.00,337.53,0,-97.00,-8.00,0.00,0.00,40.00,0.00,0,470
622.24,1544765696,13179.34,51.48677271,7.40177234,185.15,13.58,0.00,340.47,0,-100.00,-10.00,0.00,0.00,42.00,0.00,0,48
622.24,1544765696,13179.34,51.48677271,7.40177234,185.15,13.58,0.00,340.47,0,-101.00,-11.00,0.00,0.00,41.00,0.00,0,93
622.24,1544765696,13179.36,51.48677271,7.40177234,185.15,13.58,0.00,340.47,0,-99.00,-9.00,0.00,0.00,38.00,0.00,0,470
623.25,1544765697,13192.97,51.48690418,7.40171941,185.13,13.57,0.00,343.11,0,-100.00,-10.00,0.00,0.00,42.00,0.00,0,48
623.25,1544765697,13192.99,51.48690418,7.40171941,185.13,13.57,0.00,343.11,0,-101.00,-11.00,0.00,0.00,41.00,0.00,0,93
623.25,1544765697,13193.00,51.48690418,7.40171941,185.13,13.57,0.00,343.11,0,-99.00,-9.00,0.00,0.00,38.00,0.00,0,470
624.25,1544765698,13206.54,51.48703171,7.40169437,185.09,13.62,0.00,345.97,0,-93.00,-7.00,0.00,0.00,46.00,0.00,0,93
624.25,1544765698,13206.55,51.48703171,7.40169437,185.09,13.62,0.00,345.97,0,-94.00,-8.00,0.00,0.00,46.00,0.00,0,128
624.25,1544765698,13206.57,51.48703171,7.40169437,185.09,13.62,0.00,345.97,0,-84.00,-6.00,0.00,0.00,51.00,0.00,0,409
625.25,1544765699,13220.16,51.48715806,7.40167198,185.15,13.81,0.00,348.75,0,-93.00,-7.00,0.00,0.00,46.00,0.00,0,93
625.25,1544765699,13220.18,51.48715806,7.40167198,185.15,13.81,0.00,348.75,0,-94.00,-8.00,0.00,0.00,46.00,0.00,0,128
625.25,1544765699,13220.19,51.48715806,7.40167198,185.15,13.81,0.00,348.75,0,-84.00,-6.00,0.00,0.00,51.00,0.00,0,409
637.25,1544765711,13386.07,51.48868720,7.40170717,179.29,13.31,0.00,359.73,0,-95.00,-9.00,0.00,0.00,47.00,0.00,0,427
638.24,1544765712,13399.37,51.48880334,7.40171162,178.56,12.87,0.00,359.75,0,-95.00,-9.00,0.00,0.00,47.00,0.00,0,427
639.25,1544765713,13412.26,51.48891379,7.40171153,177.97,12.32,0.00,359.51,0,-85.00,-8.00,0.00,0.00,55.00,0.00,0,94
639.25,1544765713,13412.27,51.48891379,7.40171153,177.97,12.32,0.00,359.51,0,-88.00,-6.00,0.00,0.00,50.00,0.00,0,427
640.25,1544765714,13424.58,51.48901782,7.40171357,177.55,11.43,0.00,0.12,0,-85.00,-8.00,0.00,0.00,55.00,0.00,0,94
640.25,1544765714,13424.59,51.48901782,7.40171357,177.55,11.43,0.00,0.12,0,-88.00,-6.00,0.00,0.00,50.00,0.00,0,427
641.24,1544765715,13435.94,51.48911835,7.40171770,177.05,10.24,0.00,1.00,0,-84.00,-15.00,0.00,0.00,62.00,0.00,0,93
642.24,1544765716,13446.19,51.48920344,7.40172013,176.53,8.67,0.00,0.99,0,-84.00,-15.00,0.00,0.00,62.00,0.00,0,93
660.25,1544765734,13622.17,51.48941700,7.40409746,179.31,13.24,0.00,91.32,0,-77.00,-9.00,0.00,0.00,63.00,0.00,0,95
660.25,1544765734,13622.19,51.48941700,7.40409746,179.31,13.24,0.00,91.32,0,-81.00,-10.00,0.00,0.00,61.00,0.00,0,426
661.25,1544765735,13635.43,51.48941491,7.40428996,179.84,13.45,0.00,91.42,0,-77.00,-9.00,0.00,0.00,63.00,0.00,0,95
661.25,1544765735,13635.44,51.48941491,7.40428996,179.84,13.45,0.00,91.42,0,-81.00,-10.00,0.00,0.00,61.00,0.00,0,426
662.25,1544765736,13648.88,51.48941377,7.40448336,180.48,13.50,0.00,91.23,0,-76.00,-11.00,0.00,0.00,63.00,0.00,0,94
662.25,1544765736,13648.88,51.48941377,7.40448336,180.48,13.50,0.00,91.23,0,-84.00,-11.00,0.00,0.00,58.00,0.00,0,427
663.24,1544765737,13662.33,51.48941265,7.40467976,181.18,13.39,0.00,91.13,0,-76.00,-11.00,0.00,0.00,63.00,0.00,0,94
663.24,1544765737,13662.33,51.48941265,7.40467976,181.18,13.39,0.00,91.13,0,-84.00,-11.00,0.00,0.00,58.00,0.00,0,427
