0.09,1544593312,0.00,51.45005713,7.48827379,257.19,8.72,0.00,166.89,1,-97.00,-9.00,9.00,9.00,42.00,6.00,28371201,66
1.10,1544593313,8.78,51.44997972,7.48830466,256.93,9.49,0.76,167.73,1,-97.00,-8.00,10.00,12.00,38.00,6.00,28371201,66
2.10,1544593314,18.24,51.44989292,7.48833464,256.75,10.25,0.77,168.45,1,-97.00,-8.00,10.00,12.00,38.00,6.00,28371201,66
3.10,1544593315,28.50,51.44979124,7.48836574,256.90,10.93,0.68,169.70,1,-100.00,-8.00,10.00,8.00,39.00,6.00,28371201,66
4.10,1544593316,39.43,51.44968825,7.48839441,257.12,11.10,0.17,170.11,1,-100.00,-8.00,10.00,8.00,39.00,6.00,28371201,66
5.10,1544593317,50.52,51.44958377,7.48841634,257.34,12.05,0.95,172.48,1,-100.00,-9.00,10.00,8.00,39.00,6.00,28371201,66
6.10,1544593318,62.58,51.44947081,7.48843701,257.53,12.62,0.57,174.54,1,-100.00,-9.00,10.00,8.00,39.00,6.00,28371201,66
7.10,1544593319,75.20,51.44935458,7.48844933,257.73,13.29,0.67,176.31,1,-100.00,-9.00,6.00,12.00,39.00,6.00,28371201,66
8.10,1544593320,88.49,51.44924066,7.48845076,257.98,13.00,-0.28,178.39,1,-100.00,-9.00,6.00,12.00,39.00,6.00,28371201,66
9.11,1544593321,101.61,51.44911779,7.48844377,258.37,13.13,0.12,180.93,1,-103.00,-9.00,4.00,7.00,36.00,6.00,28371201,66
10.10,1544593322,114.64,51.44899693,7.48842751,258.56,13.51,0.39,183.21,1,-103.00,-9.00,4.00,7.00,36.00,6.00,28371201,66
11.10,1544593323,128.16,51.44886948,7.48839950,258.84,13.68,0.17,185.81,1,-103.00,-9.00,4.00,7.00,36.00,6.00,28371201,66
12.10,1544593324,141.81,51.44874735,7.48836971,259.14,14.01,0.33,187.67,1,-103.00,-9.00,9.00,7.00,37.00,6.00,28371201,66
13.10,1544593325,155.86,51.44862702,7.48833418,259.31,13.78,-0.22,190.55,1,-103.00,-9.00,9.00,7.00,37.00,6.00,28371201,66
14.10,1544593326,169.66,51.44850322,7.48828417,259.46,14.11,0.32,191.67,1,-106.00,-10.00,4.00,9.00,35.00,6.00,28371201,66
15.10,1544593327,183.75,51.44838978,7.48823763,259.58,14.26,0.16,191.82,1,-106.00,-10.00,4.00,9.00,35.00,6.00,28371201,66
16.10,1544593328,198.01,51.44825395,7.48819105,259.51,14.07,-0.20,192.58,1,-107.00,-11.00,0.00,6.00,33.00,6.00,28371201,66
17.10,1544593329,212.08,51.44813603,7.48814494,259.59,14.20,0.13,193.45,1,-107.00,-11.00,0.00,6.00,33.00,6.00,28371201,66
18.09,1544593330,226.17,51.44801608,7.48809199,260.12,14.19,-0.01,193.00,1,-106.00,-10.00,-2.00,6.00,33.00,9.00,27771909,271
19.10,1544593331,240.40,51.44790556,7.48804092,260.41,13.97,-0.22,192.61,1,-106.00,-10.00,-2.00,6.00,33.00,9.00,27771909,271
20.10,1544593332,254.41,51.44777378,7.48799197,260.60,13.29,-0.67,192.18,1,-105.00,-11.00,3.00,6.00,35.00,9.00,27771909,271
21.10,1544593333,267.69,51.44765609,7.48794714,261.54,13.31,0.01,189.99,1,-105.00,-11.00,3.00,6.00,35.00,9.00,27771909,271
22.10,1544593334,281.07,51.44754843,7.48792227,262.25,13.42,0.12,187.61,1,-106.00,-11.00,2.00,8.00,36.00,9.00,27771909,271
23.10,1544593335,294.38,51.44742548,7.48789962,262.74,13.33,-0.10,186.03,1,-106.00,-11.00,2.00,8.00,36.00,9.00,27771909,271
24.10,1544593336,307.71,51.44731076,7.48789620,262.96,13.09,-0.23,182.76,1,-101.00,-8.00,1.00,9.00,37.00,9.00,27771909,271
25.10,1544593337,320.92,51.44720320,7.48790682,263.28,12.86,-0.24,179.53,1,-101.00,-8.00,1.00,9.00,37.00,9.00,27771909,271
26.10,1544593338,333.66,51.44708904,7.48792942,263.38,12.90,0.05,176.93,1,-105.00,-10.00,0.00,5.00,36.00,9.00,27771909,271
27.10,1544593339,346.59,51.44697073,7.48796163,263.54,12.99,0.08,173.68,1,-105.00,-10.00,0.00,5.00,36.00,9.00,27771909,271
28.10,1544593340,359.62,51.44685367,7.48799929,263.37,13.11,0.12,170.65,1,-107.00,-12.00,1.00,5.00,34.00,9.00,27771909,271
29.10,1544593341,372.67,51.44673785,7.48805049,263.18,13.14,0.03,167.76,1,-107.00,-12.00,1.00,5.00,34.00,9.00,27771909,271
30.11,1544593342,385.93,51.44662889,7.48811030,262.95,13.15,0.02,164.98,1,-105.00,-10.00,3.00,6.00,33.00,9.00,27771909,271
31.10,1544593343,398.95,51.44650955,7.48819032,262.98,13.39,0.24,162.17,1,-105.00,-10.00,3.00,6.00,33.00,9.00,27771909,271
32.09,1544593344,412.33,51.44639385,7.48828260,263.33,13.80,0.41,158.89,1,-105.00,-10.00,3.00,6.00,33.00,9.00,27771909,271
33.10,1544593345,426.18,51.44627470,7.48839153,263.64,13.89,0.10,155.35,1,-105.00,-14.00,1.00,8.00,37.00,9.00,27771909,271
34.10,1544593346,440.09,51.44616406,7.48850385,263.99,13.89,-0.01,152.04,1,-105.00,-14.00,1.00,8.00,37.00,9.00,27771909,271
35.10,1544593347,453.97,51.44604793,7.48863935,264.78,14.32,0.44,148.30,1,-104.00,-11.00,2.00,11.00,34.00,9.00,27771909,271
36.10,1544593348,468.30,51.44594752,7.48877556,265.40,14.53,0.20,144.82,1,-104.00,-11.00,2.00,11.00,34.00,9.00,27771909,271
37.10,1544593349,482.81,51.44584771,7.48892899,266.21,14.67,0.14,141.40,1,-101.00,-9.00,9.00,11.00,35.00,9.00,27771909,271
38.10,1544593350,497.49,51.44574714,7.48909860,267.24,14.84,0.17,138.39,1,-101.00,-9.00,9.00,11.00,35.00,9.00,27771909,271
39.10,1544593351,512.35,51.44565654,7.48927085,268.43,14.85,0.01,135.38,1,-105.00,-10.00,7.00,9.00,33.00,9.00,27771909,271
40.09,1544593352,527.11,51.44557645,7.48944202,269.28,15.06,0.22,132.98,1,-105.00,-10.00,7.00,9.00,33.00,9.00,27771909,271
41.10,1544593353,542.22,51.44549886,7.48961415,269.95,15.10,0.03,130.99,1,-102.00,-10.00,1.00,6.00,35.00,13.00,28371201,66
42.10,1544593354,557.32,51.44541999,7.48978661,270.70,15.25,0.15,129.86,1,-102.00,-10.00,1.00,6.00,35.00,13.00,28371201,66
43.09,1544593355,572.53,51.44533468,7.48997019,271.54,15.41,0.16,128.76,1,-104.00,-9.00,3.00,8.00,33.00,13.00,28371201,66
44.10,1544593356,588.00,51.44525138,7.49015082,272.28,15.51,0.10,128.35,1,-104.00,-9.00,3.00,8.00,33.00,13.00,28371201,66
45.10,1544593357,603.51,51.44516877,7.49033271,273.38,15.07,-0.44,127.97,1,-103.00,-10.00,1.00,8.00,34.00,13.00,28371201,66
46.10,1544593358,618.60,51.44508970,7.49051941,274.31,14.74,-0.33,127.59,1,-103.00,-10.00,1.00,8.00,34.00,13.00,28371201,66
47.10,1544593359,633.34,51.44502179,7.49068273,275.29,14.13,-0.60,126.68,1,-105.00,-9.00,0.00,8.00,30.00,13.00,28371201,66
48.10,1544593360,647.44,51.44494556,7.49084976,276.32,13.68,-0.46,127.14,1,-105.00,-9.00,0.00,8.00,30.00,13.00,28371201,66
49.10,1544593361,661.12,51.44487932,7.49100948,277.04,13.15,-0.52,126.54,1,-108.00,-10.00,0.00,6.00,31.00,13.00,28371201,66
50.10,1544593362,674.26,51.44481457,7.49116272,277.82,12.45,-0.70,127.04,1,-108.00,-10.00,0.00,6.00,31.00,13.00,28371201,66
51.10,1544593363,686.79,51.44476288,7.49128465,278.01,9.95,-2.48,127.03,1,-106.00,-9.00,-1.00,6.00,31.00,7.00,27771907,272
52.09,1544593364,696.65,51.44472019,7.49138626,277.77,7.67,-2.30,127.38,1,-106.00,-9.00,-1.00,6.00,31.00,7.00,27771907,272
53.10,1544593365,704.35,51.44468206,7.49148238,277.93,6.37,-1.29,127.07,1,-106.00,-9.00,-1.00,6.00,31.00,7.00,27771907,272
54.10,1544593366,710.72,51.44465332,7.49155689,278.44,4.98,-1.40,127.59,1,-109.00,-10.00,-2.00,7.00,33.00,7.00,27771907,272
55.09,1544593367,715.69,51.44464181,7.49159798,278.53,3.29,-1.70,127.23,1,-109.00,-10.00,-2.00,7.00,33.00,7.00,27771907,272
56.10,1544593368,718.98,51.44463335,7.49162522,278.59,0.84,-2.44,127.23,1,-110.00,-12.00,-3.00,7.00,34.00,7.00,27771907,272
57.10,1544593369,719.82,51.44463335,7.49162522,278.59,0.00,-0.84,127.23,1,-110.00,-12.00,-3.00,7.00,34.00,7.00,27771907,272
58.10,1544593370,719.82,51.44463335,7.49162522,278.59,0.00,0.00,127.23,1,-108.00,-9.00,-2.00,8.00,32.00,7.00,27771907,272
59.10,1544593371,719.82,51.44463335,7.49162522,278.60,0.00,0.00,127.23,1,-108.00,-9.00,-2.00,8.00,32.00,7.00,27771907,272
60.10,1544593372,719.82,51.44463335,7.49162522,278.60,0.00,0.00,127.23,1,-108.00,-10.00,-2.00,7.00,33.00,7.00,27771907,272
61.09,1544593373,719.82,51.44463335,7.49162522,278.60,0.00,0.00,127.23,1,-108.00,-10.00,-2.00,7.00,33.00,7.00,27771907,272
62.10,1544593374,719.82,51.44463335,7.49162522,278.60,0.00,0.00,127.23,1,-108.00,-9.00,-1.00,7.00,33.00,7.00,27771907,272
63.10,1544593375,719.82,51.44463335,7.49162522,278.60,0.00,0.00,127.23,1,-108.00,-9.00,-1.00,7.00,33.00,7.00,27771907,272
64.10,1544593376,719.82,51.44463335,7.49162522,278.60,0.00,0.00,127.23,1,-108.00,-10.00,-1.00,7.00,34.00,7.00,27771907,272
65.10,1544593377,719.82,51.44463335,7.49162522,278.60,0.00,0.00,127.23,1,-108.00,-10.00,-1.00,7.00,34.00,7.00,27771907,272
66.10,1544593378,719.82,51.44463335,7.49162522,278.60,0.00,0.00,127.23,1,-108.00,-11.00,-2.00,4.00,33.00,7.00,27771907,272
67.10,1544593379,719.82,51.44463335,7.49162522,278.60,0.00,0.00,127.23,1,-108.00,-11.00,-2.00,4.00,33.00,7.00,27771907,272
68.10,1544593380,719.82,51.44463335,7.49162522,278.60,0.00,0.00,127.23,1,-107.00,-9.00,-2.00,5.00,34.00,7.00,27771907,272
69.10,1544593381,719.82,51.44463335,7.49162522,278.61,0.00,0.00,127.23,1,-107.00,-9.00,-2.00,5.00,34.00,7.00,27771907,272
70.10,1544593382,719.82,51.44463335,7.49162522,278.61,0.00,0.00,127.23,1,-108.00,-9.00,-2.00,5.00,34.00,7.00,27771907,272
71.10,1544593383,719.82,51.44463335,7.49162522,278.61,0.00,0.00,127.23,1,-108.00,-9.00,-2.00,5.00,34.00,7.00,27771907,272
72.11,1544593384,719.82,51.44463335,7.49162522,278.61,0.00,0.00,127.23,1,-107.00,-9.00,-2.00,6.00,34.00,7.00,27771907,272
73.10,1544593385,719.82,51.44463335,7.49162522,278.62,0.00,0.00,127.23,1,-107.00,-9.00,-2.00,6.00,34.00,7.00,27771907,272
74.10,1544593386,719.82,51.44463335,7.49162522,278.62,0.00,0.00,127.23,1,-107.00,-9.00,-2.00,6.00,34.00,7.00,27771907,272
75.10,1544593387,719.82,51.44463335,7.49162522,278.62,0.00,0.00,127.23,1,-107.00,-9.00,-3.00,6.00,33.00,7.00,27771907,272
76.10,1544593388,719.82,51.44463335,7.49162522,278.63,0.00,0.00,127.23,1,-107.00,-9.00,-3.00,6.00,33.00,7.00,27771907,272
77.10,1544593389,719.82,51.44463335,7.49162522,278.63,0.00,0.00,127.23,1,-107.00,-9.00,-2.00,5.00,32.00,7.00,27771907,272
78.10,1544593390,719.82,51.44463335,7.49162522,278.63,0.00,0.00,127.23,1,-107.00,-9.00,-2.00,5.00,32.00,7.00,27771907,272
79.10,1544593391,719.82,51.44463335,7.49162522,278.63,0.00,0.00,127.23,1,-107.00,-9.00,-1.00,5.00,33.00,7.00,27771907,272
80.10,1544593392,719.82,51.44463335,7.49162522,278.63,0.00,0.00,127.23,1,-107.00,-9.00,-1.00,5.00,33.00,7.00,27771907,272
81.09,1544593393,719.82,51.44463335,7.49162522,278.61,0.00,0.00,127.23,1,-107.00,-9.00,-1.00,5.00,33.00,7.00,27771907,272
82.10,1544593394,719.82,51.44463335,7.49162522,278.59,0.00,0.00,127.23,1,-107.00,-9.00,-1.00,5.00,33.00,7.00,27771907,272
83.10,1544593395,719.82,51.44460174,7.49170655,278.74,0.00,0.00,135.17,1,-108.00,-10.00,-1.00,4.00,36.00,7.00,27771907,272
84.10,1544593396,719.82,51.44455220,7.49175166,279.24,0.00,0.00,153.47,1,-108.00,-10.00,-1.00,4.00,36.00,7.00,27771907,272
85.10,1544593397,719.82,51.44450889,7.49176019,279.72,1.40,0.00,171.51,1,-95.00,-6.00,16.00,12.00,40.00,7.00,27771907,272
86.10,1544593398,721.22,51.44443877,7.49171104,280.26,2.32,0.92,208.74,1,-95.00,-6.00,16.00,12.00,40.00,7.00,27771907,272
87.10,1544593399,723.54,51.44436317,7.49165074,280.56,3.06,0.74,214.20,1,-93.00,-6.00,15.00,10.00,43.00,7.00,27771907,272
88.10,1544593400,726.59,51.44430074,7.49157235,281.33,9.63,6.58,216.49,1,-93.00,-6.00,15.00,10.00,43.00,7.00,27771907,272
89.10,1544593401,736.27,51.44423442,7.49148407,282.53,10.77,1.14,217.05,1,-89.00,-6.00,20.00,15.00,48.00,7.00,27771907,272
90.09,1544593402,746.96,51.44415145,7.49138954,283.29,11.04,0.27,217.45,1,-89.00,-6.00,20.00,15.00,48.00,7.00,27771907,272
91.09,1544593403,758.03,51.44405505,7.49127965,283.49,11.51,0.46,216.82,1,-85.00,-5.00,19.00,15.00,47.00,7.00,27771907,272
92.09,1544593404,769.52,51.44395992,7.49116462,283.74,12.51,1.01,215.98,1,-85.00,-5.00,19.00,15.00,47.00,7.00,27771907,272
93.10,1544593405,782.10,51.44385425,7.49104259,283.60,14.38,1.86,216.53,1,-73.00,-7.00,25.00,13.00,63.00,7.00,27771907,272
94.10,1544593406,796.44,51.44373965,7.49092403,283.24,14.53,0.14,216.09,1,-73.00,-7.00,25.00,13.00,63.00,7.00,27771907,272
95.10,1544593407,810.98,51.44362669,7.49080483,283.31,14.43,-0.09,216.74,1,-73.00,-7.00,25.00,13.00,63.00,7.00,27771907,272
96.10,1544593408,825.40,51.44352131,7.49068512,283.49,14.73,0.29,216.74,1,-70.00,-6.00,30.00,12.00,63.00,7.00,27771907,272
97.10,1544593409,840.14,51.44341437,7.49056101,283.74,15.05,0.32,216.86,1,-70.00,-6.00,30.00,12.00,63.00,7.00,27771907,272
98.10,1544593410,855.18,51.44330750,7.49042878,283.57,15.39,0.34,216.91,1,-88.00,-5.00,24.00,11.00,48.00,7.00,27771907,272
99.10,1544593411,870.57,51.44319808,7.49029310,283.25,15.48,0.09,216.70,1,-88.00,-5.00,24.00,11.00,48.00,7.00,27771907,272
100.10,1544593412,886.05,51.44308751,7.49015793,282.90,15.51,0.03,216.71,1,-91.00,-6.00,20.00,11.00,46.00,7.00,27771907,272
101.09,1544593413,901.52,51.44297616,7.49002393,282.36,15.49,-0.02,216.62,1,-91.00,-6.00,20.00,11.00,46.00,7.00,27771907,272
102.09,1544593414,917.04,51.44286449,7.48989352,282.16,15.25,-0.24,216.42,1,-87.00,-5.00,24.00,12.00,48.00,7.00,27771907,272
103.09,1544593415,932.29,51.44275143,7.48976234,282.12,15.15,-0.10,215.84,1,-87.00,-5.00,24.00,12.00,48.00,7.00,27771907,272
104.10,1544593416,947.52,51.44263746,7.48963555,282.19,15.32,0.17,215.50,1,-75.00,-5.00,28.00,12.00,59.00,7.00,27771907,272
105.10,1544593417,962.80,51.44252157,7.48951500,282.25,15.37,0.04,214.66,1,-75.00,-5.00,28.00,12.00,59.00,7.00,27771907,272
106.10,1544593418,978.16,51.44240835,7.48938507,282.29,14.78,-0.59,215.90,1,-72.00,-6.00,29.00,12.00,63.00,7.00,27771907,272
107.10,1544593419,992.94,51.44229840,7.48925715,282.13,14.66,-0.11,216.60,1,-72.00,-6.00,29.00,12.00,63.00,7.00,27771907,272
108.10,1544593420,1007.66,51.44218001,7.48911511,282.37,15.29,0.63,217.14,1,-76.00,-5.00,16.00,12.00,59.00,7.00,27771907,272
109.10,1544593421,1022.88,51.44206354,7.48896437,282.88,15.67,0.38,217.81,1,-76.00,-5.00,16.00,12.00,59.00,7.00,27771907,272
110.10,1544593422,1038.61,51.44195317,7.48881841,283.28,15.24,-0.44,218.97,1,-63.00,-5.00,31.00,12.00,63.00,7.00,27771907,272
111.09,1544593423,1053.76,51.44184477,7.48866542,283.66,15.18,-0.06,221.42,1,-63.00,-5.00,31.00,12.00,63.00,7.00,27771907,272
112.10,1544593424,1068.97,51.44175097,7.48851330,284.06,15.27,0.09,222.88,1,-64.00,-5.00,17.00,14.00,63.00,7.00,27771907,272
113.09,1544593425,1084.22,51.44166468,7.48835514,284.77,15.03,-0.24,225.12,1,-64.00,-5.00,17.00,14.00,63.00,7.00,27771907,272
114.11,1544593426,1099.44,51.44158462,7.48819193,285.18,15.02,-0.02,227.86,1,-71.00,-5.00,24.00,13.00,63.00,7.00,27771907,272
115.10,1544593427,1114.29,51.44150079,7.48800985,285.12,15.38,0.37,229.30,1,-71.00,-5.00,24.00,13.00,63.00,7.00,27771907,272
116.10,1544593428,1129.67,51.44141925,7.48783427,285.31,14.88,-0.50,230.26,1,-71.00,-5.00,24.00,13.00,63.00,7.00,27771907,272
117.10,1544593429,1144.57,51.44132768,7.48763245,285.15,15.67,0.78,231.19,1,-76.00,-6.00,19.00,14.00,59.00,7.00,27771907,272
118.10,1544593430,1160.22,51.44124002,7.48744045,284.96,15.88,0.21,231.78,1,-76.00,-6.00,19.00,14.00,59.00,7.00,27771907,272
119.09,1544593431,1176.06,51.44114698,7.48723393,284.61,15.61,-0.26,232.23,1,-83.00,-6.00,22.00,12.00,54.00,7.00,27771907,272
120.09,1544593432,1191.68,51.44107020,7.48706083,285.15,15.50,-0.11,232.88,1,-83.00,-6.00,22.00,12.00,54.00,7.00,27771907,272
121.10,1544593433,1207.21,51.44099156,7.48689084,285.72,15.37,-0.13,233.18,1,-86.00,-8.00,22.00,12.00,51.00,7.00,27771907,272
122.09,1544593434,1222.56,51.44090586,7.48670770,286.20,15.16,-0.22,233.01,1,-86.00,-8.00,22.00,12.00,51.00,7.00,27771907,272
123.09,1544593435,1237.73,51.44083009,7.48654255,286.41,15.03,-0.13,233.65,1,-86.00,-9.00,19.00,10.00,54.00,7.00,27771907,272
124.10,1544593436,1252.78,51.44075055,7.48636459,285.99,14.47,-0.56,233.38,1,-86.00,-9.00,19.00,10.00,54.00,7.00,27771907,272
125.09,1544593437,1267.23,51.44066920,7.48618605,285.17,14.77,0.30,232.97,1,-81.00,-7.00,12.00,6.00,56.00,1.00,27771908,270
126.09,1544593438,1282.00,51.44058958,7.48602068,284.71,15.56,0.79,231.97,1,-81.00,-7.00,12.00,6.00,56.00,1.00,27771908,270
127.10,1544593439,1297.60,51.44050648,7.48584500,284.78,15.73,0.16,232.80,1,-80.00,-6.00,16.00,13.00,58.00,1.00,27771908,270
128.10,1544593440,1313.32,51.44042101,7.48566050,285.33,15.74,0.02,232.89,1,-80.00,-6.00,16.00,13.00,58.00,1.00,27771908,270
129.10,1544593441,1329.05,51.44033506,7.48547511,285.54,15.81,0.07,232.33,1,-77.00,-6.00,27.00,12.00,60.00,1.00,27771908,270
130.09,1544593442,1344.83,51.44024457,7.48529077,285.86,15.76,-0.05,232.90,1,-77.00,-6.00,27.00,12.00,60.00,1.00,27771908,270
131.10,1544593443,1360.66,51.44015776,7.48510529,286.05,15.64,-0.12,233.26,1,-75.00,-6.00,30.00,14.00,61.00,1.00,27771908,270
132.09,1544593444,1376.25,51.43998248,7.48474693,286.70,15.22,-0.42,231.75,1,-75.00,-6.00,30.00,14.00,61.00,1.00,27771908,270
133.10,1544593445,1391.49,51.43998248,7.48474693,286.70,15.22,0.00,231.75,1,-72.00,-6.00,29.00,15.00,63.00,1.00,27771908,270
134.10,1544593446,1406.74,51.43989986,7.48457332,287.15,14.96,-0.26,232.39,1,-72.00,-6.00,29.00,15.00,63.00,1.00,27771908,270
135.11,1544593447,1421.87,51.43981607,7.48439082,287.41,15.32,0.36,231.93,1,-69.00,-5.00,24.00,15.00,63.00,1.00,27771908,270
136.10,1544593448,1437.01,51.43973862,7.48422795,287.85,14.94,-0.39,231.85,1,-69.00,-5.00,24.00,15.00,63.00,1.00,27771908,270
137.10,1544593449,1451.99,51.43965549,7.48405135,289.11,15.79,0.85,232.78,1,-69.00,-5.00,24.00,15.00,63.00,1.00,27771908,270
138.10,1544593450,1467.78,51.43956400,7.48385055,290.22,15.63,-0.16,233.41,1,-72.00,-5.00,32.00,1.00,63.00,1.00,27771908,270
139.10,1544593451,1483.35,51.43948867,7.48368385,291.08,15.92,0.29,234.25,1,-72.00,-5.00,32.00,1.00,63.00,1.00,27771908,270
140.10,1544593452,1499.26,51.43940907,7.48348689,291.85,15.70,-0.21,235.93,1,-74.00,-5.00,27.00,15.00,63.00,1.00,27771908,270
141.10,1544593453,1515.00,51.43932708,7.48327783,292.33,16.34,0.63,237.12,1,-74.00,-5.00,27.00,15.00,63.00,1.00,27771908,270
142.09,1544593454,1531.27,51.43924516,7.48307160,292.63,15.87,-0.47,237.85,1,-79.00,-6.00,32.00,15.00,59.00,1.00,27771908,270
143.09,1544593455,1547.15,51.43916720,7.48285307,293.24,16.26,0.39,238.84,1,-79.00,-6.00,32.00,15.00,59.00,1.00,27771908,270
144.10,1544593456,1563.42,51.43909034,7.48264099,293.71,16.07,-0.18,239.79,1,-81.00,-5.00,30.00,15.00,57.00,1.00,27771908,270
145.10,1544593457,1579.54,51.43902060,7.48242324,294.21,16.32,0.24,240.63,1,-81.00,-5.00,30.00,15.00,57.00,1.00,27771908,270
146.10,1544593458,1595.86,51.43895154,7.48221614,294.29,16.65,0.34,240.88,1,-85.00,-5.00,29.00,12.00,51.00,1.00,27771908,270
147.09,1544593459,1612.41,51.43888620,7.48202010,294.57,16.37,-0.29,240.47,1,-85.00,-5.00,29.00,12.00,51.00,1.00,27771908,270
148.10,1544593460,1628.84,51.43881985,7.48182332,294.59,15.62,-0.75,241.00,1,-92.00,-5.00,23.00,12.00,44.00,1.00,27771908,270
149.09,1544593461,1644.41,51.43874804,7.48160545,294.61,15.89,0.28,240.66,1,-92.00,-5.00,23.00,12.00,44.00,1.00,27771908,270
150.09,1544593462,1660.29,51.43861217,7.48120847,294.94,15.21,-0.68,240.13,1,-93.00,-5.00,22.00,11.00,40.00,1.00,27771908,270
151.10,1544593463,1675.58,51.43861217,7.48120847,294.94,15.21,0.00,240.13,1,-93.00,-5.00,22.00,11.00,40.00,1.00,27771908,270
152.09,1544593464,1690.74,51.43855509,7.48102700,294.51,15.42,0.21,240.44,1,-94.00,-6.00,17.00,14.00,39.00,1.00,27771908,270
153.10,1544593465,1706.17,51.43848747,7.48082883,294.00,15.45,0.03,239.99,1,-94.00,-6.00,17.00,14.00,39.00,1.00,27771908,270
154.10,1544593466,1721.71,51.43841286,7.48062006,293.66,15.94,0.50,240.32,1,-97.00,-7.00,14.00,15.00,36.00,1.00,27771908,270
155.10,1544593467,1737.59,51.43834350,7.48041800,293.52,15.88,-0.06,240.39,1,-97.00,-7.00,14.00,15.00,36.00,1.00,27771908,270
156.10,1544593468,1753.47,51.43827188,7.48020859,293.54,15.86,-0.02,240.34,1,-102.00,-6.00,13.00,8.00,33.00,1.00,27771908,270
157.10,1544593469,1769.31,51.43820064,7.48000836,293.43,16.03,0.17,240.69,1,-102.00,-6.00,13.00,8.00,33.00,1.00,27771908,270
158.10,1544593470,1785.47,51.43812899,7.47980241,293.70,15.61,-0.41,241.13,1,-103.00,-7.00,8.00,12.00,32.00,1.00,27771908,270
159.10,1544593471,1800.95,51.43805192,7.47957994,294.01,15.87,0.26,240.77,1,-103.00,-7.00,8.00,12.00,32.00,1.00,27771908,270
160.10,1544593472,1816.82,51.43798370,7.47938737,294.42,15.66,-0.21,240.46,1,-103.00,-7.00,8.00,12.00,32.00,1.00,27771908,270
161.10,1544593473,1832.48,51.43791438,7.47918978,294.88,15.87,0.21,241.33,1,-104.00,-8.00,5.00,9.00,32.00,1.00,27771908,270
162.10,1544593474,1848.33,51.43785418,7.47901121,295.37,15.32,-0.55,241.72,1,-104.00,-8.00,5.00,9.00,32.00,1.00,27771908,270
163.10,1544593475,1863.67,51.43778227,7.47879601,295.54,15.63,0.31,242.09,1,-104.00,-9.00,8.00,10.00,34.00,1.00,27771908,270
164.10,1544593476,1879.33,51.43770816,7.47858049,295.22,15.78,0.15,242.62,1,-104.00,-9.00,8.00,10.00,34.00,1.00,27771908,270
165.10,1544593477,1895.15,51.43763872,7.47836986,295.36,16.04,0.25,241.56,1,-105.00,-10.00,7.00,6.00,36.00,1.00,27771908,270
166.10,1544593478,1911.12,51.43757302,7.47818194,295.42,15.47,-0.56,241.15,1,-105.00,-10.00,7.00,6.00,36.00,1.00,27771908,270
167.10,1544593479,1926.64,51.43750246,7.47797093,295.69,15.75,0.28,241.80,1,-107.00,-9.00,-1.00,7.00,31.00,1.00,27771908,270
168.10,1544593480,1942.40,51.43743985,7.47777765,296.12,15.27,-0.49,241.01,1,-107.00,-9.00,-1.00,7.00,31.00,1.00,27771908,270
169.10,1544593481,1957.66,51.43737378,7.47757476,296.41,14.29,-0.97,241.48,1,-109.00,-9.00,5.00,8.00,31.00,1.00,27771908,270
170.10,1544593482,1972.01,51.43731163,7.47739313,296.43,14.28,-0.01,241.93,1,-109.00,-9.00,5.00,8.00,31.00,1.00,27771908,270
171.10,1544593483,1986.20,51.43724672,7.47719155,296.61,13.92,-0.36,242.95,1,-108.00,-9.00,5.00,8.00,31.00,1.00,27771908,270
172.10,1544593484,2000.16,51.43720193,7.47701944,297.16,13.01,-0.91,245.36,1,-108.00,-9.00,5.00,8.00,31.00,1.00,27771908,270
173.10,1544593485,2013.14,51.43716226,7.47684427,297.52,12.05,-0.96,248.92,1,-106.00,-10.00,9.00,7.00,35.00,1.00,27771908,270
174.10,1544593486,2025.16,51.43714208,7.47665057,297.82,10.94,-1.11,261.70,1,-106.00,-10.00,9.00,7.00,35.00,1.00,27771908,270
175.10,1544593487,2036.10,51.43715301,7.47650129,297.83,9.91,-1.03,275.48,1,-101.00,-6.00,10.00,8.00,35.00,1.00,27771908,270
176.10,1544593488,2046.01,51.43716867,7.47633956,297.22,9.14,-0.77,278.05,1,-101.00,-6.00,10.00,8.00,35.00,1.00,27771908,270
177.10,1544593489,2055.15,51.43722630,7.47622910,296.61,8.59,-0.55,312.01,1,-99.00,-7.00,15.00,10.00,38.00,1.00,27771908,270
178.10,1544593490,2063.75,51.43730467,7.47615302,295.61,8.43,-0.16,335.48,1,-99.00,-7.00,15.00,10.00,38.00,1.00,27771908,270
179.10,1544593491,2072.20,51.43737862,7.47613711,295.28,7.77,-0.66,2.01,1,-93.00,-5.00,22.00,12.00,43.00,1.00,27771908,270
180.10,1544593492,2079.94,51.43745818,7.47617974,294.50,8.61,0.85,26.80,1,-93.00,-5.00,22.00,12.00,43.00,1.00,27771908,270
181.11,1544593493,2088.68,51.43753647,7.47626419,294.10,9.90,1.27,40.36,1,-79.00,-4.00,33.00,15.00,58.00,1.00,27771908,270
182.09,1544593494,2098.40,51.43761192,7.47636688,293.62,11.29,1.41,43.22,1,-79.00,-4.00,33.00,15.00,58.00,1.00,27771908,270
183.10,1544593495,2109.71,51.43770285,7.47651029,293.79,12.38,1.10,46.19,1,-79.00,-4.00,33.00,15.00,58.00,1.00,27771908,270
184.10,1544593496,2122.09,51.43778589,7.47665827,294.69,13.23,0.85,48.47,1,-80.00,-7.00,32.00,15.00,58.00,1.00,27771908,270
185.10,1544593497,2135.32,51.43786363,7.47681269,295.48,13.33,0.10,50.45,1,-80.00,-7.00,32.00,15.00,58.00,1.00,27771908,270
186.10,1544593498,2148.65,51.43795283,7.47699277,296.04,14.98,1.65,52.00,1,-79.00,-5.00,32.00,15.00,57.00,1.00,27771908,270
187.10,1544593499,2163.67,51.43804119,7.47718432,296.47,16.67,1.69,52.81,1,-79.00,-5.00,32.00,15.00,57.00,1.00,27771908,270
188.10,1544593500,2180.29,51.43813204,7.47738833,296.42,17.98,1.32,53.56,1,-77.00,-4.00,30.00,15.00,57.00,1.00,27771908,270
189.10,1544593501,2198.27,51.43822979,7.47760776,296.25,18.61,0.63,54.24,1,-77.00,-4.00,30.00,15.00,57.00,1.00,27771908,270
190.10,1544593502,2216.98,51.43832791,7.47783605,296.13,19.41,0.79,54.68,1,-78.00,-4.00,31.00,15.00,58.00,1.00,27771908,270
191.10,1544593503,2236.31,51.43843122,7.47808195,295.95,19.79,0.38,55.18,1,-78.00,-4.00,31.00,15.00,58.00,1.00,27771908,270
192.10,1544593504,2256.08,51.43852775,7.47830823,296.05,20.60,0.81,55.63,1,-79.00,-4.00,31.00,15.00,55.00,1.00,27771908,270
193.10,1544593505,2276.67,51.43863341,7.47857207,296.43,21.60,1.01,56.57,1,-79.00,-4.00,31.00,15.00,55.00,1.00,27771908,270
194.10,1544593506,2298.34,51.43874597,7.47884298,296.48,22.53,0.92,55.83,1,-84.00,-5.00,31.00,15.00,54.00,1.00,27771908,270
195.10,1544593507,2320.81,51.43886062,7.47910898,296.38,22.94,0.41,55.47,1,-84.00,-5.00,31.00,15.00,54.00,1.00,27771908,270
196.10,1544593508,2343.86,51.43897566,7.47938715,295.90,23.64,0.70,56.38,1,-87.00,-5.00,30.00,1.00,49.00,1.00,27771908,270
197.10,1544593509,2367.38,51.43909991,7.47969098,295.88,24.71,1.08,55.46,1,-87.00,-5.00,30.00,1.00,49.00,1.00,27771908,270
198.10,1544593510,2392.09,51.43922914,7.47999295,295.19,25.66,0.95,54.63,1,-86.00,-5.00,24.00,15.00,48.00,1.00,27771908,270
199.10,1544593511,2417.75,51.43936245,7.48029724,294.57,25.30,-0.36,54.49,1,-86.00,-5.00,24.00,15.00,48.00,1.00,27771908,270
200.10,1544593512,2443.07,51.43950096,7.48059643,293.79,25.08,-0.22,54.17,1,-87.00,-7.00,35.00,15.00,50.00,1.00,27771908,270
201.10,1544593513,2468.12,51.43963756,7.48087995,292.53,24.77,-0.30,52.88,1,-87.00,-7.00,35.00,15.00,50.00,1.00,27771908,270
202.10,1544593514,2493.00,51.43976899,7.48116296,291.40,24.62,-0.15,52.10,1,-86.00,-6.00,28.00,15.00,49.00,1.00,27771908,270
203.09,1544593515,2517.47,51.43990005,7.48143360,290.41,24.31,-0.32,51.60,1,-86.00,-6.00,28.00,15.00,49.00,1.00,27771908,270
204.09,1544593516,2541.81,51.44003588,7.48171519,289.72,24.36,0.05,50.91,1,-86.00,-6.00,28.00,15.00,49.00,1.00,27771908,270
205.10,1544593517,2566.19,51.44018148,7.48196482,289.43,24.94,0.58,46.39,1,-85.00,-5.00,22.00,14.00,49.00,1.00,27771908,270
206.10,1544593518,2591.14,51.44034032,7.48222085,289.30,25.11,0.16,44.10,1,-85.00,-5.00,22.00,14.00,49.00,1.00,27771908,270
207.10,1544593519,2616.27,51.44050125,7.48246646,288.70,24.87,-0.24,42.36,1,-83.00,-6.00,21.00,13.00,52.00,1.00,27771908,270
208.10,1544593520,2641.11,51.44065793,7.48269523,287.95,24.59,-0.28,41.04,1,-83.00,-6.00,21.00,13.00,52.00,1.00,27771908,270
209.10,1544593521,2665.73,51.44080370,7.48291164,286.59,24.45,-0.14,40.25,1,-83.00,-6.00,25.00,15.00,52.00,1.00,27771908,270
210.10,1544593522,2690.28,51.44096804,7.48314860,285.12,24.41,-0.04,39.43,1,-83.00,-6.00,25.00,15.00,52.00,1.00,27771908,270
211.10,1544593523,2714.61,51.44113992,7.48337300,283.61,24.45,0.04,36.77,1,-84.00,-6.00,24.00,12.00,50.00,1.00,27771908,270
212.10,1544593524,2739.01,51.44131382,7.48358725,282.21,24.27,-0.18,35.12,1,-84.00,-6.00,24.00,12.00,50.00,1.00,27771908,270
213.09,1544593525,2763.26,51.44150033,7.48379775,280.64,24.34,0.07,33.31,1,-84.00,-8.00,19.00,11.00,51.00,1.00,27771908,270
214.09,1544593526,2787.59,51.44169398,7.48399508,279.27,24.25,-0.09,31.16,1,-84.00,-8.00,19.00,11.00,51.00,1.00,27771908,270
215.09,1544593527,2811.85,51.44188593,7.48417727,278.07,24.17,-0.09,29.89,1,-89.00,-10.00,14.00,9.00,49.00,1.00,27771908,270
216.10,1544593528,2836.04,51.44208019,7.48434858,277.02,24.38,0.22,28.00,1,-89.00,-10.00,14.00,9.00,49.00,1.00,27771908,270
217.10,1544593529,2860.44,51.44227330,7.48451593,276.14,24.47,0.09,27.15,1,-82.00,-6.00,11.00,6.00,53.00,1.00,27771909,271
218.10,1544593530,2884.94,51.44246689,7.48466711,275.43,24.31,-0.16,25.92,1,-82.00,-6.00,11.00,6.00,53.00,1.00,27771909,271
219.10,1544593531,2909.23,51.44264695,7.48480598,275.01,24.15,-0.17,25.07,1,-83.00,-7.00,23.00,15.00,54.00,1.00,27771909,271
220.10,1544593532,2933.40,51.44283617,7.48493964,274.65,24.03,-0.11,24.40,1,-83.00,-7.00,23.00,15.00,54.00,1.00,27771909,271
221.10,1544593533,2957.41,51.44303730,7.48507876,274.59,23.90,-0.13,23.82,1,-73.00,-5.00,28.00,1.00,63.00,1.00,27771909,271
222.09,1544593534,2981.21,51.44323354,7.48521907,274.56,23.71,-0.19,23.55,1,-73.00,-5.00,28.00,1.00,63.00,1.00,27771909,271
223.10,1544593535,3005.19,51.44342509,7.48534932,274.52,22.90,-0.80,23.15,1,-75.00,-5.00,32.00,1.00,63.00,1.00,27771909,271
224.10,1544593536,3027.91,51.44360858,7.48547097,274.18,20.85,-2.07,23.22,1,-75.00,-5.00,32.00,1.00,63.00,1.00,27771909,271
225.10,1544593537,3048.75,51.44377517,7.48557343,273.74,19.33,-1.52,21.70,1,-75.00,-5.00,32.00,1.00,63.00,1.00,27771909,271
226.10,1544593538,3068.13,51.44393400,7.48567471,273.30,18.46,-0.86,21.85,1,-68.00,-5.00,33.00,13.00,63.00,1.00,27771909,271
227.10,1544593539,3086.54,51.44408647,7.48577137,272.72,17.24,-1.23,21.52,1,-68.00,-5.00,33.00,13.00,63.00,1.00,27771909,271
228.10,1544593540,3103.79,51.44422687,7.48586090,272.01,16.06,-1.17,22.32,1,-69.00,-4.00,32.00,12.00,63.00,1.00,27771909,271
229.09,1544593541,3119.82,51.44435073,7.48595548,271.58,15.02,-1.05,24.53,1,-69.00,-4.00,32.00,12.00,63.00,1.00,27771909,271
230.10,1544593542,3134.88,51.44446822,7.48606175,271.00,14.49,-0.52,27.86,1,-73.00,-5.00,32.00,13.00,63.00,1.00,27771909,271
231.10,1544593543,3149.36,51.44457184,7.48621042,270.43,13.78,-0.71,42.69,1,-73.00,-5.00,32.00,13.00,63.00,1.00,27771909,271
232.09,1544593544,3163.09,51.44465988,7.48635871,269.84,13.67,-0.11,46.63,1,-71.00,-5.00,31.00,13.00,63.00,1.00,27771909,271
233.09,1544593545,3176.79,51.44470666,7.48652414,269.46,12.89,-0.78,67.19,1,-71.00,-5.00,31.00,13.00,63.00,1.00,27771909,271
234.09,1544593546,3189.68,51.44475027,7.48671068,268.67,12.89,0.00,71.22,1,-81.00,-5.00,26.00,14.00,55.00,1.00,27771909,271
235.10,1544593547,3202.60,51.44473717,7.48689065,268.20,12.78,-0.11,97.83,1,-81.00,-5.00,26.00,14.00,55.00,1.00,27771909,271
236.10,1544593548,3215.39,51.44469260,7.48707735,267.70,12.91,0.12,114.01,1,-81.00,-5.00,25.00,13.00,53.00,1.00,27771909,271
237.10,1544593549,3228.27,51.44462125,7.48723124,267.78,13.30,0.39,128.17,1,-81.00,-5.00,25.00,13.00,53.00,1.00,27771909,271
238.10,1544593550,3241.59,51.44452674,7.48736293,267.83,13.58,0.28,141.19,1,-73.00,-5.00,26.00,1.00,59.00,1.00,27771909,271
239.10,1544593551,3255.16,51.44442701,7.48749200,268.21,12.98,-0.59,142.77,1,-73.00,-5.00,26.00,1.00,59.00,1.00,27771909,271
240.09,1544593552,3268.10,51.44431929,7.48753468,268.68,13.05,0.06,170.05,1,-71.00,-6.00,28.00,12.00,63.00,1.00,27771909,271
241.10,1544593553,3281.22,51.44420429,7.48751771,268.59,13.17,0.13,187.64,1,-71.00,-6.00,28.00,12.00,63.00,1.00,27771909,271
242.10,1544593554,3294.36,51.44407898,7.48746155,268.43,13.48,0.30,200.83,1,-73.00,-5.00,27.00,13.00,63.00,1.00,27771909,271
243.10,1544593555,3307.87,51.44397209,7.48735975,268.56,13.90,0.42,216.50,1,-73.00,-5.00,27.00,13.00,63.00,1.00,27771909,271
244.10,1544593556,3321.85,51.44388930,7.48721649,268.86,14.17,0.27,231.34,1,-77.00,-5.00,24.00,12.00,59.00,1.00,27771909,271
245.10,1544593557,3335.91,51.44383613,7.48705381,269.21,14.16,-0.01,250.51,1,-77.00,-5.00,24.00,12.00,59.00,1.00,27771909,271
246.10,1544593558,3350.07,51.44378791,7.48684626,269.61,14.42,0.25,254.16,1,-77.00,-5.00,24.00,12.00,59.00,1.00,27771909,271
247.10,1544593559,3364.49,51.44377217,7.48663709,269.68,15.09,0.67,267.50,1,-84.00,-6.00,17.00,13.00,52.00,1.00,27771909,271
248.10,1544593560,3379.56,51.44375827,7.48640614,269.38,15.77,0.69,268.02,1,-84.00,-6.00,17.00,13.00,52.00,1.00,27771909,271
249.10,1544593561,3395.33,51.44374861,7.48616075,268.99,16.59,0.81,267.91,1,-80.00,-5.00,30.00,12.00,55.00,1.00,27771909,271
250.09,1544593562,3411.85,51.44374167,7.48591366,268.52,17.49,0.91,267.63,1,-80.00,-5.00,30.00,12.00,55.00,1.00,27771909,271
251.10,1544593563,3429.47,51.44373263,7.48566056,268.04,18.34,0.84,267.93,1,-82.00,-5.00,24.00,1.00,52.00,1.00,27771909,271
252.09,1544593564,3447.72,51.44372752,7.48536097,268.16,18.63,0.28,267.36,1,-82.00,-5.00,24.00,1.00,52.00,1.00,27771909,271
253.10,1544593565,3466.40,51.44371866,7.48507208,267.20,19.58,0.95,266.40,1,-91.00,-8.00,22.00,15.00,48.00,1.00,27771909,271
254.09,1544593566,3485.94,51.44371227,7.48479918,267.01,19.97,0.39,267.02,1,-91.00,-8.00,22.00,15.00,48.00,1.00,27771909,271
255.10,1544593567,3505.97,51.44370589,7.48450634,266.57,21.46,1.49,267.68,1,-77.00,-5.00,30.00,15.00,59.00,1.00,27771909,271
256.10,1544593568,3527.39,51.44370014,7.48419358,266.44,21.74,0.27,269.01,1,-77.00,-5.00,30.00,15.00,59.00,1.00,27771909,271
257.10,1544593569,3549.14,51.44369639,7.48388862,267.00,21.79,0.06,268.52,1,-70.00,-5.00,33.00,13.00,63.00,1.00,27771909,271
258.10,1544593570,3570.92,51.44369389,7.48357785,267.42,21.60,-0.19,268.02,1,-70.00,-5.00,33.00,13.00,63.00,1.00,27771909,271
259.10,1544593571,3592.56,51.44368900,7.48326165,267.44,21.37,-0.23,267.87,1,-75.00,-5.00,29.00,15.00,61.00,1.00,27771909,271
260.09,1544593572,3613.87,51.44368454,7.48295084,267.14,21.19,-0.18,267.63,1,-75.00,-5.00,29.00,15.00,61.00,1.00,27771909,271
261.09,1544593573,3635.03,51.44367776,7.48263725,266.79,21.44,0.25,267.97,1,-81.00,-5.00,19.00,14.00,55.00,1.00,27771909,271
262.09,1544593574,3656.49,51.44366922,7.48233018,266.57,21.48,0.04,267.37,1,-81.00,-5.00,19.00,14.00,55.00,1.00,27771909,271
263.09,1544593575,3677.95,51.44365709,7.48201936,266.41,21.63,0.15,266.81,1,-82.00,-6.00,27.00,15.00,57.00,1.00,27771909,271
264.10,1544593576,3699.65,51.44364700,7.48171433,266.17,21.83,0.19,266.47,1,-82.00,-6.00,27.00,15.00,57.00,1.00,27771909,271
265.11,1544593577,3721.67,51.44363474,7.48140282,265.89,22.04,0.21,265.78,1,-89.00,-6.00,26.00,12.00,48.00,1.00,27771909,271
266.09,1544593578,3743.43,51.44362156,7.48108857,265.48,22.09,0.05,265.32,1,-89.00,-6.00,26.00,12.00,48.00,1.00,27771909,271
267.10,1544593579,3765.58,51.44360922,7.48076952,264.81,22.18,0.09,265.14,1,-89.00,-6.00,26.00,12.00,48.00,1.00,27771909,271
268.10,1544593580,3787.83,51.44359451,7.48045310,264.28,22.41,0.23,264.79,1,-91.00,-6.00,14.00,12.00,45.00,1.00,27771909,271
269.10,1544593581,3810.18,51.44357453,7.48012710,263.60,22.68,0.26,263.71,1,-91.00,-6.00,14.00,12.00,45.00,1.00,27771909,271
270.09,1544593582,3832.81,51.44355336,7.47979952,262.88,22.87,0.19,263.12,1,-88.00,-5.00,22.00,14.00,47.00,1.00,27771909,271
271.10,1544593583,3855.72,51.44352738,7.47947362,262.19,23.13,0.26,262.39,1,-88.00,-5.00,22.00,14.00,47.00,1.00,27771909,271
272.09,1544593584,3878.80,51.44350069,7.47914048,261.54,23.54,0.41,262.29,1,-89.00,-6.00,21.00,10.00,48.00,1.00,27771909,271
273.10,1544593585,3902.44,51.44347320,7.47879919,260.92,23.96,0.42,262.61,1,-89.00,-6.00,21.00,10.00,48.00,1.00,27771909,271
274.10,1544593586,3926.35,51.44344527,7.47845197,260.34,24.39,0.43,262.82,1,-90.00,-6.00,10.00,12.00,47.00,1.00,27771909,271
275.10,1544593587,3950.73,51.44341676,7.47809904,259.76,24.86,0.48,262.64,1,-90.00,-6.00,10.00,12.00,47.00,1.00,27771909,271
276.10,1544593588,3975.62,51.44338812,7.47774464,259.20,24.78,-0.09,262.58,1,-88.00,-6.00,15.00,11.00,47.00,1.00,27771909,271
277.10,1544593589,4000.40,51.44335914,7.47739025,258.67,24.79,0.01,262.21,1,-88.00,-6.00,15.00,11.00,47.00,1.00,27771909,271
278.10,1544593590,4025.21,51.44332955,7.47703635,258.18,24.73,-0.06,262.06,1,-92.00,-6.00,14.00,15.00,46.00,1.00,27771909,271
279.10,1544593591,4049.92,51.44329948,7.47668182,257.70,25.03,0.30,261.74,1,-92.00,-6.00,14.00,15.00,46.00,1.00,27771909,271
280.09,1544593592,4074.85,51.44326808,7.47632000,257.22,25.51,0.48,261.50,1,-85.00,-6.00,18.00,15.00,52.00,1.00,27771909,271
281.10,1544593593,4100.63,51.44323211,7.47595449,256.74,25.90,0.39,261.19,1,-85.00,-6.00,18.00,15.00,52.00,1.00,27771909,271
282.09,1544593594,4126.30,51.44319481,7.47558068,256.30,26.39,0.49,260.58,1,-85.00,-8.00,19.00,15.00,53.00,1.00,27771909,271
283.10,1544593595,4152.72,51.44315004,7.47519865,255.85,27.02,0.63,259.59,1,-85.00,-8.00,19.00,15.00,53.00,1.00,27771909,271
284.10,1544593596,4179.76,51.44309949,7.47481157,255.36,27.57,0.55,258.32,1,-101.00,-8.00,8.00,10.00,38.00,1.00,27771909,271
285.10,1544593597,4207.45,51.44304746,7.47441927,254.86,28.24,0.67,257.68,1,-101.00,-8.00,8.00,10.00,38.00,1.00,27771909,271
286.11,1544593598,4235.86,51.44299184,7.47401275,254.32,28.86,0.61,257.62,1,-101.00,-9.00,1.00,6.00,35.00,10.00,30422273,155
287.10,1544593599,4264.52,51.44293468,7.47360330,253.79,29.52,0.67,257.83,1,-101.00,-9.00,1.00,6.00,35.00,10.00,30422273,155
288.10,1544593600,4293.98,51.44287518,7.47317881,253.25,30.30,0.78,258.14,1,-101.00,-9.00,1.00,6.00,35.00,10.00,30422273,155
289.10,1544593601,4324.22,51.44281618,7.47274610,252.63,31.03,0.73,258.46,1,-96.00,-6.00,7.00,15.00,34.00,10.00,30422273,155
290.09,1544593602,4355.16,51.44269836,7.47185903,251.16,31.38,0.35,258.52,1,-96.00,-6.00,7.00,15.00,34.00,10.00,30422273,155
291.09,1544593603,4386.60,51.44269836,7.47185903,251.16,31.38,0.00,258.52,1,-107.00,-8.00,21.00,13.00,30.00,10.00,30422273,155
292.10,1544593604,4418.01,51.44264087,7.47141946,250.38,31.39,0.01,258.37,1,-107.00,-8.00,21.00,13.00,30.00,10.00,30422273,155
293.10,1544593605,4449.39,51.44258380,7.47097962,249.56,31.33,-0.06,258.41,1,-108.00,-11.00,10.00,10.00,33.00,10.00,30422273,155
294.10,1544593606,4480.73,51.44252673,7.47053262,248.65,31.49,0.16,258.33,1,-108.00,-11.00,10.00,10.00,33.00,10.00,30422273,155
295.09,1544593607,4512.16,51.44247184,7.47009135,247.95,31.40,-0.09,258.32,1,-109.00,-13.00,-1.00,9.00,35.00,10.00,30422273,155
296.10,1544593608,4543.66,51.44241488,7.46964648,247.24,31.43,0.02,258.21,1,-109.00,-13.00,-1.00,9.00,35.00,10.00,30422273,155
297.10,1544593609,4575.18,51.44235668,7.46919982,246.39,31.46,0.03,258.53,1,-113.00,-16.00,-4.00,8.00,34.00,10.00,30422273,155
298.10,1544593610,4606.60,51.44229879,7.46875456,245.48,31.28,-0.18,258.75,1,-113.00,-16.00,-4.00,8.00,34.00,10.00,30422273,155
299.10,1544593611,4637.92,51.44224188,7.46831102,244.43,31.27,-0.01,258.75,1,-105.00,-8.00,4.00,11.00,30.00,10.00,30422273,155
300.09,1544593612,4669.00,51.44218564,7.46786518,243.25,31.44,0.17,258.87,1,-105.00,-8.00,4.00,11.00,30.00,10.00,30422273,155
301.10,1544593613,4700.50,51.44213078,7.46741994,242.22,31.71,0.27,258.96,1,-104.00,-11.00,1.00,7.00,31.00,28.00,33527559,202
302.10,1544593614,4732.25,51.44207530,7.46696805,241.40,32.14,0.43,259.19,1,-104.00,-11.00,1.00,7.00,31.00,28.00,33527559,202
303.10,1544593615,4764.42,51.44202466,7.46650669,240.80,32.56,0.42,259.86,1,-99.00,-9.00,2.00,7.00,33.00,28.00,33527559,202
304.10,1544593616,4796.98,51.44197321,7.46604411,240.34,32.62,0.06,260.09,1,-99.00,-9.00,2.00,7.00,33.00,28.00,33527559,202
305.10,1544593617,4829.59,51.44192160,7.46557871,239.77,32.57,-0.04,260.35,1,-99.00,-10.00,2.00,7.00,33.00,28.00,33527559,202
306.10,1544593618,4862.10,51.44187790,7.46512478,239.54,32.38,-0.19,260.94,1,-99.00,-10.00,2.00,7.00,33.00,28.00,33527559,202
307.10,1544593619,4894.74,51.44183464,7.46466496,239.07,32.36,-0.02,261.52,1,-102.00,-9.00,6.00,9.00,31.00,28.00,33527559,202
308.10,1544593620,4926.87,51.44179734,7.46420403,238.49,32.41,0.05,262.10,1,-102.00,-9.00,6.00,9.00,31.00,28.00,33527559,202
309.10,1544593621,4959.32,51.44176047,7.46374073,237.69,32.35,-0.06,262.86,1,-102.00,-9.00,6.00,9.00,31.00,28.00,33527559,202
310.10,1544593622,4991.60,51.44172800,7.46327445,237.03,32.45,0.10,263.47,1,-102.00,-9.00,2.00,7.00,31.00,28.00,33527559,202
311.10,1544593623,5024.06,51.44169878,7.46281362,236.40,32.59,0.14,264.29,1,-102.00,-9.00,2.00,7.00,31.00,28.00,33527559,202
312.10,1544593624,5056.71,51.44167363,7.46234427,235.76,32.79,0.20,264.58,1,-103.00,-10.00,3.00,7.00,30.00,28.00,33527559,202
313.10,1544593625,5089.51,51.44164845,7.46187205,235.14,33.07,0.28,265.05,1,-103.00,-10.00,3.00,7.00,30.00,28.00,33527559,202
314.10,1544593626,5122.54,51.44162484,7.46139471,234.32,33.35,0.28,265.41,1,-99.00,-10.00,4.00,6.00,35.00,28.00,33527559,202
315.10,1544593627,5155.89,51.44160733,7.46091622,233.48,33.60,0.26,265.91,1,-99.00,-10.00,4.00,6.00,35.00,28.00,33527559,202
316.10,1544593628,5189.49,51.44158966,7.46043877,232.73,33.56,-0.04,266.57,1,-100.00,-11.00,4.00,8.00,35.00,28.00,33527559,202
317.10,1544593629,5223.05,51.44157646,7.45996110,232.12,32.88,-0.68,266.92,1,-100.00,-11.00,4.00,8.00,35.00,28.00,33527559,202
318.10,1544593630,5255.93,51.44156450,7.45949461,231.66,32.41,-0.46,267.67,1,-98.00,-10.00,7.00,9.00,36.00,28.00,33527559,202
319.10,1544593631,5288.38,51.44155883,7.45902564,231.33,32.52,0.11,268.40,1,-98.00,-10.00,7.00,9.00,36.00,28.00,33527559,202
320.10,1544593632,5320.83,51.44155302,7.45855593,231.12,32.68,0.16,268.76,1,-95.00,-9.00,9.00,11.00,38.00,28.00,33527559,202
321.10,1544593633,5353.51,51.44154773,7.45808398,231.01,32.79,0.11,268.85,1,-95.00,-9.00,9.00,11.00,38.00,28.00,33527559,202
322.10,1544593634,5386.37,51.44154685,7.45761663,230.94,32.97,0.17,269.55,1,-91.00,-8.00,11.00,13.00,42.00,28.00,33527559,202
323.10,1544593635,5419.27,51.44154580,7.45713614,231.05,33.14,0.17,270.10,1,-91.00,-8.00,11.00,13.00,42.00,28.00,33527559,202
324.10,1544593636,5452.44,51.44155080,7.45666665,231.26,32.39,-0.75,270.88,1,-91.00,-6.00,12.00,15.00,39.00,28.00,33527559,202
325.10,1544593637,5484.80,51.44155514,7.45620727,231.62,31.68,-0.71,270.79,1,-91.00,-6.00,12.00,15.00,39.00,28.00,33527559,202
326.10,1544593638,5516.51,51.44155905,7.45576121,231.83,30.81,-0.86,270.94,1,-86.00,-5.00,20.00,15.00,44.00,28.00,33527559,202
327.10,1544593639,5547.29,51.44156427,7.45532568,231.98,29.90,-0.91,271.61,1,-86.00,-5.00,20.00,15.00,44.00,28.00,33527559,202
328.11,1544593640,5577.49,51.44156904,7.45489795,232.30,29.72,-0.18,271.78,1,-80.00,-5.00,22.00,11.00,50.00,28.00,33527559,202
329.10,1544593641,5607.12,51.44158385,7.45447067,232.57,29.77,0.04,273.00,1,-80.00,-5.00,22.00,11.00,50.00,28.00,33527559,202
330.09,1544593642,5636.62,51.44162204,7.45360554,232.96,30.24,0.48,274.46,1,-80.00,-5.00,22.00,11.00,50.00,28.00,33527559,202
331.10,1544593643,5666.95,51.44162204,7.45360554,232.96,30.24,0.00,274.46,1,-79.00,-5.00,23.00,12.00,51.00,28.00,33527559,202
332.10,1544593644,5697.29,51.44164417,7.45317653,232.75,30.69,0.44,274.70,1,-79.00,-5.00,23.00,12.00,51.00,28.00,33527559,202
333.10,1544593645,5727.91,51.44167136,7.45274560,232.08,31.02,0.33,275.61,1,-78.00,-5.00,22.00,10.00,52.00,28.00,33527559,202
334.10,1544593646,5759.02,51.44170599,7.45229776,231.48,31.24,0.22,276.96,1,-78.00,-5.00,22.00,10.00,52.00,28.00,33527559,202
335.10,1544593647,5790.10,51.44174123,7.45184843,231.09,31.58,0.34,276.25,1,-82.00,-5.00,20.00,11.00,47.00,28.00,33527559,202
336.10,1544593648,5821.84,51.44177395,7.45138892,230.61,31.05,-0.53,276.59,1,-82.00,-5.00,20.00,11.00,47.00,28.00,33527559,202
337.10,1544593649,5852.76,51.44180539,7.45094057,229.82,30.49,-0.56,277.34,1,-77.00,-6.00,21.00,15.00,52.00,28.00,33527559,202
338.10,1544593650,5883.22,51.44183644,7.45050062,229.19,30.01,-0.48,277.70,1,-77.00,-6.00,21.00,15.00,52.00,28.00,33527559,202
339.10,1544593651,5913.30,51.44187482,7.45007452,228.58,29.89,-0.12,278.33,1,-71.00,-6.00,24.00,15.00,60.00,28.00,33527559,202
340.09,1544593652,5943.06,51.44191439,7.44964722,228.09,30.14,0.25,278.35,1,-71.00,-6.00,24.00,15.00,60.00,28.00,33527559,202
341.10,1544593653,5973.26,51.44195503,7.44921969,227.75,30.64,0.50,278.38,1,-72.00,-5.00,28.00,15.00,59.00,28.00,33527559,202
342.10,1544593654,6003.96,51.44199641,7.44877922,227.38,31.04,0.40,278.45,1,-72.00,-5.00,28.00,15.00,59.00,28.00,33527559,202
343.10,1544593655,6034.96,51.44203746,7.44832627,227.13,31.54,0.51,279.23,1,-67.00,-6.00,26.00,15.00,63.00,28.00,33527559,202
344.10,1544593656,6066.54,51.44208860,7.44787623,226.87,32.17,0.63,280.35,1,-67.00,-6.00,26.00,15.00,63.00,28.00,33527559,202
345.10,1544593657,6098.71,51.44214119,7.44742105,226.56,32.75,0.57,281.02,1,-66.00,-5.00,25.00,15.00,63.00,28.00,33527559,202
346.10,1544593658,6131.42,51.44219604,7.44695649,226.22,33.23,0.48,281.31,1,-66.00,-5.00,25.00,15.00,63.00,28.00,33527559,202
347.10,1544593659,6164.68,51.44225853,7.44649316,225.88,33.49,0.26,281.69,1,-65.00,-6.00,25.00,15.00,63.00,28.00,33527559,202
348.10,1544593660,6198.17,51.44232347,7.44600936,225.50,34.15,0.66,282.52,1,-65.00,-6.00,25.00,15.00,63.00,28.00,33527559,202
349.10,1544593661,6232.52,51.44239650,7.44553628,225.43,34.57,0.42,283.16,1,-65.00,-6.00,25.00,15.00,63.00,28.00,33527559,202
350.10,1544593662,6266.89,51.44247042,7.44505331,225.58,34.93,0.36,283.35,1,-65.00,-6.00,25.00,15.00,63.00,28.00,33527559,202
351.10,1544593663,6301.82,51.44254535,7.44456144,225.77,35.46,0.53,283.73,1,-65.00,-6.00,25.00,15.00,63.00,28.00,33527559,202
352.09,1544593664,6337.17,51.44262449,7.44405902,225.94,35.94,0.48,284.22,1,-66.00,-5.00,25.00,15.00,63.00,28.00,33527559,202
353.10,1544593665,6373.14,51.44270397,7.44355485,226.14,36.31,0.37,284.88,1,-66.00,-5.00,25.00,15.00,63.00,28.00,33527559,202
354.10,1544593666,6409.53,51.44278584,7.44304958,226.21,36.55,0.24,285.12,1,-68.00,-8.00,24.00,14.00,63.00,28.00,33527559,202
355.10,1544593667,6446.08,51.44287320,7.44253745,225.87,36.57,0.02,285.34,1,-68.00,-8.00,24.00,14.00,63.00,28.00,33527559,202
356.10,1544593668,6482.87,51.44296126,7.44203775,225.59,36.03,-0.54,286.07,1,-67.00,-5.00,24.00,15.00,63.00,28.00,33527559,202
357.10,1544593669,6518.61,51.44305485,7.44154343,225.34,36.09,0.06,286.59,1,-67.00,-5.00,24.00,15.00,63.00,28.00,33527559,202
358.10,1544593670,6554.70,51.44314974,7.44104256,224.93,36.27,0.19,287.47,1,-64.00,-4.00,22.00,15.00,63.00,28.00,33527559,202
359.10,1544593671,6591.01,51.44324648,7.44054622,224.39,36.00,-0.28,287.53,1,-64.00,-4.00,22.00,15.00,63.00,28.00,33527559,202
360.10,1544593672,6626.97,51.44334894,7.44006032,223.70,35.36,-0.64,288.11,1,-64.00,-5.00,25.00,15.00,63.00,28.00,33527559,202
361.10,1544593673,6662.32,51.44344997,7.43958078,222.90,34.78,-0.58,288.46,1,-64.00,-5.00,25.00,15.00,63.00,28.00,33527559,202
362.10,1544593674,6697.31,51.44355344,7.43911096,222.12,34.61,-0.17,289.13,1,-64.00,-7.00,18.00,11.00,63.00,28.00,33527559,202
363.10,1544593675,6731.78,51.44365733,7.43864041,221.36,34.68,0.08,289.89,1,-64.00,-7.00,18.00,11.00,63.00,28.00,33527559,202
364.10,1544593676,6766.39,51.44376678,7.43816920,220.70,35.07,0.39,290.47,1,-71.00,-6.00,7.00,7.00,62.00,28.00,33527559,202
365.10,1544593677,6801.57,51.44387868,7.43769108,219.96,35.45,0.38,290.75,1,-71.00,-6.00,7.00,7.00,62.00,28.00,33527559,202
366.10,1544593678,6836.95,51.44399297,7.43720803,219.08,35.77,0.32,291.17,1,-75.00,-6.00,6.00,6.00,56.00,0.00,33527561,449
367.10,1544593679,6872.79,51.44411176,7.43673370,218.21,35.61,-0.16,291.76,1,-75.00,-6.00,6.00,6.00,56.00,0.00,33527561,449
368.09,1544593680,6908.22,51.44422979,7.43626380,217.25,35.55,-0.06,292.48,1,-74.00,-6.00,30.00,15.00,56.00,0.00,33527561,449
369.10,1544593681,6943.97,51.44435790,7.43578208,215.86,35.82,0.27,293.05,1,-74.00,-6.00,30.00,15.00,56.00,0.00,33527561,449
370.10,1544593682,6979.76,51.44447834,7.43532784,214.46,35.79,-0.03,293.64,1,-68.00,-5.00,15.00,15.00,59.00,0.00,33527561,449
371.09,1544593683,7015.41,51.44461306,7.43485687,213.28,35.68,-0.12,294.53,1,-68.00,-5.00,15.00,15.00,59.00,0.00,33527561,449
372.10,1544593684,7051.20,51.44474539,7.43439386,212.21,35.75,0.07,295.44,1,-68.00,-5.00,15.00,15.00,59.00,0.00,33527561,449
373.10,1544593685,7086.87,51.44489016,7.43392769,211.11,36.02,0.28,296.61,1,-67.00,-6.00,21.00,15.00,61.00,0.00,33527561,449
374.10,1544593686,7122.93,51.44504288,7.43346959,209.94,35.94,-0.09,298.05,1,-67.00,-6.00,21.00,15.00,61.00,0.00,33527561,449
375.10,1544593687,7159.05,51.44519588,7.43301139,208.68,35.93,-0.01,299.03,1,-66.00,-7.00,27.00,15.00,63.00,0.00,33527561,449
376.10,1544593688,7194.80,51.44535955,7.43257111,207.47,35.91,-0.01,300.86,1,-66.00,-7.00,27.00,15.00,63.00,0.00,33527561,449
377.10,1544593689,7230.71,51.44553043,7.43213458,206.25,35.84,-0.07,302.25,1,-69.00,-6.00,29.00,13.00,60.00,0.00,33527561,449
378.10,1544593690,7266.51,51.44570609,7.43170295,204.68,35.79,-0.05,303.52,1,-69.00,-6.00,29.00,13.00,60.00,0.00,33527561,449
379.10,1544593691,7302.56,51.44589051,7.43128812,202.89,35.25,-0.54,305.39,1,-74.00,-7.00,23.00,14.00,57.00,0.00,33527561,449
380.10,1544593692,7337.56,51.44607577,7.43088560,201.09,34.84,-0.41,306.48,1,-74.00,-7.00,23.00,14.00,57.00,0.00,33527561,449
381.10,1544593693,7372.46,51.44626257,7.43050691,199.53,34.40,-0.43,308.13,1,-75.00,-7.00,24.00,15.00,58.00,0.00,33527561,449
382.10,1544593694,7407.04,51.44645762,7.43012929,198.15,34.14,-0.26,309.73,1,-75.00,-7.00,24.00,15.00,58.00,0.00,33527561,449
383.10,1544593695,7441.08,51.44665576,7.42976039,196.93,34.18,0.04,311.04,1,-69.00,-6.00,27.00,15.00,61.00,0.00,33527561,449
384.09,1544593696,7475.05,51.44686892,7.42938331,195.75,34.26,0.09,312.41,1,-69.00,-6.00,27.00,15.00,61.00,0.00,33527561,449
385.10,1544593697,7509.38,51.44708007,7.42902558,194.83,33.78,-0.48,314.01,1,-81.00,-7.00,11.00,12.00,52.00,0.00,33527561,449
386.10,1544593698,7543.16,51.44729007,7.42868785,193.71,33.48,-0.31,315.63,1,-81.00,-7.00,11.00,12.00,52.00,0.00,33527561,449
387.09,1544593699,7576.61,51.44750388,7.42834499,192.42,33.61,0.13,316.50,1,-80.00,-5.00,19.00,15.00,49.00,0.00,33527561,449
388.10,1544593700,7610.28,51.44771961,7.42801511,191.18,33.71,0.11,317.75,1,-80.00,-5.00,19.00,15.00,49.00,0.00,33527561,449
389.11,1544593701,7644.30,51.44794311,7.42770014,190.04,33.79,0.08,318.98,1,-84.00,-6.00,11.00,11.00,45.00,0.00,33527561,449
390.09,1544593702,7677.68,51.44817528,7.42738988,188.77,33.82,0.03,320.62,1,-84.00,-6.00,11.00,11.00,45.00,0.00,33527561,449
391.10,1544593703,7711.85,51.44841558,7.42708584,187.60,33.94,0.12,322.22,1,-87.00,-6.00,14.00,4.00,42.00,0.00,33527561,449
392.10,1544593704,7745.62,51.44867012,7.42678291,186.45,33.91,-0.03,323.84,1,-87.00,-6.00,14.00,4.00,42.00,0.00,33527561,449
393.10,1544593705,7779.53,51.44892454,7.42649696,185.34,34.13,0.22,325.24,1,-87.00,-6.00,14.00,4.00,42.00,0.00,33527561,449
394.10,1544593706,7813.59,51.44918353,7.42622197,184.01,34.33,0.20,326.69,1,-90.00,-7.00,11.00,11.00,41.00,0.00,33527561,449
395.10,1544593707,7847.95,51.44944686,7.42595583,182.40,34.25,-0.07,327.95,1,-90.00,-7.00,11.00,11.00,41.00,0.00,33527561,449
396.10,1544593708,7882.21,51.44971189,7.42570427,180.81,34.14,-0.11,329.52,1,-92.00,-7.00,8.00,12.00,40.00,0.00,33527561,449
397.10,1544593709,7916.35,51.44997932,7.42547082,179.39,34.34,0.20,331.07,1,-92.00,-7.00,8.00,12.00,40.00,0.00,33527561,449
398.10,1544593710,7950.70,51.45025201,7.42524778,178.23,34.48,0.14,332.81,1,-91.00,-7.00,10.00,7.00,38.00,0.00,33527561,449
399.10,1544593711,7985.18,51.45053602,7.42501397,176.68,34.57,0.09,333.70,1,-91.00,-7.00,10.00,7.00,38.00,0.00,33527561,449
400.10,1544593712,8019.82,51.45082431,7.42480268,175.32,34.21,-0.36,335.09,1,-96.00,-10.00,6.00,7.00,37.00,0.00,33527561,449
401.09,1544593713,8053.86,51.45111269,7.42460446,174.15,34.23,0.02,336.79,1,-96.00,-10.00,6.00,7.00,37.00,0.00,33527561,449
402.10,1544593714,8088.22,51.45139923,7.42441822,172.80,34.35,0.12,338.01,1,-95.00,-11.00,-2.00,3.00,39.00,31.00,28368651,195
403.10,1544593715,8122.57,51.45168778,7.42424514,171.55,34.46,0.11,339.34,1,-95.00,-11.00,-2.00,3.00,39.00,31.00,28368651,195
404.10,1544593716,8157.00,51.45197843,7.42408250,170.29,34.71,0.25,340.71,1,-90.00,-8.00,-3.00,6.00,42.00,44.00,28365063,274
405.10,1544593717,8191.70,51.45227007,7.42392267,168.90,34.76,0.05,341.08,1,-90.00,-8.00,-3.00,6.00,42.00,44.00,28365063,274
406.10,1544593718,8226.46,51.45256162,7.42376745,167.59,34.80,0.04,341.43,1,-93.00,-12.00,2.00,4.00,44.00,44.00,28365063,274
407.10,1544593719,8261.26,51.45285978,7.42362362,166.36,35.04,0.24,342.58,1,-93.00,-12.00,2.00,4.00,44.00,44.00,28365063,274
408.10,1544593720,8296.31,51.45315630,7.42347825,165.18,35.16,0.12,343.22,1,-91.00,-10.00,2.00,7.00,43.00,44.00,28365063,274
409.10,1544593721,8331.50,51.45345209,7.42333342,164.14,35.27,0.11,343.32,1,-91.00,-10.00,2.00,7.00,43.00,44.00,28365063,274
410.10,1544593722,8366.77,51.45375636,7.42319479,163.07,35.38,0.12,343.69,1,-94.00,-13.00,1.00,4.00,43.00,44.00,28365063,274
411.10,1544593723,8402.22,51.45406248,7.42305616,162.20,35.56,0.18,344.15,1,-94.00,-13.00,1.00,4.00,43.00,44.00,28365063,274
412.11,1544593724,8438.07,51.45437431,7.42291770,161.41,35.56,-0.00,343.54,1,-92.00,-10.00,0.00,6.00,42.00,44.00,28365063,274
413.10,1544593725,8473.31,51.45468497,7.42277945,160.52,35.60,0.04,343.64,1,-92.00,-10.00,0.00,6.00,42.00,44.00,28365063,274
414.10,1544593726,8508.90,51.45499366,7.42263736,159.56,35.48,-0.11,343.36,1,-92.00,-10.00,0.00,6.00,42.00,44.00,28365063,274
415.10,1544593727,8544.38,51.45529989,7.42249297,158.61,35.45,-0.03,342.87,1,-89.00,-8.00,-1.00,6.00,44.00,50.00,29908742,13
416.10,1544593728,8579.84,51.45560054,7.42233852,157.70,35.26,-0.19,341.92,1,-89.00,-8.00,-1.00,6.00,44.00,50.00,29908742,13
417.10,1544593729,8615.13,51.45589955,7.42218380,156.80,35.16,-0.09,341.27,1,-90.00,-14.00,-2.00,4.00,45.00,26.00,28368651,195
418.10,1544593730,8650.22,51.45619584,7.42202188,156.19,35.17,0.01,340.63,1,-90.00,-14.00,-2.00,4.00,45.00,26.00,28368651,195
419.11,1544593731,8685.67,51.45649504,7.42184860,155.58,35.12,-0.05,339.62,1,-84.00,-8.00,0.00,8.00,46.00,26.00,28368651,195
420.10,1544593732,8720.54,51.45678839,7.42166757,155.28,35.29,0.17,338.60,1,-84.00,-8.00,0.00,8.00,46.00,26.00,28368651,195
421.10,1544593733,8755.90,51.45708418,7.42147610,154.88,35.45,0.16,337.35,1,-88.00,-10.00,-1.00,6.00,44.00,13.00,27770889,335
422.10,1544593734,8791.17,51.45737663,7.42127567,154.45,35.60,0.15,336.30,1,-88.00,-10.00,-1.00,6.00,44.00,13.00,27770889,335
423.10,1544593735,8826.80,51.45766748,7.42106695,153.94,35.69,0.09,335.22,1,-84.00,-10.00,2.00,7.00,49.00,13.00,27770889,335
424.10,1544593736,8862.52,51.45796180,7.42085093,153.51,35.91,0.23,334.25,1,-84.00,-10.00,2.00,7.00,49.00,13.00,27770889,335
425.10,1544593737,8898.40,51.45824944,7.42062188,153.13,36.01,0.10,333.19,1,-83.00,-11.00,2.00,6.00,52.00,13.00,27770889,335
426.10,1544593738,8934.48,51.45854049,7.42038835,152.80,36.14,0.13,332.26,1,-83.00,-11.00,2.00,6.00,52.00,13.00,27770889,335
427.10,1544593739,8970.51,51.45882318,7.42013823,152.71,36.28,0.14,331.20,1,-82.00,-10.00,3.00,6.00,52.00,13.00,27770889,335
428.10,1544593740,9006.98,51.45910928,7.41988778,152.61,36.37,0.09,330.36,1,-82.00,-10.00,3.00,6.00,52.00,13.00,27770889,335
429.10,1544593741,9043.28,51.45939210,7.41962201,152.55,36.37,-0.00,329.52,1,-78.00,-9.00,5.00,7.00,54.00,10.00,27770883,35
430.10,1544593742,9079.54,51.45967131,7.41934608,152.57,36.50,0.13,328.14,1,-78.00,-9.00,5.00,7.00,54.00,10.00,27770883,35
431.09,1544593743,9115.97,51.45994622,7.41906019,152.65,36.59,0.08,326.73,1,-85.00,-10.00,1.00,6.00,50.00,28.00,33527554,50
432.10,1544593744,9152.63,51.46022464,7.41876607,152.73,36.74,0.15,325.77,1,-85.00,-10.00,1.00,6.00,50.00,28.00,33527554,50
433.11,1544593745,9189.81,51.46049651,7.41845848,152.76,36.84,0.09,324.71,1,-80.00,-8.00,3.00,4.00,56.00,8.00,27770883,35
434.10,1544593746,9226.21,51.46076719,7.41814893,152.79,36.93,0.10,323.80,1,-80.00,-8.00,3.00,4.00,56.00,8.00,27770883,35
435.10,1544593747,9263.10,51.46103008,7.41782948,152.78,37.02,0.09,322.83,1,-80.00,-8.00,3.00,4.00,56.00,8.00,27770883,35
436.10,1544593748,9300.20,51.46129189,7.41749911,152.92,37.09,0.07,321.67,1,-78.00,-8.00,9.00,10.00,54.00,8.00,27770883,35
437.10,1544593749,9337.22,51.46155187,7.41715700,153.10,37.18,0.09,320.37,1,-78.00,-8.00,9.00,10.00,54.00,8.00,27770883,35
438.10,1544593750,9374.40,51.46181086,7.41681315,153.32,37.40,0.21,319.58,1,-80.00,-6.00,6.00,8.00,51.00,8.00,27770883,35
439.10,1544593751,9411.87,51.46206452,7.41645530,153.55,37.48,0.09,318.58,1,-80.00,-6.00,6.00,8.00,51.00,8.00,27770883,35
440.09,1544593752,9449.25,51.46255957,7.41572897,154.06,37.76,0.28,316.49,1,-77.00,-6.00,18.00,12.00,55.00,8.00,27770883,35
441.10,1544593753,9487.15,51.46255957,7.41572897,154.06,37.76,0.00,316.49,1,-77.00,-6.00,18.00,12.00,55.00,8.00,27770883,35
442.09,1544593754,9524.76,51.46280263,7.41535018,154.19,37.92,0.16,315.60,1,-78.00,-5.00,19.00,9.00,50.00,8.00,27770883,35
443.09,1544593755,9562.68,51.46304352,7.41496232,154.13,38.01,0.08,314.39,1,-78.00,-5.00,19.00,9.00,50.00,8.00,27770883,35
444.10,1544593756,9600.73,51.46328325,7.41457419,154.00,38.12,0.11,313.42,1,-77.00,-6.00,26.00,14.00,60.00,8.00,27770883,35
445.10,1544593757,9638.84,51.46351811,7.41416843,153.75,38.21,0.09,312.23,1,-77.00,-6.00,26.00,14.00,60.00,8.00,27770883,35
446.10,1544593758,9677.09,51.46375369,7.41376178,153.70,38.34,0.13,311.53,1,-95.00,-11.00,7.00,10.00,43.00,8.00,27770883,35
447.10,1544593759,9715.47,51.46397884,7.41334820,153.74,38.41,0.07,310.54,1,-95.00,-11.00,7.00,10.00,43.00,8.00,27770883,35
448.10,1544593760,9753.84,51.46420488,7.41292667,153.80,38.55,0.14,309.90,1,-76.00,-7.00,13.00,12.00,51.00,8.00,27770883,35
449.10,1544593761,9792.35,51.46442584,7.41250105,154.05,38.65,0.10,309.19,1,-76.00,-7.00,13.00,12.00,51.00,8.00,27770883,35
450.10,1544593762,9831.00,51.46464337,7.41207247,154.55,38.80,0.15,308.77,1,-95.00,-10.00,13.00,10.00,43.00,8.00,27770883,35
451.10,1544593763,9869.92,51.46486166,7.41163650,155.07,38.94,0.14,308.29,1,-95.00,-10.00,13.00,10.00,43.00,8.00,27770883,35
452.10,1544593764,9908.82,51.46507842,7.41119171,155.24,39.04,0.10,308.06,1,-97.00,-9.00,6.00,9.00,42.00,4.00,27770885,33
453.10,1544593765,9947.85,51.46529558,7.41074695,155.38,39.01,-0.03,308.15,1,-97.00,-9.00,6.00,9.00,42.00,4.00,27770885,33
454.11,1544593766,9987.21,51.46550496,7.41031446,155.79,38.15,-0.85,308.15,1,-87.00,-7.00,13.00,12.00,50.00,4.00,27770885,33
455.10,1544593767,10025.13,51.46571627,7.40987915,156.28,38.07,-0.08,308.21,1,-87.00,-7.00,13.00,12.00,50.00,4.00,27770885,33
456.10,1544593768,10063.01,51.46592315,7.40944784,156.53,38.06,-0.01,308.33,1,-87.00,-7.00,13.00,12.00,50.00,4.00,27770885,33
457.09,1544593769,10101.04,51.46613294,7.40901479,156.77,37.99,-0.07,308.36,1,-92.00,-7.00,8.00,7.00,45.00,4.00,27770885,33
458.09,1544593770,10138.99,51.46634329,7.40858194,157.01,37.66,-0.34,308.51,1,-92.00,-7.00,8.00,7.00,45.00,4.00,27770885,33
459.10,1544593771,10176.73,51.46654589,7.40816587,157.24,36.93,-0.73,308.69,1,-92.00,-8.00,21.00,7.00,45.00,4.00,27770885,33
460.10,1544593772,10213.69,51.46695943,7.40734016,157.66,36.43,-0.49,309.07,1,-92.00,-8.00,21.00,7.00,45.00,4.00,27770885,33
461.09,1544593773,10250.01,51.46695943,7.40734016,157.66,36.43,0.00,309.07,1,-87.00,-8.00,12.00,10.00,52.00,4.00,27770885,33
462.10,1544593774,10286.52,51.46737637,7.40652680,158.17,36.59,0.15,309.90,1,-87.00,-8.00,12.00,10.00,52.00,4.00,27770885,33
463.09,1544593775,10323.07,51.46758886,7.40613316,158.28,36.74,0.15,310.25,1,-90.00,-13.00,11.00,9.00,52.00,4.00,27770885,33
464.10,1544593776,10359.88,51.46758886,7.40613316,158.28,36.74,0.00,310.25,1,-90.00,-13.00,11.00,9.00,52.00,4.00,27770885,33
465.10,1544593777,10396.58,51.46780296,7.40573533,158.41,36.99,0.25,310.66,1,-87.00,-7.00,16.00,11.00,51.00,4.00,27770885,33
466.10,1544593778,10433.75,51.46801896,7.40533537,158.45,37.13,0.14,311.14,1,-87.00,-7.00,16.00,11.00,51.00,4.00,27770885,33
467.10,1544593779,10470.77,51.46824179,7.40494028,158.62,37.40,0.27,311.82,1,-83.00,-7.00,10.00,8.00,55.00,4.00,27770885,33
468.10,1544593780,10508.29,51.46847041,7.40453125,158.98,37.64,0.23,312.13,1,-83.00,-7.00,10.00,8.00,55.00,4.00,27770885,33
469.10,1544593781,10545.81,51.46870349,7.40411542,159.37,37.89,0.25,312.44,1,-87.00,-10.00,7.00,7.00,52.00,20.00,27771140,375
470.10,1544593782,10583.73,51.46893761,7.40370195,159.73,38.14,0.26,312.57,1,-87.00,-10.00,7.00,7.00,52.00,20.00,27771140,375
471.10,1544593783,10621.80,51.46917419,7.40331093,160.05,38.39,0.24,313.55,1,-84.00,-7.00,27.00,11.00,53.00,20.00,27771140,375
472.09,1544593784,10660.07,51.46941172,7.40291018,160.08,38.69,0.30,313.11,1,-84.00,-7.00,27.00,11.00,53.00,20.00,27771140,375
473.09,1544593785,10698.76,51.46965773,7.40249417,159.98,39.04,0.35,313.79,1,-80.00,-10.00,19.00,14.00,59.00,20.00,27771140,375
474.10,1544593786,10737.92,51.46990480,7.40207310,160.12,39.18,0.14,314.50,1,-80.00,-10.00,19.00,14.00,59.00,20.00,27771140,375
475.11,1544593787,10777.49,51.47015240,7.40167668,160.34,38.21,-0.96,315.44,1,-81.00,-8.00,22.00,12.00,58.00,20.00,27771140,375
476.10,1544593788,10815.31,51.47039528,7.40129048,160.82,37.22,-1.00,315.85,1,-81.00,-8.00,22.00,12.00,58.00,20.00,27771140,375
477.09,1544593789,10852.45,51.47062984,7.40090818,161.32,36.23,-0.99,316.03,1,-81.00,-8.00,22.00,12.00,58.00,20.00,27771140,375
478.10,1544593790,10888.83,51.47086120,7.40054620,161.77,35.26,-0.97,316.50,1,-81.00,-7.00,25.00,14.00,58.00,20.00,27771140,375
479.10,1544593791,10923.99,51.47108557,7.40020183,162.24,34.38,-0.88,317.17,1,-81.00,-7.00,25.00,14.00,58.00,20.00,27771140,375
480.09,1544593792,10958.33,51.47153266,7.39955538,162.61,32.77,-1.61,318.22,1,-84.00,-7.00,16.00,10.00,53.00,20.00,27771140,375
481.09,1544593793,10991.10,51.47153266,7.39955538,162.61,32.77,0.00,318.22,1,-84.00,-7.00,16.00,10.00,53.00,20.00,27771140,375
482.09,1544593794,11023.83,51.47175541,7.39925430,162.66,32.43,-0.34,319.67,1,-83.00,-9.00,18.00,11.00,54.00,20.00,27771140,375
483.09,1544593795,11056.26,51.47197273,7.39896129,162.74,31.70,-0.73,320.47,1,-83.00,-9.00,18.00,11.00,54.00,20.00,27771140,375
484.09,1544593796,11087.99,51.47218766,7.39867087,162.73,31.03,-0.67,320.19,1,-82.00,-9.00,19.00,10.00,56.00,20.00,27771140,375
485.10,1544593797,11119.08,51.47239957,7.39838715,162.92,30.55,-0.48,319.97,1,-82.00,-9.00,19.00,10.00,56.00,20.00,27771140,375
486.10,1544593798,11149.61,51.47261524,7.39809995,163.30,30.54,-0.01,319.91,1,-89.00,-10.00,12.00,12.00,52.00,20.00,27771140,375
487.10,1544593799,11180.15,51.47282684,7.39781844,163.78,30.31,-0.23,320.14,1,-89.00,-10.00,12.00,12.00,52.00,20.00,27771140,375
488.10,1544593800,11210.49,51.47303685,7.39753979,164.31,29.64,-0.67,320.25,1,-89.00,-9.00,15.00,12.00,52.00,20.00,27771140,375
489.10,1544593801,11240.21,51.47323918,7.39726926,164.98,29.05,-0.59,320.25,1,-89.00,-9.00,15.00,12.00,52.00,20.00,27771140,375
490.09,1544593802,11269.11,51.47363998,7.39675435,166.09,28.22,-0.83,321.46,1,-88.00,-8.00,14.00,11.00,51.00,20.00,27771140,375
491.10,1544593803,11297.53,51.47363998,7.39675435,166.09,28.22,0.00,321.46,1,-88.00,-8.00,14.00,11.00,51.00,20.00,27771140,375
492.09,1544593804,11325.54,51.47383416,7.39650027,166.50,27.94,-0.27,321.48,1,-87.00,-8.00,11.00,7.00,50.00,20.00,27771140,375
493.10,1544593805,11353.57,51.47402444,7.39625506,167.00,27.21,-0.73,321.89,1,-87.00,-8.00,11.00,7.00,50.00,20.00,27771140,375
494.10,1544593806,11380.79,51.47422560,7.39602480,167.89,27.00,-0.22,322.98,1,-87.00,-9.00,13.00,8.00,54.00,20.00,27771140,375
495.09,1544593807,11407.71,51.47442177,7.39580169,168.53,26.82,-0.18,323.40,1,-87.00,-9.00,13.00,8.00,54.00,20.00,27771140,375
496.10,1544593808,11434.77,51.47462318,7.39558162,168.94,26.20,-0.61,324.51,1,-83.00,-7.00,20.00,12.00,54.00,20.00,27771140,375
497.10,1544593809,11460.82,51.47481218,7.39537214,169.34,25.48,-0.73,324.56,1,-83.00,-7.00,20.00,12.00,54.00,20.00,27771140,375
498.10,1544593810,11486.25,51.47500447,7.39517484,169.74,24.62,-0.86,326.23,1,-83.00,-7.00,20.00,12.00,54.00,20.00,27771140,375
499.10,1544593811,11510.90,51.47518869,7.39499787,170.28,24.16,-0.47,328.54,1,-79.00,-7.00,27.00,14.00,57.00,20.00,27771140,375
500.09,1544593812,11534.98,51.47536611,7.39482827,171.03,23.53,-0.62,329.92,1,-79.00,-7.00,27.00,14.00,57.00,20.00,27771140,375
501.09,1544593813,11558.49,51.47554081,7.39465630,171.74,23.42,-0.11,330.10,1,-78.00,-8.00,22.00,12.00,60.00,20.00,27771140,375
502.09,1544593814,11581.91,51.47572200,7.39447751,172.15,23.40,-0.02,330.51,1,-78.00,-8.00,22.00,12.00,60.00,20.00,27771140,375
503.09,1544593815,11605.31,51.47590276,7.39430455,172.72,23.23,-0.17,330.04,1,-81.00,-8.00,21.00,15.00,57.00,20.00,27771140,375
504.10,1544593816,11628.61,51.47608040,7.39413233,173.13,22.82,-0.41,330.79,1,-81.00,-8.00,21.00,15.00,57.00,20.00,27771140,375
505.10,1544593817,11651.46,51.47626323,7.39397897,173.66,22.67,-0.15,332.33,1,-79.00,-7.00,25.00,15.00,59.00,20.00,27771140,375
506.10,1544593818,11674.15,51.47644783,7.39383466,174.03,22.41,-0.25,333.67,1,-79.00,-7.00,25.00,15.00,59.00,20.00,27771140,375
507.10,1544593819,11696.56,51.47662361,7.39369335,174.18,21.78,-0.64,334.58,1,-78.00,-8.00,24.00,15.00,61.00,20.00,27771140,375
508.10,1544593820,11718.33,51.47680309,7.39356555,174.53,21.28,-0.49,335.45,1,-78.00,-8.00,24.00,15.00,61.00,20.00,27771140,375
509.10,1544593821,11739.57,51.47697123,7.39344756,174.89,20.58,-0.70,336.45,1,-84.00,-8.00,21.00,7.00,53.00,20.00,27771140,375
510.09,1544593822,11760.09,51.47730999,7.39323472,175.36,19.47,-1.12,340.07,1,-84.00,-8.00,21.00,7.00,53.00,20.00,27771140,375
511.10,1544593823,11779.72,51.47730999,7.39323472,175.36,19.47,0.00,340.07,1,-83.00,-9.00,27.00,12.00,54.00,20.00,27771140,375
512.10,1544593824,11799.12,51.47747025,7.39314603,175.56,18.78,-0.69,342.62,1,-83.00,-9.00,27.00,12.00,54.00,20.00,27771140,375
513.10,1544593825,11817.87,51.47762641,7.39306855,175.65,18.14,-0.64,344.13,1,-86.00,-12.00,14.00,7.00,54.00,20.00,27771140,375
514.09,1544593826,11835.99,51.47777596,7.39301591,176.13,17.76,-0.39,347.59,1,-86.00,-12.00,14.00,7.00,54.00,20.00,27771140,375
515.10,1544593827,11853.78,51.47793890,7.39301464,176.35,17.44,-0.31,0.50,1,-81.00,-7.00,11.00,11.00,55.00,4.00,27771139,377
516.09,1544593828,11871.19,51.47808666,7.39302365,176.66,16.79,-0.65,3.01,1,-81.00,-7.00,11.00,11.00,55.00,4.00,27771139,377
517.10,1544593829,11888.13,51.47823546,7.39305459,177.35,16.63,-0.15,6.81,1,-85.00,-6.00,22.00,10.00,52.00,4.00,27771139,377
518.10,1544593830,11904.65,51.47837566,7.39310004,177.72,16.74,0.10,10.51,1,-85.00,-6.00,22.00,10.00,52.00,4.00,27771139,377
519.10,1544593831,11921.39,51.47851056,7.39320699,178.20,15.83,-0.91,25.40,1,-85.00,-6.00,22.00,10.00,52.00,4.00,27771139,377
520.09,1544593832,11937.15,51.47865143,7.39333052,179.28,15.65,-0.17,27.84,1,-79.00,-5.00,16.00,15.00,57.00,4.00,27771139,377
521.10,1544593833,11952.85,51.47878365,7.39346189,180.10,15.20,-0.45,30.56,1,-79.00,-5.00,16.00,15.00,57.00,4.00,27771139,377
522.10,1544593834,11968.05,51.47890072,7.39358648,181.09,14.17,-1.03,31.10,1,-86.00,-8.00,15.00,9.00,52.00,4.00,27771139,377
523.09,1544593835,11982.21,51.47900497,7.39369309,181.87,13.47,-0.70,29.50,1,-86.00,-8.00,15.00,9.00,52.00,4.00,27771139,377
524.09,1544593836,11995.65,51.47909786,7.39377376,182.64,12.20,-1.28,25.99,1,-84.00,-6.00,18.00,12.00,52.00,4.00,27771139,377
525.10,1544593837,12007.89,51.47919620,7.39380704,183.84,11.91,-0.28,8.75,1,-84.00,-6.00,18.00,12.00,52.00,4.00,27771139,377
526.10,1544593838,12019.81,51.47929818,7.39383150,184.75,12.02,0.11,5.46,1,-89.00,-5.00,13.00,10.00,49.00,4.00,27771139,377
527.10,1544593839,12031.84,51.47939535,7.39380611,185.46,11.72,-0.30,347.71,1,-89.00,-5.00,13.00,10.00,49.00,4.00,27771139,377
528.10,1544593840,12043.55,51.47949444,7.39377097,185.88,11.64,-0.08,345.10,1,-93.00,-8.00,6.00,10.00,46.00,4.00,27771139,377
529.10,1544593841,12055.20,51.47959127,7.39372251,185.90,11.37,-0.27,341.81,1,-93.00,-8.00,6.00,10.00,46.00,4.00,27771139,377
530.09,1544593842,12066.53,51.47968389,7.39366222,186.10,10.83,-0.55,338.94,1,-92.00,-9.00,23.00,10.00,46.00,4.00,27771139,377
531.10,1544593843,12077.40,51.47977484,7.39359492,186.11,10.37,-0.45,337.13,1,-92.00,-9.00,23.00,10.00,46.00,4.00,27771139,377
532.09,1544593844,12087.73,51.47986040,7.39353177,185.98,10.11,-0.26,336.64,1,-89.00,-9.00,7.00,6.00,47.00,13.00,28365058,223
533.09,1544593845,12097.86,51.47994211,7.39347014,186.14,9.91,-0.20,337.45,1,-89.00,-9.00,7.00,6.00,47.00,13.00,28365058,223
534.09,1544593846,12107.75,51.48002063,7.39342077,186.19,9.21,-0.69,341.21,1,-89.00,-8.00,9.00,10.00,49.00,5.00,27771139,377
535.10,1544593847,12117.01,51.48010333,7.39341892,186.14,8.80,-0.42,1.92,1,-89.00,-8.00,9.00,10.00,49.00,5.00,27771139,377
536.10,1544593848,12125.81,51.48019309,7.39345763,186.34,9.29,0.49,19.18,1,-87.00,-6.00,25.00,12.00,50.00,5.00,27771139,377
537.10,1544593849,12135.11,51.48027025,7.39353110,186.81,9.87,0.58,34.41,1,-87.00,-6.00,25.00,12.00,50.00,5.00,27771139,377
538.10,1544593850,12145.02,51.48032930,7.39364288,187.17,10.73,0.86,53.62,1,-84.00,-5.00,28.00,15.00,52.00,5.00,27771139,377
539.10,1544593851,12155.70,51.48038605,7.39377079,187.68,11.91,1.18,55.75,1,-84.00,-5.00,28.00,15.00,52.00,5.00,27771139,377
540.10,1544593852,12167.58,51.48044518,7.39391523,187.95,13.10,1.20,56.92,1,-84.00,-5.00,28.00,15.00,52.00,5.00,27771139,377
541.09,1544593853,12180.64,51.48051436,7.39408444,188.11,14.18,1.09,57.38,1,-86.00,-6.00,11.00,10.00,50.00,5.00,27771139,377
542.09,1544593854,12194.82,51.48058420,7.39426111,188.25,15.35,1.17,56.65,1,-86.00,-6.00,11.00,10.00,50.00,5.00,27771139,377
543.09,1544593855,12210.18,51.48065924,7.39444994,188.40,16.05,0.70,57.02,1,-83.00,-7.00,8.00,6.00,54.00,6.00,27771139,223
544.10,1544593856,12226.31,51.48073758,7.39465018,188.55,16.54,0.49,57.45,1,-83.00,-7.00,8.00,6.00,54.00,6.00,27771139,223
545.10,1544593857,12242.82,51.48081760,7.39486332,188.92,16.95,0.40,58.43,1,-84.00,-6.00,22.00,12.00,53.00,6.00,27771139,377
546.10,1544593858,12259.77,51.48089580,7.39507241,189.37,17.18,0.23,59.31,1,-84.00,-6.00,22.00,12.00,53.00,6.00,27771139,377
547.10,1544593859,12276.95,51.48097272,7.39528980,189.73,17.43,0.25,59.71,1,-84.00,-6.00,10.00,11.00,52.00,6.00,27771139,377
548.10,1544593860,12294.43,51.48105176,7.39550252,190.24,17.30,-0.13,60.18,1,-84.00,-6.00,10.00,11.00,52.00,6.00,27771139,377
549.10,1544593861,12311.68,51.48113029,7.39572035,190.63,17.34,0.04,59.84,1,-86.00,-6.00,13.00,10.00,51.00,6.00,27771139,377
550.10,1544593862,12329.03,51.48120898,7.39593924,190.96,17.63,0.29,60.70,1,-86.00,-6.00,13.00,10.00,51.00,6.00,27771139,377
551.10,1544593863,12346.69,51.48128667,7.39615973,191.18,17.08,-0.55,60.60,1,-86.00,-6.00,-4.00,11.00,49.00,6.00,27771139,377
552.10,1544593864,12363.76,51.48136208,7.39636755,191.51,16.65,-0.44,59.92,1,-86.00,-6.00,-4.00,11.00,49.00,6.00,27771139,377
553.09,1544593865,12380.36,51.48143799,7.39657569,191.86,16.46,-0.18,59.54,1,-88.00,-8.00,8.00,9.00,49.00,6.00,27771139,377
554.09,1544593866,12396.82,51.48151129,7.39677893,192.21,16.30,-0.17,59.11,1,-88.00,-8.00,8.00,9.00,49.00,6.00,27771139,377
555.09,1544593867,12413.13,51.48158558,7.39697577,192.44,16.08,-0.22,58.56,1,-84.00,-5.00,22.00,9.00,51.00,6.00,27771139,377
556.09,1544593868,12429.21,51.48166076,7.39717181,192.40,15.83,-0.25,57.76,1,-84.00,-5.00,22.00,9.00,51.00,6.00,27771139,377
557.10,1544593869,12445.05,51.48173758,7.39735422,192.25,15.25,-0.58,56.86,1,-85.00,-5.00,21.00,12.00,51.00,6.00,27771139,377
558.10,1544593870,12460.30,51.48181514,7.39753081,192.06,14.80,-0.45,55.89,1,-85.00,-5.00,21.00,12.00,51.00,6.00,27771139,377
559.10,1544593871,12475.19,51.48189512,7.39770241,191.88,14.54,-0.25,54.90,1,-78.00,-6.00,25.00,14.00,58.00,6.00,27771139,377
560.10,1544593872,12489.68,51.48197685,7.39786898,191.65,14.64,0.10,53.68,1,-78.00,-6.00,25.00,14.00,58.00,6.00,27771139,377
561.10,1544593873,12504.28,51.48206046,7.39803188,191.32,14.40,-0.25,52.42,1,-78.00,-6.00,25.00,14.00,58.00,6.00,27771139,377
562.10,1544593874,12518.70,51.48214572,7.39818921,191.01,14.07,-0.33,51.06,1,-76.00,-6.00,28.00,15.00,59.00,6.00,27771139,377
563.10,1544593875,12532.75,51.48223146,7.39833703,190.60,13.96,-0.11,49.16,1,-76.00,-6.00,28.00,15.00,59.00,6.00,27771139,377
564.10,1544593876,12546.73,51.48232170,7.39848049,190.36,13.56,-0.40,46.92,1,-78.00,-6.00,19.00,10.00,51.00,6.00,27771139,377
565.10,1544593877,12560.27,51.48240670,7.39860287,190.44,13.32,-0.24,44.60,1,-78.00,-6.00,19.00,10.00,51.00,6.00,27771139,377
566.10,1544593878,12573.60,51.48249650,7.39872199,190.58,13.08,-0.24,42.36,1,-85.00,-6.00,14.00,12.00,50.00,6.00,27771139,377
567.10,1544593879,12586.67,51.48259050,7.39883679,190.57,12.88,-0.20,40.55,1,-85.00,-6.00,14.00,12.00,50.00,6.00,27771139,377
568.10,1544593880,12599.55,51.48268310,7.39894627,190.75,12.49,-0.39,39.02,1,-87.00,-7.00,10.00,9.00,49.00,6.00,27771139,377
569.10,1544593881,12612.07,51.48277437,7.39905076,190.86,11.81,-0.68,37.51,1,-87.00,-7.00,10.00,9.00,49.00,6.00,27771139,377
570.10,1544593882,12623.88,51.48286931,7.39915445,190.96,12.90,1.09,35.82,1,-86.00,-7.00,13.00,11.00,50.00,6.00,27771139,377
571.10,1544593883,12636.75,51.48297646,7.39927040,191.01,14.13,1.23,35.06,1,-86.00,-7.00,13.00,11.00,50.00,6.00,27771139,377
572.09,1544593884,12650.84,51.48319394,7.39948968,191.82,14.42,0.29,33.91,1,-86.00,-6.00,12.00,8.00,48.00,6.00,27771139,377
573.09,1544593885,12665.26,51.48330540,7.39959934,191.89,14.53,0.11,33.82,1,-86.00,-6.00,12.00,8.00,48.00,6.00,27771139,377
574.10,1544593886,12679.85,51.48330540,7.39959934,191.89,14.53,0.00,33.82,1,-91.00,-7.00,8.00,12.00,43.00,6.00,27771139,377
575.09,1544593887,12694.33,51.48341695,7.39971078,191.86,14.83,0.30,33.89,1,-91.00,-7.00,8.00,12.00,43.00,6.00,27771139,377
576.10,1544593888,12709.25,51.48353258,7.39982835,191.79,15.14,0.31,34.34,1,-94.00,-8.00,5.00,11.00,43.00,6.00,27771139,377
577.10,1544593889,12724.35,51.48364716,7.39994969,191.89,15.33,0.19,34.93,1,-94.00,-8.00,5.00,11.00,43.00,6.00,27771139,377
578.10,1544593890,12739.71,51.48376703,7.40008323,192.22,15.63,0.30,35.68,1,-97.00,-10.00,2.00,9.00,42.00,9.00,28365058,377
579.10,1544593891,12755.35,51.48388317,7.40021631,192.44,15.96,0.32,36.05,1,-97.00,-10.00,2.00,9.00,42.00,9.00,28365058,377
580.10,1544593892,12771.26,51.48399702,7.40034864,192.29,15.96,0.00,36.62,1,-95.00,-7.00,11.00,12.00,41.00,9.00,28365058,223
581.09,1544593893,12787.20,51.48410679,7.40048752,192.25,15.57,-0.39,37.51,1,-95.00,-7.00,11.00,12.00,41.00,9.00,28365058,223
582.10,1544593894,12802.83,51.48431713,7.40076708,191.85,15.26,-0.31,39.12,1,-95.00,-8.00,9.00,7.00,41.00,9.00,28365058,223
583.09,1544593895,12818.01,51.48431713,7.40076708,191.85,15.26,0.00,39.12,1,-95.00,-8.00,9.00,7.00,41.00,9.00,28365058,223
584.10,1544593896,12833.31,51.48442310,7.40090882,191.42,15.25,-0.01,39.47,1,-95.00,-8.00,9.00,7.00,41.00,9.00,28365058,223
585.10,1544593897,12848.62,51.48452698,7.40106215,190.93,15.17,-0.07,40.40,1,-96.00,-8.00,6.00,10.00,39.00,9.00,28365058,223
586.10,1544593898,12863.77,51.48462613,7.40120477,190.57,15.02,-0.15,41.28,1,-96.00,-8.00,6.00,10.00,39.00,9.00,28365058,223
587.10,1544593899,12878.76,51.48472073,7.40135075,190.26,14.93,-0.09,42.09,1,-103.00,-8.00,7.00,10.00,34.00,9.00,28365058,223
588.10,1544593900,12893.71,51.48481931,7.40149958,190.12,14.70,-0.23,42.45,1,-103.00,-8.00,7.00,10.00,34.00,9.00,28365058,223
589.10,1544593901,12908.43,51.48491452,7.40164023,189.88,14.51,-0.19,41.96,1,-101.00,-9.00,6.00,7.00,38.00,9.00,28365058,223
590.10,1544593902,12922.89,51.48500657,7.40177725,189.60,14.40,-0.11,42.01,1,-101.00,-9.00,6.00,7.00,38.00,9.00,28365058,223
591.10,1544593903,12937.36,51.48510005,7.40191627,189.30,14.26,-0.14,42.86,1,-100.00,-8.00,5.00,6.00,38.00,9.00,28365058,223
592.10,1544593904,12951.61,51.48518867,7.40206090,188.80,13.99,-0.27,44.13,1,-100.00,-8.00,5.00,6.00,38.00,9.00,28365058,223
593.10,1544593905,12965.58,51.48527452,7.40220891,188.41,13.54,-0.45,45.61,1,-96.00,-8.00,5.00,10.00,39.00,9.00,28365058,223
594.10,1544593906,12979.12,51.48535226,7.40234882,187.68,12.27,-1.28,46.72,1,-96.00,-8.00,5.00,10.00,39.00,9.00,28365058,223
595.10,1544593907,12991.40,51.48542103,7.40247486,186.98,11.17,-1.09,47.62,1,-96.00,-9.00,3.00,3.00,39.00,9.00,28365058,223
596.10,1544593908,13002.56,51.48548244,7.40259164,186.39,9.55,-1.62,48.43,1,-96.00,-9.00,3.00,3.00,39.00,9.00,28365058,223
597.10,1544593909,13012.11,51.48553874,7.40269083,186.31,7.84,-1.71,49.13,1,-100.00,-8.00,8.00,11.00,35.00,9.00,28365058,223
598.10,1544593910,13019.95,51.48559241,7.40276385,186.35,7.44,-0.40,36.04,1,-100.00,-8.00,8.00,11.00,35.00,9.00,28365058,223
599.10,1544593911,13027.40,51.48565634,7.40278555,186.19,7.52,0.07,7.65,1,-88.00,-5.00,5.00,6.00,49.00,16.00,29391105,167
600.09,1544593912,13034.88,51.48571822,7.40276729,185.96,7.56,0.04,347.11,1,-88.00,-5.00,5.00,6.00,49.00,16.00,29391105,167
601.10,1544593913,13042.48,51.48577965,7.40272170,185.39,8.18,0.61,328.90,1,-100.00,-8.00,2.00,6.00,39.00,7.00,28365058,223
602.10,1544593914,13050.64,51.48584596,7.40265621,184.90,9.24,1.07,326.69,1,-100.00,-8.00,2.00,6.00,39.00,7.00,28365058,223
603.10,1544593915,13059.94,51.48590751,7.40258227,184.59,10.01,0.76,325.09,1,-98.00,-7.00,10.00,12.00,40.00,7.00,28365058,223
604.10,1544593916,13069.89,51.48598371,7.40249639,184.00,10.84,0.83,324.57,1,-98.00,-7.00,10.00,12.00,40.00,7.00,28365058,223
605.10,1544593917,13080.74,51.48606193,7.40240940,184.03,11.53,0.69,325.57,1,-98.00,-7.00,10.00,12.00,40.00,7.00,28365058,223
606.10,1544593918,13092.28,51.48615005,7.40231483,184.20,11.30,-0.22,326.52,1,-101.00,-10.00,6.00,8.00,38.00,7.00,28365058,223
607.09,1544593919,13103.53,51.48624566,7.40222435,184.34,11.38,0.08,328.26,1,-101.00,-10.00,6.00,8.00,38.00,7.00,28365058,223
608.10,1544593920,13114.94,51.48633493,7.40214847,184.37,11.77,0.38,330.11,1,-97.00,-9.00,2.00,6.00,40.00,14.00,33519104,128
609.10,1544593921,13126.70,51.48642857,7.40207242,184.12,12.21,0.44,332.26,1,-97.00,-9.00,2.00,6.00,40.00,14.00,33519104,128
610.09,1544593922,13138.88,51.48664796,7.40191188,184.29,12.82,0.62,336.80,1,-97.00,-9.00,2.00,6.00,40.00,14.00,33519104,128
611.10,1544593923,13151.73,51.48664796,7.40191188,184.29,12.82,0.00,336.80,1,-97.00,-9.00,2.00,6.00,40.00,14.00,33519104,128
612.10,1544593924,13164.54,51.48676246,7.40184187,184.54,13.32,0.49,339.05,1,-95.00,-8.00,5.00,11.00,43.00,14.00,33519104,128
613.09,1544593925,13177.84,51.48687409,7.40178759,184.64,13.54,0.23,341.84,1,-95.00,-8.00,5.00,11.00,43.00,14.00,33519104,128
614.10,1544593926,13191.44,51.48699175,7.40174905,184.06,13.48,-0.07,344.73,1,-96.00,-10.00,2.00,6.00,42.00,16.00,27771139,128
615.10,1544593927,13204.92,51.48712172,7.40171028,183.99,13.82,0.35,347.48,1,-96.00,-10.00,2.00,6.00,42.00,16.00,27771139,128
616.10,1544593928,13218.71,51.48724520,7.40169045,184.21,14.35,0.52,350.12,1,-86.00,-5.00,9.00,6.00,48.00,3.00,26385409,93
617.10,1544593929,13233.06,51.48737465,7.40167664,184.54,14.54,0.19,352.55,1,-86.00,-5.00,9.00,6.00,48.00,3.00,26385409,93
618.10,1544593930,13247.60,51.48750765,7.40167030,184.73,14.62,0.08,354.73,1,-83.00,-5.00,19.00,10.00,50.00,3.00,26385409,93
619.10,1544593931,13262.23,51.48764476,7.40167327,184.69,14.65,0.03,356.41,1,-83.00,-5.00,19.00,10.00,50.00,3.00,26385409,93
620.09,1544593932,13276.83,51.48791221,7.40168196,183.95,14.74,0.10,358.70,1,-88.00,-6.00,18.00,9.00,47.00,3.00,26385409,93
621.09,1544593933,13291.57,51.48804644,7.40168938,183.44,14.62,-0.13,359.47,1,-88.00,-6.00,18.00,9.00,47.00,3.00,26385409,93
622.09,1544593934,13306.19,51.48817735,7.40170069,182.92,14.53,-0.08,359.92,1,-85.00,-7.00,15.00,13.00,51.00,3.00,26385409,93
623.10,1544593935,13320.76,51.48817735,7.40170069,182.92,14.53,0.00,359.92,1,-85.00,-7.00,15.00,13.00,51.00,3.00,26385409,93
624.10,1544593936,13335.40,51.48830809,7.40171113,182.38,14.45,-0.08,0.89,1,-82.00,-6.00,24.00,15.00,52.00,3.00,26385409,93
625.10,1544593937,13349.72,51.48843051,7.40172046,181.97,14.37,-0.08,0.67,1,-82.00,-6.00,24.00,15.00,52.00,3.00,26385409,93
626.10,1544593938,13364.13,51.48855878,7.40172629,181.68,14.13,-0.24,0.28,1,-82.00,-6.00,24.00,15.00,52.00,3.00,26385409,93
627.10,1544593939,13378.33,51.48868859,7.40173494,181.33,13.73,-0.40,0.17,1,-83.00,-6.00,15.00,14.00,51.00,3.00,26385409,93
628.10,1544593940,13391.96,51.48880685,7.40173597,181.29,13.30,-0.44,359.88,1,-83.00,-6.00,15.00,14.00,51.00,3.00,26385409,93
629.10,1544593941,13405.26,51.48892134,7.40173999,181.20,12.29,-1.01,359.82,1,-84.00,-7.00,16.00,12.00,53.00,3.00,26385409,93
630.10,1544593942,13417.56,51.48902651,7.40174311,180.96,10.33,-1.95,359.73,1,-84.00,-7.00,16.00,12.00,53.00,3.00,26385409,93
631.09,1544593943,13427.85,51.48910886,7.40174306,180.82,8.24,-2.10,359.59,1,-80.00,-6.00,15.00,6.00,55.00,2.00,26385410,94
632.09,1544593944,13436.10,51.48922532,7.40174805,180.78,4.86,-3.38,359.79,1,-80.00,-6.00,15.00,6.00,55.00,2.00,26385410,94
633.10,1544593945,13440.97,51.48922532,7.40174805,180.78,4.86,0.00,359.79,1,-75.00,-7.00,22.00,15.00,62.00,2.00,26385410,94
634.10,1544593946,13445.82,51.48926284,7.40174708,180.76,2.90,-1.96,359.36,1,-75.00,-7.00,22.00,15.00,62.00,2.00,26385410,94
635.10,1544593947,13448.72,51.48926284,7.40174708,180.76,0.00,-2.90,359.36,1,-67.00,-5.00,40.00,12.00,63.00,2.00,26385410,94
636.10,1544593948,13448.72,51.48926284,7.40174708,180.77,0.00,0.00,359.36,1,-67.00,-5.00,40.00,12.00,63.00,2.00,26385410,94
637.10,1544593949,13448.72,51.48926284,7.40174708,180.78,0.00,0.00,359.36,1,-66.00,-5.00,40.00,15.00,63.00,2.00,26385410,94
638.10,1544593950,13448.72,51.48926284,7.40174708,180.79,0.00,0.00,359.36,1,-66.00,-5.00,40.00,15.00,63.00,2.00,26385410,94
639.10,1544593951,13448.72,51.48926284,7.40174708,180.79,0.00,0.00,359.36,1,-66.00,-5.00,40.00,15.00,63.00,2.00,26385410,94
640.09,1544593952,13448.72,51.48926284,7.40174708,180.82,0.00,0.00,359.36,1,-66.00,-5.00,40.00,15.00,63.00,2.00,26385410,94
641.09,1544593953,13448.72,51.48926284,7.40174708,180.83,0.00,0.00,359.36,1,-66.00,-5.00,26.00,15.00,63.00,2.00,26385410,94
642.09,1544593954,13448.72,51.48926284,7.40174708,180.85,0.00,0.00,359.36,1,-66.00,-5.00,26.00,15.00,63.00,2.00,26385410,94
643.10,1544593955,13448.72,51.48926284,7.40174708,180.85,0.00,0.00,359.36,1,-67.00,-5.00,40.00,13.00,63.00,2.00,26385410,94
644.09,1544593956,13448.72,51.48926284,7.40174708,180.87,0.00,0.00,359.36,1,-67.00,-5.00,40.00,13.00,63.00,2.00,26385410,94
645.10,1544593957,13448.72,51.48926284,7.40174708,180.88,0.00,0.00,359.36,1,-66.00,-5.00,40.00,13.00,63.00,2.00,26385410,94
646.10,1544593958,13448.72,51.48926284,7.40174708,180.90,0.00,0.00,359.36,1,-66.00,-5.00,40.00,13.00,63.00,2.00,26385410,94
647.10,1544593959,13448.72,51.48926284,7.40174708,180.92,0.00,0.00,359.36,1,-66.00,-5.00,40.00,13.00,63.00,2.00,26385410,94
648.10,1544593960,13448.72,51.48926284,7.40174708,180.94,0.00,0.00,359.36,1,-65.00,-5.00,40.00,13.00,63.00,2.00,26385410,94
649.10,1544593961,13448.72,51.48926284,7.40174708,180.96,0.00,0.00,359.36,1,-65.00,-5.00,40.00,13.00,63.00,2.00,26385410,94
650.09,1544593962,13448.72,51.48926284,7.40174708,181.00,0.00,0.00,359.36,1,-66.00,-5.00,40.00,13.00,63.00,2.00,26385410,94
651.09,1544593963,13448.72,51.48926284,7.40174708,181.00,0.00,0.00,359.36,1,-66.00,-5.00,40.00,13.00,63.00,2.00,26385410,94
652.10,1544593964,13448.72,51.48926284,7.40174708,181.02,0.00,0.00,359.36,1,-66.00,-6.00,30.00,13.00,63.00,2.00,26385410,94
653.10,1544593965,13448.72,51.48926284,7.40174708,181.04,0.00,0.00,359.36,1,-66.00,-6.00,30.00,13.00,63.00,2.00,26385410,94
654.10,1544593966,13448.72,51.48926284,7.40174708,181.06,0.00,0.00,359.36,1,-67.00,-5.00,33.00,14.00,63.00,2.00,26385410,94
655.10,1544593967,13448.72,51.48926284,7.40174708,181.09,0.00,0.00,359.36,1,-67.00,-5.00,33.00,14.00,63.00,2.00,26385410,94
656.09,1544593968,13448.72,51.48926284,7.40174708,181.12,0.00,0.00,359.36,1,-66.00,-6.00,40.00,15.00,63.00,2.00,26385410,94
657.10,1544593969,13448.72,51.48926284,7.40174708,181.15,0.00,0.00,359.36,1,-66.00,-6.00,40.00,15.00,63.00,2.00,26385410,94
658.10,1544593970,13448.72,51.48926284,7.40174708,181.18,0.00,0.00,359.36,1,-66.00,-5.00,40.00,14.00,63.00,2.00,26385410,94
659.10,1544593971,13448.72,51.48926284,7.40174708,181.20,0.00,0.00,359.36,1,-66.00,-5.00,40.00,14.00,63.00,2.00,26385410,94
660.10,1544593972,13448.72,51.48926284,7.40174708,181.23,0.00,0.00,359.36,1,-66.00,-5.00,39.00,13.00,63.00,2.00,26385410,94
661.10,1544593973,13448.72,51.48926284,7.40174708,181.25,0.00,0.00,359.36,1,-66.00,-5.00,39.00,13.00,63.00,2.00,26385410,94
662.10,1544593974,13448.72,51.48926284,7.40174708,181.28,0.00,0.00,359.36,1,-67.00,-5.00,30.00,13.00,63.00,2.00,26385410,94
663.10,1544593975,13448.72,51.48926284,7.40174708,181.30,0.00,0.00,359.36,1,-67.00,-5.00,30.00,13.00,63.00,2.00,26385410,94
664.10,1544593976,13448.72,51.48926284,7.40174708,181.33,0.00,0.00,359.36,1,-67.00,-5.00,34.00,13.00,63.00,2.00,26385410,94
665.10,1544593977,13448.72,51.48926284,7.40174708,181.35,0.00,0.00,359.36,1,-67.00,-5.00,34.00,13.00,63.00,2.00,26385410,94
666.10,1544593978,13448.72,51.48926284,7.40174708,181.56,0.00,0.00,2.74,1,-68.00,-6.00,38.00,13.00,63.00,2.00,26385410,94
667.10,1544593979,13448.72,51.48933582,7.40174295,183.26,0.00,0.00,1.81,1,-68.00,-6.00,38.00,13.00,63.00,2.00,26385410,94
668.09,1544593980,13448.72,51.48939482,7.40177840,184.22,4.72,0.00,23.99,1,-68.00,-6.00,38.00,13.00,63.00,2.00,26385410,94
669.10,1544593981,13453.46,51.48942632,7.40183095,185.24,5.63,0.91,48.18,1,-72.00,-6.00,17.00,13.00,63.00,2.00,26385410,94
670.10,1544593982,13459.08,51.48945356,7.40193904,186.18,7.30,1.67,73.51,1,-72.00,-6.00,17.00,13.00,63.00,2.00,26385410,94
671.09,1544593983,13466.36,51.48947529,7.40208251,186.11,8.22,0.92,77.54,1,-70.00,-7.00,26.00,14.00,63.00,2.00,26385410,94
672.09,1544593984,13474.59,51.48947805,7.40221060,185.65,9.69,1.47,81.10,1,-70.00,-7.00,26.00,14.00,63.00,2.00,26385410,94
673.10,1544593985,13484.30,51.48948306,7.40237885,184.71,11.19,1.50,84.47,1,-68.00,-6.00,28.00,15.00,63.00,2.00,26385410,94
674.10,1544593986,13495.49,51.48947956,7.40254801,184.08,12.02,0.82,86.22,1,-68.00,-6.00,28.00,15.00,63.00,2.00,26385410,94
675.10,1544593987,13507.51,51.48947493,7.40272503,183.56,12.67,0.66,87.52,1,-72.00,-5.00,30.00,13.00,63.00,2.00,26385410,94
676.10,1544593988,13520.19,51.48946895,7.40291848,183.29,13.48,0.80,88.81,1,-72.00,-5.00,30.00,13.00,63.00,2.00,26385410,94
677.10,1544593989,13533.68,51.48946444,7.40312915,182.89,13.76,0.28,89.46,1,-73.00,-5.00,24.00,14.00,63.00,2.00,26385410,94
678.10,1544593990,13547.48,51.48945822,7.40332097,182.64,13.32,-0.44,89.81,1,-73.00,-5.00,24.00,14.00,63.00,2.00,26385410,94
679.10,1544593991,13560.76,51.48945165,7.40350714,182.39,13.10,-0.22,90.35,1,-73.00,-6.00,26.00,14.00,62.00,2.00,26385410,94
680.09,1544593992,13573.80,51.48944180,7.40390059,182.18,12.70,-0.40,91.26,1,-73.00,-6.00,26.00,14.00,62.00,2.00,26385410,94
681.09,1544593993,13586.50,51.48943543,7.40406465,182.09,12.67,-0.03,91.30,1,-73.00,-7.00,18.00,12.00,63.00,2.00,26385410,94
682.10,1544593994,13599.21,51.48942711,7.40424759,181.86,12.70,0.03,91.13,1,-73.00,-7.00,18.00,12.00,63.00,2.00,26385410,94
683.10,1544593995,13611.91,51.48942711,7.40424759,181.86,12.70,0.00,91.13,1,-79.00,-9.00,18.00,12.00,59.00,2.00,26385410,94
684.10,1544593996,13624.65,51.48942119,7.40442480,181.60,12.84,0.14,90.75,1,-79.00,-9.00,18.00,12.00,59.00,2.00,26385410,94
685.10,1544593997,13637.44,51.48941638,7.40460708,181.50,12.94,0.10,90.77,1,-71.00,-6.00,12.00,6.00,63.00,1.00,26385408,95
686.10,1544593998,13650.39,51.48941134,7.40478967,181.35,12.98,0.05,90.42,1,-71.00,-6.00,12.00,6.00,63.00,1.00,26385408,95
687.10,1544593999,13663.47,51.48941033,7.40497254,181.26,12.66,-0.32,89.72,1,-74.00,-7.00,10.00,14.00,63.00,1.00,26385408,95
688.10,1544594000,13676.06,51.48941046,7.40516871,181.19,12.45,-0.21,89.17,1,-74.00,-7.00,10.00,14.00,63.00,1.00,26385408,95
689.10,1544594001,13688.48,51.48941505,7.40535220,181.15,12.26,-0.19,88.16,1,-74.00,-7.00,10.00,14.00,63.00,1.00,26385408,95
690.10,1544594002,13700.74,51.48942272,7.40552430,180.98,12.35,0.09,86.54,1,-73.00,-6.00,26.00,12.00,63.00,1.00,26385408,95
691.09,1544594003,13713.06,51.48943486,7.40569382,180.97,11.91,-0.44,84.44,1,-73.00,-6.00,26.00,12.00,63.00,1.00,26385408,95
692.10,1544594004,13724.99,51.48944929,7.40586946,181.03,12.30,0.39,83.61,1,-75.00,-6.00,20.00,11.00,62.00,1.00,26385408,95
693.09,1544594005,13737.28,51.48946837,7.40603061,180.43,12.32,0.02,81.68,1,-75.00,-6.00,20.00,11.00,62.00,1.00,26385408,95
694.10,1544594006,13749.63,51.48949296,7.40623247,180.20,12.79,0.47,80.23,1,-74.00,-6.00,25.00,14.00,60.00,1.00,26385408,95
695.10,1544594007,13762.41,51.48951977,7.40642013,180.39,13.15,0.36,79.12,1,-74.00,-6.00,25.00,14.00,60.00,1.00,26385408,95
696.10,1544594008,13775.57,51.48954318,7.40658506,180.14,12.85,-0.30,78.21,1,-75.00,-5.00,22.00,12.00,60.00,1.00,26385408,95
697.10,1544594009,13788.43,51.48957200,7.40677658,179.73,12.93,0.08,77.32,1,-75.00,-5.00,22.00,12.00,60.00,1.00,26385408,95
698.10,1544594010,13801.35,51.48960200,7.40696409,180.08,12.98,0.05,76.89,1,-73.00,-6.00,23.00,12.00,63.00,1.00,26385408,95
699.10,1544594011,13814.33,51.48962926,7.40715850,180.81,12.86,-0.12,77.23,1,-73.00,-6.00,23.00,12.00,63.00,1.00,26385408,95
700.09,1544594012,13827.16,51.48968368,7.40752429,184.00,12.59,-0.27,78.05,1,-77.00,-5.00,17.00,12.00,60.00,1.00,26385408,95
701.10,1544594013,13839.82,51.48968368,7.40752429,184.00,12.59,0.00,78.05,1,-77.00,-5.00,17.00,12.00,60.00,1.00,26385408,95
702.10,1544594014,13852.36,51.48970879,7.40770292,185.29,13.12,0.53,77.22,1,-77.00,-6.00,19.00,12.00,59.00,1.00,26385408,95
703.09,1544594015,13865.45,51.48973426,7.40788640,186.09,13.24,0.12,77.68,1,-77.00,-6.00,19.00,12.00,59.00,1.00,26385408,95
704.10,1544594016,13878.73,51.48976038,7.40807219,187.03,13.32,0.08,78.15,1,-79.00,-5.00,21.00,11.00,56.00,1.00,26385408,95
705.10,1544594017,13892.05,51.48978500,7.40825950,187.88,13.47,0.15,78.26,1,-79.00,-5.00,21.00,11.00,56.00,1.00,26385408,95
706.10,1544594018,13905.54,51.48981121,7.40844799,188.57,13.43,-0.03,78.04,1,-80.00,-6.00,24.00,11.00,55.00,1.00,26385408,95
707.10,1544594019,13918.95,51.48983726,7.40864639,189.29,13.55,0.11,77.65,1,-80.00,-6.00,24.00,11.00,55.00,1.00,26385408,95
708.10,1544594020,13932.48,51.48986273,7.40883215,189.67,13.68,0.14,77.25,1,-77.00,-6.00,23.00,15.00,57.00,1.00,26385408,95
709.10,1544594021,13946.16,51.48988849,7.40902915,190.40,13.82,0.14,76.75,1,-77.00,-6.00,23.00,15.00,57.00,1.00,26385408,95
710.09,1544594022,13959.94,51.48994024,7.40941950,191.61,13.85,0.03,78.19,1,-76.00,-5.00,26.00,1.00,58.00,1.00,26385408,95
711.10,1544594023,13973.83,51.48994024,7.40941950,191.61,13.85,0.00,78.19,1,-76.00,-5.00,26.00,1.00,58.00,1.00,26385408,95
712.10,1544594024,13987.73,51.48996587,7.40960832,191.39,13.99,0.14,77.86,1,-78.00,-5.00,27.00,14.00,56.00,1.00,26385408,95
713.09,1544594025,14001.63,51.49001820,7.40999789,189.82,13.67,-0.32,78.09,1,-78.00,-5.00,27.00,14.00,56.00,1.00,26385408,95
714.11,1544594026,14015.51,51.49001820,7.40999789,189.82,13.67,0.00,78.09,1,-82.00,-5.00,23.00,10.00,53.00,1.00,26385408,95
715.10,1544594027,14029.04,51.49004238,7.41019788,189.09,13.33,-0.35,78.42,1,-82.00,-5.00,23.00,10.00,53.00,1.00,26385408,95
716.10,1544594028,14042.39,51.49006500,7.41037678,188.20,13.09,-0.25,78.51,1,-82.00,-5.00,23.00,10.00,53.00,1.00,26385408,95
717.10,1544594029,14055.45,51.49009013,7.41056904,187.26,13.01,-0.08,78.07,1,-82.00,-5.00,22.00,11.00,54.00,1.00,26385408,95
718.10,1544594030,14068.46,51.49011246,7.41074002,186.38,12.85,-0.16,78.59,1,-82.00,-5.00,22.00,11.00,54.00,1.00,26385408,95
719.10,1544594031,14081.30,51.49013545,7.41091470,185.17,12.74,-0.11,77.67,1,-84.00,-6.00,25.00,10.00,52.00,1.00,26385408,95
720.10,1544594032,14094.05,51.49015942,7.41110749,184.30,12.99,0.25,78.53,1,-84.00,-6.00,25.00,10.00,52.00,1.00,26385408,95
721.10,1544594033,14107.03,51.49018412,7.41129780,183.28,13.24,0.25,77.67,1,-85.00,-5.00,20.00,1.00,49.00,1.00,26385408,95
722.09,1544594034,14120.23,51.49021202,7.41148545,182.66,12.99,-0.24,76.74,1,-85.00,-5.00,20.00,1.00,49.00,1.00,26385408,95
723.09,1544594035,14133.22,51.49023733,7.41164544,181.66,12.36,-0.63,77.53,1,-85.00,-7.00,20.00,14.00,51.00,1.00,26385408,95
