0.02,1545283536,0.00,51.45011008,7.48822806,251.64,8.40,0.00,173.70,nan,nan,nan,nan,nan,nan,nan,nan,nan
1.02,1545283537,8.38,51.45003391,7.48825230,252.16,8.81,0.41,171.56,nan,nan,nan,nan,nan,nan,nan,nan,nan
2.02,1545283538,17.23,51.44995145,7.48827473,252.72,9.61,0.80,170.14,nan,nan,nan,nan,nan,nan,nan,nan,nan
3.02,1545283539,26.84,51.44985534,7.48830209,253.04,10.15,0.53,169.42,nan,nan,nan,nan,nan,nan,nan,nan,nan
4.02,1545283540,36.99,51.44976835,7.48833423,253.17,10.42,0.27,170.15,nan,nan,nan,nan,nan,nan,nan,nan,nan
5.03,1545283541,47.51,51.44967034,7.48836519,253.31,11.17,0.74,170.66,nan,nan,nan,nan,nan,nan,nan,nan,nan
6.02,1545283542,58.56,51.44958758,7.48838611,253.27,11.45,0.28,172.13,nan,nan,nan,nan,nan,nan,nan,nan,nan
7.02,1545283543,70.01,51.44949394,7.48840306,253.05,12.34,0.89,173.18,nan,nan,nan,nan,nan,nan,nan,nan,nan
8.02,1545283544,82.35,51.44939027,7.48842064,252.76,12.00,-0.34,174.90,nan,nan,nan,nan,nan,nan,nan,nan,nan
9.02,1545283545,94.34,51.44927342,7.48842955,252.80,11.85,-0.15,176.26,nan,nan,nan,nan,nan,nan,nan,nan,nan
10.02,1545283546,106.19,51.44916694,7.48843504,253.32,11.97,0.13,177.89,nan,nan,nan,nan,nan,nan,nan,nan,nan
10.73,1545283547,114.62,51.44905182,7.48842921,253.71,12.96,1.40,180.14,nan,nan,nan,nan,nan,nan,nan,nan,nan
11.72,1545283548,127.55,51.44893437,7.48841567,253.82,13.18,0.22,182.73,1,-95.00,-6.00,16.00,2.00,39.00,10.00,12918809,429
12.72,1545283549,140.74,51.44881820,7.48839192,253.96,13.15,-0.02,184.83,1,-95.00,-6.00,16.00,2.00,39.00,10.00,12918809,429
13.72,1545283550,153.89,51.44869403,7.48836042,254.06,12.69,-0.47,186.84,1,-97.00,-7.00,14.00,14.00,36.00,10.00,12918809,429
14.72,1545283551,166.58,51.44857908,7.48831598,254.48,13.11,0.42,189.52,1,-97.00,-7.00,14.00,14.00,36.00,10.00,12918809,429
15.72,1545283552,179.69,51.44846573,7.48826595,255.00,13.52,0.41,192.10,1,-97.00,-6.00,15.00,14.00,33.00,10.00,12918809,429
16.72,1545283553,193.19,51.44834732,7.48821100,255.21,13.58,0.07,193.69,1,-97.00,-6.00,15.00,14.00,33.00,10.00,12918809,429
17.72,1545283554,206.77,51.44822375,7.48815645,255.01,13.29,-0.29,194.47,1,-99.00,-7.00,25.00,9.00,33.00,10.00,12918809,429
18.72,1545283555,220.08,51.44809591,7.48809924,254.66,13.42,0.13,193.88,1,-99.00,-7.00,25.00,9.00,33.00,10.00,12918809,429
19.73,1545283556,233.51,51.44797560,7.48804093,254.30,13.46,0.04,193.36,1,-99.00,-6.00,19.00,10.00,32.00,10.00,12918809,429
20.73,1545283557,247.00,51.44786519,7.48799746,254.20,13.39,-0.07,192.56,1,-99.00,-6.00,19.00,10.00,32.00,10.00,12918809,429
21.72,1545283558,260.32,51.44774248,7.48796065,253.79,12.60,-0.79,190.45,1,-98.00,-7.00,17.00,11.00,34.00,10.00,12918809,429
22.72,1545283559,272.91,51.44762676,7.48792758,253.51,12.46,-0.14,188.54,1,-98.00,-7.00,17.00,11.00,34.00,10.00,12918809,429
23.72,1545283560,285.41,51.44751156,7.48789865,254.06,12.76,0.29,187.63,1,-96.00,-6.00,15.00,10.00,37.00,10.00,12918809,429
24.72,1545283561,298.17,51.44738829,7.48787930,254.70,12.57,-0.19,185.79,1,-96.00,-6.00,15.00,10.00,37.00,10.00,12918809,429
25.73,1545283562,310.81,51.44725834,7.48786909,255.39,13.02,0.44,184.15,1,-94.00,-6.00,16.00,10.00,37.00,10.00,12918809,429
26.72,1545283563,323.76,51.44713083,7.48787374,256.20,13.63,0.61,181.03,1,-94.00,-6.00,16.00,10.00,37.00,10.00,12918809,429
27.72,1545283564,337.38,51.44700418,7.48790206,257.05,14.14,0.51,177.23,1,-94.00,-6.00,16.00,10.00,37.00,10.00,12918809,429
28.72,1545283565,351.50,51.44688878,7.48794796,257.50,14.04,-0.10,173.67,1,-99.00,-6.00,14.00,15.00,33.00,10.00,12918809,429
29.73,1545283566,365.57,51.44675806,7.48800422,257.95,14.23,0.20,169.80,1,-99.00,-6.00,14.00,15.00,33.00,10.00,12918809,429
30.72,1545283567,379.79,51.44662718,7.48807251,258.23,14.46,0.23,166.39,1,-95.00,-6.00,12.00,10.00,36.00,10.00,12918809,429
31.73,1545283568,394.26,51.44649143,7.48815518,258.58,14.48,0.02,162.83,1,-95.00,-6.00,12.00,10.00,36.00,10.00,12918809,429
32.72,1545283569,408.73,51.44637181,7.48824302,259.07,14.55,0.07,159.62,1,-96.00,-7.00,15.00,11.00,38.00,10.00,12918809,429
33.72,1545283570,423.25,51.44625948,7.48834260,259.80,14.23,-0.32,156.58,1,-96.00,-7.00,15.00,11.00,38.00,10.00,12918809,429
34.72,1545283571,437.51,51.44615185,7.48845227,260.58,14.03,-0.20,153.40,1,-94.00,-6.00,17.00,12.00,37.00,10.00,12918809,429
35.72,1545283572,451.54,51.44603322,7.48858151,261.42,14.23,0.20,150.24,1,-94.00,-6.00,17.00,12.00,37.00,10.00,12918809,429
36.72,1545283573,465.76,51.44592306,7.48871966,261.80,14.49,0.26,146.46,1,-93.00,-6.00,21.00,12.00,38.00,10.00,12918809,429
37.72,1545283574,480.26,51.44582180,7.48886568,261.80,15.04,0.55,142.74,1,-93.00,-6.00,21.00,12.00,38.00,10.00,12918809,429
38.72,1545283575,495.30,51.44572754,7.48903024,261.55,15.11,0.07,139.36,1,-96.00,-6.00,22.00,13.00,35.00,10.00,12918809,429
39.72,1545283576,510.41,51.44563622,7.48920175,261.38,14.95,-0.15,136.46,1,-96.00,-6.00,22.00,13.00,35.00,10.00,12918809,429
40.73,1545283577,525.39,51.44554291,7.48938056,261.40,15.44,0.49,133.97,1,-97.00,-6.00,14.00,12.00,35.00,10.00,12918809,429
41.72,1545283578,540.73,51.44545622,7.48956555,261.56,15.51,0.06,131.84,1,-97.00,-6.00,14.00,12.00,35.00,10.00,12918809,429
42.72,1545283579,556.28,51.44537262,7.48975439,261.83,15.88,0.37,130.58,1,-97.00,-11.00,13.00,14.00,41.00,10.00,12918809,429
43.72,1545283580,572.14,51.44529231,7.48993769,262.22,15.60,-0.27,129.38,1,-97.00,-11.00,13.00,14.00,41.00,10.00,12918809,429
44.72,1545283581,587.79,51.44521346,7.49012087,262.70,15.28,-0.33,128.57,1,-100.00,-6.00,11.00,9.00,31.00,10.00,12918809,429
45.72,1545283582,603.07,51.44513982,7.49030068,263.07,14.83,-0.45,127.96,1,-100.00,-6.00,11.00,9.00,31.00,10.00,12918809,429
46.73,1545283583,618.00,51.44506333,7.49047864,263.82,14.95,0.13,128.95,1,-100.00,-7.00,11.00,9.00,33.00,10.00,12918809,429
47.72,1545283584,632.83,51.44499318,7.49064602,264.46,13.74,-1.22,127.86,1,-100.00,-7.00,11.00,9.00,33.00,10.00,12918809,429
48.72,1545283585,646.59,51.44492151,7.49081257,265.18,14.05,0.31,128.53,1,-100.00,-7.00,11.00,9.00,33.00,10.00,12918809,429
49.72,1545283586,660.62,51.44486175,7.49095697,265.39,12.63,-1.42,127.80,1,-97.00,-6.00,11.00,13.00,34.00,10.00,12918809,429
50.72,1545283587,673.27,51.44481551,7.49107136,265.84,9.59,-3.04,126.91,1,-97.00,-6.00,11.00,13.00,34.00,10.00,12918809,429
51.73,1545283588,682.87,51.44477574,7.49117319,266.41,8.37,-1.22,127.43,1,-99.00,-7.00,13.00,12.00,33.00,10.00,12918809,429
52.72,1545283589,691.22,51.44473676,7.49126822,267.29,6.88,-1.49,126.99,1,-99.00,-7.00,13.00,12.00,33.00,10.00,12918809,429
53.72,1545283590,698.11,51.44470341,7.49135281,268.26,5.26,-1.63,126.62,1,-101.00,-7.00,13.00,11.00,31.00,10.00,12918809,429
54.72,1545283591,703.37,51.44467435,7.49142429,269.32,4.65,-0.61,127.06,1,-101.00,-7.00,13.00,11.00,31.00,10.00,12918809,429
55.72,1545283592,708.02,51.44465113,7.49148510,270.26,4.62,-0.04,127.86,1,-102.00,-7.00,10.00,8.00,31.00,10.00,12918809,429
56.72,1545283593,712.63,51.44462490,7.49154348,271.15,5.04,0.43,129.18,1,-102.00,-7.00,10.00,8.00,31.00,10.00,12918809,429
57.72,1545283594,717.68,51.44459471,7.49160774,272.19,6.38,1.33,128.47,1,-102.00,-7.00,9.00,15.00,31.00,10.00,12918809,429
58.72,1545283595,724.05,51.44455868,7.49168362,273.11,6.40,0.03,129.16,1,-102.00,-7.00,9.00,15.00,31.00,10.00,12918809,429
59.72,1545283596,730.45,51.44450245,7.49172706,274.14,6.44,0.03,158.89,1,-100.00,-7.00,14.00,10.00,33.00,10.00,12918809,429
60.72,1545283597,736.88,51.44444820,7.49173383,274.61,6.01,-0.42,183.22,1,-100.00,-7.00,14.00,10.00,33.00,10.00,12918809,429
61.72,1545283598,742.89,51.44439600,7.49169526,274.65,7.26,1.25,210.19,1,-90.00,-6.00,18.00,15.00,42.00,10.00,12918809,429
62.72,1545283599,750.15,51.44433547,7.49163231,274.90,8.68,1.42,212.04,1,-90.00,-6.00,18.00,15.00,42.00,10.00,12918809,429
63.72,1545283600,758.85,51.44427160,7.49155679,274.94,9.22,0.54,213.29,1,-88.00,-11.00,18.00,14.00,48.00,10.00,12918809,429
64.73,1545283601,768.09,51.44419363,7.49147006,274.93,10.85,1.62,214.16,1,-88.00,-11.00,18.00,14.00,48.00,10.00,12918809,429
65.72,1545283602,778.91,51.44410832,7.49136912,274.78,11.54,0.70,214.58,1,-87.00,-6.00,26.00,15.00,44.00,10.00,12918809,429
66.72,1545283603,790.45,51.44402003,7.49126488,274.73,11.77,0.23,214.83,1,-87.00,-6.00,26.00,15.00,44.00,10.00,12918809,429
67.73,1545283604,802.32,51.44392094,7.49115003,274.78,13.59,1.81,214.77,1,-81.00,-5.00,17.00,15.00,50.00,10.00,12918809,429
68.72,1545283605,815.82,51.44381808,7.49102762,274.82,14.40,0.81,215.76,1,-81.00,-5.00,17.00,15.00,50.00,10.00,12918809,429
69.73,1545283606,830.26,51.44370930,7.49090114,275.04,15.26,0.85,215.91,1,-81.00,-5.00,17.00,15.00,50.00,10.00,12918809,429
70.72,1545283607,845.44,51.44359753,7.49076972,275.27,15.86,0.61,216.33,1,-76.00,-6.00,16.00,15.00,53.00,10.00,12918809,429
71.72,1545283608,861.29,51.44347085,7.49062121,275.48,16.60,0.74,216.36,1,-76.00,-6.00,16.00,15.00,53.00,10.00,12918809,429
72.72,1545283609,877.94,51.44334366,7.49047170,275.49,17.10,0.50,216.42,1,-73.00,-7.00,27.00,13.00,60.00,10.00,12918809,429
73.72,1545283610,895.04,51.44322410,7.49032891,275.62,17.60,0.50,216.61,1,-73.00,-7.00,27.00,13.00,60.00,10.00,12918809,429
74.72,1545283611,912.64,51.44309221,7.49017005,275.48,18.04,0.44,216.43,1,-90.00,-6.00,19.00,10.00,43.00,10.00,12918809,429
75.72,1545283612,930.68,51.44296898,7.49002224,275.41,17.99,-0.06,216.51,1,-90.00,-6.00,19.00,10.00,43.00,10.00,12918809,429
76.72,1545283613,948.67,51.44283986,7.48987261,275.06,17.65,-0.34,216.33,1,-84.00,-7.00,26.00,12.00,48.00,10.00,12918809,429
77.72,1545283614,966.32,51.44270674,7.48972046,274.59,17.60,-0.05,215.61,1,-84.00,-7.00,26.00,12.00,48.00,10.00,12918809,429
78.72,1545283615,983.91,51.44259460,7.48958836,274.11,16.60,-1.00,216.39,1,-82.00,-7.00,14.00,11.00,51.00,10.00,12918809,429
79.72,1545283616,1000.46,51.44248360,7.48945188,273.83,16.35,-0.25,216.82,1,-82.00,-7.00,14.00,11.00,51.00,10.00,12918809,429
80.72,1545283617,1016.81,51.44236910,7.48931413,273.32,16.02,-0.33,216.54,1,-81.00,-6.00,25.00,13.00,49.00,10.00,12918809,429
81.72,1545283618,1032.83,51.44225837,7.48918118,273.13,15.54,-0.48,217.37,1,-81.00,-6.00,25.00,13.00,49.00,10.00,12918809,429
82.72,1545283619,1048.41,51.44214358,7.48903596,273.65,15.46,-0.08,218.18,1,-84.00,-9.00,18.00,12.00,50.00,10.00,12918809,429
83.72,1545283620,1063.84,51.44202925,7.48888593,274.16,15.17,-0.29,218.77,1,-84.00,-9.00,18.00,12.00,50.00,10.00,12918809,429
84.72,1545283621,1079.04,51.44192010,7.48873278,274.03,15.24,0.07,219.87,1,-78.00,-7.00,14.00,14.00,56.00,10.00,12918809,429
85.72,1545283622,1094.28,51.44181426,7.48857262,273.82,15.27,0.03,222.71,1,-78.00,-7.00,14.00,14.00,56.00,10.00,12918809,429
86.72,1545283623,1109.55,51.44171107,7.48840251,273.64,15.39,0.12,224.38,1,-76.00,-8.00,17.00,11.00,58.00,10.00,12918809,429
87.73,1545283624,1124.96,51.44161903,7.48823782,273.35,15.20,-0.19,226.84,1,-76.00,-8.00,17.00,11.00,58.00,10.00,12918809,429
88.73,1545283625,1140.27,51.44153428,7.48806940,273.78,15.34,0.13,228.43,1,-79.00,-9.00,9.00,9.00,58.00,2.00,12918810,429
89.73,1545283626,1155.51,51.44145013,7.48789025,274.23,15.39,0.06,229.64,1,-79.00,-9.00,9.00,9.00,58.00,2.00,12918810,429
90.72,1545283627,1170.85,51.44135808,7.48770219,274.68,15.80,0.41,230.59,1,-79.00,-9.00,9.00,9.00,58.00,2.00,12918810,429
91.72,1545283628,1186.66,51.44127585,7.48751967,275.70,15.95,0.15,231.45,1,-79.00,-5.00,20.00,15.00,53.00,2.00,12918810,431
92.72,1545283629,1202.63,51.44119513,7.48734157,276.96,16.11,0.16,231.89,1,-79.00,-5.00,20.00,15.00,53.00,2.00,12918810,431
93.72,1545283630,1218.74,51.44110894,7.48714760,278.26,16.68,0.57,232.73,1,-75.00,-5.00,25.00,15.00,54.00,2.00,12918810,431
94.72,1545283631,1235.40,51.44102201,7.48695187,279.45,16.60,-0.08,232.51,1,-75.00,-5.00,25.00,15.00,54.00,2.00,12918810,431
95.72,1545283632,1252.01,51.44093492,7.48676255,280.06,16.64,0.05,232.83,1,-78.00,-5.00,21.00,15.00,54.00,2.00,12918810,431
96.72,1545283633,1268.65,51.44084360,7.48656220,280.34,16.55,-0.10,232.50,1,-78.00,-5.00,21.00,15.00,54.00,2.00,12918810,431
97.72,1545283634,1285.19,51.44075950,7.48637733,280.70,16.49,-0.06,232.98,1,-75.00,-6.00,24.00,15.00,56.00,2.00,12918810,431
98.72,1545283635,1301.67,51.44067092,7.48618364,280.83,16.11,-0.37,233.38,1,-75.00,-6.00,24.00,15.00,56.00,2.00,12918810,431
99.73,1545283636,1317.82,51.44058041,7.48598769,281.00,16.46,0.35,233.29,1,-77.00,-6.00,23.00,15.00,54.00,2.00,12918810,431
100.73,1545283637,1334.40,51.44048995,7.48579167,281.58,16.68,0.21,232.84,1,-77.00,-6.00,23.00,15.00,54.00,2.00,12918810,431
101.72,1545283638,1350.89,51.44039704,7.48558676,282.53,16.68,0.01,232.75,1,-76.00,-9.00,17.00,10.00,57.00,2.00,12918810,431
102.72,1545283639,1367.59,51.44030476,7.48539240,283.72,16.75,0.07,233.32,1,-76.00,-9.00,17.00,10.00,57.00,2.00,12918810,431
103.72,1545283640,1384.33,51.44021544,7.48520052,284.73,16.37,-0.39,233.04,1,-83.00,-13.00,12.00,15.00,56.00,3.00,12918811,431
104.73,1545283641,1400.76,51.44012764,7.48501237,285.18,16.22,-0.15,233.21,1,-83.00,-13.00,12.00,15.00,56.00,3.00,12918811,431
105.73,1545283642,1416.98,51.44003989,7.48482011,285.11,16.38,0.17,232.66,1,-80.00,-6.00,20.00,14.00,53.00,3.00,12918811,430
106.73,1545283643,1433.36,51.43994907,7.48463969,284.94,16.28,-0.11,232.87,1,-80.00,-6.00,20.00,14.00,53.00,3.00,12918811,430
107.72,1545283644,1449.62,51.43985823,7.48444908,284.51,16.17,-0.11,232.10,1,-78.00,-6.00,33.00,15.00,54.00,3.00,12918811,430
108.72,1545283645,1465.80,51.43977174,7.48427145,284.27,15.83,-0.34,231.71,1,-78.00,-6.00,33.00,15.00,54.00,3.00,12918811,430
109.73,1545283646,1481.75,51.43967840,7.48408185,284.18,15.96,0.13,231.66,1,-76.00,-6.00,28.00,15.00,56.00,3.00,12918811,430
110.72,1545283647,1497.59,51.43959159,7.48389618,284.74,16.42,0.46,232.66,1,-76.00,-6.00,28.00,15.00,56.00,3.00,12918811,430
111.72,1545283648,1513.97,51.43950855,7.48371612,285.42,15.53,-0.90,233.24,1,-76.00,-6.00,28.00,15.00,56.00,3.00,12918811,430
112.72,1545283649,1529.49,51.43942684,7.48352585,285.93,15.57,0.04,234.84,1,-76.00,-6.00,27.00,15.00,53.00,3.00,12918811,430
113.72,1545283650,1545.06,51.43934301,7.48332277,286.50,15.77,0.20,236.19,1,-76.00,-6.00,27.00,15.00,53.00,3.00,12918811,430
114.72,1545283651,1560.84,51.43926727,7.48312337,287.02,15.62,-0.16,237.43,1,-76.00,-11.00,23.00,15.00,57.00,3.00,12918811,430
115.72,1545283652,1576.50,51.43919913,7.48293796,287.54,15.05,-0.57,238.30,1,-76.00,-11.00,23.00,15.00,57.00,3.00,12918811,430
116.72,1545283653,1591.53,51.43912560,7.48274122,288.48,15.63,0.58,238.84,1,-83.00,-6.00,36.00,15.00,47.00,3.00,12918811,430
117.72,1545283654,1607.16,51.43904797,7.48252275,289.44,16.23,0.60,239.32,1,-83.00,-6.00,36.00,15.00,47.00,3.00,12918811,430
118.72,1545283655,1623.38,51.43897442,7.48230352,289.45,16.37,0.15,240.34,1,-91.00,-6.00,32.00,11.00,38.00,3.00,12918811,430
119.73,1545283656,1639.79,51.43890267,7.48209360,289.74,16.51,0.13,240.90,1,-91.00,-6.00,32.00,11.00,38.00,3.00,12918811,430
120.73,1545283657,1656.30,51.43882955,7.48187171,290.18,16.43,-0.08,241.24,1,-96.00,-6.00,18.00,15.00,34.00,3.00,12918811,430
121.72,1545283658,1672.68,51.43874942,7.48163567,290.22,16.65,0.22,241.01,1,-96.00,-6.00,18.00,15.00,34.00,3.00,12918811,430
122.72,1545283659,1689.34,51.43867446,7.48141581,290.02,17.02,0.37,240.17,1,-97.00,-11.00,14.00,9.00,36.00,3.00,12918811,430
123.72,1545283660,1706.32,51.43860052,7.48119127,290.20,16.93,-0.09,239.87,1,-97.00,-11.00,14.00,9.00,36.00,3.00,12918811,430
124.72,1545283661,1723.25,51.43852498,7.48096996,290.51,16.98,0.06,240.63,1,-103.00,-11.00,12.00,9.00,34.00,3.00,12918811,430
125.72,1545283662,1740.29,51.43844777,7.48074540,290.37,17.01,0.02,240.30,1,-103.00,-11.00,12.00,9.00,34.00,3.00,12918811,430
126.72,1545283663,1757.30,51.43837523,7.48052638,290.20,16.87,-0.13,239.40,1,-102.00,-6.00,10.00,7.00,29.00,3.00,12918811,430
127.72,1545283664,1774.17,51.43830351,7.48031769,290.06,17.02,0.14,239.97,1,-102.00,-6.00,10.00,7.00,29.00,3.00,12918811,430
128.73,1545283665,1791.21,51.43822733,7.48009918,288.93,17.08,0.06,240.36,1,-106.00,-8.00,16.00,7.00,27.00,3.00,12918811,430
129.73,1545283666,1808.30,51.43815837,7.47989472,288.10,16.43,-0.65,240.95,1,-106.00,-8.00,16.00,7.00,27.00,3.00,12918811,430
130.73,1545283667,1824.83,51.43808940,7.47969553,287.52,16.12,-0.31,241.54,1,-106.00,-8.00,2.00,9.00,24.00,3.00,12918811,430
131.73,1545283668,1840.83,51.43802376,7.47949334,287.47,16.61,0.50,241.89,1,-106.00,-8.00,2.00,9.00,24.00,3.00,12918811,430
132.73,1545283669,1857.45,51.43795467,7.47928182,287.33,16.26,-0.35,241.87,1,-106.00,-8.00,2.00,9.00,24.00,3.00,12918811,430
133.73,1545283670,1873.71,51.43788119,7.47906422,287.09,16.16,-0.10,241.59,1,-108.00,-12.00,0.00,6.00,27.00,3.00,12918811,430
134.73,1545283671,1889.87,51.43780893,7.47885207,287.37,14.84,-1.32,241.89,1,-108.00,-12.00,0.00,6.00,27.00,3.00,12918811,430
135.73,1545283672,1904.73,51.43773544,7.47863742,287.16,15.93,1.09,242.37,1,-110.00,-13.00,0.00,6.00,28.00,3.00,12918811,430
136.72,1545283673,1920.58,51.43766450,7.47842288,286.95,16.02,0.09,242.55,1,-110.00,-13.00,0.00,6.00,28.00,3.00,12918811,430
137.73,1545283674,1936.68,51.43759693,7.47821471,286.88,14.99,-1.02,241.95,1,-110.00,-13.00,1.00,5.00,28.00,3.00,12918811,430
138.72,1545283675,1951.62,51.43753481,7.47802319,287.19,15.01,0.03,241.58,1,-110.00,-13.00,1.00,5.00,28.00,3.00,12918811,430
139.73,1545283676,1966.71,51.43747881,7.47784344,287.30,14.39,-0.62,241.68,1,-112.00,-13.00,0.00,6.00,26.00,3.00,12918811,430
140.73,1545283677,1981.11,51.43742385,7.47767102,287.01,13.54,-0.85,242.34,1,-112.00,-13.00,0.00,6.00,26.00,3.00,12918811,430
141.73,1545283678,1994.66,51.43737079,7.47750226,287.70,13.36,-0.18,242.79,1,-113.00,-13.00,-1.00,7.00,25.00,3.00,12918811,430
142.73,1545283679,2008.00,51.43731589,7.47733008,288.01,12.97,-0.40,243.35,1,-113.00,-13.00,-1.00,7.00,25.00,3.00,12918811,430
143.73,1545283680,2020.99,51.43725721,7.47713151,287.84,12.98,0.01,243.92,1,-112.00,-11.00,-1.00,7.00,24.00,3.00,12918811,430
144.73,1545283681,2033.95,51.43721529,7.47696242,288.17,12.33,-0.65,246.53,1,-112.00,-11.00,-1.00,7.00,24.00,3.00,12918811,430
145.73,1545283682,2046.26,51.43718344,7.47680368,288.72,12.05,-0.28,250.00,1,-111.00,-9.00,1.00,5.00,23.00,3.00,12918811,430
146.73,1545283683,2058.31,51.43717110,7.47662526,288.64,11.41,-0.64,263.12,1,-111.00,-9.00,1.00,5.00,23.00,3.00,12918811,430
147.73,1545283684,2069.70,51.43718190,7.47646801,288.97,9.22,-2.20,277.47,1,-108.00,-8.00,3.00,6.00,26.00,3.00,12918811,430
148.72,1545283685,2078.91,51.43720900,7.47633338,289.29,8.77,-0.45,290.03,1,-108.00,-8.00,3.00,6.00,26.00,3.00,12918811,430
149.74,1545283686,2087.85,51.43724236,7.47620697,289.47,7.83,-0.93,294.12,1,-103.00,-7.00,11.00,4.00,30.00,3.00,12918811,430
150.72,1545283687,2095.53,51.43730775,7.47614105,289.93,7.28,-0.56,327.01,1,-103.00,-7.00,11.00,4.00,30.00,3.00,12918811,430
151.74,1545283688,2102.90,51.43739055,7.47613170,290.51,7.76,0.48,357.49,1,-100.00,-7.00,14.00,11.00,32.00,3.00,12918811,430
152.73,1545283689,2110.58,51.43747677,7.47617653,290.76,9.09,1.34,21.67,1,-100.00,-7.00,14.00,11.00,32.00,3.00,12918811,430
153.72,1545283690,2119.65,51.43755828,7.47627659,290.79,10.12,1.03,42.47,1,-100.00,-7.00,14.00,11.00,32.00,3.00,12918811,430
154.72,1545283691,2129.76,51.43762258,7.47637705,290.57,10.69,0.57,45.95,1,-96.00,-7.00,15.00,14.00,36.00,3.00,12918811,430
155.72,1545283692,2140.45,51.43770439,7.47652246,290.40,11.59,0.91,48.58,1,-96.00,-7.00,15.00,14.00,36.00,3.00,12918811,430
156.72,1545283693,2152.06,51.43778317,7.47666679,290.05,12.93,1.34,50.10,1,-88.00,-5.00,23.00,14.00,44.00,3.00,12918811,430
157.72,1545283694,2164.98,51.43786832,7.47682835,289.71,13.98,1.05,51.00,1,-88.00,-5.00,23.00,14.00,44.00,3.00,12918811,430
158.72,1545283695,2178.97,51.43794585,7.47698783,289.67,14.83,0.85,52.21,1,-88.00,-6.00,24.00,11.00,44.00,3.00,12918811,430
159.72,1545283696,2193.79,51.43803499,7.47718190,290.06,15.83,1.00,53.38,1,-88.00,-6.00,24.00,11.00,44.00,3.00,12918811,430
160.72,1545283697,2209.63,51.43812116,7.47738160,290.26,16.82,1.00,54.12,1,-84.00,-6.00,24.00,15.00,48.00,3.00,12918811,430
161.73,1545283698,2226.47,51.43820758,7.47759207,290.27,17.74,0.92,54.79,1,-84.00,-6.00,24.00,15.00,48.00,3.00,12918811,430
162.72,1545283699,2244.14,51.43829305,7.47780901,290.48,18.71,0.97,55.61,1,-81.00,-6.00,27.00,12.00,53.00,3.00,12918811,430
163.72,1545283700,2262.87,51.43838164,7.47803926,290.90,19.41,0.70,56.18,1,-81.00,-6.00,27.00,12.00,53.00,3.00,12918811,430
164.72,1545283701,2282.32,51.43847679,7.47827752,290.89,20.02,0.61,56.61,1,-85.00,-5.00,26.00,15.00,48.00,3.00,12918811,430
165.72,1545283702,2302.34,51.43857538,7.47853128,290.74,20.41,0.39,57.21,1,-85.00,-5.00,26.00,15.00,48.00,3.00,12918811,430
166.72,1545283703,2322.74,51.43867694,7.47879017,290.66,21.64,1.23,56.92,1,-90.00,-5.00,25.00,15.00,42.00,3.00,12918811,430
167.72,1545283704,2344.36,51.43878150,7.47905835,290.83,21.62,-0.02,57.42,1,-90.00,-5.00,25.00,15.00,42.00,3.00,12918811,430
168.72,1545283705,2365.98,51.43888100,7.47931519,290.99,21.29,-0.33,56.85,1,-95.00,-6.00,21.00,12.00,38.00,3.00,12918811,430
169.73,1545283706,2387.33,51.43898078,7.47957100,291.11,21.19,-0.10,56.79,1,-95.00,-6.00,21.00,12.00,38.00,3.00,12918811,430
170.72,1545283707,2408.45,51.43908291,7.47982841,290.78,20.70,-0.49,57.40,1,-95.00,-6.00,23.00,12.00,37.00,3.00,12918811,430
171.72,1545283708,2429.09,51.43918309,7.48007877,290.09,20.87,0.18,57.42,1,-95.00,-6.00,23.00,12.00,37.00,3.00,12918811,430
172.74,1545283709,2450.30,51.43928849,7.48033640,289.30,20.98,0.10,56.66,1,-96.00,-6.00,21.00,12.00,36.00,3.00,12918811,430
173.72,1545283710,2470.96,51.43939687,7.48059823,288.40,21.08,0.11,56.72,1,-96.00,-6.00,21.00,12.00,36.00,3.00,12918811,430
174.72,1545283711,2492.11,51.43951025,7.48085041,287.67,21.65,0.56,54.95,1,-96.00,-6.00,21.00,12.00,36.00,3.00,12918811,430
175.73,1545283712,2513.78,51.43963430,7.48111179,286.92,22.01,0.36,53.41,1,-93.00,-6.00,19.00,11.00,39.00,3.00,12918811,430
176.72,1545283713,2535.75,51.43975688,7.48136801,286.30,22.05,0.04,53.61,1,-93.00,-6.00,19.00,11.00,39.00,3.00,12918811,430
177.72,1545283714,2557.82,51.43988055,7.48162547,285.88,22.25,0.20,52.71,1,-91.00,-6.00,18.00,13.00,41.00,3.00,12918811,430
178.72,1545283715,2580.08,51.44001118,7.48186512,285.38,22.08,-0.17,49.82,1,-91.00,-6.00,18.00,13.00,41.00,3.00,12918811,430
179.72,1545283716,2602.16,51.44014328,7.48209406,284.58,21.71,-0.38,48.12,1,-88.00,-6.00,22.00,7.00,44.00,3.00,12918811,430
180.72,1545283717,2623.80,51.44028538,7.48232790,283.78,22.25,0.54,46.45,1,-88.00,-6.00,22.00,7.00,44.00,3.00,12918811,430
181.72,1545283718,2646.05,51.44043674,7.48254283,282.98,22.19,-0.06,41.96,1,-85.00,-7.00,23.00,15.00,48.00,3.00,12918811,430
182.73,1545283719,2668.35,51.44059241,7.48275779,282.32,22.49,0.30,41.55,1,-85.00,-7.00,23.00,15.00,48.00,3.00,12918811,430
183.72,1545283720,2690.78,51.44075342,7.48296914,282.10,22.86,0.37,40.37,1,-84.00,-9.00,21.00,15.00,51.00,3.00,12918811,430
184.72,1545283721,2713.66,51.44091222,7.48317153,281.76,22.99,0.12,39.25,1,-84.00,-9.00,21.00,15.00,51.00,3.00,12918811,430
185.72,1545283722,2736.63,51.44107568,7.48337237,281.40,23.44,0.46,38.45,1,-79.00,-6.00,22.00,15.00,52.00,3.00,12918811,430
186.72,1545283723,2760.09,51.44124932,7.48356679,281.07,23.93,0.49,36.21,1,-79.00,-6.00,22.00,15.00,52.00,3.00,12918811,430
187.72,1545283724,2784.03,51.44142933,7.48376484,280.72,24.19,0.25,34.56,1,-77.00,-5.00,25.00,15.00,55.00,3.00,12918811,430
188.72,1545283725,2808.19,51.44162088,7.48395688,280.25,24.27,0.08,32.27,1,-77.00,-5.00,25.00,15.00,55.00,3.00,12918811,430
189.72,1545283726,2832.48,51.44180771,7.48412528,279.65,24.00,-0.27,30.39,1,-78.00,-6.00,25.00,15.00,53.00,3.00,12918811,430
190.72,1545283727,2856.48,51.44199490,7.48428513,279.00,23.83,-0.17,28.88,1,-78.00,-6.00,25.00,15.00,53.00,3.00,12918811,430
191.72,1545283728,2880.29,51.44218184,7.48444038,278.32,23.55,-0.28,27.78,1,-79.00,-7.00,21.00,15.00,55.00,3.00,12918811,430
192.72,1545283729,2903.82,51.44236516,7.48458821,277.56,23.41,-0.14,26.48,1,-79.00,-7.00,21.00,15.00,55.00,3.00,12918811,430
193.73,1545283730,2927.32,51.44255649,7.48474024,277.01,23.38,-0.02,25.85,1,-77.00,-9.00,18.00,15.00,56.00,3.00,12918811,430
194.72,1545283731,2950.58,51.44274620,7.48488245,276.47,23.32,-0.07,25.26,1,-77.00,-9.00,18.00,15.00,56.00,3.00,12918811,430
195.73,1545283732,2973.99,51.44293554,7.48502373,275.95,23.21,-0.10,24.86,1,-77.00,-9.00,18.00,15.00,56.00,3.00,12918811,430
196.72,1545283733,2997.18,51.44312760,7.48515991,275.55,23.10,-0.11,23.82,1,-74.00,-7.00,14.00,11.00,59.00,3.00,12918811,430
197.72,1545283734,3020.28,51.44331368,7.48528897,275.08,22.68,-0.43,23.55,1,-74.00,-7.00,14.00,11.00,59.00,3.00,12918811,430
198.72,1545283735,3042.96,51.44349555,7.48541832,274.70,22.49,-0.18,23.50,1,-85.00,-10.00,2.00,10.00,51.00,2.00,12918809,430
199.73,1545283736,3065.61,51.44366692,7.48553838,274.26,20.58,-1.90,22.89,1,-85.00,-10.00,2.00,10.00,51.00,2.00,12918809,430
200.72,1545283737,3086.05,51.44383061,7.48564376,273.74,19.48,-1.11,22.14,1,-71.00,-5.00,29.00,15.00,60.00,2.00,12918809,429
201.72,1545283738,3105.51,51.44398525,7.48574449,273.20,18.35,-1.13,21.33,1,-71.00,-5.00,29.00,15.00,60.00,2.00,12918809,429
202.73,1545283739,3123.93,51.44413646,7.48583761,272.63,18.03,-0.33,20.61,1,-72.00,-6.00,28.00,15.00,57.00,2.00,12918809,429
203.72,1545283740,3141.89,51.44427532,7.48592635,271.93,16.13,-1.91,21.65,1,-72.00,-6.00,28.00,15.00,57.00,2.00,12918809,429
204.72,1545283741,3158.02,51.44440781,7.48602250,271.24,15.02,-1.11,24.58,1,-71.00,-5.00,26.00,15.00,59.00,2.00,12918809,429
205.72,1545283742,3173.05,51.44452326,7.48615527,270.39,14.37,-0.65,37.49,1,-71.00,-5.00,26.00,15.00,59.00,2.00,12918809,429
206.72,1545283743,3187.40,51.44461147,7.48627469,269.57,13.37,-1.00,40.87,1,-75.00,-5.00,32.00,15.00,54.00,2.00,12918809,429
207.72,1545283744,3200.79,51.44466127,7.48643168,268.97,13.09,-0.28,62.77,1,-75.00,-5.00,32.00,15.00,54.00,2.00,12918809,429
208.72,1545283745,3213.88,51.44471391,7.48661366,268.45,13.17,0.08,66.76,1,-78.00,-5.00,29.00,15.00,53.00,2.00,12918809,429
209.72,1545283746,3227.05,51.44471318,7.48680294,268.22,13.13,-0.05,90.97,1,-78.00,-5.00,29.00,15.00,53.00,2.00,12918809,429
210.72,1545283747,3240.18,51.44469122,7.48698776,268.42,13.30,0.17,104.51,1,-79.00,-5.00,27.00,15.00,52.00,2.00,12918809,429
211.72,1545283748,3253.44,51.44463885,7.48716496,268.27,13.20,-0.10,119.32,1,-79.00,-5.00,27.00,15.00,52.00,2.00,12918809,429
212.72,1545283749,3266.64,51.44455816,7.48731300,267.76,13.36,0.17,132.58,1,-74.00,-5.00,30.00,15.00,57.00,2.00,12918809,429
213.72,1545283750,3280.03,51.44445803,7.48742253,267.58,13.15,-0.21,147.64,1,-74.00,-5.00,30.00,15.00,57.00,2.00,12918809,429
214.73,1545283751,3293.28,51.44434642,7.48749215,267.32,13.30,0.15,160.56,1,-63.00,-5.00,34.00,15.00,63.00,2.00,12918809,429
215.72,1545283752,3306.50,51.44423196,7.48751839,267.19,13.53,0.23,175.12,1,-63.00,-5.00,34.00,15.00,63.00,2.00,12918809,429
216.72,1545283753,3320.03,51.44411812,7.48749546,267.01,13.52,-0.01,191.62,1,-63.00,-5.00,34.00,15.00,63.00,2.00,12918809,429
217.72,1545283754,3333.53,51.44400025,7.48741985,266.72,13.53,0.01,206.07,1,-63.00,-4.00,32.00,15.00,63.00,2.00,12918809,429
218.72,1545283755,3347.06,51.44391537,7.48730869,265.88,13.87,0.34,221.73,1,-63.00,-4.00,32.00,15.00,63.00,2.00,12918809,429
219.72,1545283756,3360.93,51.44383183,7.48718361,265.10,12.56,-1.31,225.47,1,-67.00,-5.00,34.00,15.00,63.00,2.00,12918809,429
220.73,1545283757,3373.52,51.44379421,7.48698984,264.42,13.94,1.38,254.08,1,-67.00,-5.00,34.00,15.00,63.00,2.00,12918809,429
221.72,1545283758,3387.42,51.44376518,7.48678363,263.80,14.33,0.39,257.18,1,-71.00,-5.00,30.00,15.00,61.00,2.00,12918809,429
222.72,1545283759,3401.73,51.44374398,7.48657327,263.19,15.19,0.86,260.58,1,-71.00,-5.00,30.00,15.00,61.00,2.00,12918809,429
223.72,1545283760,3416.96,51.44372951,7.48635341,262.86,16.02,0.83,263.44,1,-78.00,-6.00,29.00,15.00,54.00,2.00,12918809,429
224.72,1545283761,3432.99,51.44371971,7.48611016,262.67,16.93,0.91,265.08,1,-78.00,-6.00,29.00,15.00,54.00,2.00,12918809,429
225.72,1545283762,3449.90,51.44371247,7.48585666,262.77,17.66,0.73,266.09,1,-78.00,-5.00,32.00,15.00,54.00,2.00,12918809,429
226.72,1545283763,3467.58,51.44370514,7.48559988,262.70,17.77,0.11,266.67,1,-78.00,-5.00,32.00,15.00,54.00,2.00,12918809,429
227.72,1545283764,3485.33,51.44369546,7.48532176,263.58,17.72,-0.05,266.17,1,-87.00,-6.00,25.00,15.00,44.00,2.00,12918809,429
228.72,1545283765,3503.05,51.44368664,7.48506947,264.24,17.76,0.04,266.37,1,-87.00,-6.00,25.00,15.00,44.00,2.00,12918809,429
229.72,1545283766,3520.83,51.44368012,7.48478298,264.49,20.60,2.84,267.13,1,-85.00,-7.00,25.00,12.00,48.00,2.00,12918809,429
230.73,1545283767,3541.47,51.44367835,7.48448789,264.36,21.63,1.03,267.77,1,-85.00,-7.00,25.00,12.00,48.00,2.00,12918809,429
231.72,1545283768,3563.01,51.44367941,7.48412288,264.13,22.85,1.22,268.71,1,-77.00,-7.00,16.00,15.00,54.00,2.00,12918809,429
232.72,1545283769,3585.81,51.44368199,7.48378583,263.98,23.52,0.67,268.72,1,-77.00,-7.00,16.00,15.00,54.00,2.00,12918809,429
233.72,1545283770,3609.38,51.44368580,7.48343761,263.87,24.29,0.77,268.35,1,-79.00,-11.00,16.00,10.00,56.00,2.00,12918809,429
234.72,1545283771,3633.72,51.44368396,7.48308404,263.69,25.14,0.85,267.48,1,-79.00,-11.00,16.00,10.00,56.00,2.00,12918809,429
235.73,1545283772,3659.06,51.44367725,7.48271078,263.66,25.35,0.21,267.53,1,-89.00,-10.00,10.00,9.00,46.00,2.00,12918809,429
236.72,1545283773,3684.21,51.44366904,7.48232666,263.59,26.47,1.12,267.00,1,-89.00,-10.00,10.00,9.00,46.00,2.00,12918809,429
237.73,1545283774,3710.73,51.44365970,7.48194758,263.59,26.34,-0.12,266.94,1,-89.00,-10.00,10.00,9.00,46.00,2.00,12918809,429
238.72,1545283775,3737.02,51.44364992,7.48157677,263.55,25.75,-0.60,266.67,1,-88.00,-7.00,10.00,6.00,44.00,4.00,12918811,430
239.73,1545283776,3762.80,51.44363542,7.48121563,263.61,25.32,-0.42,266.25,1,-88.00,-7.00,10.00,6.00,44.00,4.00,12918811,430
240.72,1545283777,3788.07,51.44362216,7.48085813,263.16,25.35,0.03,265.90,1,-91.00,-7.00,23.00,9.00,42.00,4.00,12918811,430
241.72,1545283778,3813.40,51.44360102,7.48050355,262.61,24.79,-0.56,264.26,1,-91.00,-7.00,23.00,9.00,42.00,4.00,12918811,430
242.72,1545283779,3838.19,51.44357829,7.48014376,262.08,24.79,-0.00,263.65,1,-89.00,-12.00,20.00,11.00,48.00,4.00,12918811,430
243.72,1545283780,3863.03,51.44355208,7.47979062,261.45,25.15,0.36,263.11,1,-89.00,-12.00,20.00,11.00,48.00,4.00,12918811,430
244.72,1545283781,3888.18,51.44352267,7.47942220,260.98,25.59,0.44,262.45,1,-86.00,-6.00,21.00,12.00,45.00,4.00,12918811,430
245.72,1545283782,3913.77,51.44349203,7.47904488,260.68,26.23,0.64,262.62,1,-86.00,-6.00,21.00,12.00,45.00,4.00,12918811,430
246.72,1545283783,3940.00,51.44346070,7.47866424,260.65,26.75,0.52,262.54,1,-84.00,-6.00,22.00,11.00,46.00,4.00,12918811,430
247.72,1545283784,3966.72,51.44342869,7.47827565,260.72,27.37,0.62,262.69,1,-84.00,-6.00,22.00,11.00,46.00,4.00,12918811,430
248.72,1545283785,3994.12,51.44339621,7.47788106,260.74,27.87,0.50,262.48,1,-85.00,-6.00,20.00,12.00,47.00,4.00,12918811,430
249.72,1545283786,4021.99,51.44336320,7.47747721,260.69,28.46,0.59,262.26,1,-85.00,-6.00,20.00,12.00,47.00,4.00,12918811,430
250.73,1545283787,4050.48,51.44332497,7.47707184,260.57,28.37,-0.09,261.85,1,-85.00,-5.00,9.00,11.00,46.00,4.00,12918811,430
251.72,1545283788,4078.77,51.44328720,7.47667004,260.33,28.11,-0.26,261.31,1,-85.00,-5.00,9.00,11.00,46.00,4.00,12918811,430
252.72,1545283789,4106.85,51.44325046,7.47627256,260.02,28.04,-0.07,261.27,1,-77.00,-7.00,19.00,14.00,55.00,4.00,12918811,430
253.72,1545283790,4134.92,51.44320930,7.47587662,259.60,27.84,-0.20,260.68,1,-77.00,-7.00,19.00,14.00,55.00,4.00,12918811,430
254.72,1545283791,4162.81,51.44316872,7.47548318,259.14,27.73,-0.11,260.35,1,-75.00,-5.00,24.00,15.00,53.00,4.00,12918811,430
255.73,1545283792,4190.60,51.44312349,7.47508973,258.61,27.76,0.03,259.64,1,-75.00,-5.00,24.00,15.00,53.00,4.00,12918811,430
256.73,1545283793,4218.49,51.44307735,7.47469419,258.04,27.96,0.20,259.15,1,-92.00,-6.00,23.00,11.00,38.00,4.00,12918811,430
257.72,1545283794,4246.22,51.44303073,7.47429157,257.38,28.27,0.32,258.81,1,-92.00,-6.00,23.00,11.00,38.00,4.00,12918811,430
258.72,1545283795,4274.52,51.44298282,7.47388725,256.70,28.56,0.29,258.77,1,-92.00,-6.00,23.00,11.00,38.00,4.00,12918811,430
259.72,1545283796,4303.08,51.44292935,7.47347906,255.97,29.01,0.45,258.46,1,-99.00,-8.00,5.00,12.00,33.00,4.00,12918811,430
260.73,1545283797,4332.16,51.44287738,7.47307776,255.38,29.54,0.52,258.02,1,-99.00,-8.00,5.00,12.00,33.00,4.00,12918811,430
261.72,1545283798,4361.63,51.44282377,7.47265942,254.79,30.27,0.74,257.50,1,-100.00,-7.00,7.00,11.00,32.00,4.00,12918811,430
262.72,1545283799,4391.91,51.44276789,7.47222560,253.99,30.85,0.58,257.70,1,-100.00,-7.00,7.00,11.00,32.00,4.00,12918811,430
263.72,1545283800,4422.76,51.44271069,7.47178139,252.81,31.72,0.87,258.26,1,-104.00,-9.00,5.00,7.00,30.00,4.00,12918811,430
264.73,1545283801,4454.51,51.44265119,7.47132707,251.92,32.67,0.95,258.39,1,-104.00,-9.00,5.00,7.00,30.00,4.00,12918811,430
265.73,1545283802,4487.19,51.44259061,7.47087055,251.28,33.09,0.42,258.63,1,-106.00,-7.00,5.00,7.00,26.00,4.00,12918811,430
266.73,1545283803,4520.28,51.44253000,7.47040841,250.56,32.65,-0.44,258.16,1,-106.00,-7.00,5.00,7.00,26.00,4.00,12918811,430
267.73,1545283804,4553.00,51.44246947,7.46995107,250.01,32.12,-0.54,258.42,1,-109.00,-11.00,4.00,5.00,28.00,4.00,12918811,430
268.73,1545283805,4585.14,51.44240823,7.46949954,248.92,32.37,0.26,258.23,1,-109.00,-11.00,4.00,5.00,28.00,4.00,12918811,430
269.72,1545283806,4617.32,51.44234605,7.46904391,247.59,32.68,0.31,258.66,1,-106.00,-11.00,3.00,7.00,30.00,4.00,12918811,430
270.73,1545283807,4650.11,51.44228635,7.46859294,246.10,32.70,0.02,258.61,1,-106.00,-11.00,3.00,7.00,30.00,4.00,12918811,430
271.73,1545283808,4682.84,51.44222715,7.46813492,244.68,33.02,0.32,258.79,1,-108.00,-9.00,3.00,6.00,27.00,4.00,12918811,430
272.73,1545283809,4715.82,51.44216703,7.46767106,243.10,32.99,-0.03,258.77,1,-108.00,-9.00,3.00,6.00,27.00,4.00,12918811,430
273.73,1545283810,4748.87,51.44210829,7.46721107,241.56,32.60,-0.39,259.13,1,-111.00,-11.00,-1.00,6.00,25.00,4.00,12918811,430
274.73,1545283811,4781.51,51.44205119,7.46674941,240.05,32.57,-0.03,258.98,1,-111.00,-11.00,-1.00,6.00,25.00,4.00,12918811,430
275.73,1545283812,4814.11,51.44200067,7.46629334,238.73,32.21,-0.37,259.63,1,-104.00,-12.00,-3.00,7.00,30.00,12.00,12935170,448
276.73,1545283813,4846.35,51.44195035,7.46582410,237.72,32.19,-0.01,259.97,1,-104.00,-12.00,-3.00,7.00,30.00,12.00,12935170,448
277.74,1545283814,4878.80,51.44190070,7.46536493,236.89,32.03,-0.16,260.52,1,-101.00,-13.00,0.00,7.00,39.00,12.00,12935170,448
278.73,1545283815,4910.55,51.44185818,7.46491037,236.19,31.82,-0.21,260.91,1,-101.00,-13.00,0.00,7.00,39.00,12.00,12935170,448
279.73,1545283816,4942.40,51.44181722,7.46446424,235.55,31.58,-0.25,261.67,1,-101.00,-13.00,0.00,7.00,39.00,12.00,12935170,448
280.73,1545283817,4973.89,51.44178106,7.46401360,235.05,31.51,-0.07,262.19,1,-102.00,-14.00,0.00,6.00,37.00,12.00,12935170,448
281.72,1545283818,5005.30,51.44174527,7.46356647,234.70,31.26,-0.25,262.86,1,-102.00,-14.00,0.00,6.00,37.00,12.00,12935170,448
282.74,1545283819,5037.09,51.44171520,7.46311855,234.38,31.35,0.09,263.41,1,-103.00,-14.00,1.00,6.00,36.00,12.00,12935170,448
283.73,1545283820,5068.03,51.44168421,7.46267074,234.26,31.60,0.25,264.15,1,-103.00,-14.00,1.00,6.00,36.00,12.00,12935170,448
284.72,1545283821,5099.50,51.44165872,7.46221531,234.23,31.78,0.19,264.84,1,-101.00,-13.00,0.00,5.00,37.00,12.00,12935170,448
285.73,1545283822,5131.38,51.44163316,7.46175667,234.22,32.12,0.33,265.06,1,-101.00,-13.00,0.00,5.00,37.00,12.00,12935170,448
286.73,1545283823,5163.57,51.44160761,7.46129343,234.17,32.46,0.34,265.76,1,-99.00,-12.00,0.00,7.00,39.00,12.00,12935170,448
287.73,1545283824,5196.06,51.44158839,7.46082255,234.13,32.86,0.40,266.33,1,-99.00,-12.00,0.00,7.00,39.00,12.00,12935170,448
288.73,1545283825,5228.82,51.44157012,7.46034609,234.06,33.15,0.29,266.87,1,-98.00,-13.00,1.00,6.00,42.00,12.00,12935170,448
289.73,1545283826,5262.04,51.44155363,7.45987638,233.99,32.94,-0.21,267.21,1,-98.00,-13.00,1.00,6.00,42.00,12.00,12935170,448
290.72,1545283827,5294.78,51.44154527,7.45941274,233.97,31.89,-1.06,267.79,1,-91.00,-9.00,5.00,9.00,45.00,12.00,12935171,449
291.72,1545283828,5326.70,51.44153746,7.45895768,233.93,31.53,-0.35,268.62,1,-91.00,-9.00,5.00,9.00,45.00,12.00,12935171,449
292.73,1545283829,5358.26,51.44153345,7.45850565,233.93,31.55,0.02,269.15,1,-92.00,-9.00,7.00,9.00,43.00,15.00,14301697,449
293.73,1545283830,5389.88,51.44153071,7.45805267,233.86,31.60,0.05,269.17,1,-92.00,-9.00,7.00,9.00,43.00,15.00,14301697,449
294.72,1545283831,5421.35,51.44152940,7.45760010,233.78,31.78,0.18,269.87,1,-84.00,-8.00,10.00,6.00,52.00,15.00,14301697,54
295.72,1545283832,5453.10,51.44152743,7.45714133,233.73,31.99,0.21,270.01,1,-84.00,-8.00,10.00,6.00,52.00,15.00,14301697,54
296.73,1545283833,5485.19,51.44153083,7.45668192,233.65,31.79,-0.20,270.26,1,-86.00,-5.00,22.00,14.00,46.00,15.00,14301697,54
297.72,1545283834,5516.95,51.44153313,7.45622423,233.14,31.69,-0.10,270.59,1,-86.00,-5.00,22.00,14.00,46.00,15.00,14301697,54
298.73,1545283835,5548.89,51.44153696,7.45577327,232.72,31.19,-0.49,271.09,1,-86.00,-6.00,23.00,12.00,48.00,15.00,14301697,54
299.73,1545283836,5579.86,51.44154615,7.45533031,232.27,30.96,-0.24,271.55,1,-86.00,-6.00,23.00,12.00,48.00,15.00,14301697,54
300.73,1545283837,5610.82,51.44155619,7.45488687,231.76,30.95,-0.01,272.36,1,-86.00,-6.00,23.00,12.00,48.00,15.00,14301697,54
301.72,1545283838,5641.67,51.44157213,7.45444466,231.33,30.58,-0.37,272.97,1,-83.00,-6.00,22.00,15.00,50.00,15.00,14301697,54
302.72,1545283839,5672.25,51.44159208,7.45401375,231.02,29.83,-0.75,274.09,1,-83.00,-6.00,22.00,15.00,50.00,15.00,14301697,54
303.72,1545283840,5702.11,51.44161069,7.45358696,230.89,29.29,-0.54,274.66,1,-81.00,-6.00,18.00,12.00,51.00,15.00,14301697,54
304.72,1545283841,5731.42,51.44162949,7.45316675,231.01,29.08,-0.20,275.07,1,-81.00,-6.00,18.00,12.00,51.00,15.00,14301697,54
305.72,1545283842,5760.51,51.44165427,7.45274671,231.16,29.16,0.07,275.42,1,-79.00,-6.00,18.00,15.00,54.00,15.00,14301697,54
306.72,1545283843,5789.67,51.44167858,7.45233157,231.24,29.03,-0.12,275.74,1,-79.00,-6.00,18.00,15.00,54.00,15.00,14301697,54
307.72,1545283844,5818.67,51.44170413,7.45192497,231.21,28.53,-0.51,276.19,1,-77.00,-6.00,25.00,15.00,55.00,15.00,14301697,54
308.72,1545283845,5847.23,51.44173435,7.45151756,231.18,28.05,-0.47,276.63,1,-77.00,-6.00,25.00,15.00,55.00,15.00,14301697,54
309.72,1545283846,5875.28,51.44176524,7.45112515,231.02,27.33,-0.72,277.16,1,-73.00,-6.00,34.00,12.00,58.00,15.00,14301697,54
310.72,1545283847,5902.56,51.44179444,7.45073813,230.88,26.81,-0.52,277.30,1,-73.00,-6.00,34.00,12.00,58.00,15.00,14301697,54
311.72,1545283848,5929.37,51.44182585,7.45036436,230.74,26.25,-0.57,277.69,1,-72.00,-6.00,24.00,12.00,61.00,15.00,14301697,54
312.72,1545283849,5955.67,51.44185773,7.44999308,230.59,25.98,-0.27,277.96,1,-72.00,-6.00,24.00,12.00,61.00,15.00,14301697,54
313.72,1545283850,5981.62,51.44188968,7.44962027,230.50,26.04,0.07,278.48,1,-69.00,-6.00,27.00,15.00,63.00,15.00,14301697,54
314.72,1545283851,6007.67,51.44192565,7.44924864,230.34,26.13,0.08,278.70,1,-69.00,-6.00,27.00,15.00,63.00,15.00,14301697,54
315.72,1545283852,6033.79,51.44196238,7.44887726,230.21,26.35,0.22,278.81,1,-67.00,-6.00,31.00,15.00,63.00,15.00,14301697,54
316.72,1545283853,6060.14,51.44199919,7.44850486,230.10,26.62,0.27,279.32,1,-67.00,-6.00,31.00,15.00,63.00,15.00,14301697,54
317.72,1545283854,6086.78,51.44204208,7.44812273,229.89,26.97,0.36,279.92,1,-67.00,-7.00,33.00,15.00,63.00,15.00,14301697,54
318.72,1545283855,6113.73,51.44208548,7.44773477,229.67,27.35,0.38,280.64,1,-67.00,-7.00,33.00,15.00,63.00,15.00,14301697,54
319.73,1545283856,6141.30,51.44213466,7.44734750,229.43,27.41,0.06,281.24,1,-66.00,-6.00,32.00,15.00,63.00,15.00,14301697,54
320.72,1545283857,6168.44,51.44218334,7.44696210,229.14,27.28,-0.14,281.44,1,-66.00,-6.00,32.00,15.00,63.00,15.00,14301697,54
321.72,1545283858,6195.77,51.44223242,7.44657772,228.91,27.41,0.13,281.73,1,-66.00,-6.00,32.00,15.00,63.00,15.00,14301697,54
322.72,1545283859,6223.21,51.44228600,7.44619232,228.69,27.60,0.19,282.55,1,-62.00,-7.00,27.00,15.00,63.00,15.00,14301697,54
323.72,1545283860,6250.81,51.44233987,7.44580413,228.46,27.71,0.11,282.82,1,-62.00,-7.00,27.00,15.00,63.00,15.00,14301697,54
324.72,1545283861,6278.47,51.44239494,7.44541001,228.22,28.13,0.42,283.09,1,-60.00,-8.00,28.00,15.00,63.00,15.00,14301697,54
325.72,1545283862,6306.66,51.44245104,7.44501264,227.98,28.48,0.34,283.38,1,-60.00,-8.00,28.00,15.00,63.00,15.00,14301697,54
326.72,1545283863,6335.11,51.44250901,7.44461019,227.76,28.96,0.49,283.39,1,-62.00,-4.00,30.00,15.00,63.00,15.00,14301697,54
327.72,1545283864,6364.10,51.44257363,7.44420341,227.50,29.36,0.40,283.95,1,-62.00,-4.00,30.00,15.00,63.00,15.00,14301697,54
328.72,1545283865,6393.46,51.44263764,7.44379439,227.17,29.23,-0.13,284.67,1,-56.00,-5.00,35.00,15.00,63.00,15.00,14301697,54
329.72,1545283866,6422.70,51.44270135,7.44338903,226.69,29.04,-0.20,284.71,1,-56.00,-5.00,35.00,15.00,63.00,15.00,14301697,54
330.72,1545283867,6451.70,51.44277312,7.44298744,226.16,29.00,-0.03,285.66,1,-56.00,-6.00,37.00,12.00,63.00,15.00,14301697,54
331.72,1545283868,6480.74,51.44284469,7.44258621,225.75,29.14,0.14,285.73,1,-56.00,-6.00,37.00,12.00,63.00,15.00,14301697,54
332.72,1545283869,6509.88,51.44291746,7.44217919,225.36,29.51,0.37,286.26,1,-64.00,-5.00,32.00,12.00,63.00,15.00,14301697,54
333.72,1545283870,6539.39,51.44299236,7.44176313,225.00,29.84,0.33,286.30,1,-64.00,-5.00,32.00,12.00,63.00,15.00,14301697,54
334.73,1545283871,6569.26,51.44307300,7.44134328,224.59,30.13,0.29,286.73,1,-65.00,-6.00,18.00,10.00,63.00,15.00,14301697,54
335.73,1545283872,6599.39,51.44315405,7.44092164,224.19,30.01,-0.13,287.50,1,-65.00,-6.00,18.00,10.00,63.00,15.00,14301697,54
336.72,1545283873,6629.33,51.44323799,7.44050690,223.80,29.93,-0.08,287.75,1,-62.00,-4.00,4.00,6.00,63.00,1.00,14301699,56
337.72,1545283874,6659.26,51.44332183,7.44009256,223.35,30.05,0.12,287.80,1,-62.00,-4.00,4.00,6.00,63.00,1.00,14301699,56
338.72,1545283875,6689.31,51.44340555,7.43967929,223.11,30.33,0.28,288.07,1,-63.00,-5.00,34.00,13.00,63.00,1.00,14301699,56
339.72,1545283876,6719.64,51.44349626,7.43925810,222.62,30.75,0.42,288.91,1,-63.00,-5.00,34.00,13.00,63.00,1.00,14301699,56
340.73,1545283877,6750.51,51.44358681,7.43883826,221.93,31.20,0.45,289.28,1,-59.00,-4.00,33.00,12.00,63.00,1.00,14301699,56
341.72,1545283878,6781.55,51.44368470,7.43841433,221.20,31.55,0.35,290.01,1,-59.00,-4.00,33.00,12.00,63.00,1.00,14301699,56
342.72,1545283879,6813.16,51.44378399,7.43798468,220.37,32.02,0.47,290.64,1,-59.00,-4.00,33.00,12.00,63.00,1.00,14301699,56
343.72,1545283880,6845.09,51.44388626,7.43754669,219.50,32.41,0.38,290.77,1,-61.00,-5.00,31.00,15.00,63.00,1.00,14301699,56
344.72,1545283881,6877.59,51.44399542,7.43711492,218.57,32.47,0.07,291.64,1,-61.00,-5.00,31.00,15.00,63.00,1.00,14301699,56
345.72,1545283882,6910.03,51.44410459,7.43668188,217.60,32.54,0.07,291.94,1,-67.00,-5.00,29.00,15.00,63.00,1.00,14301699,56
346.72,1545283883,6942.61,51.44421369,7.43625425,216.47,32.45,-0.10,292.35,1,-67.00,-5.00,29.00,15.00,63.00,1.00,14301699,56
347.72,1545283884,6975.06,51.44432750,7.43582133,215.36,32.55,0.10,292.64,1,-77.00,-6.00,25.00,12.00,55.00,1.00,14301699,56
348.72,1545283885,7007.57,51.44444375,7.43538586,213.88,32.82,0.27,292.95,1,-77.00,-6.00,25.00,12.00,55.00,1.00,14301699,56
349.72,1545283886,7040.43,51.44456474,7.43497734,212.50,32.68,-0.14,294.26,1,-78.00,-5.00,25.00,15.00,53.00,1.00,14301699,56
350.72,1545283887,7073.07,51.44468991,7.43456853,210.98,32.58,-0.09,295.32,1,-78.00,-5.00,25.00,15.00,53.00,1.00,14301699,56
351.72,1545283888,7105.59,51.44481530,7.43415420,209.27,32.85,0.27,295.62,1,-80.00,-6.00,25.00,12.00,52.00,1.00,14301699,56
352.72,1545283889,7138.44,51.44494899,7.43374054,207.56,32.93,0.08,297.17,1,-80.00,-6.00,25.00,12.00,52.00,1.00,14301699,56
353.72,1545283890,7171.47,51.44508630,7.43333420,205.78,32.69,-0.24,298.33,1,-76.00,-5.00,21.00,14.00,55.00,1.00,14301699,56
354.72,1545283891,7204.03,51.44522800,7.43293254,204.15,32.36,-0.34,299.61,1,-76.00,-5.00,21.00,14.00,55.00,1.00,14301699,56
355.72,1545283892,7236.42,51.44537473,7.43252949,202.62,32.32,-0.03,301.00,1,-85.00,-7.00,17.00,11.00,48.00,1.00,14301699,56
356.72,1545283893,7268.84,51.44552701,7.43213505,201.16,32.28,-0.05,302.52,1,-85.00,-7.00,17.00,11.00,48.00,1.00,14301699,56
357.72,1545283894,7301.12,51.44568304,7.43174670,199.79,32.17,-0.11,303.87,1,-86.00,-9.00,14.00,12.00,49.00,1.00,14301699,56
358.72,1545283895,7333.25,51.44583991,7.43135895,198.45,32.04,-0.13,304.43,1,-86.00,-9.00,14.00,12.00,49.00,1.00,14301699,56
359.73,1545283896,7365.39,51.44601005,7.43097942,197.17,32.14,0.10,306.70,1,-87.00,-6.00,30.00,12.00,44.00,1.00,14301699,56
360.72,1545283897,7397.37,51.44617549,7.43060821,195.85,32.10,-0.04,307.22,1,-87.00,-6.00,30.00,12.00,44.00,1.00,14301699,56
361.72,1545283898,7429.56,51.44634935,7.43024950,194.49,32.15,0.05,308.79,1,-87.00,-6.00,21.00,9.00,46.00,1.00,14301699,56
362.72,1545283899,7461.59,51.44652975,7.42989920,193.04,32.11,-0.04,310.08,1,-87.00,-6.00,21.00,9.00,46.00,1.00,14301699,56
363.73,1545283900,7493.99,51.44671914,7.42955269,191.62,32.20,0.08,311.64,1,-92.00,-11.00,11.00,8.00,45.00,1.00,14301699,56
364.73,1545283901,7526.06,51.44691585,7.42919504,190.25,32.69,0.49,312.20,1,-92.00,-11.00,11.00,8.00,45.00,1.00,14301699,56
365.73,1545283902,7558.75,51.44712468,7.42885492,188.87,32.28,-0.41,314.37,1,-92.00,-11.00,11.00,8.00,45.00,1.00,14301699,56
366.73,1545283903,7591.03,51.44733039,7.42853599,187.73,32.17,-0.11,315.62,1,-97.00,-9.00,9.00,8.00,38.00,1.00,14301699,56
367.73,1545283904,7623.20,51.44754609,7.42822373,186.63,32.38,0.21,317.05,1,-97.00,-9.00,9.00,8.00,38.00,1.00,14301699,56
368.72,1545283905,7655.54,51.44776458,7.42791960,185.35,32.25,-0.13,318.49,1,-95.00,-6.00,-2.00,5.00,36.00,19.00,13806082,56
369.73,1545283906,7687.85,51.44797997,7.42762388,184.08,32.29,0.04,318.64,1,-95.00,-6.00,-2.00,5.00,36.00,19.00,13806082,56
370.72,1545283907,7720.01,51.44821114,7.42733443,182.89,31.83,-0.46,321.10,1,-97.00,-7.00,11.00,11.00,36.00,19.00,13806082,70
371.72,1545283908,7751.91,51.44844168,7.42704634,181.67,32.13,0.30,321.44,1,-97.00,-7.00,11.00,11.00,36.00,19.00,13806082,70
372.72,1545283909,7783.98,51.44867741,7.42677496,180.38,32.36,0.23,324.21,1,-99.00,-9.00,9.00,11.00,36.00,19.00,13806082,70
373.72,1545283910,7816.37,51.44892563,7.42650568,178.96,32.44,0.08,325.55,1,-99.00,-9.00,9.00,11.00,36.00,19.00,13806082,70
374.72,1545283911,7848.85,51.44917212,7.42624793,177.39,32.55,0.10,326.75,1,-96.00,-6.00,6.00,8.00,37.00,19.00,13806082,70
375.72,1545283912,7881.36,51.44942433,7.42599897,175.77,33.31,0.77,328.47,1,-96.00,-6.00,6.00,8.00,37.00,19.00,13806082,70
376.72,1545283913,7914.68,51.44967162,7.42575243,174.18,33.39,0.08,329.18,1,-93.00,-6.00,16.00,9.00,39.00,19.00,13806082,70
377.72,1545283914,7948.10,51.44992643,7.42552118,172.53,33.44,0.05,330.86,1,-93.00,-6.00,16.00,9.00,39.00,19.00,13806082,70
378.72,1545283915,7981.54,51.45018245,7.42530851,171.13,33.24,-0.20,332.55,1,-94.00,-8.00,5.00,7.00,40.00,19.00,13806082,70
379.72,1545283916,8014.78,51.45045149,7.42509794,169.85,33.62,0.38,333.83,1,-94.00,-8.00,5.00,7.00,40.00,19.00,13806082,70
380.72,1545283917,8048.34,51.45073704,7.42489054,168.57,33.69,0.07,335.23,1,-92.00,-12.00,8.00,7.00,44.00,19.00,13806082,70
381.73,1545283918,8082.32,51.45101345,7.42469736,167.64,33.35,-0.34,336.53,1,-92.00,-12.00,8.00,7.00,44.00,19.00,13806082,70
382.73,1545283919,8115.60,51.45128596,7.42451922,166.71,33.24,-0.10,338.00,1,-88.00,-10.00,4.00,6.00,48.00,19.00,13806082,70
383.73,1545283920,8148.88,51.45154999,7.42434709,165.89,32.56,-0.68,338.98,1,-88.00,-10.00,4.00,6.00,48.00,19.00,13806082,70
384.74,1545283921,8181.73,51.45181844,7.42418876,165.02,32.32,-0.24,339.88,1,-82.00,-9.00,1.00,6.00,53.00,40.00,12896771,376
385.73,1545283922,8213.76,51.45209131,7.42402910,164.31,32.36,0.05,340.83,1,-82.00,-9.00,1.00,6.00,53.00,40.00,12896771,376
386.73,1545283923,8246.06,51.45236987,7.42387955,163.35,32.61,0.25,341.43,1,-82.00,-9.00,1.00,6.00,53.00,40.00,12896771,376
387.73,1545283924,8278.58,51.45264814,7.42373008,162.18,32.42,-0.19,342.31,1,-90.00,-12.00,1.00,7.00,49.00,19.00,12897027,230
388.73,1545283925,8311.00,51.45292733,7.42359584,161.14,32.22,-0.21,342.78,1,-90.00,-12.00,1.00,7.00,49.00,19.00,12897027,230
389.72,1545283926,8343.09,51.45320329,7.42346302,160.23,32.03,-0.19,342.80,1,-83.00,-7.00,10.00,11.00,49.00,19.00,12897027,230
390.73,1545283927,8375.24,51.45348020,7.42333015,159.35,31.82,-0.20,343.16,1,-83.00,-7.00,10.00,11.00,49.00,19.00,12897027,230
391.72,1545283928,8406.97,51.45375415,7.42320002,158.56,31.65,-0.17,343.63,1,-86.00,-11.00,6.00,6.00,51.00,19.00,12897027,230
392.72,1545283929,8438.65,51.45402451,7.42308045,157.74,31.25,-0.40,343.94,1,-86.00,-11.00,6.00,6.00,51.00,19.00,12897027,230
393.72,1545283930,8469.93,51.45428935,7.42296349,156.93,30.72,-0.53,344.27,1,-75.00,-7.00,8.00,6.00,57.00,10.00,13806082,70
394.72,1545283931,8500.65,51.45454658,7.42284892,156.34,30.55,-0.17,344.07,1,-75.00,-7.00,8.00,6.00,57.00,10.00,13806082,70
395.72,1545283932,8531.21,51.45480444,7.42273373,155.80,30.45,-0.10,343.46,1,-75.00,-6.00,12.00,9.00,57.00,10.00,13806082,70
396.72,1545283933,8561.63,51.45506291,7.42261610,155.33,30.25,-0.20,343.11,1,-75.00,-6.00,12.00,9.00,57.00,10.00,13806082,70
397.73,1545283934,8591.94,51.45531984,7.42249394,154.86,30.12,-0.13,342.93,1,-76.00,-6.00,13.00,12.00,57.00,10.00,13806082,70
398.73,1545283935,8622.07,51.45557744,7.42237046,154.48,30.03,-0.09,342.45,1,-76.00,-6.00,13.00,12.00,57.00,10.00,13806082,70
399.73,1545283936,8652.25,51.45583376,7.42223567,154.13,30.00,-0.03,341.52,1,-73.00,-6.00,19.00,4.00,59.00,10.00,13806082,70
400.73,1545283937,8682.10,51.45608822,7.42209848,153.70,30.06,0.06,340.82,1,-73.00,-6.00,19.00,4.00,59.00,10.00,13806082,70
401.72,1545283938,8712.13,51.45634200,7.42195019,153.27,30.09,0.04,340.04,1,-76.00,-6.00,19.00,14.00,57.00,10.00,13806082,70
402.72,1545283939,8742.22,51.45659719,7.42179661,152.92,30.11,0.01,339.18,1,-76.00,-6.00,19.00,14.00,57.00,10.00,13806082,70
403.73,1545283940,8772.36,51.45685021,7.42163380,152.66,30.26,0.15,338.50,1,-81.00,-8.00,16.00,8.00,53.00,10.00,13806082,70
404.73,1545283941,8802.62,51.45710234,7.42146533,152.44,30.33,0.07,337.43,1,-81.00,-8.00,16.00,8.00,53.00,10.00,13806082,70
405.73,1545283942,8833.19,51.45735555,7.42129589,152.21,30.57,0.24,336.58,1,-83.00,-8.00,12.00,11.00,51.00,10.00,13806082,70
406.73,1545283943,8863.51,51.45760916,7.42110872,151.82,30.86,0.29,335.48,1,-83.00,-8.00,12.00,11.00,51.00,10.00,13806082,70
407.73,1545283944,8894.37,51.45785970,7.42092474,151.60,31.07,0.21,334.51,1,-83.00,-8.00,12.00,11.00,51.00,10.00,13806082,70
408.73,1545283945,8925.50,51.45810981,7.42072576,151.42,31.38,0.31,333.74,1,-88.00,-11.00,21.00,6.00,49.00,10.00,13806082,70
409.73,1545283946,8956.85,51.45836114,7.42052652,151.29,31.29,-0.09,333.04,1,-88.00,-11.00,21.00,6.00,49.00,10.00,13806082,70
410.73,1545283947,8988.11,51.45860489,7.42031963,151.18,30.85,-0.45,332.04,1,-86.00,-12.00,6.00,5.00,52.00,20.00,12897027,230
411.73,1545283948,9018.96,51.45884642,7.42011613,151.06,30.57,-0.27,331.26,1,-86.00,-12.00,6.00,5.00,52.00,20.00,12897027,230
412.73,1545283949,9049.62,51.45908684,7.41989873,150.95,30.43,-0.14,330.51,1,-84.00,-11.00,1.00,7.00,53.00,20.00,12897027,230
413.73,1545283950,9080.02,51.45931951,7.41968115,150.92,30.27,-0.16,329.33,1,-84.00,-11.00,1.00,7.00,53.00,20.00,12897027,230
414.73,1545283951,9110.23,51.45955536,7.41945779,150.76,30.27,0.01,328.46,1,-86.00,-14.00,-2.00,5.00,54.00,20.00,12897027,230
415.72,1545283952,9140.47,51.45978633,7.41922487,150.58,30.49,0.21,327.64,1,-86.00,-14.00,-2.00,5.00,54.00,20.00,12897027,230
416.72,1545283953,9170.96,51.46001693,7.41899065,150.37,30.62,0.14,326.84,1,-80.00,-7.00,4.00,8.00,54.00,7.00,13806081,69
417.72,1545283954,9201.58,51.46024256,7.41874552,150.14,30.76,0.14,325.65,1,-80.00,-7.00,4.00,8.00,54.00,7.00,13806081,69
418.73,1545283955,9232.41,51.46047104,7.41849507,149.91,30.75,-0.02,324.91,1,-85.00,-10.00,3.00,6.00,51.00,7.00,13806081,69
419.73,1545283956,9263.15,51.46069308,7.41823822,149.72,30.71,-0.03,324.17,1,-85.00,-10.00,3.00,6.00,51.00,7.00,13806081,69
420.73,1545283957,9293.84,51.46091214,7.41797776,149.44,30.57,-0.14,323.15,1,-75.00,-6.00,16.00,15.00,56.00,7.00,13806081,69
421.72,1545283958,9324.29,51.46113235,7.41771466,149.11,30.63,0.05,322.31,1,-75.00,-6.00,16.00,15.00,56.00,7.00,13806081,69
422.72,1545283959,9354.91,51.46134612,7.41743973,148.79,30.79,0.16,321.23,1,-73.00,-6.00,22.00,15.00,57.00,7.00,13806081,69
423.72,1545283960,9385.79,51.46156273,7.41715851,148.59,31.09,0.30,320.75,1,-73.00,-6.00,22.00,15.00,57.00,7.00,13806081,69
424.72,1545283961,9416.86,51.46177850,7.41687056,148.40,31.52,0.43,320.05,1,-70.00,-5.00,22.00,15.00,61.00,7.00,13806081,69
425.72,1545283962,9448.41,51.46199482,7.41657039,148.29,31.84,0.32,318.93,1,-70.00,-5.00,22.00,15.00,61.00,7.00,13806081,69
426.73,1545283963,9480.47,51.46221278,7.41626420,148.25,32.48,0.63,317.94,1,-74.00,-6.00,21.00,12.00,56.00,7.00,13806081,69
427.72,1545283964,9512.73,51.46243209,7.41594000,148.42,33.00,0.52,316.68,1,-74.00,-6.00,21.00,12.00,56.00,7.00,13806081,69
428.72,1545283965,9545.72,51.46265105,7.41561321,148.74,33.43,0.43,315.74,1,-74.00,-6.00,21.00,12.00,56.00,7.00,13806081,69
429.72,1545283966,9579.15,51.46286422,7.41527310,149.00,33.80,0.37,314.87,1,-78.00,-6.00,9.00,10.00,54.00,7.00,13806081,69
430.72,1545283967,9612.92,51.46307911,7.41492867,149.36,34.23,0.43,313.97,1,-78.00,-6.00,9.00,10.00,54.00,7.00,13806081,69
431.72,1545283968,9647.08,51.46328772,7.41457112,149.74,34.50,0.27,312.99,1,-78.00,-5.00,14.00,10.00,52.00,7.00,13806081,69
432.72,1545283969,9681.62,51.46350160,7.41420504,150.07,34.75,0.24,312.11,1,-78.00,-5.00,14.00,10.00,52.00,7.00,13806081,69
433.73,1545283970,9716.47,51.46371137,7.41382593,150.36,35.07,0.32,311.29,1,-80.00,-7.00,10.00,9.00,52.00,7.00,13806081,69
434.72,1545283971,9751.40,51.46392454,7.41344160,150.61,35.41,0.34,310.45,1,-80.00,-7.00,10.00,9.00,52.00,7.00,13806081,69
435.72,1545283972,9786.81,51.46412986,7.41305183,150.87,34.91,-0.50,309.87,1,-85.00,-11.00,2.00,8.00,52.00,7.00,13806081,69
436.72,1545283973,9821.82,51.46433085,7.41266714,151.23,34.31,-0.59,309.43,1,-85.00,-11.00,2.00,8.00,52.00,7.00,13806081,69
437.73,1545283974,9856.23,51.46452624,7.41228703,151.70,34.27,-0.04,309.27,1,-91.00,-8.00,-1.00,6.00,43.00,7.00,13806081,69
438.73,1545283975,9890.50,51.46471555,7.41190191,152.14,34.20,-0.07,308.51,1,-91.00,-8.00,-1.00,6.00,43.00,7.00,13806081,69
439.72,1545283976,9924.60,51.46490869,7.41151068,152.46,34.16,-0.03,308.18,1,-90.00,-8.00,-1.00,5.00,44.00,7.00,13806081,69
440.73,1545283977,9958.80,51.46509731,7.41112814,152.76,34.25,0.09,308.06,1,-90.00,-8.00,-1.00,5.00,44.00,7.00,13806081,69
441.73,1545283978,9993.05,51.46528757,7.41074181,152.99,34.35,0.09,308.05,1,-99.00,-12.00,-2.00,5.00,39.00,7.00,13806081,69
442.73,1545283979,10027.43,51.46547980,7.41035024,153.09,34.44,0.10,308.04,1,-99.00,-12.00,-2.00,5.00,39.00,7.00,13806081,69
443.73,1545283980,10061.97,51.46567119,7.40996120,153.18,34.61,0.17,308.00,1,-100.00,-15.00,-7.00,4.00,42.00,15.00,13495554,69
444.73,1545283981,10096.69,51.46586693,7.40956438,153.09,34.72,0.11,307.91,1,-100.00,-15.00,-7.00,4.00,42.00,15.00,13495554,69
445.73,1545283982,10131.20,51.46606071,7.40916936,153.08,34.88,0.17,308.12,1,-90.00,-9.00,-3.00,6.00,45.00,29.00,13884419,386
446.72,1545283983,10165.94,51.46625382,7.40877503,153.19,35.06,0.18,308.35,1,-90.00,-9.00,-3.00,6.00,45.00,29.00,13884419,386
447.74,1545283984,10201.46,51.46645361,7.40836977,153.02,35.17,0.10,308.40,1,-95.00,-14.00,0.00,6.00,45.00,29.00,13884419,386
448.73,1545283985,10236.38,51.46664720,7.40797429,152.72,34.77,-0.40,308.76,1,-95.00,-14.00,0.00,6.00,45.00,29.00,13884419,386
449.73,1545283986,10271.19,51.46684084,7.40758309,152.47,34.59,-0.18,309.06,1,-95.00,-14.00,0.00,6.00,45.00,29.00,13884419,386
450.73,1545283987,10305.78,51.46703739,7.40719300,152.27,34.38,-0.21,309.37,1,-96.00,-11.00,-1.00,8.00,40.00,29.00,13884419,386
451.73,1545283988,10340.17,51.46723218,7.40681267,152.22,34.30,-0.08,309.51,1,-96.00,-11.00,-1.00,8.00,40.00,29.00,13884419,386
452.73,1545283989,10374.43,51.46742702,7.40643450,152.23,34.10,-0.21,309.83,1,-95.00,-12.00,-1.00,8.00,43.00,29.00,13884419,386
453.73,1545283990,10408.53,51.46762132,7.40606210,152.31,33.36,-0.74,310.19,1,-95.00,-12.00,-1.00,8.00,43.00,29.00,13884419,386
454.73,1545283991,10441.86,51.46781177,7.40570012,152.45,32.58,-0.78,310.50,1,-93.00,-11.00,0.00,7.00,42.00,29.00,13884419,386
455.73,1545283992,10474.40,51.46800566,7.40535068,152.66,31.92,-0.66,311.13,1,-93.00,-11.00,0.00,7.00,42.00,29.00,13884419,386
456.72,1545283993,10506.23,51.46819430,7.40500738,152.84,31.23,-0.69,311.29,1,-98.00,-12.00,-2.00,5.00,39.00,29.00,13884419,386
457.73,1545283994,10537.61,51.46837769,7.40467405,153.01,30.78,-0.45,312.05,1,-98.00,-12.00,-2.00,5.00,39.00,29.00,13884419,386
458.73,1545283995,10568.42,51.46856386,7.40434873,153.22,30.63,-0.15,312.35,1,-96.00,-13.00,-1.00,6.00,43.00,17.00,13806081,69
459.73,1545283996,10599.05,51.46875058,7.40402683,153.42,30.64,0.01,312.70,1,-96.00,-13.00,-1.00,6.00,43.00,17.00,13806081,69
460.73,1545283997,10629.62,51.46893811,7.40370402,153.62,30.69,0.05,312.88,1,-102.00,-16.00,-4.00,5.00,40.00,17.00,13806081,69
461.73,1545283998,10660.31,51.46912419,7.40338496,154.10,30.86,0.18,313.30,1,-102.00,-16.00,-4.00,5.00,40.00,17.00,13806081,69
462.73,1545283999,10691.20,51.46931687,7.40304964,154.71,30.98,0.12,313.10,1,-103.00,-15.00,-5.00,5.00,38.00,17.00,13806081,69
463.73,1545284000,10722.15,51.46950968,7.40273463,154.72,31.10,0.12,314.20,1,-103.00,-15.00,-5.00,5.00,38.00,17.00,13806081,69
464.73,1545284001,10753.26,51.46971799,7.40241426,154.92,31.27,0.17,315.64,1,-101.00,-15.00,-5.00,6.00,40.00,17.00,13806081,69
465.73,1545284002,10784.56,51.46992654,7.40210686,155.22,31.11,-0.16,317.03,1,-101.00,-15.00,-5.00,6.00,40.00,17.00,13806081,69
466.73,1545284003,10815.73,51.47013130,7.40180741,155.71,30.77,-0.33,316.81,1,-97.00,-12.00,-1.00,6.00,41.00,34.00,13884419,386
467.73,1545284004,10846.44,51.47033375,7.40151142,156.33,30.52,-0.25,317.06,1,-97.00,-12.00,-1.00,6.00,41.00,34.00,13884419,386
468.74,1545284005,10877.17,51.47053332,7.40121757,156.93,29.98,-0.54,316.45,1,-98.00,-13.00,1.00,7.00,40.00,34.00,13884419,386
469.73,1545284006,10906.91,51.47072996,7.40092517,157.61,29.28,-0.70,316.48,1,-98.00,-13.00,1.00,7.00,40.00,34.00,13884419,386
470.73,1545284007,10936.19,51.47091841,7.40064317,158.28,28.66,-0.62,317.26,1,-98.00,-13.00,1.00,7.00,40.00,34.00,13884419,386
471.73,1545284008,10964.85,51.47110412,7.40036433,158.96,27.95,-0.70,317.35,1,-98.00,-20.00,-5.00,4.00,36.00,40.00,13507073,386
472.73,1545284009,10992.77,51.47128355,7.40009263,159.58,27.16,-0.80,317.36,1,-98.00,-20.00,-5.00,4.00,36.00,40.00,13507073,386
473.73,1545284010,11019.96,51.47145741,7.39983050,160.14,26.81,-0.35,317.47,1,-100.00,-12.00,-2.00,5.00,38.00,40.00,13507073,57
474.73,1545284011,11046.77,51.47162959,7.39957051,160.69,26.30,-0.51,317.43,1,-100.00,-12.00,-2.00,5.00,38.00,40.00,13507073,57
475.73,1545284012,11073.07,51.47180020,7.39931720,161.15,26.09,-0.21,317.84,1,-110.00,-14.00,-1.00,6.00,30.00,40.00,13507073,57
476.73,1545284013,11099.13,51.47197277,7.39906323,161.53,26.01,-0.08,317.90,1,-110.00,-14.00,-1.00,6.00,30.00,40.00,13507073,57
477.73,1545284014,11125.12,51.47214699,7.39881913,161.88,25.48,-0.53,318.30,1,-101.00,-8.00,2.00,5.00,34.00,57.00,14301699,56
478.72,1545284015,11150.52,51.47231722,7.39858011,162.13,25.01,-0.48,318.75,1,-101.00,-8.00,2.00,5.00,34.00,57.00,14301699,56
479.72,1545284016,11175.58,51.47248739,7.39833829,162.47,25.01,0.00,318.92,1,-95.00,-15.00,-1.00,7.00,40.00,57.00,14301699,56
480.73,1545284017,11200.62,51.47265659,7.39810034,162.91,25.08,0.07,319.06,1,-95.00,-15.00,-1.00,7.00,40.00,57.00,14301699,56
481.73,1545284018,11225.72,51.47282924,7.39786359,163.36,25.24,0.16,319.54,1,-96.00,-14.00,-3.00,6.00,39.00,57.00,14301699,56
482.73,1545284019,11250.96,51.47300459,7.39762467,163.86,25.52,0.28,319.93,1,-96.00,-14.00,-3.00,6.00,39.00,57.00,14301699,56
483.73,1545284020,11276.48,51.47318274,7.39738315,164.35,25.71,0.20,320.25,1,-102.00,-9.00,0.00,5.00,33.00,57.00,14301699,56
484.73,1545284021,11302.19,51.47336399,7.39714557,164.83,25.77,0.05,320.64,1,-102.00,-9.00,0.00,5.00,33.00,57.00,14301699,56
485.73,1545284022,11327.98,51.47354636,7.39690835,165.30,25.94,0.18,320.98,1,-103.00,-13.00,1.00,7.00,36.00,57.00,14301699,56
486.73,1545284023,11353.90,51.47372422,7.39667332,165.77,25.83,-0.11,321.46,1,-103.00,-13.00,1.00,7.00,36.00,57.00,14301699,56
487.73,1545284024,11379.75,51.47390789,7.39644300,166.22,25.72,-0.11,322.22,1,-107.00,-14.00,0.00,5.00,32.00,57.00,14301699,56
488.73,1545284025,11405.45,51.47408176,7.39622869,166.65,24.96,-0.76,323.06,1,-107.00,-14.00,0.00,5.00,32.00,57.00,14301699,56
489.73,1545284026,11430.56,51.47425612,7.39602386,166.98,24.35,-0.61,323.61,1,-97.00,-5.00,12.00,6.00,34.00,61.00,14301723,74
490.73,1545284027,11454.76,51.47442596,7.39582402,167.22,23.87,-0.48,323.74,1,-97.00,-5.00,12.00,6.00,34.00,61.00,14301723,74
491.72,1545284028,11478.58,51.47459520,7.39562468,167.38,23.85,-0.02,324.39,1,-97.00,-5.00,12.00,6.00,34.00,61.00,14301723,74
492.73,1545284029,11502.50,51.47477189,7.39542798,167.65,23.94,0.09,325.56,1,-108.00,-10.00,5.00,6.00,28.00,61.00,14301723,74
493.73,1545284030,11526.47,51.47495001,7.39523590,167.82,23.85,-0.09,325.25,1,-108.00,-10.00,5.00,6.00,28.00,61.00,14301723,74
494.73,1545284031,11550.29,51.47513553,7.39504730,168.05,24.52,0.67,327.39,1,-107.00,-10.00,0.00,6.00,28.00,42.00,13043481,120
495.73,1545284032,11574.84,51.47532836,7.39486126,168.26,24.90,0.37,328.65,1,-107.00,-10.00,0.00,6.00,28.00,42.00,13043481,120
496.73,1545284033,11599.69,51.47552146,7.39467589,168.51,25.14,0.24,328.71,1,-109.00,-12.00,0.00,6.00,28.00,42.00,13043481,120
497.73,1545284034,11624.83,51.47572198,7.39449410,168.68,25.62,0.48,330.06,1,-109.00,-12.00,0.00,6.00,28.00,42.00,13043481,120
498.73,1545284035,11650.42,51.47592250,7.39431153,168.94,25.76,0.14,330.68,1,-115.00,-20.00,-6.00,3.00,31.00,42.00,13043481,120
499.73,1545284036,11676.18,51.47612663,7.39413605,169.16,25.59,-0.17,331.33,1,-115.00,-20.00,-6.00,3.00,31.00,42.00,13043481,120
500.73,1545284037,11701.87,51.47632861,7.39397038,169.34,24.93,-0.66,332.51,1,-115.00,-18.00,-10.00,4.00,29.00,42.00,13043481,120
501.73,1545284038,11726.92,51.47653060,7.39381029,169.68,24.41,-0.51,333.68,1,-115.00,-18.00,-10.00,4.00,29.00,42.00,13043481,120
502.73,1545284039,11751.14,51.47672927,7.39365653,170.31,23.77,-0.64,334.83,1,-103.00,-9.00,-5.00,6.00,31.00,12.00,13884187,449
503.73,1545284040,11774.91,51.47692726,7.39351324,170.85,23.17,-0.61,336.04,1,-103.00,-9.00,-5.00,6.00,31.00,12.00,13884187,449
504.73,1545284041,11798.13,51.47711476,7.39338789,171.27,21.98,-1.19,337.12,1,-107.00,-10.00,2.00,6.00,28.00,12.00,13884187,449
505.73,1545284042,11820.08,51.47729403,7.39328162,171.66,20.67,-1.31,339.42,1,-107.00,-10.00,2.00,6.00,28.00,12.00,13884187,449
506.72,1545284043,11840.66,51.47747088,7.39319431,172.07,19.71,-0.97,343.38,1,-110.00,-15.00,-1.00,4.00,29.00,12.00,13884187,449
507.73,1545284044,11860.47,51.47764524,7.39313550,172.44,18.98,-0.72,348.76,1,-110.00,-15.00,-1.00,4.00,29.00,12.00,13884187,449
508.73,1545284045,11879.55,51.47780377,7.39309148,172.72,18.49,-0.49,350.98,1,-104.00,-12.00,2.00,7.00,33.00,12.00,13884187,449
509.72,1545284046,11897.85,51.47796285,7.39306764,172.97,18.47,-0.01,354.66,1,-104.00,-12.00,2.00,7.00,33.00,12.00,13884187,449
510.73,1545284047,11916.45,51.47812542,7.39310707,173.40,18.28,-0.19,8.55,1,-97.00,-8.00,8.00,11.00,35.00,12.00,13884187,449
511.72,1545284048,11934.63,51.47828817,7.39315859,174.10,18.25,-0.04,10.67,1,-97.00,-8.00,8.00,11.00,35.00,12.00,13884187,449
512.72,1545284049,11952.86,51.47844632,7.39322169,174.66,18.67,0.42,14.41,1,-97.00,-8.00,8.00,11.00,35.00,12.00,13884187,449
513.72,1545284050,11971.50,51.47859445,7.39335402,175.31,18.59,-0.08,30.54,1,-101.00,-8.00,10.00,10.00,32.00,12.00,13884187,449
514.73,1545284051,11990.15,51.47873699,7.39349016,175.98,18.16,-0.43,31.76,1,-101.00,-8.00,10.00,10.00,32.00,12.00,13884187,449
515.73,1545284052,12008.33,51.47886817,7.39362924,176.75,17.15,-1.01,32.55,1,-103.00,-9.00,9.00,12.00,31.00,12.00,13884187,449
516.73,1545284053,12025.50,51.47899513,7.39375338,177.44,15.22,-1.93,30.26,1,-103.00,-9.00,9.00,12.00,31.00,12.00,13884187,449
517.72,1545284054,12040.67,51.47911707,7.39381684,178.11,13.75,-1.47,17.26,1,-98.00,-7.00,10.00,10.00,35.00,12.00,13884187,449
518.73,1545284055,12054.44,51.47923954,7.39383858,178.99,13.47,-0.28,4.19,1,-98.00,-7.00,10.00,10.00,35.00,12.00,13884187,449
519.72,1545284056,12067.90,51.47936324,7.39384833,179.68,13.54,0.07,0.43,1,-95.00,-7.00,12.00,11.00,37.00,12.00,13884187,449
520.72,1545284057,12081.43,51.47947647,7.39379948,180.17,13.58,0.04,341.83,1,-95.00,-7.00,12.00,11.00,37.00,12.00,13884187,449
521.72,1545284058,12095.03,51.47958834,7.39373454,180.52,13.97,0.39,339.50,1,-90.00,-6.00,15.00,14.00,41.00,12.00,13884187,449
522.72,1545284059,12108.97,51.47970230,7.39365483,180.95,14.50,0.53,337.38,1,-90.00,-6.00,15.00,14.00,41.00,12.00,13884187,449
523.72,1545284060,12123.50,51.47980594,7.39357399,181.34,13.76,-0.74,336.31,1,-80.00,-6.00,18.00,15.00,52.00,12.00,13884187,449
524.72,1545284061,12137.26,51.47990565,7.39349557,181.77,12.14,-1.62,337.21,1,-80.00,-6.00,18.00,15.00,52.00,12.00,13884187,449
525.72,1545284062,12149.39,51.48000247,7.39343428,182.18,10.16,-1.98,340.94,1,-88.00,-6.00,20.00,15.00,45.00,12.00,13884187,449
526.73,1545284063,12159.56,51.48010210,7.39342955,182.43,9.61,-0.55,5.25,1,-88.00,-6.00,20.00,15.00,45.00,12.00,13884187,449
527.73,1545284064,12169.17,51.48019512,7.39347777,182.88,10.33,0.72,21.01,1,-92.00,-6.00,17.00,12.00,39.00,12.00,13884187,449
528.72,1545284065,12179.49,51.48027073,7.39356471,183.52,10.77,0.45,39.27,1,-92.00,-6.00,17.00,12.00,39.00,12.00,13884187,449
529.73,1545284066,12190.29,51.48032323,7.39368513,184.15,11.45,0.68,57.77,1,-94.00,-5.00,28.00,15.00,38.00,12.00,13884187,449
530.72,1545284067,12201.71,51.48038137,7.39382880,184.64,12.40,0.94,58.32,1,-94.00,-5.00,28.00,15.00,38.00,12.00,13884187,449
531.72,1545284068,12214.08,51.48044456,7.39398308,185.06,13.54,1.15,58.78,1,-92.00,-6.00,20.00,14.00,41.00,12.00,13884187,449
532.72,1545284069,12227.62,51.48051355,7.39416697,185.64,14.59,1.05,59.16,1,-92.00,-6.00,20.00,14.00,41.00,12.00,13884187,449
533.73,1545284070,12242.29,51.48058742,7.39435979,186.15,15.47,0.88,58.56,1,-80.00,-6.00,18.00,14.00,47.00,12.00,13884187,449
534.72,1545284071,12257.72,51.48066284,7.39455255,186.69,16.39,0.92,58.17,1,-80.00,-6.00,18.00,14.00,47.00,12.00,13884187,449
535.72,1545284072,12274.11,51.48073856,7.39474943,187.06,17.13,0.74,57.96,1,-80.00,-6.00,18.00,14.00,47.00,12.00,13884187,449
536.72,1545284073,12291.24,51.48081956,7.39495979,187.45,17.86,0.72,58.36,1,-92.00,-6.00,18.00,10.00,39.00,12.00,13884187,449
537.72,1545284074,12309.10,51.48090810,7.39518693,187.63,18.38,0.52,58.67,1,-92.00,-6.00,18.00,10.00,39.00,12.00,13884187,449
538.72,1545284075,12327.45,51.48099250,7.39540836,187.70,18.37,-0.00,59.31,1,-85.00,-6.00,21.00,13.00,46.00,12.00,13884187,449
539.72,1545284076,12345.81,51.48108110,7.39564375,187.43,18.38,0.01,59.44,1,-85.00,-6.00,21.00,13.00,46.00,12.00,13884187,449
540.73,1545284077,12364.24,51.48116509,7.39586964,187.12,18.20,-0.19,59.51,1,-88.00,-5.00,22.00,11.00,44.00,12.00,13884187,449
541.72,1545284078,12382.42,51.48124750,7.39609060,186.94,17.97,-0.23,59.53,1,-88.00,-5.00,22.00,11.00,44.00,12.00,13884187,449
542.73,1545284079,12400.41,51.48133120,7.39631268,186.84,17.78,-0.19,59.50,1,-91.00,-6.00,10.00,15.00,40.00,12.00,13884187,449
543.73,1545284080,12418.19,51.48141366,7.39652909,186.90,17.57,-0.22,59.34,1,-91.00,-6.00,10.00,15.00,40.00,12.00,13884187,449
544.73,1545284081,12435.76,51.48149276,7.39674166,186.92,17.29,-0.27,58.41,1,-97.00,-8.00,1.00,10.00,36.00,12.00,13884187,449
545.72,1545284082,12453.03,51.48157325,7.39695205,186.97,17.10,-0.20,57.98,1,-97.00,-8.00,1.00,10.00,36.00,12.00,13884187,449
546.73,1545284083,12470.15,51.48165675,7.39715755,187.05,17.01,-0.08,57.43,1,-98.00,-7.00,10.00,11.00,35.00,12.00,13884187,449
547.73,1545284084,12487.16,51.48173935,7.39736088,187.04,16.67,-0.35,56.63,1,-98.00,-7.00,10.00,11.00,35.00,12.00,13884187,449
548.72,1545284085,12503.81,51.48182286,7.39755443,187.04,15.86,-0.81,55.64,1,-98.00,-9.00,3.00,8.00,37.00,12.00,13884187,449
549.72,1545284086,12519.67,51.48190128,7.39773259,187.07,14.45,-1.41,54.73,1,-98.00,-9.00,3.00,8.00,37.00,12.00,13884187,449
550.73,1545284087,12534.14,51.48197549,7.39788931,187.17,13.00,-1.44,53.76,1,-97.00,-9.00,6.00,12.00,38.00,12.00,13884187,449
551.73,1545284088,12547.13,51.48205147,7.39804008,187.12,11.49,-1.51,52.56,1,-97.00,-9.00,6.00,12.00,38.00,12.00,13884187,449
552.72,1545284089,12558.59,51.48211501,7.39816014,186.79,9.98,-1.52,51.11,1,-89.00,-8.00,8.00,15.00,45.00,12.00,13884187,449
553.73,1545284090,12568.61,51.48216788,7.39825630,186.63,8.27,-1.71,50.35,1,-89.00,-8.00,8.00,15.00,45.00,12.00,13884187,449
554.73,1545284091,12576.93,51.48221408,7.39833341,186.47,6.84,-1.41,49.05,1,-87.00,-8.00,6.00,10.00,44.00,12.00,13884187,449
555.73,1545284092,12583.72,51.48225535,7.39840391,186.27,5.86,-0.99,47.54,1,-87.00,-8.00,6.00,10.00,44.00,12.00,13884187,449
556.73,1545284093,12589.58,51.48228741,7.39845522,186.12,4.61,-1.25,46.27,1,-87.00,-8.00,6.00,10.00,44.00,12.00,13884187,449
557.73,1545284094,12594.20,51.48231331,7.39849406,186.12,3.37,-1.24,45.61,1,-92.00,-9.00,22.00,5.00,41.00,12.00,13884187,449
558.73,1545284095,12597.57,51.48233458,7.39852252,186.11,2.43,-0.94,44.66,1,-92.00,-9.00,22.00,5.00,41.00,12.00,13884187,449
559.73,1545284096,12600.00,51.48234805,7.39853849,186.11,1.59,-0.83,44.16,1,-96.00,-9.00,11.00,10.00,39.00,12.00,13884187,449
560.72,1545284097,12601.58,51.48235373,7.39854231,186.11,0.62,-0.97,44.16,1,-96.00,-9.00,11.00,10.00,39.00,12.00,13884187,449
561.72,1545284098,12602.21,51.48235373,7.39854231,186.11,0.00,-0.62,44.16,1,-96.00,-9.00,6.00,7.00,38.00,12.00,13884187,449
562.72,1545284099,12602.21,51.48235373,7.39854231,186.11,0.00,0.00,44.16,1,-96.00,-9.00,6.00,7.00,38.00,12.00,13884187,449
563.72,1545284100,12602.21,51.48235373,7.39854231,186.12,0.00,0.00,44.16,1,-100.00,-13.00,1.00,9.00,39.00,12.00,13884187,449
564.73,1545284101,12602.21,51.48235373,7.39854231,186.12,0.00,0.00,44.16,1,-100.00,-13.00,1.00,9.00,39.00,12.00,13884187,449
565.73,1545284102,12602.21,51.48235373,7.39854231,186.12,0.00,0.00,44.16,1,-99.00,-9.00,5.00,7.00,37.00,12.00,13884187,449
566.72,1545284103,12602.21,51.48235373,7.39854231,186.12,0.00,0.00,44.16,1,-99.00,-9.00,5.00,7.00,37.00,12.00,13884187,449
567.73,1545284104,12602.21,51.48235373,7.39854231,186.13,0.00,0.00,44.16,1,-100.00,-11.00,2.00,5.00,36.00,12.00,13884187,449
568.73,1545284105,12602.21,51.48235373,7.39854231,186.13,0.00,0.00,44.16,1,-100.00,-11.00,2.00,5.00,36.00,12.00,13884187,449
569.73,1545284106,12602.21,51.48235373,7.39854231,186.13,0.00,0.00,44.16,1,-98.00,-11.00,5.00,6.00,39.00,12.00,13884187,449
570.73,1545284107,12602.21,51.48235373,7.39854231,186.12,0.00,0.00,44.16,1,-98.00,-11.00,5.00,6.00,39.00,12.00,13884187,449
571.73,1545284108,12602.21,51.48235373,7.39854231,186.12,0.00,0.00,44.16,1,-98.00,-10.00,5.00,7.00,39.00,12.00,13884187,449
572.73,1545284109,12602.21,51.48235373,7.39854231,186.11,0.00,0.00,44.16,1,-98.00,-10.00,5.00,7.00,39.00,12.00,13884187,449
573.73,1545284110,12602.21,51.48235373,7.39854231,186.11,0.00,0.00,44.16,1,-97.00,-10.00,4.00,8.00,40.00,12.00,13884187,449
574.73,1545284111,12602.21,51.48235373,7.39854231,186.10,0.00,0.00,44.16,1,-97.00,-10.00,4.00,8.00,40.00,12.00,13884187,449
575.73,1545284112,12602.21,51.48235373,7.39854231,186.10,0.00,0.00,44.16,1,-99.00,-12.00,7.00,8.00,40.00,12.00,13884187,449
576.73,1545284113,12602.21,51.48235373,7.39854231,186.09,0.00,0.00,44.16,1,-99.00,-12.00,7.00,8.00,40.00,12.00,13884187,449
577.73,1545284114,12602.21,51.48235373,7.39854231,186.08,0.00,0.00,44.16,1,-99.00,-12.00,7.00,8.00,40.00,12.00,13884187,449
578.73,1545284115,12602.21,51.48235373,7.39854231,186.08,0.00,0.00,44.16,1,-98.00,-10.00,7.00,8.00,37.00,12.00,13884187,449
579.73,1545284116,12602.21,51.48235373,7.39854231,186.07,0.00,0.00,44.16,1,-98.00,-10.00,7.00,8.00,37.00,12.00,13884187,449
580.73,1545284117,12602.21,51.48235373,7.39854231,186.07,0.00,0.00,44.16,1,-99.00,-10.00,7.00,7.00,37.00,12.00,13884187,449
581.73,1545284118,12602.21,51.48235373,7.39854231,186.06,0.00,0.00,44.16,1,-99.00,-10.00,7.00,7.00,37.00,12.00,13884187,449
582.72,1545284119,12602.21,51.48235373,7.39854231,186.06,0.00,0.00,44.16,1,-99.00,-10.00,3.00,6.00,37.00,6.00,13884186,448
583.73,1545284120,12602.21,51.48235373,7.39854231,186.02,0.00,0.00,44.16,1,-99.00,-10.00,3.00,6.00,37.00,6.00,13884186,448
584.72,1545284121,12602.21,51.48235373,7.39854231,185.98,0.00,0.00,42.04,1,-98.00,-11.00,3.00,6.00,37.00,6.00,13884186,448
585.73,1545284122,12602.21,51.48238939,7.39858679,185.45,0.00,0.00,41.55,1,-98.00,-11.00,3.00,6.00,37.00,6.00,13884186,448
586.73,1545284123,12602.21,51.48242348,7.39863187,184.85,6.11,0.00,40.80,1,-101.00,-12.00,3.00,9.00,37.00,6.00,13884186,448
587.72,1545284124,12608.29,51.48247271,7.39869672,184.47,7.40,1.30,39.69,1,-101.00,-12.00,3.00,9.00,37.00,6.00,13884186,448
588.73,1545284125,12615.71,51.48253231,7.39877513,184.26,8.56,1.16,38.84,1,-98.00,-12.00,3.00,6.00,39.00,6.00,13884186,448
589.73,1545284126,12624.30,51.48259703,7.39885012,184.00,9.84,1.27,37.93,1,-98.00,-12.00,3.00,6.00,39.00,6.00,13884186,448
590.73,1545284127,12634.09,51.48267206,7.39893272,183.94,10.58,0.75,36.87,1,-94.00,-7.00,11.00,11.00,39.00,6.00,13884186,448
591.72,1545284128,12644.64,51.48275082,7.39902271,184.14,10.89,0.31,35.95,1,-94.00,-7.00,11.00,11.00,39.00,6.00,13884186,448
592.72,1545284129,12655.55,51.48283165,7.39911017,184.36,11.69,0.80,35.09,1,-93.00,-11.00,8.00,7.00,43.00,6.00,13884186,448
593.73,1545284130,12667.29,51.48292217,7.39920954,184.58,12.13,0.43,34.41,1,-93.00,-11.00,8.00,7.00,43.00,6.00,13884186,448
594.72,1545284131,12679.38,51.48302254,7.39931056,185.29,13.55,1.43,33.76,1,-92.00,-8.00,14.00,9.00,42.00,6.00,13884186,448
595.73,1545284132,12692.94,51.48312800,7.39942049,186.04,14.48,0.92,33.89,1,-92.00,-8.00,14.00,9.00,42.00,6.00,13884186,448
596.73,1545284133,12707.51,51.48324139,7.39953869,186.73,14.95,0.47,33.50,1,-89.00,-7.00,13.00,11.00,42.00,6.00,13884186,448
597.72,1545284134,12722.35,51.48335992,7.39966149,187.48,15.27,0.32,34.02,1,-89.00,-7.00,13.00,11.00,42.00,6.00,13884186,448
598.73,1545284135,12737.64,51.48347919,7.39978326,188.17,15.33,0.06,34.59,1,-89.00,-7.00,13.00,11.00,42.00,6.00,13884186,448
599.73,1545284136,12752.98,51.48359551,7.39991197,188.84,15.62,0.29,35.30,1,-90.00,-9.00,3.00,10.00,42.00,6.00,13884186,448
600.73,1545284137,12768.59,51.48371457,7.40004370,189.58,15.86,0.24,36.07,1,-90.00,-9.00,3.00,10.00,42.00,6.00,13884186,448
601.72,1545284138,12784.38,51.48382916,7.40017936,190.01,16.15,0.29,36.92,1,-93.00,-7.00,10.00,4.00,38.00,6.00,13884186,448
602.72,1545284139,12800.53,51.48394927,7.40032193,190.15,16.32,0.17,37.62,1,-93.00,-7.00,10.00,4.00,38.00,6.00,13884186,448
603.73,1545284140,12816.91,51.48406341,7.40046343,190.30,16.41,0.09,38.04,1,-85.00,-7.00,10.00,10.00,47.00,6.00,13884186,448
604.73,1545284141,12833.35,51.48418503,7.40061543,190.57,16.48,0.07,38.59,1,-85.00,-7.00,10.00,10.00,47.00,6.00,13884186,448
605.72,1545284142,12849.74,51.48429818,7.40076588,190.75,16.49,0.01,39.19,1,-95.00,-9.00,8.00,11.00,39.00,6.00,13884186,448
606.73,1545284143,12866.28,51.48440635,7.40091239,190.74,16.28,-0.21,39.62,1,-95.00,-9.00,8.00,11.00,39.00,6.00,13884186,448
607.73,1545284144,12882.56,51.48451781,7.40107267,190.70,16.44,0.17,40.46,1,-92.00,-8.00,6.00,8.00,41.00,6.00,13884186,448
608.73,1545284145,12899.00,51.48462092,7.40122357,190.55,16.13,-0.31,41.20,1,-92.00,-8.00,6.00,8.00,41.00,6.00,13884186,448
609.72,1545284146,12915.12,51.48472182,7.40138003,190.12,15.88,-0.25,41.98,1,-94.00,-9.00,1.00,8.00,40.00,6.00,13884186,448
610.73,1545284147,12931.02,51.48482916,7.40153914,189.86,15.54,-0.34,42.35,1,-94.00,-9.00,1.00,8.00,40.00,6.00,13884186,448
611.72,1545284148,12946.54,51.48492486,7.40168351,189.21,15.35,-0.18,41.98,1,-95.00,-12.00,-1.00,7.00,41.00,6.00,13884186,448
612.73,1545284149,12961.91,51.48502704,7.40183219,188.51,15.10,-0.25,41.82,1,-95.00,-12.00,-1.00,7.00,41.00,6.00,13884186,448
613.72,1545284150,12976.99,51.48512171,7.40197326,187.90,14.79,-0.31,42.73,1,-93.00,-6.00,7.00,12.00,38.00,6.00,13884186,448
614.72,1545284151,12991.79,51.48521604,7.40212445,187.33,14.60,-0.19,44.23,1,-93.00,-6.00,7.00,12.00,38.00,6.00,13884186,448
615.72,1545284152,13006.39,51.48530462,7.40227801,186.93,14.00,-0.61,45.86,1,-92.00,-6.00,9.00,9.00,39.00,6.00,13884186,448
616.72,1545284153,13020.38,51.48538403,7.40242475,186.49,12.73,-1.27,47.38,1,-92.00,-6.00,9.00,9.00,39.00,6.00,13884186,448
617.73,1545284154,13033.20,51.48545586,7.40255552,186.09,10.90,-1.82,48.42,1,-93.00,-6.00,14.00,10.00,38.00,6.00,13884186,448
618.72,1545284155,13044.02,51.48552139,7.40267219,185.66,8.97,-1.94,48.84,1,-93.00,-6.00,14.00,10.00,38.00,6.00,13884186,448
619.72,1545284156,13052.99,51.48558140,7.40277023,185.49,8.81,-0.17,44.95,1,-93.00,-6.00,14.00,10.00,38.00,6.00,13884186,448
620.72,1545284157,13061.80,51.48563970,7.40280668,185.18,8.33,-0.48,18.04,1,-89.00,-5.00,11.00,10.00,42.00,6.00,13884186,448
621.72,1545284158,13070.11,51.48570748,7.40279342,184.75,7.62,-0.71,349.28,1,-89.00,-5.00,11.00,10.00,42.00,6.00,13884186,448
622.73,1545284159,13077.76,51.48576837,7.40274253,184.11,8.15,0.53,327.99,1,-88.00,-6.00,16.00,11.00,43.00,6.00,13884186,448
623.72,1545284160,13085.88,51.48583617,7.40267428,183.91,9.36,1.21,326.17,1,-88.00,-6.00,16.00,11.00,43.00,6.00,13884186,448
624.72,1545284161,13095.25,51.48590386,7.40260024,183.76,9.84,0.48,324.59,1,-91.00,-7.00,13.00,14.00,39.00,6.00,13884186,448
625.73,1545284162,13105.12,51.48597846,7.40251540,183.58,10.73,0.88,323.64,1,-91.00,-7.00,13.00,14.00,39.00,6.00,13884186,448
626.72,1545284163,13115.84,51.48606339,7.40241900,183.56,11.54,0.81,324.50,1,-92.00,-6.00,6.00,12.00,37.00,6.00,13884186,448
627.73,1545284164,13127.39,51.48615702,7.40231507,183.70,12.19,0.65,325.84,1,-92.00,-6.00,6.00,12.00,37.00,6.00,13884186,448
628.73,1545284165,13139.58,51.48625320,7.40221605,183.78,12.78,0.59,327.73,1,-94.00,-6.00,21.00,11.00,37.00,6.00,13884186,448
629.73,1545284166,13152.36,51.48636200,7.40211895,183.91,13.58,0.81,330.07,1,-94.00,-6.00,21.00,11.00,37.00,6.00,13884186,448
630.73,1545284167,13165.97,51.48646758,7.40203233,184.23,13.54,-0.04,332.60,1,-95.00,-9.00,6.00,8.00,39.00,6.00,13884186,448
631.73,1545284168,13179.48,51.48658343,7.40195101,184.49,13.64,0.10,335.45,1,-95.00,-9.00,6.00,8.00,39.00,6.00,13884186,448
632.73,1545284169,13193.12,51.48669804,7.40188244,184.35,13.52,-0.12,337.80,1,-95.00,-10.00,-1.00,6.00,40.00,16.00,12895513,313
633.72,1545284170,13206.63,51.48681624,7.40182505,184.08,13.62,0.10,340.35,1,-95.00,-10.00,-1.00,6.00,40.00,16.00,12895513,313
634.73,1545284171,13220.26,51.48693802,7.40177648,183.78,13.81,0.20,342.89,1,-93.00,-9.00,2.00,10.00,41.00,16.00,12895513,313
635.73,1545284172,13234.07,51.48706582,7.40173379,183.25,14.09,0.28,345.73,1,-93.00,-9.00,2.00,10.00,41.00,16.00,12895513,313
636.72,1545284173,13248.15,51.48719844,7.40170165,182.56,14.36,0.27,348.39,1,-89.00,-10.00,1.00,8.00,48.00,16.00,12895513,313
637.73,1545284174,13262.53,51.48733103,7.40168033,181.77,14.55,0.19,350.82,1,-89.00,-10.00,1.00,8.00,48.00,16.00,12895513,313
638.73,1545284175,13277.17,51.48746125,7.40167018,181.08,14.61,0.06,353.43,1,-90.00,-8.00,14.00,9.00,42.00,16.00,12895513,313
639.72,1545284176,13291.66,51.48759214,7.40166782,180.51,14.64,0.03,355.56,1,-90.00,-8.00,14.00,9.00,42.00,16.00,12895513,313
640.72,1545284177,13306.27,51.48772532,7.40166703,180.28,14.58,-0.05,357.13,1,-90.00,-8.00,14.00,9.00,42.00,16.00,12895513,313
641.72,1545284178,13320.87,51.48786059,7.40167078,180.00,14.58,0.00,358.26,1,-90.00,-8.00,11.00,8.00,44.00,16.00,12895513,313
642.73,1545284179,13335.48,51.48798905,7.40167396,179.95,14.51,-0.07,359.13,1,-90.00,-8.00,11.00,8.00,44.00,16.00,12895513,313
643.73,1545284180,13349.99,51.48811858,7.40168594,179.73,14.49,-0.02,0.09,1,-90.00,-9.00,7.00,8.00,46.00,16.00,12895513,313
644.72,1545284181,13364.45,51.48824742,7.40169587,179.11,14.25,-0.24,0.58,1,-90.00,-9.00,7.00,8.00,46.00,16.00,12895513,313
645.72,1545284182,13378.72,51.48837171,7.40170323,178.51,13.80,-0.45,0.42,1,-86.00,-12.00,5.00,8.00,52.00,3.00,13828123,313
646.73,1545284183,13392.53,51.48848433,7.40170993,177.98,12.79,-1.01,0.63,1,-86.00,-12.00,5.00,8.00,52.00,3.00,13828123,313
647.72,1545284184,13405.30,51.48858703,7.40171466,177.59,11.89,-0.90,0.50,1,-84.00,-5.00,19.00,10.00,46.00,3.00,13828123,451
648.72,1545284185,13417.18,51.48868915,7.40171378,177.06,10.99,-0.90,0.32,1,-84.00,-5.00,19.00,10.00,46.00,3.00,13828123,451
649.73,1545284186,13428.21,51.48878074,7.40171288,176.51,9.86,-1.13,0.49,1,-85.00,-5.00,22.00,11.00,46.00,3.00,13828123,451
650.72,1545284187,13438.03,51.48885875,7.40171482,175.95,8.59,-1.28,0.58,1,-85.00,-5.00,22.00,11.00,46.00,3.00,13828123,451
651.72,1545284188,13446.63,51.48892130,7.40171980,175.54,6.72,-1.87,1.25,1,-88.00,-8.00,17.00,11.00,47.00,3.00,13828123,451
652.72,1545284189,13453.36,51.48897956,7.40172691,175.52,5.39,-1.33,0.89,1,-88.00,-8.00,17.00,11.00,47.00,3.00,13828123,451
653.72,1545284190,13458.75,51.48902455,7.40172893,175.36,4.62,-0.77,0.34,1,-87.00,-8.00,9.00,15.00,48.00,3.00,13828123,451
654.72,1545284191,13463.38,51.48907200,7.40173120,175.37,3.76,-0.86,1.13,1,-87.00,-8.00,9.00,15.00,48.00,3.00,13828123,451
655.72,1545284192,13467.14,51.48910459,7.40172970,175.37,2.64,-1.12,1.43,1,-85.00,-7.00,18.00,9.00,48.00,3.00,13828123,451
656.72,1545284193,13469.78,51.48912716,7.40172965,175.34,1.94,-0.70,0.71,1,-85.00,-7.00,18.00,9.00,48.00,3.00,13828123,451
657.72,1545284194,13471.72,51.48912716,7.40172965,175.34,0.00,-1.94,0.71,1,-84.00,-7.00,11.00,15.00,50.00,3.00,13828123,451
658.72,1545284195,13471.72,51.48912716,7.40172965,175.33,0.00,0.00,0.71,1,-84.00,-7.00,11.00,15.00,50.00,3.00,13828123,451
659.73,1545284196,13471.72,51.48912716,7.40172965,175.32,0.00,0.00,0.71,1,-84.00,-7.00,14.00,12.00,49.00,3.00,13828123,451
660.72,1545284197,13471.72,51.48912716,7.40172965,175.31,0.00,0.00,0.71,1,-84.00,-7.00,14.00,12.00,49.00,3.00,13828123,451
661.72,1545284198,13471.72,51.48912716,7.40172965,175.29,0.00,0.00,0.71,1,-84.00,-7.00,14.00,12.00,49.00,3.00,13828123,451
662.73,1545284199,13471.72,51.48912716,7.40172965,175.28,0.00,0.00,0.71,1,-84.00,-8.00,12.00,11.00,50.00,3.00,13828123,451
663.73,1545284200,13471.72,51.48912716,7.40172965,175.14,0.00,0.00,0.71,1,-84.00,-8.00,12.00,11.00,50.00,3.00,13828123,451
664.72,1545284201,13471.72,51.48912716,7.40172965,175.05,0.00,0.00,1.47,1,-84.00,-6.00,10.00,14.00,47.00,3.00,13828123,451
665.72,1545284202,13471.72,51.48919329,7.40173163,174.19,0.00,0.00,0.99,1,-84.00,-6.00,10.00,14.00,47.00,3.00,13828123,451
666.72,1545284203,13471.72,51.48923571,7.40173370,173.77,5.20,0.00,0.61,1,-86.00,-8.00,17.00,13.00,48.00,3.00,13828123,451
667.72,1545284204,13476.92,51.48929591,7.40173398,173.25,5.70,0.50,0.69,1,-86.00,-8.00,17.00,13.00,48.00,3.00,13828123,451
668.73,1545284205,13482.62,51.48935515,7.40176783,173.02,5.40,-0.29,24.79,1,-87.00,-9.00,14.00,12.00,47.00,3.00,13828123,451
669.73,1545284206,13488.02,51.48940359,7.40183739,172.36,6.33,0.93,50.39,1,-87.00,-9.00,14.00,12.00,47.00,3.00,13828123,451
670.73,1545284207,13494.36,51.48941790,7.40192952,172.11,7.51,1.18,77.41,1,-87.00,-9.00,4.00,12.00,47.00,3.00,13828123,451
671.72,1545284208,13501.85,51.48942999,7.40205260,171.68,8.58,1.07,80.07,1,-87.00,-9.00,4.00,12.00,47.00,3.00,13828123,451
672.73,1545284209,13510.45,51.48944126,7.40218953,171.14,9.66,1.08,83.30,1,-85.00,-9.00,5.00,8.00,51.00,3.00,13828123,451
673.73,1545284210,13520.11,51.48944500,7.40233473,170.57,10.88,1.22,86.09,1,-85.00,-9.00,5.00,8.00,51.00,3.00,13828123,451
674.72,1545284211,13530.98,51.48944645,7.40248972,169.91,11.95,1.07,87.40,1,-88.00,-15.00,3.00,8.00,53.00,3.00,13828123,451
675.73,1545284212,13542.98,51.48944820,7.40266303,169.28,12.94,0.98,88.35,1,-88.00,-15.00,3.00,8.00,53.00,3.00,13828123,451
676.72,1545284213,13555.87,51.48944520,7.40285242,168.88,13.86,0.93,89.12,1,-79.00,-9.00,2.00,6.00,55.00,2.00,13828121,450
677.72,1545284214,13569.73,51.48944379,7.40305818,168.56,14.46,0.60,89.68,1,-79.00,-9.00,2.00,6.00,55.00,2.00,13828121,450
678.72,1545284215,13584.18,51.48943786,7.40326717,168.72,14.37,-0.09,90.12,1,-83.00,-7.00,18.00,4.00,49.00,2.00,13828121,450
679.72,1545284216,13598.55,51.48943344,7.40347777,168.81,14.01,-0.35,90.62,1,-83.00,-7.00,18.00,4.00,49.00,2.00,13828121,450
680.72,1545284217,13612.54,51.48942972,7.40368328,169.13,13.64,-0.38,90.70,1,-80.00,-7.00,19.00,13.00,53.00,2.00,13828121,450
681.72,1545284218,13626.19,51.48942701,7.40388016,169.39,13.44,-0.20,90.58,1,-80.00,-7.00,19.00,13.00,53.00,2.00,13828121,450
682.73,1545284219,13639.74,51.48942424,7.40407278,169.51,13.44,0.00,90.57,1,-75.00,-7.00,19.00,12.00,58.00,2.00,13828121,450
683.72,1545284220,13653.07,51.48942164,7.40427622,169.66,13.67,0.23,90.64,1,-75.00,-7.00,19.00,12.00,58.00,2.00,13828121,450
684.72,1545284221,13666.76,51.48941926,7.40447124,169.82,13.80,0.13,91.05,1,-75.00,-7.00,19.00,12.00,58.00,2.00,13828121,450
685.72,1545284222,13680.55,51.48941675,7.40466872,169.94,13.85,0.05,90.99,1,-76.00,-6.00,26.00,14.00,57.00,2.00,13828121,450
686.72,1545284223,13694.42,51.48941471,7.40486541,170.10,13.71,-0.15,90.53,1,-76.00,-6.00,26.00,14.00,57.00,2.00,13828121,450
687.72,1545284224,13708.13,51.48941290,7.40506139,170.29,13.57,-0.14,89.81,1,-69.00,-11.00,32.00,12.00,63.00,2.00,13828121,450
688.72,1545284225,13721.68,51.48941431,7.40526730,170.57,13.42,-0.15,88.65,1,-69.00,-11.00,32.00,12.00,63.00,2.00,13828121,450
689.73,1545284226,13735.13,51.48942040,7.40545393,170.76,13.33,-0.09,87.04,1,-74.00,-8.00,12.00,11.00,59.00,2.00,13828121,450
690.73,1545284227,13748.54,51.48943094,7.40564786,170.80,13.35,0.02,84.98,1,-74.00,-8.00,12.00,11.00,59.00,2.00,13828121,450
691.73,1545284228,13761.81,51.48944651,7.40584511,171.06,13.32,-0.03,82.87,1,-75.00,-7.00,17.00,10.00,58.00,2.00,13828121,450
692.73,1545284229,13775.13,51.48946663,7.40604607,171.33,13.34,0.01,81.39,1,-75.00,-7.00,17.00,10.00,58.00,2.00,13828121,450
693.72,1545284230,13788.45,51.48948821,7.40623173,171.57,13.29,-0.04,80.27,1,-76.00,-8.00,20.00,10.00,57.00,2.00,13828121,450
694.73,1545284231,13801.76,51.48951152,7.40642428,171.82,13.35,0.06,79.39,1,-76.00,-8.00,20.00,10.00,57.00,2.00,13828121,450
695.72,1545284232,13815.09,51.48953589,7.40661359,172.05,13.53,0.19,78.84,1,-72.00,-7.00,26.00,13.00,60.00,2.00,13828121,450
696.72,1545284233,13828.63,51.48956057,7.40680404,172.20,13.80,0.27,78.49,1,-72.00,-7.00,26.00,13.00,60.00,2.00,13828121,450
697.72,1545284234,13842.42,51.48958647,7.40698904,172.27,13.96,0.15,78.04,1,-74.00,-7.00,30.00,11.00,59.00,2.00,13828121,450
698.72,1545284235,13856.39,51.48961630,7.40718654,172.48,14.11,0.16,77.77,1,-74.00,-7.00,30.00,11.00,59.00,2.00,13828121,450
699.73,1545284236,13870.53,51.48964562,7.40738426,172.45,14.36,0.25,78.18,1,-77.00,-7.00,21.00,10.00,53.00,2.00,13828121,450
700.72,1545284237,13884.83,51.48967553,7.40758870,172.27,14.45,0.09,78.52,1,-77.00,-7.00,21.00,10.00,53.00,2.00,13828121,450
701.72,1545284238,13899.27,51.48970221,7.40779877,172.18,14.59,0.14,79.05,1,-80.00,-8.00,11.00,9.00,54.00,2.00,13828121,450
702.73,1545284239,13913.94,51.48972878,7.40800931,172.18,14.68,0.09,78.86,1,-80.00,-8.00,11.00,9.00,54.00,2.00,13828121,450
703.73,1545284240,13928.71,51.48975427,7.40821678,172.21,14.63,-0.05,78.55,1,-83.00,-7.00,11.00,9.00,48.00,2.00,13828121,450
704.73,1545284241,13943.23,51.48978248,7.40842301,172.08,14.66,0.04,77.70,1,-83.00,-7.00,11.00,9.00,48.00,2.00,13828121,450
705.72,1545284242,13957.86,51.48981081,7.40862934,171.80,14.80,0.13,77.23,1,-83.00,-7.00,11.00,9.00,48.00,2.00,13828121,450
706.73,1545284243,13972.67,51.48983870,7.40884250,171.59,14.87,0.07,77.30,1,-82.00,-9.00,9.00,9.00,49.00,2.00,13828121,450
707.73,1545284244,13987.54,51.48986684,7.40905097,171.25,14.76,-0.11,77.79,1,-82.00,-9.00,9.00,9.00,49.00,2.00,13828121,450
708.73,1545284245,14002.30,51.48989485,7.40926048,170.91,14.71,-0.05,78.05,1,-86.00,-7.00,22.00,11.00,46.00,2.00,13828121,450
709.73,1545284246,14017.01,51.48992201,7.40946746,170.65,14.49,-0.22,78.37,1,-86.00,-7.00,22.00,11.00,46.00,2.00,13828121,450
710.73,1545284247,14031.52,51.48994910,7.40967400,170.25,14.34,-0.15,78.69,1,-91.00,-10.00,20.00,9.00,44.00,2.00,13828121,450
711.73,1545284248,14045.85,51.48997490,7.40987345,169.76,14.17,-0.18,78.61,1,-91.00,-10.00,20.00,9.00,44.00,2.00,13828121,450
712.73,1545284249,14060.01,51.48999938,7.41006509,169.19,14.05,-0.12,78.31,1,-94.00,-13.00,4.00,8.00,45.00,2.00,13828121,450
713.73,1545284250,14074.06,51.49002389,7.41025884,168.65,13.47,-0.58,77.61,1,-94.00,-13.00,4.00,8.00,45.00,2.00,13828121,450
714.73,1545284251,14087.55,51.49004513,7.41042829,167.96,12.91,-0.56,78.44,1,-96.00,-12.00,4.00,7.00,40.00,2.00,13828121,450
715.72,1545284252,14100.41,51.49006707,7.41058421,167.60,12.42,-0.49,78.16,1,-96.00,-12.00,4.00,7.00,40.00,2.00,13828121,450
716.72,1545284253,14112.85,51.49009286,7.41076130,166.99,12.32,-0.10,78.39,1,-94.00,-12.00,5.00,8.00,43.00,2.00,13828121,450
