13.62,1545110776,142.91,51.44869517,7.48836346,254.38,13.53,-0.69,187.53,1,-95.00,-5.00,10.00,14.00,28.00,7.00,13415170,315,0,3,7.44648,49,18.8125
35.12,1545110798,439.62,51.44618047,7.48842449,262.70,14.98,0.00,153.23,1,-111.00,-11.00,-1.00,8.00,19.00,7.00,13415170,315,1,5,2.72164,61,21.0469
35.93,1545110799,451.78,51.44606857,7.48855687,263.42,15.13,0.17,150.07,1,-113.00,-16.00,-4.00,3.00,23.00,22.00,13415426,265,2,1,2.97177,703,19.0469
45.37,1545110808,592.67,51.44521620,7.49012424,268.68,14.78,0.00,128.25,1,-101.00,-6.00,11.00,7.00,24.00,12.00,13415170,315,3,3,4.85437,66,20.0156
69.45,1545110832,721.23,51.44462473,7.49158701,272.64,0.00,0.00,129.35,1,-106.00,-8.00,-1.00,8.00,22.00,12.00,13415170,315,4,9,3.79527,66,20.9375
76.15,1545110839,721.23,51.44462473,7.49158701,272.61,0.00,0.00,129.35,1,-108.00,-13.00,1.00,6.00,23.00,24.00,13417219,440,5,4,2.36914,833,20.9844
88.56,1545110851,751.53,51.44426929,7.49153977,272.53,10.23,0.00,216.42,1,-108.00,-13.00,0.00,6.00,22.00,24.00,13417219,440,6,6,3.09518,978,20.5938
90.08,1545110853,768.24,51.44410372,7.49134362,272.78,12.15,0.00,215.44,1,-109.00,-14.00,0.00,6.00,25.00,24.00,13417219,440,7,1,1.13847,1096,20.5938
90.74,1545110853,776.26,51.44401106,7.49123990,272.68,12.84,0.97,214.96,1,-110.00,-16.00,-2.00,5.00,24.00,24.00,13417219,440,8,0.1,3.41882,67,19
122.58,1545110885,1234.41,51.44098133,7.48689500,278.60,15.36,0.00,232.34,1,-120.00,-16.00,-4.00,3.00,17.00,22.00,13417219,142,9,8,2.96557,60,21.5625
129.42,1545110892,1340.05,51.44038446,7.48561575,281.55,15.87,0.00,232.81,1,-118.00,-10.00,3.00,6.00,11.00,85.00,13067273,288,11,0.5,0.606428,1616,20.8594
132.96,1545110896,1395.37,51.44003639,7.48487220,282.36,15.36,-0.24,232.85,1,-119.00,-10.00,4.00,5.00,9.00,85.00,13067273,288,12,0.5,2.19901,264,20.8594
147.01,1545110910,1612.33,51.43891056,7.48214182,291.69,15.20,-0.50,241.87,1,-99.00,-8.00,5.00,7.00,28.00,20.00,13417219,440,13,9,10.9572,57,17.0938
156.63,1545110919,1773.23,51.43816796,7.47994970,292.57,17.69,0.29,241.19,1,-100.00,-7.00,10.00,10.00,26.00,20.00,13417219,440,14,7,9.06002,65,19.3125
166.12,1545110929,1928.77,51.43754160,7.47806114,288.04,15.33,0.00,241.99,1,-97.00,-8.00,5.00,12.00,30.00,20.00,13417219,440,15,8,11.2875,58,16.625
172.38,1545110935,2021.28,51.43718676,7.47690047,287.86,12.32,0.00,248.26,1,-89.00,-6.00,16.00,12.00,36.00,19.00,13523715,6,16,3,12.3584,71,19.6563
184.20,1545110947,2144.60,51.43784635,7.47678454,289.01,13.97,0.00,50.69,1,-95.00,-7.00,13.00,11.00,31.00,19.00,13523715,6,17,4,8.69802,106,19.5938
192.09,1545110955,2280.97,51.43857763,7.47845714,291.30,21.69,0.00,55.86,1,-95.00,-7.00,-1.00,8.00,31.00,19.00,13523715,6,18,0.5,2.99625,67,20.5313
201.33,1545110964,2500.77,51.43970829,7.48104938,283.91,23.97,0.00,51.99,1,-104.00,-8.00,8.00,7.00,24.00,22.00,13417219,440,19,0.5,4.29185,56,20.4219
235.62,1545110998,3225.37,51.44465509,7.48712356,261.30,13.31,0.06,108.67,1,-112.00,-16.00,-8.00,4.00,23.00,22.00,13415426,265,21,1,0.814664,146,18.4844
257.39,1545111020,3587.00,51.44367625,7.48362667,266.42,25.53,0.00,267.73,1,-105.00,-10.00,3.00,7.00,24.00,22.00,13415426,265,20,4,0.680909,49,21.5
260.19,1545111023,3660.78,51.44364472,7.48247771,268.11,26.51,0.00,267.33,1,-115.00,-20.00,-11.00,1.00,24.00,25.00,13417219,440,23,0.5,0.349192,6007,18.9063
282.74,1545111045,4278.70,51.44290939,7.47351669,259.23,26.91,-0.28,258.71,1,-103.00,-9.00,13.00,12.00,24.00,17.00,13415426,265,27,1,3.58102,66,20.2969
324.80,1545111087,5594.52,51.44153188,7.45471577,234.29,34.02,0.08,272.29,1,-111.00,-16.00,-6.00,1.00,33.00,13.00,13415426,265,29,0.5,0.332419,5375,17.9375
328.44,1545111091,5719.29,51.44160029,7.45324202,233.15,34.39,0.00,274.54,1,-107.00,-13.00,-15.00,1.00,24.00,13.00,13415427,264,30,2,1.13548,1702,19.8594
336.72,1545111099,6009.66,51.44195092,7.44871119,230.25,35.68,0.13,279.06,1,-103.00,-7.00,23.00,8.00,24.00,14.00,13415426,265,28,3,0.5249,103,17.0938
347.87,1545111110,6409.98,51.44271465,7.44317332,227.30,34.97,-0.64,285.40,1,-100.00,-12.00,-7.00,7.00,32.00,14.00,13415427,264,31,6,2.07559,1262,19.375
359.45,1545111122,6815.86,51.44379074,7.43790143,217.82,34.90,0.00,290.53,1,-107.00,-14.00,-1.00,6.00,26.00,14.00,13415427,264,32,7,2.22452,682,21.1563
377.99,1545111141,7451.98,51.44659860,7.42978236,191.87,33.88,0.28,310.07,1,-99.00,-13.00,10.00,7.00,33.00,14.00,13415427,264,33,6,1.35067,572,19.0781
387.44,1545111150,7793.19,51.44876051,7.42661800,183.25,37.95,0.00,323.87,1,-110.00,-15.00,-4.00,4.00,23.00,66.00,13081345,210,36,0.5,0.349834,1477,19.3906
387.91,1545111150,7811.03,51.44903705,7.42631070,182.27,37.43,-0.60,325.91,1,-106.00,-14.00,-4.00,6.00,26.00,25.00,13246978,157,35,3,1.15385,1669,21.5156
389.35,1545111152,7864.76,51.44931241,7.42602405,181.17,37.19,0.00,327.48,1,-107.00,-18.00,-6.00,4.00,28.00,14.00,13415427,264,34,9,2.11964,1384,20.4219
398.60,1545111161,8209.61,51.45237423,7.42381106,166.43,36.58,-0.74,341.65,1,-101.00,-10.00,-5.00,8.00,28.00,32.00,13395457,111,38,9,8.96973,160,20.1719
401.13,1545111164,8302.19,51.45299952,7.42350534,163.58,36.61,0.00,343.18,1,-101.00,-13.00,3.00,11.00,30.00,32.00,13395457,111,37,8,3.24873,556,20.2969
403.94,1545111167,8405.13,51.45393222,7.42307156,160.36,36.81,0.14,343.58,1,-93.00,-5.00,-9.00,6.00,32.00,15.00,13523459,175,39,5,13.5272,221,19.2969
421.61,1545111184,9063.01,51.45948527,7.41947258,150.47,37.12,-0.09,328.92,1,-87.00,-7.00,-2.00,15.00,37.00,15.00,13523459,175,40,9,7.94439,48,17.7969
426.09,1545111189,9230.59,51.46060000,7.41828468,151.56,37.73,0.00,324.17,1,-94.00,-15.00,-3.00,9.00,41.00,16.00,13523459,175,41,7,13.7356,657,11.4219
451.35,1545111214,10207.43,51.46653018,7.40819468,152.20,36.97,0.00,308.72,1,-86.00,-7.00,10.00,15.00,39.00,5.00,13395458,112,44,1,10.2041,49,8.73438
460.62,1545111223,10532.38,51.46855561,7.40435007,155.11,33.64,-0.04,312.34,1,-79.00,-6.00,22.00,14.00,46.00,5.00,13395458,112,45,0.1,4.7059,58,-0.429688
475.07,1545111238,10988.72,51.47135871,7.39989612,163.15,27.50,0.00,316.95,1,-89.00,-6.00,9.00,10.00,37.00,17.00,13022465,205,46,9,15.5642,52,16.5
485.37,1545111248,11259.99,51.47313265,7.39739645,167.21,26.04,0.00,320.57,1,-90.00,-5.00,16.00,12.00,37.00,17.00,13022465,205,47,10,16.2338,57,16.9688
501.51,1545111264,11678.46,51.47619222,7.39403388,172.74,25.48,0.00,332.23,1,-75.00,-5.00,31.00,15.00,51.00,17.00,13022465,205,49,2,14.1593,57,-4.71875
515.25,1545111278,11967.68,51.47867598,7.39338478,177.97,18.70,0.00,28.36,1,-73.00,-6.00,18.00,15.00,52.00,17.00,13022465,205,50,10,16.632,51,0.75
531.55,1545111294,12187.79,51.48036748,7.39377086,184.19,12.48,0.00,56.49,1,-95.00,-10.00,8.00,12.00,33.00,17.00,13022465,205,52,1,9.51249,141,20.4063
542.78,1545111305,12370.63,51.48126509,7.39619107,178.55,16.11,-0.55,60.02,1,-88.00,-8.00,6.00,12.00,41.00,12.00,13532162,198,53,4,14.1156,72,18.4063
550.65,1545111313,12488.00,51.48182901,7.39762319,180.16,13.55,-0.32,54.98,1,-96.00,-12.00,1.00,7.00,36.00,12.00,13532162,198,54,0.1,4.7059,64,18.8594
567.33,1545111330,12648.16,51.48281709,7.39908851,182.08,10.12,0.00,35.42,1,-96.00,-9.00,-1.00,6.00,33.00,11.00,13022465,198,55,10,11.549,58,18.5313
573.19,1545111336,12723.39,51.48341764,7.39970053,184.39,14.47,0.15,34.55,1,-91.00,-8.00,7.00,9.00,35.00,8.00,13532163,200,56,6,17.2228,46,15.875
581.70,1545111344,12849.30,51.48439499,7.40086757,186.14,15.56,0.75,39.12,1,-103.00,-9.00,4.00,7.00,28.00,8.00,13532163,200,57,2,12.3077,55,20.3125
592.76,1545111355,13014.84,51.48543814,7.40247583,184.86,11.18,-2.90,47.65,1,-94.00,-7.00,10.00,10.00,33.00,8.00,13532163,200,58,3,10.1738,56,19.4531
608.50,1545111371,13178.42,51.48656990,7.40190695,185.18,13.01,0.00,335.41,1,-97.00,-8.00,7.00,7.00,30.00,8.00,13532163,200,59,8,7.93749,59,16.6875
614.21,1545111377,13252.97,51.48727145,7.40163767,182.16,13.42,0.27,350.62,1,-103.00,-13.00,-1.00,6.00,28.00,17.00,13531906,38,60,2,4.21053,54,20.0781
637.76,1545111400,13524.60,51.48944267,7.40246332,180.23,10.58,1.81,89.62,1,-105.00,-6.00,11.00,10.00,20.00,11.00,13067528,356,62,10,10.9051,58,21.0781
641.11,1545111404,13561.19,51.48941896,7.40294208,179.34,12.20,0.69,91.52,1,-109.00,-9.00,6.00,7.00,18.00,11.00,13067528,356,63,0.5,6.55738,69,20.2969
650.56,1545111413,13682.87,51.48937225,7.40461258,179.67,13.18,0.00,91.13,1,-114.00,-10.00,0.00,6.00,16.00,11.00,13067528,356,64,0.1,4.79044,50,20.5938
670.52,1545111433,13943.69,51.48977733,7.40833984,188.03,13.60,0.00,77.43,1,-101.00,-6.00,14.00,15.00,23.00,70.00,13067274,289,66,0.1,5.00002,51,20.3281
