0.03,1545110763,0.00,51.45012853,7.48823792,254.47,5.33,0.00,168.61,1,-95.00,-6.00,15.00,12.00,31.00,7.00,13415170,315
1.03,1545110764,5.32,51.45005609,7.48826026,254.42,5.52,0.19,168.67,1,-95.00,-6.00,15.00,12.00,31.00,7.00,13415170,315
2.03,1545110765,10.85,51.44999372,7.48828714,254.09,8.45,2.93,167.60,1,-95.00,-6.00,15.00,12.00,31.00,7.00,13415170,315
3.03,1545110766,19.30,51.44992387,7.48831499,253.83,8.93,0.48,168.19,1,-94.00,-6.00,14.00,15.00,30.00,7.00,13415170,315
4.03,1545110767,28.23,51.44984576,7.48833973,253.63,9.59,0.66,168.94,1,-94.00,-6.00,14.00,15.00,30.00,7.00,13415170,315
5.02,1545110768,37.80,51.44974983,7.48836343,253.48,9.88,0.29,170.12,1,-95.00,-5.00,25.00,13.00,29.00,7.00,13415170,315
6.03,1545110769,47.69,51.44966068,7.48838342,253.64,10.58,0.70,171.81,1,-95.00,-5.00,25.00,13.00,29.00,7.00,13415170,315
7.03,1545110770,58.28,51.44956171,7.48840360,253.62,11.38,0.80,173.24,1,-98.00,-6.00,10.00,14.00,26.00,7.00,13415170,315
8.03,1545110771,69.65,51.44945057,7.48842006,253.57,12.16,0.78,175.01,1,-98.00,-6.00,10.00,14.00,26.00,7.00,13415170,315
9.03,1545110772,81.81,51.44933105,7.48843255,253.42,12.59,0.43,176.86,1,-95.00,-5.00,10.00,14.00,28.00,7.00,13415170,315
10.03,1545110773,94.40,51.44921823,7.48843593,253.88,12.74,0.16,178.66,1,-95.00,-5.00,10.00,14.00,28.00,7.00,13415170,315
11.03,1545110774,107.15,51.44908704,7.48843578,253.86,13.78,1.03,180.67,1,-101.00,-7.00,8.00,14.00,25.00,7.00,13415170,315
12.03,1545110775,120.93,51.44895689,7.48842401,253.94,13.72,-0.05,182.70,1,-101.00,-7.00,8.00,14.00,25.00,7.00,13415170,315
13.03,1545110776,134.65,51.44882273,7.48839894,254.15,13.94,0.22,184.50,1,-102.00,-11.00,8.00,6.00,27.00,7.00,13415170,315
14.03,1545110777,148.58,51.44869517,7.48836346,254.38,13.53,-0.41,187.53,1,-102.00,-11.00,8.00,6.00,27.00,7.00,13415170,315
15.03,1545110778,162.17,51.44857596,7.48831770,254.62,13.64,0.11,190.28,1,-105.00,-9.00,3.00,7.00,22.00,7.00,13415170,315
16.03,1545110779,175.76,51.44845342,7.48826794,254.80,13.88,0.24,191.92,1,-105.00,-9.00,3.00,7.00,22.00,7.00,13415170,315
17.03,1545110780,189.65,51.44833921,7.48821682,255.06,13.57,-0.30,192.65,1,-108.00,-9.00,1.00,6.00,20.00,7.00,13415170,315
18.03,1545110781,203.22,51.44821196,7.48816436,254.90,14.00,0.43,193.40,1,-108.00,-9.00,1.00,6.00,20.00,7.00,13415170,315
19.03,1545110782,217.22,51.44809234,7.48810367,254.99,13.56,-0.44,194.28,1,-111.00,-11.00,-1.00,8.00,19.00,7.00,13415170,315
20.03,1545110783,230.78,51.44796940,7.48805128,255.43,13.55,-0.01,193.83,1,-111.00,-11.00,-1.00,8.00,19.00,7.00,13415170,315
21.03,1545110784,244.41,51.44785724,7.48799419,256.16,13.38,-0.17,193.83,1,-111.00,-12.00,-2.00,7.00,19.00,7.00,13415170,315
22.03,1545110785,257.73,51.44773155,7.48794294,256.46,13.37,-0.02,193.77,1,-111.00,-12.00,-2.00,7.00,19.00,7.00,13415170,315
23.03,1545110786,271.09,51.44761058,7.48791017,257.20,13.15,-0.22,191.40,1,-111.00,-12.00,-2.00,7.00,19.00,7.00,13415170,315
24.03,1545110787,284.25,51.44750115,7.48788612,258.20,13.23,0.08,189.05,1,-112.00,-16.00,-5.00,5.00,24.00,32.00,13246977,156
25.03,1545110788,297.48,51.44740119,7.48787829,259.41,13.38,0.15,186.03,1,-112.00,-16.00,-5.00,5.00,24.00,32.00,13246977,156
26.03,1545110789,310.84,51.44729242,7.48787399,260.35,13.69,0.32,182.66,1,-113.00,-16.00,-4.00,5.00,22.00,22.00,13415426,265
27.03,1545110790,324.53,51.44716861,7.48788748,260.61,13.53,-0.16,179.57,1,-113.00,-16.00,-4.00,5.00,22.00,22.00,13415426,265
28.03,1545110791,338.10,51.44704363,7.48791141,260.75,13.81,0.28,176.05,1,-112.00,-16.00,-4.00,4.00,23.00,22.00,13415426,265
29.03,1545110792,351.89,51.44691615,7.48794224,261.13,14.07,0.27,172.66,1,-112.00,-16.00,-4.00,4.00,23.00,22.00,13415426,265
30.03,1545110793,365.99,51.44678356,7.48798704,261.32,14.14,0.07,169.86,1,-113.00,-16.00,-4.00,3.00,23.00,22.00,13415426,265
31.03,1545110794,380.12,51.44667346,7.48804393,261.23,14.16,0.02,166.93,1,-113.00,-16.00,-4.00,3.00,23.00,22.00,13415426,265
32.03,1545110795,394.28,51.44653873,7.48811915,261.17,14.43,0.27,163.61,1,-113.00,-17.00,-5.00,4.00,22.00,12.00,13415170,265
33.03,1545110796,408.66,51.44641097,7.48820585,261.53,14.72,0.28,160.01,1,-113.00,-17.00,-5.00,4.00,22.00,12.00,13415170,265
34.03,1545110797,423.36,51.44628771,7.48830806,262.06,14.91,0.20,156.59,1,-104.00,-11.00,2.00,12.00,25.00,12.00,13415170,315
35.03,1545110798,438.27,51.44618047,7.48842449,262.70,14.98,0.06,153.23,1,-104.00,-11.00,2.00,12.00,25.00,12.00,13415170,315
36.03,1545110799,453.26,51.44606857,7.48855687,263.42,15.13,0.15,150.07,1,-102.00,-10.00,6.00,10.00,27.00,12.00,13415170,315
37.03,1545110800,468.38,51.44595064,7.48870900,263.69,14.96,-0.17,146.58,1,-102.00,-10.00,6.00,10.00,27.00,12.00,13415170,315
38.03,1545110801,483.32,51.44584180,7.48885989,264.04,14.63,-0.32,143.03,1,-103.00,-6.00,7.00,7.00,24.00,12.00,13415170,315
39.03,1545110802,497.95,51.44574954,7.48901853,264.78,14.69,0.06,139.61,1,-103.00,-6.00,7.00,7.00,24.00,12.00,13415170,315
40.03,1545110803,512.64,51.44564657,7.48920571,265.39,15.08,0.38,136.46,1,-101.00,-6.00,11.00,7.00,24.00,12.00,13415170,315
41.02,1545110804,527.70,51.44555411,7.48939185,265.91,15.19,0.11,133.68,1,-101.00,-6.00,11.00,7.00,24.00,12.00,13415170,315
42.03,1545110805,543.04,51.44545793,7.48959006,266.46,15.30,0.12,131.74,1,-104.00,-14.00,10.00,7.00,29.00,12.00,13415170,315
43.03,1545110806,558.22,51.44537427,7.48977158,267.24,14.77,-0.53,129.98,1,-104.00,-14.00,10.00,7.00,29.00,12.00,13415170,315
44.03,1545110807,572.98,51.44529378,7.48994775,268.07,14.67,-0.10,129.04,1,-104.00,-14.00,10.00,7.00,29.00,12.00,13415170,315
45.03,1545110808,587.65,51.44521620,7.49012424,268.68,14.78,0.11,128.25,1,-105.00,-12.00,5.00,5.00,25.00,12.00,13415170,315
46.03,1545110809,602.45,51.44514298,7.49030367,268.97,14.76,-0.02,127.83,1,-105.00,-12.00,5.00,5.00,25.00,12.00,13415170,315
47.03,1545110810,617.20,51.44507436,7.49047435,269.63,14.65,-0.11,127.50,1,-107.00,-10.00,1.00,6.00,21.00,12.00,13415170,315
48.03,1545110811,631.85,51.44500506,7.49064110,270.48,14.77,0.12,127.27,1,-107.00,-10.00,1.00,6.00,21.00,12.00,13415170,315
49.03,1545110812,646.62,51.44493355,7.49081600,270.84,14.58,-0.18,126.53,1,-106.00,-8.00,-1.00,8.00,22.00,12.00,13415170,315
50.03,1545110813,661.22,51.44487148,7.49096969,271.47,14.03,-0.55,126.20,1,-106.00,-8.00,-1.00,8.00,22.00,12.00,13415170,315
51.03,1545110814,675.25,51.44480716,7.49112738,271.72,12.38,-1.66,126.92,1,-105.00,-7.00,0.00,6.00,23.00,24.00,13417219,440
52.03,1545110815,687.63,51.44474920,7.49127180,271.89,10.13,-2.24,127.52,1,-105.00,-7.00,0.00,6.00,23.00,24.00,13417219,440
53.03,1545110816,697.76,51.44470148,7.49138776,272.06,8.39,-1.74,128.48,1,-112.00,-13.00,2.00,6.00,22.00,24.00,13417219,440
54.03,1545110817,706.15,51.44467497,7.49145924,272.36,6.21,-2.18,128.02,1,-112.00,-13.00,2.00,6.00,22.00,24.00,13417219,440
55.03,1545110818,712.37,51.44464600,7.49152577,272.41,4.32,-1.89,127.89,1,-111.00,-16.00,-1.00,5.00,23.00,24.00,13417219,440
56.03,1545110819,716.69,51.44463651,7.49156168,272.45,2.90,-1.42,128.79,1,-111.00,-16.00,-1.00,5.00,23.00,24.00,13417219,440
57.02,1545110820,719.57,51.44462585,7.49158342,272.50,1.15,-1.76,129.35,1,-111.00,-15.00,-1.00,5.00,24.00,24.00,13417219,440
58.03,1545110821,720.73,51.44462473,7.49158701,272.56,0.50,-0.64,129.35,1,-111.00,-15.00,-1.00,5.00,24.00,24.00,13417219,440
59.03,1545110822,721.23,51.44462473,7.49158701,272.57,0.00,-0.50,129.35,1,-108.00,-13.00,1.00,6.00,23.00,24.00,13417219,440
60.03,1545110823,721.23,51.44462473,7.49158701,272.57,0.00,0.00,129.35,1,-108.00,-13.00,1.00,6.00,23.00,24.00,13417219,440
61.02,1545110824,721.23,51.44462473,7.49158701,272.58,0.00,0.00,129.35,1,-111.00,-15.00,-1.00,6.00,22.00,24.00,13417219,440
62.03,1545110825,721.23,51.44462473,7.49158701,272.59,0.00,0.00,129.35,1,-111.00,-15.00,-1.00,6.00,22.00,24.00,13417219,440
63.03,1545110826,721.23,51.44462473,7.49158701,272.60,0.00,0.00,129.35,1,-108.00,-14.00,0.00,6.00,25.00,24.00,13417219,440
64.03,1545110827,721.23,51.44462473,7.49158701,272.61,0.00,0.00,129.35,1,-108.00,-14.00,0.00,6.00,25.00,24.00,13417219,440
65.03,1545110828,721.23,51.44462473,7.49158701,272.62,0.00,0.00,129.35,1,-108.00,-14.00,0.00,6.00,25.00,24.00,13417219,440
66.03,1545110829,721.23,51.44462473,7.49158701,272.63,0.00,0.00,129.35,1,-108.00,-13.00,0.00,6.00,23.00,24.00,13417219,440
67.03,1545110830,721.23,51.44462473,7.49158701,272.63,0.00,0.00,129.35,1,-108.00,-13.00,0.00,6.00,23.00,24.00,13417219,440
68.03,1545110831,721.23,51.44462473,7.49158701,272.64,0.00,0.00,129.35,1,-108.00,-12.00,0.00,6.00,22.00,24.00,13417219,440
69.03,1545110832,721.23,51.44462473,7.49158701,272.64,0.00,0.00,129.35,1,-108.00,-12.00,0.00,6.00,22.00,24.00,13417219,440
70.03,1545110833,721.23,51.44462473,7.49158701,272.64,0.00,0.00,129.35,1,-108.00,-13.00,0.00,6.00,22.00,24.00,13417219,440
71.03,1545110834,721.23,51.44462473,7.49158701,272.64,0.00,0.00,129.35,1,-108.00,-13.00,0.00,6.00,22.00,24.00,13417219,440
72.02,1545110835,721.23,51.44462473,7.49158701,272.64,0.00,0.00,129.35,1,-109.00,-14.00,0.00,6.00,25.00,24.00,13417219,440
73.03,1545110836,721.23,51.44462473,7.49158701,272.64,0.00,0.00,129.35,1,-109.00,-14.00,0.00,6.00,25.00,24.00,13417219,440
74.03,1545110837,721.23,51.44462473,7.49158701,272.63,0.00,0.00,129.35,1,-108.00,-13.00,0.00,6.00,23.00,24.00,13417219,440
75.03,1545110838,721.23,51.44462473,7.49158701,272.62,0.00,0.00,129.35,1,-108.00,-13.00,0.00,6.00,23.00,24.00,13417219,440
76.03,1545110839,721.23,51.44462473,7.49158701,272.61,0.00,0.00,129.35,1,-109.00,-13.00,0.00,5.00,23.00,24.00,13417219,440
77.03,1545110840,721.23,51.44462473,7.49158701,272.60,0.00,0.00,129.35,1,-109.00,-13.00,0.00,5.00,23.00,24.00,13417219,440
78.03,1545110841,721.23,51.44462473,7.49158701,272.59,0.00,0.00,129.35,1,-108.00,-14.00,1.00,6.00,25.00,24.00,13417219,440
79.03,1545110842,721.23,51.44462473,7.49158701,272.58,0.00,0.00,129.35,1,-108.00,-14.00,1.00,6.00,25.00,24.00,13417219,440
80.03,1545110843,721.23,51.44462473,7.49158701,272.58,0.00,0.00,129.35,1,-109.00,-14.00,0.00,6.00,25.00,24.00,13417219,440
81.03,1545110844,721.23,51.44462473,7.49158701,272.57,0.00,0.00,131.80,1,-109.00,-14.00,0.00,6.00,25.00,24.00,13417219,440
82.03,1545110845,721.23,51.44462473,7.49158701,272.57,0.00,0.00,130.20,1,-106.00,-12.00,1.00,7.00,25.00,24.00,13417219,440
83.03,1545110846,721.23,51.44456337,7.49170679,272.14,4.69,0.00,131.97,1,-106.00,-12.00,1.00,7.00,25.00,24.00,13417219,440
84.03,1545110847,725.94,51.44452007,7.49173196,271.74,4.76,0.06,160.18,1,-108.00,-14.00,1.00,7.00,25.00,24.00,13417219,440
85.03,1545110848,730.68,51.44446356,7.49172736,271.47,4.90,0.15,186.97,1,-108.00,-14.00,1.00,7.00,25.00,24.00,13417219,440
86.03,1545110849,735.59,51.44441722,7.49169465,271.86,5.11,0.21,203.50,1,-108.00,-14.00,1.00,7.00,25.00,24.00,13417219,440
87.03,1545110850,740.69,51.44433881,7.49162345,272.09,5.42,0.31,213.37,1,-110.00,-16.00,-2.00,4.00,24.00,24.00,13417219,440
88.03,1545110851,746.11,51.44426929,7.49153977,272.53,10.23,4.81,216.42,1,-110.00,-16.00,-2.00,4.00,24.00,24.00,13417219,440
89.03,1545110852,756.36,51.44418698,7.49144528,272.71,11.26,1.03,216.05,1,-110.00,-16.00,-2.00,5.00,24.00,24.00,13417219,440
90.03,1545110853,767.62,51.44410372,7.49134362,272.78,12.15,0.88,215.44,1,-110.00,-16.00,-2.00,5.00,24.00,24.00,13417219,440
91.04,1545110854,779.86,51.44401106,7.49123990,272.68,12.84,0.68,214.96,1,-110.00,-15.00,-2.00,5.00,24.00,24.00,13417219,440
92.03,1545110855,792.60,51.44390788,7.49112255,272.82,13.73,0.90,214.97,1,-110.00,-15.00,-2.00,5.00,24.00,24.00,13417219,440
93.03,1545110856,806.30,51.44379901,7.49100040,273.18,14.36,0.63,215.33,1,-109.00,-13.00,0.00,7.00,23.00,24.00,13417219,440
94.03,1545110857,820.66,51.44369397,7.49087935,273.42,15.08,0.72,216.26,1,-109.00,-13.00,0.00,7.00,23.00,24.00,13417219,440
95.03,1545110858,835.76,51.44358376,7.49074722,273.47,15.68,0.61,216.36,1,-104.00,-10.00,1.00,6.00,28.00,42.00,13536515,142
96.03,1545110859,851.42,51.44347075,7.49061253,273.35,15.48,-0.20,216.66,1,-104.00,-10.00,1.00,6.00,28.00,42.00,13536515,142
97.03,1545110860,866.90,51.44335740,7.49047595,273.31,15.46,-0.02,216.68,1,-111.00,-13.00,1.00,5.00,21.00,42.00,13536515,142
98.03,1545110861,882.37,51.44324607,7.49034396,273.58,15.29,-0.17,216.67,1,-111.00,-13.00,1.00,5.00,21.00,42.00,13536515,142
99.03,1545110862,897.65,51.44313461,7.49021409,273.94,15.18,-0.11,216.71,1,-120.00,-16.00,-4.00,3.00,17.00,22.00,13417219,142
100.03,1545110863,912.85,51.44302780,7.49008941,274.54,15.16,-0.02,217.00,1,-120.00,-16.00,-4.00,3.00,17.00,22.00,13417219,142
101.03,1545110864,927.99,51.44292194,7.48996457,275.11,14.95,-0.20,216.79,1,-111.00,-15.00,-3.00,6.00,22.00,22.00,13417219,440
102.03,1545110865,942.94,51.44281475,7.48984282,275.28,14.75,-0.21,216.76,1,-111.00,-15.00,-3.00,6.00,22.00,22.00,13417219,440
103.03,1545110866,957.67,51.44269580,7.48970325,275.94,14.52,-0.22,216.07,1,-109.00,-15.00,-3.00,5.00,25.00,22.00,13417219,440
104.03,1545110867,972.21,51.44258884,7.48957987,276.35,14.74,0.22,215.53,1,-109.00,-15.00,-3.00,5.00,25.00,22.00,13417219,440
105.03,1545110868,987.07,51.44247859,7.48945129,277.04,14.38,-0.36,215.27,1,-104.00,-14.00,-3.00,7.00,26.00,22.00,13417219,440
106.03,1545110869,1001.33,51.44237135,7.48933382,277.91,13.85,-0.53,214.77,1,-104.00,-14.00,-3.00,7.00,26.00,22.00,13417219,440
107.03,1545110870,1015.17,51.44228001,7.48922076,278.77,13.10,-0.75,215.89,1,-104.00,-14.00,-3.00,7.00,26.00,22.00,13417219,440
108.03,1545110871,1028.29,51.44218203,7.48910685,279.60,13.10,0.01,216.63,1,-104.00,-13.00,-1.00,6.00,27.00,22.00,13417219,440
109.02,1545110872,1041.35,51.44208986,7.48898959,280.77,13.60,0.50,217.47,1,-104.00,-13.00,-1.00,6.00,27.00,22.00,13417219,440
110.03,1545110873,1054.98,51.44198979,7.48885520,281.47,13.63,0.03,219.04,1,-105.00,-13.00,-1.00,6.00,25.00,22.00,13417219,440
111.03,1545110874,1068.63,51.44189081,7.48871072,281.51,13.63,-0.00,221.13,1,-105.00,-13.00,-1.00,6.00,25.00,22.00,13417219,440
112.03,1545110875,1082.29,51.44180242,7.48857482,281.36,14.05,0.42,223.15,1,-102.00,-16.00,-7.00,4.00,33.00,22.00,13417219,440
113.03,1545110876,1096.33,51.44172181,7.48843746,281.09,13.22,-0.83,224.92,1,-102.00,-16.00,-7.00,4.00,33.00,22.00,13417219,440
114.03,1545110877,1109.54,51.44163747,7.48828406,280.77,13.39,0.17,226.51,1,-110.00,-9.00,-12.00,5.00,13.00,85.00,13067273,288
115.03,1545110878,1122.92,51.44155739,7.48812965,280.59,13.87,0.48,228.08,1,-110.00,-9.00,-12.00,5.00,13.00,85.00,13067273,288
116.03,1545110879,1136.77,51.44147829,7.48796522,280.33,14.01,0.14,229.25,1,-116.00,-11.00,-3.00,8.00,12.00,85.00,13067273,288
117.02,1545110880,1150.74,51.44139363,7.48779187,279.94,14.49,0.48,230.23,1,-116.00,-11.00,-3.00,8.00,12.00,85.00,13067273,288
118.03,1545110881,1165.29,51.44130516,7.48760797,279.63,15.02,0.53,231.05,1,-116.00,-10.00,2.00,7.00,12.00,85.00,13067273,288
119.03,1545110882,1180.29,51.44122263,7.48743301,279.09,15.33,0.31,231.73,1,-116.00,-10.00,2.00,7.00,12.00,85.00,13067273,288
120.03,1545110883,1195.61,51.44114337,7.48724839,278.84,15.10,-0.22,232.27,1,-118.00,-10.00,3.00,6.00,11.00,85.00,13067273,288
121.02,1545110884,1210.68,51.44106520,7.48707755,278.66,15.19,0.09,232.90,1,-118.00,-10.00,3.00,6.00,11.00,85.00,13067273,288
122.03,1545110885,1225.91,51.44098133,7.48689500,278.60,15.36,0.17,232.34,1,-116.00,-9.00,3.00,7.00,10.00,85.00,13067273,288
123.03,1545110886,1241.26,51.44090142,7.48671579,279.22,15.49,0.12,232.72,1,-116.00,-9.00,3.00,7.00,10.00,85.00,13067273,288
124.02,1545110887,1256.71,51.44081435,7.48653456,279.57,15.75,0.26,233.41,1,-116.00,-9.00,4.00,10.00,10.00,85.00,13067273,288
125.03,1545110888,1272.51,51.44073101,7.48635874,280.29,14.57,-1.17,233.63,1,-116.00,-9.00,4.00,10.00,10.00,85.00,13067273,288
126.03,1545110889,1287.08,51.44064182,7.48616625,280.85,15.15,0.58,233.45,1,-110.00,-7.00,7.00,9.00,15.00,85.00,13067273,288
127.03,1545110890,1302.23,51.44055392,7.48597939,281.11,15.53,0.39,232.99,1,-110.00,-7.00,7.00,9.00,15.00,85.00,13067273,288
128.03,1545110891,1317.87,51.44046586,7.48579275,281.49,16.08,0.54,232.50,1,-119.00,-10.00,4.00,5.00,9.00,85.00,13067273,288
129.03,1545110892,1333.85,51.44038446,7.48561575,281.55,15.87,-0.20,232.81,1,-119.00,-10.00,4.00,5.00,9.00,85.00,13067273,288
130.03,1545110893,1349.72,51.44029703,7.48542527,281.40,15.72,-0.15,232.95,1,-119.00,-10.00,4.00,5.00,9.00,85.00,13067273,288
131.02,1545110894,1365.40,51.44021559,7.48524776,281.77,15.32,-0.41,233.00,1,-99.00,-12.00,4.00,8.00,30.00,20.00,13417219,440
132.02,1545110895,1380.71,51.44012637,7.48506178,282.18,15.59,0.27,233.18,1,-99.00,-12.00,4.00,8.00,30.00,20.00,13417219,440
133.03,1545110896,1396.35,51.44003639,7.48487220,282.36,15.36,-0.22,232.85,1,-94.00,-8.00,7.00,12.00,34.00,20.00,13417219,440
134.03,1545110897,1411.70,51.43994777,7.48468943,282.33,15.01,-0.36,232.33,1,-94.00,-8.00,7.00,12.00,34.00,20.00,13417219,440
135.03,1545110898,1426.70,51.43986298,7.48451196,283.38,15.42,0.42,232.57,1,-98.00,-12.00,6.00,8.00,33.00,20.00,13417219,440
136.03,1545110899,1442.11,51.43977586,7.48433249,284.18,15.18,-0.25,231.58,1,-98.00,-12.00,6.00,8.00,33.00,20.00,13417219,440
137.03,1545110900,1457.29,51.43968641,7.48415040,284.85,15.48,0.31,232.17,1,-97.00,-6.00,3.00,8.00,29.00,20.00,13417219,440
138.03,1545110901,1472.77,51.43960570,7.48397752,285.89,15.70,0.22,232.88,1,-97.00,-6.00,3.00,8.00,29.00,20.00,13417219,440
139.03,1545110902,1488.49,51.43952513,7.48379391,287.04,15.47,-0.23,233.72,1,-99.00,-8.00,5.00,7.00,28.00,20.00,13417219,440
140.03,1545110903,1503.96,51.43944222,7.48360438,287.85,15.61,0.14,234.87,1,-99.00,-8.00,5.00,7.00,28.00,20.00,13417219,440
141.03,1545110904,1519.59,51.43936516,7.48341876,288.40,15.47,-0.14,236.46,1,-98.00,-8.00,0.00,8.00,28.00,20.00,13417219,440
142.02,1545110905,1534.99,51.43927675,7.48319713,288.93,15.27,-0.20,238.01,1,-98.00,-8.00,0.00,8.00,28.00,20.00,13417219,440
143.03,1545110906,1550.31,51.43920340,7.48299721,289.87,15.50,0.23,238.63,1,-100.00,-12.00,5.00,6.00,30.00,20.00,13417219,440
144.03,1545110907,1565.82,51.43912782,7.48278653,290.53,15.06,-0.44,239.96,1,-100.00,-12.00,5.00,6.00,30.00,20.00,13417219,440
145.03,1545110908,1580.87,51.43904874,7.48256762,290.76,16.02,0.97,240.70,1,-95.00,-9.00,5.00,10.00,33.00,20.00,13417219,440
146.03,1545110909,1596.90,51.43897667,7.48235468,291.20,15.69,-0.34,240.91,1,-95.00,-9.00,5.00,10.00,33.00,20.00,13417219,440
147.03,1545110910,1612.58,51.43891056,7.48214182,291.69,15.20,-0.49,241.87,1,-95.00,-9.00,8.00,12.00,32.00,20.00,13417219,440
148.03,1545110911,1627.76,51.43884862,7.48194645,291.74,15.08,-0.12,241.04,1,-95.00,-9.00,8.00,12.00,32.00,20.00,13417219,440
149.03,1545110912,1642.94,51.43878016,7.48173264,291.69,15.82,0.74,241.73,1,-100.00,-7.00,10.00,10.00,26.00,20.00,13417219,440
150.03,1545110913,1658.66,51.43870754,7.48151250,291.67,16.55,0.73,242.47,1,-100.00,-7.00,10.00,10.00,26.00,20.00,13417219,440
151.05,1545110914,1675.57,51.43863170,7.48128829,291.82,17.21,0.64,242.03,1,-96.00,-7.00,7.00,9.00,31.00,20.00,13417219,440
152.02,1545110915,1692.35,51.43855577,7.48106389,292.03,17.64,0.45,241.52,1,-96.00,-7.00,7.00,9.00,31.00,20.00,13417219,440
153.02,1545110916,1709.99,51.43848215,7.48084678,292.39,17.47,-0.17,241.07,1,-96.00,-7.00,7.00,9.00,31.00,20.00,13417219,440
154.02,1545110917,1727.46,51.43840382,7.48063159,292.63,17.57,0.10,240.66,1,-98.00,-13.00,10.00,6.00,34.00,20.00,13417219,440
155.02,1545110918,1745.03,51.43832401,7.48040043,292.81,17.63,0.06,240.33,1,-98.00,-13.00,10.00,6.00,34.00,20.00,13417219,440
156.03,1545110919,1762.74,51.43824593,7.48018016,292.78,17.52,-0.11,241.22,1,-98.00,-12.00,8.00,6.00,34.00,20.00,13417219,440
157.03,1545110920,1780.24,51.43816796,7.47994970,292.57,17.69,0.17,241.19,1,-98.00,-12.00,8.00,6.00,34.00,20.00,13417219,440
158.03,1545110921,1797.95,51.43809479,7.47974121,292.45,17.67,-0.03,241.14,1,-99.00,-13.00,5.00,8.00,33.00,20.00,13417219,440
159.03,1545110922,1815.62,51.43801311,7.47950882,292.19,17.82,0.15,240.86,1,-99.00,-13.00,5.00,8.00,33.00,20.00,13417219,440
160.03,1545110923,1833.41,51.43793683,7.47928091,291.67,17.09,-0.73,241.79,1,-97.00,-8.00,5.00,12.00,30.00,20.00,13417219,440
161.03,1545110924,1850.52,51.43786831,7.47906837,290.66,16.23,-0.86,242.32,1,-97.00,-8.00,5.00,12.00,30.00,20.00,13417219,440
162.02,1545110925,1866.68,51.43780047,7.47884993,289.93,15.17,-1.06,242.83,1,-92.00,-7.00,4.00,11.00,35.00,20.00,13417219,440
163.03,1545110926,1881.88,51.43773052,7.47863460,288.86,14.92,-0.25,242.49,1,-92.00,-7.00,4.00,11.00,35.00,20.00,13417219,440
164.02,1545110927,1896.77,51.43766847,7.47843850,288.53,15.27,0.35,242.41,1,-95.00,-13.00,5.00,6.00,38.00,20.00,13417219,440
165.03,1545110928,1912.09,51.43760516,7.47825151,288.02,15.25,-0.02,242.29,1,-95.00,-13.00,5.00,6.00,38.00,20.00,13417219,440
166.03,1545110929,1927.36,51.43754160,7.47806114,288.04,15.33,0.07,241.99,1,-95.00,-9.00,5.00,7.00,34.00,20.00,13417219,440
167.03,1545110930,1942.67,51.43747188,7.47786835,287.93,15.36,0.04,241.09,1,-95.00,-9.00,5.00,7.00,34.00,20.00,13417219,440
168.03,1545110931,1958.02,51.43740222,7.47765612,287.79,15.52,0.16,241.49,1,-89.00,-7.00,3.00,6.00,37.00,19.00,13523715,440
169.03,1545110932,1973.54,51.43734079,7.47746380,287.29,15.57,0.05,242.24,1,-89.00,-7.00,3.00,6.00,37.00,19.00,13523715,440
170.03,1545110933,1989.10,51.43728222,7.47727239,287.25,14.51,-1.05,243.32,1,-89.00,-6.00,16.00,12.00,36.00,19.00,13523715,6
171.03,1545110934,2003.64,51.43722895,7.47708453,287.44,13.31,-1.20,244.98,1,-89.00,-6.00,16.00,12.00,36.00,19.00,13523715,6
172.03,1545110935,2016.95,51.43718676,7.47690047,287.86,12.32,-0.99,248.26,1,-90.00,-6.00,22.00,10.00,37.00,19.00,13523715,6
173.02,1545110936,2029.21,51.43717271,7.47673088,288.37,12.23,-0.09,261.57,1,-90.00,-6.00,22.00,10.00,37.00,19.00,13523715,6
174.03,1545110937,2041.48,51.43715694,7.47652644,288.67,11.16,-1.07,265.06,1,-90.00,-6.00,22.00,10.00,37.00,19.00,13523715,6
175.03,1545110938,2052.63,51.43717075,7.47634345,288.73,10.33,-0.82,278.98,1,-93.00,-7.00,26.00,11.00,34.00,19.00,13523715,6
176.03,1545110939,2062.97,51.43722419,7.47621529,288.74,9.04,-1.30,308.93,1,-93.00,-7.00,26.00,11.00,34.00,19.00,13523715,6
177.02,1545110940,2071.97,51.43729898,7.47612133,288.41,8.72,-0.32,330.95,1,-94.00,-7.00,25.00,9.00,32.00,19.00,13523715,6
178.03,1545110941,2080.72,51.43737547,7.47609592,288.24,7.98,-0.73,355.95,1,-94.00,-7.00,25.00,9.00,32.00,19.00,13523715,6
179.03,1545110942,2088.70,51.43745931,7.47613793,288.35,9.07,1.09,22.00,1,-95.00,-7.00,13.00,11.00,31.00,19.00,13523715,6
180.03,1545110943,2097.77,51.43753383,7.47622466,288.35,9.59,0.51,41.68,1,-95.00,-7.00,13.00,11.00,31.00,19.00,13523715,6
181.03,1545110944,2107.37,51.43760648,7.47633143,288.44,10.50,0.92,45.38,1,-96.00,-7.00,14.00,8.00,32.00,19.00,13523715,6
182.02,1545110945,2117.85,51.43768835,7.47647553,288.61,11.68,1.17,47.57,1,-96.00,-7.00,14.00,8.00,32.00,19.00,13523715,6
183.02,1545110946,2129.52,51.43776343,7.47662104,288.75,12.62,0.94,49.38,1,-93.00,-12.00,8.00,11.00,39.00,19.00,13523715,6
184.02,1545110947,2142.14,51.43784635,7.47678454,289.01,13.97,1.35,50.69,1,-93.00,-12.00,8.00,11.00,39.00,19.00,13523715,6
185.03,1545110948,2156.14,51.43792977,7.47694763,289.06,14.74,0.77,51.51,1,-95.00,-13.00,8.00,6.00,37.00,19.00,13523715,6
186.03,1545110949,2170.86,51.43801070,7.47712435,289.36,15.37,0.63,52.51,1,-95.00,-13.00,8.00,6.00,37.00,19.00,13523715,6
187.03,1545110950,2186.23,51.43809986,7.47732198,289.64,16.58,1.21,53.46,1,-95.00,-7.00,19.00,8.00,32.00,19.00,13523715,6
188.03,1545110951,2202.80,51.43818428,7.47752344,289.81,17.65,1.07,54.04,1,-95.00,-7.00,19.00,8.00,32.00,19.00,13523715,6
189.03,1545110952,2220.45,51.43827527,7.47773813,290.11,18.77,1.12,54.55,1,-95.00,-7.00,-1.00,8.00,31.00,19.00,13523715,6
190.03,1545110953,2239.24,51.43836982,7.47795923,290.26,19.78,1.01,55.02,1,-95.00,-7.00,-1.00,8.00,31.00,19.00,13523715,6
191.03,1545110954,2259.02,51.43846995,7.47820070,290.48,20.64,0.86,55.41,1,-103.00,-13.00,0.00,8.00,30.00,19.00,13523715,6
192.03,1545110955,2279.67,51.43857763,7.47845714,291.30,21.69,1.05,55.86,1,-103.00,-13.00,0.00,8.00,30.00,19.00,13523715,6
193.04,1545110956,2301.55,51.43868115,7.47870962,291.43,21.52,-0.17,56.69,1,-102.00,-13.00,1.00,8.00,30.00,19.00,13523715,6
194.03,1545110957,2322.89,51.43879688,7.47898141,291.47,22.66,1.15,56.81,1,-102.00,-13.00,1.00,8.00,30.00,19.00,13523715,6
195.03,1545110958,2345.51,51.43891339,7.47926243,291.19,24.01,1.35,55.98,1,-102.00,-13.00,1.00,8.00,30.00,19.00,13523715,6
196.03,1545110959,2369.57,51.43903147,7.47955600,291.42,24.60,0.59,55.78,1,-104.00,-11.00,-1.00,6.00,24.00,19.00,13523715,6
197.03,1545110960,2394.14,51.43916624,7.47986891,290.46,24.68,0.09,54.78,1,-104.00,-11.00,-1.00,6.00,24.00,19.00,13523715,6
198.03,1545110961,2418.82,51.43930750,7.48018298,288.95,25.40,0.72,54.22,1,-101.00,-6.00,-2.00,6.00,26.00,22.00,13417219,440
199.03,1545110962,2444.20,51.43943914,7.48048265,287.36,25.03,-0.37,53.99,1,-101.00,-6.00,-2.00,6.00,26.00,22.00,13417219,440
200.03,1545110963,2469.23,51.43957662,7.48077309,285.68,24.30,-0.73,52.60,1,-104.00,-8.00,8.00,7.00,24.00,22.00,13417219,440
201.03,1545110964,2493.56,51.43970829,7.48104938,283.91,23.97,-0.34,51.99,1,-104.00,-8.00,8.00,7.00,24.00,22.00,13417219,440
202.03,1545110965,2517.50,51.43983459,7.48131329,282.56,23.78,-0.18,50.75,1,-103.00,-7.00,3.00,7.00,24.00,22.00,13417219,440
203.03,1545110966,2541.28,51.43996877,7.48158115,281.32,23.76,-0.03,50.43,1,-103.00,-7.00,3.00,7.00,24.00,22.00,13417219,440
204.03,1545110967,2565.04,51.44009211,7.48183916,280.53,23.69,-0.07,50.01,1,-106.00,-9.00,5.00,7.00,23.00,22.00,13417219,440
205.03,1545110968,2588.73,51.44023726,7.48209271,279.99,23.73,0.05,46.10,1,-106.00,-9.00,5.00,7.00,23.00,22.00,13417219,440
206.03,1545110969,2612.46,51.44037799,7.48233012,279.44,23.69,-0.05,44.36,1,-108.00,-11.00,-1.00,6.00,23.00,22.00,13417219,440
207.03,1545110970,2636.15,51.44052580,7.48256521,278.75,23.75,0.06,43.35,1,-108.00,-11.00,-1.00,6.00,23.00,22.00,13417219,440
208.03,1545110971,2659.97,51.44067885,7.48280034,277.85,23.72,-0.03,42.36,1,-109.00,-12.00,-4.00,5.00,24.00,22.00,13417219,440
209.03,1545110972,2683.69,51.44083552,7.48301884,276.88,23.75,0.03,40.63,1,-109.00,-12.00,-4.00,5.00,24.00,22.00,13417219,440
210.03,1545110973,2707.37,51.44100237,7.48323560,275.97,23.65,-0.10,39.07,1,-105.00,-10.00,3.00,7.00,24.00,22.00,13415426,265
211.03,1545110974,2731.02,51.44118132,7.48344790,275.33,23.96,0.31,36.63,1,-105.00,-10.00,3.00,7.00,24.00,22.00,13415426,265
212.03,1545110975,2755.06,51.44135727,7.48364546,274.53,23.57,-0.39,34.43,1,-105.00,-14.00,-3.00,5.00,30.00,22.00,13415426,265
213.05,1545110976,2779.02,51.44153182,7.48383218,273.74,23.66,0.09,33.00,1,-105.00,-14.00,-3.00,5.00,30.00,22.00,13415426,265
214.03,1545110977,2802.24,51.44170795,7.48400140,272.87,23.54,-0.13,30.81,1,-105.00,-14.00,-1.00,5.00,29.00,22.00,13415426,265
215.03,1545110978,2825.77,51.44188758,7.48416487,271.99,23.78,0.24,29.30,1,-105.00,-14.00,-1.00,5.00,29.00,22.00,13415426,265
216.03,1545110979,2849.74,51.44206790,7.48432078,271.09,23.94,0.16,27.97,1,-109.00,-15.00,-3.00,6.00,26.00,22.00,13415426,265
217.03,1545110980,2873.50,51.44225343,7.48447459,270.22,24.04,0.10,26.87,1,-109.00,-15.00,-3.00,6.00,26.00,22.00,13415426,265
218.03,1545110981,2897.54,51.44243991,7.48462494,269.42,24.11,0.07,26.00,1,-109.00,-15.00,-3.00,6.00,26.00,22.00,13415426,265
219.03,1545110982,2921.72,51.44263130,7.48476789,268.68,23.79,-0.32,25.44,1,-112.00,-16.00,-8.00,4.00,23.00,22.00,13415426,265
220.03,1545110983,2945.51,51.44282688,7.48490925,268.02,23.53,-0.26,24.82,1,-112.00,-16.00,-8.00,4.00,23.00,22.00,13415426,265
221.03,1545110984,2969.04,51.44302205,7.48504298,267.45,23.35,-0.18,23.96,1,-108.00,-19.00,-15.00,2.00,27.00,22.00,13415426,265
222.03,1545110985,2992.40,51.44321239,7.48517481,266.86,23.10,-0.26,23.80,1,-108.00,-19.00,-15.00,2.00,27.00,22.00,13415426,265
223.03,1545110986,3015.49,51.44339801,7.48530471,266.37,22.66,-0.43,23.57,1,-112.00,-18.00,-16.00,4.00,22.00,22.00,13415426,265
224.03,1545110987,3038.14,51.44357626,7.48542592,266.08,21.42,-1.24,22.87,1,-112.00,-18.00,-16.00,4.00,22.00,22.00,13415426,265
225.03,1545110988,3059.58,51.44374789,7.48553747,265.85,20.25,-1.17,21.53,1,-112.00,-22.00,-16.00,2.00,28.00,22.00,13415426,265
226.03,1545110989,3079.81,51.44391483,7.48564500,265.64,19.57,-0.69,21.41,1,-112.00,-22.00,-16.00,2.00,28.00,22.00,13415426,265
227.03,1545110990,3099.36,51.44406998,7.48574138,265.36,18.89,-0.68,21.27,nan,nan,nan,nan,nan,nan,nan,nan,nan
228.03,1545110991,3118.23,51.44422373,7.48584505,265.23,16.76,-2.13,22.41,nan,nan,nan,nan,nan,nan,nan,nan,nan
229.03,1545110992,3135.00,51.44435301,7.48594093,264.93,15.11,-1.66,24.74,nan,nan,nan,nan,nan,nan,nan,nan,nan
230.03,1545110993,3150.10,51.44446814,7.48605299,264.60,14.47,-0.64,28.53,nan,nan,nan,nan,nan,nan,nan,nan,nan
231.03,1545110994,3164.56,51.44456991,7.48620141,263.91,14.16,-0.30,44.48,1,-112.00,-22.00,-16.00,0.00,28.00,22.00,13415426,-1
232.03,1545110995,3178.73,51.44463913,7.48636055,263.41,13.82,-0.34,57.02,1,-112.00,-22.00,-16.00,0.00,28.00,22.00,13415426,-1
233.03,1545110996,3192.58,51.44467576,7.48653421,263.21,12.73,-1.09,72.32,1,-118.00,-18.00,-12.00,2.00,18.00,15.00,13415170,315
234.03,1545110997,3205.32,51.44470830,7.48672155,262.60,12.25,-0.48,75.99,1,-118.00,-18.00,-12.00,2.00,18.00,15.00,13415170,315
235.03,1545110998,3217.59,51.44468831,7.48694915,261.35,13.28,1.03,104.73,1,-120.00,-18.00,-11.00,1.00,17.00,25.00,13417219,315
236.03,1545110999,3230.87,51.44465509,7.48712356,261.30,13.31,0.04,108.67,1,-120.00,-18.00,-11.00,1.00,17.00,25.00,13417219,315
237.03,1545111000,3244.14,51.44457443,7.48728746,261.29,13.30,-0.02,130.46,1,-110.00,-15.00,-6.00,7.00,24.00,25.00,13417219,440
238.03,1545111001,3257.41,51.44447022,7.48742312,261.30,13.40,0.10,144.14,1,-110.00,-15.00,-6.00,7.00,24.00,25.00,13417219,440
239.03,1545111002,3270.81,51.44436728,7.48753737,261.38,13.21,-0.19,147.79,1,-110.00,-15.00,-6.00,7.00,24.00,25.00,13417219,440
240.03,1545111003,3284.07,51.44426059,7.48755177,261.53,13.13,-0.07,176.80,1,-115.00,-20.00,-11.00,1.00,24.00,25.00,13417219,440
241.03,1545111004,3297.20,51.44414657,7.48753071,261.30,13.07,-0.06,190.49,1,-115.00,-20.00,-11.00,1.00,24.00,25.00,13417219,440
242.03,1545111005,3310.27,51.44404860,7.48747497,261.87,13.82,0.75,194.00,1,-99.00,-23.00,-16.00,2.00,33.00,25.00,13417219,440
243.03,1545111006,3324.08,51.44394222,7.48735305,262.29,13.89,0.06,217.54,1,-99.00,-23.00,-16.00,2.00,33.00,25.00,13417219,440
244.03,1545111007,3337.93,51.44385206,7.48719807,262.25,14.18,0.30,233.44,nan,nan,nan,nan,nan,nan,nan,nan,nan
245.03,1545111008,3352.12,51.44379971,7.48703052,262.11,14.35,0.17,249.98,nan,nan,nan,nan,nan,nan,nan,nan,nan
246.03,1545111009,3366.47,51.44377358,7.48680546,262.16,14.63,0.28,266.01,nan,nan,nan,nan,nan,nan,nan,nan,nan
247.03,1545111010,3381.10,51.44375332,7.48657921,262.27,14.86,0.23,266.85,nan,nan,nan,nan,nan,nan,nan,nan,nan
248.03,1545111011,3395.96,51.44374251,7.48636483,262.58,15.68,0.82,267.31,nan,nan,nan,nan,nan,nan,nan,nan,nan
249.03,1545111012,3411.65,51.44373264,7.48613679,262.96,16.69,1.00,267.77,nan,nan,nan,nan,nan,nan,nan,nan,nan
250.03,1545111013,3428.33,51.44372433,7.48588383,263.20,17.31,0.63,267.28,nan,nan,nan,nan,nan,nan,nan,nan,nan
251.03,1545111014,3445.65,51.44371694,7.48561589,263.64,19.10,1.78,267.35,nan,nan,nan,nan,nan,nan,nan,nan,nan
252.03,1545111015,3464.76,51.44370827,7.48529923,263.84,20.08,0.98,267.86,nan,nan,nan,nan,nan,nan,nan,nan,nan
253.03,1545111016,3484.82,51.44370268,7.48496703,264.06,21.28,1.20,268.89,nan,nan,nan,nan,nan,nan,nan,nan,nan
254.03,1545111017,3506.12,51.44369816,7.48463692,264.03,22.62,1.34,268.79,nan,nan,nan,nan,nan,nan,nan,nan,nan
255.03,1545111018,3528.72,51.44369719,7.48431927,264.67,24.09,1.47,270.06,nan,nan,nan,nan,nan,nan,nan,nan,nan
256.03,1545111019,3552.81,51.44368908,7.48398052,265.53,24.77,0.67,268.94,nan,nan,nan,nan,nan,nan,nan,nan,nan
257.03,1545111020,3577.58,51.44367625,7.48362667,266.42,25.53,0.76,267.73,nan,nan,nan,nan,nan,nan,nan,nan,nan
258.03,1545111021,3603.33,51.44366539,7.48325253,267.14,26.52,0.98,268.02,nan,nan,nan,nan,nan,nan,nan,nan,nan
259.03,1545111022,3629.61,51.44365514,7.48286619,267.75,26.90,0.38,267.79,nan,nan,nan,nan,nan,nan,nan,nan,nan
260.03,1545111023,3656.51,51.44364472,7.48247771,268.11,26.51,-0.39,267.33,nan,nan,nan,nan,nan,nan,nan,nan,nan
261.03,1545111024,3683.02,51.44363068,7.48209912,268.31,25.99,-0.52,266.58,nan,nan,nan,nan,nan,nan,nan,nan,nan
262.03,1545111025,3709.01,51.44361691,7.48172754,268.43,25.78,-0.21,266.12,nan,nan,nan,nan,nan,nan,nan,nan,nan
263.03,1545111026,3734.79,51.44360294,7.48136270,268.48,25.77,-0.01,266.20,nan,nan,nan,nan,nan,nan,nan,nan,nan
264.03,1545111027,3760.56,51.44358888,7.48099610,268.34,25.91,0.14,265.77,nan,nan,nan,nan,nan,nan,nan,nan,nan
265.03,1545111028,3786.46,51.44356922,7.48062415,268.03,26.02,0.12,265.02,nan,nan,nan,nan,nan,nan,nan,nan,nan
266.03,1545111029,3812.48,51.44354865,7.48025128,267.76,26.35,0.33,264.26,nan,nan,nan,nan,nan,nan,nan,nan,nan
267.03,1545111030,3838.86,51.44352083,7.47987276,267.37,26.68,0.33,262.99,nan,nan,nan,nan,nan,nan,nan,nan,nan
268.03,1545111031,3865.55,51.44349069,7.47949069,267.10,27.20,0.52,262.41,nan,nan,nan,nan,nan,nan,nan,nan,nan
269.03,1545111032,3892.72,51.44345890,7.47908950,266.78,27.53,0.33,262.38,nan,nan,nan,nan,nan,nan,nan,nan,nan
270.03,1545111033,3920.27,51.44342500,7.47868794,266.57,28.00,0.48,262.44,nan,nan,nan,nan,nan,nan,nan,nan,nan
271.02,1545111034,3948.22,51.44339056,7.47828230,266.42,28.60,0.59,262.97,1,-103.00,-10.00,4.00,9.00,26.00,17.00,13415426,265
272.02,1545111035,3976.76,51.44335757,7.47787499,266.19,28.88,0.28,263.02,1,-103.00,-10.00,4.00,9.00,26.00,17.00,13415426,265
273.03,1545111036,4005.75,51.44332363,7.47747413,265.94,28.61,-0.27,262.47,1,-100.00,-8.00,9.00,9.00,28.00,17.00,13415426,265
274.03,1545111037,4034.36,51.44329032,7.47707302,265.56,28.37,-0.24,262.03,1,-100.00,-8.00,9.00,9.00,28.00,17.00,13415426,265
275.03,1545111038,4062.70,51.44325575,7.47666894,265.16,28.50,0.13,262.03,1,-102.00,-8.00,5.00,10.00,25.00,17.00,13415426,265
276.03,1545111039,4091.23,51.44321594,7.47626704,264.67,28.31,-0.19,261.57,1,-102.00,-8.00,5.00,10.00,25.00,17.00,13415426,265
277.03,1545111040,4119.51,51.44317850,7.47586501,263.99,28.25,-0.06,261.22,1,-104.00,-9.00,2.00,9.00,24.00,17.00,13415426,265
278.03,1545111041,4147.76,51.44313709,7.47546818,263.27,28.26,0.00,260.53,1,-104.00,-9.00,2.00,9.00,24.00,17.00,13415426,265
279.03,1545111042,4176.27,51.44309494,7.47507214,262.48,28.19,-0.06,259.74,1,-103.00,-9.00,13.00,12.00,24.00,17.00,13415426,265
280.03,1545111043,4204.21,51.44304958,7.47468005,261.81,27.71,-0.49,259.16,1,-103.00,-9.00,13.00,12.00,24.00,17.00,13415426,265
281.03,1545111044,4231.95,51.44300248,7.47429309,260.86,27.34,-0.37,258.48,1,-103.00,-9.00,13.00,12.00,24.00,17.00,13415426,265
282.03,1545111045,4259.29,51.44295565,7.47390090,260.13,27.11,-0.23,258.55,1,-109.00,-10.00,3.00,8.00,21.00,14.00,13415426,265
283.03,1545111046,4286.37,51.44290939,7.47351669,259.23,26.91,-0.20,258.71,1,-109.00,-10.00,3.00,8.00,21.00,14.00,13415426,265
284.03,1545111047,4313.29,51.44286485,7.47315543,258.38,26.62,-0.29,258.24,1,-96.00,-13.00,4.00,13.00,35.00,14.00,13415426,265
285.03,1545111048,4339.91,51.44281275,7.47278384,257.63,27.35,0.73,257.51,1,-96.00,-13.00,4.00,13.00,35.00,14.00,13415426,265
286.03,1545111049,4367.25,51.44275918,7.47240973,256.90,27.25,-0.10,257.44,1,-108.00,-9.00,4.00,5.00,21.00,14.00,13415426,265
287.03,1545111050,4394.50,51.44271217,7.47204232,255.72,27.13,-0.12,257.47,1,-108.00,-9.00,4.00,5.00,21.00,14.00,13415426,265
288.03,1545111051,4421.63,51.44266488,7.47166562,254.47,27.59,0.46,258.00,1,-104.00,-9.00,8.00,6.00,26.00,14.00,13415426,265
289.03,1545111052,4449.22,51.44261772,7.47128511,253.21,27.66,0.07,258.12,1,-104.00,-9.00,8.00,6.00,26.00,14.00,13415426,265
290.03,1545111053,4476.87,51.44256752,7.47089308,251.86,27.96,0.30,258.02,1,-103.00,-7.00,23.00,8.00,24.00,14.00,13415426,265
291.02,1545111054,4504.81,51.44251712,7.47050398,250.86,28.14,0.17,257.88,1,-103.00,-7.00,23.00,8.00,24.00,14.00,13415426,265
292.03,1545111055,4532.97,51.44246373,7.47009497,249.69,28.62,0.48,257.92,1,-107.00,-9.00,4.00,9.00,24.00,14.00,13415426,265
293.03,1545111056,4561.62,51.44241121,7.46969353,248.78,28.69,0.07,257.94,1,-107.00,-9.00,4.00,9.00,24.00,14.00,13415426,265
294.03,1545111057,4590.31,51.44235799,7.46928431,247.85,29.16,0.47,258.25,1,-98.00,-13.00,-4.00,10.00,34.00,14.00,13415426,265
295.03,1545111058,4619.53,51.44230405,7.46886508,246.92,29.91,0.75,258.37,1,-98.00,-13.00,-4.00,10.00,34.00,14.00,13415426,265
296.03,1545111059,4649.41,51.44225334,7.46843359,245.92,30.53,0.62,258.76,1,-106.00,-12.00,-11.00,5.00,25.00,14.00,13415426,265
297.02,1545111060,4679.79,51.44220211,7.46800008,244.97,31.21,0.69,258.73,1,-106.00,-12.00,-11.00,5.00,25.00,14.00,13415426,265
298.03,1545111061,4711.22,51.44214876,7.46755422,244.05,31.53,0.32,258.99,1,-113.00,-14.00,-16.00,1.00,21.00,14.00,13415426,265
299.03,1545111062,4742.75,51.44209517,7.46710370,243.15,31.53,-0.00,259.16,1,-113.00,-14.00,-16.00,1.00,21.00,14.00,13415426,265
300.03,1545111063,4774.41,51.44204302,7.46665963,242.31,31.42,-0.11,259.70,1,-111.00,-16.00,-6.00,1.00,33.00,13.00,13415426,265
301.03,1545111064,4805.58,51.44199213,7.46620382,241.63,31.32,-0.10,259.90,1,-111.00,-16.00,-6.00,1.00,33.00,13.00,13415426,265
302.03,1545111065,4836.90,51.44194036,7.46574357,240.87,31.29,-0.03,260.48,1,-111.00,-16.00,-6.00,1.00,33.00,13.00,13415426,265
303.03,1545111066,4868.31,51.44189606,7.46529108,240.46,31.40,0.11,260.96,1,-107.00,-20.00,-6.00,1.00,25.00,13.00,13415426,265
304.03,1545111067,4899.72,51.44184963,7.46484001,239.77,31.49,0.09,261.01,1,-107.00,-20.00,-6.00,1.00,25.00,13.00,13415426,265
305.03,1545111068,4931.31,51.44180781,7.46438590,238.97,32.09,0.59,262.10,1,-109.00,-21.00,-16.00,1.00,25.00,13.00,13415426,265
306.03,1545111069,4963.33,51.44176554,7.46392075,238.29,32.42,0.33,262.51,1,-109.00,-21.00,-16.00,1.00,25.00,13.00,13415426,265
307.03,1545111070,4995.58,51.44172784,7.46345142,237.60,32.78,0.37,263.20,1,-108.00,-16.00,-11.00,2.00,33.00,13.00,13415427,264
308.03,1545111071,5028.36,51.44169605,7.46299047,236.69,33.11,0.33,264.18,1,-108.00,-16.00,-11.00,2.00,33.00,13.00,13415427,264
309.03,1545111072,5061.54,51.44166513,7.46250045,235.95,33.52,0.41,264.58,1,-107.00,-13.00,-15.00,1.00,24.00,13.00,13415427,264
310.03,1545111073,5095.10,51.44164055,7.46202781,235.16,33.84,0.32,264.87,1,-107.00,-13.00,-15.00,1.00,24.00,13.00,13415427,264
311.03,1545111074,5128.97,51.44161565,7.46153856,234.21,33.82,-0.02,265.23,1,-106.00,-13.00,-16.00,1.00,25.00,13.00,13415427,264
312.03,1545111075,5162.79,51.44159626,7.46105126,233.54,33.67,-0.14,266.16,1,-106.00,-13.00,-16.00,1.00,25.00,13.00,13415427,264
313.03,1545111076,5196.36,51.44157533,7.46055778,233.38,33.64,-0.04,266.57,1,-104.00,-12.00,-8.00,5.00,36.00,14.00,13415427,264
314.03,1545111077,5229.96,51.44155891,7.46007588,233.05,33.68,0.04,267.09,1,-104.00,-12.00,-8.00,5.00,36.00,14.00,13415427,264
315.03,1545111078,5263.77,51.44154736,7.45958496,233.07,33.64,-0.04,267.72,1,-101.00,-14.00,-12.00,3.00,32.00,14.00,13415427,264
316.03,1545111079,5297.45,51.44153434,7.45910122,233.33,33.58,-0.06,268.01,1,-101.00,-14.00,-12.00,3.00,32.00,14.00,13415427,264
317.03,1545111080,5330.89,51.44152208,7.45861787,233.67,33.51,-0.07,268.34,1,-100.00,-14.00,-6.00,8.00,34.00,14.00,13415427,264
318.03,1545111081,5364.37,51.44151691,7.45813817,234.10,33.50,-0.01,269.08,1,-100.00,-14.00,-6.00,8.00,34.00,14.00,13415427,264
319.02,1545111082,5397.84,51.44151192,7.45765758,234.51,33.56,0.06,269.29,1,-100.00,-12.00,-7.00,7.00,32.00,14.00,13415427,264
320.03,1545111083,5431.47,51.44150788,7.45717335,234.80,33.84,0.27,269.95,1,-100.00,-12.00,-7.00,7.00,32.00,14.00,13415427,264
321.04,1545111084,5465.68,51.44150884,7.45668493,234.84,34.06,0.22,270.17,1,-108.00,-16.00,-12.00,1.00,26.00,14.00,13415427,264
322.03,1545111085,5499.44,51.44150982,7.45619259,234.70,34.33,0.27,270.57,1,-108.00,-16.00,-12.00,1.00,26.00,14.00,13415427,264
323.03,1545111086,5533.77,51.44151276,7.45569545,234.58,34.67,0.34,271.02,1,-108.00,-16.00,-12.00,1.00,26.00,14.00,13415427,264
324.03,1545111087,5568.44,51.44152224,7.45520515,234.50,33.96,-0.71,271.45,1,-98.00,-14.00,-15.00,4.00,37.00,14.00,13415427,264
325.03,1545111088,5602.36,51.44153188,7.45471577,234.29,34.02,0.06,272.29,1,-98.00,-14.00,-15.00,4.00,37.00,14.00,13415427,264
326.03,1545111089,5636.34,51.44155169,7.45422334,233.99,34.11,0.09,273.32,1,-89.00,-22.00,-11.00,5.00,44.00,14.00,13415427,264
327.03,1545111090,5670.42,51.44157264,7.45373308,233.65,34.46,0.36,274.28,1,-89.00,-22.00,-11.00,5.00,44.00,14.00,13415427,264
328.03,1545111091,5704.88,51.44160029,7.45324202,233.15,34.39,-0.08,274.54,1,-99.00,-14.00,-6.00,5.00,33.00,14.00,13415427,264
329.03,1545111092,5739.30,51.44162750,7.45274791,232.81,34.58,0.19,275.39,1,-99.00,-14.00,-6.00,5.00,33.00,14.00,13415427,264
330.03,1545111093,5773.84,51.44166074,7.45224706,232.48,35.07,0.50,275.69,1,-107.00,-14.00,-1.00,6.00,26.00,14.00,13415427,264
331.03,1545111094,5808.91,51.44169378,7.45173477,232.11,34.93,-0.14,276.54,1,-107.00,-14.00,-1.00,6.00,26.00,14.00,13415427,264
332.02,1545111095,5843.77,51.44173156,7.45123280,231.69,35.12,0.19,277.04,1,-89.00,-21.00,-9.00,1.00,44.00,14.00,13415427,264
333.02,1545111096,5878.92,51.44177083,7.45072817,231.32,35.29,0.18,277.47,1,-89.00,-21.00,-9.00,1.00,44.00,14.00,13415427,264
334.03,1545111097,5914.43,51.44181056,7.45022923,231.02,35.33,0.04,277.74,1,-107.00,-13.00,-13.00,5.00,25.00,14.00,13415427,264
335.03,1545111098,5949.73,51.44185739,7.44972535,230.73,35.48,0.15,278.26,1,-107.00,-13.00,-13.00,5.00,25.00,14.00,13415427,264
336.03,1545111099,5985.10,51.44190435,7.44921833,230.45,35.59,0.11,278.54,1,-99.00,-13.00,-3.00,6.00,32.00,14.00,13415427,264
337.03,1545111100,6020.76,51.44195092,7.44871119,230.25,35.68,0.09,279.06,1,-99.00,-13.00,-3.00,6.00,32.00,14.00,13415427,264
338.02,1545111101,6056.23,51.44200496,7.44820377,230.15,35.89,0.22,279.76,1,-98.00,-14.00,5.00,11.00,34.00,14.00,13415427,264
339.02,1545111102,6092.16,51.44205989,7.44769330,230.07,36.04,0.15,280.47,1,-98.00,-14.00,5.00,11.00,34.00,14.00,13415427,264
340.02,1545111103,6128.20,51.44212272,7.44718154,229.81,36.11,0.07,280.95,1,-99.00,-13.00,10.00,7.00,33.00,14.00,13415427,264
341.03,1545111104,6164.38,51.44218567,7.44667349,229.54,36.10,-0.01,281.39,1,-99.00,-13.00,10.00,7.00,33.00,14.00,13415427,264
342.03,1545111105,6200.81,51.44225516,7.44616608,229.32,35.93,-0.18,282.20,1,-102.00,-14.00,2.00,2.00,31.00,14.00,13415427,264
343.04,1545111106,6236.89,51.44232601,7.44566224,229.00,35.83,-0.09,282.56,1,-102.00,-14.00,2.00,2.00,31.00,14.00,13415427,264
344.03,1545111107,6272.36,51.44240132,7.44516213,228.72,35.86,0.03,283.29,1,-102.00,-14.00,2.00,2.00,31.00,14.00,13415427,264
345.03,1545111108,6308.19,51.44247733,7.44465811,228.37,35.87,0.01,283.38,1,-105.00,-14.00,-1.00,5.00,28.00,14.00,13415427,264
346.03,1545111109,6344.09,51.44255324,7.44415636,228.02,36.10,0.23,283.76,1,-105.00,-14.00,-1.00,5.00,28.00,14.00,13415427,264
347.03,1545111110,6380.23,51.44263363,7.44365885,227.70,35.51,-0.59,284.52,1,-107.00,-16.00,-4.00,4.00,27.00,14.00,13415427,264
348.03,1545111111,6415.70,51.44271465,7.44317332,227.30,34.97,-0.54,285.40,1,-107.00,-16.00,-4.00,4.00,27.00,14.00,13415427,264
349.03,1545111112,6450.74,51.44279837,7.44268704,226.67,34.40,-0.57,285.48,1,-107.00,-18.00,-6.00,4.00,28.00,14.00,13415427,264
350.03,1545111113,6485.11,51.44288705,7.44220500,225.74,34.32,-0.09,286.00,1,-107.00,-18.00,-6.00,4.00,28.00,14.00,13415427,264
351.03,1545111114,6519.43,51.44297375,7.44172541,224.73,34.49,0.17,286.23,1,-110.00,-15.00,-8.00,2.00,24.00,14.00,13415427,264
352.03,1545111115,6553.91,51.44306242,7.44125209,223.92,34.59,0.11,286.94,1,-110.00,-15.00,-8.00,2.00,24.00,14.00,13415427,264
353.03,1545111116,6588.61,51.44315939,7.44078073,223.07,34.80,0.21,287.44,1,-112.00,-16.00,-13.00,2.00,24.00,14.00,13415427,264
354.03,1545111117,6623.37,51.44325715,7.44030084,222.24,35.10,0.30,287.83,1,-112.00,-16.00,-13.00,2.00,24.00,14.00,13415427,264
355.03,1545111118,6658.30,51.44335575,7.43981678,221.40,35.47,0.37,288.30,1,-105.00,-15.00,-9.00,5.00,28.00,25.00,13246978,157
356.03,1545111119,6693.74,51.44346233,7.43933541,220.56,35.96,0.49,289.02,1,-105.00,-15.00,-9.00,5.00,28.00,25.00,13246978,157
357.02,1545111120,6729.62,51.44356887,7.43885605,219.66,35.88,-0.08,289.52,1,-104.00,-14.00,-4.00,6.00,28.00,25.00,13246978,157
358.03,1545111121,6765.64,51.44368125,7.43837249,218.76,35.59,-0.29,290.06,1,-104.00,-14.00,-4.00,6.00,28.00,25.00,13246978,157
359.03,1545111122,6801.34,51.44379074,7.43790143,217.82,34.90,-0.69,290.53,1,-106.00,-14.00,-4.00,6.00,26.00,25.00,13246978,157
360.03,1545111123,6836.27,51.44389966,7.43743318,216.91,34.29,-0.61,290.98,1,-106.00,-14.00,-4.00,6.00,26.00,25.00,13246978,157
361.03,1545111124,6870.56,51.44401221,7.43697626,215.89,34.18,-0.11,291.34,1,-107.00,-13.00,-9.00,2.00,26.00,25.00,13246978,157
362.03,1545111125,6904.74,51.44412604,7.43651845,214.88,34.47,0.29,291.92,1,-107.00,-13.00,-9.00,2.00,26.00,25.00,13246978,157
363.04,1545111126,6939.41,51.44424643,7.43606488,213.75,34.78,0.31,292.66,1,-108.00,-14.00,-15.00,3.00,26.00,25.00,13246978,157
364.03,1545111127,6973.95,51.44436872,7.43560908,212.60,34.91,0.13,292.89,1,-108.00,-14.00,-15.00,3.00,26.00,25.00,13246978,157
365.03,1545111128,7008.86,51.44449999,7.43514472,211.68,35.39,0.48,294.02,1,-108.00,-14.00,-15.00,3.00,26.00,25.00,13246978,157
366.03,1545111129,7044.14,51.44463658,7.43468002,210.63,35.49,0.10,295.19,1,-106.00,-17.00,-9.00,3.00,28.00,29.00,13415427,264
367.02,1545111130,7079.52,51.44477428,7.43422256,209.40,35.34,-0.15,296.12,1,-106.00,-17.00,-9.00,3.00,28.00,29.00,13415427,264
368.03,1545111131,7114.93,51.44491721,7.43378281,208.12,35.02,-0.32,296.91,1,-109.00,-15.00,-5.00,6.00,24.00,66.00,13081345,210
369.03,1545111132,7149.96,51.44506718,7.43334491,206.61,34.51,-0.51,298.17,1,-109.00,-15.00,-5.00,6.00,24.00,66.00,13081345,210
370.03,1545111133,7184.57,51.44521733,7.43292888,204.73,34.16,-0.35,300.18,1,-110.00,-15.00,-4.00,4.00,23.00,66.00,13081345,210
371.03,1545111134,7218.69,51.44537375,7.43249791,203.01,34.06,-0.09,300.84,1,-110.00,-15.00,-4.00,4.00,23.00,66.00,13081345,210
372.03,1545111135,7252.75,51.44553693,7.43207749,201.45,33.86,-0.20,302.21,1,-89.00,-24.00,-8.00,4.00,51.00,66.00,13081345,210
373.03,1545111136,7286.55,51.44570108,7.43167479,199.89,33.52,-0.34,303.69,1,-89.00,-24.00,-8.00,4.00,51.00,66.00,13081345,210
374.03,1545111137,7320.07,51.44586879,7.43128315,198.34,33.22,-0.30,304.98,1,-94.00,-21.00,-12.00,5.00,36.00,32.00,13395457,111
375.03,1545111138,7353.26,51.44604390,7.43089028,196.79,33.10,-0.12,306.07,1,-94.00,-21.00,-12.00,5.00,36.00,32.00,13395457,111
376.03,1545111139,7386.46,51.44622089,7.43052164,195.19,33.32,0.22,307.74,1,-105.00,-14.00,-4.00,9.00,27.00,32.00,13395457,111
377.03,1545111140,7419.75,51.44640734,7.43015534,193.52,33.61,0.29,309.17,1,-105.00,-14.00,-4.00,9.00,27.00,32.00,13395457,111
378.03,1545111141,7453.29,51.44659860,7.42978236,191.87,33.88,0.27,310.07,1,-103.00,-13.00,0.00,10.00,28.00,32.00,13395457,111
379.02,1545111142,7487.10,51.44680587,7.42940754,190.72,34.84,0.96,310.59,1,-103.00,-13.00,0.00,10.00,28.00,32.00,13395457,111
380.03,1545111143,7522.05,51.44702762,7.42903847,189.66,35.03,0.19,313.56,1,-101.00,-13.00,3.00,11.00,30.00,32.00,13395457,111
381.03,1545111144,7557.08,51.44725123,7.42868222,188.55,35.10,0.07,315.04,1,-101.00,-13.00,3.00,11.00,30.00,32.00,13395457,111
382.03,1545111145,7592.17,51.44748361,7.42833113,187.60,35.75,0.65,316.57,1,-95.00,-14.00,-6.00,11.00,37.00,32.00,13395457,111
383.02,1545111146,7627.85,51.44771694,7.42798917,186.85,36.47,0.73,318.05,1,-95.00,-14.00,-6.00,11.00,37.00,32.00,13395457,111
384.03,1545111147,7664.54,51.44795981,7.42763201,185.93,37.09,0.61,318.51,1,-96.00,-18.00,-10.00,5.00,39.00,32.00,13395457,111
385.02,1545111148,7701.41,51.44821936,7.42728317,184.96,37.73,0.64,320.35,1,-96.00,-18.00,-10.00,5.00,39.00,32.00,13395457,111
386.03,1545111149,7739.21,51.44848721,7.42694651,184.08,38.19,0.46,322.57,1,-96.00,-18.00,-10.00,5.00,39.00,32.00,13395457,111
387.03,1545111150,7777.44,51.44876051,7.42661800,183.25,37.95,-0.24,323.87,1,-87.00,-23.00,-13.00,4.00,46.00,32.00,13395457,111
388.03,1545111151,7815.43,51.44903705,7.42631070,182.27,37.43,-0.53,325.91,1,-87.00,-23.00,-13.00,4.00,46.00,32.00,13395457,111
389.03,1545111152,7852.75,51.44931241,7.42602405,181.17,37.19,-0.24,327.48,1,-101.00,-10.00,-5.00,8.00,28.00,32.00,13395457,111
390.02,1545111153,7889.90,51.44959754,7.42574330,180.01,37.22,0.03,328.88,1,-101.00,-10.00,-5.00,8.00,28.00,32.00,13395457,111
391.02,1545111154,7927.11,51.44988894,7.42548106,178.94,37.21,-0.01,330.57,1,-101.00,-11.00,2.00,6.00,28.00,32.00,13395457,111
392.03,1545111155,7964.36,51.45017862,7.42523509,177.93,37.30,0.09,331.91,1,-101.00,-11.00,2.00,6.00,28.00,32.00,13395457,111
393.03,1545111156,8001.74,51.45047603,7.42499772,176.67,37.06,-0.24,333.65,1,-101.00,-12.00,2.00,3.00,32.00,32.00,13395457,111
394.02,1545111157,8038.69,51.45078417,7.42476472,175.04,37.55,0.49,334.82,1,-101.00,-12.00,2.00,3.00,32.00,32.00,13395457,111
395.03,1545111158,8076.39,51.45110272,7.42454119,173.34,37.44,-0.11,336.38,1,-94.00,-9.00,2.00,6.00,34.00,32.00,13395457,111
396.03,1545111159,8113.79,51.45142291,7.42433555,171.45,37.30,-0.14,338.06,1,-94.00,-9.00,2.00,6.00,34.00,32.00,13395457,111
397.03,1545111160,8151.12,51.45174170,7.42414516,169.63,37.28,-0.01,339.16,1,-103.00,-13.00,3.00,4.00,30.00,32.00,13395457,111
398.03,1545111161,8188.37,51.45205729,7.42397256,167.94,37.01,-0.28,340.29,1,-103.00,-13.00,3.00,4.00,30.00,32.00,13395457,111
399.03,1545111162,8225.34,51.45237423,7.42381106,166.43,36.58,-0.43,341.65,1,-93.00,-5.00,-9.00,6.00,32.00,15.00,13523459,175
400.03,1545111163,8261.93,51.45268784,7.42365166,164.87,36.49,-0.09,342.13,1,-93.00,-5.00,-9.00,6.00,32.00,15.00,13523459,175
401.03,1545111164,8298.38,51.45299952,7.42350534,163.58,36.61,0.12,343.18,1,-95.00,-9.00,4.00,9.00,34.00,15.00,13523459,175
402.03,1545111165,8335.06,51.45330776,7.42335924,162.47,36.65,0.04,343.42,1,-95.00,-9.00,4.00,9.00,34.00,15.00,13523459,175
403.03,1545111166,8371.75,51.45362029,7.42321386,161.40,36.68,0.02,343.55,1,-94.00,-10.00,5.00,9.00,36.00,15.00,13523459,175
404.03,1545111167,8408.35,51.45393222,7.42307156,160.36,36.81,0.13,343.58,1,-94.00,-10.00,5.00,9.00,36.00,15.00,13523459,175
405.03,1545111168,8445.16,51.45425349,7.42293135,159.18,36.72,-0.09,343.69,1,-92.00,-6.00,7.00,13.00,33.00,15.00,13523459,175
406.03,1545111169,8481.84,51.45456722,7.42278306,158.18,36.76,0.04,343.72,1,-92.00,-6.00,7.00,13.00,33.00,15.00,13523459,175
407.03,1545111170,8518.93,51.45488287,7.42263456,157.37,36.75,-0.01,343.62,1,-94.00,-6.00,-3.00,15.00,33.00,15.00,13523459,175
408.03,1545111171,8555.39,51.45519811,7.42248597,156.56,36.71,-0.04,343.11,1,-94.00,-6.00,-3.00,15.00,33.00,15.00,13523459,175
409.03,1545111172,8592.10,51.45551237,7.42232616,155.87,36.79,0.08,342.17,1,-94.00,-6.00,-3.00,15.00,33.00,15.00,13523459,175
410.03,1545111173,8628.89,51.45582837,7.42216478,155.21,36.90,0.11,341.54,1,-87.00,-7.00,-2.00,15.00,37.00,15.00,13523459,175
411.03,1545111174,8665.79,51.45614193,7.42199041,154.60,37.02,0.12,340.54,1,-87.00,-7.00,-2.00,15.00,37.00,15.00,13523459,175
412.03,1545111175,8702.81,51.45645347,7.42180717,154.04,37.21,0.19,339.44,1,-96.00,-10.00,-1.00,15.00,44.00,15.00,13395457,111
413.03,1545111176,8740.02,51.45675910,7.42162114,153.45,37.33,0.12,338.35,1,-96.00,-10.00,-1.00,15.00,44.00,15.00,13395457,111
414.03,1545111177,8777.31,51.45706853,7.42142052,152.92,37.55,0.22,337.15,1,-97.00,-13.00,-1.00,5.00,35.00,15.00,13395457,111
415.03,1545111178,8814.97,51.45738153,7.42121295,152.42,37.78,0.23,336.15,1,-97.00,-13.00,-1.00,5.00,35.00,15.00,13395457,111
416.02,1545111179,8852.60,51.45769334,7.42098145,152.08,37.92,0.14,335.05,1,-92.00,-11.00,3.00,5.00,40.00,16.00,13523459,175
417.02,1545111180,8890.52,51.45799929,7.42074347,151.80,37.85,-0.07,334.01,1,-92.00,-11.00,3.00,5.00,40.00,16.00,13523459,175
418.03,1545111181,8928.49,51.45830597,7.42051585,151.57,37.81,-0.04,333.39,1,-95.00,-12.00,5.00,8.00,37.00,16.00,13523459,175
419.03,1545111182,8966.30,51.45860713,7.42027046,151.27,37.57,-0.24,332.08,1,-95.00,-12.00,5.00,8.00,37.00,16.00,13523459,175
420.03,1545111183,9003.83,51.45890514,7.42001124,150.91,37.58,0.00,330.98,1,-94.00,-15.00,-3.00,9.00,41.00,16.00,13523459,175
421.03,1545111184,9041.49,51.45919490,7.41974648,150.64,37.17,-0.40,329.62,1,-94.00,-15.00,-3.00,9.00,41.00,16.00,13523459,175
422.03,1545111185,9078.55,51.45948527,7.41947258,150.47,37.12,-0.05,328.92,1,-93.00,-13.00,-3.00,9.00,39.00,10.00,13395457,175
423.04,1545111186,9116.11,51.45976650,7.41919317,150.59,37.57,0.44,327.74,1,-93.00,-13.00,-3.00,9.00,39.00,10.00,13395457,175
424.02,1545111187,9153.20,51.46004799,7.41891069,151.11,37.41,-0.16,326.86,1,-88.00,-11.00,5.00,11.00,45.00,10.00,13395457,111
425.02,1545111188,9190.57,51.46031857,7.41861148,151.66,37.64,0.23,325.29,1,-88.00,-11.00,5.00,11.00,45.00,10.00,13395457,111
426.02,1545111189,9228.21,51.46060000,7.41828468,151.56,37.73,0.10,324.17,1,-91.00,-12.00,6.00,10.00,41.00,10.00,13395457,111
427.03,1545111190,9266.06,51.46087851,7.41796407,151.19,37.89,0.15,323.45,1,-91.00,-12.00,6.00,10.00,41.00,10.00,13395457,111
428.03,1545111191,9303.90,51.46114965,7.41762656,150.81,38.20,0.31,322.36,1,-86.00,-6.00,5.00,9.00,39.00,10.00,13395457,111
429.03,1545111192,9342.10,51.46141927,7.41727559,150.53,38.45,0.25,321.13,1,-86.00,-6.00,5.00,9.00,39.00,10.00,13395457,111
430.03,1545111193,9380.86,51.46168552,7.41691574,150.27,38.61,0.16,319.90,1,-88.00,-6.00,7.00,8.00,36.00,10.00,13395457,111
431.02,1545111194,9419.05,51.46195504,7.41655224,150.42,38.92,0.31,319.18,1,-88.00,-6.00,7.00,8.00,36.00,10.00,13395457,111
432.02,1545111195,9458.01,51.46221410,7.41618100,150.40,39.16,0.24,317.83,1,-88.00,-6.00,7.00,8.00,36.00,10.00,13395457,111
433.02,1545111196,9497.17,51.46247309,7.41579256,150.23,39.35,0.19,316.48,1,-90.00,-9.00,3.00,13.00,35.00,10.00,13395457,111
434.03,1545111197,9536.60,51.46273361,7.41539816,150.06,39.52,0.17,315.71,1,-90.00,-9.00,3.00,13.00,35.00,10.00,13395457,111
435.03,1545111198,9576.28,51.46298703,7.41499154,149.97,39.65,0.13,314.77,1,-93.00,-10.00,7.00,7.00,36.00,10.00,13395457,111
436.03,1545111199,9615.89,51.46323492,7.41458222,149.92,39.94,0.29,313.72,1,-93.00,-10.00,7.00,7.00,36.00,10.00,13395457,111
437.03,1545111200,9655.76,51.46347796,7.41416873,149.84,40.08,0.14,312.20,1,-86.00,-8.00,10.00,10.00,41.00,10.00,13395457,111
438.03,1545111201,9695.84,51.46372409,7.41374734,149.70,40.25,0.17,311.26,1,-86.00,-8.00,10.00,10.00,41.00,10.00,13395457,111
439.03,1545111202,9736.17,51.46396242,7.41331284,149.54,40.22,-0.04,310.51,1,-100.00,-11.00,1.00,5.00,32.00,10.00,13395457,111
440.03,1545111203,9776.34,51.46419908,7.41287522,149.45,40.17,-0.05,309.82,1,-100.00,-11.00,1.00,5.00,32.00,10.00,13395457,111
441.03,1545111204,9816.55,51.46442786,7.41243360,149.58,40.11,-0.06,309.32,1,-99.00,-18.00,-4.00,1.00,49.00,4.00,13395458,392
442.02,1545111205,9856.50,51.46465584,7.41199096,149.78,39.76,-0.35,308.69,1,-99.00,-18.00,-4.00,1.00,49.00,4.00,13395458,392
443.02,1545111206,9896.18,51.46487452,7.41154841,149.98,38.76,-1.00,308.18,1,-83.00,-6.00,7.00,12.00,43.00,4.00,13395458,112
444.02,1545111207,9935.02,51.46508492,7.41112486,150.24,37.82,-0.94,308.27,1,-83.00,-6.00,7.00,12.00,43.00,4.00,13395458,112
445.02,1545111208,9972.80,51.46529383,7.41070431,150.54,37.38,-0.44,308.29,1,-91.00,-8.00,9.00,7.00,37.00,4.00,13395458,112
446.03,1545111209,10010.30,51.46549999,7.41028639,150.78,37.23,-0.16,308.15,1,-91.00,-8.00,9.00,7.00,37.00,4.00,13395458,112
447.03,1545111210,10047.53,51.46570752,7.40986357,150.99,37.14,-0.09,307.94,1,-81.00,-6.00,13.00,12.00,43.00,5.00,13395458,112
448.03,1545111211,10084.67,51.46591475,7.40944515,151.37,37.05,-0.08,307.90,1,-81.00,-6.00,13.00,12.00,43.00,5.00,13395458,112
449.03,1545111212,10121.72,51.46611945,7.40902584,151.59,36.96,-0.09,308.11,1,-86.00,-7.00,10.00,15.00,39.00,5.00,13395458,112
450.03,1545111213,10158.68,51.46632498,7.40860883,151.89,36.88,-0.08,308.24,1,-86.00,-7.00,10.00,15.00,39.00,5.00,13395458,112
451.02,1545111214,10195.41,51.46653018,7.40819468,152.20,36.97,0.09,308.72,1,-88.00,-7.00,7.00,12.00,38.00,5.00,13395458,112
452.02,1545111215,10232.38,51.46673785,7.40777774,152.60,37.08,0.10,308.72,1,-88.00,-7.00,7.00,12.00,38.00,5.00,13395458,112
453.03,1545111216,10269.87,51.46694570,7.40736161,153.01,36.64,-0.43,308.94,1,-82.00,-7.00,16.00,11.00,42.00,5.00,13395458,112
454.03,1545111217,10306.29,51.46715351,7.40696009,153.42,35.82,-0.82,309.35,1,-82.00,-7.00,16.00,11.00,42.00,5.00,13395458,112
455.03,1545111218,10342.11,51.46735737,7.40656723,153.80,34.89,-0.93,309.65,1,-82.00,-7.00,16.00,11.00,42.00,5.00,13395458,112
456.03,1545111219,10377.00,51.46755456,7.40618777,154.08,34.16,-0.73,310.18,1,-81.00,-6.00,19.00,13.00,44.00,5.00,13395458,112
457.03,1545111220,10411.13,51.46775538,7.40581712,154.40,33.94,-0.23,310.53,1,-81.00,-6.00,19.00,13.00,44.00,5.00,13395458,112
458.03,1545111221,10445.10,51.46795288,7.40544846,154.58,33.89,-0.05,310.89,1,-83.00,-6.00,16.00,11.00,40.00,5.00,13395458,112
459.03,1545111222,10478.99,51.46815617,7.40508221,154.82,33.63,-0.25,311.75,1,-83.00,-6.00,16.00,11.00,40.00,5.00,13395458,112
460.03,1545111223,10512.59,51.46835586,7.40471809,154.99,33.66,0.03,311.92,1,-79.00,-6.00,22.00,14.00,46.00,5.00,13395458,112
461.03,1545111224,10546.28,51.46855561,7.40435007,155.11,33.64,-0.02,312.34,1,-79.00,-6.00,22.00,14.00,46.00,5.00,13395458,112
462.02,1545111225,10579.79,51.46875522,7.40398621,155.28,33.54,-0.10,312.58,1,-82.00,-6.00,8.00,15.00,44.00,5.00,13395458,112
463.03,1545111226,10613.56,51.46895670,7.40363637,155.63,32.70,-0.83,312.91,1,-82.00,-6.00,8.00,15.00,44.00,5.00,13395458,112
464.02,1545111227,10646.07,51.46915696,7.40328995,156.03,32.45,-0.25,313.58,1,-87.00,-12.00,3.00,8.00,45.00,5.00,13395458,112
465.03,1545111228,10678.65,51.46935893,7.40294374,156.08,32.30,-0.15,313.06,1,-87.00,-12.00,3.00,8.00,45.00,5.00,13395458,112
466.03,1545111229,10710.95,51.46957395,7.40259744,156.48,32.81,0.51,314.25,1,-94.00,-9.00,-1.00,8.00,35.00,5.00,13395458,112
467.03,1545111230,10743.73,51.46978570,7.40225443,157.43,32.61,-0.19,315.23,1,-94.00,-9.00,-1.00,8.00,35.00,5.00,13395458,112
468.03,1545111231,10776.27,51.46999588,7.40193724,158.44,32.05,-0.56,317.20,1,-90.00,-8.00,3.00,6.00,46.00,17.00,13022465,205
469.02,1545111232,10808.29,51.47019921,7.40163290,159.37,31.42,-0.63,316.87,1,-90.00,-8.00,3.00,6.00,46.00,17.00,13022465,205
470.03,1545111233,10839.78,51.47040319,7.40132732,160.24,30.97,-0.45,316.34,1,-89.00,-6.00,9.00,10.00,37.00,17.00,13022465,205
471.02,1545111234,10870.66,51.47060494,7.40102554,161.01,30.21,-0.77,316.65,1,-89.00,-6.00,9.00,10.00,37.00,17.00,13022465,205
472.03,1545111235,10900.96,51.47079818,7.40073566,161.68,29.48,-0.73,316.72,1,-89.00,-11.00,9.00,7.00,43.00,17.00,13022465,205
473.02,1545111236,10930.38,51.47098830,7.40045054,162.29,28.84,-0.64,316.79,1,-89.00,-11.00,9.00,7.00,43.00,17.00,13022465,205
474.03,1545111237,10959.37,51.47117658,7.40017026,162.84,28.17,-0.67,316.36,1,-89.00,-7.00,11.00,15.00,38.00,17.00,13022465,205
475.02,1545111238,10987.37,51.47135871,7.39989612,163.15,27.50,-0.68,316.95,1,-89.00,-7.00,11.00,15.00,38.00,17.00,13022465,205
476.03,1545111239,11014.92,51.47153819,7.39962619,163.43,26.96,-0.54,317.69,1,-89.00,-7.00,11.00,15.00,38.00,17.00,13022465,205
477.02,1545111240,11041.86,51.47171610,7.39936118,163.70,26.63,-0.33,318.16,1,-89.00,-6.00,17.00,12.00,36.00,17.00,13022465,205
478.03,1545111241,11068.52,51.47188935,7.39910254,163.96,26.40,-0.24,318.18,1,-89.00,-6.00,17.00,12.00,36.00,17.00,13022465,205
479.03,1545111242,11094.91,51.47206520,7.39885236,164.30,26.27,-0.13,318.61,1,-90.00,-5.00,16.00,12.00,37.00,17.00,13022465,205
480.03,1545111243,11121.21,51.47224238,7.39860131,164.75,26.19,-0.08,318.96,1,-90.00,-5.00,16.00,12.00,37.00,17.00,13022465,205
481.03,1545111244,11147.45,51.47241784,7.39835269,165.17,25.97,-0.22,319.11,1,-89.00,-5.00,9.00,12.00,36.00,17.00,13022465,205
482.02,1545111245,11173.29,51.47259305,7.39810789,165.66,25.91,-0.06,319.31,1,-89.00,-5.00,9.00,12.00,36.00,17.00,13022465,205
483.03,1545111246,11199.25,51.47277169,7.39787045,166.14,25.92,0.01,320.20,1,-90.00,-7.00,14.00,8.00,36.00,17.00,13022465,205
484.02,1545111247,11225.12,51.47295274,7.39763410,166.73,25.89,-0.02,320.48,1,-90.00,-7.00,14.00,8.00,36.00,17.00,13022465,205
485.03,1545111248,11251.17,51.47313265,7.39739645,167.21,26.04,0.14,320.57,1,-90.00,-6.00,15.00,11.00,34.00,17.00,13022465,205
486.02,1545111249,11277.07,51.47331258,7.39715864,167.68,25.99,-0.04,320.94,1,-90.00,-6.00,15.00,11.00,34.00,17.00,13022465,205
487.03,1545111250,11303.17,51.47349418,7.39692702,168.09,25.87,-0.12,321.54,1,-86.00,-5.00,25.00,15.00,39.00,17.00,13022465,205
488.03,1545111251,11328.96,51.47368042,7.39669049,168.53,25.74,-0.13,321.82,1,-86.00,-5.00,25.00,15.00,39.00,17.00,13022465,205
489.03,1545111252,11354.70,51.47386133,7.39646053,169.04,25.68,-0.06,322.21,1,-88.00,-6.00,14.00,15.00,37.00,17.00,13022465,205
490.03,1545111253,11380.38,51.47404091,7.39623953,169.44,25.49,-0.19,322.55,1,-88.00,-6.00,14.00,15.00,37.00,17.00,13022465,205
491.03,1545111254,11406.00,51.47422166,7.39601630,169.80,25.52,0.03,322.95,1,-82.00,-6.00,22.00,15.00,42.00,17.00,13022465,205
492.02,1545111255,11431.37,51.47440421,7.39578998,170.15,25.79,0.27,323.38,1,-82.00,-6.00,22.00,15.00,42.00,17.00,13022465,205
493.02,1545111256,11457.16,51.47459306,7.39556925,170.57,26.02,0.22,324.04,1,-81.00,-7.00,20.00,15.00,44.00,17.00,13022465,205
494.02,1545111257,11483.18,51.47478574,7.39535988,170.89,26.10,0.08,326.41,1,-81.00,-7.00,20.00,15.00,44.00,17.00,13022465,205
495.03,1545111258,11509.51,51.47497887,7.39515429,171.10,26.13,0.03,327.39,1,-75.00,-6.00,22.00,15.00,50.00,17.00,13022465,205
496.03,1545111259,11535.46,51.47517400,7.39496299,171.30,26.17,0.04,328.55,1,-75.00,-6.00,22.00,15.00,50.00,17.00,13022465,205
497.03,1545111260,11561.60,51.47537760,7.39477491,171.55,26.28,0.12,330.54,1,-75.00,-6.00,22.00,15.00,50.00,17.00,13022465,205
498.03,1545111261,11587.88,51.47557995,7.39458851,171.70,26.16,-0.12,330.16,1,-70.00,-5.00,27.00,15.00,55.00,17.00,13022465,205
499.03,1545111262,11614.04,51.47578526,7.39439954,171.98,26.15,-0.01,330.61,1,-70.00,-5.00,27.00,15.00,55.00,17.00,13022465,205
500.03,1545111263,11640.19,51.47598810,7.39421188,172.30,25.86,-0.29,331.06,1,-75.00,-5.00,31.00,15.00,51.00,17.00,13022465,205
501.03,1545111264,11666.05,51.47619222,7.39403388,172.74,25.48,-0.39,332.23,1,-75.00,-5.00,31.00,15.00,51.00,17.00,13022465,205
502.03,1545111265,11691.53,51.47639381,7.39385720,173.23,25.22,-0.25,332.84,1,-67.00,-4.00,32.00,15.00,57.00,17.00,13022465,205
503.03,1545111266,11716.75,51.47659563,7.39369403,173.65,25.11,-0.11,334.04,1,-67.00,-4.00,32.00,15.00,57.00,17.00,13022465,205
504.03,1545111267,11741.86,51.47679286,7.39354408,174.05,24.08,-1.04,335.81,1,-68.00,-5.00,31.00,15.00,57.00,17.00,13022465,205
505.03,1545111268,11766.16,51.47698168,7.39340390,174.50,22.67,-1.39,337.12,1,-68.00,-5.00,31.00,15.00,57.00,17.00,13022465,205
506.03,1545111269,11788.63,51.47716238,7.39327806,174.94,21.45,-1.24,338.31,1,-74.00,-6.00,29.00,15.00,50.00,17.00,13022465,205
507.03,1545111270,11810.08,51.47734081,7.39317475,175.32,20.39,-1.06,341.32,1,-74.00,-6.00,29.00,15.00,50.00,17.00,13022465,205
508.02,1545111271,11830.45,51.47751746,7.39309350,175.58,19.82,-0.57,345.04,1,-69.00,-5.00,25.00,15.00,53.00,17.00,13022465,205
509.03,1545111272,11850.29,51.47769291,7.39304287,175.83,19.40,-0.42,351.60,1,-69.00,-5.00,25.00,15.00,53.00,17.00,13022465,205
510.03,1545111273,11869.68,51.47785987,7.39300992,175.99,19.06,-0.34,353.58,1,-73.00,-6.00,18.00,15.00,52.00,17.00,13022465,205
511.03,1545111274,11888.78,51.47802366,7.39299975,175.98,18.64,-0.42,357.58,1,-73.00,-6.00,18.00,15.00,52.00,17.00,13022465,205
512.02,1545111275,11907.35,51.47819251,7.39305173,176.23,18.15,-0.49,11.24,1,-71.00,-5.00,21.00,15.00,54.00,17.00,13022465,205
513.03,1545111276,11925.59,51.47836106,7.39312260,176.85,19.07,0.92,13.75,1,-71.00,-5.00,21.00,15.00,54.00,17.00,13022465,205
514.02,1545111277,11944.59,51.47852550,7.39325194,177.68,18.92,-0.15,26.25,1,-79.00,-6.00,22.00,15.00,45.00,17.00,13022465,205
515.02,1545111278,11963.51,51.47867598,7.39338478,177.97,18.70,-0.22,28.36,1,-79.00,-6.00,22.00,15.00,45.00,17.00,13022465,205
516.04,1545111279,11982.42,51.47882281,7.39352557,178.07,17.70,-0.99,30.36,1,-77.00,-6.00,22.00,15.00,49.00,17.00,13022465,205
517.03,1545111280,11999.96,51.47895302,7.39365901,178.33,16.32,-1.39,31.03,1,-77.00,-6.00,22.00,15.00,49.00,17.00,13022465,205
518.03,1545111281,12016.27,51.47906798,7.39376555,178.98,14.64,-1.68,28.15,1,-77.00,-6.00,22.00,15.00,49.00,17.00,13022465,205
519.03,1545111282,12030.90,51.47918774,7.39380011,180.17,13.61,-1.03,8.90,1,-84.00,-5.00,9.00,10.00,42.00,17.00,13022465,205
520.03,1545111283,12044.53,51.47931168,7.39382395,180.81,13.51,-0.10,5.31,1,-84.00,-5.00,9.00,10.00,42.00,17.00,13022465,205
521.03,1545111284,12058.04,51.47943198,7.39378089,181.30,13.83,0.32,346.50,1,-87.00,-6.00,15.00,15.00,39.00,17.00,13022465,205
522.02,1545111285,12071.81,51.47955791,7.39372746,181.31,13.95,0.12,343.76,1,-87.00,-6.00,15.00,15.00,39.00,17.00,13022465,205
523.02,1545111286,12085.77,51.47966565,7.39365946,181.70,14.05,0.10,339.86,1,-101.00,-14.00,5.00,8.00,33.00,17.00,13022465,205
524.02,1545111287,12099.80,51.47978118,7.39358116,182.23,14.49,0.44,337.75,1,-101.00,-14.00,5.00,8.00,33.00,17.00,13022465,205
525.03,1545111288,12114.35,51.47988763,7.39350936,182.58,13.01,-1.48,337.32,1,-98.00,-12.00,3.00,7.00,34.00,17.00,13022465,205
526.03,1545111289,12127.38,51.47998611,7.39344378,182.64,11.21,-1.79,339.62,1,-98.00,-12.00,3.00,7.00,34.00,17.00,13022465,205
527.03,1545111290,12138.59,51.48007397,7.39343426,183.07,10.65,-0.56,358.21,1,-94.00,-10.00,-2.00,12.00,34.00,17.00,13022465,205
528.03,1545111291,12149.22,51.48016093,7.39346825,183.24,10.24,-0.41,17.75,1,-94.00,-10.00,-2.00,12.00,34.00,17.00,13022465,205
529.03,1545111292,12159.49,51.48024641,7.39353653,183.57,10.40,0.16,35.58,1,-95.00,-10.00,8.00,12.00,33.00,17.00,13022465,205
530.02,1545111293,12169.85,51.48030676,7.39364016,184.09,11.33,0.94,54.86,1,-95.00,-10.00,8.00,12.00,33.00,17.00,13022465,205
531.02,1545111294,12181.17,51.48036748,7.39377086,184.19,12.48,1.15,56.49,1,-100.00,-15.00,6.00,9.00,35.00,17.00,13022465,205
532.02,1545111295,12193.67,51.48043285,7.39393835,184.27,13.72,1.24,57.02,1,-100.00,-15.00,6.00,9.00,35.00,17.00,13022465,205
533.02,1545111296,12207.40,51.48049613,7.39410274,183.74,14.84,1.11,57.43,1,-97.00,-12.00,3.00,10.00,35.00,17.00,13022465,205
534.03,1545111297,12222.28,51.48056541,7.39429160,183.10,15.77,0.93,57.57,1,-97.00,-12.00,3.00,10.00,35.00,17.00,13022465,205
535.03,1545111298,12238.03,51.48064383,7.39449274,183.01,16.60,0.84,57.85,1,-90.00,-8.00,-3.00,6.00,40.00,12.00,13532162,198
536.03,1545111299,12254.66,51.48072282,7.39469532,183.31,17.15,0.55,58.34,1,-90.00,-8.00,-3.00,6.00,40.00,12.00,13532162,198
537.03,1545111300,12271.79,51.48080504,7.39491722,183.46,17.49,0.33,58.97,1,-96.00,-11.00,1.00,8.00,35.00,12.00,13532162,198
538.03,1545111301,12289.33,51.48088184,7.39512979,183.11,17.40,-0.09,59.07,1,-96.00,-11.00,1.00,8.00,35.00,12.00,13532162,198
539.04,1545111302,12306.83,51.48095971,7.39534275,182.32,17.32,-0.08,59.63,1,-88.00,-8.00,6.00,12.00,41.00,12.00,13532162,198
540.03,1545111303,12324.01,51.48103821,7.39556331,181.11,17.31,-0.01,59.69,1,-88.00,-8.00,6.00,12.00,41.00,12.00,13532162,198
541.02,1545111304,12341.25,51.48111154,7.39576675,179.73,16.86,-0.45,59.17,1,-88.00,-8.00,6.00,12.00,41.00,12.00,13532162,198
542.02,1545111305,12358.11,51.48119063,7.39598700,178.93,16.52,-0.34,60.08,1,-92.00,-10.00,12.00,11.00,39.00,12.00,13532162,198
543.02,1545111306,12374.62,51.48126509,7.39619107,178.55,16.11,-0.41,60.02,1,-92.00,-10.00,12.00,11.00,39.00,12.00,13532162,198
544.03,1545111307,12390.84,51.48133497,7.39638670,177.84,15.68,-0.43,59.90,1,-98.00,-14.00,7.00,6.00,37.00,12.00,13532162,198
545.02,1545111308,12406.40,51.48140727,7.39658910,177.59,15.28,-0.40,58.90,1,-98.00,-14.00,7.00,6.00,37.00,12.00,13532162,198
546.03,1545111309,12421.77,51.48147903,7.39678375,177.78,14.82,-0.46,58.14,1,-94.00,-12.00,0.00,7.00,38.00,12.00,13532162,198
547.02,1545111310,12436.53,51.48154584,7.39695979,178.14,14.51,-0.32,57.70,1,-94.00,-12.00,0.00,7.00,38.00,12.00,13532162,198
548.02,1545111311,12451.04,51.48161468,7.39713499,178.56,14.26,-0.25,57.22,1,-98.00,-13.00,2.00,8.00,32.00,12.00,13532162,198
549.03,1545111312,12465.33,51.48168636,7.39730523,178.99,14.05,-0.20,56.56,1,-98.00,-13.00,2.00,8.00,32.00,12.00,13532162,198
550.03,1545111313,12479.39,51.48175579,7.39746733,179.46,13.75,-0.30,55.84,1,-96.00,-12.00,1.00,7.00,36.00,12.00,13532162,198
551.02,1545111314,12493.12,51.48182901,7.39762319,180.16,13.55,-0.20,54.98,1,-96.00,-12.00,1.00,7.00,36.00,12.00,13532162,198
552.02,1545111315,12506.67,51.48189702,7.39777211,180.67,13.27,-0.28,53.99,1,-95.00,-10.00,5.00,8.00,33.00,12.00,13532162,198
553.02,1545111316,12519.90,51.48196758,7.39791171,180.78,12.66,-0.62,52.85,1,-95.00,-10.00,5.00,8.00,33.00,12.00,13532162,198
554.02,1545111317,12532.57,51.48203282,7.39803506,180.47,11.88,-0.78,51.64,1,-93.00,-11.00,7.00,11.00,36.00,12.00,13532162,198
555.02,1545111318,12544.45,51.48210071,7.39815245,180.54,10.34,-1.53,50.30,1,-93.00,-11.00,7.00,11.00,36.00,12.00,13532162,198
556.02,1545111319,12554.80,51.48216174,7.39825770,180.73,8.47,-1.88,49.01,1,-91.00,-11.00,-3.00,12.00,39.00,12.00,13532162,198
557.02,1545111320,12563.27,51.48221393,7.39833918,181.16,7.29,-1.18,47.46,1,-91.00,-11.00,-3.00,12.00,39.00,12.00,13532162,198
558.02,1545111321,12570.55,51.48225784,7.39840557,181.44,6.64,-0.65,46.07,1,-93.00,-10.00,4.00,11.00,36.00,12.00,13532162,198
559.02,1545111322,12577.19,51.48230292,7.39847086,181.69,6.41,-0.23,44.85,1,-93.00,-10.00,4.00,11.00,36.00,12.00,13532162,198
560.03,1545111323,12583.63,51.48235064,7.39853598,181.99,6.76,0.35,43.45,1,-96.00,-9.00,-1.00,6.00,33.00,11.00,13022465,198
561.02,1545111324,12590.37,51.48240063,7.39860072,181.97,7.56,0.80,42.38,1,-96.00,-9.00,-1.00,6.00,33.00,11.00,13022465,198
562.02,1545111325,12597.93,51.48246061,7.39867735,181.81,8.59,1.03,41.22,1,-96.00,-9.00,-1.00,6.00,33.00,11.00,13022465,198
563.03,1545111326,12606.55,51.48252362,7.39875653,181.70,9.53,0.94,39.80,1,-95.00,-12.00,2.00,6.00,39.00,11.00,13022465,205
564.02,1545111327,12616.05,51.48259569,7.39884358,181.67,9.75,0.22,38.47,1,-95.00,-12.00,2.00,6.00,39.00,11.00,13022465,205
565.33,1545111328,12628.81,51.48266642,7.39892542,181.63,9.75,-0.00,37.35,1,-95.00,-10.00,-1.00,6.00,34.00,8.00,13532163,200
566.33,1545111329,12638.47,51.48273785,7.39900279,181.77,9.65,-0.09,36.26,1,-98.00,-11.00,3.00,6.00,32.00,8.00,13532163,200
567.33,1545111330,12648.13,51.48281709,7.39908851,182.08,10.12,0.46,35.42,1,-98.00,-11.00,3.00,6.00,32.00,8.00,13532163,200
568.34,1545111331,12658.38,51.48289809,7.39917691,182.44,11.63,1.50,34.38,1,-91.00,-8.00,7.00,9.00,35.00,8.00,13532163,200
569.32,1545111332,12669.84,51.48299048,7.39927096,182.91,12.94,1.32,33.92,1,-91.00,-8.00,7.00,9.00,35.00,8.00,13532163,200
570.33,1545111333,12682.79,51.48309730,7.39937964,183.29,13.90,0.97,33.35,1,-91.00,-8.00,7.00,9.00,35.00,8.00,13532163,200
571.32,1545111334,12696.68,51.48320711,7.39948638,183.87,14.28,0.38,33.38,1,-89.00,-7.00,8.00,12.00,37.00,8.00,13532163,200
572.33,1545111335,12710.98,51.48331273,7.39958948,184.16,14.34,0.06,33.94,1,-89.00,-7.00,8.00,12.00,37.00,8.00,13532163,200
573.33,1545111336,12725.32,51.48341764,7.39970053,184.39,14.47,0.13,34.55,1,-90.00,-10.00,10.00,13.00,39.00,8.00,13532163,200
574.33,1545111337,12739.82,51.48352062,7.39980923,184.44,14.29,-0.19,35.11,1,-90.00,-10.00,10.00,13.00,39.00,8.00,13532163,200
575.33,1545111338,12754.11,51.48362788,7.39992747,184.58,14.29,-0.00,35.19,1,-97.00,-8.00,11.00,9.00,32.00,8.00,13532163,200
576.33,1545111339,12768.38,51.48373306,7.40004960,184.87,14.58,0.30,35.89,1,-97.00,-8.00,11.00,9.00,32.00,8.00,13532163,200
577.33,1545111340,12782.96,51.48384237,7.40017926,185.12,15.04,0.46,36.22,1,-96.00,-7.00,5.00,8.00,31.00,8.00,13532163,200
578.33,1545111341,12798.00,51.48396458,7.40032132,185.71,15.40,0.36,36.56,1,-96.00,-7.00,5.00,8.00,31.00,8.00,13532163,200
579.33,1545111342,12813.42,51.48407254,7.40045276,186.19,15.10,-0.30,37.33,1,-103.00,-9.00,4.00,7.00,28.00,8.00,13532163,200
580.33,1545111343,12828.50,51.48417700,7.40058569,186.41,15.11,0.01,37.92,1,-103.00,-9.00,4.00,7.00,28.00,8.00,13532163,200
581.33,1545111344,12843.66,51.48428887,7.40073073,186.48,15.29,0.17,38.63,1,-94.00,-7.00,-2.00,8.00,33.00,8.00,13532163,200
582.33,1545111345,12858.90,51.48439499,7.40086757,186.14,15.56,0.28,39.12,1,-94.00,-7.00,-2.00,8.00,33.00,8.00,13532163,200
583.33,1545111346,12874.48,51.48450432,7.40101062,185.78,15.39,-0.17,39.70,1,-95.00,-7.00,10.00,9.00,30.00,8.00,13532163,200
584.33,1545111347,12889.86,51.48460185,7.40115698,185.47,15.17,-0.23,40.92,1,-95.00,-7.00,10.00,9.00,30.00,8.00,13532163,200
585.33,1545111348,12905.04,51.48469997,7.40130338,185.19,15.23,0.07,41.91,1,-97.00,-8.00,6.00,8.00,29.00,8.00,13532163,200
586.33,1545111349,12920.27,51.48480295,7.40146212,185.08,15.23,-0.00,42.39,1,-97.00,-8.00,6.00,8.00,29.00,8.00,13532163,200
587.33,1545111350,12935.49,51.48490437,7.40161539,185.07,15.17,-0.06,41.95,1,-96.00,-8.00,5.00,11.00,32.00,8.00,13532163,200
588.33,1545111351,12950.66,51.48500052,7.40175570,185.14,15.02,-0.16,41.87,1,-96.00,-8.00,5.00,11.00,32.00,8.00,13532163,200
589.33,1545111352,12965.66,51.48510284,7.40190532,185.21,14.85,-0.17,42.82,1,-94.00,-7.00,10.00,10.00,33.00,8.00,13532163,200
590.33,1545111353,12980.54,51.48520048,7.40205505,185.51,14.62,-0.23,44.17,1,-94.00,-7.00,10.00,10.00,33.00,8.00,13532163,200
591.33,1545111354,12995.19,51.48529276,7.40220896,185.51,14.23,-0.39,45.34,1,-92.00,-6.00,10.00,10.00,34.00,8.00,13532163,200
592.32,1545111355,13009.34,51.48537236,7.40235150,185.27,12.46,-1.78,46.37,1,-92.00,-6.00,10.00,10.00,34.00,8.00,13532163,200
593.32,1545111356,13021.82,51.48543814,7.40247583,184.86,11.18,-1.28,47.65,1,-92.00,-6.00,10.00,10.00,34.00,8.00,13532163,200
594.33,1545111357,13033.04,51.48549312,7.40258407,184.56,9.33,-1.85,48.55,1,-100.00,-12.00,7.00,8.00,33.00,8.00,13532163,200
595.33,1545111358,13042.36,51.48554547,7.40268346,184.34,7.70,-1.63,47.97,1,-100.00,-12.00,7.00,8.00,33.00,8.00,13532163,200
596.33,1545111359,13050.06,51.48560519,7.40274064,184.28,7.67,-0.04,26.88,1,-96.00,-8.00,6.00,8.00,31.00,8.00,13532163,200
597.32,1545111360,13057.71,51.48567322,7.40276037,184.41,8.01,0.35,4.26,1,-96.00,-8.00,6.00,8.00,31.00,8.00,13532163,200
598.33,1545111361,13065.74,51.48573416,7.40273542,184.12,7.95,-0.06,341.60,1,-97.00,-8.00,7.00,7.00,30.00,8.00,13532163,200
599.33,1545111362,13073.68,51.48578742,7.40267454,183.80,8.33,0.38,325.69,1,-97.00,-8.00,7.00,7.00,30.00,8.00,13532163,200
600.33,1545111363,13082.02,51.48583301,7.40261513,183.09,8.97,0.64,324.43,1,-98.00,-7.00,5.00,8.00,27.00,8.00,13532163,200
601.32,1545111364,13090.97,51.48589446,7.40253600,182.48,9.97,1.00,323.74,1,-98.00,-7.00,5.00,8.00,27.00,8.00,13532163,200
602.33,1545111365,13100.97,51.48596881,7.40244873,182.26,10.99,1.02,323.88,1,-101.00,-11.00,6.00,7.00,28.00,8.00,13532163,200
603.33,1545111366,13111.97,51.48605276,7.40235170,182.60,12.04,1.05,324.93,1,-101.00,-11.00,6.00,7.00,28.00,8.00,13532163,200
604.33,1545111367,13124.00,51.48614752,7.40224780,183.12,12.57,0.53,326.21,1,-100.00,-10.00,4.00,6.00,29.00,8.00,13532163,200
605.33,1545111368,13136.58,51.48624447,7.40215347,184.08,13.02,0.45,327.97,1,-100.00,-10.00,4.00,6.00,29.00,8.00,13532163,200
606.34,1545111369,13149.70,51.48634445,7.40206438,184.98,13.40,0.38,330.25,1,-105.00,-14.00,0.00,6.00,26.00,8.00,13532163,200
607.32,1545111370,13162.95,51.48644933,7.40198160,185.38,13.12,-0.28,332.78,1,-105.00,-14.00,0.00,6.00,26.00,8.00,13532163,200
608.33,1545111371,13176.12,51.48656990,7.40190695,185.18,13.01,-0.12,335.41,1,-103.00,-13.00,-1.00,6.00,28.00,17.00,13531906,38
609.33,1545111372,13189.14,51.48668809,7.40184182,185.21,13.07,0.07,337.25,1,-103.00,-13.00,-1.00,6.00,28.00,17.00,13531906,38
610.35,1545111373,13202.50,51.48680267,7.40178209,184.53,13.12,0.05,340.17,1,-103.00,-10.00,-2.00,7.00,27.00,17.00,13531906,361
611.33,1545111374,13215.31,51.48691543,7.40173466,183.73,13.06,-0.06,342.87,1,-103.00,-10.00,-2.00,7.00,27.00,17.00,13531906,361
612.34,1545111375,13228.53,51.48703721,7.40168796,182.93,12.97,-0.09,345.01,1,-107.00,-16.00,-3.00,5.00,29.00,17.00,13531906,361
613.33,1545111376,13241.36,51.48715524,7.40165837,182.29,13.18,0.21,347.91,1,-107.00,-16.00,-3.00,5.00,29.00,17.00,13531906,361
614.33,1545111377,13254.51,51.48727145,7.40163767,182.16,13.42,0.24,350.62,1,-107.00,-16.00,-3.00,5.00,29.00,17.00,13531906,361
615.33,1545111378,13267.92,51.48738602,7.40163166,182.05,13.51,0.09,353.32,1,-106.00,-17.00,-4.00,5.00,31.00,11.00,13067528,361
616.33,1545111379,13281.49,51.48750320,7.40163514,181.88,13.69,0.18,355.57,1,-106.00,-17.00,-4.00,5.00,31.00,11.00,13067528,361
617.33,1545111380,13295.11,51.48762293,7.40164249,181.42,13.68,-0.01,357.07,1,-85.00,-6.00,28.00,15.00,40.00,11.00,13067528,356
618.33,1545111381,13308.81,51.48775137,7.40165250,181.27,13.67,-0.01,358.25,1,-85.00,-6.00,28.00,15.00,40.00,11.00,13067528,356
619.33,1545111382,13322.47,51.48788086,7.40165909,181.02,13.91,0.24,359.06,1,-85.00,-6.00,28.00,15.00,36.00,11.00,13067528,356
620.33,1545111383,13336.38,51.48801073,7.40167489,181.10,13.99,0.09,359.95,1,-85.00,-6.00,28.00,15.00,36.00,11.00,13067528,356
621.32,1545111384,13350.34,51.48813562,7.40168284,180.97,13.88,-0.11,0.12,1,-89.00,-5.00,27.00,15.00,35.00,11.00,13067528,356
622.32,1545111385,13364.21,51.48826469,7.40168851,180.71,14.11,0.23,0.31,1,-89.00,-5.00,27.00,15.00,35.00,11.00,13067528,356
623.33,1545111386,13378.36,51.48840296,7.40169090,180.12,14.13,0.02,0.41,1,-91.00,-6.00,22.00,15.00,31.00,11.00,13067528,356
624.33,1545111387,13392.49,51.48853030,7.40168933,179.51,14.00,-0.13,0.27,1,-91.00,-6.00,22.00,15.00,31.00,11.00,13067528,356
625.33,1545111388,13406.48,51.48866345,7.40169004,178.77,14.06,0.06,0.49,1,-93.00,-6.00,19.00,14.00,30.00,11.00,13067528,356
626.33,1545111389,13420.54,51.48877625,7.40169559,178.86,13.94,-0.12,0.84,1,-93.00,-6.00,19.00,14.00,30.00,11.00,13067528,356
627.33,1545111390,13434.49,51.48888969,7.40170054,179.21,13.44,-0.50,0.33,1,-103.00,-6.00,18.00,11.00,21.00,11.00,13067528,356
628.33,1545111391,13447.93,51.48899638,7.40170413,179.47,11.77,-1.67,0.65,1,-103.00,-6.00,18.00,11.00,21.00,11.00,13067528,356
629.33,1545111392,13459.70,51.48909729,7.40170731,179.65,10.72,-1.04,1.09,1,-105.00,-6.00,11.00,10.00,20.00,11.00,13067528,356
630.39,1545111393,13471.10,51.48918836,7.40171407,179.89,8.79,-1.82,1.20,1,-105.00,-6.00,11.00,10.00,20.00,11.00,13067528,356
631.33,1545111394,13479.31,51.48926134,7.40171940,179.94,7.02,-1.88,1.55,1,-104.00,-8.00,17.00,9.00,22.00,11.00,13067528,356
632.32,1545111395,13486.32,51.48935405,7.40175652,179.72,4.84,-2.19,19.94,1,-104.00,-8.00,17.00,9.00,22.00,11.00,13067528,356
633.33,1545111396,13491.19,51.48941797,7.40183090,180.08,5.90,1.05,46.50,1,-107.00,-9.00,13.00,8.00,17.00,11.00,13067528,356
634.33,1545111397,13497.09,51.48944514,7.40192186,180.41,6.40,0.50,73.29,1,-107.00,-9.00,13.00,8.00,17.00,11.00,13067528,356
635.32,1545111398,13503.46,51.48945237,7.40204037,180.47,7.88,1.48,87.37,1,-107.00,-9.00,13.00,8.00,17.00,11.00,13067528,356
636.33,1545111399,13511.37,51.48945171,7.40217954,180.54,9.01,1.13,87.71,1,-110.00,-8.00,8.00,11.00,15.00,11.00,13067528,356
637.33,1545111400,13520.38,51.48944773,7.40231406,180.47,9.80,0.79,88.80,1,-110.00,-8.00,8.00,11.00,15.00,11.00,13067528,356
638.33,1545111401,13530.18,51.48944267,7.40246332,180.23,10.58,0.78,89.62,1,-109.00,-9.00,6.00,7.00,18.00,11.00,13067528,356
639.33,1545111402,13540.76,51.48943629,7.40261850,180.08,11.28,0.71,89.96,1,-109.00,-9.00,6.00,7.00,18.00,11.00,13067528,356
640.33,1545111403,13552.04,51.48942981,7.40277848,179.65,11.65,0.37,90.76,1,-110.00,-8.00,6.00,12.00,15.00,11.00,13067528,356
641.32,1545111404,13563.66,51.48941896,7.40294208,179.34,12.20,0.54,91.52,1,-110.00,-8.00,6.00,12.00,15.00,11.00,13067528,356
642.32,1545111405,13575.86,51.48941029,7.40311692,179.00,12.42,0.23,90.58,1,-110.00,-12.00,7.00,11.00,21.00,11.00,13067528,356
643.33,1545111406,13588.33,51.48940253,7.40329243,178.57,12.52,0.10,91.21,1,-110.00,-12.00,7.00,11.00,21.00,11.00,13067528,356
644.33,1545111407,13600.84,51.48939733,7.40347364,178.26,12.71,0.19,90.47,1,-112.00,-10.00,4.00,8.00,16.00,11.00,13067528,356
645.32,1545111408,13613.51,51.48939352,7.40365998,178.21,12.91,0.19,90.02,1,-112.00,-10.00,4.00,8.00,16.00,11.00,13067528,356
646.33,1545111409,13626.46,51.48938898,7.40385400,178.36,13.05,0.15,90.66,1,-107.00,-8.00,-8.00,6.00,20.00,11.00,13067528,356
647.33,1545111410,13639.53,51.48938552,7.40403528,178.62,13.35,0.29,91.42,1,-107.00,-8.00,-8.00,6.00,20.00,11.00,13067528,356
648.33,1545111411,13652.87,51.48938075,7.40422495,179.01,13.52,0.17,91.51,1,-114.00,-10.00,0.00,6.00,16.00,11.00,13067528,356
649.33,1545111412,13666.40,51.48937605,7.40442887,179.41,13.38,-0.14,91.42,1,-114.00,-10.00,0.00,6.00,16.00,11.00,13067528,356
650.33,1545111413,13679.78,51.48937225,7.40461258,179.67,13.18,-0.20,91.13,1,-112.00,-11.00,2.00,9.00,16.00,11.00,13067528,356
651.33,1545111414,13692.93,51.48936809,7.40480272,180.08,12.90,-0.28,91.10,1,-112.00,-11.00,2.00,9.00,16.00,11.00,13067528,356
652.32,1545111415,13705.78,51.48936597,7.40497842,180.43,12.61,-0.29,90.62,1,-103.00,-9.00,14.00,11.00,21.00,11.00,13067528,356
653.33,1545111416,13718.43,51.48936796,7.40516493,180.87,12.51,-0.10,89.53,1,-103.00,-9.00,14.00,11.00,21.00,11.00,13067528,356
654.33,1545111417,13731.05,51.48937403,7.40534648,181.71,12.46,-0.05,88.06,1,-103.00,-9.00,5.00,12.00,22.00,11.00,13067528,356
655.33,1545111418,13743.42,51.48938166,7.40552931,182.33,12.56,0.10,86.39,1,-103.00,-9.00,5.00,12.00,22.00,11.00,13067528,356
656.33,1545111419,13755.98,51.48939235,7.40569145,182.91,12.28,-0.28,84.76,1,-103.00,-9.00,5.00,12.00,22.00,11.00,13067528,356
657.33,1545111420,13768.28,51.48940934,7.40586413,183.36,12.54,0.26,82.90,1,-96.00,-6.00,13.00,12.00,24.00,70.00,13067274,289
658.33,1545111421,13780.81,51.48943341,7.40603616,183.78,12.70,0.16,81.16,1,-96.00,-6.00,13.00,12.00,24.00,70.00,13067274,289
659.33,1545111422,13793.49,51.48946059,7.40622479,183.60,12.81,0.11,79.71,1,-97.00,-6.00,12.00,11.00,24.00,70.00,13067274,289
660.33,1545111423,13806.30,51.48949339,7.40640451,183.30,13.00,0.19,78.97,1,-97.00,-6.00,12.00,11.00,24.00,70.00,13067274,289
661.32,1545111424,13819.25,51.48952606,7.40659908,183.08,13.22,0.23,78.48,1,-97.00,-6.00,11.00,15.00,25.00,70.00,13067274,289
662.33,1545111425,13832.54,51.48955283,7.40679282,182.89,13.71,0.48,77.88,1,-97.00,-6.00,11.00,15.00,25.00,70.00,13067274,289
663.33,1545111426,13846.26,51.48958296,7.40699783,183.12,13.95,0.24,77.48,1,-96.00,-8.00,12.00,15.00,27.00,70.00,13067274,289
664.33,1545111427,13860.17,51.48961354,7.40721076,184.48,13.52,-0.44,77.11,1,-96.00,-8.00,12.00,15.00,27.00,70.00,13067274,289
665.33,1545111428,13873.70,51.48964285,7.40737709,185.75,13.57,0.05,77.48,1,-97.00,-6.00,11.00,15.00,24.00,70.00,13067274,289
666.32,1545111429,13887.21,51.48967092,7.40754711,186.39,13.47,-0.10,77.87,1,-97.00,-6.00,11.00,15.00,24.00,70.00,13067274,289
667.32,1545111430,13900.69,51.48969918,7.40773890,186.82,13.43,-0.04,78.21,1,-97.00,-6.00,13.00,15.00,23.00,70.00,13067274,289
668.33,1545111431,13914.15,51.48972310,7.40793233,187.20,13.48,0.05,78.56,1,-97.00,-6.00,13.00,15.00,23.00,70.00,13067274,289
669.32,1545111432,13927.59,51.48974801,7.40813031,187.44,13.37,-0.11,78.43,1,-101.00,-6.00,14.00,15.00,23.00,70.00,13067274,289
670.32,1545111433,13940.96,51.48977733,7.40833984,188.03,13.60,0.22,77.43,1,-101.00,-6.00,14.00,15.00,23.00,70.00,13067274,289
671.32,1545111434,13954.58,51.48980417,7.40854195,188.28,13.87,0.28,76.76,1,-103.00,-7.00,10.00,14.00,22.00,70.00,13067274,289
672.32,1545111435,13968.43,51.48982899,7.40873561,188.11,13.95,0.07,76.62,1,-103.00,-7.00,10.00,14.00,22.00,70.00,13067274,289
673.33,1545111436,13982.43,51.48985552,7.40893675,187.61,14.29,0.34,77.39,1,-103.00,-11.00,9.00,15.00,24.00,70.00,13067274,289
674.33,1545111437,13996.73,51.48988169,7.40913081,186.50,14.40,0.11,77.57,1,-103.00,-11.00,9.00,15.00,24.00,70.00,13067274,289
675.33,1545111438,14011.11,51.48991003,7.40933711,185.25,14.62,0.22,77.66,1,-101.00,-7.00,5.00,15.00,22.00,70.00,13067274,289
676.33,1545111439,14025.74,51.48993692,7.40954273,184.07,14.76,0.14,77.94,1,-101.00,-7.00,5.00,15.00,22.00,70.00,13067274,289
677.34,1545111440,14040.66,51.48996220,7.40975510,183.12,14.81,0.05,78.50,1,-102.00,-6.00,7.00,15.00,20.00,70.00,13067274,289
678.33,1545111441,14055.32,51.48998560,7.40995363,181.86,14.50,-0.31,78.14,1,-102.00,-6.00,7.00,15.00,20.00,70.00,13067274,289
679.33,1545111442,14069.82,51.49000899,7.41015753,180.39,14.19,-0.31,78.55,1,-102.00,-6.00,7.00,15.00,20.00,70.00,13067274,289
680.33,1545111443,14083.98,51.49003227,7.41035837,179.25,13.35,-0.84,79.02,1,-102.00,-6.00,7.00,11.00,20.00,70.00,13067274,289
681.32,1545111444,14097.30,51.49005357,7.41053516,177.75,12.81,-0.54,78.47,1,-102.00,-6.00,7.00,11.00,20.00,70.00,13067274,289
682.32,1545111445,14110.10,51.49007522,7.41070934,176.59,12.36,-0.45,77.69,1,-105.00,-6.00,14.00,15.00,18.00,70.00,13067274,289
683.32,1545111446,14122.47,51.49009956,7.41088364,176.20,12.13,-0.24,77.81,1,-105.00,-6.00,14.00,15.00,18.00,70.00,13067274,289
684.32,1545111447,14134.59,51.49012093,7.41102191,175.17,11.64,-0.48,77.55,1,-105.00,-8.00,13.00,9.00,21.00,70.00,13067274,289
