22.71,1545283559,272.72,51.44762676,7.48792758,253.51,12.46,-0.14,188.54,1,-99.00,-7.00,25.00,9.00,33.00,10.00,12918809,429,1,7,17.943,47
34.45,1545283571,433.65,51.44615185,7.48845227,260.58,14.03,-0.27,153.40,1,-99.00,-6.00,14.00,15.00,33.00,10.00,12918809,429,2,6,9.88468,61
43.38,1545283579,566.74,51.44529231,7.48993769,262.22,15.60,-0.42,129.38,1,-96.00,-6.00,22.00,13.00,35.00,10.00,12918809,429,3,9,19.0074,52
49.77,1545283586,661.21,51.44486175,7.49095697,265.39,12.63,0.00,127.80,1,-100.00,-7.00,11.00,9.00,33.00,10.00,12918809,429,4,0.1,3.75588,40
62.96,1545283599,752.26,51.44433547,7.49163231,274.90,8.68,0.00,212.04,1,-102.00,-7.00,9.00,15.00,31.00,10.00,12918809,429,5,10,23.753,41
71.93,1545283608,864.74,51.44347085,7.49062121,275.48,16.60,0.00,216.36,1,-81.00,-5.00,17.00,15.00,50.00,10.00,12918809,429,6,9,30.6775,37
82.86,1545283619,1050.56,51.44214358,7.48903596,273.65,15.46,0.00,218.18,1,-82.00,-7.00,14.00,11.00,51.00,10.00,12918809,429,7,3,7.32601,37
91.29,1545283627,1179.84,51.44135808,7.48770219,274.68,15.80,0.00,230.59,1,-79.00,-9.00,9.00,9.00,58.00,2.00,12918810,429,8,3,14.0351,47
104.04,1545283640,1389.53,51.44021544,7.48520052,284.73,16.37,0.00,233.04,1,-75.00,-6.00,24.00,15.00,56.00,2.00,12918810,431,9,8,14.3209,40
113.28,1545283649,1538.18,51.43942684,7.48352585,285.93,15.57,0.00,234.84,1,-78.00,-6.00,33.00,15.00,54.00,3.00,12918811,430,10,10,21.4823,40
124.03,1545283660,1711.52,51.43860052,7.48119127,290.20,16.93,0.00,239.87,1,-91.00,-6.00,32.00,11.00,38.00,3.00,12918811,430,11,10,17.9775,41
140.35,1545283676,1975.57,51.43742385,7.47767102,287.01,13.54,-1.38,242.34,1,-106.00,-8.00,16.00,7.00,27.00,3.00,12918811,430,12,10,7.46826,103
144.93,1545283681,2036.44,51.43721529,7.47696242,288.17,12.33,0.00,246.53,1,-110.00,-13.00,1.00,5.00,28.00,3.00,12918811,430,13,2,3.52734,379
154.70,1545283691,2129.53,51.43762258,7.47637705,290.57,10.69,0.58,45.95,1,-108.00,-8.00,3.00,6.00,26.00,3.00,12918811,430,14,9,14.0488,37
162.47,1545283699,2239.72,51.43829305,7.47780901,290.48,18.71,1.29,55.61,1,-88.00,-6.00,24.00,11.00,44.00,3.00,12918811,430,15,5,13.7741,40
173.11,1545283709,2458.10,51.43928849,7.48033640,289.30,20.98,0.00,56.66,1,-95.00,-6.00,21.00,12.00,38.00,3.00,12918811,430,16,6,13.5747,42
183.23,1545283719,2679.78,51.44059241,7.48275779,282.32,22.49,0.00,41.55,1,-91.00,-6.00,18.00,13.00,41.00,3.00,12918811,430,17,6,13.337,94
193.64,1545283730,2925.33,51.44255649,7.48474024,277.01,23.38,-0.03,25.85,1,-77.00,-5.00,25.00,15.00,55.00,3.00,12918811,430,18,7,13.7999,38
200.78,1545283737,3087.10,51.44383061,7.48564376,273.74,19.48,0.00,22.14,1,-85.00,-10.00,2.00,10.00,51.00,2.00,12918809,430,19,2,13.2231,41
211.95,1545283748,3256.50,51.44463885,7.48716496,268.27,13.20,0.00,119.32,1,-78.00,-5.00,29.00,15.00,53.00,2.00,12918809,429,20,4,13.3668,36
220.07,1545283756,3365.28,51.44383183,7.48718361,265.10,12.56,0.00,225.47,1,-63.00,-4.00,32.00,15.00,63.00,2.00,12918809,429,21,1,16.9133,40
233.28,1545283769,3598.84,51.44368199,7.48378583,263.98,23.52,0.00,268.72,1,-87.00,-6.00,25.00,15.00,44.00,2.00,12918809,429,22,7,15.1556,39
242.06,1545283778,3821.63,51.44360102,7.48050355,262.61,24.79,0.00,264.26,1,-88.00,-7.00,10.00,6.00,44.00,4.00,12918811,430,23,10,32.0384,45
253.57,1545283790,4130.52,51.44320930,7.47587662,259.60,27.84,-0.24,260.68,1,-85.00,-6.00,20.00,12.00,47.00,4.00,12918811,430,24,3,6.04686,35
280.33,1545283816,4961.35,51.44178106,7.46401360,235.05,31.51,-0.12,262.19,1,-92.00,-6.00,23.00,11.00,38.00,4.00,12918811,430,25,10,3.85617,46
281.49,1545283818,4997.90,51.44174527,7.46356647,234.70,31.26,-0.33,262.86,1,-109.00,-11.00,4.00,5.00,28.00,4.00,12918811,430,26,0.5,0.527983,1609
291.29,1545283827,5312.89,51.44154527,7.45941274,233.97,31.89,0.00,267.79,1,-101.00,-13.00,0.00,7.00,39.00,12.00,12935170,448,27,3,2.38521,273
294.68,1545283831,5420.06,51.44152940,7.45760010,233.78,31.78,0.19,269.87,1,-98.00,-13.00,1.00,6.00,42.00,12.00,12935170,448,28,10,19.6223,350
301.81,1545283838,5644.21,51.44157213,7.45444466,231.33,30.58,0.00,272.97,1,-86.00,-6.00,23.00,12.00,48.00,15.00,14301697,54,29,9,31.6623,36
311.72,1545283848,5929.21,51.44182585,7.45036436,230.74,26.25,-0.57,277.69,1,-77.00,-6.00,25.00,15.00,55.00,15.00,14301697,54,30,1,3.69004,35
324.11,1545283860,6261.56,51.44233987,7.44580413,228.46,27.71,0.00,282.82,1,-67.00,-7.00,33.00,15.00,63.00,15.00,14301697,54,31,10,17.8731,92
329.90,1545283866,6427.75,51.44270135,7.44338903,226.69,29.04,0.00,284.71,1,-56.00,-5.00,35.00,15.00,63.00,15.00,14301697,54,32,0.5,11.236,34
343.31,1545283879,6831.90,51.44388626,7.43754669,219.50,32.41,0.65,290.77,1,-63.00,-5.00,34.00,13.00,63.00,1.00,14301699,56,33,7,14.9733,35
355.75,1545283892,7237.36,51.44537473,7.43252949,202.62,32.32,0.00,301.00,1,-77.00,-6.00,25.00,12.00,55.00,1.00,14301699,56,34,10,12.9324,39
363.18,1545283899,7476.42,51.44652975,7.42989920,193.04,32.11,0.00,310.08,1,-86.00,-9.00,14.00,12.00,49.00,1.00,14301699,56,35,8,17.6454,31
373.10,1545283909,7796.31,51.44867741,7.42677496,180.38,32.36,0.00,324.21,1,-95.00,-6.00,-2.00,5.00,36.00,19.00,13806082,56,36,3,6.77201,42
386.70,1545283923,8245.28,51.45236987,7.42387955,163.35,32.61,0.26,341.43,1,-94.00,-8.00,5.00,7.00,40.00,19.00,13806082,70,37,6,6.71047,35
394.29,1545283930,8487.26,51.45428935,7.42296349,156.93,30.72,0.00,344.27,1,-90.00,-12.00,1.00,7.00,49.00,19.00,12897027,230,38,5,8.4674,35
399.89,1545283936,8657.14,51.45583376,7.42223567,154.13,30.00,0.00,341.52,1,-76.00,-6.00,13.00,12.00,57.00,10.00,13806082,70,39,0.5,11.5607,35
410.58,1545283947,8983.67,51.45860489,7.42031963,151.18,30.85,-0.52,332.04,1,-88.00,-11.00,21.00,6.00,49.00,10.00,13806082,70,40,0.5,3.79867,31
421.56,1545283958,9319.30,51.46113235,7.41771466,149.11,30.63,0.07,322.31,1,-85.00,-10.00,3.00,6.00,51.00,7.00,13806081,69,41,4,15.9681,43
434.62,1545283971,9747.65,51.46392454,7.41344160,150.61,35.41,0.38,310.45,1,-74.00,-6.00,21.00,12.00,56.00,7.00,13806081,69,42,7,11.4216,38
446.29,1545283982,10150.70,51.46606071,7.40916936,153.08,34.88,0.00,308.12,1,-91.00,-8.00,-1.00,6.00,43.00,7.00,13806081,69,43,5,6.07626,87
449.76,1545283986,10272.09,51.46684084,7.40758309,152.47,34.59,0.00,309.06,1,-95.00,-14.00,0.00,6.00,45.00,29.00,13884419,386,44,0.1,4.65118,35
473.58,1545284010,11015.94,51.47145741,7.39983050,160.14,26.81,-0.41,317.47,1,-96.00,-13.00,-1.00,6.00,43.00,17.00,13806081,69,45,7,4.01462,77
490.43,1545284027,11447.55,51.47442596,7.39582402,167.22,23.87,-0.69,323.74,1,-98.00,-13.00,1.00,7.00,40.00,34.00,13884419,386,46,8,3.37517,291
509.05,1545284045,11885.30,51.47780377,7.39309148,172.72,18.49,0.00,350.98,1,-115.00,-20.00,-6.00,3.00,31.00,42.00,13043481,120,49,1,1.04248,431
509.85,1545284046,11900.12,51.47796285,7.39306764,172.97,18.47,0.00,354.66,1,-101.00,-8.00,2.00,5.00,34.00,57.00,14301699,56,47,8,2.39709,1262
512.96,1545284049,11957.19,51.47844632,7.39322169,174.66,18.67,0.00,14.41,1,-107.00,-14.00,0.00,5.00,32.00,57.00,14301699,56,48,7,2.50279,309
513.93,1545284050,11975.28,51.47859445,7.39335402,175.31,18.59,0.00,30.54,1,-104.00,-12.00,2.00,7.00,33.00,12.00,13884187,449,50,3,6.73212,390
520.94,1545284057,12084.40,51.47947647,7.39379948,180.17,13.58,0.00,341.83,1,-98.00,-7.00,10.00,10.00,35.00,12.00,13884187,449,51,0.1,1.12676,247
531.03,1545284067,12205.53,51.48038137,7.39382880,184.64,12.40,0.00,58.32,1,-92.00,-6.00,17.00,12.00,39.00,12.00,13884187,449,52,1,5.54401,50
541.53,1545284078,12378.89,51.48124750,7.39609060,186.94,17.97,-0.28,59.53,1,-85.00,-6.00,21.00,13.00,46.00,12.00,13884187,449,53,3,12.3267,45
552.48,1545284089,12555.82,51.48211501,7.39816014,186.79,9.98,-2.00,51.11,1,-98.00,-9.00,3.00,8.00,37.00,12.00,13884187,449,54,6,16.6263,36
563.24,1545284099,12602.21,51.48235373,7.39854231,186.11,0.00,0.00,44.16,1,-92.00,-9.00,22.00,5.00,41.00,12.00,13884187,449,55,7,15.3762,40
570.01,1545284106,12602.21,51.48235373,7.39854231,186.13,0.00,0.00,44.16,1,-100.00,-11.00,2.00,5.00,36.00,12.00,13884187,449,56,0.5,8.83002,40
587.68,1545284124,12608.01,51.48247271,7.39869672,184.47,7.40,1.36,39.69,1,-98.00,-10.00,7.00,8.00,37.00,12.00,13884187,449,57,7,6.93498,50
592.19,1545284128,12649.75,51.48275082,7.39902271,184.14,10.89,0.00,35.95,1,-98.00,-12.00,3.00,6.00,39.00,6.00,13884186,448,58,4,12.2652,38
605.58,1545284142,12847.42,51.48429818,7.40076588,190.75,16.49,0.02,39.19,1,-89.00,-7.00,13.00,11.00,42.00,6.00,13884186,448,59,7,9.33178,40
612.01,1545284148,12950.96,51.48492486,7.40168351,189.21,15.35,0.00,41.98,1,-92.00,-8.00,6.00,8.00,41.00,6.00,13884186,448,60,2,6.49614,34
624.15,1545284160,13089.93,51.48583617,7.40267428,183.91,9.36,0.00,326.17,1,-93.00,-6.00,14.00,10.00,38.00,6.00,13884186,448,61,8,14.1374,88
635.99,1545284172,13237.82,51.48706582,7.40173379,183.25,14.09,0.00,345.73,1,-94.00,-6.00,21.00,11.00,37.00,6.00,13884186,448,62,3,3.7325,37
644.76,1545284181,13364.95,51.48824742,7.40169587,179.11,14.25,0.00,0.58,1,-90.00,-8.00,14.00,9.00,42.00,16.00,12895513,313,63,6,9.31496,40
651.35,1545284187,13443.44,51.48892130,7.40171980,175.54,6.72,-2.97,1.25,1,-84.00,-5.00,19.00,10.00,46.00,3.00,13828123,451,64,1,4.46927,40
661.74,1545284198,13471.72,51.48912716,7.40172965,175.29,0.00,0.00,0.71,1,-84.00,-7.00,11.00,15.00,50.00,3.00,13828123,451,65,4,14.6319,41
675.85,1545284212,13544.58,51.48944820,7.40266303,169.28,12.94,0.00,88.35,1,-87.00,-9.00,14.00,12.00,47.00,3.00,13828123,451,66,7,8.9101,38
681.66,1545284218,13625.39,51.48942701,7.40388016,169.39,13.44,-0.21,90.58,1,-83.00,-7.00,18.00,4.00,49.00,2.00,13828121,450,67,1,3.93895,68
690.04,1545284226,13739.29,51.48942040,7.40545393,170.76,13.33,0.00,87.04,1,-69.00,-11.00,32.00,12.00,63.00,2.00,13828121,450,68,0.5,8.42105,48
703.20,1545284239,13920.87,51.48972878,7.40800931,172.18,14.68,0.00,78.86,1,-74.00,-7.00,30.00,11.00,59.00,2.00,13828121,450,69,3,6.6983,58
716.34,1545284252,14108.05,51.49009286,7.41076130,166.99,12.32,-0.16,78.39,1,-86.00,-7.00,22.00,11.00,46.00,2.00,13828121,450,70,10,11.8273,45
