0.03,1545025365,0.00,51.45010622,7.48825943,251.16,7.59,0.00,165.63,1,-109.00,-11.00,1.00,7.00,28.00,13.00,12918809,429
1.04,1545025366,7.62,51.45003752,7.48828739,250.98,8.22,0.63,166.63,1,-106.00,-9.00,10.00,9.00,29.00,13.00,12918809,429
2.04,1545025367,15.84,51.44995922,7.48831300,250.62,8.94,0.72,167.54,1,-106.00,-9.00,10.00,9.00,29.00,13.00,12918809,429
3.03,1545025368,24.78,51.44987721,7.48833943,250.25,9.65,0.71,168.54,1,-106.00,-9.00,4.00,8.00,29.00,13.00,12918809,429
4.03,1545025369,34.41,51.44978631,7.48836346,249.91,10.52,0.87,169.65,1,-106.00,-9.00,4.00,8.00,29.00,13.00,12918809,429
5.03,1545025370,44.96,51.44969318,7.48838522,249.51,11.15,0.62,171.34,1,-105.00,-9.00,8.00,10.00,30.00,13.00,12918809,429
6.03,1545025371,56.09,51.44959250,7.48840092,249.07,11.66,0.52,172.82,1,-105.00,-9.00,8.00,10.00,30.00,13.00,12918809,429
7.03,1545025372,67.77,51.44948115,7.48841143,248.27,12.46,0.80,174.54,1,-105.00,-8.00,8.00,6.00,30.00,13.00,12918809,429
8.03,1545025373,80.23,51.44936371,7.48842008,247.69,13.03,0.57,176.30,1,-105.00,-8.00,8.00,6.00,30.00,13.00,12918809,429
9.03,1545025374,93.26,51.44923674,7.48842359,247.30,13.59,0.55,178.22,1,-103.00,-7.00,18.00,7.00,30.00,13.00,12918809,429
10.03,1545025375,106.84,51.44910737,7.48841706,246.87,13.49,-0.10,180.27,1,-103.00,-7.00,18.00,7.00,30.00,13.00,12918809,429
11.03,1545025376,120.30,51.44898620,7.48840345,246.93,13.53,0.04,182.85,1,-101.00,-6.00,25.00,12.00,31.00,13.00,12918809,429
12.03,1545025377,133.85,51.44886231,7.48838009,246.86,13.62,0.08,185.54,1,-101.00,-6.00,25.00,12.00,31.00,13.00,12918809,429
13.03,1545025378,147.50,51.44873752,7.48835231,246.91,13.84,0.22,188.14,1,-101.00,-7.00,15.00,9.00,32.00,13.00,12918809,429
14.03,1545025379,161.34,51.44861680,7.48830612,247.36,14.08,0.24,189.82,1,-101.00,-7.00,15.00,9.00,32.00,13.00,12918809,429
15.03,1545025380,175.38,51.44849087,7.48825031,247.96,14.29,0.20,191.43,1,-99.00,-5.00,11.00,15.00,33.00,13.00,12918809,429
16.03,1545025381,189.71,51.44836572,7.48818913,248.37,14.31,0.02,192.56,1,-99.00,-5.00,11.00,15.00,33.00,13.00,12918809,429
17.04,1545025382,204.03,51.44823530,7.48813040,248.65,14.49,0.18,193.11,1,-98.00,-6.00,15.00,11.00,35.00,13.00,12918809,429
18.03,1545025383,218.50,51.44810700,7.48807175,248.90,14.47,-0.02,193.63,1,-98.00,-6.00,15.00,11.00,35.00,13.00,12918809,429
19.05,1545025384,233.13,51.44797553,7.48801759,248.99,14.53,0.07,193.25,1,-101.00,-7.00,13.00,10.00,32.00,13.00,12918809,429
20.03,1545025385,247.50,51.44785403,7.48797313,249.22,14.38,-0.15,192.46,1,-101.00,-7.00,13.00,10.00,32.00,13.00,12918809,429
21.03,1545025386,261.88,51.44773098,7.48793042,249.40,14.41,0.02,191.95,1,-101.00,-7.00,13.00,10.00,32.00,13.00,12918809,429
22.03,1545025387,276.26,51.44761279,7.48790143,249.36,14.02,-0.39,189.83,1,-97.00,-7.00,14.00,10.00,37.00,13.00,12918809,429
23.03,1545025388,290.31,51.44749084,7.48788238,249.27,14.03,0.01,186.40,1,-97.00,-7.00,14.00,10.00,37.00,13.00,12918809,429
24.03,1545025389,304.33,51.44737033,7.48787184,249.38,13.67,-0.36,183.50,1,-98.00,-8.00,14.00,9.00,36.00,13.00,12918809,429
25.04,1545025390,318.03,51.44724898,7.48787087,249.49,13.68,0.01,181.11,1,-98.00,-8.00,14.00,9.00,36.00,13.00,12918809,429
26.03,1545025391,331.67,51.44713272,7.48788375,250.00,13.61,-0.07,178.37,1,-97.00,-9.00,15.00,11.00,38.00,13.00,12918809,429
27.03,1545025392,345.29,51.44700862,7.48790778,250.64,13.63,0.02,175.08,1,-97.00,-9.00,15.00,11.00,38.00,13.00,12918809,429
28.03,1545025393,358.95,51.44688645,7.48794488,251.16,13.73,0.10,171.84,1,-98.00,-11.00,14.00,9.00,40.00,13.00,12918809,429
29.03,1545025394,372.68,51.44676594,7.48799576,251.60,13.76,0.02,168.57,1,-98.00,-11.00,14.00,9.00,40.00,13.00,12918809,429
30.03,1545025395,386.41,51.44663668,7.48806259,251.88,13.92,0.16,165.21,1,-100.00,-6.00,14.00,9.00,32.00,13.00,12918809,429
31.03,1545025396,400.32,51.44652427,7.48813375,252.24,13.94,0.03,161.97,1,-100.00,-6.00,14.00,9.00,32.00,13.00,12918809,429
32.03,1545025397,414.29,51.44640864,7.48822207,252.65,14.13,0.19,158.65,1,-99.00,-7.00,16.00,10.00,34.00,13.00,12918809,429
33.03,1545025398,428.43,51.44629555,7.48832390,253.40,14.23,0.10,155.66,1,-99.00,-7.00,16.00,10.00,34.00,13.00,12918809,429
34.03,1545025399,442.66,51.44618708,7.48843250,254.21,14.27,0.04,152.53,1,-96.00,-5.00,17.00,11.00,36.00,13.00,12918809,429
35.03,1545025400,456.93,51.44608083,7.48855397,255.04,14.39,0.12,149.35,1,-96.00,-5.00,17.00,11.00,36.00,13.00,12918809,429
36.03,1545025401,471.32,51.44597562,7.48869024,256.03,14.55,0.16,145.86,1,-96.00,-6.00,19.00,11.00,36.00,13.00,12918809,429
37.03,1545025402,485.87,51.44586965,7.48884312,257.07,14.72,0.17,142.62,1,-96.00,-6.00,19.00,11.00,36.00,13.00,12918809,429
38.03,1545025403,500.59,51.44577027,7.48900562,258.28,14.87,0.15,139.26,1,-96.00,-5.00,20.00,11.00,36.00,13.00,12918809,429
39.03,1545025404,515.47,51.44567377,7.48917850,259.04,15.03,0.15,136.47,1,-96.00,-5.00,20.00,11.00,36.00,13.00,12918809,429
40.04,1545025405,530.60,51.44558520,7.48935329,259.62,15.11,0.09,133.79,1,-97.00,-6.00,15.00,15.00,35.00,13.00,12918809,429
41.03,1545025406,545.57,51.44549637,7.48954050,260.53,15.29,0.18,131.58,1,-97.00,-6.00,15.00,15.00,35.00,13.00,12918809,429
42.03,1545025407,560.86,51.44541352,7.48972142,261.69,15.24,-0.05,129.95,1,-97.00,-6.00,15.00,15.00,35.00,13.00,12918809,429
43.04,1545025408,576.15,51.44533566,7.48989930,262.66,15.02,-0.22,128.68,1,-99.00,-11.00,13.00,9.00,39.00,13.00,12918809,429
44.03,1545025409,591.15,51.44525979,7.49007084,263.67,14.39,-0.63,128.04,1,-99.00,-11.00,13.00,9.00,39.00,13.00,12918809,429
45.03,1545025410,605.52,51.44518303,7.49024719,265.03,13.89,-0.49,127.14,1,-102.00,-8.00,9.00,8.00,32.00,13.00,12918809,429
46.04,1545025411,619.44,51.44511277,7.49041282,266.08,13.85,-0.05,126.20,1,-102.00,-8.00,9.00,8.00,32.00,13.00,12918809,429
47.04,1545025412,633.29,51.44504986,7.49057231,267.06,13.08,-0.77,125.40,1,-100.00,-7.00,8.00,15.00,33.00,13.00,12918809,429
48.04,1545025413,646.36,51.44498281,7.49073642,267.85,12.66,-0.42,124.90,1,-100.00,-7.00,8.00,15.00,33.00,13.00,12918809,429
49.03,1545025414,658.97,51.44491717,7.49089084,268.65,12.41,-0.25,125.57,1,-99.00,-7.00,8.00,15.00,34.00,13.00,12918809,429
50.03,1545025415,671.38,51.44485322,7.49104425,268.97,11.93,-0.48,126.06,1,-99.00,-7.00,8.00,15.00,34.00,13.00,12918809,429
51.03,1545025416,683.31,51.44479438,7.49117906,269.52,10.84,-1.09,127.05,1,-101.00,-7.00,13.00,15.00,32.00,13.00,12918809,429
52.03,1545025417,694.19,51.44474635,7.49129466,269.80,9.55,-1.29,127.77,1,-101.00,-7.00,13.00,15.00,32.00,13.00,12918809,429
53.03,1545025418,703.75,51.44470170,7.49139341,270.46,7.49,-2.07,126.92,1,-103.00,-7.00,4.00,9.00,33.00,13.00,12918809,429
54.04,1545025419,711.25,51.44466877,7.49146908,271.39,5.96,-1.52,127.07,1,-103.00,-7.00,4.00,9.00,33.00,13.00,12918809,429
55.04,1545025420,717.22,51.44464202,7.49152917,272.29,4.66,-1.30,127.23,1,-104.00,-10.00,2.00,8.00,34.00,13.00,12918809,429
56.04,1545025421,721.88,51.44462304,7.49157303,272.36,2.99,-1.67,127.70,1,-104.00,-10.00,2.00,8.00,34.00,13.00,12918809,429
57.04,1545025422,724.86,51.44461732,7.49158808,272.45,0.43,-2.57,127.70,1,-100.00,-6.00,12.00,15.00,32.00,13.00,12918809,429
58.03,1545025423,725.29,51.44461732,7.49158808,272.46,0.00,-0.43,127.70,1,-100.00,-6.00,12.00,15.00,32.00,13.00,12918809,429
59.03,1545025424,725.29,51.44461732,7.49158808,272.47,0.00,0.00,127.70,1,-104.00,-6.00,13.00,15.00,29.00,13.00,12918809,429
60.15,1545025425,725.29,51.44461732,7.49158808,272.47,0.00,0.00,127.70,1,-104.00,-6.00,13.00,15.00,29.00,13.00,12918809,429
61.13,1545025426,725.29,51.44461732,7.49158808,272.48,0.00,0.00,127.70,1,-102.00,-9.00,14.00,9.00,33.00,13.00,12918809,429
62.13,1545025427,725.29,51.44461732,7.49158808,272.48,0.00,0.00,127.70,1,-102.00,-9.00,14.00,9.00,33.00,13.00,12918809,429
63.14,1545025428,725.29,51.44461732,7.49158808,272.47,0.00,0.00,127.70,1,-103.00,-11.00,13.00,9.00,37.00,13.00,12918809,429
64.14,1545025429,725.29,51.44461732,7.49158808,272.46,0.00,0.00,127.70,1,-103.00,-11.00,13.00,9.00,37.00,13.00,12918809,429
65.13,1545025430,725.29,51.44461732,7.49158808,272.45,0.00,0.00,127.70,1,-103.00,-11.00,13.00,9.00,37.00,13.00,12918809,429
66.13,1545025431,725.29,51.44461732,7.49158808,272.43,0.00,0.00,127.70,1,-104.00,-8.00,13.00,10.00,30.00,13.00,12918809,429
67.13,1545025432,725.29,51.44461732,7.49158808,272.41,0.00,0.00,127.70,1,-104.00,-8.00,13.00,10.00,30.00,13.00,12918809,429
68.13,1545025433,725.29,51.44461732,7.49158808,272.39,0.00,0.00,127.70,1,-104.00,-8.00,13.00,10.00,30.00,13.00,12918809,429
69.13,1545025434,725.29,51.44461732,7.49158808,272.37,0.00,0.00,127.70,1,-104.00,-8.00,13.00,10.00,30.00,13.00,12918809,429
70.13,1545025435,725.29,51.44461732,7.49158808,272.35,0.00,0.00,127.70,1,-102.00,-8.00,13.00,10.00,32.00,13.00,12918809,429
71.13,1545025436,725.29,51.44461732,7.49158808,272.34,0.00,0.00,127.70,1,-102.00,-8.00,13.00,10.00,32.00,13.00,12918809,429
72.13,1545025437,725.29,51.44461732,7.49158808,272.32,0.00,0.00,127.70,1,-102.00,-9.00,14.00,10.00,33.00,13.00,12918809,429
73.13,1545025438,725.29,51.44461732,7.49158808,272.31,0.00,0.00,127.70,1,-102.00,-9.00,14.00,10.00,33.00,13.00,12918809,429
74.13,1545025439,725.29,51.44461732,7.49158808,272.29,0.00,0.00,127.70,1,-103.00,-7.00,14.00,10.00,32.00,13.00,12918809,429
75.14,1545025440,725.29,51.44461732,7.49158808,272.28,0.00,0.00,127.70,1,-103.00,-7.00,14.00,10.00,32.00,13.00,12918809,429
76.14,1545025441,725.29,51.44461732,7.49158808,272.27,0.00,0.00,127.70,1,-104.00,-8.00,13.00,8.00,32.00,13.00,12918809,429
77.14,1545025442,725.29,51.44461732,7.49158808,272.27,0.00,0.00,127.70,1,-104.00,-8.00,13.00,8.00,32.00,13.00,12918809,429
78.14,1545025443,725.29,51.44461732,7.49158808,272.27,0.00,0.00,127.70,1,-103.00,-11.00,12.00,12.00,36.00,13.00,12918809,429
79.13,1545025444,725.29,51.44461732,7.49158808,272.26,0.00,0.00,127.70,1,-103.00,-11.00,12.00,12.00,36.00,13.00,12918809,429
80.13,1545025445,725.29,51.44461732,7.49158808,272.27,0.00,0.00,127.70,1,-99.00,-11.00,13.00,10.00,36.00,13.00,12918809,429
81.13,1545025446,725.29,51.44461732,7.49158808,272.27,0.00,0.00,127.70,1,-99.00,-11.00,13.00,10.00,36.00,13.00,12918809,429
82.13,1545025447,725.29,51.44461732,7.49158808,272.27,0.00,0.00,127.70,1,-99.00,-9.00,13.00,11.00,33.00,13.00,12918809,429
83.14,1545025448,725.29,51.44461732,7.49158808,272.28,0.00,0.00,127.70,1,-99.00,-9.00,13.00,11.00,33.00,13.00,12918809,429
84.13,1545025449,725.29,51.44461606,7.49159301,272.33,0.00,0.00,139.21,1,-103.00,-8.00,11.00,11.00,31.00,13.00,12918809,429
85.14,1545025450,725.29,51.44459807,7.49162343,272.35,0.00,0.00,137.81,1,-103.00,-8.00,11.00,11.00,31.00,13.00,12918809,429
86.14,1545025451,725.29,51.44457119,7.49167113,272.29,2.18,0.00,135.18,1,-101.00,-8.00,11.00,10.00,34.00,13.00,12918809,429
87.13,1545025452,727.45,51.44451689,7.49170944,272.14,3.98,1.82,160.01,1,-101.00,-8.00,11.00,10.00,34.00,13.00,12918809,429
88.13,1545025453,731.42,51.44445943,7.49173036,271.58,5.15,1.17,168.21,1,-101.00,-8.00,11.00,10.00,34.00,13.00,12918809,429
89.13,1545025454,736.57,51.44440222,7.49168194,271.34,6.21,1.06,209.43,1,-95.00,-6.00,12.00,12.00,37.00,13.00,12918809,429
90.13,1545025455,742.78,51.44433764,7.49160632,271.08,7.16,0.95,216.73,1,-95.00,-6.00,12.00,12.00,37.00,13.00,12918809,429
91.13,1545025456,749.94,51.44426969,7.49152013,271.40,10.24,3.08,217.91,1,-90.00,-6.00,15.00,15.00,42.00,13.00,12918809,429
92.13,1545025457,760.18,51.44419092,7.49142360,272.09,10.80,0.56,217.50,1,-90.00,-6.00,15.00,15.00,42.00,13.00,12918809,429
93.13,1545025458,770.98,51.44410647,7.49132582,272.54,11.95,1.16,216.15,1,-88.00,-6.00,14.00,15.00,45.00,13.00,12918809,429
94.13,1545025459,782.93,51.44401407,7.49122518,272.79,12.90,0.95,215.52,1,-88.00,-6.00,14.00,15.00,45.00,13.00,12918809,429
95.13,1545025460,795.83,51.44391649,7.49112084,273.09,13.64,0.74,214.91,1,-83.00,-6.00,16.00,15.00,49.00,13.00,12918809,429
96.13,1545025461,809.47,51.44381406,7.49100799,272.77,14.70,1.06,215.42,1,-83.00,-6.00,16.00,15.00,49.00,13.00,12918809,429
97.13,1545025462,824.16,51.44370978,7.49089696,272.46,15.27,0.57,215.88,1,-76.00,-5.00,19.00,15.00,55.00,13.00,12918809,429
98.13,1545025463,839.43,51.44359131,7.49075570,271.93,15.96,0.69,216.72,1,-76.00,-5.00,19.00,15.00,55.00,13.00,12918809,429
99.13,1545025464,855.38,51.44346886,7.49061005,271.72,16.46,0.49,216.69,1,-75.00,-4.00,19.00,15.00,58.00,13.00,12918809,429
100.13,1545025465,871.87,51.44334672,7.49046621,271.93,16.67,0.21,216.50,1,-75.00,-4.00,19.00,15.00,58.00,13.00,12918809,429
101.13,1545025466,888.50,51.44321986,7.49031456,272.40,17.10,0.43,216.08,1,-92.00,-11.00,17.00,15.00,46.00,13.00,12918809,429
102.13,1545025467,905.63,51.44309150,7.49016026,273.03,16.86,-0.23,216.28,1,-92.00,-11.00,17.00,15.00,46.00,13.00,12918809,429
103.13,1545025468,922.48,51.44296948,7.49001248,273.81,16.52,-0.35,216.16,1,-90.00,-6.00,16.00,8.00,42.00,13.00,12918809,429
104.13,1545025469,939.00,51.44285213,7.48987067,274.64,15.95,-0.56,216.09,1,-90.00,-6.00,16.00,8.00,42.00,13.00,12918809,429
105.13,1545025470,954.97,51.44274444,7.48973843,275.22,15.59,-0.36,216.27,1,-87.00,-8.00,12.00,14.00,46.00,13.00,12918809,429
106.13,1545025471,970.56,51.44263263,7.48960483,275.65,15.77,0.18,216.70,1,-87.00,-8.00,12.00,14.00,46.00,13.00,12918809,429
107.14,1545025472,986.46,51.44252087,7.48946649,275.96,15.80,0.02,216.00,1,-86.00,-7.00,21.00,13.00,48.00,13.00,12918809,429
108.13,1545025473,1002.13,51.44240807,7.48933306,275.77,15.77,-0.03,216.28,1,-86.00,-7.00,21.00,13.00,48.00,13.00,12918809,429
109.13,1545025474,1017.90,51.44229639,7.48920099,275.42,15.91,0.15,216.62,1,-86.00,-7.00,21.00,13.00,48.00,13.00,12918809,429
110.13,1545025475,1033.77,51.44217438,7.48905542,275.13,16.44,0.53,217.02,1,-85.00,-7.00,20.00,15.00,49.00,13.00,12918809,429
111.13,1545025476,1050.24,51.44205875,7.48890587,275.18,16.23,-0.21,217.75,1,-85.00,-7.00,20.00,15.00,49.00,13.00,12918809,429
112.13,1545025477,1066.49,51.44195020,7.48875872,275.37,15.94,-0.29,218.94,1,-83.00,-6.00,23.00,15.00,50.00,13.00,12918809,429
113.13,1545025478,1082.43,51.44184606,7.48860775,275.57,15.93,-0.01,220.96,1,-83.00,-6.00,23.00,15.00,50.00,13.00,12918809,429
114.13,1545025479,1098.36,51.44175058,7.48845533,275.69,15.64,-0.29,223.21,1,-76.00,-7.00,16.00,15.00,59.00,13.00,12918809,429
115.13,1545025480,1114.00,51.44165566,7.48829052,275.81,16.10,0.46,225.54,1,-76.00,-7.00,16.00,15.00,59.00,13.00,12918809,429
116.13,1545025481,1130.10,51.44155934,7.48810532,275.66,16.13,0.04,227.33,1,-82.00,-10.00,10.00,15.00,55.00,1.00,12918810,429
117.13,1545025482,1146.23,51.44146803,7.48792155,275.75,15.95,-0.19,229.30,1,-82.00,-10.00,10.00,15.00,55.00,1.00,12918810,429
118.13,1545025483,1162.16,51.44137807,7.48773471,276.08,15.98,0.04,230.63,1,-79.00,-6.00,22.00,13.00,52.00,1.00,12918810,431
119.13,1545025484,1178.14,51.44128606,7.48753791,276.30,15.97,-0.01,231.37,1,-79.00,-6.00,22.00,13.00,52.00,1.00,12918810,431
120.13,1545025485,1194.13,51.44119855,7.48734546,276.58,16.03,0.06,231.82,1,-79.00,-6.00,32.00,15.00,53.00,1.00,12918810,431
121.14,1545025486,1210.18,51.44110843,7.48714582,276.94,16.19,0.16,232.16,1,-79.00,-6.00,32.00,15.00,53.00,1.00,12918810,431
122.13,1545025487,1226.35,51.44102535,7.48695773,277.00,16.08,-0.11,232.63,1,-77.00,-6.00,26.00,15.00,56.00,1.00,12918810,431
123.13,1545025488,1242.39,51.44094090,7.48677196,277.07,16.22,0.14,232.68,1,-77.00,-6.00,26.00,15.00,56.00,1.00,12918810,431
124.13,1545025489,1258.59,51.44085255,7.48657918,277.19,16.33,0.11,232.73,1,-74.00,-5.00,26.00,15.00,58.00,1.00,12918810,431
125.13,1545025490,1274.98,51.44076670,7.48638975,277.90,16.24,-0.09,233.08,1,-74.00,-5.00,26.00,15.00,58.00,1.00,12918810,431
126.13,1545025491,1291.21,51.44067826,7.48619410,278.58,16.53,0.28,232.82,1,-75.00,-6.00,19.00,15.00,58.00,1.00,12918810,431
127.13,1545025492,1307.74,51.44058731,7.48599857,279.38,16.60,0.08,233.11,1,-75.00,-6.00,19.00,15.00,58.00,1.00,12918810,431
128.14,1545025493,1324.46,51.44049685,7.48580934,279.89,16.51,-0.10,232.58,1,-76.00,-8.00,11.00,12.00,58.00,1.00,12918810,431
129.13,1545025494,1340.85,51.44040873,7.48561632,280.04,16.73,0.23,232.43,1,-76.00,-8.00,11.00,12.00,58.00,1.00,12918810,431
130.13,1545025495,1357.58,51.44032406,7.48542701,280.18,16.40,-0.33,232.18,1,-76.00,-8.00,11.00,12.00,58.00,1.00,12918810,431
131.14,1545025496,1374.03,51.44023875,7.48524547,280.34,16.43,0.03,231.90,1,-83.00,-10.00,18.00,11.00,53.00,1.00,12918810,431
132.14,1545025497,1390.44,51.44015124,7.48506244,280.29,16.19,-0.24,231.60,1,-83.00,-10.00,18.00,11.00,53.00,1.00,12918810,431
133.14,1545025498,1406.63,51.44006279,7.48488228,280.70,15.81,-0.38,230.80,1,-74.00,-7.00,15.00,15.00,60.00,4.00,12918811,430
134.14,1545025499,1422.45,51.43997275,7.48470385,280.69,16.04,0.24,231.21,1,-74.00,-7.00,15.00,15.00,60.00,4.00,12918811,430
135.13,1545025500,1438.46,51.43988289,7.48451738,280.49,16.50,0.46,231.82,1,-74.00,-7.00,18.00,15.00,60.00,4.00,12918811,430
136.13,1545025501,1454.94,51.43978678,7.48431818,280.44,16.64,0.14,232.34,1,-74.00,-7.00,18.00,15.00,60.00,4.00,12918811,430
137.13,1545025502,1471.59,51.43969521,7.48412814,280.88,17.04,0.40,232.52,1,-74.00,-6.00,21.00,15.00,58.00,4.00,12918811,430
138.13,1545025503,1488.63,51.43960387,7.48392969,281.12,16.66,-0.38,233.10,1,-74.00,-6.00,21.00,15.00,58.00,4.00,12918811,430
139.13,1545025504,1505.29,51.43950744,7.48372029,281.18,16.44,-0.22,233.64,1,-76.00,-6.00,27.00,15.00,56.00,4.00,12918811,430
140.13,1545025505,1521.75,51.43942436,7.48352136,281.85,16.28,-0.16,234.57,1,-76.00,-6.00,27.00,15.00,56.00,4.00,12918811,430
141.13,1545025506,1538.01,51.43934639,7.48332844,282.03,15.47,-0.82,235.91,1,-77.00,-6.00,15.00,13.00,55.00,4.00,12918811,430
142.13,1545025507,1553.47,51.43926768,7.48313054,282.56,15.77,0.31,236.51,1,-77.00,-6.00,15.00,13.00,55.00,4.00,12918811,430
143.13,1545025508,1569.27,51.43919537,7.48293196,282.83,14.95,-0.82,237.48,1,-84.00,-6.00,20.00,14.00,48.00,4.00,12918811,430
144.13,1545025509,1584.21,51.43912888,7.48274419,282.74,14.25,-0.70,238.61,1,-84.00,-6.00,20.00,14.00,48.00,4.00,12918811,430
145.13,1545025510,1598.45,51.43906258,7.48255190,282.36,14.45,0.20,240.31,1,-89.00,-5.00,22.00,12.00,42.00,4.00,12918811,430
146.13,1545025511,1612.91,51.43900058,7.48235607,282.33,14.68,0.23,241.15,1,-89.00,-5.00,22.00,12.00,42.00,4.00,12918811,430
147.13,1545025512,1627.58,51.43893929,7.48216247,282.29,14.63,-0.05,240.81,1,-94.00,-6.00,17.00,12.00,38.00,4.00,12918811,430
148.13,1545025513,1642.21,51.43887652,7.48196690,281.86,14.30,-0.33,239.70,1,-94.00,-6.00,17.00,12.00,38.00,4.00,12918811,430
149.14,1545025514,1656.60,51.43881885,7.48179078,282.01,13.38,-0.91,240.36,1,-99.00,-6.00,11.00,8.00,33.00,4.00,12918811,430
150.13,1545025515,1669.90,51.43875854,7.48160646,281.84,14.20,0.83,241.14,1,-99.00,-6.00,11.00,8.00,33.00,4.00,12918811,430
151.13,1545025516,1684.09,51.43869878,7.48142122,282.77,14.41,0.20,240.73,1,-99.00,-6.00,11.00,8.00,33.00,4.00,12918811,430
152.13,1545025517,1698.51,51.43863713,7.48123677,282.96,14.27,-0.14,240.88,1,-102.00,-7.00,12.00,11.00,31.00,4.00,12918811,430
153.13,1545025518,1712.78,51.43857313,7.48105105,283.67,14.69,0.42,240.86,1,-102.00,-7.00,12.00,11.00,31.00,4.00,12918811,430
154.13,1545025519,1727.47,51.43850904,7.48086460,284.03,14.86,0.17,240.44,1,-104.00,-7.00,7.00,10.00,29.00,4.00,12918811,430
155.13,1545025520,1742.32,51.43844783,7.48069924,284.97,14.61,-0.25,239.25,1,-104.00,-7.00,7.00,10.00,29.00,4.00,12918811,430
156.13,1545025521,1756.94,51.43838427,7.48052675,285.35,14.79,0.18,239.82,1,-105.00,-7.00,7.00,10.00,27.00,4.00,12918811,430
157.13,1545025522,1771.73,51.43831849,7.48034572,285.19,14.76,-0.03,240.17,1,-105.00,-7.00,7.00,10.00,27.00,4.00,12918811,430
158.13,1545025523,1786.51,51.43825408,7.48014572,284.70,14.80,0.03,240.50,1,-105.00,-8.00,-4.00,7.00,31.00,4.00,12918811,430
159.13,1545025524,1801.30,51.43818728,7.47994284,284.07,15.34,0.55,241.35,1,-105.00,-8.00,-4.00,7.00,31.00,4.00,12918811,430
160.13,1545025525,1816.65,51.43812158,7.47973905,283.42,14.89,-0.46,240.86,1,-111.00,-12.00,1.00,6.00,26.00,4.00,12918811,430
161.13,1545025526,1831.53,51.43805352,7.47953532,282.96,15.79,0.90,240.12,1,-111.00,-12.00,1.00,6.00,26.00,4.00,12918811,430
162.14,1545025527,1847.35,51.43798476,7.47932857,282.45,15.50,-0.29,240.93,1,-113.00,-13.00,-2.00,6.00,27.00,4.00,12918811,430
163.14,1545025528,1862.85,51.43792217,7.47912928,281.70,14.55,-0.95,241.75,1,-113.00,-13.00,-2.00,6.00,27.00,4.00,12918811,430
164.14,1545025529,1877.43,51.43786070,7.47893064,281.26,14.40,-0.15,242.58,1,-112.00,-12.00,-2.00,6.00,26.00,4.00,12918811,430
165.14,1545025530,1891.82,51.43779923,7.47873473,281.05,14.16,-0.25,241.37,1,-112.00,-12.00,-2.00,6.00,26.00,4.00,12918811,430
166.14,1545025531,1905.97,51.43773399,7.47853396,280.61,14.24,0.08,240.88,1,-112.00,-17.00,-6.00,4.00,31.00,4.00,12918811,430
167.14,1545025532,1920.20,51.43766862,7.47834230,280.77,14.30,0.06,240.25,1,-112.00,-17.00,-6.00,4.00,31.00,4.00,12918811,430
168.14,1545025533,1934.51,51.43760929,7.47815241,280.86,14.03,-0.27,241.41,1,-112.00,-12.00,-7.00,7.00,26.00,4.00,12918811,430
169.14,1545025534,1948.52,51.43755143,7.47796804,281.05,14.28,0.26,242.03,1,-112.00,-12.00,-7.00,7.00,26.00,4.00,12918811,430
170.14,1545025535,1962.81,51.43749433,7.47777776,281.17,14.61,0.33,242.80,1,-115.00,-14.00,-5.00,5.00,26.00,4.00,12918811,430
171.14,1545025536,1977.44,51.43743591,7.47759269,280.81,14.06,-0.56,242.34,1,-115.00,-14.00,-5.00,5.00,26.00,4.00,12918811,430
172.15,1545025537,1991.61,51.43737734,7.47741595,280.74,13.88,-0.18,242.42,1,-115.00,-13.00,-4.00,6.00,24.00,4.00,12918811,430
173.14,1545025538,2005.38,51.43732310,7.47725051,280.51,13.23,-0.65,242.81,1,-115.00,-13.00,-4.00,6.00,24.00,4.00,12918811,430
174.14,1545025539,2018.61,51.43727231,7.47707652,279.95,13.33,0.10,244.48,1,-115.00,-13.00,-4.00,6.00,24.00,4.00,12918811,430
175.14,1545025540,2031.94,51.43723200,7.47690227,280.07,12.66,-0.68,247.27,1,-114.00,-13.00,-4.00,6.00,25.00,4.00,12918811,430
176.13,1545025541,2044.53,51.43719953,7.47672949,280.45,12.58,-0.08,250.16,1,-114.00,-13.00,-4.00,6.00,25.00,4.00,12918811,430
177.14,1545025542,2057.17,51.43720113,7.47655837,280.74,12.16,-0.41,269.03,1,-113.00,-11.00,-3.00,7.00,24.00,4.00,12918811,430
178.14,1545025543,2069.35,51.43720813,7.47639605,280.76,10.60,-1.56,272.95,1,-113.00,-11.00,-3.00,7.00,24.00,4.00,12918811,430
179.14,1545025544,2079.93,51.43725944,7.47628264,281.38,9.20,-1.40,309.23,1,-109.00,-9.00,0.00,6.00,26.00,4.00,12918811,430
180.13,1545025545,2089.08,51.43733233,7.47621257,281.81,8.62,-0.58,334.73,1,-109.00,-9.00,0.00,6.00,26.00,4.00,12918811,430
181.13,1545025546,2097.69,51.43741518,7.47617923,282.25,8.47,-0.15,353.78,1,-109.00,-8.00,3.00,10.00,26.00,4.00,12918811,430
182.13,1545025547,2106.18,51.43748480,7.47619889,282.77,9.26,0.79,19.11,1,-109.00,-8.00,3.00,10.00,26.00,4.00,12918811,430
183.13,1545025548,2115.43,51.43754783,7.47626322,283.08,9.59,0.33,42.15,1,-103.00,-7.00,7.00,9.00,30.00,4.00,12918811,430
184.13,1545025549,2125.00,51.43761931,7.47635928,283.24,10.61,1.02,44.75,1,-103.00,-7.00,7.00,9.00,30.00,4.00,12918811,430
185.13,1545025550,2135.61,51.43769039,7.47647783,282.87,11.47,0.87,46.89,1,-87.00,-6.00,16.00,15.00,45.00,4.00,12918811,430
186.13,1545025551,2147.10,51.43776408,7.47661462,282.56,12.64,1.16,49.12,1,-87.00,-6.00,16.00,15.00,45.00,4.00,12918811,430
187.13,1545025552,2159.75,51.43783884,7.47677587,282.56,14.13,1.49,51.04,1,-94.00,-6.00,14.00,15.00,36.00,4.00,12918811,430
188.13,1545025553,2173.88,51.43791621,7.47694824,282.47,15.16,1.03,52.42,1,-94.00,-6.00,14.00,15.00,36.00,4.00,12918811,430
189.13,1545025554,2189.04,51.43800028,7.47713094,282.05,16.50,1.34,53.58,1,-89.00,-5.00,21.00,15.00,43.00,4.00,12918811,430
190.14,1545025555,2205.63,51.43808763,7.47733627,281.66,17.26,0.75,54.85,1,-89.00,-5.00,21.00,15.00,43.00,4.00,12918811,430
191.13,1545025556,2222.82,51.43817477,7.47754520,281.50,17.76,0.50,55.46,1,-87.00,-6.00,29.00,15.00,44.00,4.00,12918811,430
192.13,1545025557,2240.54,51.43825819,7.47775528,281.43,18.20,0.44,56.25,1,-87.00,-6.00,29.00,15.00,44.00,4.00,12918811,430
193.14,1545025558,2258.87,51.43834791,7.47798387,281.29,18.40,0.19,56.39,1,-88.00,-5.00,24.00,15.00,43.00,4.00,12918811,430
194.13,1545025559,2277.12,51.43844170,7.47821623,281.33,18.64,0.25,57.19,1,-88.00,-5.00,24.00,15.00,43.00,4.00,12918811,430
195.13,1545025560,2295.78,51.43853616,7.47843872,281.12,18.69,0.05,57.06,1,-88.00,-5.00,24.00,15.00,43.00,4.00,12918811,430
196.13,1545025561,2314.47,51.43863051,7.47865927,281.13,18.45,-0.24,56.21,1,-91.00,-11.00,23.00,15.00,46.00,4.00,12918811,430
197.13,1545025562,2332.94,51.43872175,7.47887823,281.23,17.87,-0.58,56.99,1,-91.00,-11.00,23.00,15.00,46.00,4.00,12918811,430
198.13,1545025563,2350.81,51.43880931,7.47908887,281.50,17.53,-0.34,56.45,1,-94.00,-5.00,22.00,12.00,37.00,4.00,12918811,430
199.13,1545025564,2368.32,51.43889496,7.47930006,281.95,17.30,-0.23,55.73,1,-94.00,-5.00,22.00,12.00,37.00,4.00,12918811,430
200.13,1545025565,2385.65,51.43897620,7.47950024,282.66,17.03,-0.27,55.79,1,-95.00,-5.00,21.00,13.00,37.00,4.00,12918811,430
201.13,1545025566,2402.66,51.43905476,7.47969655,283.66,16.65,-0.37,56.36,1,-95.00,-5.00,21.00,13.00,37.00,4.00,12918811,430
202.13,1545025567,2419.28,51.43913330,7.47989221,284.69,16.59,-0.07,55.90,1,-98.00,-7.00,20.00,12.00,35.00,4.00,12918811,430
203.13,1545025568,2435.89,51.43921641,7.48009277,285.41,16.58,-0.01,56.08,1,-98.00,-7.00,20.00,12.00,35.00,4.00,12918811,430
204.13,1545025569,2452.43,51.43929794,7.48029138,286.05,16.78,0.20,55.31,1,-94.00,-9.00,18.00,12.00,41.00,4.00,12918811,430
205.13,1545025570,2469.23,51.43938449,7.48049717,286.21,16.51,-0.28,55.35,1,-94.00,-9.00,18.00,12.00,41.00,4.00,12918811,430
206.13,1545025571,2485.78,51.43946899,7.48068657,286.31,16.60,0.09,54.37,1,-94.00,-5.00,17.00,11.00,36.00,4.00,12918811,430
207.13,1545025572,2502.38,51.43956098,7.48088602,286.27,16.59,-0.01,53.76,1,-94.00,-5.00,17.00,11.00,36.00,4.00,12918811,430
208.13,1545025573,2518.96,51.43965499,7.48108067,285.47,17.07,0.48,52.90,1,-92.00,-5.00,29.00,13.00,39.00,4.00,12918811,430
209.13,1545025574,2536.03,51.43974810,7.48127419,284.43,17.94,0.88,52.40,1,-92.00,-5.00,29.00,13.00,39.00,4.00,12918811,430
210.13,1545025575,2553.99,51.43984953,7.48147325,283.37,18.55,0.60,51.53,1,-92.00,-6.00,31.00,12.00,40.00,4.00,12918811,430
211.13,1545025576,2572.52,51.43995891,7.48168308,282.01,19.30,0.75,50.72,1,-92.00,-6.00,31.00,12.00,40.00,4.00,12918811,430
212.13,1545025577,2591.78,51.44007964,7.48189863,280.52,19.93,0.63,49.50,1,-89.00,-11.00,22.00,11.00,48.00,4.00,12918811,430
213.13,1545025578,2611.69,51.44021108,7.48212326,279.27,20.96,1.04,47.62,1,-89.00,-11.00,22.00,11.00,48.00,4.00,12918811,430
214.14,1545025579,2632.90,51.44034354,7.48233676,278.36,21.71,0.74,45.97,1,-88.00,-6.00,22.00,10.00,44.00,4.00,12918811,430
215.13,1545025580,2654.39,51.44049188,7.48255053,277.96,21.66,-0.05,42.47,1,-88.00,-6.00,22.00,10.00,44.00,4.00,12918811,430
216.13,1545025581,2676.07,51.44064702,7.48276375,277.87,22.28,0.62,41.31,1,-88.00,-6.00,22.00,10.00,44.00,4.00,12918811,430
217.13,1545025582,2698.37,51.44080559,7.48297355,278.08,22.57,0.29,39.81,1,-86.00,-8.00,22.00,12.00,48.00,4.00,12918811,430
218.13,1545025583,2720.92,51.44095660,7.48317540,278.55,22.51,-0.06,38.88,1,-86.00,-8.00,22.00,12.00,48.00,4.00,12918811,430
219.13,1545025584,2743.42,51.44111181,7.48336305,279.03,22.11,-0.40,36.74,1,-82.00,-6.00,17.00,15.00,50.00,4.00,12918811,430
220.13,1545025585,2765.55,51.44127069,7.48355165,279.30,21.96,-0.15,36.27,1,-82.00,-6.00,17.00,15.00,50.00,4.00,12918811,430
221.14,1545025586,2787.53,51.44143059,7.48372682,279.38,21.66,-0.30,35.02,1,-82.00,-7.00,25.00,15.00,50.00,4.00,12918811,430
222.13,1545025587,2809.10,51.44159261,7.48389216,279.39,21.30,-0.36,32.60,1,-82.00,-7.00,25.00,15.00,50.00,4.00,12918811,430
223.13,1545025588,2830.40,51.44175467,7.48404922,279.09,20.94,-0.36,30.49,1,-79.00,-7.00,25.00,15.00,54.00,4.00,12918811,430
224.13,1545025589,2851.32,51.44191580,7.48419246,278.79,20.41,-0.53,28.58,1,-79.00,-7.00,25.00,15.00,54.00,4.00,12918811,430
225.13,1545025590,2871.72,51.44207468,7.48433753,278.28,20.31,-0.09,27.58,1,-81.00,-11.00,24.00,15.00,56.00,4.00,12918811,430
226.13,1545025591,2892.08,51.44222698,7.48446241,277.50,19.73,-0.58,26.96,1,-81.00,-11.00,24.00,15.00,56.00,4.00,12918811,430
227.13,1545025592,2911.80,51.44238230,7.48458784,276.80,19.55,-0.18,26.69,1,-76.00,-6.00,33.00,15.00,51.00,4.00,12918811,430
228.13,1545025593,2931.37,51.44254033,7.48470815,276.38,19.01,-0.54,25.66,1,-76.00,-6.00,33.00,15.00,51.00,4.00,12918811,430
229.13,1545025594,2950.40,51.44269517,7.48482527,276.04,18.61,-0.40,24.80,1,-77.00,-7.00,25.00,6.00,57.00,4.00,12918811,430
230.14,1545025595,2969.10,51.44284975,7.48493754,275.66,18.60,-0.01,24.30,1,-77.00,-7.00,25.00,6.00,57.00,4.00,12918811,430
231.14,1545025596,2987.63,51.44300898,7.48505327,275.37,18.95,0.35,24.25,1,-75.00,-11.00,14.00,10.00,63.00,4.00,12918811,430
232.13,1545025597,3006.50,51.44316922,7.48516925,275.12,19.11,0.16,24.09,1,-75.00,-11.00,14.00,10.00,63.00,4.00,12918811,430
233.13,1545025598,3025.67,51.44332839,7.48528336,274.82,18.96,-0.15,23.34,1,-88.00,-12.00,10.00,8.00,50.00,4.00,12918811,430
234.13,1545025599,3044.62,51.44348540,7.48539672,274.49,18.84,-0.12,23.60,1,-88.00,-12.00,10.00,8.00,50.00,4.00,12918811,430
235.14,1545025600,3063.61,51.44363927,7.48550680,274.15,17.99,-0.84,23.37,1,-70.00,-5.00,29.00,12.00,62.00,2.00,12918809,429
236.13,1545025601,3081.44,51.44378284,7.48560162,273.72,17.13,-0.87,22.54,1,-70.00,-5.00,29.00,12.00,62.00,2.00,12918809,429
237.13,1545025602,3098.59,51.44391637,7.48568859,273.18,16.23,-0.90,21.81,1,-70.00,-5.00,29.00,12.00,62.00,2.00,12918809,429
238.13,1545025603,3114.80,51.44404493,7.48577473,272.53,15.55,-0.68,21.74,1,-66.00,-7.00,30.00,15.00,63.00,2.00,12918809,429
239.13,1545025604,3130.35,51.44417285,7.48585723,272.07,15.02,-0.53,21.70,1,-66.00,-7.00,30.00,15.00,63.00,2.00,12918809,429
240.14,1545025605,3145.40,51.44429425,7.48593169,271.49,13.81,-1.21,22.27,1,-69.00,-6.00,28.00,15.00,63.00,2.00,12918809,429
241.13,1545025606,3159.18,51.44440608,7.48601035,270.66,13.32,-0.49,24.33,1,-69.00,-6.00,28.00,15.00,63.00,2.00,12918809,429
242.13,1545025607,3172.47,51.44450340,7.48609124,269.72,12.38,-0.94,27.84,1,-75.00,-6.00,27.00,15.00,58.00,2.00,12918809,429
243.13,1545025608,3184.85,51.44458237,7.48621132,269.07,12.09,-0.28,42.94,1,-75.00,-6.00,27.00,15.00,58.00,2.00,12918809,429
244.13,1545025609,3196.93,51.44464902,7.48633724,268.39,11.89,-0.21,46.51,1,-75.00,-10.00,27.00,14.00,61.00,2.00,12918809,429
245.13,1545025610,3208.83,51.44469235,7.48650128,267.89,11.84,-0.05,67.68,1,-75.00,-10.00,27.00,14.00,61.00,2.00,12918809,429
246.13,1545025611,3220.70,51.44470918,7.48666811,267.50,12.03,0.19,81.56,1,-78.00,-6.00,27.00,15.00,54.00,2.00,12918809,429
247.13,1545025612,3232.72,51.44471966,7.48685020,267.27,12.34,0.31,85.61,1,-78.00,-6.00,27.00,15.00,54.00,2.00,12918809,429
248.13,1545025613,3245.08,51.44468659,7.48703005,266.91,12.69,0.35,106.95,1,-81.00,-5.00,18.00,15.00,50.00,2.00,12918809,429
249.13,1545025614,3257.76,51.44462535,7.48719363,266.13,12.58,-0.11,121.00,1,-81.00,-5.00,18.00,15.00,50.00,2.00,12918809,429
250.13,1545025615,3270.34,51.44454567,7.48732501,265.54,12.29,-0.30,134.28,1,-79.00,-6.00,32.00,15.00,53.00,2.00,12918809,429
251.13,1545025616,3282.63,51.44445471,7.48741154,264.93,12.35,0.07,149.51,1,-79.00,-6.00,32.00,15.00,53.00,2.00,12918809,429
252.13,1545025617,3294.98,51.44436155,7.48748896,264.10,12.46,0.11,153.28,1,-64.00,-5.00,32.00,15.00,63.00,2.00,12918809,429
253.13,1545025618,3307.45,51.44425603,7.48751482,263.61,12.20,-0.26,174.41,1,-64.00,-5.00,32.00,15.00,63.00,2.00,12918809,429
254.13,1545025619,3319.65,51.44415389,7.48750380,263.28,12.19,-0.01,187.07,1,-63.00,-5.00,34.00,15.00,63.00,2.00,12918809,429
255.13,1545025620,3331.85,51.44405509,7.48745252,263.04,12.30,0.11,201.69,1,-63.00,-5.00,34.00,15.00,63.00,2.00,12918809,429
256.15,1545025621,3344.29,51.44396012,7.48735900,262.96,12.39,0.09,214.62,1,-68.00,-4.00,34.00,15.00,62.00,2.00,12918809,429
257.13,1545025622,3356.53,51.44387800,7.48722975,263.34,12.54,0.16,229.05,1,-68.00,-4.00,34.00,15.00,62.00,2.00,12918809,429
258.13,1545025623,3369.08,51.44381408,7.48705755,263.80,13.18,0.64,242.45,1,-68.00,-4.00,34.00,15.00,62.00,2.00,12918809,429
259.13,1545025624,3382.26,51.44378009,7.48686223,264.22,13.49,0.31,257.94,1,-76.00,-5.00,27.00,14.00,55.00,2.00,12918809,429
260.13,1545025625,3395.71,51.44375615,7.48667338,264.88,14.26,0.77,260.65,1,-76.00,-5.00,27.00,14.00,55.00,2.00,12918809,429
261.13,1545025626,3410.01,51.44373936,7.48647072,265.59,15.05,0.79,263.16,1,-75.00,-5.00,27.00,15.00,57.00,2.00,12918809,429
262.13,1545025627,3425.05,51.44372687,7.48625069,266.22,16.19,1.13,264.78,1,-75.00,-5.00,27.00,15.00,57.00,2.00,12918809,429
263.13,1545025628,3441.23,51.44371368,7.48600561,266.63,17.19,1.01,265.76,1,-80.00,-11.00,28.00,14.00,57.00,2.00,12918809,429
264.14,1545025629,3458.48,51.44370537,7.48574365,266.97,18.26,1.06,266.41,1,-80.00,-11.00,28.00,14.00,57.00,2.00,12918809,429
265.13,1545025630,3476.69,51.44369839,7.48545735,266.80,19.70,1.44,266.96,1,-81.00,-5.00,26.00,15.00,51.00,2.00,12918809,429
266.13,1545025631,3496.41,51.44369859,7.48519702,266.30,18.19,-1.51,269.39,1,-81.00,-5.00,26.00,15.00,51.00,2.00,12918809,429
267.13,1545025632,3514.60,51.44372905,7.48495440,266.33,18.19,0.00,267.56,1,-93.00,-6.00,16.00,12.00,39.00,2.00,12918809,429
268.13,1545025633,3532.80,51.44374626,7.48464516,266.73,23.19,5.00,268.56,1,-93.00,-6.00,16.00,12.00,39.00,2.00,12918809,429
269.13,1545025634,3555.99,51.44374043,7.48431263,266.47,23.69,0.49,268.84,1,-85.00,-6.00,24.00,14.00,48.00,2.00,12918809,429
270.13,1545025635,3579.67,51.44372837,7.48395053,266.03,23.87,0.18,268.49,1,-85.00,-6.00,24.00,14.00,48.00,2.00,12918809,429
271.13,1545025636,3603.47,51.44372085,7.48358897,266.21,23.93,0.06,268.41,1,-75.00,-5.00,17.00,15.00,58.00,2.00,12918809,429
272.13,1545025637,3627.40,51.44370995,7.48323911,266.33,23.68,-0.24,268.06,1,-75.00,-5.00,17.00,15.00,58.00,2.00,12918809,429
273.13,1545025638,3651.11,51.44369998,7.48290236,266.29,23.36,-0.33,267.19,1,-88.00,-9.00,12.00,10.00,48.00,2.00,12918809,429
274.13,1545025639,3674.51,51.44368998,7.48256399,266.16,23.25,-0.11,267.33,1,-88.00,-9.00,12.00,10.00,48.00,2.00,12918809,429
275.13,1545025640,3697.79,51.44367580,7.48223048,266.08,23.13,-0.12,266.86,1,-92.00,-13.00,6.00,8.00,48.00,2.00,12918809,429
276.13,1545025641,3720.92,51.44366187,7.48189485,266.08,23.22,0.08,266.55,1,-92.00,-13.00,6.00,8.00,48.00,2.00,12918809,429
277.14,1545025642,3744.30,51.44365078,7.48156854,265.81,23.65,0.43,266.42,1,-91.00,-7.00,18.00,10.00,42.00,4.00,12918811,430
278.13,1545025643,3767.78,51.44363800,7.48122811,265.62,24.16,0.51,266.12,1,-91.00,-7.00,18.00,10.00,42.00,4.00,12918811,430
279.13,1545025644,3791.94,51.44362332,7.48088942,265.29,23.97,-0.19,265.44,1,-91.00,-7.00,18.00,10.00,42.00,4.00,12918811,430
280.14,1545025645,3815.93,51.44360959,7.48054931,265.12,24.20,0.23,264.67,1,-92.00,-7.00,27.00,9.00,41.00,4.00,12918811,430
281.13,1545025646,3840.01,51.44358702,7.48020430,264.71,24.59,0.39,263.57,1,-92.00,-7.00,27.00,9.00,41.00,4.00,12918811,430
282.13,1545025647,3864.62,51.44356271,7.47985023,264.19,25.02,0.43,262.89,1,-89.00,-7.00,12.00,11.00,45.00,4.00,12918811,430
283.13,1545025648,3889.64,51.44353504,7.47948151,263.88,25.30,0.28,262.84,1,-89.00,-7.00,12.00,11.00,45.00,4.00,12918811,430
284.13,1545025649,3914.94,51.44350224,7.47910784,263.64,25.92,0.63,262.32,1,-88.00,-8.00,18.00,13.00,46.00,4.00,12918811,430
285.13,1545025650,3940.84,51.44346921,7.47873165,263.55,26.36,0.43,262.54,1,-88.00,-8.00,18.00,13.00,46.00,4.00,12918811,430
286.13,1545025651,3967.25,51.44343753,7.47834961,263.58,26.37,0.01,262.53,1,-85.00,-5.00,20.00,13.00,47.00,4.00,12918811,430
287.13,1545025652,3993.65,51.44340725,7.47797631,263.47,26.05,-0.32,262.89,1,-85.00,-5.00,20.00,13.00,47.00,4.00,12918811,430
288.13,1545025653,4019.70,51.44337839,7.47760632,263.36,25.69,-0.36,262.37,1,-84.00,-6.00,20.00,15.00,48.00,4.00,12918811,430
289.13,1545025654,4045.38,51.44334803,7.47723939,263.07,25.34,-0.34,261.95,1,-84.00,-6.00,20.00,15.00,48.00,4.00,12918811,430
290.13,1545025655,4070.73,51.44331641,7.47687255,262.78,25.22,-0.12,261.48,1,-87.00,-11.00,18.00,15.00,49.00,4.00,12918811,430
291.13,1545025656,4095.88,51.44328467,7.47650972,262.42,25.18,-0.04,261.40,1,-87.00,-11.00,18.00,15.00,49.00,4.00,12918811,430
292.13,1545025657,4121.06,51.44325176,7.47616370,261.44,25.42,0.24,260.73,1,-83.00,-6.00,18.00,15.00,47.00,4.00,12918811,430
293.13,1545025658,4146.50,51.44322010,7.47580888,260.19,25.82,0.40,260.07,1,-83.00,-6.00,18.00,15.00,47.00,4.00,12918811,430
294.13,1545025659,4172.39,51.44318219,7.47542393,259.11,26.33,0.51,260.37,1,-84.00,-5.00,20.00,15.00,47.00,4.00,12918811,430
295.14,1545025660,4198.80,51.44313757,7.47504192,258.26,26.87,0.53,259.04,1,-84.00,-5.00,20.00,15.00,47.00,4.00,12918811,430
296.13,1545025661,4225.56,51.44308901,7.47465118,257.58,27.68,0.82,258.12,1,-95.00,-6.00,11.00,11.00,37.00,4.00,12918811,430
297.13,1545025662,4253.24,51.44303250,7.47425484,256.95,28.48,0.80,257.31,1,-95.00,-6.00,11.00,11.00,37.00,4.00,12918811,430
298.14,1545025663,4281.98,51.44297473,7.47385197,256.20,28.98,0.49,256.64,1,-103.00,-7.00,7.00,9.00,31.00,13.00,12935194,430
299.13,1545025664,4310.73,51.44291690,7.47344299,255.72,28.85,-0.13,257.07,1,-103.00,-7.00,7.00,9.00,31.00,13.00,12935194,430
300.14,1545025665,4339.61,51.44286268,7.47304949,255.20,28.38,-0.47,257.64,1,-103.00,-7.00,7.00,9.00,31.00,13.00,12935194,430
301.14,1545025666,4368.02,51.44280925,7.47266116,254.56,27.92,-0.46,257.84,1,-107.00,-8.00,5.00,8.00,26.00,13.00,12935194,397
302.14,1545025667,4395.97,51.44275399,7.47226876,254.05,27.57,-0.35,258.28,1,-107.00,-8.00,5.00,8.00,26.00,13.00,12935194,397
303.13,1545025668,4423.45,51.44270418,7.47188117,253.53,27.62,0.05,258.37,1,-106.00,-7.00,8.00,10.00,26.00,13.00,12935194,397
304.13,1545025669,4451.07,51.44265659,7.47150937,253.00,27.60,-0.02,258.46,1,-106.00,-7.00,8.00,10.00,26.00,13.00,12935194,397
305.13,1545025670,4478.67,51.44260704,7.47112744,252.30,27.68,0.08,258.21,1,-110.00,-8.00,9.00,6.00,23.00,13.00,12935194,397
306.14,1545025671,4506.37,51.44255697,7.47073643,251.58,27.91,0.24,258.01,1,-110.00,-8.00,9.00,6.00,23.00,13.00,12935194,397
307.13,1545025672,4534.26,51.44250692,7.47034328,250.75,28.03,0.11,257.88,1,-112.00,-10.00,5.00,5.00,24.00,12.00,12935170,397
308.13,1545025673,4562.29,51.44245686,7.46994699,249.91,28.26,0.23,257.54,1,-112.00,-10.00,5.00,5.00,24.00,12.00,12935170,397
309.14,1545025674,4590.83,51.44240624,7.46954003,248.77,28.36,0.10,258.01,1,-98.00,-8.00,1.00,7.00,35.00,12.00,12935170,448
310.14,1545025675,4618.93,51.44235660,7.46913332,247.51,28.31,-0.05,258.43,1,-98.00,-8.00,1.00,7.00,35.00,12.00,12935170,448
311.13,1545025676,4647.21,51.44230297,7.46872141,246.41,28.32,0.02,258.22,1,-99.00,-12.00,1.00,7.00,37.00,12.00,12935170,448
312.13,1545025677,4675.51,51.44225021,7.46831459,245.53,28.35,0.03,258.21,1,-99.00,-12.00,1.00,7.00,37.00,12.00,12935170,448
313.13,1545025678,4703.89,51.44219795,7.46791150,244.65,28.72,0.37,258.54,1,-99.00,-13.00,-4.00,6.00,38.00,12.00,12935170,448
314.13,1545025679,4732.60,51.44214635,7.46750082,243.81,29.03,0.32,258.96,1,-99.00,-13.00,-4.00,6.00,38.00,12.00,12935170,448
315.14,1545025680,4761.67,51.44209797,7.46708562,243.01,29.26,0.22,259.38,1,-103.00,-13.00,-5.00,2.00,34.00,12.00,12935170,448
316.14,1545025681,4790.92,51.44205015,7.46666694,242.32,29.31,0.06,259.72,1,-103.00,-13.00,-5.00,2.00,34.00,12.00,12935170,448
317.14,1545025682,4820.32,51.44200604,7.46624509,241.70,29.40,0.09,260.41,1,-102.00,-14.00,-3.00,6.00,35.00,12.00,12935170,448
318.14,1545025683,4849.75,51.44196246,7.46582956,241.06,29.32,-0.08,260.54,1,-102.00,-14.00,-3.00,6.00,35.00,12.00,12935170,448
319.15,1545025684,4879.34,51.44191836,7.46540914,240.41,29.95,0.62,260.70,1,-103.00,-15.00,-1.00,4.00,36.00,12.00,12935170,448
320.14,1545025685,4908.99,51.44187867,7.46498214,239.72,30.31,0.37,261.44,1,-103.00,-15.00,-1.00,4.00,36.00,12.00,12935170,448
321.14,1545025686,4939.30,51.44184005,7.46455141,238.92,30.61,0.30,262.22,1,-103.00,-15.00,-1.00,4.00,36.00,12.00,12935170,448
322.14,1545025687,4969.85,51.44180119,7.46411066,238.16,31.03,0.42,262.39,1,-104.00,-12.00,-2.00,5.00,32.00,12.00,12935170,448
323.14,1545025688,5000.97,51.44176770,7.46366190,237.43,31.52,0.49,262.65,1,-104.00,-12.00,-2.00,5.00,32.00,12.00,12935170,448
324.14,1545025689,5032.43,51.44173352,7.46320464,236.79,31.84,0.32,263.35,1,-102.00,-12.00,0.00,5.00,34.00,12.00,12935170,448
325.14,1545025690,5064.27,51.44170469,7.46273451,236.29,32.54,0.69,263.98,1,-102.00,-12.00,0.00,5.00,34.00,12.00,12935170,448
326.13,1545025691,5096.72,51.44167559,7.46225988,235.90,33.00,0.46,264.87,1,-96.00,-15.00,-8.00,4.00,41.00,12.00,12935170,448
327.13,1545025692,5129.71,51.44164875,7.46178379,235.55,33.26,0.26,264.96,1,-96.00,-15.00,-8.00,4.00,41.00,12.00,12935170,448
328.13,1545025693,5162.97,51.44162822,7.46130771,234.94,33.80,0.54,265.13,1,-101.00,-14.00,-7.00,6.00,38.00,12.00,12935170,448
329.14,1545025694,5196.87,51.44160874,7.46080854,234.52,34.45,0.65,266.15,1,-101.00,-14.00,-7.00,6.00,38.00,12.00,12935170,448
330.14,1545025695,5231.36,51.44158878,7.46030203,234.25,35.17,0.71,266.93,1,-96.00,-19.00,-1.00,6.00,43.00,12.00,12935170,448
331.14,1545025696,5266.49,51.44157453,7.45979002,234.20,35.61,0.44,267.46,1,-96.00,-19.00,-1.00,6.00,43.00,12.00,12935170,448
332.14,1545025697,5302.06,51.44156019,7.45927874,234.24,35.53,-0.08,268.16,1,-94.00,-19.00,-2.00,4.00,45.00,12.00,12935171,448
333.14,1545025698,5337.56,51.44155453,7.45877405,234.10,35.29,-0.24,268.90,1,-94.00,-19.00,-2.00,4.00,45.00,12.00,12935171,448
334.14,1545025699,5372.95,51.44155024,7.45827407,234.30,35.41,0.12,268.94,1,-90.00,-14.00,0.00,11.00,48.00,15.00,14301697,449
335.13,1545025700,5408.15,51.44154573,7.45776118,234.76,35.58,0.17,269.76,1,-90.00,-14.00,0.00,11.00,48.00,15.00,14301697,449
336.13,1545025701,5443.76,51.44154664,7.45724807,235.21,35.74,0.16,270.10,1,-83.00,-9.00,9.00,4.00,50.00,15.00,14301697,54
337.13,1545025702,5479.39,51.44154707,7.45673919,235.65,35.57,-0.16,270.06,1,-83.00,-9.00,9.00,4.00,50.00,15.00,14301697,54
338.13,1545025703,5515.04,51.44154783,7.45624460,235.89,34.92,-0.65,270.68,1,-82.00,-10.00,12.00,11.00,52.00,15.00,14301697,54
339.13,1545025704,5550.03,51.44154835,7.45573819,235.80,34.97,0.05,270.83,1,-82.00,-10.00,12.00,11.00,52.00,15.00,14301697,54
340.14,1545025705,5585.34,51.44155041,7.45523514,235.62,35.02,0.05,270.89,1,-84.00,-7.00,11.00,15.00,46.00,15.00,14301697,54
341.13,1545025706,5620.02,51.44156721,7.45473768,235.04,34.87,-0.15,272.64,1,-84.00,-7.00,11.00,15.00,46.00,15.00,14301697,54
342.13,1545025707,5654.89,51.44158541,7.45424290,234.42,34.90,0.02,273.06,1,-84.00,-7.00,11.00,15.00,46.00,15.00,14301697,54
343.13,1545025708,5689.79,51.44161263,7.45373570,233.91,35.11,0.21,274.55,1,-82.00,-13.00,5.00,3.00,50.00,15.00,14301697,54
344.13,1545025709,5724.83,51.44163900,7.45323301,233.47,35.30,0.19,275.13,1,-82.00,-13.00,5.00,3.00,50.00,15.00,14301697,54
345.13,1545025710,5760.16,51.44166677,7.45272365,233.11,35.51,0.21,275.29,1,-83.00,-9.00,9.00,15.00,49.00,15.00,14301697,54
346.13,1545025711,5795.71,51.44169960,7.45221328,232.66,35.69,0.18,275.63,1,-83.00,-9.00,9.00,15.00,49.00,15.00,14301697,54
347.13,1545025712,5831.36,51.44173245,7.45171384,232.18,35.69,0.00,276.33,1,-79.00,-5.00,26.00,15.00,48.00,15.00,14301697,54
348.13,1545025713,5867.06,51.44177043,7.45122146,232.23,35.08,-0.61,277.13,1,-79.00,-5.00,26.00,15.00,48.00,15.00,14301697,54
349.13,1545025714,5902.14,51.44181012,7.45072485,232.55,35.24,0.16,277.69,1,-78.00,-5.00,32.00,15.00,51.00,15.00,14301697,54
350.14,1545025715,5937.66,51.44184995,7.45022761,232.87,35.34,0.10,277.98,1,-78.00,-5.00,32.00,15.00,51.00,15.00,14301697,54
351.13,1545025716,5972.62,51.44189798,7.44972570,233.26,35.62,0.28,278.35,1,-73.00,-5.00,24.00,15.00,55.00,15.00,14301697,54
352.13,1545025717,6008.27,51.44194555,7.44921973,233.50,35.79,0.17,278.74,1,-73.00,-5.00,24.00,15.00,55.00,15.00,14301697,54
353.13,1545025718,6044.10,51.44199304,7.44871600,233.33,35.22,-0.57,279.17,1,-72.00,-5.00,21.00,10.00,57.00,15.00,14301697,54
354.13,1545025719,6079.36,51.44204787,7.44822226,233.11,34.74,-0.49,279.59,1,-72.00,-5.00,21.00,10.00,57.00,15.00,14301697,54
355.13,1545025720,6114.09,51.44210273,7.44772320,232.63,34.82,0.08,280.31,1,-70.00,-5.00,20.00,15.00,57.00,15.00,14301697,54
356.13,1545025721,6148.91,51.44216479,7.44722722,232.13,34.94,0.12,281.12,1,-70.00,-5.00,20.00,15.00,57.00,15.00,14301697,54
357.13,1545025722,6183.85,51.44222643,7.44672573,231.41,35.10,0.16,281.81,1,-65.00,-6.00,29.00,15.00,63.00,15.00,14301697,54
358.13,1545025723,6218.95,51.44229053,7.44622717,230.85,35.09,-0.00,281.94,1,-65.00,-6.00,29.00,15.00,63.00,15.00,14301697,54
359.13,1545025724,6254.04,51.44236247,7.44571797,230.14,35.41,0.31,282.67,1,-62.00,-6.00,31.00,15.00,63.00,15.00,14301697,54
360.13,1545025725,6289.45,51.44243329,7.44521647,229.52,35.43,0.02,283.11,1,-62.00,-6.00,31.00,15.00,63.00,15.00,14301697,54
361.14,1545025726,6325.02,51.44250467,7.44470970,229.06,35.54,0.11,283.57,1,-63.00,-6.00,27.00,15.00,63.00,15.00,14301697,54
362.13,1545025727,6360.35,51.44258121,7.44421016,228.68,35.59,0.04,283.78,1,-63.00,-6.00,27.00,15.00,63.00,15.00,14301697,54
363.13,1545025728,6395.90,51.44265836,7.44370587,228.48,35.70,0.11,284.37,1,-63.00,-6.00,27.00,15.00,63.00,15.00,14301697,54
364.13,1545025729,6431.70,51.44273905,7.44321221,228.32,35.44,-0.25,284.89,1,-61.00,-8.00,28.00,15.00,63.00,15.00,14301697,54
365.13,1545025730,6467.15,51.44281955,7.44271730,228.22,35.41,-0.04,285.44,1,-61.00,-8.00,28.00,15.00,63.00,15.00,14301697,54
366.13,1545025731,6502.55,51.44290177,7.44222484,227.95,35.59,0.19,285.85,1,-65.00,-6.00,23.00,11.00,63.00,15.00,14301697,54
367.13,1545025732,6538.15,51.44299235,7.44173035,227.58,35.71,0.11,286.27,1,-65.00,-6.00,23.00,11.00,63.00,15.00,14301697,54
368.13,1545025733,6573.89,51.44308455,7.44124128,226.93,35.79,0.08,286.73,1,-66.00,-6.00,16.00,10.00,63.00,15.00,14301697,54
369.13,1545025734,6609.67,51.44318065,7.44076254,226.15,35.23,-0.56,287.37,1,-66.00,-6.00,16.00,10.00,63.00,15.00,14301697,54
370.14,1545025735,6644.94,51.44327667,7.44028213,225.34,34.65,-0.58,288.04,1,-70.00,-5.00,10.00,6.00,61.00,1.00,14301699,56
371.13,1545025736,6679.41,51.44337271,7.43980510,224.64,34.78,0.13,288.29,1,-70.00,-5.00,10.00,6.00,61.00,1.00,14301699,56
372.13,1545025737,6714.33,51.44347551,7.43933309,223.98,34.85,0.08,288.89,1,-67.00,-6.00,29.00,12.00,63.00,1.00,14301699,56
373.13,1545025738,6749.14,51.44357873,7.43885973,223.27,35.05,0.20,289.16,1,-67.00,-6.00,29.00,12.00,63.00,1.00,14301699,56
374.13,1545025739,6784.20,51.44368877,7.43839141,222.67,35.17,0.12,290.01,1,-66.00,-5.00,32.00,12.00,63.00,1.00,14301699,56
375.13,1545025740,6819.37,51.44380048,7.43791449,221.98,35.91,0.74,289.93,1,-66.00,-5.00,32.00,12.00,63.00,1.00,14301699,56
376.13,1545025741,6855.28,51.44391374,7.43742471,221.24,36.23,0.32,290.67,1,-67.00,-5.00,31.00,12.00,63.00,1.00,14301699,56
377.13,1545025742,6891.50,51.44403546,7.43693565,220.57,36.47,0.25,291.57,1,-67.00,-5.00,31.00,12.00,63.00,1.00,14301699,56
378.13,1545025743,6928.01,51.44415636,7.43644996,219.84,35.93,-0.54,292.02,1,-75.00,-5.00,27.00,13.00,55.00,1.00,14301699,56
379.13,1545025744,6963.91,51.44427252,7.43597905,218.71,35.88,-0.05,291.72,1,-75.00,-5.00,27.00,13.00,55.00,1.00,14301699,56
380.13,1545025745,6999.65,51.44439951,7.43551586,217.82,35.35,-0.54,293.20,1,-79.00,-5.00,20.00,11.00,51.00,1.00,14301699,56
381.13,1545025746,7035.07,51.44452430,7.43504989,217.02,34.97,-0.38,294.00,1,-79.00,-5.00,20.00,11.00,51.00,1.00,14301699,56
382.14,1545025747,7070.28,51.44465732,7.43459123,216.18,34.86,-0.11,295.04,1,-82.00,-9.00,17.00,12.00,50.00,1.00,14301699,56
383.13,1545025748,7104.90,51.44479187,7.43413947,215.22,34.71,-0.15,295.76,1,-82.00,-9.00,17.00,12.00,50.00,1.00,14301699,56
384.13,1545025749,7139.58,51.44493791,7.43370310,214.13,34.51,-0.21,297.62,1,-82.00,-9.00,17.00,12.00,50.00,1.00,14301699,56
385.13,1545025750,7174.22,51.44509105,7.43326887,213.05,34.68,0.18,298.72,1,-82.00,-6.00,16.00,10.00,48.00,1.00,14301699,56
386.13,1545025751,7208.84,51.44524683,7.43283408,211.92,34.69,0.01,299.74,1,-82.00,-6.00,16.00,10.00,48.00,1.00,14301699,56
387.13,1545025752,7243.60,51.44540739,7.43239791,210.89,34.74,0.05,300.98,1,-90.00,-10.00,13.00,6.00,45.00,1.00,14301699,56
388.13,1545025753,7278.31,51.44557419,7.43197511,209.89,34.60,-0.14,302.97,1,-90.00,-10.00,13.00,6.00,45.00,1.00,14301699,56
389.13,1545025754,7312.91,51.44574407,7.43156746,208.75,34.28,-0.33,303.99,1,-90.00,-6.00,15.00,9.00,41.00,1.00,14301699,56
390.13,1545025755,7347.15,51.44591901,7.43116651,207.53,34.26,-0.02,305.33,1,-90.00,-6.00,15.00,9.00,41.00,1.00,14301699,56
391.14,1545025756,7381.51,51.44609823,7.43077695,206.22,34.27,0.02,306.65,1,-89.00,-6.00,16.00,9.00,42.00,1.00,14301699,56
392.13,1545025757,7415.75,51.44628821,7.43038907,204.77,34.25,-0.02,308.35,1,-89.00,-6.00,16.00,9.00,42.00,1.00,14301699,56
393.13,1545025758,7450.00,51.44648319,7.43001058,203.45,34.36,0.11,310.03,1,-90.00,-15.00,5.00,4.00,47.00,1.00,14301699,56
394.13,1545025759,7484.37,51.44667900,7.42964924,202.27,34.16,-0.21,311.12,1,-90.00,-15.00,5.00,4.00,47.00,1.00,14301699,56
395.14,1545025760,7518.62,51.44688337,7.42929368,201.07,34.29,0.14,312.70,1,-97.00,-12.00,2.00,6.00,39.00,1.00,14301699,56
396.13,1545025761,7552.78,51.44710116,7.42893348,199.72,34.21,-0.08,314.42,1,-97.00,-12.00,2.00,6.00,39.00,1.00,14301699,56
397.13,1545025762,7587.03,51.44731666,7.42857872,198.29,34.32,0.11,314.70,1,-97.00,-9.00,2.00,4.00,37.00,1.00,14301699,56
398.13,1545025763,7621.32,51.44754033,7.42824232,196.77,34.36,0.04,316.84,1,-97.00,-9.00,2.00,4.00,37.00,1.00,14301699,56
399.14,1545025764,7655.75,51.44776946,7.42791738,195.21,34.45,0.09,318.43,1,-103.00,-10.00,11.00,4.00,32.00,1.00,14301699,56
400.14,1545025765,7690.23,51.44800615,7.42759553,193.63,34.82,0.37,319.66,1,-103.00,-10.00,11.00,4.00,32.00,1.00,14301699,56
401.14,1545025766,7725.01,51.44824561,7.42727146,192.17,35.13,0.32,320.66,1,-92.00,-13.00,-2.00,7.00,44.00,19.00,13806082,70
402.14,1545025767,7760.18,51.44849592,7.42696247,190.49,35.69,0.56,322.53,1,-92.00,-13.00,-2.00,7.00,44.00,19.00,13806082,70
403.13,1545025768,7795.69,51.44875619,7.42665898,188.76,36.08,0.38,324.03,1,-93.00,-17.00,-5.00,7.00,45.00,19.00,13806082,70
404.13,1545025769,7831.88,51.44902320,7.42636566,187.14,36.02,-0.06,325.61,1,-93.00,-17.00,-5.00,7.00,45.00,19.00,13806082,70
405.14,1545025770,7868.19,51.44930009,7.42608198,185.53,36.06,0.04,327.09,1,-94.00,-16.00,0.00,7.00,43.00,19.00,13806082,70
406.13,1545025771,7903.96,51.44958362,7.42580930,183.77,36.28,0.22,328.71,1,-94.00,-16.00,0.00,7.00,43.00,19.00,13806082,70
407.13,1545025772,7940.24,51.44986729,7.42555747,182.13,36.47,0.19,330.85,1,-94.00,-16.00,0.00,7.00,43.00,19.00,13806082,70
408.13,1545025773,7976.68,51.45015655,7.42531458,180.46,36.72,0.24,332.32,1,-90.00,-15.00,3.00,5.00,47.00,19.00,13806082,70
409.13,1545025774,8013.43,51.45044810,7.42508404,179.00,36.88,0.17,333.51,1,-90.00,-15.00,3.00,5.00,47.00,19.00,13806082,70
410.14,1545025775,8050.38,51.45075254,7.42485531,177.52,37.15,0.27,335.26,1,-94.00,-15.00,2.00,6.00,44.00,19.00,13806082,70
411.14,1545025776,8087.50,51.45105902,7.42464356,176.31,36.85,-0.30,336.69,1,-94.00,-15.00,2.00,6.00,44.00,19.00,13806082,70
412.14,1545025777,8124.43,51.45136898,7.42444940,174.97,36.51,-0.34,338.57,1,-92.00,-14.00,2.00,5.00,45.00,19.00,13806082,70
413.14,1545025778,8160.98,51.45167509,7.42426538,173.43,36.21,-0.30,339.58,1,-92.00,-14.00,2.00,5.00,45.00,19.00,13806082,70
414.14,1545025779,8197.08,51.45198303,7.42408124,171.67,36.31,0.11,340.33,1,-83.00,-12.00,-6.00,6.00,53.00,19.00,12897027,230
415.14,1545025780,8233.50,51.45229542,7.42390963,169.85,36.41,0.10,341.24,1,-83.00,-12.00,-6.00,6.00,53.00,19.00,12897027,230
416.13,1545025781,8269.77,51.45260070,7.42374432,168.12,36.12,-0.30,341.97,1,-85.00,-10.00,6.00,6.00,49.00,19.00,12897027,230
417.13,1545025782,8305.85,51.45291128,7.42359329,166.64,35.84,-0.28,342.91,1,-85.00,-10.00,6.00,6.00,49.00,19.00,12897027,230
418.13,1545025783,8341.73,51.45322248,7.42344319,165.35,35.80,-0.04,343.49,1,-81.00,-13.00,9.00,11.00,56.00,19.00,12897027,230
419.13,1545025784,8377.53,51.45353349,7.42329295,164.09,35.88,0.08,343.65,1,-81.00,-13.00,9.00,11.00,56.00,19.00,12897027,230
420.13,1545025785,8413.35,51.45384520,7.42314260,162.97,36.02,0.14,343.88,1,-81.00,-9.00,4.00,9.00,54.00,19.00,12897027,230
421.13,1545025786,8449.37,51.45415781,7.42299219,161.94,36.08,0.06,343.69,1,-81.00,-9.00,4.00,9.00,54.00,19.00,12897027,230
422.13,1545025787,8485.49,51.45446906,7.42285362,160.92,35.78,-0.31,343.93,1,-81.00,-15.00,3.00,9.00,57.00,19.00,12897027,230
423.14,1545025788,8521.37,51.45477290,7.42271958,159.93,35.26,-0.51,343.45,1,-81.00,-15.00,3.00,9.00,57.00,19.00,12897027,230
424.14,1545025789,8556.59,51.45506898,7.42258831,159.30,34.71,-0.55,343.30,1,-73.00,-9.00,1.00,6.00,62.00,10.00,13806082,70
425.13,1545025790,8591.27,51.45536572,7.42244529,158.64,34.16,-0.55,342.67,1,-73.00,-9.00,1.00,6.00,62.00,10.00,13806082,70
426.14,1545025791,8625.73,51.45566184,7.42229035,158.13,34.04,-0.12,341.63,1,-72.00,-8.00,6.00,14.00,62.00,10.00,13806082,70
427.13,1545025792,8659.46,51.45595288,7.42213947,157.64,33.73,-0.31,341.19,1,-72.00,-8.00,6.00,14.00,62.00,10.00,13806082,70
428.13,1545025793,8693.19,51.45623906,7.42198364,157.15,33.47,-0.26,340.60,1,-72.00,-8.00,6.00,14.00,62.00,10.00,13806082,70
429.13,1545025794,8726.66,51.45651299,7.42182420,157.02,33.16,-0.31,339.32,1,-72.00,-8.00,4.00,7.00,63.00,10.00,13806082,70
430.13,1545025795,8759.82,51.45679779,7.42165106,156.82,33.12,-0.04,338.38,1,-72.00,-8.00,4.00,7.00,63.00,10.00,13806082,70
431.13,1545025796,8792.84,51.45707239,7.42146456,156.69,33.18,0.06,337.32,1,-81.00,-8.00,-3.00,6.00,52.00,10.00,13806082,70
432.14,1545025797,8826.15,51.45734214,7.42128585,156.45,33.30,0.12,336.49,1,-81.00,-8.00,-3.00,6.00,52.00,10.00,13806082,70
433.14,1545025798,8859.55,51.45761243,7.42108932,156.18,33.36,0.06,335.68,1,-82.00,-13.00,0.00,4.00,56.00,10.00,13806082,70
434.14,1545025799,8892.88,51.45788279,7.42088649,155.83,33.51,0.15,334.46,1,-82.00,-13.00,0.00,4.00,56.00,10.00,13806082,70
435.14,1545025800,8926.42,51.45814888,7.42068817,155.29,33.79,0.28,333.72,1,-84.00,-13.00,0.00,9.00,53.00,20.00,13806082,70
436.14,1545025801,8960.25,51.45842304,7.42046889,155.10,34.21,0.42,332.80,1,-84.00,-13.00,0.00,9.00,53.00,20.00,13806082,70
437.14,1545025802,8994.38,51.45869084,7.42025255,154.69,33.95,-0.26,331.93,1,-81.00,-11.00,3.00,6.00,55.00,20.00,12897027,230
438.14,1545025803,9028.34,51.45895351,7.42001972,154.45,33.39,-0.56,330.84,1,-81.00,-11.00,3.00,6.00,55.00,20.00,12897027,230
439.14,1545025804,9061.66,51.45921841,7.41978468,154.27,33.20,-0.20,329.99,1,-83.00,-16.00,-2.00,4.00,58.00,20.00,12897027,230
440.14,1545025805,9094.89,51.45948222,7.41953461,153.87,33.47,0.27,328.99,1,-83.00,-16.00,-2.00,4.00,58.00,20.00,12897027,230
441.13,1545025806,9128.23,51.45974292,7.41927733,153.35,33.47,-0.00,327.81,1,-84.00,-10.00,-3.00,6.00,52.00,7.00,13806081,230
442.14,1545025807,9161.79,51.46000032,7.41901030,152.58,33.61,0.14,326.52,1,-84.00,-10.00,-3.00,6.00,52.00,7.00,13806081,230
443.14,1545025808,9195.44,51.46025461,7.41874251,151.81,33.79,0.18,325.89,1,-78.00,-12.00,13.00,8.00,60.00,7.00,13806081,69
444.14,1545025809,9229.20,51.46049985,7.41846689,151.40,34.02,0.23,324.95,1,-78.00,-12.00,13.00,8.00,60.00,7.00,13806081,69
445.13,1545025810,9263.08,51.46074677,7.41818765,151.33,34.26,0.25,324.07,1,-79.00,-7.00,16.00,8.00,53.00,7.00,13806081,69
446.14,1545025811,9297.48,51.46099516,7.41788618,151.53,34.68,0.41,322.99,1,-79.00,-7.00,16.00,8.00,53.00,7.00,13806081,69
447.14,1545025812,9332.33,51.46124606,7.41758047,151.65,34.91,0.23,322.43,1,-80.00,-8.00,7.00,8.00,53.00,7.00,13806081,69
448.13,1545025813,9367.00,51.46148489,7.41726667,151.97,35.10,0.19,320.75,1,-80.00,-8.00,7.00,8.00,53.00,7.00,13806081,69
449.13,1545025814,9402.10,51.46172691,7.41694445,152.42,35.40,0.31,319.89,1,-80.00,-8.00,7.00,8.00,53.00,7.00,13806081,69
450.13,1545025815,9437.53,51.46196682,7.41661267,152.84,35.54,0.14,319.32,1,-72.00,-8.00,16.00,12.00,61.00,7.00,13806081,69
451.13,1545025816,9473.00,51.46221021,7.41627656,153.22,35.80,0.27,318.47,1,-72.00,-8.00,16.00,12.00,61.00,7.00,13806081,69
452.14,1545025817,9508.91,51.46244627,7.41592755,153.61,36.08,0.28,317.21,1,-75.00,-9.00,12.00,12.00,60.00,7.00,13806081,69
453.13,1545025818,9544.85,51.46268283,7.41556286,153.90,36.32,0.24,315.88,1,-75.00,-9.00,12.00,12.00,60.00,7.00,13806081,69
454.13,1545025819,9581.13,51.46291148,7.41519471,154.16,36.52,0.20,314.66,1,-75.00,-7.00,15.00,11.00,59.00,7.00,13806081,69
455.13,1545025820,9617.68,51.46314192,7.41482268,154.43,36.69,0.17,314.15,1,-75.00,-7.00,15.00,11.00,59.00,7.00,13806081,69
456.14,1545025821,9654.51,51.46336685,7.41443646,154.59,37.03,0.34,312.75,1,-83.00,-9.00,11.00,8.00,52.00,7.00,13806081,69
457.13,1545025822,9691.36,51.46359264,7.41404540,154.73,37.33,0.30,311.83,1,-83.00,-9.00,11.00,8.00,52.00,7.00,13806081,69
458.14,1545025823,9728.92,51.46381324,7.41364463,154.75,37.14,-0.19,311.12,1,-84.00,-12.00,7.00,7.00,54.00,7.00,13806081,69
459.14,1545025824,9766.09,51.46402986,7.41324900,154.75,36.50,-0.64,310.40,1,-84.00,-12.00,7.00,7.00,54.00,7.00,13806081,69
460.14,1545025825,9802.60,51.46423810,7.41284908,154.72,36.08,-0.42,309.62,1,-88.00,-8.00,14.00,15.00,45.00,7.00,13806081,69
461.13,1545025826,9838.57,51.46444520,7.41245276,154.64,36.01,-0.07,309.22,1,-88.00,-8.00,14.00,15.00,45.00,7.00,13806081,69
462.14,1545025827,9874.69,51.46465268,7.41205257,154.54,36.08,0.07,308.71,1,-92.00,-11.00,5.00,7.00,45.00,7.00,13806081,69
463.14,1545025828,9910.77,51.46485424,7.41164505,154.45,36.21,0.13,308.25,1,-92.00,-11.00,5.00,7.00,45.00,7.00,13806081,69
464.14,1545025829,9946.95,51.46505606,7.41123784,154.35,36.46,0.25,308.28,1,-90.00,-17.00,1.00,4.00,49.00,7.00,13806081,69
465.14,1545025830,9983.45,51.46525918,7.41082796,154.33,36.57,0.11,308.31,1,-90.00,-17.00,1.00,4.00,49.00,7.00,13806081,69
466.14,1545025831,10019.98,51.46545995,7.41041960,154.38,35.73,-0.84,308.11,1,-91.00,-19.00,-5.00,1.00,44.00,7.00,13806081,69
467.14,1545025832,10055.71,51.46565752,7.41001712,154.53,35.31,-0.42,308.10,1,-91.00,-19.00,-5.00,1.00,44.00,7.00,13806081,69
468.14,1545025833,10091.27,51.46585552,7.40961090,154.78,35.31,-0.00,308.16,1,-87.00,-8.00,-7.00,6.00,45.00,15.00,13495554,132
469.14,1545025834,10126.33,51.46605005,7.40921050,155.06,34.85,-0.46,308.56,1,-87.00,-8.00,-7.00,6.00,45.00,15.00,13495554,132
470.14,1545025835,10161.22,51.46624385,7.40881458,155.46,34.96,0.11,308.12,1,-87.00,-8.00,-7.00,6.00,45.00,15.00,13495554,132
471.13,1545025836,10196.08,51.46643845,7.40841876,155.86,35.22,0.26,308.57,1,-84.00,-10.00,-6.00,6.00,49.00,31.00,13884419,386
472.14,1545025837,10231.33,51.46663505,7.40802207,156.17,35.41,0.19,308.64,1,-84.00,-10.00,-6.00,6.00,49.00,31.00,13884419,386
473.14,1545025838,10266.89,51.46683089,7.40762192,156.57,34.92,-0.49,308.85,1,-95.00,-14.00,-2.00,5.00,44.00,31.00,13884419,386
474.14,1545025839,10301.77,51.46702457,7.40723394,156.92,34.04,-0.88,309.16,1,-95.00,-14.00,-2.00,5.00,44.00,31.00,13884419,386
475.14,1545025840,10335.81,51.46722304,7.40685196,157.15,34.12,0.08,309.51,1,-92.00,-14.00,-3.00,5.00,46.00,31.00,13884419,386
476.14,1545025841,10369.93,51.46742119,7.40646923,157.39,34.40,0.28,309.82,1,-92.00,-14.00,-3.00,5.00,46.00,31.00,13884419,386
477.14,1545025842,10404.36,51.46762211,7.40608187,157.59,34.68,0.27,310.39,1,-90.00,-12.00,0.00,4.00,46.00,31.00,13884419,386
478.14,1545025843,10438.97,51.46782510,7.40570378,157.93,34.88,0.21,310.60,1,-90.00,-12.00,0.00,4.00,46.00,31.00,13884419,386
479.14,1545025844,10473.78,51.46803022,7.40532575,158.34,35.03,0.15,311.16,1,-91.00,-14.00,-2.00,4.00,47.00,31.00,13884419,386
480.14,1545025845,10508.84,51.46824229,7.40494768,158.73,35.44,0.42,311.70,1,-91.00,-14.00,-2.00,4.00,47.00,31.00,13884419,386
481.14,1545025846,10544.32,51.46845166,7.40457380,159.24,34.71,-0.74,312.44,1,-98.00,-12.00,-2.00,4.00,38.00,18.00,13806081,386
482.14,1545025847,10579.03,51.46865913,7.40420541,159.69,34.15,-0.56,312.53,1,-98.00,-12.00,-2.00,4.00,38.00,18.00,13806081,386
483.14,1545025848,10613.25,51.46886591,7.40383847,160.12,34.12,-0.02,312.60,1,-94.00,-12.00,0.00,6.00,42.00,18.00,13806081,69
484.14,1545025849,10647.30,51.46907726,7.40347990,160.65,34.16,0.04,313.14,1,-94.00,-12.00,0.00,6.00,42.00,18.00,13806081,69
485.14,1545025850,10681.46,51.46928597,7.40312353,160.99,34.09,-0.07,313.41,1,-102.00,-17.00,-4.00,5.00,39.00,18.00,13806081,69
486.14,1545025851,10715.52,51.46949989,7.40277507,161.27,33.85,-0.25,314.18,1,-102.00,-17.00,-4.00,5.00,39.00,18.00,13806081,69
487.14,1545025852,10749.40,51.46970914,7.40243642,161.63,32.93,-0.92,314.34,1,-102.00,-16.00,-9.00,5.00,37.00,18.00,13806081,69
488.14,1545025853,10782.33,51.46991462,7.40210035,161.91,32.49,-0.44,314.84,1,-102.00,-16.00,-9.00,5.00,37.00,18.00,13806081,69
489.15,1545025854,10815.18,51.47011691,7.40176922,162.27,32.36,-0.13,315.02,1,-97.00,-12.00,-3.00,6.00,40.00,34.00,13884419,386
490.14,1545025855,10847.18,51.47032318,7.40146225,162.65,31.52,-0.85,317.24,1,-97.00,-12.00,-3.00,6.00,40.00,34.00,13884419,386
491.14,1545025856,10878.71,51.47053003,7.40116629,163.25,30.47,-1.05,318.41,1,-97.00,-12.00,-3.00,6.00,40.00,34.00,13884419,386
492.14,1545025857,10909.12,51.47072519,7.40088846,164.24,29.42,-1.05,319.22,1,-101.00,-13.00,1.00,6.00,36.00,34.00,13884419,386
493.13,1545025858,10938.48,51.47091139,7.40062344,165.44,27.96,-1.46,317.85,1,-101.00,-13.00,1.00,6.00,36.00,34.00,13884419,386
494.13,1545025859,10966.47,51.47108944,7.40036123,166.58,27.20,-0.77,317.16,1,-110.00,-19.00,-11.00,1.00,34.00,34.00,13884419,386
495.13,1545025860,10993.53,51.47108944,7.40036123,166.58,27.20,0.00,317.16,1,-110.00,-19.00,-11.00,1.00,34.00,34.00,13884419,386
496.13,1545025861,11020.81,51.47143813,7.39984280,168.66,25.60,-1.59,316.99,1,-107.00,-14.00,-7.00,5.00,37.00,40.00,13507073,57
497.13,1545025862,11046.41,51.47160631,7.39959140,169.77,25.48,-0.13,317.87,1,-107.00,-14.00,-7.00,5.00,37.00,40.00,13507073,57
498.13,1545025863,11071.84,51.47176884,7.39935046,170.73,24.96,-0.52,318.08,1,-104.00,-11.00,-2.00,5.00,31.00,40.00,13507073,57
499.14,1545025864,11096.95,51.47193435,7.39911436,171.51,24.54,-0.42,318.31,1,-104.00,-11.00,-2.00,5.00,31.00,40.00,13507073,57
500.14,1545025865,11121.46,51.47209991,7.39887729,172.23,24.27,-0.27,318.79,1,-111.00,-15.00,-5.00,1.00,29.00,40.00,13507073,57
501.14,1545025866,11145.73,51.47226388,7.39864108,173.01,24.28,0.01,318.66,1,-111.00,-15.00,-5.00,1.00,29.00,40.00,13507073,57
502.14,1545025867,11170.01,51.47242829,7.39840604,173.68,24.36,0.09,318.76,1,-109.00,-15.00,-5.00,4.00,31.00,40.00,13507073,57
503.14,1545025868,11194.40,51.47259297,7.39817458,174.22,24.43,0.06,318.93,1,-109.00,-15.00,-5.00,4.00,31.00,40.00,13507073,57
504.41,1545025869,11225.47,51.47275880,7.39794489,174.63,24.38,-0.03,319.25,1,-108.00,-16.00,-6.00,4.00,35.00,40.00,13507073,57
505.41,1545025870,11250.00,51.47292823,7.39772088,174.95,24.30,-0.08,319.76,1,-108.00,-16.00,-6.00,4.00,35.00,40.00,13507073,57
506.42,1545025871,11274.32,51.47309748,7.39749613,175.22,24.36,0.06,320.25,1,-107.00,-13.00,-5.00,4.00,32.00,40.00,13507073,57
507.42,1545025872,11298.71,51.47326600,7.39727577,175.42,24.24,-0.11,320.61,1,-107.00,-13.00,-5.00,4.00,32.00,40.00,13507073,57
508.42,1545025873,11323.10,51.47343964,7.39705595,175.61,24.11,-0.13,320.78,1,-106.00,-11.00,-3.00,6.00,30.00,58.00,14301699,56
509.41,1545025874,11347.02,51.47361112,7.39683349,175.74,24.12,0.01,320.86,1,-106.00,-11.00,-3.00,6.00,30.00,58.00,14301699,56
510.41,1545025875,11371.13,51.47378181,7.39661062,175.80,24.21,0.09,321.47,1,-106.00,-11.00,-3.00,6.00,30.00,58.00,14301699,56
511.41,1545025876,11395.34,51.47395797,7.39639287,175.99,24.44,0.23,322.22,1,-109.00,-16.00,-4.00,4.00,31.00,37.00,13565441,56
512.41,1545025877,11419.78,51.47413117,7.39617685,176.18,24.62,0.18,322.83,1,-109.00,-16.00,-4.00,4.00,31.00,37.00,13565441,56
513.41,1545025878,11444.35,51.47430717,7.39596842,176.36,24.60,-0.02,323.59,1,-89.00,-21.00,-10.00,2.00,48.00,37.00,13565441,431
514.41,1545025879,11468.95,51.47448594,7.39575580,176.43,24.16,-0.44,324.02,1,-89.00,-21.00,-10.00,2.00,48.00,37.00,13565441,431
515.41,1545025880,11493.11,51.47466183,7.39554881,176.51,23.80,-0.35,324.60,1,-103.00,-13.00,-13.00,4.00,34.00,37.00,13565441,431
516.41,1545025881,11516.84,51.47484092,7.39535176,176.84,23.81,0.00,325.85,1,-103.00,-13.00,-13.00,4.00,34.00,37.00,13565441,431
517.42,1545025882,11540.79,51.47502702,7.39515929,177.10,23.83,0.02,327.47,1,-104.00,-14.00,-13.00,5.00,34.00,37.00,13565441,431
518.42,1545025883,11564.64,51.47521149,7.39497459,177.14,24.40,0.57,328.61,1,-104.00,-14.00,-13.00,5.00,34.00,37.00,13565441,431
519.42,1545025884,11589.02,51.47539880,7.39479962,177.37,24.72,0.32,329.62,1,-104.00,-14.00,-3.00,5.00,34.00,37.00,13565441,431
520.41,1545025885,11613.72,51.47558866,7.39462132,177.51,25.23,0.51,329.69,1,-104.00,-14.00,-3.00,5.00,34.00,37.00,13565441,431
521.41,1545025886,11638.95,51.47578183,7.39444038,177.78,24.87,-0.35,330.01,1,-102.00,-17.00,-7.00,1.00,42.00,37.00,13565441,431
522.41,1545025887,11663.82,51.47597629,7.39426603,177.95,24.59,-0.28,330.81,1,-102.00,-17.00,-7.00,1.00,42.00,37.00,13565441,431
523.41,1545025888,11688.41,51.47617291,7.39409063,177.93,24.46,-0.14,331.12,1,-105.00,-15.00,-8.00,3.00,35.00,37.00,13565441,431
524.41,1545025889,11712.87,51.47636785,7.39392785,177.99,24.16,-0.30,332.61,1,-105.00,-15.00,-8.00,3.00,35.00,37.00,13565441,431
525.42,1545025890,11737.08,51.47656143,7.39377466,178.08,23.53,-0.62,334.05,1,-104.00,-15.00,-7.00,4.00,35.00,37.00,13565441,431
526.41,1545025891,11760.56,51.47674883,7.39362689,178.07,23.29,-0.24,334.69,1,-104.00,-15.00,-7.00,4.00,35.00,37.00,13565441,431
527.41,1545025892,11783.85,51.47693312,7.39348939,177.82,22.93,-0.36,335.53,1,-105.00,-15.00,-6.00,5.00,34.00,37.00,13565441,431
528.41,1545025893,11806.79,51.47712125,7.39335975,177.51,21.69,-1.24,337.29,1,-105.00,-15.00,-6.00,5.00,34.00,37.00,13565441,431
529.42,1545025894,11828.63,51.47730241,7.39325094,176.93,20.65,-1.04,340.26,1,-106.00,-16.00,-4.00,4.00,35.00,37.00,13565441,431
530.41,1545025895,11849.13,51.47747512,7.39315658,176.54,19.54,-1.11,341.52,1,-106.00,-16.00,-4.00,4.00,35.00,37.00,13565441,431
531.41,1545025896,11868.66,51.47764306,7.39310179,176.29,18.64,-0.90,348.88,1,-106.00,-16.00,-4.00,4.00,35.00,37.00,13565441,431
532.41,1545025897,11887.32,51.47781542,7.39305487,176.10,18.31,-0.33,351.52,1,-97.00,-12.00,-1.00,6.00,39.00,37.00,13565441,431
533.41,1545025898,11905.61,51.47797982,7.39303376,176.16,18.55,0.24,354.98,1,-97.00,-12.00,-1.00,6.00,39.00,37.00,13565441,431
534.41,1545025899,11924.15,51.47814355,7.39307186,176.26,18.70,0.15,8.39,1,-102.00,-16.00,-6.00,3.00,36.00,37.00,13565441,431
535.41,1545025900,11942.87,51.47830048,7.39312431,176.48,18.71,0.00,10.71,1,-102.00,-16.00,-6.00,3.00,36.00,37.00,13565441,431
536.41,1545025901,11961.58,51.47846247,7.39320119,176.64,19.11,0.41,14.76,1,-108.00,-15.00,-8.00,2.00,31.00,37.00,13565441,431
537.41,1545025902,11980.59,51.47861730,7.39335018,176.63,19.41,0.30,31.54,1,-108.00,-15.00,-8.00,2.00,31.00,37.00,13565441,431
538.41,1545025903,12000.10,51.47876146,7.39349225,176.70,18.54,-0.87,32.51,1,-85.00,-5.00,18.00,6.00,48.00,11.00,13884163,392
539.41,1545025904,12018.59,51.47889984,7.39363359,176.75,17.35,-1.19,32.18,1,-85.00,-5.00,18.00,6.00,48.00,11.00,13884163,392
540.41,1545025905,12035.99,51.47902570,7.39375725,177.12,15.95,-1.40,30.03,1,-87.00,-12.00,14.00,11.00,48.00,11.00,13884163,392
541.42,1545025906,12052.03,51.47915957,7.39381469,177.80,14.96,-0.98,13.88,1,-87.00,-12.00,14.00,11.00,48.00,11.00,13884163,392
542.41,1545025907,12066.86,51.47929558,7.39381987,178.13,14.62,-0.34,0.09,1,-83.00,-8.00,15.00,9.00,49.00,11.00,13884163,392
543.41,1545025908,12081.49,51.47942621,7.39378808,178.51,14.56,-0.05,346.93,1,-83.00,-8.00,15.00,9.00,49.00,11.00,13884163,392
544.41,1545025909,12096.04,51.47955069,7.39374204,178.83,14.29,-0.28,344.63,1,-80.00,-9.00,10.00,12.00,53.00,11.00,13884163,392
545.41,1545025910,12110.35,51.47967407,7.39367408,179.23,14.99,0.71,340.60,1,-80.00,-9.00,10.00,12.00,53.00,11.00,13884163,392
546.41,1545025911,12125.33,51.47978046,7.39360223,180.24,14.09,-0.91,338.18,1,-77.00,-7.00,16.00,14.00,55.00,11.00,13884163,392
547.41,1545025912,12139.42,51.47988832,7.39352987,181.25,13.06,-1.02,337.20,1,-77.00,-7.00,16.00,14.00,55.00,11.00,13884163,392
548.41,1545025913,12152.48,51.47999136,7.39345935,181.93,11.82,-1.24,338.66,1,-77.00,-8.00,14.00,15.00,56.00,11.00,13884163,392
549.41,1545025914,12164.33,51.48008780,7.39345029,182.57,10.11,-1.71,0.60,1,-77.00,-8.00,14.00,15.00,56.00,11.00,13884163,392
550.42,1545025915,12174.51,51.48016557,7.39348418,183.45,10.15,0.04,15.59,1,-80.00,-7.00,17.00,15.00,52.00,11.00,13884163,392
551.41,1545025916,12184.58,51.48025220,7.39355892,184.08,10.51,0.36,33.52,1,-80.00,-7.00,17.00,15.00,52.00,11.00,13884163,392
552.41,1545025917,12195.10,51.48030690,7.39366317,184.86,11.25,0.74,52.16,1,-80.00,-7.00,17.00,15.00,52.00,11.00,13884163,392
553.41,1545025918,12206.30,51.48036851,7.39378983,185.36,12.48,1.24,54.65,1,-88.00,-11.00,13.00,12.00,48.00,11.00,13884163,392
554.41,1545025919,12218.81,51.48042812,7.39393538,185.47,13.33,0.85,56.83,1,-88.00,-11.00,13.00,12.00,48.00,11.00,13884163,392
555.41,1545025920,12232.13,51.48048820,7.39409214,185.38,13.23,-0.10,57.91,1,-86.00,-7.00,19.00,1.00,46.00,11.00,13884163,392
556.41,1545025921,12245.36,51.48055000,7.39426002,185.21,13.42,0.19,58.48,1,-86.00,-7.00,19.00,1.00,46.00,11.00,13884163,392
557.41,1545025922,12258.78,51.48061668,7.39443231,184.98,14.14,0.73,57.97,1,-79.00,-6.00,6.00,1.00,54.00,11.00,13884163,392
558.41,1545025923,12272.91,51.48068667,7.39461435,184.65,14.96,0.82,57.36,1,-79.00,-6.00,6.00,1.00,54.00,11.00,13884163,392
559.41,1545025924,12287.88,51.48076127,7.39480093,184.16,16.00,1.04,57.70,1,-80.00,-6.00,16.00,4.00,51.00,11.00,13884163,392
560.41,1545025925,12303.90,51.48083756,7.39499216,183.77,16.77,0.77,57.72,1,-80.00,-6.00,16.00,4.00,51.00,11.00,13884163,392
561.41,1545025926,12320.65,51.48091862,7.39519882,183.24,18.07,1.30,58.38,1,-78.00,-6.00,16.00,4.00,54.00,11.00,13884163,392
562.42,1545025927,12338.85,51.48100103,7.39541178,182.57,18.10,0.02,58.74,1,-78.00,-6.00,16.00,4.00,54.00,11.00,13884163,392
563.41,1545025928,12356.78,51.48108241,7.39563189,181.96,17.88,-0.21,59.52,1,-84.00,-11.00,11.00,8.00,51.00,11.00,13884163,392
564.41,1545025929,12374.74,51.48116414,7.39585384,181.55,17.61,-0.27,60.05,1,-84.00,-11.00,11.00,8.00,51.00,11.00,13884163,392
565.41,1545025930,12392.30,51.48124575,7.39607473,181.33,17.39,-0.23,59.81,1,-85.00,-7.00,26.00,10.00,47.00,11.00,13884163,392
566.41,1545025931,12409.71,51.48132654,7.39629342,181.37,17.42,0.03,59.20,1,-85.00,-7.00,26.00,10.00,47.00,11.00,13884163,392
567.41,1545025932,12427.16,51.48140598,7.39651154,181.50,17.26,-0.16,58.79,1,-84.00,-7.00,20.00,8.00,48.00,11.00,13884163,392
568.41,1545025933,12444.42,51.48148853,7.39672437,181.66,17.31,0.05,58.32,1,-84.00,-7.00,20.00,8.00,48.00,11.00,13884163,392
569.42,1545025934,12461.75,51.48157103,7.39693858,181.82,17.43,0.11,57.95,1,-94.00,-12.00,3.00,7.00,43.00,11.00,13884163,392
570.42,1545025935,12479.17,51.48165533,7.39714750,181.93,17.27,-0.16,57.30,1,-94.00,-12.00,3.00,7.00,43.00,11.00,13884163,392
571.42,1545025936,12496.53,51.48173954,7.39735342,181.91,17.14,-0.13,56.69,1,-88.00,-9.00,20.00,7.00,45.00,11.00,13884163,392
572.41,1545025937,12513.55,51.48182662,7.39755614,181.77,17.07,-0.07,55.74,1,-88.00,-9.00,20.00,7.00,45.00,11.00,13884163,392
573.41,1545025938,12530.60,51.48191616,7.39775184,181.39,16.94,-0.13,54.54,1,-88.00,-9.00,20.00,7.00,45.00,11.00,13884163,392
574.41,1545025939,12547.56,51.48200805,7.39794028,180.98,16.55,-0.38,53.14,1,-90.00,-10.00,20.00,8.00,45.00,11.00,13884163,392
575.41,1545025940,12564.11,51.48210289,7.39812228,180.70,16.06,-0.49,51.48,1,-90.00,-10.00,20.00,8.00,45.00,11.00,13884163,392
576.41,1545025941,12580.19,51.48219465,7.39828727,180.33,14.96,-1.09,49.71,1,-83.00,-9.00,9.00,9.00,50.00,11.00,13884163,392
577.41,1545025942,12595.13,51.48228749,7.39844388,179.69,14.08,-0.89,47.78,1,-83.00,-9.00,9.00,9.00,50.00,11.00,13884163,392
578.41,1545025943,12609.23,51.48237827,7.39858511,179.41,13.26,-0.82,45.44,1,-84.00,-10.00,20.00,9.00,50.00,11.00,13884163,392
579.41,1545025944,12622.48,51.48247103,7.39871549,179.63,12.82,-0.43,42.86,1,-84.00,-10.00,20.00,9.00,50.00,11.00,13884163,392
580.41,1545025945,12635.29,51.48255866,7.39883018,180.30,12.40,-0.42,40.70,1,-90.00,-11.00,16.00,6.00,46.00,11.00,13884163,392
581.41,1545025946,12647.69,51.48264774,7.39893716,181.17,11.76,-0.64,38.84,1,-90.00,-11.00,16.00,6.00,46.00,11.00,13884163,392
582.41,1545025947,12659.47,51.48273048,7.39902747,181.88,11.40,-0.36,37.36,1,-82.00,-8.00,9.00,6.00,50.00,6.00,13884162,52
583.41,1545025948,12670.86,51.48281647,7.39911666,182.24,10.84,-0.56,35.21,1,-82.00,-8.00,9.00,6.00,50.00,6.00,13884162,52
584.41,1545025949,12681.71,51.48290323,7.39920272,182.49,10.32,-0.52,33.41,1,-83.00,-7.00,11.00,9.00,48.00,6.00,13884162,52
585.41,1545025950,12692.02,51.48299402,7.39929058,182.63,11.89,1.57,34.10,1,-83.00,-7.00,11.00,9.00,48.00,6.00,13884162,52
586.41,1545025951,12703.91,51.48308743,7.39938010,182.47,11.99,0.10,34.34,1,-79.00,-7.00,7.00,12.00,53.00,6.00,13884162,52
587.41,1545025952,12715.90,51.48318801,7.39948050,182.28,12.34,0.35,34.28,1,-79.00,-7.00,7.00,12.00,53.00,6.00,13884162,52
588.41,1545025953,12728.24,51.48329550,7.39958778,182.04,12.77,0.44,33.97,1,-76.00,-6.00,17.00,11.00,56.00,6.00,13884162,52
589.41,1545025954,12741.00,51.48340482,7.39969489,181.79,13.46,0.69,33.55,1,-76.00,-6.00,17.00,11.00,56.00,6.00,13884162,52
590.41,1545025955,12754.45,51.48351400,7.39980070,181.26,14.24,0.79,34.19,1,-85.00,-7.00,13.00,8.00,47.00,6.00,13884162,52
591.41,1545025956,12768.70,51.48362040,7.39990938,180.58,14.80,0.55,33.96,1,-85.00,-7.00,13.00,8.00,47.00,6.00,13884162,52
592.42,1545025957,12783.63,51.48372352,7.40001340,179.94,14.97,0.17,34.40,1,-79.00,-5.00,18.00,9.00,51.00,6.00,13884162,52
593.41,1545025958,12798.48,51.48382986,7.40012626,179.33,14.59,-0.38,35.04,1,-79.00,-5.00,18.00,9.00,51.00,6.00,13884162,52
594.41,1545025959,12813.08,51.48393695,7.40024469,178.89,14.28,-0.31,35.85,1,-79.00,-5.00,18.00,9.00,51.00,6.00,13884162,52
595.41,1545025960,12827.35,51.48404077,7.40036807,178.53,13.94,-0.34,36.80,1,-71.00,-4.00,31.00,14.00,60.00,6.00,13884162,52
596.41,1545025961,12841.29,51.48414121,7.40048948,178.40,13.74,-0.20,37.43,1,-71.00,-4.00,31.00,14.00,60.00,6.00,13884162,52
597.41,1545025962,12855.04,51.48423274,7.40060783,178.26,13.56,-0.18,38.00,1,-85.00,-7.00,22.00,8.00,46.00,6.00,13884162,52
598.41,1545025963,12868.60,51.48432004,7.40072313,177.96,13.29,-0.27,38.87,1,-85.00,-7.00,22.00,8.00,46.00,6.00,13884162,52
599.41,1545025964,12881.88,51.48441130,7.40085308,177.88,13.42,0.13,40.05,1,-83.00,-6.00,24.00,7.00,48.00,6.00,13884162,52
600.41,1545025965,12895.31,51.48450327,7.40098081,177.98,13.00,-0.42,40.49,1,-83.00,-6.00,24.00,7.00,48.00,6.00,13884162,52
601.41,1545025966,12908.32,51.48458826,7.40110791,178.36,12.87,-0.13,41.05,1,-82.00,-5.00,19.00,11.00,47.00,6.00,13884162,52
602.41,1545025967,12921.17,51.48467028,7.40122838,178.79,12.57,-0.30,41.69,1,-82.00,-5.00,19.00,11.00,47.00,6.00,13884162,52
603.41,1545025968,12933.75,51.48474888,7.40135073,179.14,12.27,-0.30,42.17,1,-83.00,-6.00,22.00,9.00,48.00,6.00,13884162,52
604.41,1545025969,12946.03,51.48482610,7.40147080,179.79,11.77,-0.50,41.73,1,-83.00,-6.00,22.00,9.00,48.00,6.00,13884162,52
605.41,1545025970,12957.81,51.48490277,7.40158427,180.48,11.61,-0.16,41.03,1,-85.00,-7.00,19.00,11.00,46.00,6.00,13884162,52
606.41,1545025971,12969.42,51.48497674,7.40169230,180.94,11.08,-0.52,40.87,1,-85.00,-7.00,19.00,11.00,46.00,6.00,13884162,52
607.41,1545025972,12980.49,51.48504743,7.40179549,181.24,10.45,-0.64,41.79,1,-83.00,-6.00,14.00,10.00,48.00,6.00,13884162,52
608.41,1545025973,12990.95,51.48511762,7.40190564,181.82,10.26,-0.19,42.87,1,-83.00,-6.00,14.00,10.00,48.00,6.00,13884162,52
609.41,1545025974,13001.19,51.48518485,7.40201250,182.56,10.04,-0.22,43.83,1,-80.00,-5.00,15.00,9.00,51.00,6.00,13884162,52
610.41,1545025975,13011.23,51.48524318,7.40211662,183.07,9.71,-0.33,44.89,1,-80.00,-5.00,15.00,9.00,51.00,6.00,13884162,52
611.41,1545025976,13020.95,51.48530138,7.40222419,183.63,9.40,-0.32,45.95,1,-77.00,-5.00,19.00,12.00,52.00,6.00,13884162,52
612.41,1545025977,13030.34,51.48535347,7.40232466,184.00,8.59,-0.81,46.99,1,-77.00,-5.00,19.00,12.00,52.00,6.00,13884162,52
613.41,1545025978,13038.94,51.48540080,7.40241740,184.32,8.02,-0.56,48.08,1,-80.00,-6.00,22.00,9.00,50.00,6.00,13884162,52
614.41,1545025979,13046.95,51.48544585,7.40250699,184.50,7.61,-0.42,48.94,1,-80.00,-6.00,22.00,9.00,50.00,6.00,13884162,52
615.42,1545025980,13054.62,51.48548561,7.40259271,184.68,7.14,-0.47,49.84,1,-83.00,-5.00,26.00,11.00,48.00,6.00,13884162,52
616.41,1545025981,13061.70,51.48552132,7.40266938,184.63,6.85,-0.29,50.53,1,-83.00,-5.00,26.00,11.00,48.00,6.00,13884162,52
617.41,1545025982,13068.55,51.48556551,7.40272973,184.63,6.85,0.00,36.86,1,-83.00,-5.00,26.00,11.00,48.00,6.00,13884162,52
618.41,1545025983,13075.40,51.48562757,7.40276120,184.34,7.29,0.44,15.00,1,-78.00,-6.00,21.00,10.00,53.00,6.00,13884162,52
619.41,1545025984,13082.69,51.48569458,7.40275910,184.33,7.71,0.42,354.15,1,-78.00,-6.00,21.00,10.00,53.00,6.00,13884162,52
620.41,1545025985,13090.40,51.48576360,7.40271494,184.43,8.33,0.61,335.03,1,-80.00,-5.00,17.00,11.00,48.00,6.00,13884162,52
621.41,1545025986,13098.73,51.48582410,7.40264205,184.08,9.24,0.92,320.92,1,-80.00,-5.00,17.00,11.00,48.00,6.00,13884162,52
622.41,1545025987,13107.97,51.48588782,7.40256170,183.62,9.73,0.49,321.17,1,-81.00,-5.00,17.00,11.00,49.00,6.00,13884162,52
623.41,1545025988,13117.71,51.48595308,7.40248117,183.36,10.01,0.28,322.36,1,-81.00,-5.00,17.00,11.00,49.00,6.00,13884162,52
624.41,1545025989,13127.72,51.48602749,7.40239316,183.24,10.80,0.79,323.52,1,-85.00,-6.00,17.00,9.00,46.00,6.00,13884162,52
625.41,1545025990,13138.51,51.48610953,7.40230357,182.92,11.35,0.55,324.52,1,-85.00,-6.00,17.00,9.00,46.00,6.00,13884162,52
626.41,1545025991,13149.88,51.48618892,7.40221837,182.54,11.35,-0.00,325.85,1,-85.00,-6.00,12.00,9.00,45.00,6.00,13884162,52
627.41,1545025992,13161.23,51.48627561,7.40213541,182.09,11.52,0.18,328.28,1,-85.00,-6.00,12.00,9.00,45.00,6.00,13884162,52
628.41,1545025993,13172.75,51.48636659,7.40205919,181.75,11.38,-0.14,330.99,1,-84.00,-7.00,18.00,8.00,47.00,6.00,13884162,52
629.41,1545025994,13184.13,51.48645525,7.40199210,181.67,11.10,-0.28,333.24,1,-84.00,-7.00,18.00,8.00,47.00,6.00,13884162,52
630.44,1545025995,13195.56,51.48654006,7.40193559,181.89,10.80,-0.30,335.10,1,-88.00,-7.00,11.00,8.00,45.00,6.00,13884162,52
631.41,1545025996,13206.05,51.48663255,7.40188000,182.11,10.58,-0.22,337.18,1,-88.00,-7.00,11.00,8.00,45.00,6.00,13884162,52
632.42,1545025997,13216.65,51.48672689,7.40183092,182.28,10.67,0.10,339.48,1,-92.00,-11.00,3.00,5.00,43.00,6.00,13884162,52
633.42,1545025998,13227.32,51.48682781,7.40178435,182.56,10.83,0.16,341.35,1,-92.00,-11.00,3.00,5.00,43.00,6.00,13884162,52
634.42,1545025999,13238.14,51.48692776,7.40174654,182.85,11.06,0.23,343.22,1,-96.00,-16.00,-3.00,3.00,45.00,6.00,13884162,52
635.42,1545026000,13249.20,51.48702786,7.40171433,182.81,10.96,-0.10,345.53,1,-96.00,-16.00,-3.00,3.00,45.00,6.00,13884162,52
636.42,1545026001,13260.25,51.48713089,7.40168930,182.85,10.74,-0.22,348.00,1,-94.00,-12.00,-5.00,5.00,43.00,6.00,13884162,52
637.42,1545026002,13270.89,51.48722855,7.40167307,182.65,10.61,-0.13,350.46,1,-94.00,-12.00,-5.00,5.00,43.00,6.00,13884162,52
638.41,1545026003,13281.46,51.48732413,7.40166308,182.39,10.57,-0.04,352.23,1,-94.00,-12.00,-5.00,5.00,43.00,6.00,13884162,52
639.42,1545026004,13292.07,51.48742241,7.40165853,182.05,10.53,-0.04,354.39,1,-93.00,-11.00,-4.00,6.00,43.00,6.00,13884162,52
640.42,1545026005,13302.60,51.48751741,7.40166461,181.63,10.60,0.07,356.42,1,-93.00,-11.00,-4.00,6.00,43.00,6.00,13884162,52
641.42,1545026006,13313.22,51.48761224,7.40167343,181.09,10.71,0.11,358.23,1,-92.00,-11.00,3.00,5.00,44.00,6.00,13884162,52
642.42,1545026007,13323.91,51.48770660,7.40168130,180.44,10.58,-0.13,359.20,1,-92.00,-11.00,3.00,5.00,44.00,6.00,13884162,52
643.42,1545026008,13334.51,51.48780237,7.40169224,179.71,10.58,0.00,0.04,1,-92.00,-10.00,2.00,6.00,42.00,6.00,13884162,52
644.42,1545026009,13345.08,51.48789874,7.40170282,179.24,10.65,0.07,0.62,1,-92.00,-10.00,2.00,6.00,42.00,6.00,13884162,52
645.41,1545026010,13355.72,51.48799482,7.40171358,178.77,10.64,-0.01,0.53,1,-97.00,-10.00,14.00,5.00,37.00,6.00,13884162,52
646.41,1545026011,13366.36,51.48808634,7.40171683,178.39,10.64,-0.00,359.80,1,-97.00,-10.00,14.00,5.00,37.00,6.00,13884162,52
647.41,1545026012,13377.00,51.48818407,7.40172440,178.17,10.90,0.26,0.20,1,-98.00,-10.00,-4.00,5.00,36.00,6.00,13884162,52
648.41,1545026013,13387.89,51.48829030,7.40172873,177.80,11.25,0.35,0.61,1,-98.00,-10.00,-4.00,5.00,36.00,6.00,13884162,52
649.42,1545026014,13399.16,51.48838720,7.40173203,177.56,11.42,0.17,0.69,1,-103.00,-15.00,-1.00,1.00,35.00,6.00,13884162,52
650.42,1545026015,13410.57,51.48849245,7.40173600,177.52,11.65,0.23,0.63,1,-103.00,-15.00,-1.00,1.00,35.00,6.00,13884162,52
651.41,1545026016,13422.16,51.48860264,7.40173630,177.21,11.62,-0.03,0.06,1,-101.00,-14.00,-4.00,2.00,38.00,6.00,13884162,52
652.41,1545026017,13433.81,51.48869932,7.40173677,176.63,10.75,-0.87,0.37,1,-101.00,-14.00,-4.00,2.00,38.00,6.00,13884162,52
653.41,1545026018,13444.57,51.48878477,7.40173547,176.05,9.48,-1.26,359.88,1,-106.00,-15.00,-6.00,1.00,34.00,6.00,13884162,52
654.41,1545026019,13454.06,51.48886015,7.40173888,175.76,8.46,-1.02,0.62,1,-106.00,-15.00,-6.00,1.00,34.00,6.00,13884162,52
655.42,1545026020,13462.52,51.48893268,7.40174174,175.61,7.19,-1.27,0.11,1,-107.00,-15.00,-6.00,3.00,32.00,6.00,13884162,52
656.42,1545026021,13469.71,51.48900295,7.40174353,175.51,6.03,-1.16,0.86,1,-107.00,-15.00,-6.00,3.00,32.00,6.00,13884162,52
657.42,1545026022,13475.78,51.48905048,7.40174447,175.33,4.92,-1.11,0.19,1,-97.00,-21.00,-9.00,1.00,45.00,6.00,13884162,52
658.41,1545026023,13480.66,51.48908771,7.40174609,175.43,4.43,-0.49,0.69,1,-97.00,-21.00,-9.00,1.00,45.00,6.00,13884162,52
659.41,1545026024,13485.09,51.48912560,7.40174683,175.47,3.66,-0.77,359.99,1,-97.00,-21.00,-9.00,1.00,45.00,6.00,13884162,52
660.42,1545026025,13488.76,51.48915563,7.40174762,175.49,3.04,-0.62,0.39,1,-108.00,-17.00,-9.00,2.00,33.00,6.00,13884162,52
661.42,1545026026,13491.80,51.48918312,7.40174790,175.49,2.99,-0.05,0.73,1,-108.00,-17.00,-9.00,2.00,33.00,6.00,13884162,52
662.42,1545026027,13494.79,51.48920568,7.40175423,175.56,1.55,-1.45,0.13,1,-107.00,-19.00,-12.00,1.00,37.00,6.00,13884162,52
663.42,1545026028,13496.34,51.48920568,7.40175423,175.57,0.00,-1.55,0.13,1,-107.00,-19.00,-12.00,1.00,37.00,6.00,13884162,52
664.42,1545026029,13496.34,51.48920568,7.40175423,175.59,0.00,0.00,0.13,1,-83.00,-7.00,7.00,2.00,48.00,4.00,13828121,450
665.42,1545026030,13496.34,51.48920568,7.40175423,175.60,0.00,0.00,0.13,1,-83.00,-7.00,7.00,2.00,48.00,4.00,13828121,450
666.41,1545026031,13496.34,51.48920568,7.40175423,175.62,0.00,0.00,0.13,1,-85.00,-8.00,9.00,10.00,46.00,4.00,13828121,450
667.41,1545026032,13496.34,51.48920568,7.40175423,175.65,0.00,0.00,0.13,1,-85.00,-8.00,9.00,10.00,46.00,4.00,13828121,450
668.41,1545026033,13496.34,51.48920568,7.40175423,175.67,0.00,0.00,0.13,1,-86.00,-8.00,5.00,10.00,46.00,4.00,13828121,450
669.41,1545026034,13496.34,51.48920568,7.40175423,175.69,0.00,0.00,0.13,1,-86.00,-8.00,5.00,10.00,46.00,4.00,13828121,450
670.41,1545026035,13496.34,51.48920568,7.40175423,175.72,0.00,0.00,0.13,1,-86.00,-8.00,16.00,13.00,45.00,4.00,13828121,450
671.41,1545026036,13496.34,51.48920568,7.40175423,175.74,0.00,0.00,0.13,1,-86.00,-8.00,16.00,13.00,45.00,4.00,13828121,450
672.41,1545026037,13496.34,51.48920568,7.40175423,175.75,0.00,0.00,0.13,1,-86.00,-7.00,14.00,13.00,45.00,4.00,13828121,450
673.41,1545026038,13496.34,51.48920568,7.40175423,175.77,0.00,0.00,0.13,1,-86.00,-7.00,14.00,13.00,45.00,4.00,13828121,450
674.41,1545026039,13496.34,51.48920568,7.40175423,175.78,0.00,0.00,0.13,1,-85.00,-7.00,14.00,14.00,44.00,4.00,13828121,450
675.41,1545026040,13496.34,51.48920568,7.40175423,175.79,0.00,0.00,0.13,1,-85.00,-7.00,14.00,14.00,44.00,4.00,13828121,450
676.41,1545026041,13496.34,51.48920568,7.40175423,175.80,0.00,0.00,0.13,1,-85.00,-7.00,17.00,13.00,45.00,4.00,13828121,450
677.41,1545026042,13496.34,51.48920568,7.40175423,175.93,0.00,0.00,3.20,1,-85.00,-7.00,17.00,13.00,45.00,4.00,13828121,450
678.42,1545026043,13496.34,51.48926888,7.40176392,177.43,0.00,0.00,2.35,1,-90.00,-10.00,7.00,10.00,47.00,4.00,13828121,450
679.41,1545026044,13496.34,51.48930633,7.40176527,178.44,5.04,0.00,1.44,1,-90.00,-10.00,7.00,10.00,47.00,4.00,13828121,450
680.41,1545026045,13501.38,51.48934697,7.40178219,179.06,4.78,-0.26,14.97,1,-90.00,-10.00,7.00,10.00,47.00,4.00,13828121,450
681.41,1545026046,13506.16,51.48939157,7.40183690,179.44,5.33,0.55,41.18,1,-86.00,-8.00,17.00,11.00,48.00,4.00,13828121,450
682.41,1545026047,13511.50,51.48940949,7.40191986,179.74,6.80,1.46,70.17,1,-86.00,-8.00,17.00,11.00,48.00,4.00,13828121,450
683.41,1545026048,13518.27,51.48940831,7.40201440,179.97,9.15,2.36,86.38,1,-88.00,-9.00,19.00,12.00,47.00,4.00,13828121,450
684.41,1545026049,13527.45,51.48941256,7.40215795,180.00,10.28,1.13,88.34,1,-88.00,-9.00,19.00,12.00,47.00,4.00,13828121,450
685.41,1545026050,13537.73,51.48941437,7.40232261,180.11,11.61,1.34,89.07,1,-87.00,-8.00,20.00,14.00,47.00,4.00,13828121,450
686.41,1545026051,13549.35,51.48941637,7.40250219,180.07,12.68,1.06,89.41,1,-87.00,-8.00,20.00,14.00,47.00,4.00,13828121,450
687.41,1545026052,13562.01,51.48941577,7.40270066,179.67,13.80,1.12,90.19,1,-89.00,-10.00,14.00,11.00,46.00,4.00,13828121,450
688.41,1545026053,13575.82,51.48941358,7.40289574,178.98,13.88,0.08,90.62,1,-89.00,-10.00,14.00,11.00,46.00,4.00,13828121,450
689.41,1545026054,13589.70,51.48941053,7.40308666,178.18,13.44,-0.44,90.85,1,-86.00,-8.00,20.00,15.00,48.00,4.00,13828121,450
690.41,1545026055,13603.14,51.48940712,7.40327746,177.53,13.20,-0.24,90.87,1,-86.00,-8.00,20.00,15.00,48.00,4.00,13828121,450
691.41,1545026056,13616.34,51.48940361,7.40345987,177.01,12.87,-0.33,91.08,1,-85.00,-7.00,24.00,15.00,48.00,4.00,13828121,450
692.41,1545026057,13629.21,51.48939937,7.40364365,176.62,12.45,-0.43,90.64,1,-85.00,-7.00,24.00,15.00,48.00,4.00,13828121,450
693.41,1545026058,13641.66,51.48939549,7.40381058,176.49,10.77,-1.67,90.91,1,-80.00,-7.00,16.00,15.00,53.00,4.00,13828121,450
694.41,1545026059,13652.42,51.48939203,7.40395365,176.68,8.94,-1.83,90.35,1,-80.00,-7.00,16.00,15.00,53.00,4.00,13828121,450
695.41,1545026060,13661.37,51.48938849,7.40407173,176.54,9.12,0.18,89.90,1,-78.00,-7.00,23.00,15.00,55.00,4.00,13828121,450
696.41,1545026061,13670.48,51.48939048,7.40420459,176.48,9.75,0.62,90.59,1,-78.00,-7.00,23.00,15.00,55.00,4.00,13828121,450
697.41,1545026062,13680.23,51.48938964,7.40435898,176.69,10.88,1.13,91.08,1,-79.00,-8.00,20.00,9.00,55.00,4.00,13828121,450
698.41,1545026063,13691.11,51.48938560,7.40451937,176.78,11.77,0.89,91.95,1,-79.00,-8.00,20.00,9.00,55.00,4.00,13828121,450
699.42,1545026064,13702.96,51.48938046,7.40469359,176.89,12.17,0.39,91.61,1,-75.00,-10.00,12.00,9.00,62.00,4.00,13828121,450
700.41,1545026065,13715.03,51.48937564,7.40487272,177.03,12.32,0.15,91.10,1,-75.00,-10.00,12.00,9.00,62.00,4.00,13828121,450
701.41,1545026066,13727.37,51.48937445,7.40504926,176.75,12.44,0.12,90.41,1,-75.00,-10.00,12.00,9.00,62.00,4.00,13828121,450
702.41,1545026067,13739.80,51.48937492,7.40523053,176.16,11.99,-0.45,89.25,1,-74.00,-10.00,5.00,15.00,61.00,4.00,13828121,450
703.41,1545026068,13751.80,51.48937802,7.40541188,175.54,11.99,-0.00,87.64,1,-74.00,-10.00,5.00,15.00,61.00,4.00,13828121,450
704.41,1545026069,13763.79,51.48938486,7.40558060,175.33,11.90,-0.08,86.19,1,-75.00,-8.00,13.00,13.00,59.00,4.00,13828121,450
705.41,1545026070,13775.69,51.48939591,7.40574876,175.01,11.81,-0.10,84.62,1,-75.00,-8.00,13.00,13.00,59.00,4.00,13828121,450
706.41,1545026071,13787.50,51.48940721,7.40592827,174.93,12.74,0.93,83.76,1,-78.00,-9.00,11.00,15.00,58.00,4.00,13828121,450
707.41,1545026072,13800.24,51.48942558,7.40610614,174.93,12.64,-0.09,81.82,1,-78.00,-9.00,11.00,15.00,58.00,4.00,13828121,450
708.41,1545026073,13812.88,51.48944807,7.40627638,174.70,12.72,0.08,80.34,1,-79.00,-9.00,11.00,12.00,57.00,4.00,13828121,450
709.41,1545026074,13825.60,51.48947455,7.40644775,174.61,12.99,0.27,79.04,1,-79.00,-9.00,11.00,12.00,57.00,4.00,13828121,450
710.41,1545026075,13838.59,51.48950289,7.40662611,174.49,13.20,0.21,78.54,1,-74.00,-10.00,12.00,15.00,63.00,4.00,13828121,450
711.41,1545026076,13851.79,51.48953137,7.40680851,174.27,13.03,-0.17,78.66,1,-74.00,-10.00,12.00,15.00,63.00,4.00,13828121,450
712.41,1545026077,13864.82,51.48956067,7.40699249,174.01,12.93,-0.09,77.95,1,-76.00,-8.00,5.00,11.00,58.00,4.00,13828121,450
713.41,1545026078,13877.76,51.48959002,7.40717709,173.89,12.90,-0.03,77.97,1,-76.00,-8.00,5.00,11.00,58.00,4.00,13828121,450
714.41,1545026079,13890.64,51.48961777,7.40735894,173.84,12.97,0.07,78.16,1,-77.00,-8.00,14.00,15.00,58.00,4.00,13828121,450
715.41,1545026080,13903.63,51.48964433,7.40754657,173.47,13.21,0.23,79.11,1,-77.00,-8.00,14.00,15.00,58.00,4.00,13828121,450
716.41,1545026081,13916.84,51.48967023,7.40773998,172.87,13.39,0.18,79.42,1,-82.00,-9.00,10.00,12.00,52.00,4.00,13828121,450
717.41,1545026082,13930.23,51.48969572,7.40793759,172.05,13.56,0.17,79.75,1,-82.00,-9.00,10.00,12.00,52.00,4.00,13828121,450
718.41,1545026083,13943.79,51.48971953,7.40813138,171.32,13.63,0.07,79.39,1,-85.00,-10.00,10.00,11.00,51.00,4.00,13828121,450
719.41,1545026084,13957.41,51.48974340,7.40832346,170.56,13.79,0.16,78.87,1,-85.00,-10.00,10.00,11.00,51.00,4.00,13828121,450
720.42,1545026085,13971.31,51.48976964,7.40852105,169.98,13.99,0.20,78.49,1,-88.00,-12.00,10.00,10.00,51.00,4.00,13828121,450
721.41,1545026086,13985.21,51.48979452,7.40872058,169.30,14.23,0.23,78.21,1,-88.00,-12.00,10.00,10.00,51.00,4.00,13828121,450
722.41,1545026087,13999.43,51.48982173,7.40891558,168.89,14.18,-0.04,77.87,1,-88.00,-12.00,10.00,10.00,51.00,4.00,13828121,450
723.41,1545026088,14013.60,51.48985194,7.40912762,169.03,14.16,-0.02,77.94,1,-90.00,-9.00,2.00,9.00,45.00,4.00,13828121,450
724.41,1545026089,14027.77,51.48987646,7.40931798,168.75,14.17,0.01,77.80,1,-90.00,-9.00,2.00,9.00,45.00,4.00,13828121,450
725.41,1545026090,14041.94,51.48990088,7.40951153,168.44,14.13,-0.04,78.23,1,-91.00,-9.00,10.00,9.00,45.00,4.00,13828121,450
726.41,1545026091,14056.08,51.48992881,7.40970674,168.00,13.98,-0.15,78.39,1,-91.00,-9.00,10.00,9.00,45.00,4.00,13828121,450
727.41,1545026092,14070.05,51.48995485,7.40989817,167.49,13.60,-0.38,79.01,1,-95.00,-11.00,-4.00,8.00,43.00,4.00,13828121,450
728.41,1545026093,14083.65,51.48997803,7.41007896,166.66,13.57,-0.03,78.91,1,-95.00,-11.00,-4.00,8.00,43.00,4.00,13828121,450
729.41,1545026094,14097.22,51.49000456,7.41027007,165.87,13.08,-0.50,79.46,1,-92.00,-11.00,6.00,7.00,45.00,4.00,13828121,450
730.41,1545026095,14110.30,51.49002869,7.41044277,164.69,12.58,-0.50,78.73,1,-92.00,-11.00,6.00,7.00,45.00,4.00,13828121,450
731.41,1545026096,14122.89,51.49005244,7.41062160,163.35,12.29,-0.29,78.03,1,-96.00,-10.00,7.00,7.00,40.00,4.00,13828121,450
732.41,1545026097,14135.17,51.49007699,7.41078943,162.41,12.13,-0.16,78.15,1,-96.00,-10.00,7.00,7.00,40.00,4.00,13828121,450
733.41,1545026098,14147.30,51.49010140,7.41095668,161.49,11.93,-0.20,78.05,1,-94.00,-8.00,9.00,10.00,40.00,4.00,13828121,450
734.41,1545026099,14159.24,51.49012651,7.41112527,160.70,11.67,-0.27,78.54,1,-94.00,-8.00,9.00,10.00,40.00,4.00,13828121,450
