34.92,1547615876,474.33,51.44587462,7.48884346,262.89,14.72,0.25,142.79,1,-113.00,-14.00,-6.00,5.00,25.00,22.00,13415426,265,1,1,1.31796,3904
35.95,1547615877,489.44,51.44577529,7.48900617,263.93,14.73,0.01,139.83,1,-99.00,-10.00,12.00,11.00,30.00,6.00,13415170,315,0,10,3.13529,67
37.16,1547615878,507.30,51.44568489,7.48918017,264.93,15.16,0.00,136.34,1,-107.00,-13.00,-1.00,6.00,25.00,13.00,13415170,315,2,2,3.67732,1097
61.60,1547615903,717.93,51.44461852,7.49161528,275.48,0.00,0.00,127.35,1,-105.00,-12.00,6.00,6.00,28.00,13.00,13415170,315,3,4,1.66684,770
62.71,1547615904,717.93,51.44461852,7.49161528,275.46,0.00,0.00,127.35,1,-114.00,-13.00,-2.00,6.00,18.00,24.00,13417219,440,4,2,1.60256,442
68.99,1547615910,717.93,51.44461852,7.49161528,275.41,0.00,0.00,127.35,1,-109.00,-12.00,1.00,6.00,24.00,24.00,13417219,440,5,0.5,0.773994,1032
94.77,1547615936,717.93,51.44464311,7.49157750,274.97,0.00,0.00,127.35,1,-107.00,-10.00,3.00,8.00,23.00,24.00,13417219,440,6,0.5,0.211876,2010
106.72,1547615948,790.35,51.44380228,7.49097541,267.91,14.48,2.07,215.93,1,-108.00,-10.00,0.00,8.00,21.00,24.00,13417219,440,9,0.1,0.274726,909
143.95,1547615985,1356.64,51.44023332,7.48532252,282.18,15.03,-0.09,233.37,1,-108.00,-13.00,2.00,7.00,22.00,43.00,13536515,142,10,2,0.658355,2622
145.39,1547615986,1378.05,51.44009743,7.48500053,282.80,14.51,1.34,233.32,1,-107.00,-10.00,5.00,9.00,22.00,24.00,13417219,440,7,6,0.845011,2631
153.78,1547615995,1497.67,51.43942391,7.48357351,285.12,14.78,-0.40,233.86,1,-114.00,-8.00,6.00,9.00,23.00,84.00,13067273,288,12,4,2.20386,2159
155.89,1547615997,1528.79,51.43927288,7.48320374,285.91,14.89,0.42,237.24,1,-109.00,-10.00,3.00,8.00,20.00,24.00,13417219,440,8,9,1.21768,1753
160.69,1547616002,1601.21,51.43890266,7.48215497,286.11,15.67,0.01,240.53,1,-113.00,-9.00,6.00,11.00,17.00,84.00,13067273,288,13,9,4.18751,1241
161.59,1547616003,1615.35,51.43883633,7.48195135,286.21,16.11,0.81,240.09,1,-105.00,-13.00,1.00,9.00,26.00,22.00,13417219,440,11,9,2.36749,2607
162.17,1547616003,1624.57,51.43883633,7.48195135,286.21,16.11,0.00,240.09,1,-100.00,-13.00,8.00,6.00,31.00,21.00,13417219,440,14,6,5.7211,1045
166.12,1547616007,1687.78,51.43856842,7.48118349,286.74,16.15,0.00,239.36,1,-98.00,-12.00,8.00,8.00,33.00,21.00,13417219,440,15,9,19.7477,976
172.76,1547616014,1797.41,51.43808920,7.47973294,286.23,16.28,-0.63,240.97,1,-100.00,-8.00,11.00,8.00,28.00,21.00,13417219,440,16,1,5.49073,350
184.44,1547616025,1984.57,51.43728733,7.47728495,285.45,14.78,-1.00,242.03,1,-94.00,-8.00,10.00,8.00,32.00,21.00,13417219,440,17,8,15.8927,54
192.91,1547616034,2084.63,51.43734691,7.47615175,289.44,8.67,0.22,344.61,1,-92.00,-8.00,14.00,10.00,35.00,19.00,13523715,6,18,7,22.3464,63
203.63,1547616045,2215.47,51.43824402,7.47769053,292.02,18.72,1.64,55.99,1,-97.00,-7.00,6.00,9.00,30.00,19.00,13523715,6,19,5,12.4572,61
210.58,1547616052,2359.37,51.43899436,7.47950340,288.81,23.81,0.42,57.25,1,-103.00,-11.00,-2.00,8.00,25.00,19.00,13523715,6,20,0.1,7.84317,87
283.67,1547616125,3979.10,51.44340933,7.47793115,264.12,32.52,-0.29,262.40,1,-108.00,-18.00,-7.00,4.00,23.00,18.00,13415170,315,23,1,0.218412,1852
284.61,1547616126,4009.77,51.44337161,7.47747205,263.57,31.88,-1.16,261.94,1,-106.00,-17.00,-6.00,4.00,23.00,21.00,13415426,265,26,0.5,0.577201,2274
300.01,1547616141,4501.26,51.44256320,7.47065850,253.08,32.87,0.39,257.62,1,-109.00,-14.00,-3.00,6.00,23.00,21.00,13415426,265,27,3,1.4892,1116
301.76,1547616143,4559.24,51.44243238,7.46971167,251.22,34.05,1.10,256.98,1,-117.00,-8.00,3.00,8.00,9.00,26.00,13417219,288,24,4,1.0777,2980
323.63,1547616165,5333.48,51.44155520,7.45859366,235.27,36.55,0.44,268.91,1,-117.00,-19.00,-12.00,1.00,18.00,26.00,13417219,440,25,8,1.28136,2561
343.14,1547616184,6031.91,51.44198588,7.44886173,229.23,35.63,0.00,278.66,1,-106.00,-13.00,6.00,9.00,26.00,21.00,13415426,265,29,3,0.597565,798
344.47,1547616186,6079.37,51.44209421,7.44785144,228.46,35.22,-1.20,280.09,1,-101.00,-12.00,8.00,12.00,31.00,13.00,13415427,264,32,1,1.20192,1641
346.58,1547616188,6153.39,51.44221454,7.44688228,228.01,34.33,-0.20,281.54,1,-106.00,-13.00,1.00,9.00,27.00,13.00,13415427,264,33,0.5,1.514,868
362.35,1547616203,6715.88,51.44359808,7.43890951,221.11,36.92,-1.45,289.37,1,-113.00,-15.00,-1.00,7.00,20.00,21.00,13415426,265,30,7,1.2595,2278
373.70,1547616215,7140.40,51.44506259,7.43336644,208.52,39.39,0.28,297.50,1,-107.00,-11.00,-5.00,6.00,21.00,26.00,13246978,264,35,0.1,0.0910129,1351
376.35,1547616217,7244.01,51.44560509,7.43193504,206.80,38.01,-1.64,303.28,1,-106.00,-12.00,2.00,6.00,23.00,21.00,13415426,265,28,9,0.899775,965
382.47,1547616224,7474.34,51.44686479,7.42938859,200.16,37.36,-0.75,311.51,1,-92.00,-21.00,-8.00,1.00,36.00,13.00,13415427,264,31,10,1.39126,738
382.83,1547616224,7487.79,51.44686479,7.42938859,200.16,37.36,-0.41,311.51,1,-109.00,-13.00,-1.00,6.00,23.00,67.00,13081346,264,36,6,5.9828,1306
383.23,1547616224,7502.73,51.44686479,7.42938859,200.16,37.36,0.00,311.51,1,-109.00,-13.00,1.00,6.00,21.00,33.00,13395457,111,37,2,9.02425,395
383.30,1547616224,7505.42,51.44709129,7.42899994,198.63,37.79,1.73,313.36,1,-106.00,-14.00,9.00,11.00,26.00,13.00,13415427,264,34,8,2.41756,2628
384.02,1547616225,7532.21,51.44709129,7.42899994,198.63,37.79,0.44,313.36,1,-108.00,-11.00,4.00,7.00,22.00,22.00,13417219,440,21,10,0.5017,1371
384.91,1547616226,7565.90,51.44733286,7.42861529,197.03,37.92,0.15,315.31,1,-107.00,-15.00,-1.00,7.00,27.00,22.00,13415426,265,22,10,0.540197,1119
395.22,1547616236,7956.63,51.45002995,7.42543324,180.13,38.43,0.00,331.51,1,-97.00,-6.00,11.00,11.00,28.00,33.00,13395457,111,38,4,6.75533,47
400.96,1547616242,8174.69,51.45187845,7.42412991,170.93,37.32,-0.48,339.59,1,-94.00,-13.00,1.00,11.00,34.00,33.00,13395457,111,39,1,13.4003,45
412.56,1547616254,8594.59,51.45560556,7.42231041,159.60,35.84,-0.33,342.06,1,-93.00,-6.00,2.00,6.00,30.00,14.00,13523459,175,40,1,3.79867,97
423.64,1547616265,8974.52,51.45869350,7.42026130,155.77,32.23,0.15,331.96,1,-94.00,-9.00,3.00,9.00,33.00,15.00,13523459,175,41,0.5,1.25313,82
431.38,1547616272,9230.74,51.46072752,7.41822491,154.45,33.74,-2.01,324.17,1,-88.00,-6.00,5.00,11.00,38.00,15.00,13523459,175,42,0.1,0.793654,50
443.10,1547616284,9619.60,51.46317808,7.41480822,154.07,31.66,0.00,313.91,1,-90.00,-10.00,4.00,14.00,37.00,9.00,13395457,111,43,8,23.7301,51
450.63,1547616292,9854.38,51.46464410,7.41211601,153.59,30.26,-0.62,308.77,1,-83.00,-6.00,22.00,14.00,43.00,4.00,13395458,112,44,0.5,17.6211,53
463.85,1547616305,10262.56,51.46688112,7.40753089,156.51,30.58,0.02,309.31,1,-75.00,-5.00,11.00,10.00,50.00,4.00,13395458,112,45,3,7.09849,98
472.10,1547616313,10524.44,51.46835897,7.40472531,157.95,33.50,0.00,311.62,1,-82.00,-6.00,15.00,11.00,41.00,7.00,13395458,112,46,5,24.0385,59
482.26,1547616323,10867.62,51.47047374,7.40121190,162.07,34.21,0.00,315.73,1,-96.00,-10.00,1.00,7.00,32.00,17.00,13022465,112,47,3,13.3407,81
492.58,1547616334,11209.30,51.47291306,7.39773568,167.62,31.49,-0.58,320.08,1,-91.00,-6.00,14.00,15.00,35.00,17.00,13022465,205,48,4,15.1086,67
501.89,1547616343,11490.84,51.47484531,7.39536867,172.69,29.01,-0.33,324.77,1,-85.00,-5.00,22.00,15.00,39.00,17.00,13022465,205,49,5,26.7738,54
512.66,1547616354,11798.25,51.47731094,7.39328645,178.09,23.70,-2.79,340.16,1,-66.00,-4.00,31.00,15.00,58.00,17.00,13022465,205,50,8,28.8288,50
523.17,1547616364,12020.04,51.47901609,7.39378274,179.06,15.37,0.00,32.01,1,-82.00,-5.00,14.00,12.00,42.00,17.00,13022465,205,51,9,27.1493,114
530.60,1547616372,12129.80,51.48000611,7.39343966,183.68,11.27,-4.38,338.90,1,-100.00,-9.00,8.00,10.00,27.00,17.00,13022465,205,52,0.1,4.65118,49
542.86,1547616384,12310.18,51.48098676,7.39537093,186.29,18.64,0.09,59.82,1,-90.00,-8.00,5.00,14.00,36.00,12.00,13532162,198,53,4,13.2013,83
554.83,1547616396,12495.98,51.48184156,7.39758103,187.55,10.08,-0.86,54.70,1,-94.00,-10.00,-4.00,7.00,33.00,12.00,13532162,198,54,10,18.2815,48
560.67,1547616402,12548.35,51.48213870,7.39815426,190.55,6.37,-1.04,49.95,1,-96.00,-9.00,1.00,6.00,29.00,10.00,13022465,205,55,0.1,4.16668,58
570.95,1547616412,12582.30,51.48231463,7.39844392,191.60,0.00,-0.66,42.36,1,-94.00,-10.00,4.00,11.00,34.00,9.00,13532163,200,56,2,29.5203,76
582.16,1547616423,12594.63,51.48245612,7.39866189,190.23,7.39,0.00,42.34,1,-92.00,-10.00,-1.00,7.00,36.00,9.00,13532163,200,57,5,22.8702,66
591.07,1547616432,12683.47,51.48316915,7.39945117,193.43,14.14,0.00,32.56,1,-82.00,-5.00,30.00,15.00,41.00,7.00,13067528,356,58,5,61.2557,61
600.52,1547616442,12829.09,51.48430943,7.40068944,191.73,15.31,-0.57,37.97,1,-84.00,-6.00,32.00,15.00,41.00,7.00,13067528,356,59,0.1,7.40744,61
610.73,1547616452,12980.98,51.48526794,7.40214467,189.49,13.53,-0.87,44.93,1,-87.00,-5.00,22.00,15.00,38.00,7.00,13067528,356,60,2,48.3384,56
621.42,1547616462,13084.59,51.48593248,7.40261465,187.98,10.13,2.99,324.21,1,-92.00,-5.00,23.00,15.00,31.00,7.00,13067528,356,61,5,41.6233,84
631.28,1547616472,13212.85,51.48698768,7.40174145,186.62,14.05,-0.97,344.67,1,-86.00,-5.00,23.00,15.00,35.00,7.00,13067528,356,62,6,58.1818,65
640.57,1547616482,13340.55,51.48813564,7.40173374,182.46,12.85,-0.47,0.64,1,-83.00,-5.00,30.00,14.00,40.00,7.00,13067528,356,63,0.5,22.9885,54
651.40,1547616492,13451.10,51.48904165,7.40177656,179.66,4.86,-1.76,0.56,1,-103.00,-6.00,20.00,11.00,20.00,7.00,13067528,356,64,5,41.3223,60
661.33,1547616502,13472.02,51.48917582,7.40177613,179.60,0.00,0.00,357.29,1,-105.00,-6.00,14.00,11.00,19.00,7.00,13067528,356,65,5,42.9185,56
671.68,1547616513,13472.02,51.48928626,7.40178461,179.26,5.87,0.00,357.26,1,-104.00,-6.00,18.00,11.00,19.00,7.00,13067528,356,66,4,25.417,66
682.26,1547616523,13569.17,51.48942857,7.40306338,179.54,14.54,0.00,90.59,1,-109.00,-9.00,8.00,7.00,18.00,7.00,13067528,356,67,5,21.751,67
691.41,1547616532,13685.34,51.48939821,7.40491790,180.34,13.03,1.35,89.99,1,-111.00,-9.00,5.00,7.00,15.00,7.00,13067528,356,68,3,25.2632,70
702.40,1547616543,13826.81,51.48958523,7.40692472,181.86,13.34,-0.93,78.83,1,-95.00,-5.00,22.00,15.00,26.00,70.00,13067274,289,69,6,25.0391,66
712.61,1547616554,13969.67,51.48987574,7.40894750,178.64,14.72,0.19,76.58,1,-103.00,-6.00,16.00,11.00,22.00,70.00,13067274,289,70,3,11.1111,61
