0.05,1547615841,0.00,51.45003386,7.48826197,249.12,8.41,0.00,165.93,1,-94.00,-7.00,10.00,14.00,32.00,6.00,13415170,315
1.05,1547615842,8.44,51.44996835,7.48829814,249.12,9.02,0.61,166.87,1,-94.00,-6.00,11.00,9.00,31.00,6.00,13415170,315
2.05,1547615843,17.46,51.44988534,7.48833106,249.30,9.78,0.76,168.03,1,-94.00,-6.00,11.00,9.00,31.00,6.00,13415170,315
3.05,1547615844,27.24,51.44979437,7.48836323,249.41,10.14,0.36,169.37,1,-98.00,-9.00,13.00,11.00,32.00,6.00,13415170,315
4.05,1547615845,37.38,51.44969686,7.48838833,249.98,11.15,1.01,170.60,1,-98.00,-9.00,13.00,11.00,32.00,6.00,13415170,315
5.05,1547615846,48.53,51.44960467,7.48841368,250.65,11.65,0.50,172.06,1,-99.00,-7.00,9.00,14.00,27.00,6.00,13415170,315
6.05,1547615847,60.18,51.44949167,7.48844019,251.47,12.24,0.59,173.54,1,-99.00,-7.00,9.00,14.00,27.00,6.00,13415170,315
7.05,1547615848,72.42,51.44937716,7.48845630,252.59,12.99,0.74,175.24,1,-99.00,-7.00,7.00,9.00,28.00,6.00,13415170,315
8.05,1547615849,85.40,51.44925467,7.48846288,253.52,13.41,0.42,177.88,1,-99.00,-7.00,7.00,9.00,28.00,6.00,13415170,315
9.06,1547615850,98.95,51.44913956,7.48846367,254.38,13.73,0.32,179.67,1,-99.00,-10.00,12.00,11.00,30.00,6.00,13415170,315
10.05,1547615851,112.55,51.44901747,7.48845411,255.57,14.42,0.69,182.54,1,-99.00,-10.00,12.00,11.00,30.00,6.00,13415170,315
11.06,1547615852,127.00,51.44887964,7.48842916,255.92,14.93,0.51,185.24,1,-104.00,-9.00,8.00,7.00,24.00,6.00,13415170,315
12.05,1547615853,141.90,51.44873509,7.48839013,255.94,15.03,0.10,187.78,1,-104.00,-9.00,8.00,7.00,24.00,6.00,13415170,315
13.05,1547615854,156.88,51.44859699,7.48833970,256.12,14.89,-0.14,190.30,1,-107.00,-16.00,-1.00,8.00,29.00,6.00,13415170,315
14.06,1547615855,171.85,51.44847013,7.48828540,256.30,14.64,-0.25,191.76,1,-107.00,-16.00,-1.00,8.00,29.00,6.00,13415170,315
15.07,1547615856,186.65,51.44834476,7.48823629,256.26,14.63,-0.02,192.65,1,-112.00,-15.00,-4.00,7.00,23.00,6.00,13415170,315
16.06,1547615857,201.13,51.44822599,7.48818017,256.30,14.46,-0.17,192.67,1,-112.00,-15.00,-4.00,7.00,23.00,6.00,13415170,315
17.06,1547615858,215.58,51.44809615,7.48812637,256.25,14.85,0.39,193.19,1,-112.00,-15.00,-4.00,7.00,23.00,6.00,13415170,315
18.06,1547615859,230.43,51.44795877,7.48806685,256.38,14.84,-0.02,193.07,1,-113.00,-16.00,-6.00,6.00,20.00,6.00,13415170,315
19.06,1547615860,245.30,51.44782120,7.48801751,256.57,14.85,0.02,191.60,1,-113.00,-16.00,-6.00,6.00,20.00,6.00,13415170,315
20.06,1547615861,260.11,51.44768126,7.48796390,256.57,14.62,-0.23,190.84,1,-113.00,-14.00,-6.00,5.00,25.00,22.00,13415426,265
21.06,1547615862,274.73,51.44754717,7.48792930,256.67,14.32,-0.30,188.60,1,-113.00,-14.00,-6.00,5.00,25.00,22.00,13415426,265
22.05,1547615863,289.04,51.44741050,7.48790801,256.95,14.68,0.36,185.42,1,-109.00,-18.00,-9.00,4.00,30.00,22.00,13415426,265
23.06,1547615864,303.74,51.44727791,7.48790251,257.50,14.73,0.05,182.29,1,-109.00,-18.00,-9.00,4.00,30.00,22.00,13415426,265
24.06,1547615865,318.57,51.44715849,7.48791014,257.90,14.59,-0.14,179.12,1,-114.00,-17.00,-13.00,1.00,20.00,22.00,13415426,265
25.06,1547615866,333.15,51.44703256,7.48793100,258.17,14.26,-0.33,176.09,1,-114.00,-17.00,-13.00,1.00,20.00,22.00,13415426,265
26.06,1547615867,347.43,51.44690664,7.48796956,257.95,14.43,0.17,172.59,1,-115.00,-17.00,-8.00,5.00,21.00,22.00,13415426,265
27.06,1547615868,361.84,51.44677826,7.48800763,257.75,14.36,-0.07,170.17,1,-115.00,-17.00,-8.00,5.00,21.00,22.00,13415426,265
28.06,1547615869,376.20,51.44664794,7.48806464,257.85,14.53,0.17,167.01,1,-113.00,-16.00,-6.00,4.00,23.00,13.00,13415170,265
29.06,1547615870,390.64,51.44652459,7.48813706,258.14,14.58,0.06,163.72,1,-113.00,-16.00,-6.00,4.00,23.00,13.00,13415170,265
30.06,1547615871,405.23,51.44640003,7.48821924,258.50,14.60,0.02,160.30,1,-107.00,-13.00,-1.00,6.00,25.00,13.00,13415170,315
31.05,1547615872,419.81,51.44629890,7.48831435,259.16,14.20,-0.40,157.03,1,-107.00,-13.00,-1.00,6.00,25.00,13.00,13415170,315
32.05,1547615873,434.01,51.44618582,7.48842655,260.00,13.88,-0.32,153.87,1,-104.00,-14.00,-2.00,8.00,30.00,13.00,13415170,315
33.06,1547615874,447.91,51.44607197,7.48855638,260.98,13.89,0.01,150.02,1,-104.00,-14.00,-2.00,8.00,30.00,13.00,13415170,315
34.05,1547615875,461.77,51.44597062,7.48869710,261.96,14.50,0.61,146.33,1,-102.00,-13.00,-1.00,11.00,30.00,13.00,13415170,315
35.06,1547615876,476.31,51.44587462,7.48884346,262.89,14.72,0.22,142.79,1,-102.00,-13.00,-1.00,11.00,30.00,13.00,13415170,315
36.06,1547615877,491.09,51.44577529,7.48900617,263.93,14.73,0.01,139.83,1,-104.00,-12.00,5.00,6.00,28.00,13.00,13415170,315
37.06,1547615878,505.76,51.44568489,7.48918017,264.93,15.16,0.44,136.34,1,-104.00,-12.00,5.00,6.00,28.00,13.00,13415170,315
38.06,1547615879,520.92,51.44559914,7.48935891,265.74,15.20,0.03,133.79,1,-104.00,-12.00,5.00,6.00,28.00,13.00,13415170,315
39.06,1547615880,536.12,51.44551149,7.48955113,266.57,15.31,0.12,131.80,1,-105.00,-12.00,6.00,6.00,28.00,13.00,13415170,315
40.05,1547615881,551.42,51.44543261,7.48973382,267.36,15.50,0.19,129.99,1,-105.00,-12.00,6.00,6.00,28.00,13.00,13415170,315
41.06,1547615882,566.96,51.44535173,7.48992390,268.24,15.53,0.02,128.93,1,-104.00,-10.00,5.00,7.00,24.00,13.00,13415170,315
42.05,1547615883,582.44,51.44526909,7.49012138,268.97,15.65,0.12,128.28,1,-104.00,-10.00,5.00,7.00,24.00,13.00,13415170,315
43.06,1547615884,598.11,51.44519275,7.49030456,270.09,15.40,-0.25,127.79,1,-107.00,-14.00,-3.00,6.00,29.00,13.00,13415170,315
44.06,1547615885,613.52,51.44511815,7.49047738,271.07,15.09,-0.30,127.44,1,-107.00,-14.00,-3.00,6.00,29.00,13.00,13415170,315
45.06,1547615886,628.63,51.44504460,7.49065733,271.91,14.49,-0.60,126.77,1,-109.00,-11.00,0.00,8.00,23.00,13.00,13415170,315
46.06,1547615887,643.10,51.44496967,7.49083003,272.90,14.38,-0.11,127.45,1,-109.00,-11.00,0.00,8.00,23.00,13.00,13415170,315
47.06,1547615888,657.48,51.44489564,7.49100147,273.84,14.17,-0.20,127.44,1,-111.00,-14.00,-1.00,4.00,24.00,13.00,13415170,315
48.06,1547615889,671.66,51.44482428,7.49116007,274.76,14.21,0.03,127.98,1,-111.00,-14.00,-1.00,4.00,24.00,13.00,13415170,315
49.06,1547615890,685.85,51.44475021,7.49132730,275.24,12.85,-1.36,127.13,1,-114.00,-13.00,-2.00,6.00,18.00,24.00,13417219,440
50.06,1547615891,698.71,51.44469687,7.49144641,275.44,9.00,-3.84,127.64,1,-114.00,-13.00,-2.00,6.00,18.00,24.00,13417219,440
51.06,1547615892,707.70,51.44465333,7.49154192,275.49,5.81,-3.20,127.41,1,-111.00,-17.00,-5.00,7.00,28.00,24.00,13417219,440
52.06,1547615893,713.51,51.44462224,7.49161046,275.50,3.40,-2.41,127.35,1,-111.00,-17.00,-5.00,7.00,28.00,24.00,13417219,440
53.06,1547615894,716.92,51.44461852,7.49161528,275.55,1.02,-2.38,127.35,1,-106.00,-14.00,-5.00,7.00,28.00,24.00,13417219,440
54.06,1547615895,717.93,51.44461852,7.49161528,275.55,0.00,-1.02,127.35,1,-106.00,-14.00,-5.00,7.00,28.00,24.00,13417219,440
55.06,1547615896,717.93,51.44461852,7.49161528,275.55,0.00,0.00,127.35,1,-109.00,-15.00,-3.00,4.00,28.00,24.00,13417219,440
56.06,1547615897,717.93,51.44461852,7.49161528,275.55,0.00,0.00,127.35,1,-109.00,-15.00,-3.00,4.00,28.00,24.00,13417219,440
57.07,1547615898,717.93,51.44461852,7.49161528,275.54,0.00,0.00,127.35,1,-109.00,-15.00,-4.00,8.00,26.00,24.00,13417219,440
58.06,1547615899,717.93,51.44461852,7.49161528,275.53,0.00,0.00,127.35,1,-109.00,-15.00,-4.00,8.00,26.00,24.00,13417219,440
59.06,1547615900,717.93,51.44461852,7.49161528,275.52,0.00,0.00,127.35,1,-109.00,-15.00,-4.00,8.00,26.00,24.00,13417219,440
60.06,1547615901,717.93,51.44461852,7.49161528,275.51,0.00,0.00,127.35,1,-109.00,-12.00,1.00,6.00,24.00,24.00,13417219,440
61.06,1547615902,717.93,51.44461852,7.49161528,275.49,0.00,0.00,127.35,1,-109.00,-12.00,1.00,6.00,24.00,24.00,13417219,440
62.06,1547615903,717.93,51.44461852,7.49161528,275.48,0.00,0.00,127.35,1,-109.00,-14.00,-2.00,9.00,24.00,24.00,13417219,440
63.05,1547615904,717.93,51.44461852,7.49161528,275.46,0.00,0.00,127.35,1,-109.00,-14.00,-2.00,9.00,24.00,24.00,13417219,440
64.06,1547615905,717.93,51.44461852,7.49161528,275.45,0.00,0.00,127.35,1,-108.00,-10.00,-2.00,9.00,21.00,24.00,13417219,440
65.06,1547615906,717.93,51.44461852,7.49161528,275.44,0.00,0.00,127.35,1,-108.00,-10.00,-2.00,9.00,21.00,24.00,13417219,440
66.06,1547615907,717.93,51.44461852,7.49161528,275.43,0.00,0.00,127.35,1,-109.00,-10.00,2.00,6.00,20.00,24.00,13417219,440
67.05,1547615908,717.93,51.44461852,7.49161528,275.42,0.00,0.00,127.35,1,-109.00,-10.00,2.00,6.00,20.00,24.00,13417219,440
68.06,1547615909,717.93,51.44461852,7.49161528,275.42,0.00,0.00,127.35,1,-108.00,-10.00,3.00,9.00,22.00,24.00,13417219,440
69.06,1547615910,717.93,51.44461852,7.49161528,275.41,0.00,0.00,127.35,1,-108.00,-10.00,3.00,9.00,22.00,24.00,13417219,440
70.06,1547615911,717.93,51.44461852,7.49161528,275.40,0.00,0.00,127.35,1,-107.00,-10.00,3.00,8.00,23.00,24.00,13417219,440
71.06,1547615912,717.93,51.44461852,7.49161528,275.40,0.00,0.00,127.35,1,-107.00,-10.00,3.00,8.00,23.00,24.00,13417219,440
72.06,1547615913,717.93,51.44461852,7.49161528,275.39,0.00,0.00,127.35,1,-107.00,-9.00,3.00,10.00,22.00,24.00,13417219,440
73.06,1547615914,717.93,51.44461852,7.49161528,275.39,0.00,0.00,127.35,1,-107.00,-9.00,3.00,10.00,22.00,24.00,13417219,440
74.05,1547615915,717.93,51.44461852,7.49161528,275.39,0.00,0.00,127.35,1,-107.00,-9.00,3.00,9.00,21.00,24.00,13417219,440
75.06,1547615916,717.93,51.44461852,7.49161528,275.39,0.00,0.00,127.35,1,-107.00,-9.00,3.00,9.00,21.00,24.00,13417219,440
76.06,1547615917,717.93,51.44461852,7.49161528,275.39,0.00,0.00,127.35,1,-107.00,-9.00,4.00,8.00,23.00,24.00,13417219,440
77.06,1547615918,717.93,51.44461852,7.49161528,275.40,0.00,0.00,127.35,1,-107.00,-9.00,4.00,8.00,23.00,24.00,13417219,440
78.06,1547615919,717.93,51.44461852,7.49161528,275.40,0.00,0.00,127.35,1,-107.00,-10.00,5.00,9.00,22.00,24.00,13417219,440
79.05,1547615920,717.93,51.44461852,7.49161528,275.40,0.00,0.00,127.35,1,-107.00,-10.00,5.00,9.00,22.00,24.00,13417219,440
80.06,1547615921,717.93,51.44461852,7.49161528,275.40,0.00,0.00,127.35,1,-107.00,-10.00,5.00,9.00,22.00,24.00,13417219,440
81.06,1547615922,717.93,51.44461860,7.49161521,275.41,0.00,0.00,127.35,1,-108.00,-11.00,3.00,7.00,25.00,24.00,13417219,440
82.05,1547615923,717.93,51.44462001,7.49161140,275.41,0.00,0.00,127.35,1,-108.00,-11.00,3.00,7.00,25.00,24.00,13417219,440
83.05,1547615924,717.93,51.44462256,7.49160669,275.41,0.00,0.00,127.35,1,-108.00,-10.00,4.00,6.00,22.00,24.00,13417219,440
84.06,1547615925,717.93,51.44462532,7.49160188,275.41,0.00,0.00,127.35,1,-108.00,-10.00,4.00,6.00,22.00,24.00,13417219,440
85.06,1547615926,717.93,51.44462854,7.49159858,275.41,0.00,0.00,127.35,1,-110.00,-10.00,3.00,8.00,20.00,24.00,13417219,440
86.05,1547615927,717.93,51.44463110,7.49159298,275.44,0.00,0.00,127.35,1,-110.00,-10.00,3.00,8.00,20.00,24.00,13417219,440
87.06,1547615928,717.93,51.44463039,7.49159302,275.44,0.00,0.00,127.35,1,-108.00,-10.00,3.00,9.00,21.00,24.00,13417219,440
88.06,1547615929,717.93,51.44462902,7.49158809,275.44,0.00,0.00,127.35,1,-108.00,-10.00,3.00,9.00,21.00,24.00,13417219,440
89.06,1547615930,717.93,51.44462717,7.49158571,275.43,0.00,0.00,127.35,1,-109.00,-10.00,3.00,8.00,20.00,24.00,13417219,440
90.06,1547615931,717.93,51.44462568,7.49158755,275.42,0.00,0.00,127.35,1,-109.00,-10.00,3.00,8.00,20.00,24.00,13417219,440
91.06,1547615932,717.93,51.44462761,7.49158494,275.41,0.00,0.00,127.35,1,-109.00,-13.00,-1.00,5.00,24.00,24.00,13417219,440
92.06,1547615933,717.93,51.44463074,7.49158283,275.40,0.00,0.00,127.35,1,-109.00,-13.00,-1.00,5.00,24.00,24.00,13417219,440
93.05,1547615934,717.93,51.44463478,7.49158079,275.38,0.00,0.00,127.35,1,-108.00,-11.00,-3.00,8.00,23.00,24.00,13417219,440
94.05,1547615935,717.93,51.44464089,7.49158243,275.18,0.00,0.00,127.35,1,-108.00,-11.00,-3.00,8.00,23.00,24.00,13417219,440
95.06,1547615936,717.93,51.44464311,7.49157750,274.97,0.00,0.00,127.35,1,-112.00,-11.00,-1.00,8.00,19.00,24.00,13417219,440
96.06,1547615937,717.93,51.44464548,7.49157814,274.79,0.00,0.00,129.54,1,-112.00,-11.00,-1.00,8.00,19.00,24.00,13417219,440
97.06,1547615938,717.93,51.44460665,7.49163348,274.56,0.00,0.00,140.09,1,-108.00,-11.00,1.00,6.00,21.00,24.00,13417219,440
98.06,1547615939,717.93,51.44453978,7.49168270,272.26,2.67,0.00,162.25,1,-108.00,-11.00,1.00,6.00,21.00,24.00,13417219,440
99.06,1547615940,720.63,51.44446308,7.49168226,270.92,4.36,1.68,190.95,1,-108.00,-10.00,0.00,8.00,21.00,24.00,13417219,440
100.06,1547615941,724.96,51.44440683,7.49163775,270.07,5.65,1.30,213.78,1,-108.00,-10.00,0.00,8.00,21.00,24.00,13417219,440
101.06,1547615942,730.61,51.44434083,7.49157500,269.69,6.52,0.87,216.51,1,-108.00,-10.00,0.00,8.00,21.00,24.00,13417219,440
102.06,1547615943,737.14,51.44427007,7.49150243,269.79,9.58,3.06,215.66,1,-110.00,-14.00,-4.00,5.00,23.00,24.00,13417219,440
103.06,1547615944,746.72,51.44417443,7.49140315,269.93,10.90,1.32,215.25,1,-110.00,-14.00,-4.00,5.00,23.00,24.00,13417219,440
104.06,1547615945,757.62,51.44407561,7.49129928,270.20,11.42,0.52,216.24,1,-109.00,-12.00,-2.00,5.00,20.00,24.00,13417219,440
105.06,1547615946,769.05,51.44399631,7.49120284,269.59,12.59,1.16,215.89,1,-109.00,-12.00,-2.00,5.00,20.00,24.00,13417219,440
106.06,1547615947,781.64,51.44389938,7.49108972,268.80,13.10,0.51,216.75,1,-111.00,-12.00,0.00,6.00,18.00,24.00,13417219,440
107.06,1547615948,794.74,51.44380228,7.49097541,267.91,14.48,1.38,215.93,1,-111.00,-12.00,0.00,6.00,18.00,24.00,13417219,440
108.06,1547615949,809.22,51.44369840,7.49085019,267.19,15.00,0.52,216.10,1,-111.00,-12.00,1.00,6.00,19.00,24.00,13417219,440
109.06,1547615950,824.22,51.44358486,7.49071996,267.05,15.57,0.57,216.59,1,-111.00,-12.00,1.00,6.00,19.00,24.00,13417219,440
110.06,1547615951,839.80,51.44346662,7.49060070,266.60,15.85,0.29,216.68,1,-108.00,-13.00,2.00,7.00,22.00,43.00,13536515,142
111.06,1547615952,855.65,51.44334059,7.49046902,266.50,15.82,-0.03,216.55,1,-108.00,-13.00,2.00,7.00,22.00,43.00,13536515,142
112.06,1547615953,871.46,51.44322340,7.49033682,266.67,15.48,-0.34,216.58,1,-114.00,-16.00,-3.00,5.00,19.00,22.00,13536515,142
113.06,1547615954,886.94,51.44310920,7.49020452,266.99,15.50,0.02,216.95,1,-114.00,-16.00,-3.00,5.00,19.00,22.00,13536515,142
114.06,1547615955,902.42,51.44299593,7.49007446,267.48,15.46,-0.04,216.77,1,-112.00,-13.00,-5.00,5.00,18.00,22.00,13417219,440
115.06,1547615956,917.88,51.44287958,7.48993484,268.19,15.52,0.06,216.80,1,-112.00,-13.00,-5.00,5.00,18.00,22.00,13417219,440
116.06,1547615957,933.40,51.44277841,7.48982135,269.27,15.65,0.13,217.13,1,-111.00,-13.00,-2.00,5.00,22.00,22.00,13417219,440
117.05,1547615958,949.03,51.44266466,7.48968471,270.25,15.66,0.01,217.35,1,-111.00,-13.00,-2.00,5.00,22.00,22.00,13417219,440
118.06,1547615959,964.70,51.44254584,7.48954380,271.05,15.62,-0.04,216.93,1,-108.00,-14.00,-2.00,7.00,22.00,22.00,13417219,440
119.06,1547615960,980.32,51.44242916,7.48940951,272.06,15.54,-0.08,216.42,1,-108.00,-14.00,-2.00,7.00,22.00,22.00,13417219,440
120.06,1547615961,995.99,51.44231236,7.48926724,272.96,15.79,0.25,216.62,1,-105.00,-13.00,1.00,9.00,26.00,22.00,13417219,440
121.06,1547615962,1011.66,51.44220373,7.48913669,273.68,15.34,-0.46,216.87,1,-105.00,-13.00,1.00,9.00,26.00,22.00,13417219,440
122.06,1547615963,1027.00,51.44209681,7.48900786,273.86,15.54,0.20,217.73,1,-105.00,-13.00,1.00,9.00,26.00,22.00,13417219,440
123.06,1547615964,1042.53,51.44198173,7.48886772,274.43,15.95,0.41,217.91,1,-108.00,-12.00,2.00,9.00,22.00,22.00,13417219,440
124.06,1547615965,1058.48,51.44186939,7.48871663,274.81,15.60,-0.35,219.92,1,-108.00,-12.00,2.00,9.00,22.00,22.00,13417219,440
125.05,1547615966,1074.06,51.44176326,7.48855962,275.14,15.27,-0.32,222.01,1,-105.00,-15.00,-2.00,8.00,26.00,22.00,13417219,440
126.06,1547615967,1089.35,51.44166947,7.48840704,275.72,14.60,-0.67,223.73,1,-105.00,-15.00,-2.00,8.00,26.00,22.00,13417219,440
127.06,1547615968,1103.98,51.44157502,7.48825176,276.20,14.27,-0.33,225.14,1,-102.00,-20.00,-9.00,7.00,38.00,22.00,13417219,440
128.06,1547615969,1118.25,51.44148302,7.48808654,276.23,14.85,0.57,227.34,1,-102.00,-20.00,-9.00,7.00,38.00,22.00,13417219,440
129.06,1547615970,1133.07,51.44140245,7.48792248,275.73,14.98,0.13,228.95,1,-114.00,-8.00,6.00,9.00,23.00,84.00,13067273,288
130.06,1547615971,1148.05,51.44131305,7.48774807,275.51,15.03,0.05,230.34,1,-114.00,-8.00,6.00,9.00,23.00,84.00,13067273,288
131.06,1547615972,1163.09,51.44123809,7.48758109,275.90,14.95,-0.08,231.36,1,-118.00,-9.00,4.00,7.00,8.00,84.00,13067273,288
132.06,1547615973,1178.04,51.44116434,7.48741695,276.14,14.73,-0.22,231.90,1,-118.00,-9.00,4.00,7.00,8.00,84.00,13067273,288
133.06,1547615974,1192.80,51.44108814,7.48724699,277.00,15.25,0.52,232.41,1,-117.00,-9.00,3.00,10.00,9.00,84.00,13067273,288
134.06,1547615975,1208.03,51.44101732,7.48707674,277.45,15.00,-0.25,232.86,1,-117.00,-9.00,3.00,10.00,9.00,84.00,13067273,288
135.06,1547615976,1223.04,51.44094407,7.48690495,278.11,15.02,0.02,232.92,1,-118.00,-9.00,3.00,7.00,9.00,84.00,13067273,288
136.06,1547615977,1238.06,51.44086609,7.48672933,278.71,15.07,0.05,232.62,1,-118.00,-9.00,3.00,7.00,9.00,84.00,13067273,288
137.06,1547615978,1253.16,51.44078965,7.48656178,279.58,14.91,-0.16,232.13,1,-116.00,-9.00,4.00,10.00,11.00,84.00,13067273,288
138.06,1547615979,1268.08,51.44070704,7.48638306,280.24,15.12,0.20,231.66,1,-116.00,-9.00,4.00,10.00,11.00,84.00,13067273,288
139.06,1547615980,1283.16,51.44062548,7.48620089,280.42,15.04,-0.08,232.02,1,-113.00,-9.00,6.00,11.00,17.00,84.00,13067273,288
140.06,1547615981,1298.18,51.44054917,7.48602890,280.83,14.96,-0.07,232.65,1,-113.00,-9.00,6.00,11.00,17.00,84.00,13067273,288
141.06,1547615982,1313.23,51.44047726,7.48586506,281.09,14.74,-0.22,232.75,1,-118.00,-9.00,4.00,6.00,8.00,21.00,13417219,288
142.06,1547615983,1327.87,51.44039586,7.48568511,281.74,15.30,0.57,232.87,1,-118.00,-9.00,4.00,6.00,8.00,21.00,13417219,288
143.06,1547615984,1343.17,51.44031282,7.48549873,281.59,15.11,-0.19,232.98,1,-118.00,-9.00,4.00,6.00,8.00,21.00,13417219,288
144.05,1547615985,1358.27,51.44023332,7.48532252,282.18,15.03,-0.08,233.37,1,-99.00,-11.00,5.00,11.00,32.00,21.00,13417219,440
145.05,1547615986,1373.29,51.44017050,7.48517058,282.40,14.06,-0.97,233.49,1,-99.00,-11.00,5.00,11.00,32.00,21.00,13417219,440
146.05,1547615987,1387.36,51.44009743,7.48500053,282.80,14.51,0.45,233.32,1,-94.00,-12.00,9.00,15.00,37.00,21.00,13417219,440
147.05,1547615988,1401.84,51.44001761,7.48483634,283.09,14.26,-0.25,232.42,1,-94.00,-12.00,9.00,15.00,37.00,21.00,13417219,440
148.05,1547615989,1416.12,51.43993390,7.48465870,283.24,14.53,0.26,232.78,1,-99.00,-12.00,9.00,11.00,31.00,21.00,13417219,440
149.05,1547615990,1430.64,51.43985671,7.48449173,283.80,14.19,-0.34,232.28,1,-99.00,-12.00,9.00,11.00,31.00,21.00,13417219,440
150.06,1547615991,1444.87,51.43977393,7.48432077,284.24,14.16,-0.03,232.16,1,-100.00,-13.00,8.00,6.00,31.00,21.00,13417219,440
151.06,1547615992,1459.03,51.43968726,7.48413912,284.67,13.75,-0.41,232.90,1,-100.00,-13.00,8.00,6.00,31.00,21.00,13417219,440
152.06,1547615993,1472.77,51.43959908,7.48394991,284.70,13.95,0.20,233.64,1,-100.00,-14.00,4.00,9.00,32.00,21.00,13417219,440
153.06,1547615994,1486.72,51.43950862,7.48375606,284.84,15.07,1.12,232.83,1,-100.00,-14.00,4.00,9.00,32.00,21.00,13417219,440
154.05,1547615995,1501.77,51.43942391,7.48357351,285.12,14.78,-0.29,233.86,1,-100.00,-13.00,4.00,9.00,32.00,21.00,13417219,440
155.06,1547615996,1516.64,51.43934542,7.48338520,285.48,14.54,-0.24,235.51,1,-100.00,-13.00,4.00,9.00,32.00,21.00,13417219,440
156.05,1547615997,1531.09,51.43927288,7.48320374,285.91,14.89,0.35,237.24,1,-100.00,-13.00,4.00,7.00,32.00,21.00,13417219,440
157.05,1547615998,1545.96,51.43919870,7.48299695,286.38,14.41,-0.48,238.00,1,-100.00,-13.00,4.00,7.00,32.00,21.00,13417219,440
158.05,1547615999,1560.39,51.43911892,7.48277460,286.14,15.40,0.99,238.63,1,-98.00,-12.00,6.00,11.00,34.00,21.00,13417219,440
159.05,1547616000,1575.79,51.43904349,7.48256469,285.96,15.48,0.08,239.44,1,-98.00,-12.00,6.00,11.00,34.00,21.00,13417219,440
160.05,1547616001,1591.28,51.43897158,7.48236146,286.09,15.66,0.18,239.55,1,-98.00,-12.00,8.00,8.00,33.00,21.00,13417219,440
161.05,1547616002,1606.94,51.43890266,7.48215497,286.11,15.67,0.01,240.53,1,-98.00,-12.00,8.00,8.00,33.00,21.00,13417219,440
162.06,1547616003,1622.73,51.43883633,7.48195135,286.21,16.11,0.43,240.09,1,-100.00,-12.00,9.00,8.00,30.00,21.00,13417219,440
163.05,1547616004,1638.71,51.43877894,7.48177328,286.37,15.96,-0.15,239.72,1,-100.00,-12.00,9.00,8.00,30.00,21.00,13417219,440
164.05,1547616005,1654.69,51.43871113,7.48157738,286.21,16.00,0.04,239.45,1,-100.00,-12.00,9.00,8.00,30.00,21.00,13417219,440
165.05,1547616006,1670.69,51.43864028,7.48138062,286.55,16.04,0.04,239.28,1,-100.00,-10.00,9.00,8.00,29.00,21.00,13417219,440
166.06,1547616007,1686.75,51.43856842,7.48118349,286.74,16.15,0.11,239.36,1,-100.00,-10.00,9.00,8.00,29.00,21.00,13417219,440
167.05,1547616008,1702.87,51.43849632,7.48098772,286.86,16.21,0.06,239.38,1,-97.00,-12.00,11.00,13.00,34.00,21.00,13417219,440
168.05,1547616009,1719.09,51.43843111,7.48078835,286.95,16.31,0.10,238.63,1,-97.00,-12.00,11.00,13.00,34.00,21.00,13417219,440
169.06,1547616010,1735.44,51.43836783,7.48059684,286.56,16.60,0.29,239.07,1,-100.00,-8.00,11.00,8.00,28.00,21.00,13417219,440
170.06,1547616011,1752.04,51.43829953,7.48038341,286.35,16.74,0.14,239.58,1,-100.00,-8.00,11.00,8.00,28.00,21.00,13417219,440
171.06,1547616012,1768.76,51.43822952,7.48015975,286.10,16.92,0.18,240.05,1,-96.00,-9.00,6.00,12.00,32.00,21.00,13417219,440
172.05,1547616013,1785.67,51.43816237,7.47995064,286.21,16.72,-0.20,240.49,1,-96.00,-9.00,6.00,12.00,32.00,21.00,13417219,440
173.06,1547616014,1802.41,51.43808920,7.47973294,286.23,16.28,-0.44,240.97,1,-99.00,-10.00,1.00,6.00,31.00,21.00,13417219,440
174.06,1547616015,1818.70,51.43801383,7.47951650,286.47,16.61,0.33,240.93,1,-99.00,-10.00,1.00,6.00,31.00,21.00,13417219,440
175.06,1547616016,1835.29,51.43793743,7.47928861,286.40,16.60,-0.01,241.14,1,-92.00,-8.00,9.00,10.00,33.00,21.00,13417219,440
176.05,1547616017,1851.88,51.43786834,7.47908075,286.22,16.60,-0.01,241.77,1,-92.00,-8.00,9.00,10.00,33.00,21.00,13417219,440
177.06,1547616018,1868.49,51.43780415,7.47888110,286.11,15.70,-0.89,242.26,1,-88.00,-7.00,13.00,12.00,37.00,21.00,13417219,440
178.05,1547616019,1884.18,51.43774103,7.47868337,286.00,15.88,0.18,241.78,1,-88.00,-7.00,13.00,12.00,37.00,21.00,13417219,440
179.05,1547616020,1900.06,51.43767345,7.47847902,285.88,16.07,0.19,241.83,1,-94.00,-8.00,10.00,8.00,32.00,21.00,13417219,440
180.06,1547616021,1916.14,51.43760675,7.47827408,285.72,15.78,-0.29,241.92,1,-94.00,-8.00,10.00,8.00,32.00,21.00,13417219,440
181.06,1547616022,1931.97,51.43753763,7.47806516,285.33,15.96,0.18,242.67,1,-96.00,-9.00,0.00,8.00,31.00,21.00,13417219,440
182.05,1547616023,1947.83,51.43747229,7.47785857,285.27,15.64,-0.33,242.89,1,-96.00,-9.00,0.00,8.00,31.00,21.00,13417219,440
183.06,1547616024,1963.61,51.43740910,7.47766219,285.20,15.24,-0.40,242.95,1,-90.00,-9.00,3.00,6.00,37.00,19.00,13523715,6
184.05,1547616025,1978.71,51.43734724,7.47746979,285.17,15.17,-0.07,242.85,1,-90.00,-9.00,3.00,6.00,37.00,19.00,13523715,6
185.05,1547616026,1993.88,51.43728733,7.47728495,285.45,14.78,-0.39,242.03,1,-90.00,-9.00,3.00,6.00,37.00,19.00,13523715,6
186.05,1547616027,2008.67,51.43722965,7.47710445,285.59,14.11,-0.67,243.16,1,-92.00,-11.00,10.00,15.00,38.00,19.00,13523715,6
187.05,1547616028,2022.79,51.43718137,7.47692046,285.93,13.01,-1.10,245.38,1,-92.00,-11.00,10.00,15.00,38.00,19.00,13523715,6
188.05,1547616029,2035.81,51.43714408,7.47674954,286.49,12.18,-0.83,249.23,1,-89.00,-8.00,5.00,11.00,37.00,19.00,13523715,6
189.05,1547616030,2047.98,51.43713553,7.47657524,286.97,11.07,-1.11,265.64,1,-89.00,-8.00,5.00,11.00,37.00,19.00,13523715,6
190.05,1547616031,2059.06,51.43715683,7.47641707,287.66,9.51,-1.56,283.79,1,-92.00,-8.00,14.00,10.00,35.00,19.00,13523715,6
191.05,1547616032,2068.57,51.43719643,7.47630302,288.42,8.78,-0.73,298.35,1,-92.00,-8.00,14.00,10.00,35.00,19.00,13523715,6
192.05,1547616033,2077.33,51.43726345,7.47620498,289.15,8.48,-0.30,319.51,1,-93.00,-7.00,12.00,10.00,33.00,19.00,13523715,6
193.05,1547616034,2085.80,51.43734691,7.47615175,289.44,8.67,0.19,344.61,1,-93.00,-7.00,12.00,10.00,33.00,19.00,13523715,6
194.05,1547616035,2094.50,51.43743676,7.47615948,289.65,8.27,-0.40,4.76,1,-91.00,-11.00,11.00,9.00,38.00,19.00,13523715,6
195.05,1547616036,2102.77,51.43751992,7.47622600,289.78,9.40,1.13,30.17,1,-91.00,-11.00,11.00,9.00,38.00,19.00,13523715,6
196.05,1547616037,2112.16,51.43759052,7.47632062,290.27,10.09,0.69,44.99,1,-97.00,-8.00,10.00,11.00,30.00,19.00,13523715,6
197.05,1547616038,2122.25,51.43767055,7.47646287,290.36,11.18,1.09,48.88,1,-97.00,-8.00,10.00,11.00,30.00,19.00,13523715,6
198.05,1547616039,2133.43,51.43775019,7.47661443,290.16,11.88,0.71,51.57,1,-95.00,-8.00,4.00,15.00,32.00,19.00,13523715,6
199.05,1547616040,2145.31,51.43781770,7.47675862,290.32,12.89,1.01,53.04,1,-95.00,-8.00,4.00,15.00,32.00,19.00,13523715,6
200.06,1547616041,2158.21,51.43789536,7.47691910,290.36,14.51,1.61,53.81,1,-97.00,-7.00,6.00,9.00,30.00,19.00,13523715,6
201.06,1547616042,2172.74,51.43797587,7.47708982,290.55,15.74,1.23,54.16,1,-97.00,-7.00,6.00,9.00,30.00,19.00,13523715,6
202.05,1547616043,2188.39,51.43806231,7.47727493,291.02,16.81,1.08,54.57,1,-97.00,-12.00,8.00,10.00,34.00,19.00,13523715,6
203.05,1547616044,2205.22,51.43814952,7.47747434,291.54,17.77,0.96,55.41,1,-97.00,-12.00,8.00,10.00,34.00,19.00,13523715,6
204.06,1547616045,2223.19,51.43824402,7.47769053,292.02,18.72,0.94,55.99,1,-101.00,-13.00,5.00,6.00,31.00,19.00,13523715,6
205.06,1547616046,2241.75,51.43834104,7.47792205,292.25,19.53,0.82,56.48,1,-101.00,-13.00,5.00,6.00,31.00,19.00,13523715,6
206.05,1547616047,2261.27,51.43845086,7.47818597,291.79,19.59,0.06,56.95,1,-101.00,-13.00,5.00,6.00,31.00,19.00,13523715,6
207.06,1547616048,2280.87,51.43855526,7.47844192,291.33,21.16,1.57,57.02,1,-99.00,-8.00,-5.00,8.00,26.00,19.00,13523715,6
208.05,1547616049,2302.02,51.43865127,7.47867748,290.64,21.94,0.78,57.34,1,-99.00,-8.00,-5.00,8.00,26.00,19.00,13523715,6
209.05,1547616050,2323.96,51.43875778,7.47893989,289.77,23.01,1.07,57.01,1,-103.00,-11.00,-2.00,8.00,25.00,19.00,13523715,6
210.05,1547616051,2346.97,51.43887552,7.47922150,289.22,23.58,0.58,57.46,1,-103.00,-11.00,-2.00,8.00,25.00,19.00,13523715,6
211.06,1547616052,2370.57,51.43899436,7.47950340,288.81,23.81,0.22,57.25,1,-103.00,-9.00,-3.00,9.00,24.00,19.00,13523715,6
212.06,1547616053,2394.38,51.43911668,7.47979578,288.72,24.52,0.71,56.56,1,-103.00,-9.00,-3.00,9.00,24.00,19.00,13523715,6
213.06,1547616054,2418.90,51.43924457,7.48010023,288.66,24.93,0.41,56.25,1,-101.00,-7.00,-4.00,6.00,26.00,22.00,13417219,440
214.05,1547616055,2443.81,51.43937040,7.48040162,288.62,24.89,-0.04,55.70,1,-101.00,-7.00,-4.00,6.00,26.00,22.00,13417219,440
215.05,1547616056,2468.70,51.43950616,7.48069529,288.51,24.71,-0.18,54.31,1,-104.00,-8.00,5.00,7.00,24.00,22.00,13417219,440
216.05,1547616057,2493.42,51.43963456,7.48097437,288.13,24.79,0.07,53.87,1,-104.00,-8.00,5.00,7.00,24.00,22.00,13417219,440
217.05,1547616058,2518.21,51.43976836,7.48124407,287.66,24.33,-0.46,51.89,1,-106.00,-9.00,5.00,8.00,23.00,22.00,13417219,440
218.05,1547616059,2542.53,51.43990310,7.48151895,287.21,24.24,-0.09,51.13,1,-106.00,-9.00,5.00,8.00,23.00,22.00,13417219,440
219.06,1547616060,2566.80,51.44003836,7.48178956,286.89,24.33,0.09,51.56,1,-108.00,-11.00,4.00,7.00,22.00,22.00,13417219,440
220.06,1547616061,2591.12,51.44019344,7.48205482,286.62,24.54,0.21,47.06,1,-108.00,-11.00,4.00,7.00,22.00,22.00,13417219,440
221.06,1547616062,2615.71,51.44035441,7.48231242,286.46,24.76,0.22,45.41,1,-112.00,-15.00,-3.00,5.00,23.00,22.00,13417219,440
222.06,1547616063,2640.50,51.44051902,7.48254617,286.31,24.79,0.02,42.03,1,-112.00,-15.00,-3.00,5.00,23.00,22.00,13417219,440
223.06,1547616064,2665.26,51.44068372,7.48277976,286.15,24.58,-0.20,41.69,1,-113.00,-16.00,-5.00,5.00,22.00,22.00,13417219,440
224.06,1547616065,2689.85,51.44085747,7.48300711,286.01,24.48,-0.11,40.43,1,-113.00,-16.00,-5.00,5.00,22.00,22.00,13417219,440
225.06,1547616066,2714.30,51.44103585,7.48322700,285.93,24.50,0.02,38.89,1,-106.00,-11.00,-3.00,7.00,23.00,22.00,13415426,265
226.05,1547616067,2738.72,51.44121945,7.48343751,285.99,24.24,-0.26,36.98,1,-106.00,-11.00,-3.00,7.00,23.00,22.00,13415426,265
227.06,1547616068,2763.23,51.44140781,7.48364086,286.30,24.36,0.12,34.91,1,-106.00,-12.00,-1.00,7.00,24.00,22.00,13415426,265
228.06,1547616069,2787.39,51.44159283,7.48383103,286.25,24.50,0.14,32.82,1,-106.00,-12.00,-1.00,7.00,24.00,22.00,13415426,265
229.11,1547616070,2813.11,51.44177279,7.48402092,285.68,24.30,-0.19,31.85,1,-107.00,-15.00,-1.00,7.00,27.00,22.00,13415426,265
230.06,1547616071,2836.22,51.44196351,7.48419655,285.09,24.49,0.20,29.47,1,-107.00,-15.00,-1.00,7.00,27.00,22.00,13415426,265
231.06,1547616072,2860.69,51.44215412,7.48436189,284.41,24.60,0.11,27.78,1,-107.00,-15.00,-1.00,7.00,27.00,22.00,13415426,265
232.06,1547616073,2885.29,51.44234381,7.48452696,283.46,24.99,0.38,26.80,1,-108.00,-16.00,-3.00,5.00,23.00,22.00,13415426,265
233.05,1547616074,2910.18,51.44253331,7.48468177,282.22,25.14,0.16,25.82,1,-108.00,-16.00,-3.00,5.00,23.00,22.00,13415426,265
234.06,1547616075,2935.47,51.44272578,7.48483511,281.02,24.98,-0.16,24.85,1,-117.00,-18.00,-7.00,4.00,21.00,18.00,13415170,265
235.06,1547616076,2960.45,51.44292130,7.48498016,279.81,25.15,0.17,24.06,1,-117.00,-18.00,-7.00,4.00,21.00,18.00,13415170,265
236.06,1547616077,2985.61,51.44311793,7.48512421,278.68,25.07,-0.08,23.63,1,-106.00,-18.00,-6.00,4.00,24.00,18.00,13415170,315
237.06,1547616078,3010.68,51.44331981,7.48526494,277.65,24.92,-0.15,22.97,1,-106.00,-18.00,-6.00,4.00,24.00,18.00,13415170,315
238.06,1547616079,3035.58,51.44351580,7.48540131,276.63,24.03,-0.89,22.62,1,-109.00,-16.00,-7.00,7.00,23.00,18.00,13415170,315
239.06,1547616080,3059.61,51.44369652,7.48552753,275.59,22.65,-1.38,22.03,1,-109.00,-16.00,-7.00,7.00,23.00,18.00,13415170,315
240.06,1547616081,3082.31,51.44387024,7.48563840,274.65,20.90,-1.74,21.29,1,-108.00,-18.00,-7.00,4.00,23.00,18.00,13415170,315
241.06,1547616082,3103.21,51.44403687,7.48574414,273.82,19.60,-1.31,20.91,1,-108.00,-18.00,-7.00,4.00,23.00,18.00,13415170,315
242.05,1547616083,3122.71,51.44419719,7.48584545,273.11,18.69,-0.90,20.73,1,-107.00,-16.00,-6.00,5.00,24.00,80.00,13067273,315
243.05,1547616084,3141.40,51.44434907,7.48594769,272.58,17.20,-1.49,22.30,1,-107.00,-16.00,-6.00,5.00,24.00,80.00,13067273,315
244.06,1547616085,3158.66,51.44448974,7.48605875,272.15,15.78,-1.42,26.18,1,-115.00,-10.00,-3.00,8.00,14.00,80.00,13067273,288
245.06,1547616086,3174.44,51.44459054,7.48621124,271.92,14.73,-1.06,44.13,1,-115.00,-10.00,-3.00,8.00,14.00,80.00,13067273,288
246.05,1547616087,3189.13,51.44468410,7.48636725,271.75,13.89,-0.84,47.41,1,-114.00,-8.00,1.00,9.00,12.00,80.00,13067273,288
247.06,1547616088,3203.04,51.44473333,7.48655733,271.47,13.17,-0.73,67.96,1,-114.00,-8.00,1.00,9.00,12.00,80.00,13067273,288
248.05,1547616089,3216.19,51.44475264,7.48675805,271.05,13.24,0.07,85.30,1,-115.00,-8.00,1.00,6.00,10.00,80.00,13067273,288
249.06,1547616090,3229.44,51.44473446,7.48694957,270.73,13.50,0.26,101.15,1,-115.00,-8.00,1.00,6.00,10.00,80.00,13067273,288
250.06,1547616091,3243.04,51.44468664,7.48714802,270.57,13.87,0.37,115.15,1,-117.00,-8.00,3.00,8.00,9.00,26.00,13417219,288
251.06,1547616092,3256.81,51.44461305,7.48730610,270.45,14.43,0.56,128.59,1,-117.00,-8.00,3.00,8.00,9.00,26.00,13417219,288
252.06,1547616093,3271.24,51.44452212,7.48743006,269.88,14.28,-0.15,144.29,1,-117.00,-8.00,3.00,8.00,9.00,26.00,13417219,288
253.05,1547616094,3285.51,51.44439771,7.48751737,268.61,14.30,0.02,159.38,1,-117.00,-16.00,-3.00,3.00,16.00,26.00,13417219,440
254.05,1547616095,3299.82,51.44427194,7.48754443,267.37,14.08,-0.22,176.60,1,-117.00,-16.00,-3.00,3.00,16.00,26.00,13417219,440
255.06,1547616096,3313.93,51.44413828,7.48752191,266.49,13.68,-0.40,191.64,1,-118.00,-21.00,-11.00,1.00,22.00,26.00,13417219,440
256.06,1547616097,3327.61,51.44401992,7.48743696,265.60,14.16,0.48,207.76,1,-118.00,-21.00,-11.00,1.00,22.00,26.00,13417219,440
257.06,1547616098,3341.78,51.44391554,7.48730164,265.16,14.68,0.52,222.27,1,-117.00,-18.00,-11.00,1.00,18.00,26.00,13417219,440
258.06,1547616099,3356.47,51.44380997,7.48714405,264.98,14.84,0.16,226.33,1,-117.00,-18.00,-11.00,1.00,18.00,26.00,13417219,440
259.06,1547616100,3371.31,51.44377013,7.48694342,264.47,15.09,0.25,255.00,1,-117.00,-19.00,-12.00,1.00,18.00,26.00,13417219,440
260.06,1547616101,3386.40,51.44374137,7.48671855,264.10,15.64,0.55,258.96,1,-117.00,-19.00,-12.00,1.00,18.00,26.00,13417219,440
261.06,1547616102,3402.05,51.44372871,7.48647883,264.13,16.44,0.80,262.36,1,-117.00,-17.00,-11.00,1.00,17.00,26.00,13417219,440
262.06,1547616103,3418.50,51.44372086,7.48622241,264.40,17.22,0.78,264.28,1,-117.00,-17.00,-11.00,1.00,17.00,26.00,13417219,440
263.06,1547616104,3435.72,51.44371532,7.48595902,264.78,18.23,1.01,265.50,1,-117.00,-20.00,-13.00,1.00,23.00,26.00,13417219,440
264.06,1547616105,3453.95,51.44370662,7.48569165,265.29,19.07,0.83,266.26,1,-117.00,-20.00,-13.00,1.00,23.00,26.00,13417219,440
265.06,1547616106,3473.02,51.44369500,7.48538827,265.49,22.45,3.38,265.53,1,-120.00,-17.00,-14.00,1.00,15.00,26.00,13417219,440
266.06,1547616107,3495.47,51.44367952,7.48507552,265.86,20.93,-1.51,266.22,1,-120.00,-17.00,-14.00,1.00,15.00,26.00,13417219,440
267.06,1547616108,3516.38,51.44367058,7.48475835,266.19,21.74,0.81,267.31,1,-116.00,-14.00,-16.00,6.00,18.00,21.00,13415426,265
268.06,1547616109,3538.12,51.44367024,7.48443805,266.84,22.73,0.99,269.17,1,-116.00,-14.00,-16.00,6.00,18.00,21.00,13415426,265
269.06,1547616110,3560.85,51.44367020,7.48410414,266.98,23.59,0.86,269.27,1,-106.00,-17.00,-6.00,4.00,23.00,21.00,13415426,265
270.06,1547616111,3584.44,51.44367086,7.48376204,266.81,24.61,1.02,268.87,1,-106.00,-17.00,-6.00,4.00,23.00,21.00,13415426,265
271.07,1547616112,3609.29,51.44367313,7.48341133,266.72,25.24,0.62,268.52,1,-112.00,-15.00,-7.00,4.00,21.00,21.00,13415426,265
272.06,1547616113,3634.35,51.44367431,7.48305544,266.62,26.04,0.81,267.73,1,-112.00,-15.00,-7.00,4.00,21.00,21.00,13415426,265
273.06,1547616114,3660.40,51.44367027,7.48268029,266.49,26.77,0.73,267.22,1,-112.00,-15.00,-7.00,4.00,21.00,21.00,13415426,265
274.06,1547616115,3687.19,51.44366270,7.48229784,266.33,27.64,0.86,266.43,1,-110.00,-13.00,-5.00,4.00,19.00,21.00,13415426,265
275.06,1547616116,3714.80,51.44365671,7.48190938,266.18,28.26,0.63,266.10,1,-110.00,-13.00,-5.00,4.00,19.00,21.00,13415426,265
276.06,1547616117,3743.09,51.44364268,7.48149399,266.08,28.91,0.65,266.15,1,-108.00,-14.00,-3.00,5.00,24.00,21.00,13415426,265
277.06,1547616118,3771.98,51.44362880,7.48107339,266.04,29.72,0.81,265.84,1,-108.00,-14.00,-3.00,5.00,24.00,21.00,13415426,265
278.06,1547616119,3801.73,51.44361036,7.48064613,265.95,30.35,0.62,265.36,1,-113.00,-15.00,-4.00,4.00,21.00,21.00,13415426,265
279.06,1547616120,3832.14,51.44358994,7.48021251,265.66,30.80,0.46,264.37,1,-113.00,-15.00,-4.00,4.00,21.00,21.00,13415426,265
280.06,1547616121,3862.91,51.44355715,7.47977046,265.44,31.54,0.74,262.81,1,-109.00,-14.00,-3.00,6.00,23.00,21.00,13415426,265
281.06,1547616122,3894.42,51.44352224,7.47931856,265.16,32.04,0.50,262.25,1,-109.00,-14.00,-3.00,6.00,23.00,21.00,13415426,265
282.06,1547616123,3926.46,51.44348538,7.47886024,264.85,32.62,0.58,262.45,1,-106.00,-14.00,-5.00,4.00,26.00,21.00,13415426,265
283.06,1547616124,3959.12,51.44344740,7.47839545,264.51,32.70,0.07,262.44,1,-106.00,-14.00,-5.00,4.00,26.00,21.00,13415426,265
284.06,1547616125,3991.85,51.44340933,7.47793115,264.12,32.52,-0.18,262.40,1,-103.00,-13.00,1.00,7.00,28.00,21.00,13415426,265
285.06,1547616126,4024.18,51.44337161,7.47747205,263.57,31.88,-0.64,261.94,1,-103.00,-13.00,1.00,7.00,28.00,21.00,13415426,265
286.05,1547616127,4055.96,51.44333029,7.47702068,262.94,31.86,-0.03,261.77,1,-102.00,-12.00,4.00,6.00,27.00,21.00,13415426,265
287.05,1547616128,4087.79,51.44328967,7.47657172,262.26,31.72,-0.14,261.85,1,-102.00,-12.00,4.00,6.00,27.00,21.00,13415426,265
288.06,1547616129,4119.60,51.44324952,7.47612076,261.46,31.97,0.25,261.49,1,-108.00,-14.00,4.00,7.00,24.00,21.00,13415426,265
289.06,1547616130,4151.57,51.44320340,7.47566621,260.80,32.01,0.04,260.60,1,-108.00,-14.00,4.00,7.00,24.00,21.00,13415426,265
290.06,1547616131,4183.59,51.44315218,7.47521327,260.22,31.76,-0.25,259.46,1,-106.00,-12.00,2.00,6.00,23.00,21.00,13415426,265
291.06,1547616132,4215.35,51.44309986,7.47476167,259.65,31.28,-0.48,258.59,1,-106.00,-12.00,2.00,6.00,23.00,21.00,13415426,265
292.06,1547616133,4246.88,51.44304659,7.47430890,259.05,31.47,0.18,258.77,1,-108.00,-14.00,0.00,5.00,27.00,21.00,13415426,265
293.05,1547616134,4278.00,51.44299141,7.47386259,258.43,31.62,0.16,258.54,1,-108.00,-14.00,0.00,5.00,27.00,21.00,13415426,265
294.05,1547616135,4309.62,51.44293510,7.47341019,257.77,31.87,0.25,258.99,1,-108.00,-14.00,0.00,5.00,27.00,21.00,13415426,265
295.06,1547616136,4341.55,51.44287779,7.47295359,257.08,32.26,0.39,258.87,1,-98.00,-14.00,-3.00,14.00,33.00,21.00,13415426,265
296.05,1547616137,4373.78,51.44282055,7.47249261,256.32,32.26,-0.01,258.50,1,-98.00,-14.00,-3.00,14.00,33.00,21.00,13415426,265
297.06,1547616138,4406.07,51.44275632,7.47203878,255.56,32.10,-0.16,257.94,1,-107.00,-14.00,2.00,9.00,25.00,21.00,13415426,265
298.06,1547616139,4438.20,51.44269236,7.47158241,254.77,32.15,0.05,257.40,1,-107.00,-14.00,2.00,9.00,25.00,21.00,13415426,265
299.06,1547616140,4470.32,51.44262827,7.47112126,253.94,32.50,0.35,257.62,1,-106.00,-13.00,6.00,9.00,26.00,21.00,13415426,265
300.06,1547616141,4502.82,51.44256320,7.47065850,253.08,32.87,0.37,257.62,1,-106.00,-13.00,6.00,9.00,26.00,21.00,13415426,265
301.06,1547616142,4535.82,51.44249764,7.47018913,252.18,33.27,0.40,257.39,1,-108.00,-14.00,1.00,6.00,28.00,21.00,13415426,265
302.05,1547616143,4568.92,51.44243238,7.46971167,251.22,34.05,0.78,256.98,1,-108.00,-14.00,1.00,6.00,28.00,21.00,13415426,265
303.05,1547616144,4602.97,51.44236474,7.46922208,250.03,34.61,0.56,257.57,1,-105.00,-12.00,5.00,13.00,27.00,21.00,13415426,265
304.06,1547616145,4637.62,51.44229809,7.46872643,248.84,34.94,0.33,258.19,1,-105.00,-12.00,5.00,13.00,27.00,21.00,13415426,265
305.06,1547616146,4672.60,51.44223291,7.46822954,247.67,35.61,0.66,258.21,1,-108.00,-13.00,6.00,6.00,24.00,21.00,13415426,265
306.06,1547616147,4708.17,51.44216821,7.46772904,246.50,35.81,0.21,258.61,1,-108.00,-13.00,6.00,6.00,24.00,21.00,13415426,265
307.06,1547616148,4744.06,51.44210707,7.46723273,245.54,36.03,0.22,258.79,1,-114.00,-14.00,4.00,4.00,20.00,21.00,13415426,265
308.06,1547616149,4780.05,51.44205166,7.46673033,244.70,36.04,0.01,259.59,1,-114.00,-14.00,4.00,4.00,20.00,21.00,13415426,265
309.06,1547616150,4816.10,51.44199407,7.46621773,243.84,35.92,-0.12,260.01,1,-113.00,-15.00,-1.00,7.00,20.00,21.00,13415426,265
310.06,1547616151,4851.98,51.44193864,7.46571320,243.12,35.96,0.04,260.50,1,-113.00,-15.00,-1.00,7.00,20.00,21.00,13415426,265
311.06,1547616152,4887.97,51.44188508,7.46520324,242.35,35.88,-0.08,260.52,1,-113.00,-16.00,-6.00,3.00,24.00,21.00,13415426,265
312.05,1547616153,4923.78,51.44184206,7.46470707,241.67,35.13,-0.74,261.65,1,-113.00,-16.00,-6.00,3.00,24.00,21.00,13415426,265
313.07,1547616154,4959.30,51.44179979,7.46420533,240.82,34.92,-0.21,262.64,1,-117.00,-15.00,-14.00,4.00,18.00,21.00,13415426,265
314.06,1547616155,4993.98,51.44176420,7.46371101,240.08,34.88,-0.04,263.08,1,-117.00,-15.00,-14.00,4.00,18.00,21.00,13415426,265
315.06,1547616156,5028.90,51.44173029,7.46321533,239.51,34.92,0.03,263.76,1,-117.00,-15.00,-14.00,4.00,18.00,21.00,13415426,265
316.05,1547616157,5063.64,51.44170104,7.46271132,238.99,35.13,0.22,264.17,1,-108.00,-15.00,-16.00,1.00,29.00,13.00,13415427,264
317.05,1547616158,5098.77,51.44167157,7.46220380,238.40,35.19,0.06,264.63,1,-108.00,-15.00,-16.00,1.00,29.00,13.00,13415427,264
318.06,1547616159,5134.03,51.44164699,7.46169323,237.72,35.32,0.13,265.31,1,-100.00,-15.00,-16.00,1.00,34.00,13.00,13415427,264
319.05,1547616160,5169.28,51.44162313,7.46118428,237.13,35.48,0.16,265.84,1,-100.00,-15.00,-16.00,1.00,34.00,13.00,13415427,264
320.06,1547616161,5204.80,51.44160422,7.46067202,236.65,35.72,0.24,266.45,1,-92.00,-21.00,-8.00,1.00,36.00,13.00,13415427,264
321.06,1547616162,5240.56,51.44158511,7.46015799,236.17,35.94,0.22,267.04,1,-92.00,-21.00,-8.00,1.00,36.00,13.00,13415427,264
322.06,1547616163,5276.61,51.44157279,7.45963863,235.83,36.14,0.20,267.80,1,-103.00,-14.00,-4.00,9.00,30.00,13.00,13415427,264
323.06,1547616164,5312.79,51.44156103,7.45911879,235.53,36.30,0.16,268.19,1,-103.00,-14.00,-4.00,9.00,30.00,13.00,13415427,264
324.06,1547616165,5348.91,51.44155520,7.45859366,235.27,36.55,0.25,268.91,1,-100.00,-14.00,2.00,8.00,33.00,13.00,13415427,264
325.06,1547616166,5385.46,51.44154991,7.45806485,235.09,36.68,0.13,269.50,1,-100.00,-14.00,2.00,8.00,33.00,13.00,13415427,264
326.06,1547616167,5422.17,51.44154535,7.45753695,234.85,36.81,0.13,269.85,1,-99.00,-17.00,-2.00,6.00,33.00,13.00,13415427,264
327.06,1547616168,5459.28,51.44154639,7.45699947,234.59,37.06,0.25,270.26,1,-99.00,-17.00,-2.00,6.00,33.00,13.00,13415427,264
328.05,1547616169,5495.90,51.44155032,7.45647344,234.21,37.16,0.10,270.38,1,-109.00,-13.00,1.00,6.00,23.00,13.00,13415427,264
329.05,1547616170,5533.06,51.44155375,7.45594411,233.82,37.09,-0.07,270.51,1,-109.00,-13.00,1.00,6.00,23.00,13.00,13415427,264
330.05,1547616171,5570.23,51.44156314,7.45542025,233.48,36.15,-0.94,271.53,1,-101.00,-12.00,8.00,12.00,31.00,13.00,13415427,264
331.05,1547616172,5606.38,51.44157311,7.45490958,233.18,35.21,-0.94,272.32,1,-101.00,-12.00,8.00,12.00,31.00,13.00,13415427,264
332.06,1547616173,5641.73,51.44159140,7.45439854,233.07,35.04,-0.17,273.25,1,-101.00,-14.00,-1.00,7.00,30.00,13.00,13415427,264
333.06,1547616174,5676.81,51.44160959,7.45389364,232.84,35.21,0.17,273.77,1,-101.00,-14.00,-1.00,7.00,30.00,13.00,13415427,264
334.07,1547616175,5712.37,51.44163583,7.45338236,232.71,35.39,0.17,274.68,1,-100.00,-12.00,-4.00,4.00,29.00,13.00,13415427,264
335.06,1547616176,5747.48,51.44166217,7.45287538,232.27,35.64,0.25,275.32,1,-100.00,-12.00,-4.00,4.00,29.00,13.00,13415427,264
336.06,1547616177,5783.11,51.44169525,7.45236406,231.95,35.60,-0.03,275.73,1,-100.00,-12.00,-4.00,4.00,29.00,13.00,13415427,264
337.06,1547616178,5818.61,51.44172981,7.45186410,231.49,35.16,-0.44,276.40,1,-111.00,-14.00,-9.00,5.00,22.00,13.00,13415427,264
338.06,1547616179,5853.85,51.44176877,7.45136703,231.08,34.95,-0.22,276.89,1,-111.00,-14.00,-9.00,5.00,22.00,13.00,13415427,264
339.06,1547616180,5888.79,51.44180720,7.45086998,230.71,34.89,-0.06,277.20,1,-106.00,-13.00,1.00,9.00,27.00,13.00,13415427,264
340.06,1547616181,5923.75,51.44184723,7.45036965,230.32,34.96,0.07,277.83,1,-106.00,-13.00,1.00,9.00,27.00,13.00,13415427,264
341.06,1547616182,5958.47,51.44189404,7.44986954,229.98,35.12,0.16,278.01,1,-103.00,-13.00,6.00,9.00,28.00,13.00,13415427,264
342.05,1547616183,5993.48,51.44193945,7.44936788,229.59,35.33,0.21,278.20,1,-103.00,-13.00,6.00,9.00,28.00,13.00,13415427,264
343.06,1547616184,6028.99,51.44198588,7.44886173,229.23,35.63,0.30,278.66,1,-107.00,-13.00,8.00,9.00,25.00,13.00,13415427,264
344.05,1547616185,6064.52,51.44204065,7.44835106,228.84,35.71,0.08,279.38,1,-107.00,-13.00,8.00,9.00,25.00,13.00,13415427,264
345.05,1547616186,6100.23,51.44209421,7.44785144,228.46,35.22,-0.50,280.09,1,-92.00,-11.00,14.00,11.00,37.00,13.00,13415427,264
346.06,1547616187,6135.48,51.44215412,7.44736438,228.22,34.43,-0.78,281.29,1,-92.00,-11.00,14.00,11.00,37.00,13.00,13415427,264
347.05,1547616188,6169.85,51.44221454,7.44688228,228.01,34.33,-0.10,281.54,1,-102.00,-12.00,14.00,6.00,30.00,13.00,13415427,264
348.06,1547616189,6204.25,51.44228014,7.44639673,227.86,34.46,0.13,281.92,1,-102.00,-12.00,14.00,6.00,30.00,13.00,13415427,264
349.06,1547616190,6238.71,51.44234724,7.44590760,227.59,34.59,0.13,282.65,1,-106.00,-14.00,9.00,11.00,26.00,13.00,13415427,264
350.06,1547616191,6273.30,51.44241482,7.44541888,227.27,34.82,0.23,282.77,1,-106.00,-14.00,9.00,11.00,26.00,13.00,13415427,264
351.06,1547616192,6308.19,51.44248378,7.44492471,226.90,35.06,0.24,283.14,1,-109.00,-15.00,3.00,6.00,25.00,13.00,13415427,264
352.06,1547616193,6343.21,51.44256055,7.44443434,226.54,35.03,-0.03,284.12,1,-109.00,-15.00,3.00,6.00,25.00,13.00,13415427,264
353.06,1547616194,6378.32,51.44263781,7.44394309,226.11,35.08,0.05,284.22,1,-109.00,-15.00,1.00,6.00,24.00,13.00,13415427,264
354.06,1547616195,6413.37,51.44271752,7.44345250,225.70,35.22,0.14,284.71,1,-109.00,-15.00,1.00,6.00,24.00,13.00,13415427,264
355.07,1547616196,6448.91,51.44280345,7.44295956,225.34,35.49,0.27,285.24,1,-110.00,-15.00,-1.00,5.00,24.00,13.00,13415427,264
356.06,1547616197,6484.08,51.44289178,7.44245924,225.06,35.99,0.50,285.66,1,-110.00,-15.00,-1.00,5.00,24.00,13.00,13415427,264
357.06,1547616198,6520.33,51.44298044,7.44195863,224.67,36.15,0.16,286.02,1,-110.00,-15.00,-1.00,5.00,24.00,13.00,13415427,264
358.06,1547616199,6556.26,51.44307698,7.44145111,224.33,36.73,0.58,286.79,1,-113.00,-16.00,-2.00,3.00,23.00,13.00,13415427,264
359.06,1547616200,6593.02,51.44317450,7.44094270,224.06,37.07,0.34,287.10,1,-113.00,-16.00,-2.00,3.00,23.00,13.00,13415427,264
360.06,1547616201,6629.95,51.44327350,7.44042820,223.77,37.42,0.35,287.55,1,-107.00,-11.00,-5.00,6.00,21.00,26.00,13246978,264
361.06,1547616202,6667.37,51.44337917,7.43992008,223.10,37.53,0.11,288.36,1,-107.00,-11.00,-5.00,6.00,21.00,26.00,13246978,264
362.06,1547616203,6704.94,51.44348601,7.43940814,222.20,37.34,-0.19,288.86,1,-106.00,-14.00,2.00,8.00,27.00,26.00,13246978,157
363.06,1547616204,6742.24,51.44359808,7.43890951,221.11,36.92,-0.42,289.37,1,-106.00,-14.00,2.00,8.00,27.00,26.00,13246978,157
364.05,1547616205,6779.12,51.44371032,7.43841394,219.86,36.58,-0.33,289.95,1,-107.00,-14.00,2.00,7.00,26.00,26.00,13246978,157
365.06,1547616206,6815.78,51.44382247,7.43792316,218.46,36.52,-0.06,290.25,1,-107.00,-14.00,2.00,7.00,26.00,26.00,13246978,157
366.06,1547616207,6852.37,51.44394403,7.43743139,217.04,36.44,-0.08,291.09,1,-108.00,-14.00,0.00,7.00,25.00,26.00,13246978,157
367.06,1547616208,6888.81,51.44406659,7.43693691,215.65,36.72,0.28,291.40,1,-108.00,-14.00,0.00,7.00,25.00,26.00,13246978,157
368.06,1547616209,6925.50,51.44419540,7.43643508,214.43,36.99,0.27,292.24,1,-110.00,-15.00,0.00,6.00,24.00,26.00,13246978,157
369.06,1547616210,6962.45,51.44432487,7.43591965,213.35,37.46,0.47,292.71,1,-110.00,-15.00,0.00,6.00,24.00,26.00,13246978,157
370.06,1547616211,6999.99,51.44445821,7.43541570,212.16,37.81,0.34,293.73,1,-109.00,-13.00,-1.00,6.00,23.00,67.00,13081346,264
371.06,1547616212,7037.76,51.44460177,7.43490361,211.09,38.60,0.79,294.88,1,-109.00,-13.00,-1.00,6.00,23.00,67.00,13081346,264
372.06,1547616213,7076.29,51.44474779,7.43438787,210.02,38.79,0.19,295.75,1,-97.00,-19.00,-5.00,3.00,35.00,67.00,13081346,211
373.06,1547616214,7115.07,51.44490367,7.43387897,209.23,39.21,0.42,296.57,1,-97.00,-19.00,-5.00,3.00,35.00,67.00,13081346,211
374.06,1547616215,7154.36,51.44506259,7.43336644,208.52,39.39,0.18,297.50,1,-110.00,-14.00,-4.00,7.00,24.00,67.00,13081346,211
375.06,1547616216,7193.67,51.44523781,7.43287141,207.88,39.03,-0.36,299.59,1,-110.00,-14.00,-4.00,7.00,24.00,67.00,13081346,211
376.06,1547616217,7232.89,51.44541811,7.43239224,207.26,38.48,-0.54,301.57,1,-109.00,-14.00,-3.00,5.00,22.00,33.00,13395457,111
377.06,1547616218,7271.30,51.44560509,7.43193504,206.80,38.01,-0.47,303.28,1,-109.00,-14.00,-3.00,5.00,22.00,33.00,13395457,111
378.06,1547616219,7309.27,51.44579778,7.43149146,206.15,37.28,-0.73,304.42,1,-109.00,-14.00,-3.00,5.00,22.00,33.00,13395457,111
379.06,1547616220,7346.51,51.44600583,7.43104953,205.17,37.23,-0.05,306.20,1,-109.00,-13.00,1.00,6.00,21.00,33.00,13395457,111
380.05,1547616221,7383.63,51.44620377,7.43062422,204.06,37.19,-0.04,306.40,1,-109.00,-13.00,1.00,6.00,21.00,33.00,13395457,111
381.05,1547616222,7420.86,51.44641700,7.43020729,202.79,37.69,0.50,309.22,1,-106.00,-11.00,4.00,11.00,23.00,33.00,13395457,111
382.05,1547616223,7458.48,51.44663889,7.42979744,201.54,37.68,-0.02,311.10,1,-106.00,-11.00,4.00,11.00,23.00,33.00,13395457,111
383.05,1547616224,7496.20,51.44686479,7.42938859,200.16,37.36,-0.32,311.51,1,-93.00,-12.00,7.00,9.00,38.00,33.00,13395457,111
384.05,1547616225,7533.52,51.44709129,7.42899994,198.63,37.79,0.43,313.36,1,-93.00,-12.00,7.00,9.00,38.00,33.00,13395457,111
385.05,1547616226,7571.34,51.44733286,7.42861529,197.03,37.92,0.13,315.31,1,-89.00,-8.00,8.00,15.00,36.00,33.00,13395457,111
386.05,1547616227,7609.30,51.44757131,7.42824216,195.54,37.75,-0.16,316.19,1,-89.00,-8.00,8.00,15.00,36.00,33.00,13395457,111
387.05,1547616228,7647.01,51.44781942,7.42789126,194.08,37.15,-0.60,318.38,1,-90.00,-5.00,13.00,11.00,34.00,33.00,13395457,111
388.05,1547616229,7684.20,51.44806772,7.42754304,192.51,37.32,0.17,319.26,1,-90.00,-5.00,13.00,11.00,34.00,33.00,13395457,111
389.05,1547616230,7721.52,51.44854580,7.43218480,190.75,37.33,0.01,320.77,1,-97.00,-6.00,11.00,11.00,28.00,33.00,13395457,111
390.06,1547616231,7758.89,51.44858306,7.42688387,189.09,37.68,0.36,322.77,1,-97.00,-6.00,11.00,11.00,28.00,33.00,13395457,111
391.05,1547616232,7796.53,51.44885837,7.42656767,187.46,38.10,0.42,324.44,1,-96.00,-6.00,12.00,12.00,29.00,33.00,13395457,111
392.05,1547616233,7834.60,51.44914328,7.42626141,185.71,38.61,0.50,326.18,1,-96.00,-6.00,12.00,12.00,29.00,33.00,13395457,111
393.06,1547616234,7873.51,51.44943839,7.42597429,183.97,38.66,0.05,328.88,1,-99.00,-12.00,-4.00,1.00,29.00,33.00,13395457,111
394.06,1547616235,7912.02,51.44973276,7.42569316,182.05,38.51,-0.15,329.87,1,-99.00,-12.00,-4.00,1.00,29.00,33.00,13395457,111
395.06,1547616236,7950.48,51.45002995,7.42543324,180.13,38.43,-0.07,331.51,1,-99.00,-15.00,-10.00,7.00,31.00,33.00,13395457,111
396.06,1547616237,7989.03,51.45032514,7.42517566,178.32,38.10,-0.33,332.28,1,-99.00,-15.00,-10.00,7.00,31.00,33.00,13395457,111
397.07,1547616238,8027.39,51.45063001,7.42493810,176.80,37.93,-0.17,334.41,1,-94.00,-12.00,-3.00,7.00,37.00,33.00,13395457,111
398.06,1547616239,8064.90,51.45093389,7.42470856,175.51,37.77,-0.16,335.41,1,-94.00,-12.00,-3.00,7.00,37.00,33.00,13395457,111
399.06,1547616240,8102.71,51.45124447,7.42449666,174.06,37.73,-0.04,336.86,1,-94.00,-12.00,-3.00,7.00,37.00,33.00,13395457,111
400.06,1547616241,8140.48,51.45155888,7.42431325,172.46,37.76,0.03,339.07,1,-94.00,-13.00,1.00,11.00,34.00,33.00,13395457,111
401.06,1547616242,8178.35,51.45187845,7.42412991,170.93,37.32,-0.44,339.59,1,-94.00,-13.00,1.00,11.00,34.00,33.00,13395457,111
402.06,1547616243,8215.48,51.45219535,7.42395536,169.50,37.07,-0.26,340.08,1,-96.00,-6.00,-1.00,6.00,28.00,45.00,13532162,198
403.06,1547616244,8252.59,51.45251260,7.42378267,168.29,37.06,-0.00,340.81,1,-96.00,-6.00,-1.00,6.00,28.00,45.00,13532162,198
404.06,1547616245,8289.62,51.45282944,7.42362449,167.17,36.69,-0.38,341.81,1,-92.00,-11.00,-3.00,6.00,36.00,15.00,13523459,175
405.05,1547616246,8326.27,51.45314541,7.42346584,166.18,36.82,0.14,342.27,1,-92.00,-11.00,-3.00,6.00,36.00,15.00,13523459,175
406.05,1547616247,8363.09,51.45346037,7.42331934,165.27,36.48,-0.35,343.08,1,-98.00,-13.00,0.00,6.00,34.00,18.00,13395457,111
407.05,1547616248,8399.57,51.45376915,7.42317572,164.31,35.77,-0.71,343.43,1,-98.00,-13.00,0.00,6.00,34.00,18.00,13395457,111
408.06,1547616249,8435.41,51.45407512,7.42303495,163.37,35.05,-0.71,343.19,1,-98.00,-10.00,1.00,9.00,32.00,18.00,13395457,111
409.06,1547616250,8470.53,51.45437845,7.42289397,162.49,34.96,-0.10,343.21,1,-98.00,-10.00,1.00,9.00,32.00,18.00,13395457,111
410.06,1547616251,8505.38,51.45468249,7.42275319,161.71,35.21,0.26,343.22,1,-93.00,-6.00,2.00,6.00,30.00,14.00,13523459,175
411.06,1547616252,8540.59,51.45498908,7.42261025,160.96,35.70,0.49,343.05,1,-93.00,-6.00,2.00,6.00,30.00,14.00,13523459,175
412.05,1547616253,8576.26,51.45529844,7.42246452,160.25,36.01,0.31,342.16,1,-87.00,-9.00,6.00,15.00,38.00,14.00,13523459,175
413.06,1547616254,8612.34,51.45560556,7.42231041,159.60,35.84,-0.17,342.06,1,-87.00,-9.00,6.00,15.00,38.00,14.00,13523459,175
414.05,1547616255,8648.04,51.45590863,7.42215792,159.05,35.04,-0.81,341.35,1,-85.00,-7.00,8.00,10.00,38.00,15.00,13523459,175
415.06,1547616256,8683.26,51.45620356,7.42199611,158.53,34.83,-0.20,340.58,1,-85.00,-7.00,8.00,10.00,38.00,15.00,13523459,175
416.06,1547616257,8718.02,51.45649645,7.42182749,158.07,34.69,-0.15,339.54,1,-88.00,-6.00,0.00,6.00,43.00,15.00,13523459,175
417.06,1547616258,8752.71,51.45678675,7.42165066,157.68,34.61,-0.08,338.53,1,-88.00,-6.00,0.00,6.00,43.00,15.00,13523459,175
418.07,1547616259,8787.66,51.45707284,7.42146465,157.27,34.58,-0.02,337.48,1,-94.00,-9.00,3.00,9.00,33.00,15.00,13523459,175
419.06,1547616260,8821.96,51.45735712,7.42127613,156.84,34.37,-0.21,336.16,1,-94.00,-9.00,3.00,9.00,33.00,15.00,13523459,175
420.06,1547616261,8856.33,51.45763929,7.42108776,156.43,33.92,-0.45,335.50,1,-94.00,-9.00,3.00,9.00,33.00,15.00,13523459,175
421.06,1547616262,8890.22,51.45791282,7.42088381,156.16,33.19,-0.72,334.30,1,-90.00,-7.00,11.00,15.00,34.00,15.00,13523459,175
422.06,1547616263,8923.44,51.45817875,7.42068204,155.97,32.40,-0.80,333.45,1,-90.00,-7.00,11.00,15.00,34.00,15.00,13523459,175
423.06,1547616264,8955.84,51.45843639,7.42047246,155.86,32.15,-0.25,332.67,1,-96.00,-11.00,-1.00,9.00,32.00,15.00,13523459,175
424.06,1547616265,8988.02,51.45869350,7.42026130,155.77,32.23,0.09,331.96,1,-96.00,-11.00,-1.00,9.00,32.00,15.00,13523459,175
425.06,1547616266,9020.15,51.45894272,7.42004168,155.61,32.23,-0.00,330.88,1,-99.00,-14.00,-2.00,9.00,33.00,15.00,13523459,175
426.06,1547616267,9052.41,51.45920295,7.41979758,155.47,32.67,0.44,329.63,1,-99.00,-14.00,-2.00,9.00,33.00,15.00,13523459,175
427.05,1547616268,9085.02,51.45946306,7.41955409,155.35,33.06,0.39,329.04,1,-93.00,-11.00,1.00,11.00,35.00,15.00,13523459,175
428.05,1547616269,9118.08,51.45971719,7.41930511,155.14,33.41,0.35,328.08,1,-93.00,-11.00,1.00,11.00,35.00,15.00,13523459,175
429.06,1547616270,9151.52,51.45996689,7.41905530,154.89,33.74,0.34,326.91,1,-88.00,-6.00,5.00,11.00,38.00,15.00,13523459,175
430.05,1547616271,9185.23,51.45861250,7.41471920,154.60,34.13,0.39,325.86,1,-88.00,-6.00,5.00,11.00,38.00,15.00,13523459,175
431.06,1547616272,9219.46,51.46047779,7.41850819,154.52,34.40,0.26,325.14,1,-90.00,-9.00,4.00,15.00,35.00,15.00,13523459,175
432.06,1547616273,9253.86,51.46072752,7.41822491,154.45,33.74,-0.66,324.17,1,-90.00,-9.00,4.00,15.00,35.00,15.00,13523459,175
433.06,1547616274,9287.56,51.46096673,7.41794089,154.49,33.23,-0.50,322.98,1,-89.00,-8.00,-1.00,6.00,38.00,9.00,13395457,111
434.05,1547616275,9320.66,51.46120504,7.41765752,154.33,33.03,-0.20,322.08,1,-89.00,-8.00,-1.00,6.00,38.00,9.00,13395457,111
435.06,1547616276,9353.79,51.46143860,7.41736024,154.13,33.43,0.39,321.01,1,-94.00,-11.00,3.00,6.00,35.00,9.00,13395457,111
436.06,1547616277,9387.22,51.46167322,7.41706025,153.87,33.57,0.14,320.18,1,-94.00,-11.00,3.00,6.00,35.00,9.00,13395457,111
437.06,1547616278,9420.83,51.46190374,7.41674966,153.88,33.75,0.18,319.95,1,-91.00,-8.00,2.00,13.00,34.00,9.00,13395457,111
438.06,1547616279,9454.58,51.46212657,7.41643534,154.10,32.79,-0.96,318.67,1,-91.00,-8.00,2.00,13.00,34.00,9.00,13395457,111
439.06,1547616280,9487.33,51.46234672,7.41611886,154.13,32.97,0.18,317.48,1,-90.00,-10.00,4.00,14.00,37.00,9.00,13395457,111
440.06,1547616281,9520.34,51.46256277,7.41579246,154.16,33.13,0.15,316.25,1,-90.00,-10.00,4.00,14.00,37.00,9.00,13395457,111
441.07,1547616282,9554.03,51.46277753,7.41546156,154.23,32.74,-0.38,315.49,1,-91.00,-9.00,4.00,15.00,36.00,9.00,13395457,111
442.05,1547616283,9586.14,51.46297984,7.41513084,154.18,32.00,-0.75,314.57,1,-91.00,-9.00,4.00,15.00,36.00,9.00,13395457,111
443.06,1547616284,9618.18,51.46317808,7.41480822,154.07,31.66,-0.34,313.91,1,-91.00,-9.00,4.00,15.00,36.00,9.00,13395457,111
444.05,1547616285,9649.81,51.46337152,7.41447619,154.01,31.31,-0.35,312.98,1,-89.00,-13.00,-1.00,15.00,41.00,9.00,13395457,111
445.06,1547616286,9681.25,51.46356038,7.41414996,153.95,31.06,-0.25,312.41,1,-89.00,-13.00,-1.00,15.00,41.00,9.00,13395457,111
446.05,1547616287,9712.15,51.46374787,7.41382511,153.87,30.85,-0.21,312.04,1,-100.00,-14.00,-3.00,6.00,34.00,15.00,13532418,392
447.05,1547616288,9743.03,51.46393063,7.41348744,153.80,31.03,0.18,311.08,1,-100.00,-14.00,-3.00,6.00,34.00,15.00,13532418,392
448.06,1547616289,9774.13,51.46411414,7.41314769,153.71,31.23,0.20,310.42,1,-91.00,-7.00,0.00,11.00,36.00,4.00,13395458,392
449.06,1547616290,9805.36,51.46429285,7.41280021,153.63,31.45,0.21,309.53,1,-91.00,-7.00,0.00,11.00,36.00,4.00,13395458,392
450.05,1547616291,9836.71,51.46446926,7.41245529,153.66,30.62,-0.83,308.97,1,-83.00,-6.00,22.00,14.00,43.00,4.00,13395458,112
451.05,1547616292,9867.36,51.46464410,7.41211601,153.59,30.26,-0.36,308.77,1,-83.00,-6.00,22.00,14.00,43.00,4.00,13395458,112
452.06,1547616293,9897.65,51.46481224,7.41177367,153.62,30.28,0.03,308.32,1,-87.00,-6.00,16.00,15.00,38.00,4.00,13395458,112
453.06,1547616294,9927.94,51.46498123,7.41142638,153.82,30.42,0.13,308.05,1,-87.00,-6.00,16.00,15.00,38.00,4.00,13395458,112
454.06,1547616295,9958.35,51.46515012,7.41107924,154.07,30.52,0.10,308.16,1,-89.00,-7.00,27.00,9.00,35.00,4.00,13395458,112
455.06,1547616296,9988.87,51.46531935,7.41072844,154.23,30.64,0.13,308.15,1,-89.00,-7.00,27.00,9.00,35.00,4.00,13395458,112
456.06,1547616297,10019.51,51.46548897,7.41037573,154.44,30.88,0.23,308.07,1,-87.00,-7.00,24.00,11.00,38.00,4.00,13395458,112
457.06,1547616298,10050.42,51.46566154,7.41001833,154.59,31.14,0.26,307.83,1,-87.00,-7.00,24.00,11.00,38.00,4.00,13395458,112
458.06,1547616299,10081.53,51.46583406,7.40966291,154.71,31.39,0.25,307.95,1,-79.00,-5.00,30.00,11.00,43.00,4.00,13395458,112
459.06,1547616300,10112.93,51.46600997,7.40931747,154.84,31.27,-0.12,309.73,1,-79.00,-5.00,30.00,11.00,43.00,4.00,13395458,112
460.06,1547616301,10144.20,51.46618526,7.40895538,155.06,32.02,0.76,308.19,1,-75.00,-5.00,11.00,10.00,50.00,4.00,13395458,112
461.06,1547616302,10176.22,51.46636517,7.40858141,155.47,31.38,-0.64,308.63,1,-75.00,-5.00,11.00,10.00,50.00,4.00,13395458,112
462.06,1547616303,10207.83,51.46653609,7.40822499,155.80,30.77,-0.61,308.50,1,-87.00,-12.00,10.00,6.00,45.00,4.00,13395458,112
463.05,1547616304,10238.29,51.46670819,7.40787164,156.15,30.57,-0.20,308.88,1,-87.00,-12.00,10.00,6.00,45.00,4.00,13395458,112
464.05,1547616305,10268.92,51.46688112,7.40753089,156.51,30.58,0.01,309.31,1,-87.00,-12.00,10.00,6.00,45.00,4.00,13395458,112
465.05,1547616306,10299.44,51.46705650,7.40718624,156.95,30.80,0.22,309.43,1,-81.00,-5.00,8.00,6.00,52.00,7.00,13395458,112
466.05,1547616307,10330.21,51.46723143,7.40684409,157.34,31.07,0.27,309.76,1,-81.00,-5.00,8.00,6.00,52.00,7.00,13395458,112
467.05,1547616308,10361.37,51.46740209,7.40650241,157.38,31.46,0.39,309.67,1,-82.00,-7.00,16.00,11.00,44.00,7.00,13395458,112
468.06,1547616309,10392.89,51.46758619,7.40615262,157.43,31.92,0.46,310.31,1,-82.00,-7.00,16.00,11.00,44.00,7.00,13395458,112
469.06,1547616310,10424.81,51.46777310,7.40579964,157.50,32.25,0.33,310.60,1,-82.00,-6.00,15.00,11.00,41.00,7.00,13395458,112
470.06,1547616311,10457.03,51.46796286,7.40544655,157.51,32.72,0.47,310.84,1,-82.00,-6.00,15.00,11.00,41.00,7.00,13395458,112
471.06,1547616312,10489.75,51.46815768,7.40508370,157.70,33.05,0.33,311.02,1,-76.00,-6.00,19.00,10.00,49.00,7.00,13395458,112
472.05,1547616313,10522.73,51.46835897,7.40472531,157.95,33.50,0.45,311.62,1,-76.00,-6.00,19.00,10.00,49.00,7.00,13395458,112
473.05,1547616314,10556.27,51.46856470,7.40436478,158.32,33.85,0.34,312.55,1,-83.00,-12.00,18.00,15.00,48.00,7.00,13395458,112
474.06,1547616315,10590.18,51.46877573,7.40400731,158.72,34.02,0.18,312.76,1,-83.00,-12.00,18.00,15.00,48.00,7.00,13395458,112
475.05,1547616316,10624.10,51.46898539,7.40364905,159.17,33.87,-0.15,313.28,1,-87.00,-12.00,5.00,7.00,44.00,7.00,13395458,112
476.06,1547616317,10658.10,51.46919512,7.40329591,159.68,33.40,-0.47,313.45,1,-87.00,-12.00,5.00,7.00,44.00,7.00,13395458,112
477.06,1547616318,10691.47,51.46940157,7.40295141,160.33,33.63,0.23,313.85,1,-92.00,-11.00,1.00,7.00,37.00,7.00,13395458,112
478.06,1547616319,10725.09,51.46961850,7.40259028,161.05,33.67,0.04,313.92,1,-92.00,-11.00,1.00,7.00,37.00,7.00,13395458,112
479.06,1547616320,10758.76,51.46982337,7.40225213,161.39,33.88,0.21,314.08,1,-96.00,-10.00,1.00,7.00,32.00,17.00,13022465,112
480.06,1547616321,10792.64,51.47003339,7.40190448,161.54,33.91,0.03,314.65,1,-96.00,-10.00,1.00,7.00,32.00,17.00,13022465,112
481.06,1547616322,10826.55,51.47025012,7.40156195,161.67,34.09,0.18,315.54,1,-87.00,-5.00,13.00,12.00,39.00,17.00,13022465,205
482.05,1547616323,10860.51,51.47047374,7.40121190,162.07,34.21,0.12,315.73,1,-87.00,-5.00,13.00,12.00,39.00,17.00,13022465,205
483.05,1547616324,10894.75,51.47069362,7.40086340,162.48,33.99,-0.22,316.21,1,-87.00,-15.00,4.00,9.00,42.00,17.00,13022465,205
484.06,1547616325,10928.81,51.47090487,7.40052738,162.79,33.28,-0.71,316.49,1,-87.00,-15.00,4.00,9.00,42.00,17.00,13022465,205
485.07,1547616326,10962.42,51.47112858,7.40019933,163.24,33.05,-0.22,317.34,1,-90.00,-6.00,14.00,11.00,34.00,17.00,13022465,205
486.06,1547616327,10995.14,51.47134471,7.39987958,163.71,32.98,-0.08,317.19,1,-90.00,-6.00,14.00,11.00,34.00,17.00,13022465,205
487.06,1547616328,11028.12,51.47156151,7.39955882,164.11,33.19,0.21,317.53,1,-90.00,-6.00,14.00,11.00,34.00,17.00,13022465,205
488.05,1547616329,11061.27,51.47178635,7.39924246,164.48,33.27,0.08,319.08,1,-89.00,-6.00,12.00,11.00,35.00,17.00,13022465,205
489.05,1547616330,11094.51,51.47201296,7.39892750,164.89,33.07,-0.19,319.91,1,-89.00,-6.00,12.00,11.00,35.00,17.00,13022465,205
490.06,1547616331,11127.65,51.47224006,7.39862256,165.27,32.65,-0.43,320.15,1,-91.00,-6.00,14.00,15.00,35.00,17.00,13022465,205
491.06,1547616332,11160.30,51.47247209,7.39832094,166.07,32.22,-0.43,320.16,1,-91.00,-6.00,14.00,15.00,35.00,17.00,13022465,205
492.06,1547616333,11192.54,51.47269449,7.39802454,166.85,31.80,-0.42,320.03,1,-89.00,-5.00,18.00,15.00,35.00,17.00,13022465,205
493.05,1547616334,11224.19,51.47291306,7.39773568,167.62,31.49,-0.31,320.08,1,-89.00,-5.00,18.00,15.00,35.00,17.00,13022465,205
494.05,1547616335,11255.71,51.47313441,7.39745099,168.45,30.92,-0.58,319.86,1,-87.00,-12.00,12.00,8.00,43.00,17.00,13022465,205
495.05,1547616336,11286.60,51.47334965,7.39717746,169.18,30.60,-0.31,320.68,1,-87.00,-12.00,12.00,8.00,43.00,17.00,13022465,205
496.05,1547616337,11317.23,51.47355735,7.39690851,169.60,30.22,-0.38,320.76,1,-84.00,-9.00,7.00,15.00,41.00,17.00,13022465,205
497.05,1547616338,11347.51,51.47376573,7.39663806,169.87,29.90,-0.32,320.73,1,-84.00,-9.00,7.00,15.00,41.00,17.00,13022465,205
498.05,1547616339,11377.41,51.47397783,7.39637576,170.37,29.77,-0.13,322.20,1,-86.00,-8.00,19.00,15.00,41.00,17.00,13022465,205
499.05,1547616340,11407.18,51.47419078,7.39611334,170.94,29.67,-0.11,322.79,1,-86.00,-8.00,19.00,15.00,41.00,17.00,13022465,205
500.05,1547616341,11436.85,51.47441261,7.39585824,171.66,29.54,-0.13,323.63,1,-85.00,-5.00,22.00,15.00,39.00,17.00,13022465,205
501.06,1547616342,11466.68,51.47462540,7.39560945,172.13,29.29,-0.25,324.15,1,-85.00,-5.00,22.00,15.00,39.00,17.00,13022465,205
502.05,1547616343,11495.59,51.47484531,7.39536867,172.69,29.01,-0.28,324.77,1,-81.00,-10.00,28.00,11.00,49.00,17.00,13022465,205
503.05,1547616344,11524.63,51.47506917,7.39514805,173.19,28.94,-0.07,328.10,1,-81.00,-10.00,28.00,11.00,49.00,17.00,13022465,205
504.05,1547616345,11553.57,51.47529335,7.39493319,173.65,28.79,-0.15,329.21,1,-75.00,-6.00,26.00,15.00,49.00,17.00,13022465,205
505.05,1547616346,11582.33,51.47551581,7.39471879,174.08,28.85,0.06,329.03,1,-75.00,-6.00,26.00,15.00,49.00,17.00,13022465,205
506.06,1547616347,11611.49,51.47574071,7.39450174,174.66,28.94,0.09,328.89,1,-78.00,-5.00,30.00,14.00,46.00,17.00,13022465,205
507.05,1547616348,11640.20,51.47596629,7.39428417,175.29,29.14,0.20,330.21,1,-78.00,-5.00,30.00,14.00,46.00,17.00,13022465,205
508.05,1547616349,11669.34,51.47619508,7.39408182,175.85,29.24,0.11,331.03,1,-78.00,-5.00,30.00,14.00,46.00,17.00,13022465,205
509.05,1547616350,11698.58,51.47642854,7.39389289,176.37,28.93,-0.31,333.58,1,-66.00,-4.00,31.00,15.00,58.00,17.00,13022465,205
510.05,1547616351,11727.51,51.47621430,7.39780420,176.87,28.23,-0.70,335.07,1,-66.00,-4.00,31.00,15.00,58.00,17.00,13022465,205
511.05,1547616352,11755.68,51.47688545,7.39355516,177.36,27.18,-1.05,336.07,1,-67.00,-5.00,30.00,15.00,57.00,17.00,13022465,205
512.05,1547616353,11782.84,51.47710276,7.39341040,177.76,25.39,-1.79,337.71,1,-67.00,-5.00,30.00,15.00,57.00,17.00,13022465,205
513.05,1547616354,11808.20,51.47731094,7.39328645,178.09,23.70,-1.69,340.16,1,-73.00,-8.00,25.00,9.00,52.00,17.00,13022465,205
514.05,1547616355,11831.92,51.47751806,7.39317562,178.22,21.62,-2.07,343.11,1,-73.00,-8.00,25.00,9.00,52.00,17.00,13022465,205
515.05,1547616356,11853.61,51.47770061,7.39312060,178.42,21.03,-0.59,350.95,1,-74.00,-6.00,25.00,15.00,52.00,17.00,13022465,205
516.05,1547616357,11874.64,51.47790012,7.39310558,178.81,20.92,-0.12,357.89,1,-74.00,-6.00,25.00,15.00,52.00,17.00,13022465,205
517.05,1547616358,11895.56,51.47807191,7.39312246,178.96,20.98,0.06,5.58,1,-65.00,-5.00,27.00,15.00,60.00,17.00,13022465,205
518.05,1547616359,11916.53,51.47825466,7.39317829,178.79,21.02,0.04,12.13,1,-65.00,-5.00,27.00,15.00,60.00,17.00,13022465,205
519.05,1547616360,11937.55,51.47843361,7.39326310,178.61,21.02,0.00,17.83,1,-82.00,-5.00,14.00,12.00,42.00,17.00,13022465,205
520.05,1547616361,11958.57,51.47860130,7.39339032,178.72,20.66,-0.36,29.24,1,-82.00,-5.00,14.00,12.00,42.00,17.00,13022465,205
521.05,1547616362,11979.19,51.47875286,7.39352813,178.93,20.36,-0.30,33.63,1,-78.00,-5.00,13.00,15.00,46.00,17.00,13022465,205
522.05,1547616363,11999.51,51.47889581,7.39367275,179.23,18.69,-1.67,33.52,1,-78.00,-5.00,13.00,15.00,46.00,17.00,13022465,205
523.05,1547616364,12018.20,51.47901609,7.39378274,179.06,15.37,-3.33,32.01,1,-89.00,-11.00,10.00,11.00,40.00,17.00,13022465,205
524.06,1547616365,12033.64,51.47914289,7.39383728,179.37,14.19,-1.17,14.19,1,-89.00,-11.00,10.00,11.00,40.00,17.00,13022465,205
525.06,1547616366,12047.83,51.47928299,7.39386463,179.53,14.33,0.14,0.05,1,-90.00,-8.00,10.00,15.00,35.00,17.00,13022465,205
526.05,1547616367,12062.15,51.47942157,7.39385081,180.07,14.42,0.09,356.19,1,-90.00,-8.00,10.00,15.00,35.00,17.00,13022465,205
527.06,1547616368,12076.70,51.47953321,7.39378164,180.82,14.88,0.46,338.09,1,-96.00,-8.00,8.00,12.00,31.00,17.00,13022465,205
528.05,1547616369,12091.44,51.47965743,7.39369432,181.60,15.60,0.72,336.71,1,-96.00,-8.00,8.00,12.00,31.00,17.00,13022465,205
529.06,1547616370,12107.05,51.47978093,7.39360209,182.36,15.39,-0.21,335.68,1,-96.00,-8.00,8.00,12.00,31.00,17.00,13022465,205
530.06,1547616371,12122.44,51.47990770,7.39350377,182.91,13.64,-1.75,336.02,1,-100.00,-9.00,8.00,10.00,27.00,17.00,13022465,205
531.06,1547616372,12136.09,51.48000611,7.39343966,183.68,11.27,-2.36,338.90,1,-100.00,-9.00,8.00,10.00,27.00,17.00,13022465,205
532.06,1547616373,12147.37,51.48010717,7.39343570,184.46,10.62,-0.65,0.79,1,-94.00,-10.00,7.00,10.00,34.00,17.00,13022465,205
533.06,1547616374,12157.99,51.48019922,7.39347936,185.16,11.02,0.40,20.20,1,-94.00,-10.00,7.00,10.00,34.00,17.00,13022465,205
534.06,1547616375,12168.99,51.48027354,7.39358834,185.75,11.93,0.91,46.56,1,-100.00,-11.00,-3.00,6.00,30.00,17.00,13022465,205
535.06,1547616376,12180.93,51.48034306,7.39373615,186.20,13.06,1.13,60.61,1,-100.00,-11.00,-3.00,6.00,30.00,17.00,13022465,205
536.06,1547616377,12193.99,51.48040443,7.39390097,186.32,14.39,1.34,60.07,1,-100.00,-11.00,-8.00,7.00,29.00,17.00,13022465,205
537.06,1547616378,12208.38,51.48047354,7.39406893,186.44,15.72,1.33,59.14,1,-100.00,-11.00,-8.00,7.00,29.00,17.00,13022465,205
538.06,1547616379,12224.07,51.48055499,7.39426953,186.35,17.03,1.31,58.63,1,-100.00,-12.00,-1.00,10.00,34.00,12.00,13532162,205
539.06,1547616380,12241.10,51.48064018,7.39447238,186.11,17.61,0.58,58.06,1,-100.00,-12.00,-1.00,10.00,34.00,12.00,13532162,205
540.05,1547616381,12258.70,51.48072972,7.39469348,185.89,18.18,0.57,58.63,1,-90.00,-8.00,5.00,14.00,36.00,12.00,13532162,198
541.05,1547616382,12276.86,51.48080971,7.39490927,186.02,18.42,0.24,59.15,1,-90.00,-8.00,5.00,14.00,36.00,12.00,13532162,198
542.06,1547616383,12295.31,51.48089891,7.39513822,186.15,18.57,0.15,60.03,1,-89.00,-13.00,7.00,10.00,43.00,12.00,13532162,198
543.05,1547616384,12313.84,51.48098676,7.39537093,186.29,18.64,0.08,59.82,1,-89.00,-13.00,7.00,10.00,43.00,12.00,13532162,198
544.05,1547616385,12332.51,51.48107518,7.39560818,186.35,18.43,-0.21,59.77,1,-92.00,-11.00,1.00,5.00,37.00,12.00,13532162,198
545.06,1547616386,12351.00,51.48115594,7.39583648,186.21,18.03,-0.41,60.16,1,-92.00,-11.00,1.00,5.00,37.00,12.00,13532162,198
546.06,1547616387,12368.99,51.48123879,7.39606111,186.29,17.67,-0.36,60.14,1,-88.00,-8.00,6.00,15.00,39.00,12.00,13532162,198
547.06,1547616388,12386.65,51.48131764,7.39627473,186.42,17.27,-0.40,60.14,1,-88.00,-8.00,6.00,15.00,39.00,12.00,13532162,198
548.07,1547616389,12404.09,51.48139507,7.39648504,186.51,16.82,-0.44,59.21,1,-94.00,-10.00,-4.00,7.00,33.00,12.00,13532162,198
549.06,1547616390,12420.78,51.48147080,7.39668373,186.61,15.40,-1.43,58.76,1,-94.00,-10.00,-4.00,7.00,33.00,12.00,13532162,198
550.06,1547616391,12436.17,51.48175880,7.39622440,186.68,14.65,-0.75,58.30,1,-94.00,-10.00,-4.00,7.00,33.00,12.00,13532162,198
551.06,1547616392,12450.82,51.48160688,7.39703485,186.70,13.29,-1.37,57.57,1,-99.00,-12.00,-1.00,5.00,32.00,12.00,13532162,198
552.05,1547616393,12464.06,51.48166959,7.39718850,186.96,12.11,-1.18,57.04,1,-99.00,-12.00,-1.00,5.00,32.00,12.00,13532162,198
553.05,1547616394,12476.19,51.48173080,7.39732890,187.22,11.42,-0.68,56.39,1,-99.00,-13.00,-5.00,4.00,33.00,12.00,13532162,198
554.05,1547616395,12487.57,51.48178713,7.39746090,187.35,10.76,-0.67,55.69,1,-99.00,-13.00,-5.00,4.00,33.00,12.00,13532162,198
555.05,1547616396,12498.33,51.48184156,7.39758103,187.55,10.08,-0.67,54.70,1,-101.00,-14.00,-8.00,7.00,32.00,12.00,13532162,198
556.06,1547616397,12508.46,51.48189272,7.39769577,187.68,9.70,-0.38,54.08,1,-101.00,-14.00,-8.00,7.00,32.00,12.00,13532162,198
557.06,1547616398,12518.17,51.48194871,7.39780741,188.12,9.20,-0.50,53.29,1,-98.00,-12.00,8.00,9.00,30.00,12.00,13532162,198
558.06,1547616399,12527.38,51.48200418,7.39791369,188.73,8.68,-0.52,52.55,1,-98.00,-12.00,8.00,9.00,30.00,12.00,13532162,198
559.05,1547616400,12536.03,51.48205374,7.39800231,189.38,7.97,-0.71,51.92,1,-96.00,-9.00,1.00,6.00,29.00,10.00,13022465,205
560.05,1547616401,12544.01,51.48209968,7.39808606,190.08,7.01,-0.96,50.57,1,-96.00,-9.00,1.00,6.00,29.00,10.00,13022465,205
561.05,1547616402,12551.00,51.48213870,7.39815426,190.55,6.37,-0.64,49.95,1,-91.00,-9.00,0.00,6.00,37.00,9.00,13532163,200
562.06,1547616403,12557.39,51.48217791,7.39821373,191.11,5.33,-1.04,49.11,1,-91.00,-9.00,0.00,6.00,37.00,9.00,13532163,200
563.06,1547616404,12562.72,51.48221289,7.39826909,191.54,4.62,-0.70,47.75,1,-95.00,-13.00,-2.00,6.00,35.00,9.00,13532163,200
564.06,1547616405,12567.35,51.48224107,7.39831528,191.55,4.06,-0.56,46.69,1,-95.00,-13.00,-2.00,6.00,35.00,9.00,13532163,200
565.06,1547616406,12571.41,51.48226416,7.39835148,191.56,3.45,-0.61,45.92,1,-93.00,-10.00,3.00,12.00,36.00,9.00,13532163,200
566.06,1547616407,12574.85,51.48228420,7.39838085,191.58,2.83,-0.62,44.03,1,-93.00,-10.00,3.00,12.00,36.00,9.00,13532163,200
567.06,1547616408,12577.68,51.48229802,7.39840442,191.58,2.06,-0.77,44.06,1,-96.00,-10.00,1.00,7.00,33.00,9.00,13532163,200
568.06,1547616409,12579.74,51.48230650,7.39842238,191.59,1.23,-0.83,42.36,1,-96.00,-10.00,1.00,7.00,33.00,9.00,13532163,200
569.06,1547616410,12580.98,51.48231105,7.39843538,191.60,0.80,-0.43,42.36,1,-94.00,-10.00,4.00,11.00,34.00,9.00,13532163,200
570.06,1547616411,12581.77,51.48246030,7.39998570,191.60,0.59,-0.21,42.36,1,-94.00,-10.00,4.00,11.00,34.00,9.00,13532163,200
571.06,1547616412,12582.36,51.48231463,7.39844392,191.60,0.00,-0.59,42.36,1,-94.00,-10.00,4.00,11.00,34.00,9.00,13532163,200
572.06,1547616413,12582.36,51.48231463,7.39844392,191.60,0.00,0.00,42.36,1,-95.00,-9.00,1.00,8.00,33.00,9.00,13532163,200
573.06,1547616414,12582.36,51.48231463,7.39844392,191.60,0.00,0.00,42.36,1,-95.00,-9.00,1.00,8.00,33.00,9.00,13532163,200
574.06,1547616415,12582.36,51.48231463,7.39844392,191.60,0.00,0.00,42.36,1,-95.00,-9.00,1.00,6.00,34.00,9.00,13532163,200
575.06,1547616416,12582.36,51.48231463,7.39844392,191.59,0.00,0.00,42.36,1,-95.00,-9.00,1.00,6.00,34.00,9.00,13532163,200
576.06,1547616417,12582.36,51.48231463,7.39844392,191.59,0.00,0.00,42.36,1,-95.00,-9.00,2.00,7.00,33.00,9.00,13532163,200
577.06,1547616418,12582.36,51.48231463,7.39844392,191.58,0.00,0.00,42.36,1,-95.00,-9.00,2.00,7.00,33.00,9.00,13532163,200
578.06,1547616419,12582.36,51.48231463,7.39844392,191.49,0.00,0.00,47.69,1,-94.00,-9.00,2.00,8.00,35.00,9.00,13532163,200
579.06,1547616420,12582.36,51.48231463,7.39844392,191.38,0.00,0.00,46.16,1,-94.00,-9.00,2.00,8.00,35.00,9.00,13532163,200
580.06,1547616421,12582.36,51.48236097,7.39852196,190.30,5.02,0.00,45.40,1,-92.00,-10.00,-1.00,7.00,36.00,9.00,13532163,200
581.06,1547616422,12587.37,51.48240590,7.39858891,190.06,6.48,1.46,43.67,1,-92.00,-10.00,-1.00,7.00,36.00,9.00,13532163,200
582.05,1547616423,12593.83,51.48245612,7.39866189,190.23,7.39,0.92,42.34,1,-98.00,-11.00,-1.00,7.00,32.00,9.00,13532163,200
583.05,1547616424,12601.22,51.48251354,7.39873975,190.57,7.91,0.52,41.18,1,-98.00,-11.00,-1.00,7.00,32.00,9.00,13532163,200
584.05,1547616425,12609.14,51.48257498,7.39882003,190.99,8.94,1.02,40.09,1,-79.00,-6.00,13.00,15.00,45.00,7.00,13067528,356
585.06,1547616426,12618.09,51.48264356,7.39890415,191.43,9.44,0.51,38.68,1,-79.00,-6.00,13.00,15.00,45.00,7.00,13067528,356
586.05,1547616427,12627.52,51.48271425,7.39898987,191.78,9.91,0.46,37.50,1,-83.00,-5.00,38.00,15.00,39.00,7.00,13067528,356
587.05,1547616428,12637.43,51.48278587,7.39907239,192.27,9.91,0.00,36.71,1,-83.00,-5.00,38.00,15.00,39.00,7.00,13067528,356
588.05,1547616429,12647.35,51.48286850,7.39916251,192.49,10.51,0.60,36.10,1,-85.00,-6.00,32.00,15.00,39.00,7.00,13067528,356
589.05,1547616430,12657.83,51.48295621,7.39924820,192.95,12.20,1.69,34.09,1,-85.00,-6.00,32.00,15.00,39.00,7.00,13067528,356
590.06,1547616431,12670.17,51.48236590,7.40006540,193.45,13.20,0.99,33.34,1,-82.00,-5.00,30.00,15.00,41.00,7.00,13067528,356
591.07,1547616432,12683.41,51.48316915,7.39945117,193.43,14.14,0.94,32.56,1,-82.00,-5.00,30.00,15.00,41.00,7.00,13067528,356
592.05,1547616433,12697.34,51.48328011,7.39956926,193.39,15.00,0.87,32.96,1,-82.00,-5.00,30.00,15.00,41.00,7.00,13067528,356
593.06,1547616434,12712.40,51.48339916,7.39968413,193.25,15.43,0.42,33.32,1,-81.00,-7.00,27.00,15.00,43.00,7.00,13067528,356
594.05,1547616435,12727.80,51.48351468,7.39980400,192.74,15.56,0.13,33.68,1,-81.00,-7.00,27.00,15.00,43.00,7.00,13067528,356
595.05,1547616436,12743.37,51.48362928,7.39992494,192.33,15.71,0.15,34.34,1,-81.00,-6.00,26.00,15.00,44.00,7.00,13067528,356
596.05,1547616437,12759.06,51.48374597,7.40005048,192.14,15.53,-0.18,34.12,1,-81.00,-6.00,26.00,15.00,44.00,7.00,13067528,356
597.05,1547616438,12774.61,51.48385909,7.40016855,191.95,15.69,0.16,34.68,1,-83.00,-5.00,20.00,15.00,40.00,7.00,13067528,356
598.05,1547616439,12790.30,51.48397129,7.40029708,191.79,15.83,0.14,35.51,1,-83.00,-5.00,20.00,15.00,40.00,7.00,13067528,356
599.05,1547616440,12806.14,51.48408638,7.40042300,191.41,15.69,-0.14,36.07,1,-84.00,-6.00,32.00,15.00,41.00,7.00,13067528,356
600.05,1547616441,12821.83,51.48420017,7.40055650,191.26,15.57,-0.12,36.97,1,-84.00,-6.00,32.00,15.00,41.00,7.00,13067528,356
601.05,1547616442,12837.36,51.48430943,7.40068944,191.73,15.31,-0.27,37.97,1,-83.00,-5.00,31.00,15.00,38.00,7.00,13067528,356
602.05,1547616443,12852.70,51.48442595,7.40083707,192.11,15.11,-0.20,38.80,1,-83.00,-5.00,31.00,15.00,38.00,7.00,13067528,356
603.05,1547616444,12867.78,51.48453150,7.40097811,192.50,15.06,-0.05,39.90,1,-87.00,-5.00,28.00,15.00,32.00,7.00,13067528,356
604.05,1547616445,12882.89,51.48463095,7.40111671,192.34,14.99,-0.07,40.70,1,-87.00,-5.00,28.00,15.00,32.00,7.00,13067528,356
605.05,1547616446,12897.88,51.48472103,7.40125926,192.02,14.93,-0.07,41.37,1,-88.00,-6.00,25.00,15.00,31.00,7.00,13067528,356
606.05,1547616447,12912.81,51.48481366,7.40140941,191.63,14.85,-0.07,41.82,1,-88.00,-6.00,25.00,15.00,31.00,7.00,13067528,356
607.06,1547616448,12927.68,51.48490208,7.40154973,191.33,14.66,-0.19,42.68,1,-91.00,-5.00,22.00,15.00,31.00,7.00,13067528,356
608.05,1547616449,12942.33,51.48499666,7.40170401,191.03,14.59,-0.07,43.58,1,-91.00,-5.00,22.00,15.00,31.00,7.00,13067528,356
609.05,1547616450,12956.92,51.48508940,7.40185305,190.65,14.47,-0.12,42.60,1,-87.00,-5.00,22.00,15.00,38.00,7.00,13067528,356
610.05,1547616451,12971.39,51.48518019,7.40199674,190.30,14.13,-0.35,43.60,1,-87.00,-5.00,22.00,15.00,38.00,7.00,13067528,356
611.06,1547616452,12985.54,51.48526794,7.40214467,189.49,13.53,-0.59,44.93,1,-89.00,-5.00,30.00,12.00,32.00,7.00,13067528,356
612.05,1547616453,12999.01,51.48534566,7.40227707,188.77,12.57,-0.97,45.95,1,-89.00,-5.00,30.00,12.00,32.00,7.00,13067528,356
613.05,1547616454,13011.62,51.48541589,7.40241058,188.29,11.91,-0.66,47.08,1,-89.00,-5.00,30.00,12.00,32.00,7.00,13067528,356
614.05,1547616455,13023.53,51.48547835,7.40253165,187.89,10.73,-1.18,48.15,1,-87.00,-5.00,27.00,15.00,34.00,7.00,13067528,356
615.05,1547616456,13034.25,51.48553825,7.40264779,187.75,9.48,-1.26,49.01,1,-87.00,-5.00,27.00,15.00,34.00,7.00,13067528,356
616.06,1547616457,13043.75,51.48558736,7.40274300,187.75,7.41,-2.06,49.83,1,-87.00,-4.00,18.00,15.00,32.00,7.00,13067528,356
617.05,1547616458,13051.15,51.48564226,7.40280371,188.08,7.17,-0.25,33.50,1,-87.00,-4.00,18.00,15.00,32.00,7.00,13067528,356
618.05,1547616459,13058.32,51.48570440,7.40282719,188.34,7.05,-0.12,5.98,1,-89.00,-5.00,22.00,15.00,33.00,7.00,13067528,356
619.05,1547616460,13065.37,51.48575963,7.40280461,188.57,7.54,0.49,342.31,1,-89.00,-5.00,22.00,15.00,33.00,7.00,13067528,356
620.05,1547616461,13072.91,51.48580953,7.40275335,188.63,8.35,0.81,327.27,1,-92.00,-5.00,23.00,15.00,31.00,7.00,13067528,356
621.05,1547616462,13081.23,51.48586787,7.40268991,188.35,9.02,0.67,325.37,1,-92.00,-5.00,23.00,15.00,31.00,7.00,13067528,356
622.05,1547616463,13090.25,51.48593248,7.40261465,187.98,10.13,1.12,324.21,1,-98.00,-8.00,22.00,12.00,26.00,7.00,13067528,356
623.05,1547616464,13100.42,51.48601049,7.40252046,187.68,11.28,1.14,325.18,1,-98.00,-8.00,22.00,12.00,26.00,7.00,13067528,356
624.05,1547616465,13111.70,51.48609933,7.40242184,187.56,12.31,1.03,326.11,1,-99.00,-5.00,19.00,14.00,25.00,7.00,13067528,356
625.05,1547616466,13124.01,51.48620046,7.40230596,187.61,13.41,1.09,326.55,1,-99.00,-5.00,19.00,14.00,25.00,7.00,13067528,356
626.05,1547616467,13137.42,51.48629865,7.40220208,187.54,14.46,1.05,328.29,1,-95.00,-5.00,20.00,12.00,27.00,7.00,13067528,356
627.05,1547616468,13151.88,51.48640510,7.40209460,187.38,14.67,0.21,330.52,1,-95.00,-5.00,20.00,12.00,27.00,7.00,13067528,356
628.05,1547616469,13166.54,51.48651581,7.40200021,187.24,14.44,-0.23,333.00,1,-93.00,-5.00,19.00,15.00,30.00,7.00,13067528,356
629.05,1547616470,13180.98,51.48663551,7.40191058,187.33,14.25,-0.18,335.24,1,-93.00,-5.00,19.00,15.00,30.00,7.00,13067528,356
630.05,1547616471,13195.23,51.48675037,7.40184139,187.28,14.38,0.12,338.78,1,-86.00,-5.00,23.00,15.00,35.00,7.00,13067528,356
631.06,1547616472,13209.72,51.48686478,7.40178784,186.96,14.26,-0.11,341.78,1,-86.00,-5.00,23.00,15.00,35.00,7.00,13067528,356
632.06,1547616473,13223.93,51.48698768,7.40174145,186.62,14.05,-0.21,344.67,1,-84.00,-9.00,24.00,14.00,44.00,7.00,13067528,356
633.05,1547616474,13237.90,51.48711496,7.40170809,186.19,13.86,-0.19,347.44,1,-84.00,-9.00,24.00,14.00,44.00,7.00,13067528,356
634.06,1547616475,13251.81,51.48725222,7.40168744,185.96,13.95,0.09,350.54,1,-84.00,-9.00,24.00,14.00,44.00,7.00,13067528,356
635.06,1547616476,13265.75,51.48738738,7.40167833,185.59,13.81,-0.14,353.01,1,-84.00,-5.00,20.00,14.00,41.00,7.00,13067528,356
636.06,1547616477,13279.56,51.48752742,7.40167943,185.14,13.72,-0.10,355.09,1,-84.00,-5.00,20.00,14.00,41.00,7.00,13067528,356
637.06,1547616478,13293.29,51.48766198,7.40168744,184.55,13.64,-0.08,357.07,1,-85.00,-5.00,19.00,14.00,39.00,7.00,13067528,356
638.05,1547616479,13306.87,51.48778804,7.40169949,183.99,13.56,-0.08,358.69,1,-85.00,-5.00,19.00,14.00,39.00,7.00,13067528,356
639.06,1547616480,13320.48,51.48789405,7.40171193,183.43,13.28,-0.29,359.14,1,-83.00,-5.00,30.00,14.00,40.00,7.00,13067528,356
640.06,1547616481,13333.75,51.48801754,7.40172163,182.91,13.09,-0.18,359.75,1,-83.00,-5.00,30.00,14.00,40.00,7.00,13067528,356
641.06,1547616482,13346.86,51.48813564,7.40173374,182.46,12.85,-0.24,0.64,1,-86.00,-5.00,18.00,14.00,37.00,7.00,13067528,356
642.06,1547616483,13359.71,51.48825228,7.40174489,182.01,12.81,-0.04,0.34,1,-86.00,-5.00,18.00,14.00,37.00,7.00,13067528,356
643.06,1547616484,13372.51,51.48836292,7.40175477,181.68,12.84,0.03,0.70,1,-87.00,-5.00,23.00,12.00,32.00,7.00,13067528,356
644.06,1547616485,13385.35,51.48846657,7.40176365,181.34,12.46,-0.38,0.66,1,-87.00,-5.00,23.00,12.00,32.00,7.00,13067528,356
645.06,1547616486,13397.82,51.48857052,7.40176809,180.73,11.30,-1.17,359.91,1,-93.00,-5.00,21.00,12.00,27.00,7.00,13067528,356
646.06,1547616487,13409.13,51.48866622,7.40177068,180.24,9.95,-1.35,359.87,1,-93.00,-5.00,21.00,12.00,27.00,7.00,13067528,356
647.06,1547616488,13419.08,51.48874498,7.40177207,179.97,8.90,-1.05,0.12,1,-101.00,-6.00,18.00,10.00,23.00,7.00,13067528,356
648.06,1547616489,13427.98,51.48881748,7.40177110,179.86,7.65,-1.25,359.75,1,-101.00,-6.00,18.00,10.00,23.00,7.00,13067528,356
649.06,1547616490,13435.62,51.48888265,7.40177138,179.83,7.10,-0.54,359.85,1,-103.00,-6.00,20.00,11.00,20.00,7.00,13067528,356
650.05,1547616491,13442.70,51.48894211,7.40177130,179.75,6.51,-0.59,0.27,1,-103.00,-6.00,20.00,11.00,20.00,7.00,13067528,356
651.07,1547616492,13449.31,51.48899661,7.40177277,179.76,5.44,-1.06,0.05,1,-101.00,-6.00,15.00,15.00,19.00,7.00,13067528,356
652.05,1547616493,13454.67,51.48904165,7.40177656,179.66,4.86,-0.59,0.56,1,-101.00,-6.00,15.00,15.00,19.00,7.00,13067528,356
653.06,1547616494,13459.59,51.48908989,7.40177597,179.65,4.05,-0.80,0.59,1,-103.00,-6.00,17.00,1.00,19.00,7.00,13067528,356
654.06,1547616495,13463.61,51.48912055,7.40177629,179.64,3.26,-0.79,0.18,1,-103.00,-6.00,17.00,1.00,19.00,7.00,13067528,356
655.06,1547616496,13466.87,51.48914652,7.40177645,179.63,2.28,-0.98,1.00,1,-103.00,-6.00,17.00,1.00,19.00,7.00,13067528,356
656.05,1547616497,13469.15,51.48916267,7.40177575,179.63,1.71,-0.57,0.36,1,-105.00,-6.00,15.00,15.00,17.00,7.00,13067528,356
657.05,1547616498,13470.87,51.48917582,7.40177613,179.62,1.15,-0.56,357.29,1,-105.00,-6.00,15.00,15.00,17.00,7.00,13067528,356
658.05,1547616499,13472.02,51.48917582,7.40177613,179.62,0.00,-1.15,357.29,1,-104.00,-6.00,19.00,11.00,18.00,7.00,13067528,356
659.05,1547616500,13472.02,51.48917582,7.40177613,179.62,0.00,0.00,357.29,1,-104.00,-6.00,19.00,11.00,18.00,7.00,13067528,356
660.05,1547616501,13472.02,51.48917582,7.40177613,179.61,0.00,0.00,357.29,1,-105.00,-6.00,14.00,11.00,19.00,7.00,13067528,356
661.07,1547616502,13472.02,51.48917582,7.40177613,179.61,0.00,0.00,357.29,1,-105.00,-6.00,14.00,11.00,19.00,7.00,13067528,356
662.05,1547616503,13472.02,51.48917582,7.40177613,179.60,0.00,0.00,357.29,1,-105.00,-6.00,17.00,11.00,20.00,7.00,13067528,356
663.05,1547616504,13472.02,51.48917582,7.40177613,179.61,0.00,0.00,357.29,1,-105.00,-6.00,17.00,11.00,20.00,7.00,13067528,356
664.06,1547616505,13472.02,51.48917582,7.40177613,179.61,0.00,0.00,357.29,1,-105.00,-6.00,14.00,11.00,19.00,7.00,13067528,356
665.05,1547616506,13472.02,51.48917582,7.40177613,179.61,0.00,0.00,357.29,1,-105.00,-6.00,14.00,11.00,19.00,7.00,13067528,356
666.05,1547616507,13472.02,51.48917582,7.40177613,179.61,0.00,0.00,357.29,1,-105.00,-6.00,17.00,11.00,18.00,7.00,13067528,356
667.05,1547616508,13472.02,51.48917582,7.40177613,179.61,0.00,0.00,357.29,1,-105.00,-6.00,17.00,11.00,18.00,7.00,13067528,356
668.05,1547616509,13472.02,51.48917582,7.40177613,179.61,0.00,0.00,357.29,1,-106.00,-6.00,26.00,11.00,19.00,7.00,13067528,356
669.05,1547616510,13472.02,51.48917582,7.40177613,179.61,0.00,0.00,357.29,1,-106.00,-6.00,26.00,11.00,19.00,7.00,13067528,356
670.05,1547616511,13472.02,51.48928350,7.40163510,179.60,0.00,0.00,353.36,1,-104.00,-6.00,18.00,11.00,19.00,7.00,13067528,356
671.05,1547616512,13472.02,51.48923248,7.40178298,179.55,0.00,0.00,355.72,1,-104.00,-6.00,18.00,11.00,19.00,7.00,13067528,356
672.05,1547616513,13472.02,51.48928626,7.40178461,179.26,5.87,0.00,357.26,1,-104.00,-9.00,19.00,10.00,21.00,7.00,13067528,356
673.05,1547616514,13477.89,51.48932939,7.40179095,179.20,6.53,0.66,359.90,1,-104.00,-9.00,19.00,10.00,21.00,7.00,13067528,356
674.06,1547616515,13484.50,51.48938359,7.40185028,179.04,6.59,0.06,38.24,1,-106.00,-6.00,16.00,10.00,19.00,7.00,13067528,356
675.06,1547616516,13491.04,51.48940502,7.40193253,178.76,7.39,0.80,69.07,1,-106.00,-6.00,16.00,10.00,19.00,7.00,13067528,356
676.06,1547616517,13498.43,51.48940937,7.40201260,179.14,8.17,0.78,86.47,1,-106.00,-6.00,16.00,10.00,19.00,7.00,13067528,356
677.05,1547616518,13506.59,51.48941945,7.40216019,179.41,10.01,1.84,87.62,1,-110.00,-8.00,9.00,7.00,14.00,7.00,13067528,356
678.06,1547616519,13516.60,51.48942369,7.40231748,179.55,10.86,0.85,88.63,1,-110.00,-8.00,9.00,7.00,14.00,7.00,13067528,356
679.06,1547616520,13527.46,51.48942500,7.40250583,179.80,12.00,1.13,89.09,1,-109.00,-9.00,8.00,7.00,18.00,7.00,13067528,356
680.06,1547616521,13539.46,51.48942830,7.40268432,179.75,12.95,0.95,89.63,1,-109.00,-9.00,8.00,7.00,18.00,7.00,13067528,356
681.06,1547616522,13552.47,51.48942791,7.40286271,179.61,13.83,0.88,90.01,1,-110.00,-8.00,7.00,7.00,15.00,7.00,13067528,356
682.05,1547616523,13566.20,51.48942857,7.40306338,179.54,14.54,0.72,90.59,1,-110.00,-8.00,7.00,7.00,15.00,7.00,13067528,356
683.05,1547616524,13580.73,51.48942701,7.40331490,179.33,15.51,0.97,91.01,1,-113.00,-11.00,7.00,6.00,16.00,7.00,13067528,356
684.06,1547616525,13596.28,51.48942252,7.40355087,179.09,14.33,-1.17,91.22,1,-113.00,-11.00,7.00,6.00,16.00,7.00,13067528,356
685.06,1547616526,13610.64,51.48941496,7.40374036,179.25,13.18,-1.15,90.77,1,-110.00,-8.00,9.00,8.00,15.00,7.00,13067528,356
686.06,1547616527,13623.81,51.48941106,7.40391940,179.53,12.22,-0.96,91.23,1,-110.00,-8.00,9.00,8.00,15.00,7.00,13067528,356
687.06,1547616528,13636.01,51.48940779,7.40408352,179.84,11.49,-0.72,91.19,1,-114.00,-10.00,4.00,6.00,14.00,7.00,13067528,356
688.06,1547616529,13647.51,51.48940505,7.40423608,180.02,10.69,-0.81,90.97,1,-114.00,-10.00,4.00,6.00,14.00,7.00,13067528,356
689.06,1547616530,13658.20,51.48940282,7.40439917,180.24,10.85,0.16,90.20,1,-111.00,-9.00,5.00,7.00,15.00,7.00,13067528,356
690.05,1547616531,13669.02,51.48932440,7.40434860,178.60,11.84,1.00,90.56,1,-111.00,-9.00,5.00,7.00,15.00,7.00,13067528,356
691.06,1547616532,13680.88,51.48940034,7.40472547,180.22,12.55,0.71,90.41,1,-113.00,-10.00,3.00,6.00,15.00,7.00,13067528,356
692.05,1547616533,13693.41,51.48939821,7.40491790,180.34,13.03,0.48,89.99,1,-113.00,-10.00,3.00,6.00,15.00,7.00,13067528,356
693.05,1547616534,13706.43,51.48939653,7.40511047,180.59,12.70,-0.33,89.49,1,-108.00,-12.00,7.00,11.00,24.00,7.00,13067528,356
694.06,1547616535,13719.16,51.48939714,7.40531102,181.21,12.37,-0.33,88.93,1,-108.00,-12.00,7.00,11.00,24.00,7.00,13067528,356
695.06,1547616536,13731.55,51.48940188,7.40551331,182.31,12.34,-0.02,87.64,1,-107.00,-9.00,4.00,10.00,19.00,7.00,13067528,356
696.06,1547616537,13743.90,51.48941057,7.40568167,182.59,12.59,0.25,85.80,1,-107.00,-9.00,4.00,10.00,19.00,7.00,13067528,356
697.06,1547616538,13756.56,51.48942359,7.40584540,182.28,12.84,0.25,83.66,1,-97.00,-5.00,11.00,15.00,24.00,70.00,13067274,289
698.06,1547616539,13769.31,51.48944452,7.40599788,181.70,13.11,0.27,81.93,1,-97.00,-5.00,11.00,15.00,24.00,70.00,13067274,289
699.06,1547616540,13782.42,51.48946662,7.40618651,181.81,13.28,0.16,80.53,1,-97.00,-5.00,11.00,15.00,24.00,70.00,13067274,289
700.06,1547616541,13795.69,51.48949105,7.40636656,181.88,13.12,-0.15,79.52,1,-95.00,-5.00,22.00,15.00,26.00,70.00,13067274,289
701.06,1547616542,13808.82,51.48952173,7.40656319,182.04,13.24,0.12,78.92,1,-95.00,-5.00,22.00,15.00,26.00,70.00,13067274,289
702.05,1547616543,13822.02,51.48955684,7.40675339,182.13,13.67,0.43,78.31,1,-94.00,-5.00,21.00,15.00,26.00,70.00,13067274,289
703.05,1547616544,13835.69,51.48958523,7.40692472,181.86,13.34,-0.33,78.83,1,-94.00,-5.00,21.00,15.00,26.00,70.00,13067274,289
704.06,1547616545,13849.09,51.48961285,7.40709445,181.36,13.06,-0.28,79.58,1,-95.00,-8.00,20.00,13.00,31.00,70.00,13067274,289
705.06,1547616546,13862.14,51.48964184,7.40729716,180.97,14.00,0.94,78.87,1,-95.00,-8.00,20.00,13.00,31.00,70.00,13067274,289
706.06,1547616547,13876.18,51.48967323,7.40750247,180.53,14.06,0.06,78.03,1,-97.00,-5.00,19.00,13.00,26.00,70.00,13067274,289
707.06,1547616548,13890.22,51.48970228,7.40769450,179.92,13.90,-0.16,78.37,1,-97.00,-5.00,19.00,13.00,26.00,70.00,13067274,289
708.06,1547616549,13904.13,51.48973024,7.40788641,179.55,14.09,0.18,78.03,1,-98.00,-6.00,18.00,13.00,23.00,70.00,13067274,289
709.06,1547616550,13918.22,51.48975883,7.40809987,179.14,14.34,0.26,78.27,1,-98.00,-6.00,18.00,13.00,23.00,70.00,13067274,289
710.06,1547616551,13932.55,51.48978623,7.40830211,178.80,14.41,0.06,77.85,1,-103.00,-6.00,16.00,11.00,22.00,70.00,13067274,289
711.06,1547616552,13946.96,51.48981478,7.40850207,178.69,14.56,0.16,77.36,1,-103.00,-6.00,16.00,11.00,22.00,70.00,13067274,289
712.05,1547616553,13961.45,51.48984428,7.40873360,178.76,14.61,0.04,77.13,1,-104.00,-9.00,13.00,12.00,25.00,70.00,13067274,289
713.05,1547616554,13976.10,51.48987574,7.40894750,178.64,14.72,0.11,76.58,1,-104.00,-9.00,13.00,12.00,25.00,70.00,13067274,289
714.06,1547616555,13990.83,51.48990622,7.40915134,178.22,14.81,0.10,76.46,1,-102.00,-7.00,12.00,12.00,22.00,70.00,13067274,289
715.06,1547616556,14005.64,51.48993755,7.40936109,177.45,14.79,-0.02,76.40,1,-102.00,-7.00,12.00,12.00,22.00,70.00,13067274,289
716.06,1547616557,14020.44,51.48996871,7.40957609,176.77,14.85,0.06,76.46,1,-103.00,-5.00,11.00,12.00,18.00,70.00,13067274,289
717.06,1547616558,14035.29,51.48999703,7.40979458,176.04,14.88,0.03,76.81,1,-103.00,-5.00,11.00,12.00,18.00,70.00,13067274,289
718.06,1547616559,14050.29,51.49002201,7.41000675,175.34,14.87,-0.01,77.30,1,-102.00,-5.00,13.00,12.00,20.00,70.00,13067274,289
719.06,1547616560,14065.05,51.49004218,7.41021525,174.68,14.98,0.12,77.88,1,-102.00,-5.00,13.00,12.00,20.00,70.00,13067274,289
720.06,1547616561,14080.02,51.49006306,7.41039353,173.62,14.08,-0.91,78.27,1,-102.00,-5.00,13.00,12.00,20.00,70.00,13067274,289
721.06,1547616562,14094.11,51.49008322,7.41057067,172.12,13.82,-0.25,77.31,1,-102.00,-5.00,14.00,13.00,20.00,70.00,13067274,289
722.06,1547616563,14107.95,51.49010936,7.41074440,170.98,13.56,-0.26,76.70,1,-102.00,-5.00,14.00,13.00,20.00,70.00,13067274,289
723.05,1547616564,14121.47,51.49014202,7.41093701,170.28,13.33,-0.23,76.75,1,-107.00,-6.00,15.00,12.00,15.00,70.00,13067274,289
724.05,1547616565,14134.80,51.49017361,7.41113761,170.39,12.47,-0.86,77.79,1,-107.00,-6.00,15.00,12.00,15.00,70.00,13067274,289
