0.05,1547702760,0.03,51.44962938,7.48840374,251.01,10.60,0.00,172.43,0,-113.00,-15.00,0.00,0.00,28.00,0.00,0,118
50.07,1547702810,666.98,51.44463256,7.49158735,273.94,4.08,0.00,127.89,0,-108.00,-13.00,0.00,0.00,32.00,0.00,0,431
51.07,1547702811,671.06,51.44462416,7.49161079,273.92,1.58,0.00,129.53,0,-108.00,-13.00,0.00,0.00,32.00,0.00,0,431
62.06,1547702822,672.64,51.44457466,7.49171430,276.32,5.51,0.00,134.46,0,-101.00,-16.00,0.00,0.00,41.00,0.00,0,431
63.06,1547702823,678.15,51.44452809,7.49174396,277.02,5.94,0.00,158.92,0,-101.00,-16.00,0.00,0.00,41.00,0.00,0,431
85.06,1547702845,977.62,51.44226345,7.48920711,275.60,15.95,0.00,218.10,0,-83.00,-11.00,0.00,0.00,54.00,0.00,0,431
86.06,1547702846,993.62,51.44214370,7.48905797,276.04,16.29,0.00,218.62,0,-83.00,-11.00,0.00,0.00,54.00,0.00,0,431
87.06,1547702847,1009.92,51.44202973,7.48890891,276.65,16.09,0.00,219.37,0,-80.00,-9.00,0.00,0.00,55.00,0.00,0,431
88.06,1547702848,1025.99,51.44192082,7.48875454,277.51,16.24,0.00,221.21,0,-80.00,-9.00,0.00,0.00,55.00,0.00,0,431
89.06,1547702849,1042.24,51.44181065,7.48859213,278.40,16.04,0.00,222.76,0,-77.00,-8.00,0.00,0.00,57.00,0.00,0,431
90.06,1547702850,1058.28,51.44171267,7.48843196,279.29,16.16,0.00,224.51,0,-77.00,-8.00,0.00,0.00,57.00,0.00,0,431
91.07,1547702851,1074.47,51.44162168,7.48826939,279.63,15.22,0.00,225.84,0,-77.00,-8.00,0.00,0.00,57.00,0.00,0,431
106.06,1547702866,1294.90,51.44040620,7.48566326,275.32,15.42,0.00,232.93,0,-82.00,-9.00,0.00,0.00,53.00,0.00,0,430
107.06,1547702867,1310.33,51.44032939,7.48548655,275.09,15.47,0.00,232.44,0,-82.00,-9.00,0.00,0.00,53.00,0.00,0,430
108.06,1547702868,1325.80,51.44024910,7.48531276,275.43,15.34,0.00,232.96,0,-79.00,-7.00,0.00,0.00,55.00,0.00,0,430
109.06,1547702869,1341.15,51.44016545,7.48513311,275.44,15.66,0.00,233.58,0,-79.00,-7.00,0.00,0.00,55.00,0.00,0,430
110.07,1547702870,1356.94,51.44008109,7.48495640,275.19,15.89,0.00,233.05,0,-79.00,-8.00,0.00,0.00,54.00,0.00,0,430
111.07,1547702871,1372.72,51.43998769,7.48476700,275.48,15.83,0.00,233.48,0,-79.00,-8.00,0.00,0.00,54.00,0.00,0,430
112.06,1547702872,1388.48,51.43990455,7.48458594,275.59,15.54,0.00,232.58,0,-79.00,-8.00,0.00,0.00,54.00,0.00,0,430
134.06,1547702894,1739.13,51.43821501,7.48009453,288.36,17.13,0.00,240.70,0,-106.00,-10.00,0.00,0.00,30.00,0.00,0,38
135.07,1547702895,1756.28,51.43814473,7.47988727,288.07,15.33,0.00,241.35,0,-106.00,-10.00,0.00,0.00,30.00,0.00,0,38
136.06,1547702896,1771.59,51.43807574,7.47967442,287.41,15.59,0.00,241.86,0,-104.00,-8.00,0.00,0.00,29.00,0.00,0,38
137.06,1547702897,1787.17,51.43800840,7.47946732,286.71,14.90,0.00,241.76,0,-104.00,-8.00,0.00,0.00,29.00,0.00,0,38
138.07,1547702898,1802.10,51.43794634,7.47926909,286.57,15.32,0.00,240.97,0,-105.00,-8.00,0.00,0.00,29.00,0.00,0,38
139.06,1547702899,1817.37,51.43788565,7.47907767,286.81,14.79,0.00,241.81,0,-105.00,-8.00,0.00,0.00,29.00,0.00,0,38
140.07,1547702900,1832.21,51.43782490,7.47889337,286.49,14.33,0.00,242.77,0,-107.00,-10.00,0.00,0.00,28.00,0.00,0,38
140.07,1547702900,1832.22,51.43782490,7.47889337,286.49,14.33,0.00,242.77,0,-112.00,-13.00,0.00,0.00,27.00,0.00,0,70
141.07,1547702901,1846.55,51.43775958,7.47869603,286.33,15.26,0.00,242.37,0,-107.00,-10.00,0.00,0.00,28.00,0.00,0,38
141.07,1547702901,1846.57,51.43775958,7.47869603,286.33,15.26,0.00,242.37,0,-112.00,-13.00,0.00,0.00,27.00,0.00,0,70
142.07,1547702902,1861.81,51.43768714,7.47847957,286.87,15.21,0.00,241.83,0,-107.00,-12.00,0.00,0.00,30.00,0.00,0,38
142.07,1547702902,1861.83,51.43768714,7.47847957,286.87,15.21,0.00,241.83,0,-111.00,-15.00,0.00,0.00,30.00,0.00,0,70
143.07,1547702903,1877.01,51.43762093,7.47828301,287.59,15.03,0.00,242.23,0,-107.00,-12.00,0.00,0.00,30.00,0.00,0,38
143.07,1547702903,1877.02,51.43762093,7.47828301,287.59,15.03,0.00,242.23,0,-111.00,-15.00,0.00,0.00,30.00,0.00,0,70
144.07,1547702904,1892.05,51.43755745,7.47809040,287.83,14.49,0.00,242.00,0,-107.00,-11.00,0.00,0.00,30.00,0.00,0,38
144.07,1547702904,1892.06,51.43755745,7.47809040,287.83,14.49,0.00,242.00,0,-111.00,-16.00,0.00,0.00,30.00,0.00,0,70
145.06,1547702905,1906.51,51.43749690,7.47790840,287.70,13.64,0.00,242.72,0,-107.00,-11.00,0.00,0.00,30.00,0.00,0,38
145.07,1547702905,1906.52,51.43749690,7.47790840,287.70,13.64,0.00,242.72,0,-111.00,-16.00,0.00,0.00,30.00,0.00,0,70
146.07,1547702906,1920.20,51.43744510,7.47772597,288.41,13.72,0.00,243.61,0,-110.00,-12.00,0.00,0.00,28.00,0.00,0,38
146.07,1547702906,1920.21,51.43744510,7.47772597,288.41,13.72,0.00,243.61,0,-111.00,-14.00,0.00,0.00,28.00,0.00,0,70
146.07,1547702906,1920.23,51.43744510,7.47772597,288.41,13.72,0.00,243.61,0,-111.00,-15.00,0.00,0.00,31.00,0.00,0,457
146.07,1547702906,1920.24,51.43744510,7.47772597,288.41,13.72,0.00,243.61,0,-111.00,-16.00,0.00,0.00,31.00,0.00,0,408
146.07,1547702906,1920.24,51.43744510,7.47772597,288.41,13.72,0.00,243.61,0,-111.00,-16.00,0.00,0.00,31.00,0.00,0,135
147.07,1547702907,1933.92,51.43739279,7.47755409,289.29,13.69,0.00,242.65,0,-110.00,-12.00,0.00,0.00,28.00,0.00,0,38
147.07,1547702907,1933.93,51.43739279,7.47755409,289.29,13.69,0.00,242.65,0,-111.00,-14.00,0.00,0.00,28.00,0.00,0,70
147.07,1547702907,1933.95,51.43739279,7.47755409,289.29,13.69,0.00,242.65,0,-111.00,-15.00,0.00,0.00,31.00,0.00,0,457
147.07,1547702907,1933.96,51.43739279,7.47755409,289.29,13.69,0.00,242.65,0,-111.00,-16.00,0.00,0.00,31.00,0.00,0,408
147.07,1547702907,1933.96,51.43739279,7.47755409,289.29,13.69,0.00,242.65,0,-111.00,-16.00,0.00,0.00,31.00,0.00,0,135
148.07,1547702908,1947.62,51.43734283,7.47739848,290.44,13.27,0.00,242.86,0,-112.00,-12.00,0.00,0.00,26.00,0.00,0,38
148.07,1547702908,1947.64,51.43734283,7.47739848,290.44,13.27,0.00,242.86,0,-112.00,-12.00,0.00,0.00,26.00,0.00,0,70
148.07,1547702908,1947.64,51.43734283,7.47739848,290.44,13.27,0.00,242.86,0,-118.00,-18.00,0.00,0.00,26.00,0.00,0,118
148.07,1547702908,1947.65,51.43734283,7.47739848,290.44,13.27,0.00,242.86,0,-108.00,-15.00,0.00,0.00,33.00,0.00,0,457
148.07,1547702908,1947.66,51.43734283,7.47739848,290.44,13.27,0.00,242.86,0,-111.00,-17.00,0.00,0.00,33.00,0.00,0,71
148.07,1547702908,1947.68,51.43734283,7.47739848,290.44,13.27,0.00,242.86,0,-111.00,-18.00,0.00,0.00,34.00,0.00,0,213
149.07,1547702909,1960.89,51.43728781,7.47722522,290.96,14.17,0.00,243.52,0,-112.00,-12.00,0.00,0.00,26.00,0.00,0,38
149.07,1547702909,1960.91,51.43728781,7.47722522,290.96,14.17,0.00,243.52,0,-112.00,-12.00,0.00,0.00,26.00,0.00,0,70
149.07,1547702909,1960.92,51.43728781,7.47722522,290.96,14.17,0.00,243.52,0,-118.00,-18.00,0.00,0.00,26.00,0.00,0,118
149.07,1547702909,1960.93,51.43728781,7.47722522,290.96,14.17,0.00,243.52,0,-108.00,-15.00,0.00,0.00,33.00,0.00,0,457
149.07,1547702909,1960.93,51.43728781,7.47722522,290.96,14.17,0.00,243.52,0,-111.00,-17.00,0.00,0.00,33.00,0.00,0,71
149.07,1547702909,1960.95,51.43728781,7.47722522,290.96,14.17,0.00,243.52,0,-111.00,-18.00,0.00,0.00,34.00,0.00,0,213
150.07,1547702910,1975.05,51.43724049,7.47705163,291.25,13.12,0.00,245.08,0,-111.00,-11.00,0.00,0.00,26.00,0.00,0,70
150.07,1547702910,1975.08,51.43724049,7.47705163,291.25,13.12,0.00,245.08,0,-112.00,-13.00,0.00,0.00,26.00,0.00,0,38
150.07,1547702910,1975.09,51.43724049,7.47705163,291.25,13.12,0.00,245.08,0,-108.00,-14.00,0.00,0.00,33.00,0.00,0,457
150.07,1547702910,1975.09,51.43724049,7.47705163,291.25,13.12,0.00,245.08,0,-110.00,-16.00,0.00,0.00,33.00,0.00,0,213
150.07,1547702910,1975.10,51.43724049,7.47705163,291.25,13.12,0.00,245.08,0,-111.00,-17.00,0.00,0.00,33.00,0.00,0,378
151.07,1547702911,1988.15,51.43719711,7.47687663,291.40,12.19,0.00,248.09,0,-111.00,-11.00,0.00,0.00,26.00,0.00,0,70
151.07,1547702911,1988.17,51.43719711,7.47687663,291.40,12.19,0.00,248.09,0,-112.00,-13.00,0.00,0.00,26.00,0.00,0,38
151.07,1547702911,1988.18,51.43719711,7.47687663,291.40,12.19,0.00,248.09,0,-108.00,-14.00,0.00,0.00,33.00,0.00,0,457
151.07,1547702911,1988.18,51.43719711,7.47687663,291.40,12.19,0.00,248.09,0,-110.00,-16.00,0.00,0.00,33.00,0.00,0,213
151.07,1547702911,1988.19,51.43719711,7.47687663,291.40,12.19,0.00,248.09,0,-111.00,-17.00,0.00,0.00,33.00,0.00,0,378
152.06,1547702912,2000.30,51.43718309,7.47669664,291.39,11.42,0.00,263.87,0,-112.00,-13.00,0.00,0.00,30.00,0.00,0,70
153.07,1547702913,2011.74,51.43717272,7.47651143,290.97,10.47,0.00,266.79,0,-112.00,-13.00,0.00,0.00,30.00,0.00,0,70
199.06,1547702959,2883.70,51.44260788,7.48473629,274.84,20.60,0.00,25.76,0,-80.00,-11.00,0.00,0.00,57.00,0.00,0,429
200.06,1547702960,2904.30,51.44276948,7.48486012,273.87,20.36,0.00,24.61,0,-80.00,-11.00,0.00,0.00,57.00,0.00,0,429
201.06,1547702961,2924.62,51.44292684,7.48498490,273.09,20.24,0.00,23.90,0,-80.00,-10.00,0.00,0.00,56.00,0.00,0,429
202.06,1547702962,2944.83,51.44308480,7.48510728,272.54,20.08,0.00,23.80,0,-80.00,-10.00,0.00,0.00,56.00,0.00,0,429
203.06,1547702963,2964.99,51.44324704,7.48522855,272.10,19.92,0.00,23.65,0,-74.00,-8.00,0.00,0.00,62.00,0.00,0,429
204.06,1547702964,2984.90,51.44340851,7.48534135,272.29,19.79,0.00,23.44,0,-74.00,-8.00,0.00,0.00,62.00,0.00,0,429
241.06,1547703001,3583.95,51.44369093,7.48325347,265.78,22.90,0.00,267.55,0,-82.00,-9.00,0.00,0.00,52.00,0.00,0,430
242.06,1547703002,3606.90,51.44368554,7.48292909,265.92,22.93,0.00,267.55,0,-82.00,-9.00,0.00,0.00,52.00,0.00,0,430
243.06,1547703003,3629.90,51.44367923,7.48259670,265.92,23.08,0.00,267.25,0,-84.00,-10.00,0.00,0.00,52.00,0.00,0,430
244.06,1547703004,3652.95,51.44367237,7.48225927,265.78,23.68,0.00,266.71,0,-84.00,-10.00,0.00,0.00,52.00,0.00,0,430
245.06,1547703005,3676.63,51.44366467,7.48191568,265.51,24.02,0.00,266.65,0,-91.00,-11.00,0.00,0.00,47.00,0.00,0,429
246.06,1547703006,3700.68,51.44365067,7.48156126,265.23,24.73,0.00,266.07,0,-91.00,-11.00,0.00,0.00,47.00,0.00,0,429
247.06,1547703007,3725.41,51.44363788,7.48120519,264.78,24.75,0.00,266.07,0,-95.00,-11.00,0.00,0.00,41.00,0.00,0,429
248.06,1547703008,3750.15,51.44362382,7.48084765,264.21,24.38,0.00,265.50,0,-95.00,-11.00,0.00,0.00,41.00,0.00,0,429
268.07,1547703028,4226.56,51.44300068,7.47409959,253.40,23.26,0.00,258.48,0,-98.00,-8.00,0.00,0.00,35.00,0.00,0,397
268.07,1547703028,4226.59,51.44300068,7.47409959,253.40,23.26,0.00,258.48,0,-104.00,-10.00,0.00,0.00,32.00,0.00,0,72
269.06,1547703029,4249.81,51.44295713,7.47376226,252.77,23.74,0.00,258.41,0,-98.00,-8.00,0.00,0.00,35.00,0.00,0,397
269.07,1547703029,4249.83,51.44295713,7.47376226,252.77,23.74,0.00,258.41,0,-104.00,-10.00,0.00,0.00,32.00,0.00,0,72
270.06,1547703030,4273.53,51.44290556,7.47341547,252.11,24.61,0.00,256.38,0,-91.00,-7.00,0.00,0.00,41.00,0.00,0,397
271.06,1547703031,4298.14,51.44285054,7.47306897,251.62,25.42,0.00,256.66,0,-91.00,-7.00,0.00,0.00,41.00,0.00,0,397
272.06,1547703032,4323.58,51.44279944,7.47270085,251.19,26.45,0.00,257.67,0,-108.00,-12.00,0.00,0.00,30.00,0.00,0,430
273.06,1547703033,4349.95,51.44275033,7.47231515,250.66,27.49,0.00,258.67,0,-108.00,-12.00,0.00,0.00,30.00,0.00,0,430
276.06,1547703036,4434.80,51.44259883,7.47108184,248.80,29.65,0.00,258.37,0,-108.00,-8.00,0.00,0.00,25.00,0.00,0,430
277.06,1547703037,4464.48,51.44254514,7.47065353,248.03,30.28,0.00,258.17,0,-108.00,-8.00,0.00,0.00,25.00,0.00,0,430
278.07,1547703038,4494.79,51.44249099,7.47022030,247.23,30.35,0.00,258.11,0,-110.00,-9.00,0.00,0.00,25.00,0.00,0,430
278.07,1547703038,4494.82,51.44249099,7.47022030,247.23,30.35,0.00,258.11,0,-112.00,-10.00,0.00,0.00,23.00,0.00,0,72
278.07,1547703038,4494.82,51.44249099,7.47022030,247.23,30.35,0.00,258.11,0,-115.00,-14.00,0.00,0.00,24.00,0.00,0,16
279.07,1547703039,4525.14,51.44243553,7.46978394,246.46,30.54,0.00,257.92,0,-110.00,-9.00,0.00,0.00,25.00,0.00,0,430
279.07,1547703039,4525.17,51.44243553,7.46978394,246.46,30.54,0.00,257.92,0,-112.00,-10.00,0.00,0.00,23.00,0.00,0,72
279.07,1547703039,4525.20,51.44243553,7.46978394,246.46,30.54,0.00,257.92,0,-115.00,-14.00,0.00,0.00,24.00,0.00,0,16
280.07,1547703040,4555.74,51.44237733,7.46933523,245.82,30.95,0.00,258.02,0,-103.00,-19.00,0.00,0.00,43.00,0.00,0,229
280.07,1547703040,4555.78,51.44237733,7.46933523,245.82,30.95,0.00,258.02,0,-103.00,-20.00,0.00,0.00,42.00,0.00,0,51
280.07,1547703040,4555.81,51.44237733,7.46933523,245.82,30.95,0.00,258.02,0,-110.00,-10.00,0.00,0.00,26.00,0.00,0,430
280.07,1547703040,4555.81,51.44237733,7.46933523,245.82,30.95,0.00,258.02,0,-113.00,-13.00,0.00,0.00,25.00,0.00,0,397
280.07,1547703040,4555.84,51.44237733,7.46933523,245.82,30.95,0.00,258.02,0,-115.00,-12.00,0.00,0.00,24.00,0.00,0,72
281.07,1547703041,4586.75,51.44231849,7.46888456,245.14,31.08,0.00,258.04,0,-103.00,-19.00,0.00,0.00,43.00,0.00,0,229
281.07,1547703041,4586.78,51.44231849,7.46888456,245.14,31.08,0.00,258.04,0,-103.00,-20.00,0.00,0.00,42.00,0.00,0,51
281.07,1547703041,4586.82,51.44231849,7.46888456,245.14,31.08,0.00,258.04,0,-110.00,-10.00,0.00,0.00,26.00,0.00,0,430
281.07,1547703041,4586.82,51.44231849,7.46888456,245.14,31.08,0.00,258.04,0,-113.00,-13.00,0.00,0.00,25.00,0.00,0,397
281.07,1547703041,4586.85,51.44231849,7.46888456,245.14,31.08,0.00,258.04,0,-115.00,-12.00,0.00,0.00,24.00,0.00,0,72
282.07,1547703042,4617.96,51.44225967,7.46843629,244.51,31.53,0.00,258.40,0,-110.00,-11.00,0.00,0.00,27.00,0.00,0,430
282.07,1547703042,4617.99,51.44225967,7.46843629,244.51,31.53,0.00,258.40,0,-111.00,-12.00,0.00,0.00,26.00,0.00,0,397
282.08,1547703042,4618.03,51.44225967,7.46843629,244.51,31.53,0.00,258.40,0,-114.00,-13.00,0.00,0.00,26.00,0.00,0,72
283.07,1547703043,4649.30,51.44220203,7.46799134,243.94,31.42,0.00,258.59,0,-110.00,-11.00,0.00,0.00,27.00,0.00,0,430
283.07,1547703043,4649.33,51.44220203,7.46799134,243.94,31.42,0.00,258.59,0,-111.00,-12.00,0.00,0.00,26.00,0.00,0,397
283.07,1547703043,4649.36,51.44220203,7.46799134,243.94,31.42,0.00,258.59,0,-114.00,-13.00,0.00,0.00,26.00,0.00,0,72
284.07,1547703044,4680.66,51.44214558,7.46754259,243.24,31.25,0.00,259.13,0,-110.00,-11.00,0.00,0.00,27.00,0.00,0,430
284.07,1547703044,4680.69,51.44214558,7.46754259,243.24,31.25,0.00,259.13,0,-111.00,-12.00,0.00,0.00,26.00,0.00,0,397
284.07,1547703044,4680.72,51.44214558,7.46754259,243.24,31.25,0.00,259.13,0,-114.00,-13.00,0.00,0.00,26.00,0.00,0,72
291.07,1547703051,4896.43,51.44182242,7.46448931,238.25,29.87,0.00,261.96,0,-103.00,-14.00,0.00,0.00,39.00,0.00,0,229
291.07,1547703051,4896.46,51.44182242,7.46448931,238.25,29.87,0.00,261.96,0,-105.00,-17.00,0.00,0.00,39.00,0.00,0,51
291.07,1547703051,4896.46,51.44182242,7.46448931,238.25,29.87,0.00,261.96,0,-105.00,-10.00,0.00,0.00,30.00,0.00,0,118
291.07,1547703051,4896.49,51.44182242,7.46448931,238.25,29.87,0.00,261.96,0,-108.00,-11.00,0.00,0.00,30.00,0.00,0,72
291.07,1547703051,4896.52,51.44182242,7.46448931,238.25,29.87,0.00,261.96,0,-108.00,-10.00,0.00,0.00,27.00,0.00,0,430
291.07,1547703051,4896.52,51.44182242,7.46448931,238.25,29.87,0.00,261.96,0,0.00,0.00,0.00,0.00,63.00,0.00,0,427
292.07,1547703052,4926.28,51.44178764,7.46406252,237.62,29.90,0.00,262.37,0,-103.00,-14.00,0.00,0.00,39.00,0.00,0,229
292.07,1547703052,4926.31,51.44178764,7.46406252,237.62,29.90,0.00,262.37,0,-105.00,-17.00,0.00,0.00,39.00,0.00,0,51
292.07,1547703052,4926.34,51.44178764,7.46406252,237.62,29.90,0.00,262.37,0,-105.00,-10.00,0.00,0.00,30.00,0.00,0,118
292.07,1547703052,4926.37,51.44178764,7.46406252,237.62,29.90,0.00,262.37,0,-108.00,-11.00,0.00,0.00,30.00,0.00,0,72
292.07,1547703052,4926.37,51.44178764,7.46406252,237.62,29.90,0.00,262.37,0,-108.00,-10.00,0.00,0.00,27.00,0.00,0,430
292.07,1547703052,4926.40,51.44178764,7.46406252,237.62,29.90,0.00,262.37,0,0.00,0.00,0.00,0.00,63.00,0.00,0,427
293.07,1547703053,4956.15,51.44175461,7.46362165,236.77,30.44,0.00,263.15,0,-105.00,-8.00,0.00,0.00,28.00,0.00,0,118
293.07,1547703053,4956.18,51.44175461,7.46362165,236.77,30.44,0.00,263.15,0,-106.00,-10.00,0.00,0.00,28.00,0.00,0,72
293.07,1547703053,4956.21,51.44175461,7.46362165,236.77,30.44,0.00,263.15,0,-109.00,-11.00,0.00,0.00,27.00,0.00,0,430
293.07,1547703053,4956.24,51.44175461,7.46362165,236.77,30.44,0.00,263.15,0,0.00,0.00,0.00,0.00,63.00,0.00,0,427
294.07,1547703054,4986.59,51.44172022,7.46317577,235.85,30.82,0.00,263.62,0,-105.00,-8.00,0.00,0.00,28.00,0.00,0,118
294.07,1547703054,4986.65,51.44172022,7.46317577,235.85,30.82,0.00,263.62,0,-106.00,-10.00,0.00,0.00,28.00,0.00,0,72
294.07,1547703054,4986.65,51.44172022,7.46317577,235.85,30.82,0.00,263.62,0,-109.00,-11.00,0.00,0.00,27.00,0.00,0,430
294.07,1547703054,4986.68,51.44172022,7.46317577,235.85,30.82,0.00,263.62,0,0.00,0.00,0.00,0.00,63.00,0.00,0,427
295.07,1547703055,5017.47,51.44169433,7.46273049,235.19,31.30,0.00,264.24,0,-103.00,-14.00,0.00,0.00,36.00,0.00,0,449
295.07,1547703055,5017.50,51.44169433,7.46273049,235.19,31.30,0.00,264.24,0,-103.00,-15.00,0.00,0.00,38.00,0.00,0,229
295.07,1547703055,5017.53,51.44169433,7.46273049,235.19,31.30,0.00,264.24,0,-105.00,-16.00,0.00,0.00,37.00,0.00,0,54
295.07,1547703055,5017.56,51.44169433,7.46273049,235.19,31.30,0.00,264.24,0,0.00,0.00,0.00,0.00,63.00,0.00,0,427
296.08,1547703056,5049.24,51.44166686,7.46227852,234.60,31.56,0.00,264.30,0,-103.00,-14.00,0.00,0.00,36.00,0.00,0,449
296.08,1547703056,5049.24,51.44166686,7.46227852,234.60,31.56,0.00,264.30,0,-103.00,-15.00,0.00,0.00,38.00,0.00,0,229
296.08,1547703056,5049.28,51.44166686,7.46227852,234.60,31.56,0.00,264.30,0,-105.00,-16.00,0.00,0.00,37.00,0.00,0,54
296.08,1547703056,5049.31,51.44166686,7.46227852,234.60,31.56,0.00,264.30,0,0.00,0.00,0.00,0.00,63.00,0.00,0,427
297.07,1547703057,5080.30,51.44164014,7.46182228,234.17,32.05,0.00,265.16,0,-100.00,-13.00,0.00,0.00,40.00,0.00,0,229
297.07,1547703057,5080.33,51.44164014,7.46182228,234.17,32.05,0.00,265.16,0,-101.00,-13.00,0.00,0.00,38.00,0.00,0,449
297.07,1547703057,5080.36,51.44164014,7.46182228,234.17,32.05,0.00,265.16,0,0.00,0.00,0.00,0.00,63.00,0.00,0,427
298.07,1547703058,5112.32,51.44161743,7.46135275,233.63,32.54,0.00,265.63,0,-100.00,-13.00,0.00,0.00,40.00,0.00,0,229
298.07,1547703058,5112.35,51.44161743,7.46135275,233.63,32.54,0.00,265.63,0,-101.00,-13.00,0.00,0.00,38.00,0.00,0,449
298.07,1547703058,5112.35,51.44161743,7.46135275,233.63,32.54,0.00,265.63,0,0.00,0.00,0.00,0.00,63.00,0.00,0,427
299.07,1547703059,5144.86,51.44159575,7.46088233,233.16,32.92,0.00,266.12,0,-98.00,-13.00,0.00,0.00,40.00,0.00,0,54
299.07,1547703059,5144.89,51.44159575,7.46088233,233.16,32.92,0.00,266.12,0,0.00,0.00,0.00,0.00,63.00,0.00,0,427
300.06,1547703060,5177.67,51.44157917,7.46041085,232.81,33.25,0.00,266.67,0,-98.00,-13.00,0.00,0.00,40.00,0.00,0,54
300.06,1547703060,5177.67,51.44157917,7.46041085,232.81,33.25,0.00,266.67,0,0.00,0.00,0.00,0.00,63.00,0.00,0,427
301.07,1547703061,5211.09,51.44156595,7.45993479,232.74,33.71,0.00,267.39,0,-95.00,-17.00,0.00,0.00,49.00,0.00,0,54
301.07,1547703061,5211.13,51.44156595,7.45993479,232.74,33.71,0.00,267.39,0,-97.00,-18.00,0.00,0.00,47.00,0.00,0,448
301.07,1547703061,5211.13,51.44156595,7.45993479,232.74,33.71,0.00,267.39,0,-95.00,-5.00,0.00,0.00,38.00,0.00,0,72
302.07,1547703062,5244.87,51.44155807,7.45946340,232.51,32.25,0.00,268.38,0,-95.00,-17.00,0.00,0.00,49.00,0.00,0,54
302.07,1547703062,5244.93,51.44155807,7.45946340,232.51,32.25,0.00,268.38,0,-97.00,-18.00,0.00,0.00,47.00,0.00,0,448
302.07,1547703062,5244.96,51.44155807,7.45946340,232.51,32.25,0.00,268.38,0,-95.00,-5.00,0.00,0.00,38.00,0.00,0,72
303.07,1547703063,5277.27,51.44155266,7.45901212,232.48,31.26,0.00,268.63,0,-88.00,-14.00,0.00,0.00,56.00,0.00,0,54
303.08,1547703063,5277.34,51.44155266,7.45901212,232.48,31.26,0.00,268.63,0,-89.00,-5.00,0.00,0.00,46.00,0.00,0,72
304.07,1547703064,5308.31,51.44154567,7.45856792,232.38,30.67,0.00,268.63,0,-88.00,-14.00,0.00,0.00,56.00,0.00,0,54
304.07,1547703064,5308.34,51.44154567,7.45856792,232.38,30.67,0.00,268.63,0,-89.00,-5.00,0.00,0.00,46.00,0.00,0,72
305.06,1547703065,5338.83,51.44153910,7.45813473,232.22,29.89,0.00,269.09,0,-88.00,-14.00,0.00,0.00,56.00,0.00,0,54
305.06,1547703065,5338.83,51.44153910,7.45813473,232.22,29.89,0.00,269.09,0,-89.00,-5.00,0.00,0.00,46.00,0.00,0,72
306.06,1547703066,5368.66,51.44153312,7.45770455,232.01,29.80,0.00,269.20,0,-91.00,-14.00,0.00,0.00,52.00,0.00,0,449
307.06,1547703067,5398.55,51.44153319,7.45727821,231.89,29.76,0.00,269.70,0,-91.00,-14.00,0.00,0.00,52.00,0.00,0,449
312.06,1547703072,5545.48,51.44154992,7.45517364,231.35,29.96,0.00,271.01,0,-93.00,-11.00,0.00,0.00,47.00,0.00,0,449
312.06,1547703072,5545.48,51.44154992,7.45517364,231.35,29.96,0.00,271.01,0,-93.00,-14.00,0.00,0.00,48.00,0.00,0,55
313.06,1547703073,5575.47,51.44156066,7.45474068,231.19,30.29,0.00,272.33,0,-93.00,-11.00,0.00,0.00,47.00,0.00,0,449
313.06,1547703073,5575.50,51.44156066,7.45474068,231.19,30.29,0.00,272.33,0,-93.00,-14.00,0.00,0.00,48.00,0.00,0,55
314.06,1547703074,5605.79,51.44157517,7.45430935,231.05,29.97,0.00,273.58,0,-97.00,-9.00,0.00,0.00,39.00,0.00,0,430
315.06,1547703075,5635.76,51.44159101,7.45387569,230.81,29.97,0.00,274.33,0,-97.00,-9.00,0.00,0.00,39.00,0.00,0,430
341.07,1547703101,6500.97,51.44303135,7.44158790,222.84,35.56,0.00,286.23,0,-80.00,-9.00,0.00,0.00,55.00,0.00,0,74
342.07,1547703102,6536.46,51.44312537,7.44109032,222.30,35.89,0.00,286.59,0,-80.00,-9.00,0.00,0.00,55.00,0.00,0,74
364.06,1547703124,7347.55,51.44618125,7.43056012,203.11,36.67,0.00,307.72,0,-92.00,-7.00,0.00,0.00,41.00,0.00,0,70
365.06,1547703125,7384.19,51.44639229,7.43014779,201.84,36.79,0.00,309.08,0,-92.00,-7.00,0.00,0.00,41.00,0.00,0,70
366.06,1547703126,7421.01,51.44660692,7.42973370,200.79,37.26,0.00,308.83,0,-95.00,-7.00,0.00,0.00,37.00,0.00,0,56
366.07,1547703126,7421.05,51.44660692,7.42973370,200.79,37.26,0.00,308.83,0,-90.00,-6.00,0.00,0.00,43.00,0.00,0,74
367.06,1547703127,7458.28,51.44682261,7.42934110,199.64,37.38,0.00,311.25,0,-95.00,-7.00,0.00,0.00,37.00,0.00,0,56
367.07,1547703127,7458.31,51.44682261,7.42934110,199.64,37.38,0.00,311.25,0,-90.00,-6.00,0.00,0.00,43.00,0.00,0,74
368.08,1547703128,7496.14,51.44704975,7.42895966,198.29,37.09,0.00,313.72,0,-99.00,-9.00,0.00,0.00,36.00,0.00,0,56
368.08,1547703128,7496.18,51.44704975,7.42895966,198.29,37.09,0.00,313.72,0,-95.00,-6.00,0.00,0.00,37.00,0.00,0,74
369.07,1547703129,7532.79,51.44727959,7.42857466,196.66,37.17,0.00,314.67,0,-99.00,-9.00,0.00,0.00,36.00,0.00,0,56
369.07,1547703129,7532.79,51.44727959,7.42857466,196.66,37.17,0.00,314.67,0,-95.00,-6.00,0.00,0.00,37.00,0.00,0,74
370.07,1547703130,7569.96,51.44751341,7.42821498,194.86,36.44,0.00,315.78,0,-99.00,-9.00,0.00,0.00,36.00,0.00,0,56
370.07,1547703130,7569.96,51.44751341,7.42821498,194.86,36.44,0.00,315.78,0,-95.00,-6.00,0.00,0.00,37.00,0.00,0,74
377.07,1547703137,7825.63,51.44935604,7.42601254,183.97,37.29,0.00,327.29,0,-107.00,-8.00,0.00,0.00,26.00,0.00,0,74
377.07,1547703137,7825.63,51.44935604,7.42601254,183.97,37.29,0.00,327.29,0,-111.00,-9.00,0.00,0.00,25.00,0.00,0,40
378.07,1547703138,7862.92,51.44964158,7.42573461,182.60,37.31,0.00,328.47,0,-107.00,-8.00,0.00,0.00,26.00,0.00,0,74
378.07,1547703138,7862.92,51.44964158,7.42573461,182.60,37.31,0.00,328.47,0,-111.00,-9.00,0.00,0.00,25.00,0.00,0,40
379.06,1547703139,7900.16,51.44993032,7.42546757,181.30,37.41,0.00,329.93,0,-112.00,-12.00,0.00,0.00,26.00,0.00,0,74
380.06,1547703140,7937.61,51.45022646,7.42521605,180.07,37.50,0.00,331.82,0,-112.00,-12.00,0.00,0.00,26.00,0.00,0,74
381.07,1547703141,7975.15,51.45052987,7.42498242,178.67,37.26,0.00,334.53,0,-94.00,-9.00,0.00,0.00,40.00,0.00,0,51
381.07,1547703141,7975.19,51.45052987,7.42498242,178.67,37.26,0.00,334.53,0,-99.00,-12.00,0.00,0.00,40.00,0.00,0,392
381.07,1547703141,7975.23,51.45052987,7.42498242,178.67,37.26,0.00,334.53,0,-105.00,-9.00,0.00,0.00,30.00,0.00,0,27
381.07,1547703141,7975.26,51.45052987,7.42498242,178.67,37.26,0.00,334.53,0,-111.00,-15.00,0.00,0.00,31.00,0.00,0,377
382.07,1547703142,8012.45,51.45082841,7.42475120,177.29,37.04,0.00,335.53,0,-94.00,-9.00,0.00,0.00,40.00,0.00,0,51
382.07,1547703142,8012.49,51.45082841,7.42475120,177.29,37.04,0.00,335.53,0,-99.00,-12.00,0.00,0.00,40.00,0.00,0,392
382.07,1547703142,8012.49,51.45082841,7.42475120,177.29,37.04,0.00,335.53,0,-105.00,-9.00,0.00,0.00,30.00,0.00,0,27
382.07,1547703142,8012.53,51.45082841,7.42475120,177.29,37.04,0.00,335.53,0,-111.00,-15.00,0.00,0.00,31.00,0.00,0,377
383.07,1547703143,8049.49,51.45113439,7.42454227,175.89,36.81,0.00,337.13,0,-90.00,-9.00,0.00,0.00,45.00,0.00,0,230
383.07,1547703143,8049.53,51.45113439,7.42454227,175.89,36.81,0.00,337.13,0,-91.00,-10.00,0.00,0.00,44.00,0.00,0,376
383.07,1547703143,8049.57,51.45113439,7.42454227,175.89,36.81,0.00,337.13,0,-93.00,-12.00,0.00,0.00,45.00,0.00,0,386
383.07,1547703143,8049.57,51.45113439,7.42454227,175.89,36.81,0.00,337.13,0,-97.00,-8.00,0.00,0.00,37.00,0.00,0,377
383.07,1547703143,8049.60,51.45113439,7.42454227,175.89,36.81,0.00,337.13,0,-99.00,-9.00,0.00,0.00,36.00,0.00,0,119
384.07,1547703144,8086.30,51.45144112,7.42433956,174.55,36.89,0.00,338.07,0,-90.00,-9.00,0.00,0.00,45.00,0.00,0,230
384.07,1547703144,8086.34,51.45144112,7.42433956,174.55,36.89,0.00,338.07,0,-91.00,-10.00,0.00,0.00,44.00,0.00,0,376
384.07,1547703144,8086.37,51.45144112,7.42433956,174.55,36.89,0.00,338.07,0,-93.00,-12.00,0.00,0.00,45.00,0.00,0,386
384.07,1547703144,8086.37,51.45144112,7.42433956,174.55,36.89,0.00,338.07,0,-97.00,-8.00,0.00,0.00,37.00,0.00,0,377
384.07,1547703144,8086.41,51.45144112,7.42433956,174.55,36.89,0.00,338.07,0,-99.00,-9.00,0.00,0.00,36.00,0.00,0,119
385.06,1547703145,8123.12,51.45175612,7.42415285,173.59,36.93,0.00,339.27,0,-94.00,-10.00,0.00,0.00,39.00,0.00,0,377
386.06,1547703146,8160.01,51.45206730,7.42397952,172.24,37.18,0.00,340.54,0,-94.00,-10.00,0.00,0.00,39.00,0.00,0,377
392.07,1547703152,8377.80,51.45392734,7.42310591,166.37,35.26,0.00,344.14,0,-83.00,-8.00,0.00,0.00,53.00,0.00,0,70
392.07,1547703152,8377.83,51.45392734,7.42310591,166.37,35.26,0.00,344.14,0,-88.00,-8.00,0.00,0.00,49.00,0.00,0,40
393.07,1547703153,8413.09,51.45423794,7.42296824,165.36,35.02,0.00,343.83,0,-83.00,-8.00,0.00,0.00,53.00,0.00,0,70
393.07,1547703153,8413.09,51.45423794,7.42296824,165.36,35.02,0.00,343.83,0,-88.00,-8.00,0.00,0.00,49.00,0.00,0,40
394.06,1547703154,8447.87,51.45453553,7.42283676,164.66,34.90,0.00,343.81,0,-81.00,-14.00,0.00,0.00,58.00,0.00,0,70
394.06,1547703154,8447.87,51.45453553,7.42283676,164.66,34.90,0.00,343.81,0,-86.00,-10.00,0.00,0.00,52.00,0.00,0,40
395.06,1547703155,8482.91,51.45483239,7.42270253,164.09,34.97,0.00,343.87,0,-81.00,-14.00,0.00,0.00,58.00,0.00,0,70
395.07,1547703155,8482.94,51.45483239,7.42270253,164.09,34.97,0.00,343.87,0,-86.00,-10.00,0.00,0.00,52.00,0.00,0,40
396.06,1547703156,8517.88,51.45513880,7.42256631,163.20,34.90,0.00,343.38,0,-76.00,-5.00,0.00,0.00,56.00,0.00,0,70
396.07,1547703156,8517.92,51.45513880,7.42256631,163.20,34.90,0.00,343.38,0,-88.00,-8.00,0.00,0.00,47.00,0.00,0,40
397.07,1547703157,8552.82,51.45544138,7.42242547,162.32,34.96,0.00,342.71,0,-76.00,-5.00,0.00,0.00,56.00,0.00,0,70
397.07,1547703157,8552.85,51.45544138,7.42242547,162.32,34.96,0.00,342.71,0,-88.00,-8.00,0.00,0.00,47.00,0.00,0,40
398.06,1547703158,8587.71,51.45573747,7.42227145,161.28,34.12,0.00,341.49,0,-76.00,-7.00,0.00,0.00,57.00,0.00,0,70
399.06,1547703159,8621.83,51.45602711,7.42212213,160.42,33.78,0.00,341.11,0,-76.00,-7.00,0.00,0.00,57.00,0.00,0,70
400.06,1547703160,8655.64,51.45630844,7.42197043,159.77,33.10,0.00,340.54,0,-76.00,-5.00,0.00,0.00,55.00,0.00,0,70
400.07,1547703160,8655.68,51.45630844,7.42197043,159.77,33.10,0.00,340.54,0,-84.00,-10.00,0.00,0.00,55.00,0.00,0,40
401.07,1547703161,8688.78,51.45658499,7.42180652,159.26,32.88,0.00,339.21,0,-76.00,-5.00,0.00,0.00,55.00,0.00,0,70
401.07,1547703161,8688.81,51.45658499,7.42180652,159.26,32.88,0.00,339.21,0,-84.00,-10.00,0.00,0.00,55.00,0.00,0,40
402.06,1547703162,8721.52,51.45685841,7.42163253,158.86,32.86,0.00,338.20,0,-88.00,-9.00,0.00,0.00,50.00,0.00,0,70
402.06,1547703162,8721.52,51.45685841,7.42163253,158.86,32.86,0.00,338.20,0,-89.00,-14.00,0.00,0.00,51.00,0.00,0,376
402.06,1547703162,8721.56,51.45685841,7.42163253,158.86,32.86,0.00,338.20,0,-88.00,-7.00,0.00,0.00,46.00,0.00,0,40
403.06,1547703163,8754.35,51.45713115,7.42145871,158.36,32.62,0.00,337.36,0,-88.00,-9.00,0.00,0.00,50.00,0.00,0,70
403.06,1547703163,8754.39,51.45713115,7.42145871,158.36,32.62,0.00,337.36,0,-89.00,-14.00,0.00,0.00,51.00,0.00,0,376
403.06,1547703163,8754.39,51.45713115,7.42145871,158.36,32.62,0.00,337.36,0,-88.00,-7.00,0.00,0.00,46.00,0.00,0,40
404.07,1547703164,8787.17,51.45740061,7.42126546,158.03,32.76,0.00,335.98,0,-87.00,-9.00,0.00,0.00,49.00,0.00,0,70
404.07,1547703164,8787.21,51.45740061,7.42126546,158.03,32.76,0.00,335.98,0,-91.00,-12.00,0.00,0.00,48.00,0.00,0,386
404.07,1547703164,8787.21,51.45740061,7.42126546,158.03,32.76,0.00,335.98,0,-92.00,-14.00,0.00,0.00,47.00,0.00,0,69
404.07,1547703164,8787.24,51.45740061,7.42126546,158.03,32.76,0.00,335.98,0,-90.00,-10.00,0.00,0.00,45.00,0.00,0,40
404.07,1547703164,8787.27,51.45740061,7.42126546,158.03,32.76,0.00,335.98,0,-94.00,-13.00,0.00,0.00,45.00,0.00,0,39
405.07,1547703165,8819.93,51.45767128,7.42107190,157.73,32.89,0.00,335.56,0,-87.00,-9.00,0.00,0.00,49.00,0.00,0,70
405.07,1547703165,8819.97,51.45767128,7.42107190,157.73,32.89,0.00,335.56,0,-91.00,-12.00,0.00,0.00,48.00,0.00,0,386
405.07,1547703165,8820.00,51.45767128,7.42107190,157.73,32.89,0.00,335.56,0,-92.00,-14.00,0.00,0.00,47.00,0.00,0,69
405.07,1547703165,8820.00,51.45767128,7.42107190,157.73,32.89,0.00,335.56,0,-90.00,-10.00,0.00,0.00,45.00,0.00,0,40
405.07,1547703165,8820.03,51.45767128,7.42107190,157.73,32.89,0.00,335.56,0,-94.00,-13.00,0.00,0.00,45.00,0.00,0,39
406.06,1547703166,8852.72,51.45793944,7.42087027,157.57,32.98,0.00,334.49,0,-91.00,-11.00,0.00,0.00,46.00,0.00,0,40
407.06,1547703167,8885.73,51.45820648,7.42066555,157.38,32.98,0.00,333.49,0,-91.00,-11.00,0.00,0.00,46.00,0.00,0,40
408.07,1547703168,8918.81,51.45847091,7.42044566,157.20,33.23,0.00,332.59,0,-86.00,-13.00,0.00,0.00,53.00,0.00,0,70
408.07,1547703168,8918.81,51.45847091,7.42044566,157.20,33.23,0.00,332.59,0,-86.00,-12.00,0.00,0.00,51.00,0.00,0,69
408.07,1547703168,8918.85,51.45847091,7.42044566,157.20,33.23,0.00,332.59,0,-89.00,-14.00,0.00,0.00,52.00,0.00,0,386
408.07,1547703168,8918.88,51.45847091,7.42044566,157.20,33.23,0.00,332.59,0,-83.00,-11.00,0.00,0.00,51.00,0.00,0,40
408.07,1547703168,8918.88,51.45847091,7.42044566,157.20,33.23,0.00,332.59,0,-87.00,-12.00,0.00,0.00,49.00,0.00,0,39
409.07,1547703169,8952.01,51.45873486,7.42022330,157.24,33.32,0.00,332.40,0,-86.00,-13.00,0.00,0.00,53.00,0.00,0,70
409.07,1547703169,8952.04,51.45873486,7.42022330,157.24,33.32,0.00,332.40,0,-86.00,-12.00,0.00,0.00,51.00,0.00,0,69
409.07,1547703169,8952.08,51.45873486,7.42022330,157.24,33.32,0.00,332.40,0,-89.00,-14.00,0.00,0.00,52.00,0.00,0,386
409.07,1547703169,8952.08,51.45873486,7.42022330,157.24,33.32,0.00,332.40,0,-83.00,-11.00,0.00,0.00,51.00,0.00,0,40
409.07,1547703169,8952.11,51.45873486,7.42022330,157.24,33.32,0.00,332.40,0,-87.00,-12.00,0.00,0.00,49.00,0.00,0,39
410.07,1547703170,8985.60,51.45899737,7.41998744,157.27,33.67,0.00,330.67,0,-87.00,-12.00,0.00,0.00,51.00,0.00,0,69
410.08,1547703170,8985.63,51.45899737,7.41998744,157.27,33.67,0.00,330.67,0,-87.00,-13.00,0.00,0.00,51.00,0.00,0,386
410.08,1547703170,8985.63,51.45899737,7.41998744,157.27,33.67,0.00,330.67,0,-89.00,-14.00,0.00,0.00,51.00,0.00,0,70
410.08,1547703170,8985.67,51.45899737,7.41998744,157.27,33.67,0.00,330.67,0,-90.00,-11.00,0.00,0.00,46.00,0.00,0,39
410.08,1547703170,8985.70,51.45899737,7.41998744,157.27,33.67,0.00,330.67,0,-95.00,-13.00,0.00,0.00,46.00,0.00,0,40
411.07,1547703171,9019.00,51.45926271,7.41975185,157.03,33.80,0.00,330.05,0,-87.00,-12.00,0.00,0.00,51.00,0.00,0,69
411.07,1547703171,9019.03,51.45926271,7.41975185,157.03,33.80,0.00,330.05,0,-87.00,-13.00,0.00,0.00,51.00,0.00,0,386
411.07,1547703171,9019.03,51.45926271,7.41975185,157.03,33.80,0.00,330.05,0,-89.00,-14.00,0.00,0.00,51.00,0.00,0,70
411.07,1547703171,9019.07,51.45926271,7.41975185,157.03,33.80,0.00,330.05,0,-90.00,-11.00,0.00,0.00,46.00,0.00,0,39
411.07,1547703171,9019.10,51.45926271,7.41975185,157.03,33.80,0.00,330.05,0,-95.00,-13.00,0.00,0.00,46.00,0.00,0,40
412.07,1547703172,9052.80,51.45952386,7.41949657,156.76,33.82,0.00,328.95,0,-87.00,-12.00,0.00,0.00,51.00,0.00,0,69
412.07,1547703172,9052.84,51.45952386,7.41949657,156.76,33.82,0.00,328.95,0,-87.00,-13.00,0.00,0.00,51.00,0.00,0,386
412.07,1547703172,9052.87,51.45952386,7.41949657,156.76,33.82,0.00,328.95,0,-89.00,-14.00,0.00,0.00,51.00,0.00,0,70
412.07,1547703172,9052.87,51.45952386,7.41949657,156.76,33.82,0.00,328.95,0,-90.00,-11.00,0.00,0.00,46.00,0.00,0,39
412.07,1547703172,9052.91,51.45952386,7.41949657,156.76,33.82,0.00,328.95,0,-95.00,-13.00,0.00,0.00,46.00,0.00,0,40
413.07,1547703173,9086.59,51.45977719,7.41923940,156.37,33.23,0.00,327.45,0,-75.00,-8.00,0.00,0.00,59.00,0.00,0,69
413.07,1547703173,9086.62,51.45977719,7.41923940,156.37,33.23,0.00,327.45,0,-84.00,-11.00,0.00,0.00,53.00,0.00,0,39
414.07,1547703174,9119.82,51.46003215,7.41897773,155.95,33.20,0.00,326.59,0,-75.00,-8.00,0.00,0.00,59.00,0.00,0,69
414.07,1547703174,9119.82,51.46003215,7.41897773,155.95,33.20,0.00,326.59,0,-84.00,-11.00,0.00,0.00,53.00,0.00,0,39
415.07,1547703175,9153.05,51.46027672,7.41870693,155.43,33.34,0.00,325.81,0,-81.00,-11.00,0.00,0.00,55.00,0.00,0,230
415.07,1547703175,9153.05,51.46027672,7.41870693,155.43,33.34,0.00,325.81,0,-85.00,-13.00,0.00,0.00,54.00,0.00,0,386
415.07,1547703175,9153.08,51.46027672,7.41870693,155.43,33.34,0.00,325.81,0,-83.00,-8.00,0.00,0.00,53.00,0.00,0,119
415.07,1547703175,9153.12,51.46027672,7.41870693,155.43,33.34,0.00,325.81,0,-89.00,-14.00,0.00,0.00,53.00,0.00,0,458
416.07,1547703176,9186.39,51.46051846,7.41842623,154.81,33.52,0.00,324.74,0,-81.00,-11.00,0.00,0.00,55.00,0.00,0,230
416.07,1547703176,9186.39,51.46051846,7.41842623,154.81,33.52,0.00,324.74,0,-85.00,-13.00,0.00,0.00,54.00,0.00,0,386
416.07,1547703176,9186.42,51.46051846,7.41842623,154.81,33.52,0.00,324.74,0,-83.00,-8.00,0.00,0.00,53.00,0.00,0,119
416.07,1547703176,9186.46,51.46051846,7.41842623,154.81,33.52,0.00,324.74,0,-89.00,-14.00,0.00,0.00,53.00,0.00,0,458
417.07,1547703177,9219.87,51.46075924,7.41813697,154.15,33.69,0.00,323.52,0,-83.00,-6.00,0.00,0.00,51.00,0.00,0,119
417.07,1547703177,9219.91,51.46075924,7.41813697,154.15,33.69,0.00,323.52,0,-92.00,-10.00,0.00,0.00,45.00,0.00,0,93
417.07,1547703177,9219.94,51.46075924,7.41813697,154.15,33.69,0.00,323.52,0,-97.00,-17.00,0.00,0.00,48.00,0.00,0,458
418.07,1547703178,9253.57,51.46100476,7.41784395,153.65,33.71,0.00,323.32,0,-83.00,-6.00,0.00,0.00,51.00,0.00,0,119
418.07,1547703178,9253.60,51.46100476,7.41784395,153.65,33.71,0.00,323.32,0,-92.00,-10.00,0.00,0.00,45.00,0.00,0,93
418.07,1547703178,9253.63,51.46100476,7.41784395,153.65,33.71,0.00,323.32,0,-97.00,-17.00,0.00,0.00,48.00,0.00,0,458
431.07,1547703191,9685.01,51.46382204,7.41362207,153.45,32.52,0.00,311.15,0,-83.00,-5.00,0.00,0.00,48.00,0.00,0,132
432.06,1547703192,9717.10,51.46401210,7.41326657,153.36,32.63,0.00,310.59,0,-83.00,-5.00,0.00,0.00,48.00,0.00,0,132
433.06,1547703193,9749.73,51.46420242,7.41290824,153.35,32.76,0.00,309.71,0,-83.00,-5.00,0.00,0.00,48.00,0.00,0,132
434.06,1547703194,9782.52,51.46438904,7.41254019,153.44,32.96,0.00,309.21,0,-95.00,-10.00,0.00,0.00,41.00,0.00,0,376
434.06,1547703194,9782.55,51.46438904,7.41254019,153.44,32.96,0.00,309.21,0,-101.00,-12.00,0.00,0.00,38.00,0.00,0,93
434.06,1547703194,9782.55,51.46438904,7.41254019,153.44,32.96,0.00,309.21,0,-103.00,-13.00,0.00,0.00,37.00,0.00,0,119
435.07,1547703195,9815.65,51.46457686,7.41217176,153.44,33.28,0.00,309.05,0,-95.00,-10.00,0.00,0.00,41.00,0.00,0,376
435.07,1547703195,9815.68,51.46457686,7.41217176,153.44,33.28,0.00,309.05,0,-101.00,-12.00,0.00,0.00,38.00,0.00,0,93
435.07,1547703195,9815.68,51.46457686,7.41217176,153.44,33.28,0.00,309.05,0,-103.00,-13.00,0.00,0.00,37.00,0.00,0,119
436.06,1547703196,9848.76,51.46476621,7.41179986,153.58,33.45,0.00,308.35,0,-94.00,-11.00,0.00,0.00,44.00,0.00,0,132
436.06,1547703196,9848.76,51.46476621,7.41179986,153.58,33.45,0.00,308.35,0,-99.00,-13.00,0.00,0.00,43.00,0.00,0,431
436.06,1547703196,9848.80,51.46476621,7.41179986,153.58,33.45,0.00,308.35,0,-99.00,-9.00,0.00,0.00,37.00,0.00,0,93
436.06,1547703196,9848.80,51.46476621,7.41179986,153.58,33.45,0.00,308.35,0,-100.00,-10.00,0.00,0.00,37.00,0.00,0,119
437.07,1547703197,9882.41,51.46495498,7.41142731,153.75,33.37,0.00,308.68,0,-94.00,-11.00,0.00,0.00,44.00,0.00,0,132
437.07,1547703197,9882.41,51.46495498,7.41142731,153.75,33.37,0.00,308.68,0,-99.00,-13.00,0.00,0.00,43.00,0.00,0,431
437.07,1547703197,9882.45,51.46495498,7.41142731,153.75,33.37,0.00,308.68,0,-99.00,-9.00,0.00,0.00,37.00,0.00,0,93
437.07,1547703197,9882.48,51.46495498,7.41142731,153.75,33.37,0.00,308.68,0,-100.00,-10.00,0.00,0.00,37.00,0.00,0,119
438.07,1547703198,9915.85,51.46514097,7.41106244,153.88,32.68,0.00,308.46,0,-96.00,-15.00,0.00,0.00,44.00,0.00,0,51
438.07,1547703198,9915.88,51.46514097,7.41106244,153.88,32.68,0.00,308.46,0,-96.00,-15.00,0.00,0.00,44.00,0.00,0,392
438.07,1547703198,9915.88,51.46514097,7.41106244,153.88,32.68,0.00,308.46,0,-97.00,-14.00,0.00,0.00,43.00,0.00,0,132
438.07,1547703198,9915.91,51.46514097,7.41106244,153.88,32.68,0.00,308.46,0,-102.00,-13.00,0.00,0.00,39.00,0.00,0,93
438.07,1547703198,9915.94,51.46514097,7.41106244,153.88,32.68,0.00,308.46,0,-104.00,-17.00,0.00,0.00,39.00,0.00,0,119
439.07,1547703199,9948.46,51.46531885,7.41069160,153.99,32.47,0.00,307.79,0,-96.00,-15.00,0.00,0.00,44.00,0.00,0,51
439.07,1547703199,9948.49,51.46531885,7.41069160,153.99,32.47,0.00,307.79,0,-96.00,-15.00,0.00,0.00,44.00,0.00,0,392
439.07,1547703199,9948.53,51.46531885,7.41069160,153.99,32.47,0.00,307.79,0,-97.00,-14.00,0.00,0.00,43.00,0.00,0,132
439.07,1547703199,9948.56,51.46531885,7.41069160,153.99,32.47,0.00,307.79,0,-102.00,-13.00,0.00,0.00,39.00,0.00,0,93
439.07,1547703199,9948.56,51.46531885,7.41069160,153.99,32.47,0.00,307.79,0,-104.00,-17.00,0.00,0.00,39.00,0.00,0,119
440.07,1547703200,9980.87,51.46549696,7.41032096,154.08,32.34,0.00,307.87,0,-94.00,-9.00,0.00,0.00,41.00,0.00,0,132
440.07,1547703200,9980.90,51.46549696,7.41032096,154.08,32.34,0.00,307.87,0,-106.00,-13.00,0.00,0.00,33.00,0.00,0,377
440.07,1547703200,9980.90,51.46549696,7.41032096,154.08,32.34,0.00,307.87,0,-106.00,-13.00,0.00,0.00,33.00,0.00,0,93
441.07,1547703201,10013.20,51.46567912,7.40994595,154.46,32.46,0.00,307.59,0,-94.00,-9.00,0.00,0.00,41.00,0.00,0,132
441.07,1547703201,10013.23,51.46567912,7.40994595,154.46,32.46,0.00,307.59,0,-106.00,-13.00,0.00,0.00,33.00,0.00,0,377
441.07,1547703201,10013.23,51.46567912,7.40994595,154.46,32.46,0.00,307.59,0,-106.00,-13.00,0.00,0.00,33.00,0.00,0,93
444.07,1547703204,10111.16,51.46621333,7.40883837,154.88,32.93,0.00,307.97,0,-94.00,-9.00,0.00,0.00,41.00,0.00,0,132
444.07,1547703204,10111.19,51.46621333,7.40883837,154.88,32.93,0.00,307.97,0,-98.00,-14.00,0.00,0.00,42.00,0.00,0,376
444.07,1547703204,10111.19,51.46621333,7.40883837,154.88,32.93,0.00,307.97,0,-102.00,-11.00,0.00,0.00,35.00,0.00,0,377
444.07,1547703204,10111.22,51.46621333,7.40883837,154.88,32.93,0.00,307.97,0,-105.00,-13.00,0.00,0.00,35.00,0.00,0,266
445.07,1547703205,10144.15,51.46639579,7.40845960,155.02,33.12,0.00,308.28,0,-94.00,-9.00,0.00,0.00,41.00,0.00,0,132
445.07,1547703205,10144.18,51.46639579,7.40845960,155.02,33.12,0.00,308.28,0,-98.00,-14.00,0.00,0.00,42.00,0.00,0,376
445.07,1547703205,10144.22,51.46639579,7.40845960,155.02,33.12,0.00,308.28,0,-102.00,-11.00,0.00,0.00,35.00,0.00,0,377
445.07,1547703205,10144.25,51.46639579,7.40845960,155.02,33.12,0.00,308.28,0,-105.00,-13.00,0.00,0.00,35.00,0.00,0,266
446.07,1547703206,10177.23,51.46657845,7.40808229,155.23,33.43,0.00,308.06,0,-100.00,-9.00,0.00,0.00,35.00,0.00,0,93
446.07,1547703206,10177.27,51.46657845,7.40808229,155.23,33.43,0.00,308.06,0,-102.00,-10.00,0.00,0.00,35.00,0.00,0,377
447.07,1547703207,10210.60,51.46676306,7.40770504,155.41,33.27,0.00,308.43,0,-100.00,-9.00,0.00,0.00,35.00,0.00,0,93
447.07,1547703207,10210.63,51.46676306,7.40770504,155.41,33.27,0.00,308.43,0,-102.00,-10.00,0.00,0.00,35.00,0.00,0,377
448.06,1547703208,10243.83,51.46695031,7.40733876,155.48,32.62,0.00,309.22,0,-95.00,-8.00,0.00,0.00,39.00,0.00,0,377
448.07,1547703208,10243.86,51.46695031,7.40733876,155.48,32.62,0.00,309.22,0,-98.00,-9.00,0.00,0.00,38.00,0.00,0,93
449.07,1547703209,10276.48,51.46713399,7.40698054,155.56,31.83,0.00,309.67,0,-95.00,-8.00,0.00,0.00,39.00,0.00,0,377
449.07,1547703209,10276.51,51.46713399,7.40698054,155.56,31.83,0.00,309.67,0,-98.00,-9.00,0.00,0.00,38.00,0.00,0,93
450.07,1547703210,10308.34,51.46731405,7.40663122,155.78,31.46,0.00,310.08,0,-92.00,-15.00,0.00,0.00,49.00,0.00,0,69
450.07,1547703210,10308.37,51.46731405,7.40663122,155.78,31.46,0.00,310.08,0,-92.00,-14.00,0.00,0.00,49.00,0.00,0,376
450.07,1547703210,10308.37,51.46731405,7.40663122,155.78,31.46,0.00,310.08,0,-93.00,-15.00,0.00,0.00,49.00,0.00,0,431
450.07,1547703210,10308.40,51.46731405,7.40663122,155.78,31.46,0.00,310.08,0,-89.00,-7.00,0.00,0.00,45.00,0.00,0,377
451.07,1547703211,10339.80,51.46750424,7.40629294,155.98,31.66,0.00,312.15,0,-92.00,-15.00,0.00,0.00,49.00,0.00,0,69
451.07,1547703211,10339.83,51.46750424,7.40629294,155.98,31.66,0.00,312.15,0,-92.00,-14.00,0.00,0.00,49.00,0.00,0,376
451.07,1547703211,10339.86,51.46750424,7.40629294,155.98,31.66,0.00,312.15,0,-93.00,-15.00,0.00,0.00,49.00,0.00,0,431
451.07,1547703211,10339.86,51.46750424,7.40629294,155.98,31.66,0.00,312.15,0,-89.00,-7.00,0.00,0.00,45.00,0.00,0,377
452.07,1547703212,10371.65,51.46769449,7.40595760,156.13,31.70,0.00,312.26,0,-88.00,-11.00,0.00,0.00,49.00,0.00,0,376
452.07,1547703212,10371.68,51.46769449,7.40595760,156.13,31.70,0.00,312.26,0,-83.00,-6.00,0.00,0.00,50.00,0.00,0,377
453.07,1547703213,10403.16,51.46788521,7.40562020,156.36,31.57,0.00,312.01,0,-88.00,-11.00,0.00,0.00,49.00,0.00,0,376
453.07,1547703213,10403.19,51.46788521,7.40562020,156.36,31.57,0.00,312.01,0,-83.00,-6.00,0.00,0.00,50.00,0.00,0,377
454.07,1547703214,10434.69,51.46807490,7.40528409,156.65,31.31,0.00,312.04,0,-88.00,-11.00,0.00,0.00,49.00,0.00,0,376
454.07,1547703214,10434.73,51.46807490,7.40528409,156.65,31.31,0.00,312.04,0,-83.00,-6.00,0.00,0.00,50.00,0.00,0,377
455.07,1547703215,10466.10,51.46826453,7.40494556,156.94,31.38,0.00,311.93,0,-95.00,-12.00,0.00,0.00,43.00,0.00,0,69
455.07,1547703215,10466.13,51.46826453,7.40494556,156.94,31.38,0.00,311.93,0,-96.00,-13.00,0.00,0.00,43.00,0.00,0,431
455.07,1547703215,10466.17,51.46826453,7.40494556,156.94,31.38,0.00,311.93,0,-97.00,-14.00,0.00,0.00,42.00,0.00,0,230
455.07,1547703215,10466.20,51.46826453,7.40494556,156.94,31.38,0.00,311.93,0,-92.00,-8.00,0.00,0.00,42.00,0.00,0,93
455.07,1547703215,10466.23,51.46826453,7.40494556,156.94,31.38,0.00,311.93,0,-99.00,-13.00,0.00,0.00,42.00,0.00,0,39
456.07,1547703216,10497.48,51.46845552,7.40460515,157.37,31.45,0.00,311.82,0,-95.00,-12.00,0.00,0.00,43.00,0.00,0,69
456.07,1547703216,10497.48,51.46845552,7.40460515,157.37,31.45,0.00,311.82,0,-96.00,-13.00,0.00,0.00,43.00,0.00,0,431
456.07,1547703216,10497.51,51.46845552,7.40460515,157.37,31.45,0.00,311.82,0,-97.00,-14.00,0.00,0.00,42.00,0.00,0,230
456.07,1547703216,10497.54,51.46845552,7.40460515,157.37,31.45,0.00,311.82,0,-92.00,-8.00,0.00,0.00,42.00,0.00,0,93
456.07,1547703216,10497.54,51.46845552,7.40460515,157.37,31.45,0.00,311.82,0,-99.00,-13.00,0.00,0.00,42.00,0.00,0,39
457.07,1547703217,10528.90,51.46864437,7.40426692,157.72,31.32,0.00,312.25,0,-98.00,-18.00,0.00,0.00,46.00,0.00,0,431
457.07,1547703217,10528.93,51.46864437,7.40426692,157.72,31.32,0.00,312.25,0,-100.00,-19.00,0.00,0.00,46.00,0.00,0,230
457.07,1547703217,10528.96,51.46864437,7.40426692,157.72,31.32,0.00,312.25,0,-96.00,-9.00,0.00,0.00,39.00,0.00,0,74
457.07,1547703217,10528.96,51.46864437,7.40426692,157.72,31.32,0.00,312.25,0,-103.00,-15.00,0.00,0.00,39.00,0.00,0,93
458.07,1547703218,10560.21,51.46883182,7.40393385,158.09,30.90,0.00,313.09,0,-98.00,-18.00,0.00,0.00,46.00,0.00,0,431
458.07,1547703218,10560.25,51.46883182,7.40393385,158.09,30.90,0.00,313.09,0,-100.00,-19.00,0.00,0.00,46.00,0.00,0,230
458.07,1547703218,10560.25,51.46883182,7.40393385,158.09,30.90,0.00,313.09,0,-96.00,-9.00,0.00,0.00,39.00,0.00,0,74
458.07,1547703218,10560.28,51.46883182,7.40393385,158.09,30.90,0.00,313.09,0,-103.00,-15.00,0.00,0.00,39.00,0.00,0,93
459.07,1547703219,10591.15,51.46902174,7.40361013,158.53,30.61,0.00,313.24,0,-99.00,-11.00,0.00,0.00,37.00,0.00,0,57
459.07,1547703219,10591.18,51.46902174,7.40361013,158.53,30.61,0.00,313.24,0,-101.00,-16.00,0.00,0.00,43.00,0.00,0,205
459.07,1547703219,10591.18,51.46902174,7.40361013,158.53,30.61,0.00,313.24,0,-101.00,-15.00,0.00,0.00,41.00,0.00,0,230
459.07,1547703219,10591.21,51.46902174,7.40361013,158.53,30.61,0.00,313.24,0,-93.00,-7.00,0.00,0.00,41.00,0.00,0,74
460.07,1547703220,10621.73,51.46920605,7.40329465,159.25,30.47,0.00,313.43,0,-99.00,-11.00,0.00,0.00,37.00,0.00,0,57
460.07,1547703220,10621.76,51.46920605,7.40329465,159.25,30.47,0.00,313.43,0,-101.00,-16.00,0.00,0.00,43.00,0.00,0,205
460.07,1547703220,10621.79,51.46920605,7.40329465,159.25,30.47,0.00,313.43,0,-101.00,-15.00,0.00,0.00,41.00,0.00,0,230
460.07,1547703220,10621.79,51.46920605,7.40329465,159.25,30.47,0.00,313.43,0,-93.00,-7.00,0.00,0.00,41.00,0.00,0,74
461.07,1547703221,10652.17,51.46938880,7.40298537,160.39,30.47,0.00,313.69,0,-102.00,-15.00,0.00,0.00,38.00,0.00,0,431
461.07,1547703221,10652.20,51.46938880,7.40298537,160.39,30.47,0.00,313.69,0,-103.00,-16.00,0.00,0.00,38.00,0.00,0,57
461.07,1547703221,10652.23,51.46938880,7.40298537,160.39,30.47,0.00,313.69,0,-103.00,-16.00,0.00,0.00,38.00,0.00,0,230
461.07,1547703221,10652.23,51.46938880,7.40298537,160.39,30.47,0.00,313.69,0,-93.00,-7.00,0.00,0.00,40.00,0.00,0,74
462.07,1547703222,10682.64,51.46958613,7.40265737,161.24,30.04,0.00,313.83,0,-102.00,-15.00,0.00,0.00,38.00,0.00,0,431
462.07,1547703222,10682.67,51.46958613,7.40265737,161.24,30.04,0.00,313.83,0,-103.00,-16.00,0.00,0.00,38.00,0.00,0,57
462.07,1547703222,10682.70,51.46958613,7.40265737,161.24,30.04,0.00,313.83,0,-103.00,-16.00,0.00,0.00,38.00,0.00,0,230
462.07,1547703222,10682.70,51.46958613,7.40265737,161.24,30.04,0.00,313.83,0,-93.00,-7.00,0.00,0.00,40.00,0.00,0,74
463.07,1547703223,10712.74,51.46977946,7.40233656,162.08,29.68,0.00,313.90,0,-101.00,-12.00,0.00,0.00,37.00,0.00,0,386
463.07,1547703223,10712.74,51.46977946,7.40233656,162.08,29.68,0.00,313.90,0,-104.00,-15.00,0.00,0.00,37.00,0.00,0,376
463.07,1547703223,10712.77,51.46977946,7.40233656,162.08,29.68,0.00,313.90,0,-105.00,-15.00,0.00,0.00,36.00,0.00,0,137
463.07,1547703223,10712.80,51.46977946,7.40233656,162.08,29.68,0.00,313.90,0,-92.00,-6.00,0.00,0.00,40.00,0.00,0,74
464.07,1547703224,10742.39,51.46997070,7.40203648,162.68,29.27,0.00,315.29,0,-101.00,-12.00,0.00,0.00,37.00,0.00,0,386
464.07,1547703224,10742.42,51.46997070,7.40203648,162.68,29.27,0.00,315.29,0,-104.00,-15.00,0.00,0.00,37.00,0.00,0,376
464.07,1547703224,10742.42,51.46997070,7.40203648,162.68,29.27,0.00,315.29,0,-105.00,-15.00,0.00,0.00,36.00,0.00,0,137
464.07,1547703224,10742.45,51.46997070,7.40203648,162.68,29.27,0.00,315.29,0,-92.00,-6.00,0.00,0.00,40.00,0.00,0,74
465.06,1547703225,10771.57,51.47015547,7.40174285,163.17,28.66,0.00,315.73,0,-93.00,-7.00,0.00,0.00,41.00,0.00,0,74
466.07,1547703226,10800.26,51.47033680,7.40145545,163.56,27.90,0.00,316.06,0,-93.00,-7.00,0.00,0.00,41.00,0.00,0,74
467.07,1547703227,10828.16,51.47051672,7.40118180,163.82,27.22,0.00,316.37,0,-98.00,-14.00,0.00,0.00,47.00,0.00,0,376
467.07,1547703227,10828.19,51.47051672,7.40118180,163.82,27.22,0.00,316.37,0,-102.00,-18.00,0.00,0.00,45.00,0.00,0,230
468.07,1547703228,10855.41,51.47068976,7.40091685,163.92,26.77,0.00,316.06,0,-98.00,-14.00,0.00,0.00,47.00,0.00,0,376
468.07,1547703228,10855.43,51.47068976,7.40091685,163.92,26.77,0.00,316.06,0,-102.00,-18.00,0.00,0.00,45.00,0.00,0,230
469.07,1547703229,10882.20,51.47086181,7.40065165,163.97,26.60,0.00,316.62,0,-102.00,-10.00,0.00,0.00,33.00,0.00,0,57
469.07,1547703229,10882.20,51.47086181,7.40065165,163.97,26.60,0.00,316.62,0,-108.00,-15.00,0.00,0.00,33.00,0.00,0,205
469.07,1547703229,10882.23,51.47086181,7.40065165,163.97,26.60,0.00,316.62,0,-108.00,-14.00,0.00,0.00,32.00,0.00,0,56
470.07,1547703230,10908.80,51.47103388,7.40038886,164.00,26.33,0.00,316.99,0,-102.00,-10.00,0.00,0.00,33.00,0.00,0,57
470.07,1547703230,10908.82,51.47103388,7.40038886,164.00,26.33,0.00,316.99,0,-108.00,-15.00,0.00,0.00,33.00,0.00,0,205
470.07,1547703230,10908.85,51.47103388,7.40038886,164.00,26.33,0.00,316.99,0,-108.00,-14.00,0.00,0.00,32.00,0.00,0,56
471.07,1547703231,10935.15,51.47120583,7.40012960,164.05,26.29,0.00,317.16,0,-106.00,-17.00,0.00,0.00,36.00,0.00,0,56
471.07,1547703231,10935.18,51.47120583,7.40012960,164.05,26.29,0.00,317.16,0,-108.00,-18.00,0.00,0.00,36.00,0.00,0,90
471.07,1547703231,10935.18,51.47120583,7.40012960,164.05,26.29,0.00,317.16,0,-109.00,-19.00,0.00,0.00,36.00,0.00,0,431
471.07,1547703231,10935.20,51.47120583,7.40012960,164.05,26.29,0.00,317.16,0,-90.00,-6.00,0.00,0.00,43.00,0.00,0,74
472.07,1547703232,10961.42,51.47137792,7.39986967,164.25,26.25,0.00,317.18,0,-106.00,-17.00,0.00,0.00,36.00,0.00,0,56
472.07,1547703232,10961.44,51.47137792,7.39986967,164.25,26.25,0.00,317.18,0,-108.00,-18.00,0.00,0.00,36.00,0.00,0,90
472.07,1547703232,10961.47,51.47137792,7.39986967,164.25,26.25,0.00,317.18,0,-109.00,-19.00,0.00,0.00,36.00,0.00,0,431
472.07,1547703232,10961.50,51.47137792,7.39986967,164.25,26.25,0.00,317.18,0,-90.00,-6.00,0.00,0.00,43.00,0.00,0,74
473.08,1547703233,10987.88,51.47155054,7.39960982,164.49,26.43,0.00,317.06,0,-106.00,-14.00,0.00,0.00,34.00,0.00,0,56
473.08,1547703233,10987.90,51.47155054,7.39960982,164.49,26.43,0.00,317.06,0,-108.00,-17.00,0.00,0.00,34.00,0.00,0,78
473.08,1547703233,10987.90,51.47155054,7.39960982,164.49,26.43,0.00,317.06,0,-109.00,-18.00,0.00,0.00,34.00,0.00,0,163
474.07,1547703234,11014.05,51.47172840,7.39935409,164.83,26.73,0.00,318.16,0,-106.00,-14.00,0.00,0.00,34.00,0.00,0,56
474.07,1547703234,11014.07,51.47172840,7.39935409,164.83,26.73,0.00,318.16,0,-108.00,-17.00,0.00,0.00,34.00,0.00,0,78
474.07,1547703234,11014.10,51.47172840,7.39935409,164.83,26.73,0.00,318.16,0,-109.00,-18.00,0.00,0.00,34.00,0.00,0,163
475.07,1547703235,11040.77,51.47190862,7.39909285,165.30,27.04,0.00,318.28,0,-106.00,-14.00,0.00,0.00,34.00,0.00,0,56
475.07,1547703235,11040.80,51.47190862,7.39909285,165.30,27.04,0.00,318.28,0,-108.00,-17.00,0.00,0.00,34.00,0.00,0,78
475.07,1547703235,11040.83,51.47190862,7.39909285,165.30,27.04,0.00,318.28,0,-109.00,-18.00,0.00,0.00,34.00,0.00,0,163
478.06,1547703238,11122.79,51.47246601,7.39830579,166.58,27.95,0.00,319.27,0,-105.00,-11.00,0.00,0.00,34.00,0.00,0,56
478.07,1547703238,11122.82,51.47246601,7.39830579,166.58,27.95,0.00,319.27,0,0.00,0.00,0.00,0.00,63.00,0.00,0,486
479.06,1547703239,11150.74,51.47265695,7.39804596,166.76,27.98,0.00,319.27,0,-105.00,-11.00,0.00,0.00,34.00,0.00,0,56
479.07,1547703239,11150.77,51.47265695,7.39804596,166.76,27.98,0.00,319.27,0,0.00,0.00,0.00,0.00,63.00,0.00,0,486
480.07,1547703240,11178.75,51.47284594,7.39778838,166.96,27.65,0.00,319.78,0,-106.00,-10.00,0.00,0.00,30.00,0.00,0,392
480.07,1547703240,11178.77,51.47284594,7.39778838,166.96,27.65,0.00,319.78,0,-109.00,-13.00,0.00,0.00,30.00,0.00,0,57
480.07,1547703240,11178.80,51.47284594,7.39778838,166.96,27.65,0.00,319.78,0,-113.00,-17.00,0.00,0.00,31.00,0.00,0,431
481.07,1547703241,11206.45,51.47303159,7.39754675,167.13,26.64,0.00,320.51,0,-106.00,-10.00,0.00,0.00,30.00,0.00,0,392
481.07,1547703241,11206.50,51.47303159,7.39754675,167.13,26.64,0.00,320.51,0,-109.00,-13.00,0.00,0.00,30.00,0.00,0,57
481.07,1547703241,11206.50,51.47303159,7.39754675,167.13,26.64,0.00,320.51,0,-113.00,-17.00,0.00,0.00,31.00,0.00,0,431
482.06,1547703242,11233.01,51.47321674,7.39730364,167.42,26.49,0.00,320.76,0,-103.00,-9.00,0.00,0.00,32.00,0.00,0,392
483.06,1547703243,11259.50,51.47340161,7.39706408,167.82,26.17,0.00,321.14,0,-103.00,-9.00,0.00,0.00,32.00,0.00,0,392
484.07,1547703244,11285.75,51.47358339,7.39682466,168.25,26.19,0.00,321.23,0,-107.00,-10.00,0.00,0.00,29.00,0.00,0,392
484.07,1547703244,11285.77,51.47358339,7.39682466,168.25,26.19,0.00,321.23,0,-110.00,-14.00,0.00,0.00,31.00,0.00,0,78
484.07,1547703244,11285.80,51.47358339,7.39682466,168.25,26.19,0.00,321.23,0,-111.00,-14.00,0.00,0.00,29.00,0.00,0,431
485.07,1547703245,11311.91,51.47376783,7.39659350,168.64,26.19,0.00,321.72,0,-107.00,-10.00,0.00,0.00,29.00,0.00,0,392
485.07,1547703245,11311.91,51.47376783,7.39659350,168.64,26.19,0.00,321.72,0,-110.00,-14.00,0.00,0.00,31.00,0.00,0,78
485.07,1547703245,11311.94,51.47376783,7.39659350,168.64,26.19,0.00,321.72,0,-111.00,-14.00,0.00,0.00,29.00,0.00,0,431
486.06,1547703246,11338.00,51.47395540,7.39635818,169.06,26.41,0.00,322.60,0,-106.00,-11.00,0.00,0.00,31.00,0.00,0,431
486.06,1547703246,11338.00,51.47395540,7.39635818,169.06,26.41,0.00,322.60,0,-106.00,-11.00,0.00,0.00,30.00,0.00,0,310
486.06,1547703246,11338.02,51.47395540,7.39635818,169.06,26.41,0.00,322.60,0,-108.00,-14.00,0.00,0.00,34.00,0.00,0,78
487.06,1547703247,11364.43,51.47414810,7.39612741,169.52,26.71,0.00,323.06,0,-106.00,-11.00,0.00,0.00,31.00,0.00,0,431
487.06,1547703247,11364.43,51.47414810,7.39612741,169.52,26.71,0.00,323.06,0,-106.00,-11.00,0.00,0.00,30.00,0.00,0,310
487.06,1547703247,11364.43,51.47414810,7.39612741,169.52,26.71,0.00,323.06,0,-108.00,-14.00,0.00,0.00,34.00,0.00,0,78
488.07,1547703248,11391.27,51.47434094,7.39589471,169.93,26.90,0.00,323.56,0,-111.00,-14.00,0.00,0.00,29.00,0.00,0,312
488.07,1547703248,11391.30,51.47434094,7.39589471,169.93,26.90,0.00,323.56,0,-112.00,-16.00,0.00,0.00,29.00,0.00,0,120
488.07,1547703248,11391.33,51.47434094,7.39589471,169.93,26.90,0.00,323.56,0,-106.00,-11.00,0.00,0.00,31.00,0.00,0,57
488.07,1547703248,11391.33,51.47434094,7.39589471,169.93,26.90,0.00,323.56,0,-107.00,-13.00,0.00,0.00,32.00,0.00,0,431
488.07,1547703248,11391.35,51.47434094,7.39589471,169.93,26.90,0.00,323.56,0,-108.00,-13.00,0.00,0.00,31.00,0.00,0,392
489.07,1547703249,11418.15,51.47453841,7.39565623,170.46,27.28,0.00,323.93,0,-111.00,-14.00,0.00,0.00,29.00,0.00,0,312
489.07,1547703249,11418.17,51.47453841,7.39565623,170.46,27.28,0.00,323.93,0,-112.00,-16.00,0.00,0.00,29.00,0.00,0,120
489.07,1547703249,11418.17,51.47453841,7.39565623,170.46,27.28,0.00,323.93,0,-106.00,-11.00,0.00,0.00,31.00,0.00,0,57
489.07,1547703249,11418.20,51.47453841,7.39565623,170.46,27.28,0.00,323.93,0,-107.00,-13.00,0.00,0.00,32.00,0.00,0,431
489.07,1547703249,11418.23,51.47453841,7.39565623,170.46,27.28,0.00,323.93,0,-108.00,-13.00,0.00,0.00,31.00,0.00,0,392
490.07,1547703250,11445.42,51.47474267,7.39542616,170.93,27.57,0.00,324.86,0,-106.00,-10.00,0.00,0.00,30.00,0.00,0,120
490.07,1547703250,11445.45,51.47474267,7.39542616,170.93,27.57,0.00,324.86,0,-109.00,-12.00,0.00,0.00,29.00,0.00,0,312
490.07,1547703250,11445.51,51.47474267,7.39542616,170.93,27.57,0.00,324.86,0,-106.00,-12.00,0.00,0.00,33.00,0.00,0,392
490.07,1547703250,11445.53,51.47474267,7.39542616,170.93,27.57,0.00,324.86,0,-106.00,-13.00,0.00,0.00,33.00,0.00,0,431
490.07,1547703250,11445.56,51.47474267,7.39542616,170.93,27.57,0.00,324.86,0,-107.00,-13.00,0.00,0.00,33.00,0.00,0,436
491.07,1547703251,11473.00,51.47495189,7.39520073,171.35,27.99,0.00,326.39,0,-106.00,-10.00,0.00,0.00,30.00,0.00,0,120
491.07,1547703251,11473.02,51.47495189,7.39520073,171.35,27.99,0.00,326.39,0,-109.00,-12.00,0.00,0.00,29.00,0.00,0,312
491.07,1547703251,11473.05,51.47495189,7.39520073,171.35,27.99,0.00,326.39,0,-106.00,-12.00,0.00,0.00,33.00,0.00,0,392
491.07,1547703251,11473.05,51.47495189,7.39520073,171.35,27.99,0.00,326.39,0,-106.00,-13.00,0.00,0.00,33.00,0.00,0,431
491.07,1547703251,11473.08,51.47495189,7.39520073,171.35,27.99,0.00,326.39,0,-107.00,-13.00,0.00,0.00,33.00,0.00,0,436
492.07,1547703252,11500.96,51.47516430,7.39498764,171.99,28.24,0.00,327.88,0,-107.00,-12.00,0.00,0.00,31.00,0.00,0,312
492.07,1547703252,11500.99,51.47516430,7.39498764,171.99,28.24,0.00,327.88,0,-111.00,-15.00,0.00,0.00,30.00,0.00,0,449
492.07,1547703252,11501.01,51.47516430,7.39498764,171.99,28.24,0.00,327.88,0,-112.00,-18.00,0.00,0.00,32.00,0.00,0,378
493.07,1547703253,11529.22,51.47538008,7.39478331,172.80,27.85,0.00,329.36,0,-107.00,-12.00,0.00,0.00,31.00,0.00,0,312
493.07,1547703253,11529.25,51.47538008,7.39478331,172.80,27.85,0.00,329.36,0,-111.00,-15.00,0.00,0.00,30.00,0.00,0,449
493.07,1547703253,11529.25,51.47538008,7.39478331,172.80,27.85,0.00,329.36,0,-112.00,-18.00,0.00,0.00,32.00,0.00,0,378
494.07,1547703254,11557.27,51.47559899,7.39457995,173.92,26.97,0.00,330.04,0,-100.00,-7.00,0.00,0.00,32.00,0.00,0,449
494.08,1547703254,11557.30,51.47559899,7.39457995,173.92,26.97,0.00,330.04,0,-94.00,-7.00,0.00,0.00,40.00,0.00,0,392
495.06,1547703255,11583.97,51.47580715,7.39439208,174.89,26.16,0.00,330.49,0,-100.00,-7.00,0.00,0.00,32.00,0.00,0,449
495.07,1547703255,11583.99,51.47580715,7.39439208,174.89,26.16,0.00,330.49,0,-94.00,-7.00,0.00,0.00,40.00,0.00,0,392
496.07,1547703256,11610.17,51.47600872,7.39421002,175.52,25.60,0.00,330.42,0,-100.00,-7.00,0.00,0.00,32.00,0.00,0,449
496.07,1547703256,11610.17,51.47600872,7.39421002,175.52,25.60,0.00,330.42,0,-94.00,-7.00,0.00,0.00,40.00,0.00,0,392
497.07,1547703257,11635.75,51.47620724,7.39403913,175.90,24.99,0.00,331.77,0,-97.00,-6.00,0.00,0.00,35.00,0.00,0,449
497.07,1547703257,11635.77,51.47620724,7.39403913,175.90,24.99,0.00,331.77,0,-89.00,-7.00,0.00,0.00,43.00,0.00,0,392
497.07,1547703257,11635.80,51.47620724,7.39403913,175.90,24.99,0.00,331.77,0,0.00,0.00,0.00,0.00,63.00,0.00,0,101
498.07,1547703258,11660.76,51.47640214,7.39388144,176.20,24.41,0.00,333.30,0,-97.00,-6.00,0.00,0.00,35.00,0.00,0,449
498.07,1547703258,11660.79,51.47640214,7.39388144,176.20,24.41,0.00,333.30,0,-89.00,-7.00,0.00,0.00,43.00,0.00,0,392
498.07,1547703258,11660.81,51.47640214,7.39388144,176.20,24.41,0.00,333.30,0,0.00,0.00,0.00,0.00,63.00,0.00,0,101
499.07,1547703259,11685.17,51.47659354,7.39373199,176.73,24.27,0.00,334.58,0,-104.00,-8.00,0.00,0.00,29.00,0.00,0,449
500.06,1547703260,11709.32,51.47678521,7.39358542,177.14,23.28,0.00,335.49,0,-104.00,-8.00,0.00,0.00,29.00,0.00,0,449
501.06,1547703261,11732.66,51.47697425,7.39345190,177.40,22.77,0.00,336.21,0,-111.00,-16.00,0.00,0.00,31.00,0.00,0,312
501.07,1547703261,11732.69,51.47697425,7.39345190,177.40,22.77,0.00,336.21,0,-113.00,-17.00,0.00,0.00,31.00,0.00,0,378
502.07,1547703262,11755.45,51.47716084,7.39332512,177.66,22.34,0.00,337.21,0,-111.00,-16.00,0.00,0.00,31.00,0.00,0,312
502.07,1547703262,11755.48,51.47716084,7.39332512,177.66,22.34,0.00,337.21,0,-113.00,-17.00,0.00,0.00,31.00,0.00,0,378
503.07,1547703263,11777.84,51.47733889,7.39321769,178.07,20.95,0.00,340.22,0,-108.00,-15.00,0.00,0.00,32.00,0.00,0,378
503.07,1547703263,11777.84,51.47733889,7.39321769,178.07,20.95,0.00,340.22,0,-108.00,-14.00,0.00,0.00,32.00,0.00,0,120
503.07,1547703263,11777.86,51.47733889,7.39321769,178.07,20.95,0.00,340.22,0,-112.00,-18.00,0.00,0.00,32.00,0.00,0,312
504.06,1547703264,11798.66,51.47751172,7.39313519,178.50,18.96,0.00,344.60,0,-108.00,-15.00,0.00,0.00,32.00,0.00,0,378
504.06,1547703264,11798.66,51.47751172,7.39313519,178.50,18.96,0.00,344.60,0,-108.00,-14.00,0.00,0.00,32.00,0.00,0,120
504.06,1547703264,11798.68,51.47751172,7.39313519,178.50,18.96,0.00,344.60,0,-112.00,-18.00,0.00,0.00,32.00,0.00,0,312
505.07,1547703265,11817.73,51.47767165,7.39306699,178.88,17.43,0.00,346.00,0,-104.00,-9.00,0.00,0.00,33.00,0.00,0,120
505.07,1547703265,11817.73,51.47767165,7.39306699,178.88,17.43,0.00,346.00,0,-108.00,-14.00,0.00,0.00,32.00,0.00,0,378
505.07,1547703265,11817.75,51.47767165,7.39306699,178.88,17.43,0.00,346.00,0,-109.00,-13.00,0.00,0.00,32.00,0.00,0,312
506.07,1547703266,11835.21,51.47782034,7.39302245,179.15,16.79,0.00,349.69,0,-104.00,-9.00,0.00,0.00,33.00,0.00,0,120
506.07,1547703266,11835.23,51.47782034,7.39302245,179.15,16.79,0.00,349.69,0,-108.00,-14.00,0.00,0.00,32.00,0.00,0,378
506.07,1547703266,11835.24,51.47782034,7.39302245,179.15,16.79,0.00,349.69,0,-109.00,-13.00,0.00,0.00,32.00,0.00,0,312
511.06,1547703271,11917.40,51.47855631,7.39326305,178.75,16.01,0.00,26.30,0,-103.00,-7.00,0.00,0.00,30.00,0.00,0,312
512.07,1547703272,11933.48,51.47868342,7.39337105,178.80,15.57,0.00,27.76,0,-103.00,-7.00,0.00,0.00,30.00,0.00,0,312
534.06,1547703294,12238.57,51.48081966,7.39493602,184.46,19.31,0.00,59.00,0,-85.00,-13.00,0.00,0.00,57.00,0.00,0,52
535.06,1547703295,12257.86,51.48090469,7.39516838,183.95,19.71,0.00,59.34,0,-85.00,-13.00,0.00,0.00,57.00,0.00,0,52
541.07,1547703301,12371.71,51.48141828,7.39655799,183.15,17.54,0.00,58.75,0,-86.00,-12.00,0.00,0.00,55.00,0.00,0,52
542.07,1547703302,12389.21,51.48150077,7.39676809,183.39,17.09,0.00,58.37,0,-86.00,-12.00,0.00,0.00,55.00,0.00,0,52
543.07,1547703303,12406.32,51.48158208,7.39696571,183.92,16.86,0.00,57.78,0,-104.00,-14.00,0.00,0.00,36.00,0.00,0,378
543.07,1547703303,12406.33,51.48158208,7.39696571,183.92,16.86,0.00,57.78,0,-92.00,-12.00,0.00,0.00,50.00,0.00,0,52
544.07,1547703304,12423.17,51.48166436,7.39716616,184.50,16.48,0.00,57.17,0,-104.00,-14.00,0.00,0.00,36.00,0.00,0,378
544.07,1547703304,12423.19,51.48166436,7.39716616,184.50,16.48,0.00,57.17,0,-92.00,-12.00,0.00,0.00,50.00,0.00,0,52
545.06,1547703305,12439.62,51.48174480,7.39735545,185.04,15.68,0.00,56.54,0,-93.00,-11.00,0.00,0.00,47.00,0.00,0,52
546.06,1547703306,12455.28,51.48182347,7.39753235,185.74,14.29,0.00,55.54,0,-93.00,-11.00,0.00,0.00,47.00,0.00,0,52
547.06,1547703307,12469.58,51.48189555,7.39768683,186.30,13.09,0.00,54.54,0,-100.00,-11.00,0.00,0.00,36.00,0.00,0,448
547.07,1547703307,12469.60,51.48189555,7.39768683,186.30,13.09,0.00,54.54,0,-87.00,-9.00,0.00,0.00,52.00,0.00,0,52
548.06,1547703308,12482.67,51.48197040,7.39784320,186.44,11.66,0.00,53.70,0,-100.00,-11.00,0.00,0.00,36.00,0.00,0,448
548.07,1547703308,12482.68,51.48197040,7.39784320,186.44,11.66,0.00,53.70,0,-87.00,-9.00,0.00,0.00,52.00,0.00,0,52
549.06,1547703309,12494.33,51.48203886,7.39797669,186.11,10.34,0.00,52.63,0,-99.00,-10.00,0.00,0.00,37.00,0.00,0,448
549.07,1547703309,12494.34,51.48203886,7.39797669,186.11,10.34,0.00,52.63,0,-88.00,-9.00,0.00,0.00,50.00,0.00,0,52
550.07,1547703310,12504.68,51.48209572,7.39808640,185.99,9.08,0.00,51.36,0,-99.00,-10.00,0.00,0.00,37.00,0.00,0,448
550.07,1547703310,12504.69,51.48209572,7.39808640,185.99,9.08,0.00,51.36,0,-88.00,-9.00,0.00,0.00,50.00,0.00,0,52
551.06,1547703311,12513.75,51.48214462,7.39817882,185.90,7.68,0.00,50.20,0,-96.00,-11.00,0.00,0.00,41.00,0.00,0,448
551.07,1547703311,12513.76,51.48214462,7.39817882,185.90,7.68,0.00,50.20,0,-81.00,-8.00,0.00,0.00,56.00,0.00,0,52
552.06,1547703312,12521.39,51.48218787,7.39825062,186.00,6.44,0.00,49.28,0,-96.00,-11.00,0.00,0.00,41.00,0.00,0,448
552.06,1547703312,12521.40,51.48218787,7.39825062,186.00,6.44,0.00,49.28,0,-81.00,-8.00,0.00,0.00,56.00,0.00,0,52
553.07,1547703313,12527.88,51.48222328,7.39830566,185.48,5.49,0.00,47.99,0,-89.00,-11.00,0.00,0.00,48.00,0.00,0,448
553.07,1547703313,12527.88,51.48222328,7.39830566,185.48,5.49,0.00,47.99,0,-80.00,-8.00,0.00,0.00,57.00,0.00,0,52
554.06,1547703314,12533.36,51.48225194,7.39835276,184.93,4.67,0.00,47.27,0,-89.00,-11.00,0.00,0.00,48.00,0.00,0,448
554.07,1547703314,12533.36,51.48225194,7.39835276,184.93,4.67,0.00,47.27,0,-80.00,-8.00,0.00,0.00,57.00,0.00,0,52
555.06,1547703315,12538.02,51.48227882,7.39839251,184.89,3.73,0.00,46.72,0,-92.00,-13.00,0.00,0.00,48.00,0.00,0,448
555.06,1547703315,12538.02,51.48227882,7.39839251,184.89,3.73,0.00,46.72,0,-85.00,-11.00,0.00,0.00,55.00,0.00,0,52
556.06,1547703316,12541.75,51.48229637,7.39841963,184.87,1.92,0.00,46.23,0,-92.00,-13.00,0.00,0.00,48.00,0.00,0,448
556.07,1547703316,12541.75,51.48229637,7.39841963,184.87,1.92,0.00,46.23,0,-85.00,-11.00,0.00,0.00,55.00,0.00,0,52
557.06,1547703317,12543.67,51.48229637,7.39841963,184.87,0.00,0.00,46.23,0,-87.00,-8.00,0.00,0.00,49.00,0.00,0,52
558.06,1547703318,12543.67,51.48229637,7.39841963,184.87,0.00,0.00,46.23,0,-87.00,-8.00,0.00,0.00,49.00,0.00,0,52
559.08,1547703319,12543.67,51.48229637,7.39841963,184.88,0.00,0.00,46.23,0,-97.00,-13.00,0.00,0.00,42.00,0.00,0,448
559.08,1547703319,12543.67,51.48229637,7.39841963,184.88,0.00,0.00,46.23,0,-85.00,-8.00,0.00,0.00,51.00,0.00,0,52
560.06,1547703320,12543.67,51.48229637,7.39841963,184.88,0.00,0.00,46.23,0,-97.00,-13.00,0.00,0.00,42.00,0.00,0,448
560.07,1547703320,12543.67,51.48229637,7.39841963,184.88,0.00,0.00,46.23,0,-85.00,-8.00,0.00,0.00,51.00,0.00,0,52
561.07,1547703321,12543.67,51.48229637,7.39841963,184.89,0.00,0.00,46.23,0,-97.00,-13.00,0.00,0.00,42.00,0.00,0,448
561.07,1547703321,12543.67,51.48229637,7.39841963,184.89,0.00,0.00,46.23,0,-85.00,-8.00,0.00,0.00,51.00,0.00,0,52
562.06,1547703322,12543.67,51.48229637,7.39841963,184.97,0.00,0.00,44.25,0,-84.00,-8.00,0.00,0.00,52.00,0.00,0,52
563.06,1547703323,12543.67,51.48233831,7.39848380,185.06,0.00,0.00,44.49,0,-84.00,-8.00,0.00,0.00,52.00,0.00,0,52
564.06,1547703324,12543.68,51.48237610,7.39854017,186.07,5.66,0.00,43.16,0,-96.00,-11.00,0.00,0.00,41.00,0.00,0,448
564.06,1547703324,12543.68,51.48237610,7.39854017,186.07,5.66,0.00,43.16,0,-90.00,-9.00,0.00,0.00,48.00,0.00,0,52
565.06,1547703325,12549.36,51.48242128,7.39860369,186.85,6.70,0.00,41.82,0,-96.00,-11.00,0.00,0.00,41.00,0.00,0,448
565.07,1547703325,12549.37,51.48242128,7.39860369,186.85,6.70,0.00,41.82,0,-90.00,-9.00,0.00,0.00,48.00,0.00,0,52
566.07,1547703326,12556.08,51.48247381,7.39867482,187.49,7.78,0.00,40.89,0,-99.00,-11.00,0.00,0.00,38.00,0.00,0,448
566.07,1547703326,12556.08,51.48247381,7.39867482,187.49,7.78,0.00,40.89,0,-92.00,-10.00,0.00,0.00,47.00,0.00,0,52
567.06,1547703327,12563.85,51.48254038,7.39875892,188.20,9.02,0.00,39.88,0,-99.00,-11.00,0.00,0.00,38.00,0.00,0,448
567.07,1547703327,12563.86,51.48254038,7.39875892,188.20,9.02,0.00,39.88,0,-92.00,-10.00,0.00,0.00,47.00,0.00,0,52
568.07,1547703328,12572.88,51.48260534,7.39883691,188.57,9.47,0.00,38.80,0,-98.00,-9.00,0.00,0.00,38.00,0.00,0,448
568.07,1547703328,12572.88,51.48260534,7.39883691,188.57,9.47,0.00,38.80,0,-92.00,-9.00,0.00,0.00,46.00,0.00,0,52
569.07,1547703329,12582.35,51.48267334,7.39891833,188.21,9.74,0.00,37.54,0,-98.00,-9.00,0.00,0.00,38.00,0.00,0,448
569.07,1547703329,12582.36,51.48267334,7.39891833,188.21,9.74,0.00,37.54,0,-92.00,-9.00,0.00,0.00,46.00,0.00,0,52
570.07,1547703330,12592.11,51.48273861,7.39899544,187.63,9.89,0.00,36.60,0,-89.00,-8.00,0.00,0.00,46.00,0.00,0,448
570.07,1547703330,12592.12,51.48273861,7.39899544,187.63,9.89,0.00,36.60,0,-86.00,-8.00,0.00,0.00,51.00,0.00,0,52
571.06,1547703331,12601.98,51.48281443,7.39908278,186.59,10.01,0.00,36.23,0,-89.00,-8.00,0.00,0.00,46.00,0.00,0,448
571.06,1547703331,12601.98,51.48281443,7.39908278,186.59,10.01,0.00,36.23,0,-86.00,-8.00,0.00,0.00,51.00,0.00,0,52
572.06,1547703332,12611.97,51.48289187,7.39917114,185.58,10.35,0.00,36.54,0,-93.00,-9.00,0.00,0.00,42.00,0.00,0,448
572.06,1547703332,12611.98,51.48289187,7.39917114,185.58,10.35,0.00,36.54,0,-87.00,-8.00,0.00,0.00,50.00,0.00,0,52
573.06,1547703333,12622.32,51.48296926,7.39925299,184.61,10.31,0.00,36.11,0,-93.00,-9.00,0.00,0.00,42.00,0.00,0,448
573.06,1547703333,12622.32,51.48296926,7.39925299,184.61,10.31,0.00,36.11,0,-87.00,-8.00,0.00,0.00,50.00,0.00,0,52
574.06,1547703334,12632.61,51.48305229,7.39933999,183.57,10.45,0.00,36.52,0,-85.00,-6.00,0.00,0.00,47.00,0.00,0,448
574.06,1547703334,12632.62,51.48305229,7.39933999,183.57,10.45,0.00,36.52,0,-79.00,-6.00,0.00,0.00,57.00,0.00,0,52
575.06,1547703335,12643.09,51.48313453,7.39942491,182.61,10.80,0.00,35.68,0,-85.00,-6.00,0.00,0.00,47.00,0.00,0,448
575.07,1547703335,12643.10,51.48313453,7.39942491,182.61,10.80,0.00,35.68,0,-79.00,-6.00,0.00,0.00,57.00,0.00,0,52
576.06,1547703336,12653.89,51.48321893,7.39950516,181.92,10.93,0.00,34.96,0,-90.00,-12.00,0.00,0.00,48.00,0.00,0,449
577.06,1547703337,12664.81,51.48330837,7.39959088,181.46,11.41,0.00,34.71,0,-90.00,-12.00,0.00,0.00,48.00,0.00,0,449
578.06,1547703338,12676.22,51.48340453,7.39968491,180.97,12.07,0.00,34.84,0,-96.00,-11.00,0.00,0.00,41.00,0.00,0,449
579.06,1547703339,12688.31,51.48349990,7.39978398,180.32,12.75,0.00,35.37,0,-96.00,-11.00,0.00,0.00,41.00,0.00,0,449
587.06,1547703347,12797.32,51.48428668,7.40070219,177.95,13.75,0.00,39.16,0,-99.00,-10.00,0.00,0.00,37.00,0.00,0,313
588.06,1547703348,12811.07,51.48436309,7.40080379,177.90,13.77,0.00,39.52,0,-99.00,-10.00,0.00,0.00,37.00,0.00,0,313
610.07,1547703370,13075.42,51.48615297,7.40226167,182.11,11.96,0.00,324.92,0,-93.00,-7.00,0.00,0.00,40.00,0.00,0,451
611.06,1547703371,13087.37,51.48624218,7.40216666,182.75,12.02,0.00,326.79,0,-93.00,-7.00,0.00,0.00,40.00,0.00,0,451
612.07,1547703372,13099.40,51.48633337,7.40207872,183.46,12.28,0.00,329.23,0,-97.00,-16.00,0.00,0.00,46.00,0.00,0,451
612.07,1547703372,13099.40,51.48633337,7.40207872,183.46,12.28,0.00,329.23,0,-98.00,-16.00,0.00,0.00,45.00,0.00,0,313
613.06,1547703373,13111.67,51.48643045,7.40199487,184.48,12.61,0.00,331.14,0,-97.00,-16.00,0.00,0.00,46.00,0.00,0,451
613.07,1547703373,13111.68,51.48643045,7.40199487,184.48,12.61,0.00,331.14,0,-98.00,-16.00,0.00,0.00,45.00,0.00,0,313
614.06,1547703374,13124.28,51.48652339,7.40192327,185.10,13.27,0.00,333.48,0,-97.00,-10.00,0.00,0.00,39.00,0.00,0,451
615.07,1547703375,13137.58,51.48663867,7.40184550,185.82,13.93,0.00,336.34,0,-97.00,-10.00,0.00,0.00,39.00,0.00,0,451
616.06,1547703376,13151.46,51.48674903,7.40178473,186.08,14.30,0.00,339.37,0,-95.00,-8.00,0.00,0.00,40.00,0.00,0,313
616.06,1547703376,13151.47,51.48674903,7.40178473,186.08,14.30,0.00,339.37,0,-98.00,-11.00,0.00,0.00,39.00,0.00,0,451
616.06,1547703376,13151.47,51.48674903,7.40178473,186.08,14.30,0.00,339.37,0,-101.00,-12.00,0.00,0.00,38.00,0.00,0,481
616.06,1547703376,13151.47,51.48674903,7.40178473,186.08,14.30,0.00,339.37,0,-102.00,-16.00,0.00,0.00,44.00,0.00,0,229
617.06,1547703377,13165.74,51.48686733,7.40173235,185.97,14.65,0.00,342.38,0,-95.00,-8.00,0.00,0.00,40.00,0.00,0,313
617.06,1547703377,13165.74,51.48686733,7.40173235,185.97,14.65,0.00,342.38,0,-98.00,-11.00,0.00,0.00,39.00,0.00,0,451
617.06,1547703377,13165.74,51.48686733,7.40173235,185.97,14.65,0.00,342.38,0,-101.00,-12.00,0.00,0.00,38.00,0.00,0,481
617.06,1547703377,13165.76,51.48686733,7.40173235,185.97,14.65,0.00,342.38,0,-102.00,-16.00,0.00,0.00,44.00,0.00,0,229
618.07,1547703378,13180.46,51.48700163,7.40168729,185.83,14.58,0.00,345.42,0,-89.00,-10.00,0.00,0.00,48.00,0.00,0,451
619.07,1547703379,13195.03,51.48713501,7.40165869,185.56,14.42,0.00,348.48,0,-89.00,-10.00,0.00,0.00,48.00,0.00,0,451
620.09,1547703380,13209.85,51.48726736,7.40164466,185.10,14.46,0.00,351.23,0,-90.00,-14.00,0.00,0.00,50.00,0.00,0,451
621.06,1547703381,13223.87,51.48740703,7.40163638,184.68,14.66,0.00,353.51,0,-90.00,-14.00,0.00,0.00,50.00,0.00,0,451
622.07,1547703382,13238.60,51.48754219,7.40164111,183.83,14.83,0.00,355.52,0,-87.00,-9.00,0.00,0.00,48.00,0.00,0,451
623.06,1547703383,13253.34,51.48768743,7.40165212,183.10,14.99,0.00,357.22,0,-87.00,-9.00,0.00,0.00,48.00,0.00,0,451
624.07,1547703384,13268.40,51.48782764,7.40166181,182.22,14.87,0.00,358.20,0,-87.00,-9.00,0.00,0.00,48.00,0.00,0,451
625.06,1547703385,13283.24,51.48795803,7.40167188,181.13,14.97,0.00,358.99,0,-91.00,-7.00,0.00,0.00,42.00,0.00,0,451
626.06,1547703386,13298.21,51.48809927,7.40167715,180.26,15.84,0.00,359.88,0,-91.00,-7.00,0.00,0.00,42.00,0.00,0,451
627.06,1547703387,13314.05,51.48824242,7.40168603,179.86,15.18,0.00,0.50,0,-83.00,-6.00,0.00,0.00,49.00,0.00,0,451
628.06,1547703388,13329.24,51.48837961,7.40169441,179.53,15.28,0.00,0.83,0,-83.00,-6.00,0.00,0.00,49.00,0.00,0,451
635.06,1547703395,13425.10,51.48918744,7.40174043,171.99,10.08,0.00,0.59,0,-86.00,-10.00,0.00,0.00,50.00,0.00,0,450
636.06,1547703396,13435.18,51.48926687,7.40174475,171.30,8.28,0.00,0.99,0,-86.00,-10.00,0.00,0.00,50.00,0.00,0,450
637.06,1547703397,13443.46,51.48933505,7.40175367,171.26,5.89,0.00,3.36,0,-82.00,-9.00,0.00,0.00,52.00,0.00,0,450
638.06,1547703398,13449.34,51.48938810,7.40181085,170.85,5.97,0.00,40.54,0,-82.00,-9.00,0.00,0.00,52.00,0.00,0,450
639.06,1547703399,13455.32,51.48941007,7.40190156,171.34,7.26,0.00,69.92,0,-83.00,-9.00,0.00,0.00,54.00,0.00,0,450
640.07,1547703400,13462.59,51.48941482,7.40202044,171.82,8.53,0.00,87.90,0,-83.00,-9.00,0.00,0.00,54.00,0.00,0,450
641.06,1547703401,13471.11,51.48941677,7.40214650,172.30,9.50,0.00,88.32,0,-85.00,-9.00,0.00,0.00,50.00,0.00,0,450
642.06,1547703402,13480.61,51.48941846,7.40228938,172.99,10.56,0.00,89.17,0,-85.00,-9.00,0.00,0.00,50.00,0.00,0,450
643.07,1547703403,13491.24,51.48942053,7.40247814,174.22,11.59,0.00,89.78,0,-82.00,-9.00,0.00,0.00,53.00,0.00,0,450
644.06,1547703404,13502.74,51.48941976,7.40265669,175.22,12.57,0.00,90.50,0,-82.00,-9.00,0.00,0.00,53.00,0.00,0,450
645.06,1547703405,13515.31,51.48942024,7.40284561,176.24,13.46,0.00,90.35,0,-82.00,-9.00,0.00,0.00,53.00,0.00,0,450
658.06,1547703418,13700.16,51.48942046,7.40551967,182.95,13.61,0.00,86.84,0,-71.00,-9.00,0.00,0.00,63.00,0.00,0,452
659.06,1547703419,13713.77,51.48943027,7.40569914,182.78,13.67,0.00,84.63,0,-71.00,-9.00,0.00,0.00,63.00,0.00,0,452
660.06,1547703420,13727.43,51.48944704,7.40588041,182.51,13.77,0.00,82.66,0,-76.00,-10.00,0.00,0.00,59.00,0.00,0,452
661.06,1547703421,13741.17,51.48947031,7.40607102,182.08,13.77,0.00,81.09,0,-76.00,-10.00,0.00,0.00,59.00,0.00,0,452
662.06,1547703422,13754.92,51.48949951,7.40626408,181.91,13.78,0.00,79.95,0,-76.00,-12.00,0.00,0.00,62.00,0.00,0,452
663.06,1547703423,13768.76,51.48953039,7.40646845,181.80,13.66,0.00,79.13,0,-76.00,-12.00,0.00,0.00,62.00,0.00,0,452
664.07,1547703424,13782.52,51.48956217,7.40666087,181.58,13.70,0.00,78.65,0,-80.00,-13.00,0.00,0.00,61.00,0.00,0,452
665.06,1547703425,13796.10,51.48958863,7.40683926,181.05,13.70,0.00,78.11,0,-80.00,-13.00,0.00,0.00,61.00,0.00,0,452
666.06,1547703426,13809.81,51.48961747,7.40702207,180.21,13.60,0.00,77.33,0,-80.00,-13.00,0.00,0.00,61.00,0.00,0,452
669.06,1547703429,13850.60,51.48969935,7.40759435,177.84,13.69,0.00,78.66,0,-82.00,-12.00,0.00,0.00,57.00,0.00,0,452
670.07,1547703430,13864.32,51.48972530,7.40779017,177.14,13.94,0.00,78.99,0,-82.00,-12.00,0.00,0.00,57.00,0.00,0,452
671.06,1547703431,13878.20,51.48975089,7.40799612,176.49,13.99,0.00,78.44,0,-83.00,-11.00,0.00,0.00,54.00,0.00,0,452
672.06,1547703432,13892.16,51.48977727,7.40822159,176.19,14.11,0.00,78.58,0,-83.00,-11.00,0.00,0.00,54.00,0.00,0,452
673.06,1547703433,13906.28,51.48980254,7.40842497,176.00,14.30,0.00,78.05,0,-84.00,-15.00,0.00,0.00,58.00,0.00,0,452
674.06,1547703434,13920.63,51.48982855,7.40862251,175.81,14.62,0.00,77.68,0,-84.00,-15.00,0.00,0.00,58.00,0.00,0,452
675.06,1547703435,13935.24,51.48985740,7.40883862,175.43,14.88,0.00,77.11,0,-83.00,-10.00,0.00,0.00,53.00,0.00,0,452
676.06,1547703436,13950.13,51.48988544,7.40904800,174.92,15.14,0.00,77.32,0,-83.00,-10.00,0.00,0.00,53.00,0.00,0,452
677.06,1547703437,13965.27,51.48991421,7.40926036,174.32,15.31,0.00,77.14,0,-88.00,-11.00,0.00,0.00,49.00,0.00,0,452
678.06,1547703438,13980.58,51.48994302,7.40947675,173.64,15.50,0.00,77.20,0,-88.00,-11.00,0.00,0.00,49.00,0.00,0,452
679.06,1547703439,13996.08,51.48996936,7.40969723,172.89,15.68,0.00,78.11,0,-92.00,-10.00,0.00,0.00,44.00,0.00,0,452
680.07,1547703440,14011.85,51.48999651,7.40992185,172.12,15.82,0.00,77.79,0,-92.00,-10.00,0.00,0.00,44.00,0.00,0,452
681.06,1547703441,14027.58,51.49002381,7.41014287,171.40,15.60,0.00,78.16,0,-90.00,-9.00,0.00,0.00,44.00,0.00,0,452
682.06,1547703442,14043.17,51.49005239,7.41036590,170.65,15.20,0.00,78.86,0,-90.00,-9.00,0.00,0.00,44.00,0.00,0,452
683.06,1547703443,14058.38,51.49007740,7.41056878,170.05,14.76,0.00,78.10,0,-91.00,-11.00,0.00,0.00,46.00,0.00,0,452
684.06,1547703444,14073.13,51.49010390,7.41077092,169.47,14.72,0.00,78.13,0,-91.00,-11.00,0.00,0.00,46.00,0.00,0,452
685.07,1547703445,14087.96,51.49012902,7.41096820,168.86,14.02,0.00,77.36,0,-93.00,-9.00,0.00,0.00,42.00,0.00,0,452
686.06,1547703446,14101.87,51.49016077,7.41116078,168.79,13.66,0.00,76.96,0,-93.00,-9.00,0.00,0.00,42.00,0.00,0,452
687.06,1547703447,14115.54,51.49018859,7.41134245,168.85,13.27,0.00,77.01,0,-93.00,-9.00,0.00,0.00,42.00,0.00,0,452
688.06,1547703448,14128.82,51.49021201,7.41150542,167.93,12.27,0.00,77.10,0,-93.00,-9.00,0.00,0.00,42.00,0.00,0,452
